20 99 478.0094141332365 medium
0 652 895
1 291 212
2 627 546
3 400 82
4 370 404
5 674 407
6 398 230
7 197 859
8 982 367
9 867 261
10 168 139
11 596 140
12 445 988
13 256 880
14 559 467
15 279 446
16 253 402
17 981 401
18 80 71
19 321 314
8 17
15 16
7 13
4 15
4 19
2 14
1 19
1 6
10 18
16 19
6 19
4 16
5 14
15 19
1 10
2 5
3 6
8 9
1 3
4 6
9 17
1 16
4 14
3 11
1 4
6 11
12 13
6 16
0 12
10 19
1 15
3 10
5 9
3 19
6 15
6 10
1 18
10 16
5 11
7 12
14 15
14 19
6 14
2 4
9 11
4 5
5 17
5 8
14 16
1 11
3 18
3 4
11 19
10 15
5 6
11 14
4 10
18 19
4 11
0 2
3 16
6 18
2 15
5 19
1 14
9 14
2 9
16 18
2 17
3 15
2 19
2 6
0 13
5 15
2 8
2 16
2 11
3 14
5 16
7 15
15 18
3 5
14 17
10 11
1 5
11 16
13 15
8 14
0 14
11 15
4 18
8 11
0 7
7 16
11 17
6 9
1 2
2 12
13 16
