20 96 465.45031958308937 medium
0 668 55
1 983 47
2 96 715
3 23 69
4 495 735
5 265 235
6 262 190
7 99 713
8 639 78
9 113 769
10 772 771
11 348 597
12 31 375
13 311 143
14 477 457
15 583 100
16 981 784
17 434 451
18 113 488
19 168 457
2 7
0 8
14 17
5 6
2 9
7 9
8 15
18 19
6 13
0 15
5 13
12 18
12 19
11 17
11 14
4 11
10 16
7 18
2 18
11 19
5 19
11 18
7 19
17 19
2 19
3 6
5 12
5 17
7 11
13 15
2 11
4 14
4 10
9 18
6 19
4 17
9 11
3 5
5 18
6 12
3 13
3 12
5 14
14 19
6 17
0 1
9 19
17 18
13 17
6 18
6 15
8 13
6 14
7 12
13 19
1 8
5 15
2 12
13 14
12 13
14 18
0 13
5 11
14 15
15 17
4 9
11 12
6 8
4 7
13 18
2 4
9 12
1 15
5 8
12 17
8 14
3 19
6 11
7 17
8 17
0 6
3 18
2 17
4 19
10 14
0 5
0 14
9 17
12 14
4 18
11 13
7 14
10 11
0 17
2 14
10 17
