20 89 615.70934701367 medium
0 717 142
1 358 535
2 575 997
3 23 821
4 955 211
5 907 975
6 711 512
7 791 241
8 628 906
9 25 130
10 354 364
11 166 1
12 876 240
13 46 994
14 152 672
15 845 901
16 943 711
17 777 887
18 219 803
19 775 82
15 17
0 19
4 12
7 12
5 15
2 8
0 7
14 18
8 17
5 17
7 19
4 7
1 10
3 13
0 12
12 19
9 11
3 18
3 14
15 16
8 15
4 19
2 17
16 17
1 14
0 4
13 18
5 16
6 7
2 15
5 8
1 18
6 16
6 12
2 5
13 14
1 6
10 14
0 6
8 16
6 17
6 10
4 6
6 8
9 10
2 18
10 11
6 15
8 18
0 10
6 19
1 3
7 10
1 8
10 18
2 16
12 16
7 16
4 16
5 6
2 6
10 19
1 2
1 7
1 9
2 13
8 14
0 1
2 14
10 12
1 17
1 13
9 14
3 10
17 18
1 11
0 11
6 18
2 3
6 14
8 13
1 12
8 10
1 15
1 16
3 8
0 16
11 19
1 19
