20 98 526.9724850502159 medium
0 871 346
1 753 652
2 852 401
3 369 66
4 262 281
5 702 640
6 894 917
7 365 398
8 825 134
9 84 32
10 251 853
11 255 545
12 933 37
13 624 155
14 98 437
15 793 660
16 478 535
17 728 921
18 363 592
19 343 860
1 15
1 5
0 2
10 19
5 15
11 18
16 18
8 12
4 7
6 17
7 16
7 11
11 14
7 18
8 13
0 8
11 16
4 14
3 4
5 16
4 11
2 15
2 8
18 19
15 17
1 2
7 14
3 13
1 17
6 15
2 5
5 17
10 18
3 9
1 16
1 6
4 9
14 18
10 11
0 13
0 12
0 15
4 18
11 19
0 1
12 13
3 7
4 16
2 13
5 6
15 16
0 5
5 18
16 19
7 13
2 12
4 13
17 19
10 16
14 16
1 18
2 16
9 14
13 16
5 7
5 19
15 18
0 16
10 14
5 11
3 14
1 19
16 17
3 8
7 9
7 19
1 7
7 10
3 16
10 17
2 7
14 19
5 13
17 18
3 11
15 19
5 10
7 15
0 7
13 18
1 11
1 13
2 6
5 8
1 8
2 18
3 18
8 15
