20 96 474.51027386137804 medium
0 849 406
1 603 51
2 446 998
3 308 320
4 702 626
5 990 750
6 734 742
7 595 182
8 82 573
9 754 366
10 611 458
11 95 972
12 894 288
13 536 888
14 942 437
15 458 948
16 621 546
17 782 696
18 253 758
19 120 820
2 15
6 17
10 16
0 14
13 15
0 9
4 17
4 16
4 6
0 12
1 7
2 13
18 19
11 19
12 14
9 12
9 10
4 10
9 14
5 17
16 17
9 16
6 16
7 9
0 10
6 13
8 19
8 18
5 6
0 4
4 9
11 18
0 16
7 10
15 18
10 17
0 17
14 17
4 14
2 18
6 10
4 13
13 18
13 17
4 5
5 14
7 12
3 7
10 12
9 17
10 14
3 10
0 7
14 16
3 8
6 15
1 9
2 11
13 16
0 6
15 19
11 15
7 16
6 14
2 19
0 5
1 12
12 16
6 9
2 6
3 16
4 12
8 11
1 3
4 15
1 10
15 17
13 19
5 16
12 17
16 18
7 14
0 1
15 16
10 13
3 18
3 9
11 13
5 9
2 4
2 17
4 7
10 18
4 18
5 12
5 13
