20 86 478.20497697117287 medium
0 997 219
1 401 463
2 614 838
3 677 280
4 270 970
5 114 309
6 839 902
7 957 420
8 380 913
9 100 258
10 912 464
11 380 927
12 310 860
13 755 96
14 455 740
15 116 629
16 294 620
17 655 692
18 634 366
19 511 173
8 11
5 9
7 10
8 12
3 18
11 12
4 12
4 11
4 8
2 17
15 16
2 14
12 14
8 14
1 16
3 19
3 13
14 16
11 14
0 7
14 17
18 19
2 6
12 16
2 8
2 11
1 18
13 19
0 10
0 13
6 17
1 14
10 18
4 14
13 18
3 10
12 15
2 12
8 16
1 19
3 7
11 16
5 15
1 5
0 3
17 18
7 18
1 15
1 3
1 17
10 17
4 16
8 17
14 15
5 16
11 17
1 9
16 17
2 4
9 15
4 15
7 13
12 17
2 16
8 15
0 18
11 15
10 13
7 17
1 12
9 16
3 17
14 18
6 14
5 19
9 19
16 18
1 2
6 10
1 8
6 8
6 11
1 11
2 18
4 17
2 10
