20 97 550.8729436085965 medium
0 963 609
1 877 570
2 55 388
3 717 363
4 864 345
5 970 998
6 41 360
7 866 595
8 742 281
9 651 723
10 876 473
11 231 464
12 908 20
13 720 808
14 34 511
15 106 903
16 948 604
17 327 123
18 697 216
19 265 352
0 16
1 7
2 6
1 16
8 18
7 16
3 8
0 1
1 10
0 7
9 13
11 19
7 10
2 14
4 10
4 8
3 4
3 18
10 16
6 14
0 10
2 11
3 10
11 14
4 18
2 19
6 11
6 19
1 4
8 10
17 19
4 7
7 9
7 13
1 3
4 16
1 9
3 7
14 19
0 4
1 13
12 18
13 16
8 12
10 18
5 13
0 13
1 8
9 16
4 12
0 9
3 16
9 10
7 8
0 3
11 17
3 9
10 13
6 17
2 17
17 18
8 16
0 5
3 12
5 16
0 8
1 18
14 15
7 18
5 7
5 9
4 9
1 5
8 17
3 13
8 9
3 19
18 19
10 12
11 15
3 17
16 18
0 18
8 19
4 13
14 17
9 11
3 11
9 18
2 15
8 13
11 18
5 10
9 19
8 11
6 15
1 12
