20 92 416.50930361757827 medium
0 438 194
1 32 710
2 554 315
3 767 609
4 798 256
5 378 534
6 407 889
7 870 457
8 326 245
9 186 952
10 430 811
11 15 272
12 488 291
13 529 314
14 589 598
15 350 515
16 973 768
17 667 287
18 555 887
19 371 517
5 19
15 19
2 13
5 15
12 13
2 12
6 10
0 12
2 17
0 8
4 17
13 17
10 18
6 18
0 13
0 2
8 12
3 14
12 17
3 7
4 7
8 13
5 14
6 9
14 19
2 8
0 17
2 4
14 15
12 19
13 19
3 16
12 15
7 17
10 14
5 12
5 13
13 15
8 15
2 19
4 13
8 19
2 5
9 10
5 10
2 14
2 15
1 9
13 14
14 18
5 8
10 19
10 15
4 12
8 11
7 14
14 17
12 14
7 16
0 19
0 15
3 17
6 14
8 17
0 5
2 7
3 18
3 4
5 6
2 3
0 4
7 13
1 15
6 19
9 18
17 19
6 15
3 13
5 17
1 5
1 19
15 17
3 10
5 18
3 5
4 14
3 19
1 10
18 19
11 15
1 6
7 12
