20 95 476.0672221441001 medium
0 421 412
1 809 998
2 842 857
3 554 424
4 854 716
5 266 966
6 924 675
7 833 617
8 839 336
9 853 541
10 907 114
11 435 189
12 19 822
13 922 293
14 414 795
15 9 866
16 930 716
17 562 820
18 634 739
19 972 880
6 16
12 15
4 16
7 9
4 6
8 13
4 7
6 7
17 18
2 19
0 3
7 16
2 4
1 2
14 17
6 9
2 16
16 19
4 9
10 13
9 16
2 6
1 19
4 19
8 9
6 19
4 18
0 11
5 14
14 18
8 10
7 18
2 18
2 7
9 13
3 11
5 15
7 8
2 17
1 4
5 12
9 18
16 18
6 18
7 19
3 8
1 17
1 16
4 17
1 18
2 9
3 9
3 18
5 17
7 13
7 17
3 7
1 6
6 8
9 19
18 19
4 8
1 7
6 13
16 17
0 14
6 17
0 18
3 13
8 16
12 14
3 17
3 14
9 17
14 15
17 19
3 4
13 16
0 8
4 13
8 11
9 10
0 17
5 18
2 14
1 14
4 14
3 6
0 9
8 18
7 14
1 9
0 7
3 10
3 16
