20 96 577.4296493946254 medium
0 78 901
1 280 977
2 971 917
3 172 975
4 511 284
5 885 708
6 655 940
7 176 788
8 51 811
9 671 661
10 735 390
11 402 667
12 797 63
13 47 648
14 996 864
15 349 326
16 54 303
17 744 361
18 224 119
19 407 601
10 17
2 14
11 19
0 8
1 3
0 3
7 8
0 7
8 13
4 15
3 7
7 13
5 14
3 8
1 7
0 1
5 9
2 5
15 18
4 17
4 10
16 18
0 13
7 11
9 11
9 19
9 10
6 9
15 19
1 8
15 16
7 19
12 17
9 17
2 6
5 6
4 18
10 12
1 11
4 19
13 16
11 15
6 14
3 13
5 10
11 13
4 12
13 19
6 11
5 17
1 6
8 11
9 14
3 11
10 19
10 15
2 9
15 17
1 19
4 11
0 11
1 13
4 9
8 19
17 19
6 19
10 11
13 15
3 19
0 19
4 16
11 17
16 19
9 15
3 6
5 11
5 19
7 15
7 16
6 7
1 9
11 16
8 16
7 9
18 19
12 15
10 14
6 10
13 18
14 17
4 5
8 15
17 18
12 18
11 18
2 10
