20 95 544.5291544077323 medium
0 204 342
1 874 543
2 302 680
3 852 355
4 679 382
5 247 573
6 639 779
7 560 530
8 160 992
9 703 262
10 50 582
11 816 334
12 100 281
13 586 678
14 902 143
15 102 30
16 47 355
17 231 141
18 28 24
19 418 868
3 11
15 18
12 16
6 13
2 5
0 12
4 9
9 11
4 11
7 13
0 16
15 17
3 4
3 9
1 3
4 7
12 17
5 10
0 17
11 14
1 11
3 14
2 19
10 16
9 14
17 18
0 5
6 19
12 15
1 4
13 19
6 7
12 18
2 10
16 17
2 13
0 10
8 19
5 16
2 7
7 9
10 12
4 13
1 7
5 7
1 13
7 11
4 14
5 12
0 15
1 9
15 16
16 18
1 6
3 7
5 19
2 8
2 6
0 2
5 13
0 18
7 19
4 6
1 14
0 7
2 16
11 13
3 13
8 10
5 8
9 13
5 17
5 6
2 12
10 19
4 5
3 6
0 4
10 17
6 11
2 4
9 17
0 9
4 17
0 13
7 17
7 10
7 14
6 9
7 12
6 8
8 13
7 16
2 17
10 13
