20 92 460.5084146896775 medium
0 337 666
1 353 158
2 841 505
3 155 704
4 474 257
5 357 551
6 360 509
7 724 700
8 800 285
9 125 943
10 473 674
11 272 17
12 224 475
13 978 527
14 450 271
15 983 63
16 313 568
17 269 758
18 634 240
19 494 999
4 14
5 6
5 16
6 16
0 16
0 17
0 5
3 17
12 16
0 10
2 13
6 12
1 14
5 12
1 4
0 6
4 18
1 11
5 10
8 18
0 3
14 18
10 16
16 17
6 10
3 16
10 17
0 12
2 8
5 17
2 7
9 17
3 12
3 9
7 10
3 5
6 14
6 17
4 6
3 6
12 17
8 15
1 18
5 14
8 13
12 14
7 13
11 14
4 11
4 5
10 12
3 10
10 19
14 16
4 8
17 19
4 12
2 18
1 12
0 9
4 16
8 14
1 6
0 19
9 19
7 19
6 18
0 7
15 18
1 5
5 7
10 14
2 10
0 14
6 7
1 16
5 18
4 10
9 16
7 8
11 18
0 4
7 16
9 10
2 4
13 18
3 19
5 9
2 14
7 17
16 18
11 12
