20 81 417.388308413161 medium
0 282 825
1 318 566
2 512 47
3 598 875
4 523 794
5 160 618
6 61 755
7 91 108
8 880 324
9 834 555
10 42 735
11 391 602
12 797 712
13 355 269
14 511 647
15 732 262
16 958 210
17 538 795
18 581 805
19 399 552
4 17
6 10
17 18
11 19
4 18
3 18
1 11
1 19
3 17
3 4
11 14
8 16
14 19
4 14
14 17
8 15
9 12
5 10
1 5
5 6
14 18
1 14
5 11
0 6
15 16
4 11
12 18
8 9
0 5
11 17
0 4
3 14
5 19
0 11
0 10
3 12
0 17
0 1
2 13
4 19
12 17
11 18
17 19
4 12
13 19
0 14
12 14
0 19
1 13
0 18
1 4
2 15
7 13
9 15
18 19
1 17
1 6
0 3
1 10
11 13
9 14
3 11
5 14
1 18
9 18
6 11
9 16
10 11
13 15
3 19
9 17
4 9
6 19
8 12
3 9
5 13
10 19
4 5
13 14
1 3
5 17
