20 92 477.36987755827244 medium
0 950 93
1 535 28
2 676 565
3 809 150
4 690 439
5 203 308
6 388 800
7 144 627
8 852 110
9 458 636
10 229 509
11 124 430
12 107 284
13 591 780
14 755 638
15 813 139
16 122 691
17 142 802
18 515 786
19 540 259
3 15
8 15
3 8
7 16
13 18
5 12
0 8
2 14
16 17
2 4
6 18
10 11
0 15
5 11
7 10
11 12
0 3
9 18
7 17
6 9
9 13
7 11
5 10
6 13
4 14
10 16
13 14
2 9
1 19
2 13
4 19
6 17
10 12
11 16
9 10
2 18
14 18
6 16
3 19
9 14
15 19
6 7
1 15
1 3
4 9
10 17
3 4
7 9
4 15
5 7
1 8
6 10
2 19
9 16
5 19
7 12
8 19
4 13
9 17
4 8
2 6
11 17
17 18
9 19
4 18
5 16
9 11
10 18
10 19
6 14
7 18
16 18
12 16
5 9
0 1
0 4
12 19
1 5
14 19
2 3
1 4
0 19
2 15
13 17
11 19
2 10
10 13
6 11
4 10
4 6
7 13
13 16
