20 98 562.3735413406289 medium
0 473 882
1 333 404
2 312 435
3 799 55
4 805 346
5 299 752
6 799 269
7 150 661
8 185 785
9 40 723
10 655 52
11 841 602
12 36 19
13 950 272
14 352 499
15 190 263
16 361 378
17 829 939
18 102 109
19 867 34
1 2
1 16
3 19
2 16
2 14
4 6
1 14
12 18
5 8
14 16
7 9
7 8
3 10
6 13
8 9
4 13
5 7
15 18
1 15
15 16
2 15
10 19
3 6
0 5
6 19
13 19
5 14
4 11
7 14
6 10
5 9
3 13
2 7
14 15
12 15
3 4
0 8
1 7
2 5
4 19
4 10
8 14
6 11
11 17
11 13
1 5
7 16
0 17
10 13
2 8
16 18
1 18
5 16
9 14
2 18
0 7
2 9
7 15
0 14
1 8
1 9
10 16
8 16
4 16
6 16
0 9
0 11
14 18
9 16
0 2
1 4
1 10
4 14
9 15
12 16
1 6
1 12
0 1
2 12
11 14
2 4
5 15
6 14
10 15
2 10
2 6
0 16
8 15
11 16
10 14
3 16
1 11
3 11
7 18
2 11
10 18
5 17
5 11
