20 100 501.47183370554325 medium
0 837 984
1 916 768
2 937 886
3 681 459
4 329 303
5 443 592
6 735 620
7 883 599
8 881 218
9 796 624
10 688 16
11 136 141
12 512 883
13 443 282
14 0 517
15 607 521
16 968 976
17 212 110
18 668 817
19 342 444
6 9
11 17
7 9
2 16
3 15
4 13
1 2
0 16
0 2
4 19
6 7
6 15
12 18
3 6
1 7
5 15
5 19
1 9
13 19
3 9
6 18
1 16
9 15
4 17
0 1
9 18
1 6
0 18
3 7
4 11
1 18
3 5
15 19
2 18
8 10
7 15
13 17
13 15
2 7
5 6
3 13
2 9
5 12
15 18
7 18
5 13
4 5
3 8
5 18
2 6
11 13
3 19
16 18
0 12
6 12
14 19
4 15
5 9
3 18
17 19
10 13
0 9
11 19
12 15
0 6
7 8
9 12
3 4
7 16
0 7
1 3
9 16
4 14
1 15
11 14
8 15
8 9
1 12
2 12
6 16
6 8
6 19
5 7
8 13
3 10
6 13
5 14
3 12
14 17
4 10
12 16
7 12
12 19
10 17
9 19
9 13
2 15
18 19
2 3
13 14
