20 90 438.77215043801493 medium
0 248 877
1 547 882
2 729 653
3 671 423
4 997 471
5 481 787
6 48 65
7 712 656
8 960 646
9 110 115
10 342 726
11 573 268
12 629 924
13 280 855
14 964 471
15 750 737
16 76 548
17 307 668
18 907 665
19 740 699
2 7
4 14
0 13
15 19
2 19
7 19
8 18
10 17
6 9
2 15
7 15
1 12
1 5
10 13
5 10
18 19
15 18
8 14
0 10
2 18
4 8
3 11
13 17
7 18
5 12
14 18
5 17
5 13
4 18
0 17
12 15
8 19
8 15
2 8
3 7
2 3
7 8
1 15
0 5
12 19
1 10
16 17
5 7
1 19
1 13
5 19
5 15
1 7
7 12
2 5
3 19
2 12
1 2
3 14
2 14
0 1
7 14
14 19
10 16
1 17
3 15
2 4
3 4
3 18
4 7
14 15
4 19
10 12
12 13
4 15
3 8
13 16
0 16
7 10
12 18
0 12
2 10
10 19
7 17
10 15
3 5
12 17
7 11
2 11
1 18
2 17
8 12
17 19
9 16
3 17
