20 91 532.3532661682466 medium
0 818 172
1 827 290
2 18 19
3 467 921
4 716 863
5 72 131
6 218 707
7 72 499
8 782 872
9 25 820
10 500 969
11 670 474
12 417 340
13 205 584
14 751 661
15 174 201
16 675 334
17 597 657
18 87 155
19 308 728
5 18
3 10
4 8
6 19
15 18
0 1
6 13
5 15
2 5
11 16
2 18
14 17
7 13
1 16
13 19
11 17
11 14
4 14
8 14
0 16
6 9
4 17
2 15
4 10
1 11
3 19
6 7
3 4
12 16
12 15
8 17
11 12
3 17
9 13
9 19
17 19
8 10
10 19
7 15
3 8
12 13
7 9
10 17
3 6
7 19
16 17
14 16
0 11
7 18
12 17
5 7
12 18
1 14
7 12
6 17
13 15
6 10
3 14
4 11
10 14
13 17
12 19
5 12
1 12
8 11
6 12
3 13
4 19
1 17
0 12
11 19
13 18
14 19
3 9
12 14
5 13
11 13
2 7
10 13
3 11
0 14
8 19
9 10
6 15
6 11
2 12
15 16
4 6
10 11
4 16
13 16
