20 89 400.8989897717379 medium
0 485 426
1 535 306
2 297 981
3 407 81
4 155 304
5 582 582
6 951 817
7 290 657
8 595 961
9 420 195
10 681 918
11 736 254
12 427 597
13 216 279
14 538 349
15 379 695
16 976 243
17 152 345
18 281 201
19 515 207
4 17
1 14
4 13
13 17
0 14
9 19
8 10
7 15
1 19
13 18
12 15
3 9
0 1
9 18
14 19
7 12
5 12
1 9
4 18
3 19
3 18
0 12
0 5
17 18
9 14
1 11
11 14
9 13
0 19
11 19
5 15
18 19
5 14
0 9
11 16
1 3
12 14
1 18
3 13
1 5
4 9
6 10
0 15
14 18
2 15
3 14
2 8
5 7
0 7
0 18
0 11
0 13
9 17
13 19
1 12
1 13
9 11
2 7
13 14
3 4
7 17
8 15
0 17
5 10
0 4
0 3
5 11
3 17
3 11
4 19
12 17
10 15
4 7
5 8
1 4
14 15
5 19
12 13
6 8
1 17
7 13
4 14
14 17
17 19
2 10
7 14
4 12
12 19
8 12
