20 94 584.7093294962891 medium
0 87 982
1 855 375
2 55 154
3 585 822
4 318 330
5 969 129
6 220 705
7 252 381
8 468 324
9 933 382
10 797 412
11 229 964
12 734 50
13 401 925
14 595 985
15 952 533
16 925 992
17 624 907
18 781 108
19 125 712
1 10
12 18
1 9
14 17
4 7
3 17
6 19
9 10
0 11
4 8
9 15
3 14
11 13
1 15
5 18
10 15
13 14
3 13
7 8
13 17
5 12
5 9
6 11
1 5
11 19
0 19
1 18
6 13
2 7
10 18
0 6
16 17
9 18
2 4
0 13
6 7
14 16
5 10
8 10
1 12
13 19
7 19
11 14
10 12
3 16
8 18
8 12
3 11
3 6
9 12
4 6
1 8
11 17
5 15
4 19
2 8
6 17
6 8
15 18
15 16
3 10
3 15
6 14
8 9
3 19
4 10
15 17
4 12
0 14
3 8
4 18
8 19
1 3
0 3
10 17
8 15
13 16
12 15
17 19
5 8
1 4
0 17
14 19
7 10
3 7
3 4
3 9
2 19
7 13
2 6
14 15
1 17
7 11
7 12
