20 92 552.5803109051209 medium
0 239 429
1 112 83
2 61 979
3 862 764
4 104 813
5 929 901
6 731 317
7 878 575
8 55 195
9 540 473
10 553 608
11 425 719
12 793 176
13 137 106
14 377 240
15 336 973
16 158 122
17 561 278
18 154 237
19 724 673
13 16
1 13
1 16
8 18
16 18
8 13
1 8
8 16
13 18
9 10
3 5
6 12
1 18
3 19
10 11
2 4
6 17
7 19
10 19
14 17
3 7
9 17
0 18
14 18
0 14
6 9
14 16
12 17
11 15
9 11
9 19
13 14
2 15
4 15
9 14
6 7
0 8
11 19
0 9
5 19
1 14
0 16
8 14
7 10
5 7
10 17
4 11
0 13
6 10
0 11
3 10
7 9
0 17
6 19
0 10
6 14
0 1
9 12
0 4
10 14
7 12
17 18
12 14
10 15
17 19
16 17
3 9
7 17
3 11
2 11
9 18
13 17
11 17
3 6
7 11
5 10
11 14
1 17
15 19
4 10
10 12
12 19
0 6
6 11
8 17
9 16
5 11
9 15
0 19
10 18
9 13
0 15
