20 99 495.880025812696 medium
0 577 22
1 245 105
2 224 655
3 4 481
4 580 793
5 174 570
6 758 465
7 607 315
8 700 794
9 303 812
10 580 595
11 630 974
12 239 859
13 275 324
14 582 790
15 5 86
16 430 649
17 999 887
18 275 442
19 777 290
4 14
9 12
2 5
13 18
8 14
4 8
10 16
5 18
7 19
2 9
6 19
4 11
11 14
3 5
8 11
10 14
4 10
2 12
2 16
9 16
14 16
4 16
6 7
2 18
6 10
1 13
8 10
1 15
16 18
5 13
5 16
3 18
5 9
4 9
9 14
2 3
7 10
12 16
0 7
5 12
8 16
8 17
3 13
7 13
6 8
0 19
2 13
1 18
10 18
0 1
4 12
12 14
9 10
7 18
13 15
13 16
2 10
10 19
9 11
6 14
9 18
4 6
6 16
7 16
11 17
11 16
2 4
10 11
2 14
3 15
8 9
5 10
11 12
10 13
1 7
12 18
0 13
14 17
4 17
10 12
3 12
3 9
1 3
15 18
3 16
4 5
5 14
14 18
4 18
8 12
1 5
7 14
0 6
4 7
6 18
6 17
7 8
9 13
2 8
