20 81 458.27939076506595 medium
0 609 411
1 665 634
2 879 726
3 875 797
4 487 323
5 186 468
6 642 250
7 414 519
8 202 10
9 158 359
10 476 930
11 80 741
12 422 949
13 932 865
14 657 960
15 556 139
16 394 543
17 90 169
18 200 431
19 696 186
7 16
5 18
10 12
2 3
9 18
6 19
3 13
5 9
6 15
15 19
2 13
0 4
0 6
4 6
10 14
8 17
4 15
9 17
4 7
5 16
0 7
16 18
0 1
7 18
1 2
5 7
12 14
4 16
0 19
4 19
0 16
1 3
3 14
1 7
0 15
17 18
1 16
13 14
5 11
9 16
7 9
4 18
5 17
2 14
1 14
4 9
11 18
4 5
1 10
8 9
6 7
1 13
1 4
11 16
8 15
6 16
1 6
9 11
10 16
1 12
11 12
7 11
7 15
12 16
0 18
0 2
7 10
3 10
8 18
4 8
4 17
0 5
7 12
15 16
7 19
10 11
1 19
2 10
0 9
9 15
5 8
