20 97 511.78608812667034 medium
0 652 327
1 708 810
2 47 452
3 447 315
4 710 170
5 494 862
6 251 645
7 93 811
8 146 809
9 861 539
10 382 232
11 761 544
12 601 822
13 740 652
14 991 677
15 386 133
16 969 321
17 105 497
18 718 212
19 703 316
4 18
0 19
7 8
2 17
10 15
9 11
18 19
3 10
1 12
11 13
5 12
0 18
4 19
1 13
9 13
0 4
9 14
3 15
6 8
0 3
6 17
12 13
1 5
6 7
11 19
0 11
9 16
13 14
3 19
11 14
16 19
1 11
9 19
16 18
2 6
0 10
3 18
0 9
4 16
3 4
11 16
1 9
1 14
7 17
8 17
0 16
11 12
5 13
5 6
4 15
0 15
10 19
4 10
11 18
10 18
0 13
13 19
15 18
5 8
14 16
9 18
2 7
15 19
2 8
4 11
10 17
3 6
9 12
3 17
3 11
6 12
4 9
2 10
13 16
5 7
5 11
12 14
2 3
6 10
13 18
3 13
8 12
15 17
14 19
2 15
3 9
4 13
1 6
0 1
0 14
5 9
6 13
10 11
1 19
0 12
7 12
0 6
