20 98 505.0594024468805 medium
0 659 356
1 640 178
2 605 44
3 973 621
4 657 46
5 799 111
6 126 182
7 376 225
8 665 370
9 179 568
10 811 798
11 349 77
12 542 561
13 140 938
14 342 513
15 128 704
16 570 839
17 315 49
18 474 543
19 612 909
0 8
11 17
2 4
12 18
16 19
1 4
14 18
1 2
9 15
7 11
4 5
9 14
1 5
0 1
7 17
1 8
2 5
12 14
8 12
10 19
6 17
13 15
0 12
3 10
10 16
6 11
6 7
8 18
2 11
0 18
1 7
12 16
0 5
14 15
7 14
2 17
5 8
2 7
9 18
1 11
4 11
0 4
16 18
0 7
0 2
7 8
4 8
2 8
7 18
4 7
4 17
1 17
8 14
0 14
12 19
10 12
9 12
9 13
7 12
15 18
6 9
18 19
6 14
1 12
7 9
3 8
14 16
1 18
0 3
0 11
10 18
8 11
3 12
11 14
12 15
5 7
13 16
1 14
5 11
8 10
3 16
0 17
3 19
15 16
14 17
0 10
13 14
13 19
8 17
9 16
8 16
14 19
11 18
5 17
0 16
2 6
6 18
3 18
