20 93 586.463980138593 medium
0 329 375
1 840 755
2 845 802
3 851 23
4 910 267
5 416 789
6 806 46
7 279 592
8 829 926
9 837 796
10 309 564
11 130 603
12 686 482
13 138 16
14 100 607
15 740 116
16 848 776
17 645 932
18 270 892
19 249 921
2 9
1 16
9 16
2 16
11 14
18 19
7 10
1 9
1 2
3 6
6 15
2 8
8 9
3 15
7 11
8 16
1 8
5 18
7 14
10 11
8 17
0 10
5 19
10 14
0 7
4 15
9 17
2 17
5 7
4 6
5 10
3 4
16 17
1 17
5 17
7 18
0 11
4 12
1 12
11 18
0 14
10 18
7 19
14 18
12 16
11 19
5 11
14 19
9 12
2 12
10 19
5 14
12 15
0 12
17 18
10 12
17 19
0 13
5 12
5 9
7 12
0 5
1 5
2 5
5 16
5 8
12 17
6 12
8 12
0 15
3 12
1 4
10 17
7 17
4 16
0 18
4 9
2 4
0 19
8 18
1 10
11 12
10 13
9 18
9 10
10 16
0 6
8 19
2 18
12 18
1 7
1 18
2 10
