20 84 495.3312023283007 medium
0 278 573
1 650 1000
2 650 103
3 712 214
4 21 134
5 28 444
6 220 666
7 316 41
8 533 208
9 424 858
10 157 79
11 95 138
12 38 392
13 413 439
14 438 255
15 805 423
16 992 567
17 758 761
18 453 891
19 577 135
9 18
5 12
4 11
2 19
8 19
10 11
8 14
0 6
2 3
4 10
3 19
2 8
7 10
3 8
14 19
13 14
0 13
1 18
3 15
15 16
7 11
7 14
4 12
8 13
11 12
2 14
1 17
1 9
7 8
3 14
7 19
6 9
0 5
5 6
6 13
0 12
16 17
4 7
4 5
5 11
0 9
6 18
6 12
17 18
10 14
10 12
2 7
15 17
13 19
8 15
9 17
2 15
0 14
11 14
0 18
15 19
3 13
12 13
5 13
5 10
13 15
8 10
14 15
7 13
2 13
9 13
12 14
10 19
3 7
4 14
11 13
10 13
8 11
0 8
7 12
3 16
5 14
13 18
6 14
13 17
0 11
11 19
2 10
5 7
