20 81 487.70585397347855 medium
0 215 818
1 264 295
2 653 96
3 745 30
4 776 42
5 49 815
6 587 958
7 809 156
8 404 719
9 270 971
10 65 273
11 695 304
12 887 263
13 213 648
14 692 9
15 750 531
16 97 853
17 225 82
18 682 61
19 456 394
3 4
2 18
14 18
3 14
5 16
3 18
4 14
2 14
4 18
2 3
4 7
0 16
7 12
2 4
3 7
7 18
0 9
0 5
2 7
0 13
7 11
7 14
11 12
1 10
8 13
9 16
2 11
0 8
1 19
1 17
11 15
5 13
13 16
11 18
4 12
10 17
11 19
5 9
3 12
4 11
3 11
8 9
2 12
12 18
11 14
12 15
6 8
6 9
12 14
15 19
9 13
8 19
8 16
13 19
1 13
2 19
5 8
7 15
17 19
8 15
0 6
18 19
10 13
10 19
7 19
2 17
1 11
1 2
2 15
1 8
12 19
14 19
6 15
17 18
3 19
14 17
15 18
4 19
1 18
6 13
0 19
