20 98 604.8024470849965 medium
0 891 43
1 965 339
2 608 77
3 171 608
4 339 121
5 403 646
6 618 178
7 203 872
8 940 807
9 895 326
10 915 217
11 630 18
12 906 106
13 675 822
14 416 690
15 203 340
16 884 665
17 41 12
18 940 175
19 818 928
5 14
10 18
2 11
0 12
1 9
12 18
2 6
9 10
10 12
1 10
0 18
8 16
9 18
6 11
1 18
8 19
0 10
13 19
9 12
3 5
1 12
4 15
3 14
13 16
0 11
8 13
3 7
3 15
16 19
2 4
7 14
0 9
4 6
0 2
11 12
13 14
6 12
2 12
6 10
5 7
0 6
0 1
4 11
6 9
4 17
6 18
5 13
1 16
2 10
9 16
2 18
11 18
10 11
5 15
15 17
2 9
1 6
9 11
14 15
1 2
6 15
10 16
1 11
14 19
1 8
14 16
7 13
5 16
2 15
8 9
16 18
5 19
5 6
3 4
4 5
7 15
11 15
8 14
9 13
3 13
6 14
6 16
0 4
12 16
5 8
1 13
4 12
2 17
4 14
4 10
5 9
11 17
8 10
4 9
6 17
9 14
4 18
2 5
