20 89 413.03752856126766 medium
0 129 506
1 500 691
2 939 387
3 55 247
4 519 378
5 370 261
6 121 454
7 293 720
8 515 91
9 879 438
10 249 436
11 186 311
12 354 573
13 858 485
14 418 766
15 618 960
16 252 927
17 122 417
18 676 368
19 335 527
6 17
12 19
9 13
0 6
2 9
0 17
1 14
11 17
10 19
2 13
10 17
6 10
7 14
0 10
10 11
3 11
6 11
4 18
7 12
10 12
3 17
1 12
4 5
5 11
7 19
0 11
12 14
0 19
1 7
7 16
5 10
9 18
13 18
3 6
5 8
6 19
14 16
1 19
0 12
4 19
17 19
14 19
4 12
6 12
11 19
2 18
5 19
0 3
0 7
3 10
4 10
14 15
12 17
4 8
7 10
5 17
1 15
11 12
5 12
1 4
5 6
3 5
6 7
8 18
5 18
4 11
1 16
0 5
7 17
4 13
1 10
4 9
15 16
1 18
12 16
10 14
18 19
12 18
0 14
8 11
3 19
4 17
4 14
7 15
4 6
16 19
4 7
0 4
1 13
