20 100 475.6732071496144 medium
0 679 932
1 866 820
2 634 590
3 801 409
4 915 519
5 590 247
6 48 935
7 686 185
8 155 503
9 103 948
10 307 534
11 796 268
12 849 185
13 386 362
14 762 666
15 938 652
16 703 993
17 544 282
18 487 756
19 605 453
6 9
5 17
0 16
11 12
5 7
4 15
7 11
2 19
3 11
2 14
8 10
3 4
7 12
7 17
14 15
13 17
17 19
1 15
1 14
10 13
3 19
5 19
5 11
4 14
0 1
2 18
3 12
5 13
13 19
1 16
2 3
3 7
11 17
3 14
0 18
14 19
11 19
3 5
5 12
8 13
4 11
0 14
3 15
7 19
10 18
3 17
14 18
2 4
1 4
10 19
2 15
4 19
12 17
16 18
2 17
18 19
1 2
2 10
14 16
2 13
4 12
0 2
2 5
10 17
7 13
2 11
12 19
0 15
1 18
15 19
11 14
5 10
4 7
13 18
2 7
2 16
11 15
15 16
1 3
8 18
3 13
11 13
4 5
9 18
4 17
14 17
6 8
8 17
8 9
1 19
8 19
5 14
2 12
9 10
15 18
3 18
10 14
6 18
12 15
0 4
