20 81 386.26027494424017 medium
0 384 136
1 447 512
2 449 74
3 7 780
4 821 881
5 479 549
6 34 324
7 158 119
8 810 634
9 173 313
10 824 429
11 913 476
12 322 254
13 97 521
14 546 428
15 805 606
16 579 399
17 882 261
18 753 325
19 462 579
8 15
5 19
14 16
1 5
1 19
0 2
10 11
10 18
1 14
0 12
5 14
6 9
17 18
9 12
11 15
14 19
1 16
10 17
10 15
5 16
8 11
16 18
7 9
8 10
6 13
7 12
16 19
11 17
11 18
2 12
9 13
0 7
14 18
6 7
10 16
4 8
3 13
0 9
4 15
10 14
12 14
15 18
1 12
2 7
12 16
6 12
15 16
8 18
14 15
0 16
8 16
5 15
16 17
0 14
5 12
8 14
1 9
5 8
11 16
15 19
12 13
2 16
1 13
8 19
15 17
12 19
5 18
1 18
2 9
5 10
2 14
13 19
11 14
1 15
14 17
8 17
0 1
1 8
5 13
1 10
18 19
