20 80 462.3526792395606 medium
0 245 355
1 694 495
2 972 54
3 331 160
4 48 911
5 662 151
6 129 792
7 531 823
8 898 961
9 632 902
10 892 183
11 227 60
12 665 402
13 939 908
14 578 455
15 784 482
16 976 585
17 572 459
18 893 652
19 723 896
14 17
8 13
1 15
9 19
1 12
12 14
16 18
12 17
1 14
1 17
7 9
12 15
4 6
3 11
2 10
8 19
15 18
7 19
14 15
0 3
15 17
13 19
15 16
5 10
5 12
1 18
13 18
8 9
0 11
1 16
18 19
9 13
8 18
5 14
10 12
10 15
5 17
2 5
13 16
3 5
12 18
0 17
1 5
0 14
5 15
12 16
9 18
1 7
7 17
1 10
7 14
14 18
17 18
8 16
3 17
3 14
7 8
7 18
16 19
1 19
6 7
10 16
1 9
3 12
10 14
7 13
15 19
14 16
10 17
0 12
16 17
7 15
7 12
5 11
9 15
9 17
9 14
0 6
13 15
17 19
