20 98 484.0588807159724 medium
0 829 319
1 367 678
2 182 47
3 393 262
4 671 216
5 957 195
6 778 663
7 992 371
8 589 391
9 382 130
10 781 269
11 665 558
12 569 64
13 849 170
14 232 726
15 601 746
16 839 333
17 467 846
18 615 753
19 28 575
15 18
0 16
0 10
10 16
5 13
10 13
4 10
3 9
1 14
0 13
6 11
7 16
13 16
15 17
0 7
17 18
0 5
5 7
5 16
4 12
8 11
4 13
6 18
0 4
5 10
4 8
6 15
1 17
9 12
11 15
11 18
4 16
2 9
8 10
7 10
3 8
1 15
7 13
0 8
14 19
8 16
1 18
14 17
3 12
3 4
11 16
4 5
0 11
10 12
12 13
2 3
4 9
10 11
1 11
8 12
6 8
8 9
6 16
8 13
4 11
0 6
11 17
1 19
8 15
4 7
6 17
6 7
1 8
8 18
0 12
14 15
7 11
12 16
14 18
2 12
3 10
6 10
3 11
7 8
5 12
1 6
1 3
5 8
9 10
11 13
0 3
3 16
4 6
11 14
3 13
5 11
9 13
8 17
16 18
15 16
3 19
0 18
0 15
