20 95 562.9680275113321 medium
0 902 984
1 717 855
2 997 19
3 188 313
4 50 551
5 464 424
6 210 630
7 69 663
8 712 734
9 633 204
10 825 906
11 42 929
12 710 918
13 547 434
14 635 769
15 991 571
16 155 888
17 876 805
18 11 791
19 813 452
1 12
5 13
8 14
0 10
10 17
4 7
10 12
1 14
1 10
11 16
1 8
7 18
11 18
6 7
1 17
12 14
16 18
4 6
8 17
0 17
8 12
12 17
0 12
8 10
15 19
0 1
10 14
7 16
4 18
14 17
9 13
6 18
15 17
6 16
13 19
7 11
3 4
5 9
3 5
8 19
9 19
0 8
3 6
8 15
5 6
8 13
0 14
6 11
13 14
5 19
4 16
17 19
14 19
3 7
10 15
4 11
3 13
5 14
6 13
1 15
5 8
14 15
2 9
1 19
0 15
4 5
12 15
6 14
1 13
10 19
3 9
5 7
13 15
2 19
12 19
14 16
13 17
1 5
3 18
4 13
12 13
6 8
9 15
7 13
8 9
0 19
5 15
10 13
5 12
2 15
1 6
12 16
5 16
5 17
1 16
