20 92 488.15161579165135 medium
0 583 492
1 96 70
2 404 598
3 333 544
4 619 686
5 627 730
6 684 462
7 979 305
8 360 509
9 25 492
10 854 38
11 83 661
12 603 369
13 716 843
14 904 973
15 116 81
16 815 387
17 722 785
18 922 556
19 755 986
1 15
3 8
4 5
13 17
2 3
2 8
0 6
5 17
6 12
0 12
4 17
5 13
13 19
14 19
6 16
9 11
7 16
4 13
0 4
16 18
17 19
0 2
12 16
0 8
13 14
2 4
4 6
0 5
0 16
0 3
6 18
7 18
2 5
14 17
5 6
3 11
8 12
5 19
7 10
2 12
17 18
2 6
3 9
4 8
8 11
4 12
3 4
3 12
0 17
6 17
2 11
6 8
4 19
4 18
6 7
8 9
5 18
0 18
5 8
3 5
10 16
13 18
4 16
3 6
5 12
5 14
2 17
12 18
0 13
7 12
6 13
5 16
2 9
2 13
4 14
16 17
10 12
14 18
9 15
1 9
12 17
0 7
8 17
6 10
3 17
18 19
2 16
13 16
8 16
3 13
12 13
8 13
