20 95 485.07731342539614 medium
0 959 998
1 552 444
2 336 833
3 367 410
4 524 566
5 593 857
6 833 574
7 528 762
8 607 418
9 475 722
10 388 164
11 454 86
12 943 685
13 900 100
14 120 42
15 958 293
16 514 199
17 601 734
18 350 943
19 182 873
1 8
7 9
7 17
10 11
2 18
5 7
5 17
1 4
9 17
11 16
10 16
6 12
2 19
4 9
4 8
2 9
5 9
18 19
4 17
1 3
4 7
13 15
2 7
3 4
8 16
3 8
3 10
1 16
7 18
9 18
3 16
5 18
2 5
6 8
6 17
2 17
1 9
1 17
10 14
4 5
6 15
4 6
1 6
0 12
8 17
1 7
1 10
2 4
17 18
9 19
3 9
8 9
8 10
3 11
11 14
12 17
7 8
6 7
7 19
8 11
4 16
5 6
1 11
8 15
3 7
6 9
5 12
0 5
12 15
13 16
3 17
5 19
1 5
4 18
7 12
14 16
2 3
4 10
8 12
8 13
1 15
4 12
5 8
17 19
0 6
3 14
0 17
1 2
11 13
15 16
1 12
4 19
9 12
6 13
4 11
