20 97 473.7731524685627 medium
0 297 598
1 287 963
2 165 381
3 253 764
4 856 833
5 960 80
6 503 739
7 811 650
8 885 94
9 308 159
10 611 624
11 528 851
12 251 392
13 293 90
14 599 289
15 550 678
16 968 529
17 570 349
18 252 505
19 623 964
14 17
9 13
5 8
6 15
10 15
2 12
0 18
12 18
6 11
11 19
2 18
6 10
0 3
11 15
4 7
7 16
7 10
1 3
0 12
9 12
10 11
0 6
3 6
0 2
6 19
3 18
7 15
2 9
0 15
1 11
4 19
10 17
3 11
15 19
12 13
3 15
1 6
0 10
2 13
9 14
6 7
12 17
4 10
9 17
4 16
4 11
15 17
10 14
1 19
10 19
0 11
4 15
6 18
15 18
8 14
7 11
9 18
17 18
12 14
13 14
0 1
4 6
7 19
10 16
0 17
3 12
10 18
13 17
3 10
7 17
1 15
14 15
2 3
6 17
8 17
2 17
14 18
12 15
13 18
5 14
7 14
3 19
10 12
6 12
0 14
16 17
0 9
14 16
11 18
8 16
2 14
15 16
5 16
1 18
6 14
1 10
5 17
