100 408 160.46183346827368 sparse
0 324 171
1 378 822
2 561 253
3 826 38
4 225 916
5 274 623
6 838 229
7 334 534
8 915 145
9 716 913
10 165 343
11 227 935
12 901 498
13 919 79
14 349 30
15 75 187
16 251 176
17 65 639
18 333 254
19 321 20
20 121 268
21 687 373
22 563 281
23 784 789
24 659 893
25 475 427
26 413 518
27 849 194
28 329 260
29 282 669
30 735 236
31 348 29
32 827 227
33 933 225
34 432 340
35 520 298
36 608 963
37 243 141
38 132 365
39 370 567
40 123 778
41 242 872
42 72 893
43 470 695
44 833 554
45 15 710
46 197 465
47 10 169
48 747 937
49 141 591
50 575 300
51 634 851
52 260 99
53 584 87
54 854 87
55 933 777
56 189 794
57 413 625
58 375 997
59 308 14
60 676 842
61 730 760
62 57 991
63 499 741
64 316 174
65 313 477
66 411 591
67 235 540
68 136 25
69 173 433
70 514 4
71 270 84
72 866 656
73 178 707
74 393 47
75 289 20
76 43 339
77 351 127
78 860 587
79 450 95
80 462 21
81 910 93
82 308 126
83 591 675
84 867 978
85 415 475
86 685 775
87 714 380
88 158 685
89 379 147
90 10 246
91 118 726
92 74 314
93 325 478
94 659 718
95 965 537
96 443 659
97 435 528
98 866 107
99 45 138
14 31
18 28
0 64
6 32
65 93
19 59
13 81
52 71
4 11
59 75
22 50
54 98
26 97
21 87
2 22
19 31
14 19
73 88
19 75
57 66
77 89
16 37
6 27
9 48
27 32
10 38
76 92
46 69
44 78
31 59
51 60
77 82
26 85
14 59
43 96
37 52
57 96
81 98
22 35
5 29
47 99
4 41
14 74
61 86
39 66
0 82
31 74
64 82
7 39
24 51
2 50
0 77
8 81
40 91
24 60
43 63
70 80
35 50
52 82
54 81
3 54
71 82
85 97
7 93
88 91
15 99
64 77
31 75
13 98
0 89
9 24
7 65
14 75
2 35
23 61
8 98
86 94
73 91
37 71
11 41
16 64
26 39
13 54
20 92
8 13
37 82
71 75
66 97
15 47
60 86
40 56
64 89
72 78
39 57
26 66
0 16
74 80
82 89
74 79
12 95
79 80
66 96
39 97
16 82
25 85
19 74
47 90
38 92
16 52
38 69
59 71
3 98
37 64
83 94
7 26
9 60
18 64
19 71
8 33
8 27
61 94
0 18
46 67
52 75
8 54
0 37
24 36
17 45
10 20
28 64
56 73
15 90
79 89
12 44
27 98
0 28
27 33
40 73
17 49
85 93
43 57
10 69
74 77
59 74
51 86
5 67
71 77
30 32
38 76
15 20
90 92
52 64
16 71
41 56
6 33
52 77
31 71
10 92
49 88
14 71
7 66
0 52
26 93
14 77
25 34
34 35
52 59
20 38
12 78
31 77
60 61
56 91
24 48
76 90
42 62
7 67
63 96
40 88
57 97
39 93
19 52
23 86
7 85
65 67
3 81
74 89
64 71
7 97
3 13
17 91
65 85
0 71
39 85
9 51
6 30
17 88
77 79
45 91
14 82
31 82
20 76
32 33
39 65
19 82
49 67
26 57
27 54
44 72
5 7
74 75
75 82
26 65
53 70
25 97
37 77
67 93
25 26
29 73
19 77
5 39
70 79
16 77
59 82
31 52
14 52
20 90
16 18
63 83
56 88
14 80
90 99
6 8
31 80
16 28
36 51
74 82
66 85
78 95
18 89
46 65
39 96
27 81
48 60
9 36
38 46
43 66
14 79
8 32
23 60
7 57
14 89
24 86
93 97
59 77
27 30
31 79
49 73
31 89
10 76
43 83
28 89
67 69
75 77
29 88
60 94
6 98
40 42
71 89
10 46
32 98
48 84
15 92
4 56
5 73
40 45
18 77
52 89
70 74
71 74
46 93
37 75
28 34
18 82
18 34
16 89
96 97
5 88
17 73
65 97
51 61
44 95
21 50
33 81
53 79
13 27
29 39
28 77
51 94
28 82
33 98
34 85
37 89
25 35
5 49
49 91
83 86
29 67
39 67
46 49
29 57
55 72
53 80
36 60
5 57
3 8
19 89
5 66
19 80
36 48
9 23
9 86
0 74
48 51
66 93
32 54
37 59
52 74
6 54
0 14
22 34
23 94
19 37
0 31
26 96
57 63
52 68
18 37
7 29
1 41
68 99
21 30
45 88
79 82
30 87
1 63
11 56
68 71
13 33
65 69
28 37
0 79
14 64
34 50
31 64
64 74
20 47
83 96
19 79
23 55
57 85
65 66
20 99
17 40
29 66
24 61
59 89
80 89
0 19
5 65
40 41
23 48
68 75
42 56
7 46
14 37
77 80
31 37
9 61
5 93
6 81
19 64
59 80
21 22
4 42
69 92
72 95
0 75
15 76
64 79
2 34
75 89
29 56
23 72
64 75
1 43
32 81
3 27
0 59
37 68
25 93
47 92
69 93
33 54
16 20
59 64
50 87
69 76
11 58
