100 419 172.10461934532728 sparse
0 767 384
1 451 378
2 707 484
3 651 863
4 796 664
5 245 747
6 923 999
7 334 390
8 383 615
9 633 490
10 329 849
11 1 134
12 556 397
13 294 190
14 79 518
15 736 320
16 419 905
17 855 734
18 783 876
19 744 943
20 546 1000
21 937 587
22 65 853
23 950 839
24 202 356
25 740 211
26 412 30
27 123 219
28 161 763
29 798 108
30 674 25
31 570 255
32 833 500
33 541 297
34 36 467
35 706 529
36 366 395
37 528 440
38 723 111
39 713 726
40 244 835
41 219 955
42 551 788
43 235 686
44 332 395
45 302 943
46 438 429
47 229 236
48 735 670
49 213 235
50 421 702
51 238 393
52 526 872
53 583 631
54 502 31
55 696 678
56 528 207
57 810 294
58 759 602
59 621 501
60 490 771
61 806 372
62 864 52
63 182 915
64 938 276
65 310 728
66 985 875
67 898 541
68 43 906
69 898 753
70 246 233
71 560 490
72 308 886
73 179 687
74 246 469
75 705 878
76 959 736
77 477 258
78 403 286
79 275 851
80 609 580
81 493 863
82 452 421
83 957 209
84 822 43
85 216 951
86 800 468
87 611 817
88 221 317
89 169 970
90 616 292
91 56 49
92 613 674
93 781 540
94 824 679
95 666 637
96 469 730
97 904 799
98 361 403
99 171 555
41 85
7 44
36 98
47 49
46 82
9 59
47 70
7 98
44 98
4 94
7 36
49 70
36 44
52 81
40 79
48 55
0 61
10 72
62 84
1 82
24 88
2 35
32 86
60 96
69 97
17 69
72 79
63 85
23 66
85 89
55 95
39 55
31 33
12 37
24 51
41 89
53 92
1 46
10 79
41 63
50 96
43 73
3 75
63 89
53 80
45 72
22 68
31 90
37 71
39 48
21 67
3 87
23 97
4 48
5 43
59 71
17 94
42 60
69 76
31 56
13 70
92 95
32 93
58 93
42 87
14 34
5 65
29 84
64 83
0 15
48 58
56 77
4 58
9 71
2 9
86 93
33 77
29 38
33 90
19 75
35 93
51 74
48 95
32 67
18 19
51 88
18 75
57 61
28 73
37 82
15 57
77 78
36 46
13 47
59 80
80 95
46 98
47 88
17 97
40 72
49 88
9 35
55 92
53 95
76 97
41 45
16 81
5 28
43 65
10 40
45 85
29 62
1 36
15 61
42 52
70 88
2 59
5 40
5 73
48 94
35 59
36 82
26 54
35 58
0 86
37 46
33 56
27 49
4 17
60 81
13 49
82 98
2 93
31 77
12 71
9 80
1 98
44 51
80 92
2 86
42 81
8 50
45 79
7 51
61 86
50 60
10 45
55 58
1 37
30 38
14 99
58 95
0 57
42 96
23 69
39 95
58 94
4 55
12 33
40 63
52 87
11 91
25 38
71 80
23 76
4 39
1 78
17 76
69 94
10 16
1 12
12 82
28 43
52 60
27 47
5 79
25 57
15 25
35 80
28 40
7 46
66 97
37 59
44 46
16 52
35 86
75 87
16 72
41 72
72 85
39 92
63 79
44 74
50 65
74 99
36 78
35 95
79 85
9 37
0 2
67 93
1 7
41 79
25 29
7 74
40 85
38 84
1 44
39 94
9 12
12 90
1 33
24 74
24 49
7 82
48 92
67 86
12 46
56 90
53 55
10 65
40 41
40 45
12 59
3 19
1 77
44 82
24 47
16 45
45 63
15 90
51 98
27 70
78 98
7 78
4 93
3 42
3 52
40 65
32 58
81 87
2 32
65 79
55 94
36 51
71 82
2 58
57 64
63 72
60 87
20 52
42 92
44 78
32 35
24 70
32 61
55 80
22 28
5 10
73 99
39 58
22 63
74 98
3 18
4 95
0 32
8 65
7 88
81 96
4 69
53 59
21 32
44 88
45 89
24 44
17 48
7 24
46 71
39 87
2 80
65 73
48 93
33 78
27 88
6 66
63 68
58 86
36 74
68 89
66 76
17 23
17 39
12 31
53 71
87 92
77 90
59 95
18 97
33 37
8 96
78 82
35 48
28 79
94 97
13 78
93 94
21 94
43 99
13 88
76 94
20 81
2 71
46 78
56 78
25 90
11 27
30 84
29 30
40 43
35 55
2 61
9 53
66 69
3 39
93 95
21 76
9 95
53 96
35 71
58 80
16 60
58 67
39 75
10 85
5 72
33 82
10 41
38 62
52 96
28 65
28 63
16 79
74 88
40 89
92 96
48 80
42 50
9 93
1 71
22 89
67 94
0 93
60 92
48 53
47 51
0 35
3 81
65 72
24 27
2 95
16 20
65 96
17 18
79 89
35 53
4 67
12 77
49 51
51 70
42 53
4 21
39 53
10 63
34 99
15 86
40 73
37 80
55 93
4 35
6 23
72 89
58 92
21 93
55 87
17 58
61 64
94 95
8 43
88 98
10 81
36 88
59 93
77 82
18 39
70 78
24 98
87 96
2 15
33 46
53 60
4 32
36 37
17 21
18 69
9 86
24 36
17 55
9 58
43 79
57 83
61 93
31 78
21 69
0 9
58 59
18 23
37 98
1 31
30 54
