100 400 175.93180496999398 sparse
0 110 762
1 494 845
2 904 761
3 154 545
4 571 90
5 748 982
6 503 348
7 601 263
8 137 814
9 428 143
10 360 535
11 452 118
12 155 874
13 308 301
14 665 855
15 160 371
16 910 887
17 528 581
18 279 472
19 126 927
20 55 928
21 282 503
22 464 55
23 198 855
24 138 98
25 540 418
26 525 997
27 210 939
28 890 194
29 955 159
30 951 344
31 255 568
32 773 259
33 905 267
34 428 648
35 504 204
36 971 970
37 942 891
38 958 12
39 600 614
40 269 810
41 543 992
42 482 892
43 213 383
44 342 959
45 216 431
46 156 208
47 437 597
48 380 604
49 641 682
50 902 334
51 743 87
52 147 279
53 717 600
54 955 130
55 673 399
56 439 307
57 580 615
58 88 956
59 448 984
60 198 400
61 835 96
62 359 547
63 309 178
64 125 682
65 978 814
66 866 211
67 53 63
68 209 620
69 181 971
70 910 188
71 313 898
72 146 756
73 984 805
74 539 49
75 241 385
76 499 349
77 468 4
78 38 25
79 839 881
80 987 983
81 736 479
82 568 816
83 659 632
84 127 448
85 806 616
86 132 591
87 480 31
88 812 396
89 572 872
90 830 580
91 197 22
92 187 606
93 125 656
94 841 849
95 49 306
96 983 407
97 915 986
98 733 604
99 157 181
6 76
65 73
10 62
53 98
26 41
39 57
36 80
28 70
43 60
64 93
68 92
46 99
43 75
22 87
29 54
28 66
77 87
18 21
79 94
16 37
9 11
45 60
0 72
67 78
27 69
85 90
20 58
60 75
12 23
19 58
15 60
43 45
1 42
66 70
30 50
3 86
22 77
34 47
4 74
45 75
49 83
29 70
15 43
82 89
86 92
47 48
36 97
0 8
8 72
12 19
48 62
39 83
74 87
17 57
8 12
11 22
34 48
86 93
53 83
33 50
44 71
33 66
3 92
31 68
21 31
19 69
30 96
19 20
16 79
46 52
10 48
80 97
56 76
54 70
8 23
28 29
85 98
28 33
18 45
22 74
6 56
64 72
31 92
26 59
16 94
83 98
33 70
6 25
17 39
39 49
1 82
92 93
25 76
57 83
0 64
15 45
15 75
68 86
1 89
15 84
23 40
74 77
36 37
10 21
19 27
23 27
37 65
12 27
24 99
60 84
21 62
30 33
53 85
49 57
45 84
2 65
28 54
64 86
2 73
68 93
11 87
24 67
42 89
17 47
51 61
47 62
15 52
3 68
58 69
14 89
18 75
9 22
41 59
37 73
24 91
9 35
21 45
42 59
64 92
40 71
52 99
37 97
10 47
18 31
16 97
16 65
90 98
12 69
11 35
3 84
52 95
19 23
55 81
72 93
37 80
10 18
16 36
29 66
37 79
3 31
64 68
14 82
32 66
12 58
31 62
0 93
13 75
43 84
2 94
18 60
4 87
44 59
50 96
50 88
37 94
18 62
10 31
16 73
18 43
27 71
11 74
24 46
49 53
23 72
28 61
81 88
4 22
26 42
8 19
7 35
12 20
3 93
53 90
42 82
11 77
41 42
23 69
39 53
38 54
12 72
61 70
29 33
61 66
54 66
17 34
49 98
0 12
35 56
4 11
34 62
53 81
23 71
13 63
16 80
43 52
27 58
41 89
9 87
24 78
9 63
54 61
21 75
81 98
31 86
13 43
2 16
0 23
50 66
15 95
79 97
6 7
3 45
31 48
75 84
12 40
13 56
52 60
10 34
8 40
4 35
32 33
8 64
21 60
20 69
39 98
7 76
27 44
26 89
28 32
4 77
40 72
25 55
3 21
2 37
29 61
5 79
2 79
53 57
21 68
81 90
21 43
55 88
3 64
21 92
8 20
28 50
17 83
21 48
65 94
52 75
27 40
31 45
32 88
84 86
6 35
47 57
9 77
3 18
8 27
35 76
46 95
9 74
33 54
50 70
1 59
29 38
83 85
13 60
30 88
38 61
32 50
23 58
73 94
67 91
17 48
68 72
25 56
8 58
69 71
3 60
17 49
5 14
63 99
4 9
49 82
57 98
81 85
7 55
18 84
22 35
32 70
65 79
1 41
11 63
1 26
42 44
20 27
72 92
34 57
94 97
46 63
15 18
36 65
31 93
67 99
30 66
8 93
35 74
33 88
78 91
36 79
13 45
12 71
59 71
33 96
20 23
30 70
44 69
28 30
84 95
5 94
13 52
18 92
15 46
8 69
17 25
73 79
13 15
18 68
39 47
91 99
9 56
21 84
95 99
36 73
72 86
0 19
40 44
0 40
18 48
7 25
62 68
45 52
5 97
59 89
7 56
84 92
42 71
65 80
52 84
81 83
1 14
88 96
48 68
4 51
7 32
32 55
19 72
17 62
3 43
0 86
31 64
0 68
10 68
13 18
21 86
0 92
3 15
10 17
32 61
32 51
14 49
51 66
35 87
0 20
2 85
34 39
31 84
4 7
14 79
