100 587 211.22736565132843 sparse
0 220 736
1 255 680
2 66 767
3 508 856
4 137 918
5 791 243
6 74 457
7 462 504
8 540 935
9 912 895
10 142 201
11 998 492
12 20 4
13 218 300
14 497 663
15 143 819
16 679 647
17 131 79
18 703 458
19 620 357
20 615 222
21 599 187
22 681 483
23 224 952
24 123 829
25 956 318
26 487 772
27 871 337
28 603 287
29 709 369
30 581 380
31 39 396
32 459 899
33 2 250
34 140 881
35 513 348
36 438 389
37 792 828
38 212 67
39 338 809
40 173 637
41 842 633
42 979 384
43 446 731
44 702 434
45 687 100
46 748 663
47 447 38
48 941 989
49 945 39
50 122 513
51 774 163
52 401 804
53 579 889
54 12 223
55 457 505
56 261 79
57 327 814
58 120 603
59 306 903
60 522 657
61 996 721
62 633 51
63 540 572
64 88 525
65 394 312
66 976 960
67 642 872
68 975 829
69 373 862
70 220 740
71 696 880
72 168 253
73 575 99
74 386 446
75 505 184
76 202 920
77 591 478
78 882 268
79 591 212
80 872 731
81 631 847
82 914 455
83 814 715
84 207 764
85 154 856
86 578 468
87 947 478
88 996 547
89 564 371
90 280 277
91 412 786
92 13 848
93 248 267
94 536 983
95 648 664
96 410 968
97 129 660
98 459 201
99 341 307
0 70
7 55
39 57
77 86
30 89
52 91
15 24
18 44
14 60
20 79
21 79
70 84
67 81
34 85
33 54
0 84
18 22
90 93
16 95
50 64
4 34
20 21
15 85
23 76
82 87
24 85
13 93
19 30
48 66
8 94
75 98
40 97
38 56
11 87
65 99
22 44
67 71
24 34
11 88
35 89
58 97
19 89
26 43
10 72
80 83
8 53
15 34
40 58
39 52
39 69
4 85
52 69
43 91
4 76
3 32
53 67
29 44
0 1
20 28
13 90
57 69
53 81
90 99
13 72
6 64
1 70
27 78
25 42
6 31
16 46
19 28
71 81
45 62
34 76
6 50
52 57
30 35
62 73
28 79
26 91
36 74
39 91
3 53
59 69
76 85
72 93
5 51
17 38
46 83
2 24
58 64
15 84
87 88
32 96
14 43
3 8
69 91
35 36
43 52
3 26
41 83
60 63
25 27
30 86
8 32
36 65
18 29
25 78
57 91
19 29
50 58
4 24
22 77
75 79
21 73
9 66
9 68
57 59
26 52
11 82
55 74
1 40
28 89
2 15
4 23
32 69
21 75
5 78
23 59
28 30
7 74
42 82
1 84
2 92
86 89
9 48
30 77
41 46
4 15
39 59
42 87
46 95
21 28
14 63
93 99
41 80
53 94
7 63
22 86
59 76
43 60
84 85
24 84
55 63
63 77
19 35
45 51
28 35
37 71
14 26
0 40
11 42
23 34
61 68
73 75
15 70
77 89
63 86
32 52
24 92
45 73
69 96
19 44
0 15
40 70
18 77
32 94
73 79
72 90
37 83
20 75
15 76
53 71
22 29
7 36
36 55
27 42
0 97
19 86
23 85
3 91
3 52
65 90
44 77
8 67
26 60
32 53
24 76
70 97
7 86
32 91
10 17
59 96
13 99
82 88
3 81
5 27
21 45
2 97
35 65
61 80
19 77
10 13
10 93
2 85
18 86
27 82
37 80
60 95
55 86
8 81
94 96
36 99
36 89
1 97
29 30
44 86
65 98
20 73
17 56
57 84
84 97
26 32
3 94
57 70
18 19
66 68
34 92
40 84
7 77
24 70
10 54
0 57
79 98
30 44
15 92
39 43
70 85
12 17
28 29
40 50
8 96
65 74
0 24
34 84
3 67
19 20
3 69
2 34
35 86
39 70
55 77
0 85
52 59
9 37
31 64
39 84
0 39
3 43
19 22
21 62
40 64
21 98
2 84
64 97
85 92
46 80
20 45
47 73
63 95
28 75
68 80
4 92
30 36
25 82
31 50
22 30
18 30
29 89
43 57
26 69
74 99
50 97
45 79
19 79
10 33
3 96
26 53
14 91
43 69
5 29
31 33
51 78
32 39
14 95
16 83
10 38
42 78
35 77
44 89
1 57
65 93
32 59
6 58
1 39
67 94
26 39
73 98
1 58
15 23
76 84
37 67
2 70
35 98
35 79
32 57
0 2
47 75
16 60
20 98
20 89
10 90
59 91
16 63
98 99
54 72
59 85
23 24
15 97
27 87
25 87
35 74
29 77
36 86
79 89
20 30
22 89
20 35
34 70
37 81
26 81
7 14
14 55
47 98
48 68
16 41
42 88
57 76
18 89
16 22
7 35
35 75
29 86
52 96
7 60
27 29
55 60
8 71
26 57
0 34
81 94
33 72
62 79
0 58
35 55
22 63
2 4
34 59
7 89
28 98
30 79
2 40
32 43
9 80
24 97
4 84
65 75
60 91
20 51
58 70
4 59
10 56
14 52
59 84
37 46
19 21
8 26
55 89
7 30
20 62
23 57
2 58
83 95
61 88
23 69
20 29
39 96
57 96
31 54
39 76
30 55
3 39
41 88
13 65
21 51
5 45
35 99
36 77
28 44
5 20
41 61
17 72
57 85
1 15
11 25
32 81
65 89
51 62
69 76
70 76
72 99
5 25
91 96
61 83
8 69
21 35
14 16
28 86
23 39
37 68
58 84
15 59
81 95
22 95
15 57
59 70
15 40
26 67
62 75
43 63
19 36
0 76
32 67
3 57
47 62
53 96
23 96
17 54
41 87
21 89
0 59
56 93
23 84
36 98
1 91
51 79
3 71
78 82
39 85
28 73
71 94
52 60
47 56
16 18
16 77
8 52
38 72
28 77
1 52
60 77
52 70
41 82
22 46
31 72
69 84
5 28
74 89
9 61
74 86
3 14
0 52
36 90
21 30
26 95
28 36
90 98
77 95
27 44
15 39
69 70
75 89
53 91
30 63
4 70
29 79
8 91
41 95
29 35
60 86
52 53
68 83
56 72
24 59
70 91
85 97
1 43
52 84
18 28
0 69
24 40
0 91
34 57
18 63
56 90
63 74
30 65
1 24
27 51
3 60
74 90
89 98
5 21
0 4
29 78
11 27
45 75
37 41
12 38
76 92
5 79
63 89
71 83
1 85
69 94
55 65
13 31
38 93
7 65
24 57
2 76
9 83
28 45
75 99
6 40
5 19
16 86
16 81
30 74
84 91
43 53
26 63
18 27
3 59
74 77
14 77
35 44
19 75
53 69
1 2
67 95
86 95
51 73
36 63
18 46
30 75
11 41
6 97
16 80
28 65
26 96
34 39
5 44
22 28
18 82
14 86
28 51
49 51
