100 400 178.24140933015536 sparse
0 906 95
1 904 77
2 371 630
3 573 698
4 887 517
5 867 14
6 46 681
7 851 500
8 632 142
9 72 97
10 824 743
11 38 320
12 49 754
13 903 642
14 474 34
15 983 652
16 689 610
17 903 923
18 181 771
19 778 949
20 163 345
21 208 207
22 743 347
23 926 745
24 469 617
25 417 190
26 827 693
27 84 653
28 49 261
29 171 279
30 6 951
31 574 715
32 626 235
33 322 890
34 103 797
35 923 851
36 159 302
37 337 78
38 324 326
39 826 537
40 988 119
41 182 105
42 1000 538
43 374 475
44 634 153
45 876 395
46 15 126
47 370 253
48 143 732
49 724 560
50 630 391
51 913 990
52 566 184
53 222 366
54 976 267
55 675 909
56 192 568
57 8 137
58 97 872
59 319 144
60 793 448
61 920 710
62 666 640
63 73 131
64 789 282
65 387 885
66 935 448
67 72 612
68 11 673
69 557 924
70 677 89
71 814 271
72 286 592
73 676 780
74 913 666
75 746 283
76 783 455
77 966 402
78 818 1000
79 473 942
80 78 636
81 835 143
82 299 493
83 363 90
84 621 286
85 872 930
86 675 511
87 480 682
88 101 294
89 275 79
90 572 131
91 798 345
92 408 191
93 585 925
94 84 780
95 824 299
96 11 66
97 327 872
98 291 740
99 770 253
25 92
8 44
60 76
46 57
3 31
27 80
0 1
33 97
67 80
34 94
29 36
13 74
64 71
69 93
37 83
71 95
17 85
9 63
64 99
23 61
6 68
16 62
75 99
64 95
4 7
27 67
64 75
20 36
12 94
61 74
7 39
6 27
71 99
10 26
32 84
91 95
52 90
18 48
22 91
6 80
66 77
46 63
36 88
11 28
46 96
8 90
16 49
65 97
28 88
37 89
20 53
64 91
9 46
22 75
4 39
19 78
33 65
57 63
44 90
24 87
20 29
17 51
11 88
37 59
9 96
12 34
71 75
49 86
8 70
59 83
13 61
95 99
57 96
15 74
29 88
51 85
47 92
1 5
6 12
6 67
17 35
44 52
34 58
9 57
27 68
71 91
48 94
34 48
68 80
44 70
43 82
7 60
8 52
59 89
25 47
32 52
45 66
75 95
22 64
23 74
20 88
13 15
75 91
21 29
7 76
18 34
32 44
4 66
0 40
15 61
0 81
69 79
67 68
38 47
78 85
83 89
12 68
36 53
63 96
0 5
26 74
45 77
55 93
13 26
39 76
45 91
58 94
2 72
8 32
1 40
35 85
22 95
3 87
26 61
39 60
1 81
51 78
19 85
91 99
12 48
41 89
56 72
18 94
22 99
45 60
27 48
7 66
49 62
2 24
31 87
72 82
16 86
59 92
29 53
10 61
10 23
60 91
65 79
22 71
39 49
21 41
50 84
13 23
23 35
6 94
12 27
21 36
7 45
25 59
15 23
45 95
38 53
6 48
3 62
9 41
19 55
83 92
45 76
42 66
76 91
23 26
41 63
22 60
70 90
79 93
25 83
18 98
17 78
4 42
22 76
15 42
52 84
48 80
4 60
32 90
28 36
10 74
31 62
55 69
47 59
49 76
30 58
2 87
31 73
4 76
22 50
12 80
76 86
11 36
4 45
28 29
14 83
75 84
4 13
27 94
12 58
11 20
21 59
17 19
81 99
56 67
50 86
10 13
55 73
32 75
6 34
62 86
68 94
71 81
13 39
28 57
56 82
18 58
49 60
3 73
3 24
28 63
56 80
5 81
12 18
37 92
44 84
60 86
54 77
2 98
22 84
97 98
27 56
25 37
14 90
21 88
45 71
11 29
28 46
35 51
48 67
4 77
42 77
62 73
7 49
39 66
53 88
35 61
19 51
22 45
20 28
60 66
13 42
41 59
45 64
24 31
12 67
14 37
80 94
8 84
21 89
48 68
32 99
20 21
27 34
3 16
52 70
43 72
64 81
10 35
48 58
72 98
48 98
40 54
53 82
25 52
39 45
7 77
7 13
4 74
66 76
60 95
10 73
84 99
18 27
33 98
39 86
7 42
34 68
32 70
42 74
2 82
40 81
21 63
2 43
16 39
54 95
39 74
16 31
26 39
32 50
81 95
38 43
37 41
52 92
50 75
38 92
21 53
33 79
29 38
5 40
16 26
15 26
76 95
79 97
22 32
54 71
20 38
6 18
45 54
84 90
34 80
47 83
7 91
25 38
63 88
9 28
4 15
50 76
25 90
75 81
60 64
14 25
21 38
36 38
70 81
21 28
64 84
26 49
41 46
21 47
67 94
4 49
44 99
38 82
26 62
55 78
32 64
18 80
14 92
16 73
24 43
48 56
73 93
66 91
60 75
44 75
45 75
50 60
64 76
89 92
65 98
39 42
50 91
26 73
29 41
65 69
90 92
9 21
19 35
41 96
77 95
75 76
14 52
7 86
41 57
8 99
7 74
45 99
77 91
29 63
18 97
22 86
37 47
60 71
