100 407 168.71573726241425 sparse
0 640 452
1 112 928
2 510 683
3 652 422
4 57 278
5 715 909
6 297 642
7 205 566
8 261 48
9 457 698
10 86 287
11 375 475
12 952 6
13 225 596
14 190 329
15 285 471
16 909 757
17 269 140
18 72 965
19 750 33
20 996 569
21 938 236
22 663 14
23 582 389
24 435 583
25 790 202
26 903 893
27 547 523
28 835 668
29 498 311
30 424 600
31 290 47
32 402 693
33 562 331
34 597 404
35 1000 69
36 920 608
37 720 14
38 220 46
39 556 697
40 436 164
41 448 644
42 426 853
43 570 364
44 770 874
45 238 385
46 964 719
47 637 528
48 228 409
49 786 595
50 191 75
51 533 608
52 534 812
53 944 494
54 195 513
55 955 751
56 629 503
57 460 750
58 968 717
59 486 581
60 924 324
61 443 954
62 695 752
63 428 226
64 716 737
65 435 894
66 767 740
67 651 677
68 938 796
69 51 174
70 435 692
71 854 573
72 239 333
73 976 900
74 861 550
75 109 409
76 939 625
77 584 55
78 335 992
79 284 648
80 15 181
81 349 301
82 736 22
83 968 165
84 762 331
85 425 435
86 505 14
87 621 717
88 750 943
89 778 181
90 841 78
91 220 1
92 914 669
93 718 307
94 486 934
95 286 746
96 355 690
97 458 530
98 176 835
99 860 246
46 58
6 79
19 82
37 82
24 30
23 34
9 70
71 74
25 89
36 76
62 64
45 48
47 56
23 43
8 31
4 10
0 3
32 70
46 55
33 43
19 37
7 13
55 58
69 80
38 50
8 38
42 65
38 91
16 55
32 96
61 94
2 39
55 68
34 43
16 68
5 88
14 72
41 70
67 87
30 41
84 93
76 92
24 59
64 66
45 72
9 57
0 56
7 54
51 59
1 18
9 41
2 9
9 32
22 37
24 97
3 34
59 97
61 65
36 92
23 33
24 41
8 91
40 63
57 70
11 85
0 34
65 94
30 59
5 44
16 46
29 33
32 41
39 87
31 38
46 92
16 58
49 71
44 88
58 92
62 66
2 41
26 73
22 82
41 59
14 45
36 71
8 50
6 96
2 70
0 47
48 72
21 83
3 23
30 97
2 51
21 99
13 79
28 92
12 35
50 91
20 76
70 96
33 34
46 68
32 57
62 87
79 96
25 99
36 74
2 57
31 91
27 59
3 56
15 48
27 56
58 68
20 36
6 13
0 23
27 51
62 67
49 74
28 49
16 92
13 54
64 67
14 48
95 96
22 77
77 86
19 22
21 60
27 97
29 43
11 15
27 47
20 53
55 92
39 51
41 51
8 17
30 70
17 31
30 32
58 76
52 57
28 71
39 67
64 87
46 76
15 45
79 95
9 39
28 66
15 54
11 97
71 76
53 74
3 43
85 97
42 94
60 99
24 51
35 83
19 90
17 50
9 96
42 61
31 50
26 68
9 30
41 96
28 36
34 56
4 69
6 95
89 99
2 59
4 80
17 38
41 57
3 47
74 76
51 97
2 32
42 57
63 81
24 70
48 54
30 51
39 57
29 63
68 73
10 14
0 43
28 76
1 98
71 92
30 96
14 75
7 79
41 97
61 78
72 81
23 29
24 32
42 52
16 28
2 87
36 53
6 32
0 27
9 24
39 52
9 51
10 69
48 75
82 90
36 58
6 7
36 46
2 30
53 71
39 41
9 59
89 90
28 74
57 96
39 70
59 70
23 56
11 24
10 75
7 15
2 24
32 79
55 76
24 27
25 93
32 95
10 80
3 33
52 65
52 87
51 70
27 34
68 92
20 92
84 99
74 92
34 47
53 76
52 94
47 51
2 52
45 75
66 67
25 84
12 90
3 93
24 96
6 30
44 66
25 90
11 30
26 44
36 49
54 75
83 99
45 54
16 76
39 59
29 34
16 26
20 74
51 67
37 90
28 64
9 52
23 27
13 15
28 46
45 81
89 93
32 59
65 78
51 87
4 75
2 67
95 98
28 58
37 77
20 71
51 56
4 14
3 84
16 66
44 62
29 85
0 33
15 85
27 30
15 72
3 27
28 55
57 65
49 66
6 70
36 55
44 64
17 91
66 87
49 92
30 79
24 85
29 81
16 36
23 47
39 62
47 67
6 24
27 85
55 73
72 75
20 58
19 89
84 89
43 56
6 41
26 55
21 25
20 46
11 59
83 90
32 39
81 85
30 57
93 99
34 93
2 96
77 82
52 70
49 76
32 51
27 41
70 79
33 93
16 73
49 67
22 86
9 42
59 85
5 62
49 64
70 95
43 93
7 48
23 93
35 90
29 40
51 57
10 72
12 83
47 59
13 96
27 43
26 88
11 48
42 70
14 81
43 85
2 97
54 79
78 94
32 42
13 95
60 84
48 81
40 81
56 59
66 92
28 62
47 49
23 85
70 97
30 39
11 45
41 79
2 27
28 68
57 87
24 79
6 54
82 89
0 93
39 64
60 83
30 85
9 87
40 86
42 78
24 39
18 98
19 77
9 97
52 61
17 40
