100 547 211.00947846009194 sparse
0 852 200
1 413 422
2 906 258
3 323 620
4 144 442
5 821 729
6 740 942
7 551 839
8 49 510
9 992 489
10 417 732
11 162 322
12 174 532
13 355 507
14 637 289
15 50 274
16 273 786
17 88 958
18 182 87
19 521 967
20 533 726
21 697 965
22 479 244
23 182 520
24 905 26
25 322 771
26 112 15
27 171 478
28 474 394
29 808 223
30 287 419
31 479 154
32 682 158
33 467 775
34 788 583
35 999 644
36 926 355
37 805 46
38 931 802
39 796 755
40 781 456
41 764 744
42 270 475
43 527 436
44 783 418
45 382 427
46 644 110
47 162 853
48 866 385
49 895 22
50 285 71
51 483 497
52 779 994
53 435 687
54 262 435
55 15 976
56 841 381
57 644 217
58 865 287
59 935 281
60 107 856
61 890 587
62 335 559
63 880 734
64 37 522
65 151 636
66 581 332
67 109 870
68 880 73
69 818 487
70 811 156
71 245 574
72 36 13
73 136 722
74 636 464
75 672 404
76 531 552
77 657 416
78 603 676
79 619 845
80 414 873
81 93 588
82 555 90
83 6 836
84 802 771
85 102 501
86 325 325
87 598 52
88 275 355
89 567 171
90 275 70
91 425 943
92 15 848
93 538 629
94 146 13
95 651 993
96 600 375
97 941 790
98 778 534
99 505 20
50 90
24 49
60 67
12 23
83 92
38 97
8 64
39 84
75 77
48 56
30 54
1 45
39 41
26 94
5 39
2 59
40 44
42 54
23 27
4 27
5 84
41 84
66 96
40 69
10 53
6 21
0 29
34 98
2 58
16 25
74 77
49 68
24 68
8 85
21 95
12 27
47 60
47 67
13 62
82 87
86 88
30 42
5 41
5 63
0 70
32 46
69 98
3 62
6 52
30 88
10 33
29 70
36 48
1 28
28 43
7 79
64 85
44 56
74 75
32 57
77 96
58 59
14 66
80 91
14 57
4 85
27 85
51 76
46 87
36 59
17 55
43 51
65 81
26 72
76 93
44 69
75 96
40 98
12 85
0 2
37 68
78 93
54 88
82 89
20 33
23 85
18 94
12 71
63 97
23 71
13 45
38 63
29 58
20 78
82 99
63 84
64 81
39 63
4 23
21 52
65 73
81 85
0 58
36 56
44 48
8 81
31 89
57 89
22 31
17 67
3 71
13 42
46 82
62 71
36 58
60 92
37 49
14 96
33 53
18 90
4 12
43 96
30 45
74 96
40 56
67 92
56 58
20 93
28 45
48 58
46 89
87 99
12 81
23 42
19 91
2 36
27 42
31 82
18 26
34 69
27 54
30 86
24 37
34 61
42 71
6 95
1 51
10 25
1 13
60 83
28 51
17 60
2 29
18 50
20 53
7 33
42 62
12 65
46 57
68 70
56 69
67 83
72 94
37 70
40 48
13 30
33 80
12 42
44 75
23 81
43 74
65 71
48 69
66 77
22 89
7 20
1 43
32 89
0 59
66 75
43 76
44 98
10 20
41 63
23 54
4 8
45 86
43 66
3 13
13 54
11 88
4 54
53 93
23 65
42 88
14 75
45 54
40 75
27 71
4 11
11 15
42 45
45 51
87 89
35 61
61 69
28 66
61 98
48 59
44 77
1 30
8 27
54 86
8 12
34 40
28 96
55 92
52 95
13 51
17 47
14 77
13 71
45 88
32 70
16 47
0 68
27 30
4 42
40 77
3 53
12 54
1 86
57 66
7 19
43 77
5 38
17 92
19 95
38 84
2 48
8 23
47 73
4 64
5 97
22 66
27 81
32 87
31 99
74 76
60 73
14 89
56 59
25 80
12 64
14 32
2 56
2 70
29 59
54 71
45 62
55 83
84 97
73 81
25 53
10 80
90 94
27 64
7 80
9 61
55 67
58 70
29 32
19 80
38 39
66 74
51 93
21 79
76 78
65 85
54 62
32 82
4 30
23 64
25 33
40 74
43 45
23 30
3 10
20 79
17 83
47 92
61 63
30 62
43 75
39 97
35 63
9 36
5 34
22 28
67 73
50 94
11 54
3 25
55 60
16 73
79 95
1 54
1 42
71 81
1 88
10 16
44 74
3 42
44 58
4 81
6 79
57 82
9 35
11 27
36 44
19 79
51 74
31 87
47 83
35 97
4 88
1 62
5 61
23 62
49 70
11 30
74 98
10 93
27 65
42 86
12 30
24 70
51 62
71 85
30 71
0 37
27 88
64 65
29 56
66 89
8 65
33 93
53 62
34 41
11 86
89 99
12 62
9 48
7 91
18 72
57 96
13 28
29 57
28 86
14 22
34 44
56 98
46 99
53 76
16 80
4 71
32 37
29 68
22 57
33 79
75 98
69 75
28 76
33 78
53 78
77 98
51 96
78 79
42 85
40 61
36 69
56 75
31 46
7 78
57 87
7 10
22 82
0 36
13 88
35 38
26 90
29 48
34 39
3 65
3 23
73 83
3 12
48 98
54 85
33 91
46 70
37 46
3 16
13 23
22 86
9 69
20 76
73 92
41 78
14 74
0 32
1 76
69 77
19 21
59 70
28 74
31 57
36 40
41 79
38 41
34 63
29 37
29 36
57 70
22 96
14 46
25 47
16 60
0 56
13 76
26 50
0 24
6 84
12 13
41 97
27 62
0 49
14 29
69 74
14 43
7 95
71 73
16 67
28 77
13 86
76 77
0 48
9 56
13 43
13 27
2 68
53 80
11 42
56 77
44 96
34 84
28 30
40 58
11 85
57 75
20 80
23 88
1 22
16 53
76 96
1 66
7 53
10 62
47 55
51 66
74 93
51 77
25 73
4 15
39 61
1 96
7 21
34 74
43 93
16 65
12 73
14 28
4 65
10 78
16 33
45 76
3 54
14 44
48 75
6 39
51 53
62 76
29 44
13 53
5 35
79 84
22 43
28 75
40 96
39 79
11 23
29 46
57 77
19 33
6 41
62 65
5 98
44 61
42 65
25 91
45 71
32 66
41 61
2 44
3 51
3 45
30 85
28 88
31 32
48 61
12 88
61 84
3 30
75 76
44 59
31 66
58 69
8 71
89 96
79 80
34 78
37 87
22 45
23 73
14 31
3 27
39 78
0 57
34 56
61 97
42 81
11 12
7 93
41 98
51 75
30 51
31 50
