100 528 199.15069670980316 sparse
0 599 440
1 357 52
2 477 969
3 537 74
4 118 537
5 529 822
6 280 473
7 419 602
8 599 906
9 873 238
10 454 639
11 452 185
12 407 948
13 431 506
14 342 871
15 848 170
16 984 928
17 469 1000
18 406 935
19 930 18
20 320 406
21 515 683
22 601 928
23 377 961
24 479 243
25 715 495
26 686 704
27 150 890
28 602 717
29 329 613
30 502 660
31 411 708
32 853 991
33 375 970
34 810 96
35 258 439
36 201 590
37 737 548
38 638 181
39 489 629
40 14 980
41 374 713
42 341 567
43 967 748
44 948 914
45 892 746
46 257 808
47 5 412
48 169 792
49 949 606
50 471 980
51 349 470
52 50 235
53 600 913
54 279 458
55 961 826
56 305 17
57 204 609
58 5 41
59 773 563
60 136 441
61 461 63
62 471 870
63 841 893
64 818 187
65 737 614
66 437 99
67 549 876
68 931 650
69 859 724
70 721 142
71 548 701
72 947 478
73 816 139
74 229 336
75 114 482
76 439 366
77 946 932
78 924 927
79 913 382
80 284 10
81 32 12
82 94 588
83 273 763
84 985 778
85 638 429
86 734 429
87 175 531
88 302 101
89 631 455
90 977 99
91 245 243
92 969 882
93 751 965
94 208 339
95 880 265
96 380 846
97 148 574
98 321 773
99 222 366
8 53
23 33
2 50
12 18
22 53
6 54
44 77
36 57
17 50
74 94
8 22
56 80
77 78
21 30
85 89
44 78
9 95
35 54
94 99
74 99
2 17
12 23
30 39
15 64
43 84
0 89
10 39
31 41
21 71
16 77
44 92
16 44
12 33
18 23
37 59
58 81
45 69
6 35
0 85
61 66
34 73
15 73
14 96
60 75
18 33
29 42
49 68
4 97
46 83
64 73
16 92
83 98
87 97
7 10
10 30
55 84
77 92
4 75
36 97
82 97
28 71
4 82
55 92
4 87
25 37
5 67
8 67
21 39
16 78
30 71
59 65
1 56
53 67
78 92
11 24
36 87
37 65
57 97
20 54
25 86
6 51
20 35
20 51
51 54
12 50
9 15
46 98
2 12
22 67
1 88
9 64
7 39
43 45
10 21
5 62
3 61
6 20
43 55
62 67
75 87
2 18
18 50
41 98
12 17
10 31
35 99
15 34
57 87
56 88
1 80
26 28
7 42
11 66
44 55
25 59
46 48
13 51
63 78
14 18
17 18
7 29
34 64
38 70
18 62
18 96
80 88
1 66
25 89
39 71
21 28
19 90
96 98
62 96
74 91
70 73
32 78
23 50
85 86
35 51
33 50
14 23
7 13
42 51
4 60
75 97
60 87
45 84
4 36
17 33
32 63
82 87
2 62
64 95
27 48
17 23
34 70
14 98
15 95
2 23
12 14
12 62
7 30
25 85
72 79
2 33
30 31
91 94
3 66
68 69
26 65
45 68
14 33
43 68
16 55
1 61
84 92
32 93
12 96
45 55
14 46
20 99
86 89
7 31
64 70
21 31
35 74
36 82
55 77
55 78
75 82
48 83
54 99
13 42
10 41
44 63
5 8
29 41
50 62
32 77
43 69
31 39
31 98
35 94
57 82
63 77
6 42
4 57
10 71
41 83
60 99
9 73
20 74
23 96
28 30
63 93
5 53
2 67
37 86
7 41
6 87
25 65
79 95
6 99
35 60
32 44
11 61
5 71
35 87
33 96
60 94
29 57
91 99
42 54
29 31
20 76
7 21
54 87
10 29
5 28
49 72
5 22
14 83
0 25
63 92
46 96
14 62
24 76
47 75
50 67
17 62
29 36
15 70
20 94
2 22
23 62
54 74
8 62
41 96
60 97
10 42
43 92
47 60
27 46
10 13
66 88
2 53
83 96
0 86
53 62
13 39
69 84
31 71
2 8
55 63
51 76
26 71
30 41
54 94
33 62
36 75
68 84
59 86
5 21
3 11
22 50
13 76
60 74
44 84
37 89
6 36
73 95
31 96
36 42
22 62
39 41
19 34
43 49
28 39
42 57
54 60
21 41
55 69
29 51
16 32
50 53
6 74
3 38
16 63
15 90
6 60
17 67
13 29
8 50
6 29
49 69
31 83
13 20
7 51
9 79
41 42
24 66
16 84
35 75
17 22
41 46
5 96
45 49
6 94
35 42
60 82
88 91
48 98
36 54
22 93
6 13
18 67
37 85
9 34
56 66
45 63
57 75
6 57
2 5
45 92
2 96
17 53
31 42
75 99
77 84
32 92
12 67
13 54
53 93
29 83
29 98
8 17
39 42
29 39
78 84
14 41
35 36
50 96
20 42
36 60
7 71
56 61
29 54
8 93
27 40
1 11
61 88
5 31
26 37
51 99
5 30
65 69
26 59
73 90
6 97
19 73
6 75
54 75
2 14
5 18
34 90
43 44
10 28
28 67
5 50
4 47
54 57
57 83
14 50
13 30
28 65
42 87
63 69
24 38
4 35
75 94
87 99
67 96
11 88
21 26
15 19
68 72
31 62
9 90
35 97
26 69
4 6
41 71
29 87
54 97
67 71
0 37
5 12
49 84
0 76
27 83
14 31
66 80
44 45
78 93
17 96
35 57
59 89
55 68
62 98
3 24
29 30
4 54
20 91
9 70
51 74
38 64
59 68
0 13
16 43
24 61
14 17
49 59
57 60
1 3
11 76
64 90
59 69
47 52
38 73
34 95
18 98
31 46
45 78
43 78
63 84
51 87
41 62
54 76
61 80
65 86
79 86
29 97
43 77
13 35
62 71
74 75
30 42
11 38
48 57
20 60
36 83
5 17
29 35
10 98
8 28
52 94
26 30
5 41
6 7
14 48
59 85
36 51
65 89
28 31
20 87
6 76
34 38
23 67
43 63
21 62
90 95
51 94
69 92
14 27
42 97
5 14
59 72
45 77
23 46
87 94
12 98
12 22
18 22
52 91
8 18
35 76
18 53
18 46
13 21
21 67
28 53
12 53
3 70
23 98
5 26
35 91
8 12
7 98
5 39
32 55
47 82
65 68
33 67
5 10
77 93
21 29
10 51
52 58
