100 400 178.27226368675525 sparse
0 659 430
1 781 31
2 795 296
3 765 1000
4 126 409
5 82 700
6 427 740
7 251 352
8 717 204
9 271 107
10 535 673
11 671 168
12 323 806
13 247 21
14 47 171
15 543 14
16 61 552
17 92 234
18 696 616
19 135 175
20 796 325
21 563 855
22 333 157
23 335 242
24 15 56
25 124 890
26 948 463
27 857 513
28 112 216
29 914 571
30 322 675
31 777 443
32 827 784
33 803 315
34 537 412
35 316 522
36 154 152
37 307 17
38 160 396
39 218 88
40 965 186
41 599 580
42 891 554
43 790 241
44 115 962
45 914 714
46 782 628
47 906 400
48 300 621
49 611 515
50 230 894
51 563 966
52 853 968
53 916 634
54 318 179
55 910 833
56 973 797
57 223 883
58 486 642
59 993 120
60 13 737
61 618 281
62 94 432
63 740 658
64 810 453
65 927 112
66 599 870
67 634 748
68 731 329
69 943 699
70 722 31
71 986 217
72 837 201
73 624 419
74 420 442
75 788 541
76 744 851
77 70 86
78 780 431
79 47 377
80 606 819
81 44 346
82 50 472
83 326 769
84 173 713
85 610 104
86 867 116
87 62 467
88 274 958
89 778 70
90 656 146
91 475 89
92 948 252
93 522 293
94 333 308
95 444 283
96 873 500
97 266 357
98 356 909
99 972 860
20 33
31 78
82 87
50 57
7 97
2 33
27 96
22 54
11 90
17 28
29 42
2 20
19 36
79 81
45 69
31 64
4 38
0 73
12 83
64 78
40 71
21 66
1 89
4 62
19 28
62 87
66 80
46 63
71 92
27 42
2 43
21 80
9 39
42 96
10 58
30 48
8 11
1 70
62 82
13 37
65 86
18 63
43 72
85 90
24 77
56 99
29 53
20 68
23 54
23 94
41 49
59 65
55 99
40 92
70 89
53 69
40 59
2 68
62 79
25 44
55 56
17 19
13 39
33 68
27 75
33 43
38 62
26 47
27 64
67 80
28 36
14 17
50 88
5 60
64 96
93 95
14 28
9 22
45 53
16 82
27 29
8 43
29 96
94 97
40 65
26 96
42 53
8 90
20 43
16 87
22 23
4 79
9 54
4 87
18 46
46 75
34 73
14 77
14 19
11 85
9 13
72 86
36 39
57 88
64 75
79 87
5 84
7 94
3 52
30 83
75 96
79 82
88 98
32 55
61 93
49 73
9 37
59 71
0 49
31 75
4 82
25 57
62 81
86 89
35 48
7 38
15 91
45 56
56 69
51 66
17 36
4 81
18 41
42 75
26 27
2 72
6 83
47 96
43 68
25 50
27 31
32 76
36 77
20 78
26 42
12 98
14 36
47 64
19 77
75 78
21 51
31 96
32 45
15 85
27 78
10 41
38 97
68 78
26 29
94 95
37 39
6 58
38 79
78 96
23 95
33 78
18 75
0 31
33 72
45 55
14 24
20 31
34 93
8 72
19 39
40 86
65 71
2 8
34 74
1 86
0 78
38 87
17 81
72 92
81 87
61 68
31 68
27 47
6 12
0 34
6 30
0 68
10 67
16 62
11 61
9 36
8 61
8 68
59 86
81 82
12 57
38 81
63 75
65 72
34 49
50 98
66 67
6 10
12 50
21 67
20 64
40 72
41 58
42 64
29 75
47 78
54 94
20 72
31 33
12 30
35 74
29 69
42 46
18 49
70 90
20 47
33 47
44 50
70 85
38 82
44 57
22 39
23 97
46 53
27 53
39 54
57 98
2 78
85 91
31 47
28 77
27 46
4 7
55 69
61 73
33 64
26 64
7 23
63 67
59 92
11 43
68 73
61 90
8 33
53 96
65 92
76 80
22 37
29 45
83 98
72 89
89 90
29 46
32 69
8 20
11 89
18 67
11 70
66 76
8 85
52 55
32 56
28 81
43 86
64 68
8 89
39 77
2 31
4 97
9 23
5 16
17 77
71 72
17 79
48 83
3 76
67 76
22 94
9 19
2 47
0 64
30 35
32 63
51 80
57 83
30 84
47 92
34 61
42 69
0 61
42 47
65 89
31 73
71 86
73 78
48 84
46 96
4 16
45 99
29 64
22 91
45 46
50 83
2 64
33 92
53 75
86 92
43 92
34 95
44 88
31 42
2 92
12 88
74 94
52 76
13 36
52 99
74 95
13 22
41 63
0 41
42 45
60 84
73 93
10 80
32 46
37 54
83 84
41 73
54 95
69 99
32 99
43 90
25 88
42 78
28 39
68 72
36 54
1 65
55 76
30 58
22 95
70 86
20 92
24 36
19 24
11 72
1 90
0 75
10 18
26 78
29 47
85 89
43 89
41 67
11 68
26 31
35 97
0 20
53 56
8 70
13 54
28 79
15 90
8 86
26 53
61 95
6 48
32 53
14 81
10 49
16 79
17 38
1 11
59 72
74 97
46 69
7 62
12 84
43 61
61 85
57 84
46 64
53 63
2 61
26 75
6 21
49 58
2 11
4 17
