100 400 187.17104476921637 sparse
0 251 859
1 512 629
2 67 596
3 883 331
4 880 22
5 772 436
6 806 421
7 67 636
8 352 513
9 96 649
10 756 335
11 59 987
12 689 950
13 810 131
14 676 623
15 410 968
16 571 263
17 942 812
18 63 45
19 271 659
20 70 38
21 757 501
22 611 985
23 758 98
24 185 936
25 640 277
26 275 760
27 578 893
28 217 481
29 181 188
30 971 20
31 372 114
32 611 358
33 226 61
34 31 438
35 502 682
36 89 585
37 435 195
38 214 476
39 540 954
40 222 996
41 846 982
42 6 314
43 391 7
44 238 42
45 278 245
46 416 202
47 856 956
48 975 476
49 472 247
50 326 586
51 171 987
52 365 531
53 250 89
54 204 400
55 30 152
56 970 442
57 60 647
58 411 818
59 697 422
60 386 272
61 23 965
62 982 320
63 534 430
64 302 778
65 398 217
66 51 132
67 901 250
68 280 648
69 246 494
70 487 615
71 341 553
72 837 937
73 51 23
74 377 306
75 919 535
76 648 90
77 142 481
78 771 628
79 506 65
80 668 526
81 632 896
82 965 839
83 406 581
84 443 980
85 540 919
86 495 262
87 659 525
88 241 292
89 302 563
90 626 937
91 208 817
92 125 507
93 830 38
94 862 915
95 947 912
96 721 751
97 687 38
98 247 478
99 41 38
28 38
80 87
18 20
7 57
19 68
69 98
73 99
37 46
8 52
33 44
18 99
46 65
20 73
2 36
18 73
47 72
49 86
41 47
1 70
55 66
20 99
28 98
77 92
7 9
28 69
26 64
52 71
38 98
50 89
72 94
48 56
39 85
15 84
60 74
17 82
9 57
50 71
38 69
33 53
5 6
2 7
71 89
81 90
47 94
8 71
11 61
37 65
41 72
27 85
44 53
22 90
2 57
40 51
4 93
24 51
1 35
27 81
7 36
60 65
45 88
0 91
2 9
13 23
37 49
12 90
9 36
52 83
76 97
27 90
5 21
50 52
36 57
35 70
41 94
16 25
24 40
52 89
8 89
71 83
46 49
27 39
38 77
28 77
82 95
16 86
46 60
5 59
38 54
50 68
22 39
8 50
12 81
49 65
50 83
48 75
28 54
3 67
94 95
12 22
36 92
25 32
8 83
39 90
68 89
18 66
70 83
85 90
26 91
69 89
54 98
49 60
37 86
4 30
37 60
19 50
65 74
22 81
21 80
23 97
23 93
6 21
38 92
66 99
81 85
13 93
14 78
28 92
0 64
20 66
22 85
14 80
22 27
31 46
21 59
46 86
14 87
6 10
3 62
17 95
16 49
39 84
19 89
21 87
19 26
47 95
89 98
0 24
64 91
0 26
54 77
5 10
31 37
54 69
16 32
69 77
77 98
10 59
32 63
83 89
56 75
31 65
2 92
65 86
62 67
32 59
8 69
59 80
31 43
39 81
66 73
6 59
60 86
59 87
23 76
8 98
46 74
45 60
69 71
49 74
18 55
11 51
26 68
29 45
72 95
68 71
54 88
55 99
84 85
58 64
45 74
1 83
34 92
36 77
28 89
3 6
34 77
29 88
71 98
29 53
20 55
24 91
69 92
50 69
56 62
41 95
19 64
45 65
38 89
31 53
52 69
12 27
37 74
92 98
74 86
34 42
19 71
3 10
21 78
82 94
43 79
52 98
4 13
10 25
17 94
55 73
15 39
64 68
78 96
54 92
50 98
29 33
14 96
11 24
74 88
2 77
5 80
8 28
15 85
35 83
0 40
3 56
7 92
29 66
30 93
31 79
68 83
8 38
93 97
28 71
4 23
5 87
76 79
45 46
52 68
9 92
78 80
25 86
60 88
14 21
10 32
26 58
52 70
37 79
38 71
12 72
12 39
51 61
13 67
15 58
32 86
0 51
28 50
16 37
31 44
78 87
12 85
3 5
8 68
13 97
57 92
29 55
31 33
25 59
19 83
48 62
28 52
29 44
43 44
38 50
63 87
20 33
68 69
34 36
45 53
31 60
70 71
19 52
47 82
12 41
6 75
27 84
38 52
72 82
31 45
2 34
43 53
59 63
11 40
17 72
50 70
35 58
42 55
18 33
58 85
46 79
1 14
24 61
37 45
63 80
28 36
58 84
0 58
6 56
21 75
36 38
10 21
31 49
16 46
19 69
8 19
12 47
13 76
17 47
20 44
22 84
10 67
8 70
19 91
81 96
25 49
16 63
3 48
45 54
7 77
63 86
68 98
6 80
33 43
32 87
51 91
65 88
9 77
75 78
18 44
9 19
12 94
1 52
34 54
5 75
32 80
6 48
32 49
28 68
5 32
16 65
33 73
40 91
77 89
1 87
6 87
26 50
36 69
69 83
19 98
79 97
27 58
68 91
14 35
15 27
9 68
38 68
57 77
49 79
16 60
18 29
89 92
38 88
19 28
41 82
88 98
25 63
8 54
33 99
65 79
20 29
34 38
1 80
20 53
1 71
25 76
