100 400 176.58992043715293 sparse
0 799 416
1 178 347
2 70 966
3 405 361
4 671 293
5 885 219
6 121 645
7 785 299
8 113 44
9 273 674
10 507 943
11 654 1
12 318 720
13 352 509
14 39 813
15 128 437
16 155 211
17 647 432
18 61 884
19 892 147
20 787 674
21 937 816
22 732 388
23 103 524
24 463 356
25 504 78
26 966 74
27 246 742
28 365 947
29 20 141
30 278 549
31 202 682
32 284 774
33 184 451
34 78 854
35 187 880
36 784 537
37 61 30
38 694 641
39 363 885
40 168 833
41 738 32
42 106 589
43 972 258
44 940 759
45 850 463
46 37 289
47 576 815
48 836 851
49 507 755
50 347 407
51 11 865
52 949 400
53 281 121
54 671 388
55 99 184
56 949 818
57 126 760
58 148 190
59 787 501
60 605 546
61 122 367
62 162 421
63 924 232
64 854 858
65 220 190
66 129 150
67 435 169
68 758 1000
69 240 248
70 173 269
71 734 179
72 214 485
73 391 377
74 533 125
75 498 984
76 510 511
77 370 742
78 473 220
79 598 808
80 741 909
81 947 665
82 911 42
83 992 511
84 124 934
85 153 783
86 459 440
87 708 299
88 134 803
89 477 876
90 997 501
91 253 945
92 725 806
93 715 610
94 675 223
95 153 104
96 360 595
97 191 592
98 798 201
99 966 555
83 90
21 56
48 64
3 73
16 58
47 79
85 88
18 34
57 85
36 59
33 62
38 93
4 87
15 62
5 63
10 75
57 88
58 66
55 66
33 72
40 88
55 58
27 32
17 54
35 40
83 99
66 95
40 85
50 73
18 51
8 37
43 63
25 74
12 77
14 34
21 44
15 33
6 42
3 24
14 51
1 61
44 56
16 70
22 54
65 69
28 39
16 55
90 99
2 84
67 78
26 82
12 32
9 12
23 42
16 66
61 62
71 98
34 51
16 65
0 45
4 94
69 70
15 61
9 31
58 65
8 95
5 19
0 22
9 27
10 89
45 59
71 94
3 50
14 18
27 31
24 73
12 27
1 62
34 88
7 87
1 70
18 84
62 72
2 18
87 94
58 70
35 84
24 86
13 30
40 57
42 97
0 59
58 95
13 96
76 86
6 97
5 98
6 31
11 41
29 55
30 72
15 23
31 97
19 63
47 49
32 77
65 70
53 65
22 87
34 84
34 40
68 80
35 91
73 86
16 69
21 64
35 88
30 96
44 81
4 54
5 43
14 88
3 86
17 22
20 93
54 87
55 95
30 97
15 72
20 38
7 98
36 45
65 66
36 93
9 32
60 76
27 85
14 57
13 50
35 85
1 15
56 64
34 85
7 22
19 26
1 33
80 92
33 61
49 79
34 57
19 82
21 48
16 95
8 66
67 74
19 98
58 69
31 57
65 95
23 33
18 88
29 66
72 97
75 89
40 84
61 70
23 97
48 80
81 99
52 90
28 91
34 35
31 85
2 34
74 78
55 70
4 22
4 7
25 67
39 89
6 57
46 61
9 97
47 89
50 86
1 69
2 51
45 52
9 96
23 72
48 56
0 7
14 85
37 95
29 37
9 77
18 40
23 62
52 83
48 92
27 40
55 65
27 57
17 60
0 36
46 55
12 31
6 23
71 87
31 32
64 80
27 77
49 89
94 98
9 30
39 91
22 59
18 35
24 50
66 70
79 92
60 93
13 86
27 88
5 7
53 95
84 91
63 98
32 40
38 60
4 71
7 71
14 40
59 93
0 54
44 64
32 85
84 88
12 96
51 84
28 89
87 98
53 69
31 42
7 94
8 29
35 57
30 33
32 39
24 78
18 85
19 43
20 36
29 58
46 70
36 38
49 77
13 73
51 88
37 66
1 16
28 75
29 95
31 88
79 89
44 48
64 92
22 45
18 57
13 72
40 91
8 55
4 17
33 97
16 46
6 85
10 28
1 72
39 77
32 35
43 52
7 54
2 35
25 78
10 47
20 92
17 87
41 71
77 96
14 84
45 99
66 69
0 87
46 58
29 46
47 92
61 72
53 58
45 83
42 72
27 35
8 58
0 52
21 81
45 90
16 29
62 70
1 46
32 88
0 17
56 81
30 31
15 42
84 85
50 72
7 63
6 9
53 66
31 40
16 53
55 69
10 39
51 57
52 99
17 59
2 14
5 71
3 78
4 98
3 13
22 36
30 50
13 76
23 61
17 76
6 27
33 42
6 88
37 55
32 57
16 61
27 97
1 58
40 51
20 81
81 83
19 71
53 67
54 59
24 76
9 85
14 35
1 65
10 79
26 63
51 85
54 94
2 40
5 26
70 95
46 66
15 97
39 75
61 69
38 92
38 59
48 68
69 95
11 25
33 50
96 97
52 63
9 57
12 39
54 60
64 68
81 90
77 89
76 96
42 57
8 16
74 94
17 36
30 62
20 59
11 74
41 82
62 97
15 46
32 91
15 70
57 84
22 94
20 44
79 80
2 88
12 30
35 39
7 45
30 42
