100 400 172.6759971738979 sparse
0 529 229
1 398 838
2 726 851
3 200 146
4 189 200
5 798 826
6 0 108
7 44 681
8 147 128
9 827 560
10 963 722
11 998 84
12 146 581
13 0 468
14 774 655
15 295 40
16 699 949
17 227 221
18 821 979
19 652 730
20 347 39
21 943 620
22 170 76
23 59 994
24 435 905
25 438 878
26 870 96
27 457 922
28 546 996
29 842 113
30 177 888
31 937 222
32 173 457
33 772 453
34 50 948
35 634 537
36 380 246
37 519 802
38 876 478
39 419 107
40 933 792
41 514 539
42 583 716
43 433 605
44 291 377
45 568 789
46 965 314
47 702 486
48 856 334
49 522 291
50 952 520
51 63 922
52 780 116
53 226 719
54 688 39
55 993 136
56 818 754
57 868 844
58 191 200
59 978 814
60 140 465
61 161 902
62 415 929
63 856 124
64 712 643
65 221 828
66 441 196
67 247 298
68 758 404
69 808 717
70 420 863
71 878 125
72 84 951
73 252 508
74 218 981
75 387 628
76 170 995
77 70 99
78 851 888
79 912 491
80 495 880
81 695 819
82 834 517
83 945 191
84 639 449
85 935 161
86 969 662
87 229 960
88 956 669
89 116 545
90 720 660
91 607 679
92 995 576
93 304 30
94 465 99
95 842 648
96 377 400
97 394 940
98 331 527
99 154 968
4 58
15 93
86 88
29 63
64 90
30 61
63 71
25 70
74 87
62 97
24 25
24 27
34 51
26 71
24 62
26 63
76 99
83 85
31 83
26 29
1 70
32 60
34 72
51 72
29 71
38 79
56 69
17 58
27 62
4 17
9 82
20 93
42 91
2 81
24 70
39 94
12 89
23 34
57 78
25 27
21 86
50 79
23 72
74 76
40 59
37 45
21 88
33 68
43 75
15 20
11 55
10 88
24 97
14 90
3 58
3 4
25 62
3 8
1 25
27 80
8 22
25 80
38 82
10 86
31 85
29 52
0 49
14 64
55 85
24 80
74 99
27 97
62 70
61 99
71 85
19 91
21 92
14 95
76 87
27 70
19 42
6 77
50 92
14 69
72 99
23 51
5 57
55 83
47 84
30 65
42 45
5 56
87 99
25 97
3 22
10 40
2 5
52 63
1 24
70 80
69 95
33 47
36 66
17 67
3 17
73 98
70 97
5 78
37 80
79 82
8 77
40 57
30 99
4 8
60 89
8 58
35 47
38 50
63 85
35 84
30 87
44 96
33 82
9 95
61 87
86 92
44 67
61 72
39 66
26 85
26 52
1 62
10 59
61 76
62 80
0 66
32 73
71 83
61 65
9 38
18 78
31 46
72 76
61 74
19 90
52 71
23 99
19 81
20 39
47 68
11 85
66 94
51 61
21 50
88 92
30 74
2 16
51 99
1 97
22 77
31 55
1 27
19 45
56 57
5 81
10 21
41 43
29 85
21 95
32 89
69 90
19 64
1 80
34 99
33 38
37 42
30 76
14 56
56 95
9 14
53 65
5 69
9 79
46 48
64 91
23 76
25 37
63 83
30 72
58 67
31 71
4 67
57 59
90 91
75 98
55 71
27 28
88 95
12 60
37 70
45 80
45 91
80 97
50 82
79 92
30 51
11 83
52 54
60 73
35 41
34 61
9 33
48 68
26 83
40 56
64 69
90 95
8 17
46 83
49 66
40 88
4 22
16 18
22 58
1 37
40 78
28 80
11 71
12 32
31 63
68 84
86 95
43 98
11 26
12 73
34 76
29 83
26 55
51 76
16 81
15 22
64 95
2 78
45 81
9 21
9 50
82 95
35 64
65 87
20 94
21 79
24 37
33 84
2 56
40 86
27 37
96 98
47 82
56 90
68 82
44 73
72 74
23 61
55 63
56 78
31 48
3 77
39 93
56 81
5 40
13 89
38 68
13 60
30 34
57 69
15 39
73 89
22 93
9 64
2 19
10 95
2 57
3 15
32 44
26 31
36 67
7 12
18 57
50 86
14 19
24 28
36 39
35 91
29 31
0 94
33 79
9 47
72 87
38 48
33 48
40 69
9 90
59 88
59 78
28 62
11 63
42 90
42 64
6 8
10 56
36 49
50 88
10 92
0 36
21 82
35 90
14 82
11 31
19 37
37 91
42 81
69 81
59 86
29 55
65 74
56 64
7 89
41 84
36 96
38 92
10 57
5 18
17 36
10 69
41 75
65 99
44 98
69 88
3 93
17 22
46 85
4 77
19 69
21 38
2 69
47 64
25 45
58 77
5 16
9 69
36 44
23 30
11 29
3 67
2 18
12 53
23 74
25 28
16 28
81 90
52 85
33 35
28 97
56 88
16 78
37 62
0 39
73 96
67 96
81 91
45 70
51 74
87 97
21 69
48 79
19 56
41 91
48 83
17 44
14 91
9 92
50 95
9 88
92 95
2 45
36 94
69 86
51 87
40 95
9 68
78 81
29 54
56 59
34 74
82 92
79 95
8 15
21 40
14 21
5 14
