100 400 176.81911661356077 sparse
0 107 275
1 268 91
2 325 100
3 89 259
4 929 779
5 83 24
6 520 683
7 160 861
8 953 738
9 723 316
10 434 681
11 3 581
12 667 923
13 906 264
14 447 948
15 169 955
16 23 501
17 818 766
18 811 884
19 685 123
20 183 533
21 894 74
22 689 735
23 351 351
24 669 756
25 738 905
26 864 892
27 249 731
28 512 792
29 510 437
30 718 522
31 500 967
32 935 956
33 806 271
34 561 991
35 488 717
36 242 247
37 824 104
38 514 618
39 462 506
40 814 372
41 130 834
42 74 885
43 104 459
44 749 195
45 842 526
46 120 891
47 310 746
48 952 461
49 552 963
50 998 812
51 869 451
52 305 639
53 402 634
54 547 841
55 132 589
56 940 539
57 775 170
58 873 540
59 383 174
60 130 567
61 769 855
62 791 384
63 963 416
64 376 501
65 89 685
66 487 144
67 195 17
68 156 670
69 240 160
70 705 637
71 407 830
72 268 604
73 573 86
74 792 993
75 417 103
76 717 344
77 853 782
78 61 235
79 76 347
80 604 171
81 931 949
82 828 73
83 214 324
84 144 569
85 589 566
86 85 278
87 869 262
88 948 157
89 126 308
90 588 422
91 943 444
92 657 982
93 254 993
94 311 144
95 72 534
96 848 383
97 747 990
98 777 133
99 737 823
32 81
60 84
48 91
3 86
55 60
0 86
55 84
0 3
40 62
9 76
22 24
34 49
37 82
45 58
63 91
40 96
44 57
3 78
13 87
57 98
0 89
17 77
7 41
74 97
61 99
2 94
48 63
42 46
6 35
4 8
78 86
7 46
86 89
52 72
18 61
31 49
20 84
18 26
37 98
14 31
10 53
62 96
1 2
41 46
25 61
16 95
12 92
28 54
0 78
3 89
27 47
20 60
79 89
33 87
10 35
6 38
31 34
21 82
60 95
56 58
44 98
1 94
65 68
79 86
51 96
69 94
12 25
51 91
1 69
41 42
20 55
18 25
4 77
21 37
4 50
59 94
0 79
59 75
28 35
82 98
48 56
29 90
45 51
84 95
15 46
66 75
55 95
43 95
36 83
25 99
37 57
11 16
11 95
48 51
29 39
62 76
55 68
25 97
6 10
39 64
8 50
36 69
26 81
3 79
51 58
7 42
83 89
92 97
73 80
16 43
38 85
2 75
19 98
15 93
2 59
19 80
9 33
7 15
33 44
56 91
24 99
26 32
18 99
9 62
40 51
19 44
34 92
52 53
78 89
45 56
21 88
17 99
22 70
22 99
13 33
51 63
40 76
33 40
19 57
17 61
68 84
10 38
26 61
35 38
51 62
25 74
66 73
1 67
2 69
12 97
55 65
33 57
14 49
60 68
49 92
9 40
47 52
27 52
59 66
20 43
8 77
6 28
18 77
57 82
26 77
18 74
20 72
20 95
43 60
27 68
61 77
28 71
48 58
4 17
25 92
5 67
91 96
78 79
51 56
38 53
75 94
33 62
13 88
33 76
43 79
30 70
43 84
0 83
37 44
19 73
15 42
17 18
58 91
35 53
33 96
63 96
66 80
12 49
14 34
12 99
49 54
12 61
87 96
40 87
77 99
38 39
9 44
18 97
36 94
26 74
30 45
24 70
14 71
60 65
56 63
16 60
12 34
25 26
15 41
45 48
6 53
11 60
47 71
65 84
27 72
72 84
11 55
68 72
48 96
45 91
4 26
21 98
36 89
87 88
57 87
13 96
17 22
43 55
17 26
31 54
37 88
11 65
74 92
53 64
10 28
10 52
6 85
70 85
30 85
18 81
76 96
61 97
55 72
83 86
53 72
35 54
44 87
8 17
0 36
16 84
35 71
20 68
23 83
61 74
79 83
10 47
16 55
19 37
54 71
39 85
24 61
3 83
33 98
39 53
11 84
1 59
9 96
13 40
60 72
45 96
12 74
18 32
59 69
85 90
22 61
26 99
62 87
47 53
12 54
44 82
74 81
14 54
82 88
44 80
32 74
40 91
50 77
47 72
29 64
24 54
12 18
64 72
17 24
1 75
67 69
34 54
23 36
76 90
45 62
29 85
10 71
39 90
19 82
65 95
23 64
52 68
44 76
50 81
43 89
26 97
21 57
58 63
3 36
2 67
41 65
9 57
52 64
40 63
9 87
30 58
26 50
30 62
40 45
73 75
32 50
27 41
7 27
31 92
4 18
1 36
11 43
87 98
36 59
58 96
68 95
36 86
6 54
17 25
24 28
13 57
20 52
7 93
13 63
16 79
16 20
62 91
45 63
30 90
24 25
40 48
37 87
31 71
6 24
41 68
69 83
13 62
27 65
30 51
12 24
97 99
2 66
33 37
25 77
46 93
2 36
14 28
61 92
4 81
22 77
57 80
13 44
17 70
9 90
47 68
67 94
88 98
12 31
76 87
57 88
28 38
43 83
62 63
28 31
52 84
28 49
0 69
66 94
58 62
45 70
6 22
