100 417 180.1138528820035 sparse
0 508 897
1 912 314
2 257 501
3 265 212
4 829 25
5 539 470
6 836 51
7 644 722
8 244 536
9 724 607
10 322 836
11 165 964
12 821 672
13 294 110
14 729 341
15 438 159
16 802 961
17 546 608
18 206 585
19 72 584
20 81 562
21 965 481
22 977 732
23 992 951
24 443 699
25 430 729
26 507 387
27 444 47
28 707 160
29 29 354
30 246 175
31 769 13
32 344 984
33 455 627
34 618 661
35 886 914
36 750 214
37 169 449
38 452 534
39 628 524
40 305 555
41 992 17
42 759 350
43 940 87
44 206 539
45 861 44
46 98 117
47 359 13
48 361 608
49 522 677
50 152 591
51 314 776
52 100 903
53 840 103
54 133 296
55 311 373
56 87 117
57 210 615
58 337 745
59 417 144
60 960 330
61 215 418
62 856 586
63 519 102
64 922 492
65 572 815
66 578 295
67 622 218
68 757 261
69 604 439
70 893 708
71 662 912
72 142 442
73 957 674
74 734 285
75 676 891
76 582 122
77 855 759
78 763 678
79 8 337
80 887 161
81 69 704
82 404 449
83 809 692
84 554 8
85 622 347
86 813 98
87 958 68
88 94 27
89 655 120
90 969 430
91 314 532
92 196 121
93 356 940
94 37 585
95 435 979
96 750 600
97 521 266
98 461 511
99 485 462
46 56
12 83
19 20
40 91
38 98
71 75
15 59
6 45
43 87
4 6
9 96
29 79
53 86
37 72
18 57
14 42
24 25
68 74
19 94
4 45
2 8
8 44
51 58
3 30
21 64
32 93
18 44
36 68
78 83
20 94
1 60
21 90
6 53
6 86
18 50
98 99
5 99
37 61
14 74
12 78
10 51
4 31
41 87
22 73
8 18
45 53
50 57
2 44
70 77
8 40
66 97
2 91
28 89
63 76
7 34
66 85
28 36
42 74
8 91
5 69
2 40
45 86
70 73
36 74
24 33
76 89
17 49
30 92
53 80
4 86
44 50
44 57
20 50
61 72
6 31
40 48
64 90
26 99
4 53
78 96
38 99
19 50
12 70
13 30
9 78
77 83
24 49
82 99
33 49
82 98
14 68
70 83
8 57
41 43
22 70
93 95
5 98
39 69
66 67
5 26
42 68
11 52
48 91
17 34
43 45
46 88
56 88
43 80
32 95
27 47
10 58
12 62
17 33
27 63
2 61
33 38
12 77
69 85
25 58
31 86
33 48
16 35
31 45
80 86
37 44
34 49
38 82
46 92
2 18
13 92
15 63
45 87
40 44
63 84
60 90
27 59
12 96
43 53
2 37
28 67
67 89
18 40
67 76
0 65
5 39
25 33
25 49
55 61
3 13
62 96
14 85
8 50
5 38
44 91
56 92
83 96
10 93
0 95
6 43
26 69
59 63
67 97
15 27
23 35
40 57
28 68
3 92
31 53
62 64
8 37
50 94
24 58
62 83
33 98
26 66
44 72
27 84
9 12
13 47
80 87
38 48
17 39
76 84
7 65
9 34
29 54
17 38
45 80
19 81
55 82
9 83
26 82
18 91
69 99
6 80
44 61
8 61
26 85
26 97
82 91
24 48
77 78
28 86
53 87
6 87
81 94
2 57
22 77
25 51
7 78
9 39
18 20
20 44
4 43
43 86
62 70
13 59
28 74
74 85
36 67
14 36
65 75
17 98
67 85
1 90
2 72
85 97
7 49
67 74
28 76
62 78
54 79
36 86
26 98
65 71
73 77
57 91
70 78
36 89
9 62
41 45
62 73
18 19
20 72
15 97
4 87
12 73
36 42
5 82
42 85
63 89
34 39
8 48
17 24
38 91
5 17
2 50
8 72
88 92
2 55
48 58
25 48
48 98
20 57
7 9
50 81
18 37
19 44
19 57
67 68
20 81
36 53
37 50
20 37
29 72
47 59
39 96
16 75
28 53
40 82
34 96
34 78
54 72
66 69
49 65
36 80
54 61
4 80
86 87
16 71
5 85
38 40
91 98
15 76
73 83
2 48
50 72
10 32
24 51
7 17
84 89
61 91
21 60
48 57
21 62
10 25
13 15
0 71
1 80
63 67
39 99
2 82
66 74
31 89
76 97
3 54
18 72
18 48
26 38
27 76
1 42
40 50
37 54
14 66
0 93
35 77
17 99
19 72
14 69
30 46
55 91
38 49
86 89
28 31
6 41
68 85
69 98
59 97
34 65
37 55
7 96
40 98
13 27
14 67
4 41
1 68
40 61
68 80
63 97
48 82
8 20
24 38
30 54
15 47
25 65
19 37
33 40
60 64
59 76
33 34
3 59
57 81
33 58
37 91
12 22
18 61
3 55
39 98
17 25
7 83
33 99
0 75
6 28
18 94
29 37
30 56
51 93
44 48
33 91
72 79
37 57
7 75
68 86
50 91
37 40
22 83
62 77
66 76
24 65
30 59
68 89
48 51
41 53
44 94
48 49
1 21
57 94
8 55
38 39
49 98
39 85
72 94
9 17
5 33
41 80
1 64
53 68
8 19
17 69
42 69
85 99
24 34
70 96
38 69
5 66
28 80
11 32
