100 400 175.06855799943062 sparse
0 806 740
1 221 736
2 602 93
3 386 622
4 810 844
5 515 53
6 927 243
7 17 749
8 861 911
9 372 99
10 418 788
11 797 74
12 42 654
13 279 756
14 31 343
15 776 888
16 206 251
17 825 405
18 368 617
19 683 876
20 861 126
21 460 498
22 394 706
23 721 710
24 339 838
25 786 668
26 473 832
27 254 223
28 546 467
29 194 711
30 369 91
31 326 875
32 165 299
33 335 856
34 990 212
35 69 755
36 901 496
37 142 385
38 996 920
39 297 144
40 52 143
41 18 995
42 806 124
43 996 927
44 478 678
45 100 275
46 231 986
47 334 59
48 443 634
49 320 617
50 890 267
51 868 964
52 301 152
53 904 942
54 189 158
55 556 701
56 519 244
57 200 907
58 803 604
59 241 477
60 972 389
61 827 368
62 212 493
63 955 977
64 201 893
65 83 125
66 644 858
67 740 293
68 558 527
69 602 67
70 462 399
71 669 113
72 749 904
73 677 279
74 641 252
75 345 863
76 601 38
77 627 125
78 696 432
79 353 318
80 94 910
81 323 23
82 725 888
83 785 41
84 917 221
85 721 388
86 899 602
87 171 990
88 821 97
89 530 707
90 833 917
91 862 232
92 327 932
93 610 583
94 411 342
95 201 550
96 288 243
97 887 215
98 52 288
99 779 912
38 43
9 30
39 52
33 75
57 64
24 33
3 18
31 33
31 75
6 84
15 99
24 75
2 69
55 89
8 90
72 82
69 76
91 97
84 97
42 88
72 99
15 72
59 62
11 88
11 83
40 65
1 29
17 61
47 81
24 31
27 96
2 77
51 53
19 66
71 77
19 82
6 50
50 91
73 74
30 47
18 49
6 97
20 88
45 98
78 85
11 42
15 82
50 97
7 35
8 53
50 84
8 51
90 99
2 76
20 42
9 47
16 27
4 15
84 91
44 48
31 92
62 95
3 48
51 90
14 98
82 99
44 89
46 87
28 68
1 13
53 63
79 94
16 32
69 77
15 90
67 73
43 63
6 91
3 49
25 58
83 88
32 45
2 71
6 34
38 63
10 26
75 92
19 72
34 84
0 25
4 99
53 90
33 92
68 93
70 94
4 90
18 48
23 25
69 71
44 55
8 99
30 81
16 96
11 20
59 95
4 8
3 22
46 57
72 90
27 52
10 22
4 72
42 83
66 82
22 48
5 76
9 39
57 87
51 63
8 15
5 69
22 44
9 52
32 37
30 39
27 39
0 23
9 81
76 77
30 52
21 28
27 54
52 96
39 47
18 22
20 97
43 53
10 24
15 19
16 54
38 53
24 92
4 82
2 5
58 86
13 29
14 45
67 85
46 64
7 12
47 52
21 70
79 96
39 96
71 76
64 87
13 24
21 68
19 99
34 97
51 99
0 4
12 35
10 75
17 85
20 91
36 86
57 80
67 74
10 33
3 44
61 85
28 70
64 80
16 45
39 54
46 92
20 84
54 65
80 87
82 90
52 54
8 72
32 98
48 89
41 80
20 83
34 50
13 33
66 72
8 63
61 67
22 49
27 32
73 85
37 45
17 36
14 37
50 61
15 51
42 91
42 97
56 74
39 81
48 49
10 44
13 22
13 75
18 44
31 64
10 31
74 77
13 31
36 60
53 99
37 62
57 92
34 91
55 93
31 57
54 96
52 81
25 86
4 19
48 55
26 75
17 78
64 92
37 98
28 93
29 35
5 77
43 51
51 72
4 51
11 71
23 58
24 26
6 20
37 59
32 96
88 97
8 38
38 51
15 66
4 53
70 79
8 43
63 90
22 89
0 58
67 91
71 83
49 95
21 48
16 52
27 79
26 89
42 71
40 54
8 82
10 89
15 53
33 64
26 33
61 91
40 45
16 39
17 67
14 32
88 91
71 74
10 13
22 24
32 54
20 50
33 57
3 21
13 49
40 98
66 99
61 78
67 78
36 58
56 94
31 46
60 61
50 60
45 54
64 75
42 84
89 93
36 61
17 60
16 37
24 64
22 26
5 9
18 21
5 30
45 65
0 15
57 75
50 67
17 50
6 60
71 88
41 87
26 31
1 35
28 78
26 44
73 78
1 49
20 34
26 55
24 57
19 90
1 24
10 48
46 80
84 88
35 80
48 68
29 49
13 64
74 85
94 96
1 64
16 98
53 72
68 70
6 61
56 77
49 59
4 23
29 95
22 33
16 79
56 73
73 77
51 82
22 55
12 29
27 45
44 93
38 90
10 55
43 90
21 94
2 74
61 97
49 62
22 75
13 18
56 70
23 55
5 71
1 33
42 50
65 98
71 73
0 86
67 97
87 92
33 46
4 66
9 96
23 66
3 89
11 97
68 78
46 75
23 93
0 82
3 10
44 49
6 42
19 23
10 92
13 57
11 91
44 68
9 27
3 13
30 96
1 57
2 56
61 84
21 93
26 66
0 72
78 93
52 79
55 68
0 99
1 31
61 73
48 93
27 30
