100 400 163.0828010551695 sparse
0 743 229
1 242 886
2 344 233
3 281 587
4 909 371
5 768 372
6 27 28
7 468 720
8 406 897
9 16 77
10 552 908
11 129 879
12 354 366
13 915 708
14 417 527
15 917 445
16 788 380
17 917 643
18 401 693
19 259 699
20 811 395
21 329 765
22 412 89
23 217 889
24 644 402
25 133 945
26 765 873
27 148 955
28 593 72
29 262 706
30 640 75
31 339 860
32 738 415
33 894 738
34 695 739
35 294 387
36 54 550
37 736 227
38 494 991
39 413 525
40 236 613
41 480 146
42 754 601
43 996 541
44 586 617
45 346 785
46 772 973
47 661 204
48 919 877
49 701 235
50 554 168
51 332 427
52 10 34
53 228 767
54 264 660
55 326 701
56 111 929
57 755 770
58 55 27
59 28 845
60 690 78
61 502 527
62 281 934
63 126 411
64 562 742
65 729 158
66 660 367
67 151 243
68 123 97
69 156 691
70 712 936
71 298 558
72 96 849
73 118 307
74 379 623
75 523 413
76 666 82
77 206 532
78 718 234
79 109 821
80 831 815
81 220 652
82 422 590
83 565 496
84 252 436
85 386 999
86 54 126
87 48 127
88 318 110
89 447 605
90 919 814
91 158 238
92 523 10
93 769 642
94 41 488
95 79 709
96 451 419
97 6 189
98 556 323
99 617 648
14 39
86 87
0 37
19 29
67 91
49 78
25 27
6 52
37 78
5 16
60 76
1 23
0 78
21 45
30 76
25 56
16 20
6 58
82 89
72 79
3 71
37 49
13 33
24 66
19 54
40 81
0 49
9 52
42 93
44 99
11 72
54 81
27 56
52 58
29 54
28 30
5 20
30 60
6 9
47 49
3 40
5 32
11 56
74 82
40 54
35 51
9 87
16 32
19 81
11 79
1 62
9 86
48 90
14 82
36 94
9 58
12 35
21 55
29 55
47 78
35 84
12 51
13 17
39 82
11 25
19 55
34 57
59 72
29 81
37 65
29 53
61 83
74 89
46 70
67 73
7 18
75 96
0 65
18 74
28 76
54 55
4 15
19 53
68 86
87 97
69 81
3 54
31 45
18 55
20 32
8 31
65 78
41 50
23 62
11 27
37 47
69 95
86 97
73 91
33 90
51 84
68 87
56 72
49 65
47 65
26 70
40 71
14 89
59 79
14 61
0 47
45 55
40 77
39 89
26 80
80 90
57 80
11 23
22 41
60 65
19 40
39 61
3 81
21 29
32 66
3 77
75 83
28 92
31 62
55 74
24 32
61 89
23 27
21 31
71 77
75 98
19 21
22 88
7 64
29 40
28 60
58 68
17 33
65 76
58 86
18 89
33 80
26 46
58 87
1 31
52 87
4 20
23 25
21 53
6 87
10 38
6 86
18 21
61 82
52 86
25 72
14 74
19 69
26 57
28 50
39 74
71 74
8 85
63 73
3 74
53 69
18 82
13 90
77 84
11 59
29 69
18 45
54 71
48 80
56 79
5 66
38 85
9 68
64 99
12 96
40 69
54 69
9 97
39 96
47 50
53 54
66 98
1 11
14 96
23 56
3 19
63 94
53 81
29 45
61 75
79 95
1 27
55 81
7 89
15 20
27 72
56 59
53 55
6 68
24 98
51 96
45 53
61 96
39 71
1 53
34 99
3 29
54 74
77 81
4 16
24 75
30 65
34 93
47 76
71 81
19 45
23 53
3 55
24 83
44 83
14 71
44 61
21 54
62 85
12 84
1 25
15 43
23 31
2 88
40 55
25 79
30 50
8 45
39 51
44 64
23 72
5 24
23 79
71 82
63 84
16 66
8 38
57 93
17 43
47 60
52 68
8 62
71 84
53 79
30 47
14 51
7 74
34 64
2 12
30 92
27 62
28 41
51 71
13 80
22 92
83 96
1 56
7 82
49 66
7 45
69 79
44 89
27 79
18 29
54 77
18 54
4 5
72 95
3 82
50 76
33 48
19 74
18 19
96 98
33 57
41 92
7 55
40 74
29 74
15 16
66 75
31 53
42 99
1 45
25 59
63 77
66 78
0 5
59 95
68 91
16 24
55 71
3 39
7 21
19 71
8 10
31 85
55 82
5 78
17 93
1 79
25 62
28 47
5 37
3 14
67 68
68 97
1 21
11 53
45 54
34 42
21 74
1 72
26 34
14 83
67 86
81 95
93 99
29 71
5 49
8 21
86 91
36 77
20 66
3 84
26 48
40 53
55 89
67 97
39 83
50 98
52 97
67 87
53 72
14 75
34 80
37 60
61 74
71 89
87 91
36 63
7 44
49 76
39 75
21 81
49 60
0 16
33 93
60 78
47 98
2 22
37 66
31 55
91 97
53 95
0 60
76 92
3 18
66 83
13 93
35 96
83 89
76 78
83 99
28 65
36 95
37 76
50 92
0 66
2 41
49 50
16 37
74 81
11 62
2 35
16 78
6 97
10 70
22 50
45 62
3 69
73 97
27 59
47 66
50 60
