100 400 169.95587662684687 sparse
0 429 770
1 595 642
2 185 76
3 327 626
4 285 567
5 746 805
6 328 99
7 540 795
8 827 53
9 1000 181
10 467 452
11 304 76
12 402 142
13 793 260
14 483 414
15 975 82
16 945 356
17 644 781
18 622 183
19 121 734
20 892 56
21 722 700
22 801 340
23 424 556
24 850 962
25 671 927
26 578 369
27 14 343
28 133 878
29 770 402
30 597 164
31 947 468
32 591 45
33 558 834
34 678 903
35 403 932
36 247 636
37 306 781
38 386 320
39 668 485
40 632 874
41 967 367
42 905 707
43 351 507
44 998 338
45 718 756
46 497 43
47 825 847
48 620 342
49 938 498
50 741 173
51 163 187
52 65 909
53 582 123
54 566 958
55 626 321
56 129 614
57 833 710
58 371 904
59 127 12
60 691 929
61 547 97
62 398 270
63 707 780
64 2 759
65 793 354
66 612 565
67 864 722
68 546 190
69 728 831
70 835 458
71 906 794
72 171 608
73 142 539
74 703 510
75 952 264
76 222 396
77 298 690
78 426 840
79 509 147
80 532 282
81 345 1000
82 311 204
83 974 812
84 518 227
85 722 462
86 814 479
87 972 508
88 208 16
89 692 327
90 654 933
91 309 615
92 16 262
93 55 292
94 166 489
95 497 817
96 779 456
97 571 384
98 575 736
99 73 230
22 65
26 97
25 90
25 60
3 91
48 55
16 41
25 34
45 63
34 60
70 86
31 49
18 30
5 69
6 11
57 67
49 87
60 90
34 90
10 14
86 96
56 72
41 44
35 58
7 33
39 74
53 61
30 53
42 67
5 63
68 84
31 87
7 95
92 93
26 48
38 62
74 85
29 65
4 91
34 40
29 96
63 69
73 94
16 44
70 96
21 45
5 45
68 79
80 84
30 68
85 96
39 85
61 79
40 90
17 63
33 95
2 88
48 97
93 99
8 20
92 99
27 93
36 91
25 40
55 89
26 55
32 61
7 98
22 29
0 78
3 77
71 83
42 57
18 53
3 4
48 89
46 61
36 77
78 95
28 52
72 73
45 69
77 91
53 68
56 73
18 68
29 85
53 79
17 45
32 53
4 36
1 66
13 22
79 84
3 36
40 60
36 72
27 92
59 88
21 63
17 98
0 95
67 71
30 61
55 97
33 40
58 78
6 12
29 70
2 59
15 20
42 71
44 75
34 69
23 43
29 86
4 43
35 81
5 47
30 79
37 77
54 90
16 75
14 97
61 68
68 80
74 96
85 86
17 40
13 65
32 46
35 78
9 75
1 98
47 71
39 66
17 69
47 69
26 80
58 81
33 98
51 99
17 33
30 84
13 50
55 80
9 15
65 96
31 41
41 75
65 89
46 79
60 69
5 17
7 17
14 26
40 69
66 74
6 82
48 80
40 54
12 79
5 21
29 89
76 94
62 82
80 97
25 54
22 89
12 82
49 70
57 71
21 57
25 69
16 31
65 70
31 70
17 21
95 98
10 23
18 84
70 85
2 51
11 88
0 7
18 61
39 96
74 86
43 91
46 53
24 47
22 96
11 12
18 79
2 11
72 94
30 32
5 34
18 50
3 23
36 56
40 63
19 56
4 72
13 89
7 40
3 43
26 89
19 64
53 84
7 78
22 70
0 37
4 77
45 57
33 54
10 97
34 54
49 86
42 83
69 90
34 63
17 34
65 86
29 74
62 84
27 99
12 62
11 82
54 60
10 43
5 57
65 85
23 91
56 94
32 79
47 67
21 69
29 39
33 78
61 84
5 40
31 86
37 78
89 97
18 80
41 49
62 80
30 80
14 38
19 72
5 60
47 63
79 80
12 46
47 57
33 90
18 55
38 82
72 91
85 89
33 34
10 26
37 58
63 98
4 23
22 86
1 21
31 44
39 97
45 47
14 80
41 87
18 32
70 74
67 83
16 49
4 94
36 73
55 84
5 25
21 67
12 84
13 29
0 33
57 63
5 67
30 50
45 98
19 28
2 6
16 22
22 85
4 73
70 87
6 88
40 45
0 58
39 86
25 33
40 95
26 39
1 17
8 50
17 25
35 95
51 82
40 98
60 63
45 67
0 98
16 70
51 93
66 85
8 15
39 48
38 80
72 77
25 63
17 95
21 98
12 68
12 61
32 68
16 65
17 90
34 45
47 83
58 95
55 68
0 77
48 84
14 23
26 84
16 87
14 48
10 38
46 68
17 60
89 96
3 37
36 37
30 46
54 95
9 44
3 72
47 60
34 47
48 85
5 90
33 63
18 48
13 75
19 36
30 55
39 89
18 89
57 69
41 70
5 71
86 87
42 47
14 43
38 84
29 48
50 89
63 90
24 60
1 7
52 64
4 56
33 60
73 76
0 35
49 96
51 92
7 54
35 54
9 20
29 55
62 79
36 43
84 97
37 91
80 89
50 53
53 80
14 62
63 67
7 63
1 45
36 94
22 41
62 68
31 96
22 75
48 68
39 70
39 55
85 97
