100 400 182.9371476764629 sparse
0 285 943
1 355 309
2 842 993
3 478 402
4 989 151
5 86 287
6 281 733
7 743 800
8 834 178
9 70 514
10 590 640
11 475 997
12 430 300
13 310 354
14 376 158
15 306 432
16 126 370
17 490 589
18 344 593
19 867 580
20 761 881
21 481 192
22 872 953
23 16 82
24 822 800
25 884 222
26 977 516
27 830 680
28 201 15
29 232 970
30 192 281
31 84 844
32 79 636
33 640 158
34 199 894
35 160 806
36 221 611
37 698 546
38 373 795
39 634 821
40 880 750
41 122 897
42 627 660
43 376 210
44 650 284
45 956 721
46 23 388
47 61 570
48 989 339
49 22 587
50 241 790
51 532 448
52 949 642
53 781 998
54 319 654
55 37 511
56 955 146
57 150 276
58 828 550
59 55 381
60 318 863
61 48 560
62 974 644
63 782 160
64 989 63
65 352 932
66 516 407
67 686 961
68 650 876
69 981 283
70 893 911
71 657 881
72 119 230
73 517 940
74 34 28
75 612 262
76 436 220
77 457 841
78 734 952
79 269 609
80 949 363
81 777 480
82 194 155
83 26 106
84 582 775
85 433 39
86 303 598
87 265 721
88 651 334
89 278 524
90 248 472
91 581 939
92 256 562
93 431 840
94 67 376
95 101 185
96 616 80
97 468 821
98 573 393
99 723 178
68 71
59 94
47 61
6 87
77 97
52 62
23 83
77 93
46 59
9 55
4 56
79 86
49 61
3 66
18 86
93 97
10 42
30 57
47 49
44 75
89 92
51 66
46 94
48 80
22 70
36 79
72 95
79 92
67 78
19 58
2 22
44 88
55 61
9 61
14 43
21 76
8 63
57 72
48 69
9 47
23 74
39 68
54 86
66 98
86 92
16 94
0 29
89 90
36 92
43 76
2 53
63 99
1 13
47 55
73 91
39 71
5 57
31 41
53 78
5 72
18 54
8 25
54 79
0 65
32 47
51 98
39 84
6 50
15 90
11 73
3 51
16 59
50 87
38 93
32 49
1 12
20 78
24 40
18 79
60 65
34 41
49 55
13 15
86 89
74 83
7 24
45 62
45 52
12 76
40 45
33 96
75 88
32 61
35 50
29 34
7 20
36 86
31 35
67 71
33 99
79 89
27 40
54 87
69 80
14 76
0 60
58 81
9 49
38 60
6 54
4 64
30 72
56 64
90 92
5 94
5 16
67 68
18 92
68 91
3 98
18 89
71 91
38 77
15 89
34 35
2 70
16 57
82 95
88 98
38 97
35 41
0 34
5 59
1 43
20 24
22 53
53 67
19 52
37 81
5 95
57 95
20 71
25 56
36 89
16 46
71 78
12 43
72 82
50 60
5 30
21 43
19 27
36 54
67 91
33 75
83 95
20 67
14 21
16 30
6 38
8 99
7 39
20 68
54 92
79 87
34 50
10 17
3 12
68 78
25 69
60 93
2 78
73 77
7 71
36 87
20 53
5 46
25 63
12 21
7 68
24 27
1 76
11 91
65 93
68 84
9 32
84 97
34 60
42 84
46 55
18 36
6 79
19 62
27 52
8 56
31 34
29 65
30 82
33 44
4 25
19 26
26 62
40 52
73 97
44 99
86 87
57 82
26 52
39 91
71 84
57 94
27 58
37 58
38 87
55 59
12 13
24 70
32 55
73 93
14 85
29 41
38 50
4 69
30 95
20 22
1 15
27 45
13 90
44 98
23 95
9 59
37 42
9 46
19 81
35 87
6 60
10 84
20 70
6 36
54 89
75 98
6 86
29 60
12 66
86 90
22 78
9 94
2 20
55 94
38 65
79 90
13 30
65 77
11 65
75 99
15 92
56 69
16 72
28 82
20 39
60 77
6 35
77 84
57 59
36 90
40 62
53 70
33 63
10 37
32 36
96 99
7 40
17 18
17 51
68 73
7 27
27 62
21 75
39 67
18 87
38 54
60 87
12 14
71 73
52 58
7 78
1 14
26 58
66 88
6 18
78 91
1 3
17 42
18 90
9 16
72 94
72 83
25 80
26 80
24 45
60 97
50 54
30 94
11 77
25 48
4 8
34 65
77 91
13 43
16 90
0 50
2 67
87 92
41 50
21 85
65 97
22 24
39 42
40 70
21 33
7 84
11 93
91 97
59 72
84 91
70 78
84 93
51 88
39 78
36 47
65 73
1 30
15 18
39 97
31 50
15 86
19 45
16 55
39 73
25 99
28 74
35 60
46 57
0 41
30 59
67 73
53 71
19 40
5 82
12 98
74 95
7 67
88 99
1 21
0 38
19 37
6 92
13 89
56 63
58 62
46 61
66 75
3 15
3 13
82 83
21 96
24 78
11 97
33 88
20 40
73 84
26 48
13 57
39 77
0 93
53 68
29 35
59 61
9 36
91 93
12 51
36 50
29 50
50 65
43 85
23 72
36 61
8 69
6 34
15 79
75 76
76 85
12 15
44 63
7 42
44 66
14 82
75 96
9 90
17 54
