100 400 164.9151296879701 sparse
0 236 712
1 350 555
2 623 621
3 364 936
4 709 935
5 742 622
6 943 696
7 750 657
8 294 631
9 438 965
10 849 617
11 677 774
12 164 655
13 152 84
14 307 990
15 814 714
16 855 309
17 711 380
18 720 814
19 9 829
20 27 187
21 409 401
22 642 979
23 356 871
24 481 964
25 663 847
26 716 259
27 75 579
28 262 276
29 182 175
30 533 611
31 12 63
32 611 829
33 571 104
34 524 527
35 677 585
36 352 666
37 947 410
38 865 535
39 167 334
40 734 529
41 596 146
42 355 246
43 500 340
44 326 627
45 836 793
46 900 851
47 524 554
48 928 665
49 672 870
50 310 460
51 166 698
52 306 487
53 673 588
54 689 940
55 235 321
56 62 950
57 495 398
58 51 675
59 388 469
60 972 927
61 801 581
62 300 851
63 523 866
64 733 785
65 593 678
66 674 209
67 891 95
68 822 295
69 673 144
70 690 702
71 918 673
72 536 986
73 138 719
74 262 656
75 549 93
76 759 130
77 149 346
78 248 160
79 839 863
80 877 332
81 163 428
82 132 779
83 619 214
84 360 884
85 332 641
86 83 743
87 815 235
88 70 881
89 743 671
90 519 661
91 10 505
92 587 950
93 912 63
94 663 557
95 762 407
96 770 5
97 390 934
98 841 826
99 922 739
35 53
48 71
23 84
44 85
7 89
4 54
39 77
33 75
25 49
3 97
34 47
50 52
35 94
18 64
16 80
36 85
8 44
53 94
45 98
6 71
6 48
51 73
16 68
5 7
79 98
67 93
8 85
8 74
9 24
12 51
36 44
6 99
33 41
5 89
30 90
3 84
28 55
25 32
66 83
11 64
9 97
30 47
17 95
43 57
84 97
11 18
24 72
23 62
2 53
10 61
73 86
73 82
68 87
82 86
22 54
70 89
0 74
46 79
22 92
72 92
46 98
2 65
2 35
66 69
26 66
3 23
18 25
71 99
68 80
29 78
8 36
62 84
12 73
39 55
56 88
45 79
44 74
41 75
21 59
0 51
74 85
23 97
41 83
5 61
49 54
11 70
32 49
18 49
48 99
11 25
5 35
4 49
7 70
58 86
2 94
1 44
65 90
40 94
5 53
41 69
3 14
50 59
38 61
3 9
35 40
4 22
19 88
1 52
15 45
15 89
77 81
10 38
52 59
16 87
30 34
40 61
40 53
7 15
11 32
21 57
45 46
69 76
51 82
1 85
69 83
10 71
55 77
30 65
2 30
36 74
7 61
0 12
10 48
5 40
64 70
25 64
1 59
39 81
1 8
51 86
5 70
32 63
13 29
24 97
11 49
25 54
58 73
28 42
12 74
0 73
27 91
27 58
4 25
0 8
65 70
14 97
9 72
41 66
45 99
26 87
5 94
54 92
7 35
1 50
10 15
45 64
7 53
49 64
46 60
51 74
37 80
2 70
63 92
22 72
3 62
24 63
7 10
24 92
26 83
61 89
5 10
47 90
15 64
35 89
53 89
21 43
33 69
18 32
15 99
1 36
28 39
2 90
15 71
26 68
9 84
22 49
19 86
46 99
64 89
12 58
80 87
15 98
21 50
53 70
64 98
18 70
66 76
49 92
5 15
28 78
12 27
51 58
35 70
18 45
14 84
98 99
10 89
76 87
2 5
82 88
0 85
2 47
12 86
33 83
3 24
53 65
63 72
17 26
4 18
18 98
11 89
62 97
13 78
26 69
6 10
4 92
32 92
0 82
0 44
35 61
15 48
15 70
9 23
0 36
20 31
40 95
35 65
76 96
68 95
11 65
25 92
12 82
53 61
57 59
14 23
18 79
28 29
55 81
7 40
7 64
32 64
18 54
2 89
6 15
9 63
38 40
64 79
58 82
2 7
19 56
8 12
34 57
7 94
19 82
28 77
9 14
15 61
22 25
1 74
69 75
34 90
21 52
16 95
32 54
26 76
2 34
67 76
16 37
15 18
42 78
80 95
7 11
86 88
47 94
73 74
14 62
89 94
75 83
65 94
17 68
61 94
30 94
25 63
44 52
42 55
13 31
30 53
47 65
10 99
34 94
40 89
66 87
2 40
4 32
6 45
38 48
8 51
8 52
10 40
18 89
24 84
45 71
30 35
33 66
25 70
70 94
60 79
16 26
38 71
34 59
4 79
61 71
49 63
79 99
63 97
37 38
11 15
32 70
9 92
27 51
65 89
50 81
5 38
17 40
67 96
15 79
4 64
32 65
48 61
47 53
0 62
22 32
93 96
45 89
27 73
52 81
26 95
72 97
29 55
20 29
23 24
35 47
0 86
52 85
45 48
50 55
7 65
47 57
5 65
67 87
19 58
29 39
54 72
7 18
11 45
47 59
16 17
6 46
7 45
34 53
54 64
55 78
22 24
15 46
13 20
2 11
5 64
76 83
34 35
41 76
63 84
22 63
21 42
4 11
27 86
61 70
38 95
12 44
26 41
1 21
