100 470 176.6635219845908 sparse
0 492 423
1 473 223
2 812 175
3 604 398
4 557 415
5 12 844
6 660 110
7 669 430
8 160 330
9 307 999
10 311 289
11 637 884
12 821 585
13 949 484
14 894 346
15 63 543
16 23 70
17 869 76
18 347 563
19 320 650
20 533 102
21 72 383
22 376 748
23 767 713
24 386 307
25 773 928
26 447 199
27 85 236
28 457 424
29 591 900
30 692 573
31 563 422
32 207 117
33 454 640
34 89 697
35 216 185
36 552 565
37 578 812
38 867 662
39 473 134
40 190 160
41 221 636
42 441 276
43 464 21
44 990 693
45 98 9
46 223 454
47 811 74
48 403 445
49 739 347
50 238 431
51 962 445
52 514 157
53 687 346
54 433 9
55 322 277
56 771 640
57 97 85
58 717 56
59 523 389
60 199 683
61 466 105
62 788 314
63 844 255
64 441 367
65 756 205
66 613 986
67 434 981
68 40 310
69 348 168
70 238 307
71 367 300
72 375 941
73 286 784
74 533 221
75 241 750
76 633 186
77 275 578
78 238 591
79 142 554
80 660 742
81 63 226
82 129 341
83 562 543
84 284 6
85 267 532
86 79 972
87 47 531
88 903 520
89 29 629
90 267 593
91 151 82
92 238 245
93 31 846
94 252 388
95 149 600
96 469 318
97 105 232
98 206 235
99 809 521
4 31
10 55
77 90
5 93
15 87
24 71
27 97
27 81
36 83
46 50
78 90
39 61
8 82
43 54
92 98
0 28
1 26
35 40
77 78
13 51
81 97
4 59
50 94
0 59
32 40
79 95
77 85
39 52
3 31
41 78
11 29
3 4
42 96
55 71
35 98
31 59
41 60
49 53
57 91
73 75
64 96
10 71
28 48
17 47
20 52
13 88
49 62
28 64
1 74
85 90
1 42
70 92
41 90
24 42
2 65
35 92
12 99
0 4
78 85
32 91
52 74
20 61
20 39
32 35
26 39
24 55
52 61
21 82
0 31
67 72
46 94
3 7
23 56
18 77
12 56
28 59
10 70
16 57
0 64
45 57
40 98
10 24
26 42
1 52
42 71
19 90
6 58
70 98
26 52
60 75
41 77
21 68
15 79
41 95
6 76
8 70
62 63
24 64
3 59
70 94
24 96
43 61
59 64
19 77
10 92
18 90
18 85
7 53
2 63
27 68
48 64
68 81
40 91
29 66
26 74
29 37
1 39
55 70
59 96
9 72
78 95
46 85
12 38
55 92
45 91
34 89
42 64
18 19
0 48
15 89
11 37
88 99
68 82
1 96
51 88
47 58
26 61
16 45
60 95
22 73
40 92
79 87
3 53
38 56
87 89
64 71
60 78
19 41
4 28
2 47
19 78
97 98
63 65
54 61
68 97
8 21
78 79
15 95
71 96
30 56
26 69
14 63
12 88
11 66
50 85
8 98
39 74
53 62
74 76
28 31
7 31
20 43
28 96
42 74
0 96
37 80
7 49
8 94
14 62
23 80
34 60
40 97
82 97
55 69
23 38
8 97
18 78
60 90
19 22
4 7
39 43
62 65
41 85
27 82
41 79
34 95
70 82
2 17
32 57
0 3
10 94
8 92
41 75
74 96
32 98
10 98
1 61
90 95
20 74
42 55
40 57
14 51
8 27
35 97
1 24
31 83
27 98
26 96
8 68
35 91
52 76
87 95
55 98
33 36
89 95
35 70
50 70
24 26
65 76
56 99
19 60
4 64
10 69
38 44
79 85
6 20
19 75
8 50
77 95
30 99
4 83
9 67
16 91
46 79
26 71
70 71
19 85
39 69
12 30
27 40
60 77
20 26
20 76
18 48
10 42
79 90
4 96
1 71
82 98
55 94
39 54
82 94
32 92
18 33
48 59
81 82
35 69
22 33
60 73
69 71
30 83
92 97
61 69
31 64
61 74
69 92
19 33
46 77
86 93
22 75
1 20
6 65
32 84
77 79
79 89
85 95
20 54
1 69
24 28
46 78
19 73
12 23
0 83
24 48
8 46
49 63
42 52
42 59
31 96
30 36
71 92
35 55
27 35
10 35
60 79
2 62
50 82
47 65
8 81
42 69
11 25
49 65
40 81
48 96
81 98
31 36
92 94
11 80
24 69
3 49
5 86
85 94
71 94
13 99
7 30
43 52
57 81
33 83
82 92
34 41
31 53
39 42
18 41
46 90
38 88
46 82
4 53
57 97
26 55
1 64
21 27
46 70
24 70
13 14
28 42
54 84
55 64
3 28
48 71
32 69
4 36
21 87
56 80
3 83
27 57
50 77
10 64
7 59
2 58
38 99
34 79
55 96
70 97
84 91
28 71
27 92
17 58
6 52
32 45
32 97
58 65
0 36
21 97
40 70
58 76
14 49
6 47
8 35
35 57
0 42
7 83
50 79
15 34
8 10
24 94
4 48
91 97
3 96
53 65
69 98
0 24
21 81
40 69
35 81
28 83
23 30
59 83
75 78
75 90
10 50
24 59
94 98
34 93
50 78
15 21
1 55
24 92
10 96
34 75
16 81
48 94
48 85
31 48
41 73
91 98
12 13
10 26
46 95
1 76
50 90
18 46
2 6
48 50
60 85
3 64
5 34
7 62
52 69
21 46
7 99
52 96
27 91
26 64
39 76
59 74
27 70
6 74
52 54
81 91
53 76
53 59
28 36
25 66
24 74
27 32
8 55
51 99
18 50
34 87
17 65
30 80
29 80
64 74
8 40
21 50
42 61
42 48
1 59
71 98
69 84
14 88
3 36
1 10
75 77
0 71
50 55
75 95
81 92
40 55
29 67
