100 400 176.92088627406318 sparse
0 582 871
1 21 973
2 900 908
3 120 206
4 317 912
5 953 489
6 803 659
7 585 762
8 47 618
9 545 807
10 412 612
11 161 167
12 79 655
13 530 335
14 581 161
15 544 431
16 93 407
17 314 544
18 609 325
19 151 452
20 381 132
21 435 192
22 216 541
23 599 278
24 5 987
25 153 800
26 585 429
27 454 32
28 171 369
29 863 70
30 880 853
31 963 383
32 107 140
33 994 383
34 976 434
35 665 809
36 640 406
37 553 606
38 529 591
39 27 914
40 493 745
41 811 380
42 727 256
43 864 584
44 770 830
45 126 978
46 930 961
47 142 577
48 111 45
49 203 962
50 582 162
51 654 5
52 179 455
53 530 377
54 727 775
55 93 146
56 395 658
57 111 636
58 722 816
59 450 960
60 251 109
61 780 926
62 233 506
63 182 581
64 569 157
65 598 539
66 124 653
67 549 672
68 474 695
69 777 222
70 748 439
71 568 918
72 31 381
73 924 861
74 717 860
75 978 569
76 182 176
77 974 493
78 217 363
79 798 388
80 805 649
81 73 944
82 3 612
83 819 130
84 992 970
85 929 585
86 663 729
87 684 9
88 1 744
89 325 430
90 74 445
91 755 380
92 940 39
93 456 868
94 166 479
95 395 271
96 620 481
97 35 384
98 871 999
99 732 478
14 50
72 97
6 80
14 64
50 64
32 55
41 79
1 24
5 77
57 66
11 76
52 94
19 52
37 38
51 87
19 94
31 33
12 57
22 62
47 63
15 26
54 58
13 53
70 99
16 90
79 91
58 74
8 82
30 73
12 66
28 78
18 23
8 12
10 56
0 71
44 58
75 85
22 63
31 34
2 73
40 68
33 34
39 81
15 53
41 91
3 11
35 58
2 30
34 77
1 39
70 91
1 81
5 34
26 36
7 9
11 32
42 69
2 46
44 74
65 96
16 97
46 84
26 96
45 81
43 85
3 55
37 67
8 57
47 57
16 72
3 32
3 76
44 54
46 98
35 54
11 55
70 79
62 94
90 97
35 74
16 19
0 9
52 62
29 83
26 53
75 77
24 39
72 90
19 90
36 96
47 66
67 68
45 49
54 86
13 18
22 94
35 86
24 81
37 65
20 21
9 40
22 47
29 92
32 76
38 67
5 75
8 66
7 86
19 28
54 74
41 70
28 52
38 65
18 36
16 28
56 68
12 82
43 80
21 95
17 62
13 23
57 63
62 63
15 96
61 74
40 67
59 93
63 66
7 35
7 40
22 52
55 76
18 53
32 48
2 98
60 76
44 61
6 43
7 67
13 15
17 22
90 94
19 62
16 52
5 85
15 36
52 78
46 73
12 47
91 99
47 94
69 83
77 85
16 94
48 55
63 94
8 47
0 35
10 68
1 45
58 86
52 90
5 31
18 26
11 60
35 44
9 93
13 26
0 7
28 94
19 22
31 77
57 82
26 65
19 78
2 84
79 99
33 77
96 99
30 44
36 70
9 71
5 33
36 53
17 89
43 75
47 62
61 98
36 99
23 50
38 68
39 45
36 91
12 88
14 23
10 38
37 68
30 46
10 17
62 89
9 35
23 53
15 65
24 45
2 61
71 93
28 90
20 27
30 61
15 18
58 61
84 98
4 49
23 64
59 71
19 47
41 99
52 63
0 93
78 94
12 63
78 89
42 91
67 86
47 52
66 82
40 93
73 84
7 68
23 42
5 43
13 36
40 56
49 81
16 78
11 48
82 88
20 60
9 68
19 63
8 88
23 36
19 97
70 96
34 75
9 67
0 74
18 42
28 97
17 63
53 96
21 64
6 54
19 72
36 65
80 85
20 95
17 56
8 63
28 72
10 37
4 59
9 86
22 57
74 86
65 67
37 96
7 54
43 77
38 96
47 82
62 78
22 66
4 93
35 71
6 85
30 98
44 86
65 99
7 58
32 60
73 98
52 89
54 80
47 90
48 76
14 21
13 95
10 67
41 42
38 56
25 66
42 79
21 50
28 62
0 58
37 40
83 92
2 44
23 26
31 41
66 88
48 60
46 61
57 88
0 40
56 67
26 99
22 89
10 40
42 83
18 91
18 96
6 86
7 71
44 73
61 73
34 85
38 40
36 79
0 59
7 37
69 91
71 74
54 61
52 97
15 38
21 27
3 48
41 69
17 94
17 52
94 97
30 84
25 88
30 58
55 60
15 23
12 25
80 86
3 60
30 74
26 70
0 86
35 61
7 74
25 81
78 90
37 86
31 79
18 50
52 72
28 89
37 56
57 94
14 18
89 94
72 94
7 93
69 79
91 96
25 57
43 99
25 49
27 64
25 39
62 90
40 86
3 28
26 38
22 90
16 62
13 96
53 95
13 21
30 54
39 88
14 51
18 64
50 51
42 50
36 41
36 42
34 41
63 90
89 95
0 54
68 93
51 64
6 44
14 42
29 69
8 90
17 47
15 37
19 89
53 65
6 58
16 47
26 91
