100 400 177.73013250431114 sparse
0 550 843
1 537 699
2 519 674
3 373 469
4 978 713
5 614 643
6 348 665
7 686 187
8 8 371
9 657 573
10 827 783
11 631 536
12 79 193
13 316 951
14 497 959
15 131 692
16 346 93
17 209 308
18 465 137
19 238 641
20 450 670
21 508 735
22 192 504
23 669 681
24 808 314
25 761 677
26 196 77
27 329 199
28 756 125
29 16 844
30 750 254
31 59 982
32 488 913
33 998 235
34 811 138
35 380 940
36 174 964
37 545 59
38 456 277
39 441 569
40 587 806
41 468 971
42 996 235
43 377 289
44 643 229
45 204 646
46 829 29
47 441 672
48 795 68
49 854 547
50 313 908
51 259 69
52 868 456
53 559 433
54 951 872
55 110 996
56 567 891
57 176 265
58 298 844
59 543 980
60 835 534
61 6 345
62 803 771
63 274 185
64 311 260
65 707 108
66 394 59
67 160 5
68 448 551
69 885 921
70 280 981
71 868 694
72 299 61
73 587 836
74 150 0
75 889 251
76 908 285
77 60 337
78 950 357
79 495 33
80 953 386
81 760 319
82 863 778
83 88 843
84 72 938
85 279 670
86 289 488
87 976 431
88 117 80
89 50 785
90 552 626
91 720 855
92 160 231
93 67 477
94 278 69
95 556 526
96 829 319
97 253 881
98 499 617
99 646 604
33 42
20 47
67 74
51 94
39 68
24 96
72 94
49 60
8 61
10 62
78 80
40 73
1 2
14 41
9 99
19 45
10 82
57 92
0 73
75 76
51 72
13 50
9 11
31 84
1 21
13 70
14 32
24 81
19 85
5 99
80 87
14 59
0 56
46 48
28 65
0 40
31 55
90 98
17 57
61 77
37 79
28 34
27 63
16 72
2 90
58 97
56 73
16 66
7 44
62 82
2 98
32 41
2 21
8 77
26 51
27 64
5 90
13 35
50 58
30 81
50 97
5 23
29 89
81 96
28 48
2 20
6 85
55 84
83 89
11 99
36 55
34 48
29 83
43 64
16 94
20 98
35 50
1 90
39 98
41 59
11 95
2 47
78 87
45 85
26 88
38 43
47 98
50 70
23 99
26 67
7 65
32 56
5 9
54 69
26 94
76 78
68 98
24 30
63 64
71 82
52 60
76 96
3 86
15 45
67 88
74 88
32 59
20 21
40 56
12 92
26 74
16 51
1 98
75 96
17 92
1 20
21 47
49 52
23 25
56 59
7 30
53 95
6 47
35 41
7 28
0 32
13 97
66 72
1 5
83 84
90 99
48 65
14 56
10 71
22 86
1 47
2 5
90 95
62 71
42 76
20 39
27 43
6 20
30 96
24 75
25 62
33 76
39 47
70 97
24 76
26 72
66 79
36 84
18 66
21 40
16 27
36 70
95 98
35 70
42 75
34 65
18 79
5 11
25 71
13 58
9 23
29 84
30 44
52 80
33 75
34 46
76 80
52 87
68 95
20 90
3 68
32 35
9 95
4 71
18 37
6 19
17 64
36 97
0 21
63 94
31 36
66 94
16 63
51 63
21 90
9 90
51 67
5 98
62 91
1 40
21 98
15 19
14 35
20 68
95 99
12 88
11 90
47 90
28 46
12 57
3 39
47 68
8 93
75 78
39 95
63 92
15 89
39 90
10 25
32 73
11 53
35 58
63 72
57 63
78 96
16 18
41 56
0 14
22 93
68 90
21 73
52 78
54 82
10 91
51 74
28 30
23 90
42 78
5 95
2 39
30 34
33 78
4 82
1 23
26 63
6 39
67 94
7 34
73 91
57 64
51 66
25 99
57 77
44 65
0 59
34 75
58 70
30 75
17 63
27 94
35 97
77 93
18 38
5 21
80 96
27 72
40 91
31 83
2 68
51 88
52 96
22 45
13 36
25 82
19 22
29 31
0 1
1 99
69 82
2 99
6 45
12 77
46 65
61 93
74 94
77 92
32 40
75 81
1 73
38 64
43 63
9 25
98 99
44 81
27 51
49 71
24 78
36 83
2 40
27 38
75 80
18 27
23 40
15 85
10 69
36 50
67 72
11 23
2 23
59 73
16 26
5 25
37 66
7 81
6 68
17 77
76 81
0 41
30 65
14 73
2 95
10 54
13 41
28 44
64 92
24 52
27 66
55 83
84 89
11 98
42 80
15 83
88 92
56 91
33 80
26 92
6 98
25 49
16 79
72 74
25 60
30 76
76 87
4 54
19 86
7 48
88 94
23 62
1 39
24 80
53 68
47 85
17 27
82 91
60 71
9 98
12 26
5 40
5 20
4 10
27 57
21 56
41 50
35 59
49 87
12 61
17 43
37 65
83 97
21 23
0 91
16 64
55 70
9 53
62 69
20 85
2 9
68 86
2 6
0 2
27 92
39 86
36 58
1 68
12 17
1 9
63 66
1 95
52 81
60 87
6 21
58 85
32 50
23 73
5 47
52 76
18 43
2 73
24 34
7 24
34 76
13 32
14 40
69 91
2 11
