100 400 174.7512517837855 sparse
0 166 312
1 387 212
2 876 702
3 255 970
4 153 526
5 834 729
6 57 551
7 479 101
8 656 142
9 946 412
10 880 820
11 477 648
12 48 354
13 674 168
14 561 571
15 528 508
16 180 674
17 913 250
18 306 966
19 319 480
20 867 533
21 491 288
22 666 535
23 147 559
24 736 913
25 139 334
26 766 230
27 286 186
28 225 206
29 72 257
30 329 409
31 621 153
32 866 922
33 645 38
34 647 786
35 166 687
36 939 884
37 804 334
38 407 360
39 442 766
40 679 444
41 606 990
42 292 753
43 529 747
44 156 16
45 434 897
46 310 622
47 47 149
48 785 779
49 481 716
50 547 264
51 13 710
52 635 891
53 171 957
54 578 361
55 405 675
56 721 3
57 25 138
58 240 241
59 311 630
60 610 708
61 4 684
62 583 73
63 275 332
64 570 553
65 155 482
66 191 411
67 928 164
68 788 818
69 554 565
70 148 40
71 261 125
72 517 150
73 663 347
74 933 889
75 373 933
76 290 13
77 775 857
78 297 498
79 0 484
80 603 375
81 523 497
82 244 866
83 727 327
84 99 609
85 356 218
86 874 62
87 977 50
88 352 904
89 11 572
90 751 607
91 959 284
92 169 224
93 231 282
94 311 945
95 820 345
96 223 679
97 941 618
98 791 418
99 811 200
36 74
46 59
14 69
15 81
16 35
37 95
64 69
14 64
18 94
47 57
44 70
51 61
19 78
54 80
1 85
8 13
4 23
0 25
75 88
8 31
28 58
48 68
68 77
58 93
16 96
4 65
2 5
6 89
3 18
26 99
13 31
43 49
17 91
35 96
88 94
28 92
21 50
3 94
15 64
7 72
15 69
75 94
39 49
27 28
27 71
73 80
63 93
73 83
11 49
24 77
23 84
5 48
45 75
14 15
33 62
0 93
6 84
19 30
27 58
58 92
64 81
32 74
18 75
69 81
28 93
11 55
27 85
18 88
37 83
23 65
95 98
48 77
65 66
32 36
45 88
14 81
33 56
92 93
3 53
37 98
54 73
34 60
49 55
10 74
10 36
17 67
6 79
0 92
31 62
28 71
79 89
39 43
43 60
6 23
22 40
10 68
30 38
25 66
12 25
30 63
30 78
83 95
84 89
58 63
22 64
39 55
40 73
4 84
4 6
12 29
5 68
8 62
59 96
42 96
62 72
50 54
5 10
25 29
0 66
29 92
0 58
40 80
35 84
10 32
41 52
24 52
10 48
82 94
86 87
16 84
46 96
31 72
55 59
1 27
26 83
8 33
3 82
25 93
34 52
2 97
7 62
24 68
46 55
0 29
21 38
27 93
26 37
0 63
29 47
13 26
14 22
83 98
10 77
22 90
11 43
32 77
61 89
20 97
11 69
21 54
17 99
11 14
25 92
82 88
40 98
63 66
67 86
71 76
22 69
53 82
3 88
31 33
18 82
50 72
58 71
2 10
58 85
2 48
16 23
6 65
61 84
4 66
0 28
67 99
42 82
27 92
11 39
3 75
67 91
67 87
34 43
50 80
42 59
46 78
0 12
40 83
26 95
29 57
9 91
1 21
49 60
23 35
32 68
24 32
40 54
39 45
28 85
13 62
45 94
42 46
51 84
59 78
11 64
71 85
17 95
80 83
13 33
31 50
44 76
37 99
38 63
66 93
71 92
18 53
28 63
25 63
23 89
16 42
66 78
25 58
42 55
20 90
17 37
20 98
30 66
51 89
34 48
16 59
12 79
65 84
8 72
63 85
16 46
21 72
85 93
53 94
15 22
13 99
8 26
5 77
70 71
37 73
21 80
23 96
35 42
19 46
84 96
50 73
24 48
9 95
65 78
6 61
47 92
43 55
1 72
52 77
1 7
9 20
70 76
34 68
95 99
75 82
18 45
19 66
14 60
2 68
80 81
11 60
34 77
73 98
27 63
4 78
54 81
5 90
22 81
17 26
47 70
19 38
25 65
11 15
4 89
1 38
1 58
19 59
4 16
39 42
38 85
24 41
7 31
63 92
44 71
86 99
91 95
21 85
83 99
15 80
54 83
1 71
8 56
60 69
12 66
40 64
5 97
25 28
19 63
23 66
35 51
56 62
65 79
24 34
9 98
15 54
35 59
26 73
2 90
73 95
57 70
11 81
35 46
13 72
4 79
13 50
79 84
71 93
60 64
30 93
29 93
74 77
28 29
68 74
4 35
23 78
9 37
35 61
1 28
42 88
37 91
8 50
56 86
15 40
19 65
1 63
26 31
32 48
39 88
40 81
36 68
6 51
23 79
9 17
8 99
14 49
36 77
37 40
12 65
11 59
63 78
13 83
49 69
57 92
1 50
4 96
29 58
11 46
2 20
52 68
38 50
7 85
65 89
33 72
91 99
0 65
16 51
1 93
38 54
22 98
10 24
13 56
22 80
44 47
4 19
40 95
27 76
14 40
60 90
6 16
40 69
0 27
6 35
23 46
