100 400 173.11845655504212 sparse
0 180 332
1 496 657
2 127 703
3 662 978
4 367 700
5 137 495
6 765 924
7 566 988
8 835 920
9 736 251
10 369 744
11 264 686
12 360 350
13 11 166
14 985 324
15 906 202
16 688 343
17 203 253
18 545 196
19 513 634
20 238 451
21 44 860
22 644 893
23 618 497
24 686 454
25 633 509
26 939 888
27 433 789
28 373 726
29 677 232
30 770 381
31 247 120
32 445 344
33 388 456
34 304 356
35 587 327
36 957 617
37 325 46
38 510 838
39 382 585
40 301 964
41 822 53
42 883 556
43 517 389
44 128 895
45 47 480
46 185 19
47 93 226
48 26 830
49 261 892
50 471 812
51 326 177
52 321 923
53 194 39
54 429 780
55 882 454
56 509 363
57 698 583
58 642 526
59 766 616
60 962 246
61 933 549
62 771 477
63 566 439
64 848 568
65 610 547
66 977 741
67 742 604
68 968 847
69 259 255
70 196 497
71 204 856
72 631 410
73 751 914
74 549 932
75 372 496
76 720 161
77 441 141
78 804 147
79 413 999
80 77 111
81 593 817
82 255 768
83 721 315
84 599 671
85 296 622
86 390 77
87 407 46
88 78 567
89 807 735
90 836 656
91 7 524
92 400 883
93 325 327
94 588 957
95 275 125
96 302 825
97 139 569
98 108 318
99 825 537
27 54
6 73
10 28
23 25
25 58
46 53
4 28
59 67
43 56
31 95
1 19
21 48
86 87
34 93
42 64
23 58
7 94
58 65
64 99
12 93
33 75
16 83
4 10
27 50
25 65
40 52
74 94
38 50
57 67
26 68
42 61
23 65
50 54
17 69
12 34
7 74
5 70
45 91
88 97
42 99
9 29
20 70
9 83
32 56
49 71
49 52
10 54
43 63
6 8
24 72
63 72
15 60
11 85
37 86
36 61
51 95
0 98
82 96
5 97
57 59
24 25
3 94
28 54
23 63
10 27
49 96
57 58
23 24
59 90
62 99
14 60
77 86
37 87
30 83
0 17
40 49
11 82
29 76
88 91
89 90
8 73
24 58
32 43
22 94
76 78
12 32
44 71
38 81
35 56
13 80
3 22
27 28
61 64
16 72
23 72
24 62
52 92
64 90
39 75
16 30
21 44
5 45
27 38
9 76
22 81
70 97
45 88
5 88
47 98
37 95
35 43
19 84
39 85
35 72
29 83
56 63
59 64
57 65
41 78
36 42
30 62
3 7
31 53
25 63
31 51
69 93
25 57
59 99
25 72
38 54
27 92
52 96
50 92
55 99
77 87
4 54
13 47
71 82
38 74
42 55
16 35
22 74
71 96
51 69
9 16
4 11
1 84
10 96
4 85
66 68
67 99
54 92
67 90
31 37
55 61
61 99
8 26
22 73
3 73
12 33
5 20
0 69
42 90
34 69
4 27
16 24
24 30
16 29
64 67
17 47
55 62
92 96
35 63
17 98
58 63
20 34
15 78
43 72
4 39
11 28
47 80
3 6
10 82
58 72
63 65
79 92
40 79
23 57
18 77
53 95
31 46
51 86
38 92
55 64
62 64
52 79
36 64
90 99
10 11
24 65
51 77
24 63
44 48
32 93
28 96
3 74
50 81
10 50
7 22
74 81
49 82
9 78
65 84
86 95
6 22
28 82
36 66
32 33
59 89
0 34
58 67
36 90
40 92
45 97
57 62
33 39
28 85
24 57
62 67
19 65
28 50
33 34
56 72
29 35
72 83
69 95
37 51
4 82
37 53
42 59
0 20
57 84
44 49
5 91
30 55
9 30
35 83
2 97
54 96
52 71
1 39
57 99
31 69
27 96
1 4
18 29
42 62
0 47
70 88
53 80
18 35
58 62
2 11
65 72
12 69
40 96
46 95
59 62
49 92
91 97
19 39
1 54
17 31
81 94
4 96
1 28
28 39
20 75
32 34
25 62
46 80
30 72
10 85
38 94
10 92
37 46
17 93
32 35
50 74
24 83
2 82
33 93
65 67
11 96
17 34
61 90
2 88
17 51
25 67
22 38
0 93
40 71
14 15
33 43
81 84
67 89
1 27
12 75
17 95
75 85
23 43
41 76
42 67
31 86
12 56
37 77
45 70
51 93
20 33
57 64
58 84
20 93
74 79
82 85
8 68
26 66
33 56
29 78
4 50
58 59
7 79
87 95
32 63
1 10
76 83
51 87
20 97
23 62
36 99
62 72
16 63
11 39
34 75
57 90
74 92
1 50
16 62
67 84
12 20
1 65
28 92
10 39
21 71
70 85
7 38
24 67
4 19
24 35
12 43
24 99
2 48
27 81
69 98
23 67
66 90
30 99
25 84
85 97
0 70
14 55
77 95
25 43
9 35
19 28
54 81
19 58
19 54
52 82
47 69
0 5
73 94
32 75
16 23
10 38
50 96
62 83
66 89
31 80
59 65
25 59
18 56
15 41
11 97
2 71
64 89
19 23
23 56
23 35
45 98
7 81
