100 400 176.13914953808538 sparse
0 993 312
1 484 444
2 379 295
3 564 903
4 470 253
5 628 585
6 535 672
7 132 154
8 298 491
9 763 592
10 165 773
11 494 176
12 21 735
13 553 797
14 716 479
15 726 180
16 584 351
17 935 967
18 949 859
19 991 545
20 726 468
21 968 312
22 471 935
23 818 139
24 862 749
25 569 638
26 442 282
27 246 121
28 238 514
29 586 196
30 444 903
31 962 86
32 602 887
33 812 598
34 814 907
35 351 862
36 281 509
37 980 850
38 725 30
39 665 816
40 873 56
41 496 579
42 711 914
43 161 173
44 395 153
45 45 313
46 101 245
47 801 374
48 933 901
49 165 766
50 383 587
51 930 907
52 959 570
53 951 443
54 441 930
55 435 831
56 0 24
57 468 171
58 152 20
59 19 594
60 849 662
61 755 835
62 146 993
63 531 743
64 768 774
65 548 265
66 65 942
67 633 978
68 669 917
69 235 955
70 179 472
71 5 48
72 453 191
73 331 317
74 598 787
75 890 523
76 728 776
77 147 140
78 700 994
79 537 164
80 837 582
81 927 932
82 409 462
83 376 528
84 333 102
85 150 263
86 256 426
87 157 750
88 965 174
89 345 199
90 72 799
91 318 852
92 123 47
93 491 878
94 311 552
95 959 663
96 185 446
97 414 88
98 540 768
99 683 318
48 51
10 49
14 20
49 87
7 77
10 87
56 71
8 36
0 21
57 72
51 81
11 57
63 98
70 96
30 54
33 80
22 54
48 81
13 98
18 37
35 91
7 43
43 77
17 81
58 92
64 76
4 26
19 52
3 32
22 30
42 68
28 36
11 72
11 79
18 48
13 74
6 25
9 33
18 51
46 85
36 94
2 73
30 93
13 63
29 79
50 83
17 51
22 93
74 98
61 64
8 94
8 28
4 72
2 26
61 76
17 48
44 97
44 89
67 78
83 94
44 72
37 48
57 79
67 68
6 63
54 93
28 70
30 55
39 74
55 93
32 68
86 96
82 83
33 60
39 76
9 80
44 57
37 51
18 81
1 82
3 93
8 86
29 65
4 65
5 25
75 80
50 94
63 74
44 84
4 11
42 78
60 80
12 90
4 57
84 97
28 94
68 78
52 75
28 96
8 83
36 86
24 60
31 88
45 46
72 79
27 84
35 55
70 86
28 86
42 61
43 85
26 72
39 61
52 95
34 61
16 65
43 46
25 41
31 40
11 29
32 39
62 66
77 92
6 98
7 46
32 67
10 90
62 69
36 83
24 64
37 81
84 89
87 90
3 22
49 90
57 97
54 55
23 40
27 43
32 74
2 4
53 75
15 23
27 77
6 41
42 67
39 68
65 79
30 35
11 44
2 89
3 67
13 93
13 32
34 42
19 75
11 65
16 99
3 68
3 13
26 65
7 92
33 75
39 42
72 89
36 70
17 18
19 53
60 95
22 55
72 97
7 85
9 60
39 64
32 93
4 79
25 63
32 42
35 54
41 50
13 39
26 57
46 77
8 82
36 96
34 81
34 51
45 85
26 73
71 92
11 26
7 27
61 68
73 89
55 91
11 97
34 48
3 30
58 77
20 47
65 72
93 98
8 70
29 57
3 74
8 96
19 95
9 14
55 98
52 80
13 55
77 85
57 65
4 44
56 92
17 37
3 54
27 89
57 89
6 13
52 53
5 6
2 72
26 89
50 82
8 50
36 50
4 29
9 20
24 95
55 63
41 83
74 76
47 99
89 97
6 74
43 92
21 53
5 41
69 91
73 86
82 94
29 72
25 98
3 39
39 98
32 98
17 34
14 47
5 9
7 58
1 41
30 91
4 89
36 82
1 16
24 76
1 83
12 87
3 98
24 61
26 44
86 94
0 53
5 14
27 58
21 88
60 64
28 83
42 76
22 32
18 24
22 35
74 93
34 64
63 93
0 88
15 29
35 93
12 59
44 79
2 44
66 90
18 34
23 38
52 60
34 78
27 92
9 75
15 99
79 97
60 75
65 99
32 78
34 68
54 91
41 82
80 95
12 49
3 42
3 55
68 74
35 69
10 12
72 84
40 88
33 52
58 71
15 38
38 40
4 16
11 89
23 88
42 64
26 79
57 84
25 74
13 30
56 58
27 44
39 63
5 20
2 57
68 76
14 33
4 73
43 58
23 31
70 94
16 29
24 37
29 99
20 33
20 99
75 95
34 76
82 86
83 86
16 26
19 80
30 32
14 80
24 33
20 80
13 25
13 22
32 63
33 95
32 61
28 50
3 63
3 78
61 74
14 99
73 82
94 96
47 53
24 34
39 67
7 71
2 11
30 98
60 76
32 54
13 68
1 26
22 67
41 63
26 29
24 48
32 76
61 78
55 74
24 80
71 77
2 82
42 74
66 69
64 74
27 97
27 85
2 65
24 51
10 91
20 75
47 75
67 93
13 54
64 68
22 91
6 50
4 97
34 39
91 93
1 50
72 73
34 37
49 91
44 73
32 55
