100 400 176.38594048279472 sparse
0 940 12
1 196 244
2 914 361
3 61 169
4 57 847
5 450 314
6 432 197
7 14 738
8 605 149
9 624 566
10 676 828
11 51 69
12 801 809
13 514 547
14 48 175
15 251 429
16 431 122
17 79 102
18 104 129
19 360 847
20 311 915
21 597 334
22 68 681
23 215 643
24 380 834
25 719 958
26 715 851
27 290 426
28 404 533
29 385 421
30 564 31
31 667 949
32 957 367
33 178 281
34 190 72
35 459 715
36 272 159
37 275 10
38 682 897
39 130 6
40 522 880
41 435 353
42 843 394
43 583 651
44 527 106
45 538 553
46 992 25
47 698 548
48 451 345
49 987 180
50 498 142
51 916 586
52 758 475
53 138 134
54 420 211
55 427 953
56 612 234
57 542 523
58 619 142
59 879 265
60 63 508
61 330 493
62 3 235
63 787 631
64 642 917
65 62 196
66 544 516
67 392 2
68 121 162
69 154 244
70 204 522
71 40 997
72 181 326
73 211 521
74 454 828
75 692 269
76 632 390
77 956 367
78 51 526
79 203 97
80 901 659
81 973 486
82 520 164
83 911 87
84 516 332
85 766 320
86 211 304
87 909 533
88 707 198
89 227 1000
90 74 708
91 261 527
92 963 859
93 352 805
94 804 102
95 264 572
96 803 129
97 231 326
98 497 953
99 1 558
32 77
70 73
57 66
3 14
8 58
41 48
6 54
60 78
19 24
13 45
14 65
3 65
94 96
22 90
34 79
86 97
45 57
5 48
50 82
53 68
18 53
17 18
13 57
18 68
72 86
45 66
15 27
33 86
24 93
31 64
1 33
5 41
1 69
2 77
19 93
13 66
11 17
2 32
33 69
38 64
33 72
91 95
10 26
44 50
72 97
73 91
25 31
51 87
0 46
31 38
26 38
70 91
44 82
3 18
78 99
3 68
1 86
21 76
48 84
7 90
17 53
65 68
5 84
10 38
3 17
33 97
16 50
55 98
62 65
25 38
14 18
75 88
17 68
73 95
14 68
24 74
51 80
53 79
14 62
6 16
9 47
61 91
40 98
27 61
70 95
2 42
7 22
18 65
14 17
81 87
60 99
11 18
0 83
34 53
21 84
69 86
1 72
30 44
41 84
19 20
28 61
29 41
3 53
8 56
40 74
6 50
23 95
8 82
69 72
9 45
25 64
56 75
3 62
68 69
8 44
1 97
34 39
16 54
75 85
29 61
56 58
9 57
36 79
6 82
9 66
9 43
47 52
27 29
10 64
17 65
12 26
19 74
16 44
53 65
26 64
16 82
15 91
44 58
14 53
15 73
3 11
29 48
11 39
21 56
58 82
56 88
15 61
46 83
2 59
61 95
18 34
65 69
18 79
50 54
15 70
58 88
74 93
68 79
15 97
27 91
34 37
11 14
20 24
42 85
25 26
8 50
5 54
43 45
83 94
11 53
17 39
26 31
54 82
13 28
1 68
53 69
9 13
69 97
37 79
35 74
8 88
34 68
28 29
1 36
17 34
51 81
21 75
56 82
83 96
27 97
42 77
11 68
39 79
32 42
4 7
37 67
63 80
20 93
42 52
88 96
5 6
3 69
20 89
34 36
40 55
32 81
49 83
77 81
50 58
10 31
23 70
47 63
20 55
23 73
61 73
27 73
30 58
17 79
1 53
15 72
23 91
13 43
8 30
5 29
19 55
18 69
40 64
59 85
18 39
16 67
80 87
10 12
14 69
11 65
59 77
55 74
24 55
39 53
32 59
27 70
30 50
61 70
76 84
15 86
6 44
33 68
74 98
42 59
15 29
43 57
75 76
28 45
85 88
36 53
88 94
51 63
10 25
56 84
49 59
48 54
2 81
28 57
62 68
11 34
35 43
35 93
4 90
22 99
30 82
43 66
28 66
60 70
1 65
41 54
24 35
28 91
15 95
33 65
37 39
28 95
27 86
36 69
21 48
18 62
58 75
50 56
1 79
1 18
27 72
12 38
8 75
27 95
5 21
60 73
36 37
6 48
24 40
64 98
44 54
4 71
36 68
76 85
62 69
22 23
52 76
33 53
70 78
17 62
2 85
44 56
66 76
42 87
33 36
43 47
1 3
54 84
11 79
69 79
46 49
52 85
23 90
59 96
22 78
6 41
39 68
27 28
63 87
36 54
56 76
47 66
36 86
47 57
29 84
52 63
6 84
3 79
42 81
45 47
73 78
31 40
17 69
57 76
38 40
16 30
3 34
52 87
3 33
9 52
27 41
10 40
0 94
21 41
29 91
16 36
1 14
6 36
19 35
15 33
19 40
5 82
55 93
4 22
90 99
24 98
20 74
14 33
82 84
68 86
53 62
18 33
12 92
21 85
31 98
12 25
44 67
18 36
47 76
36 97
2 87
1 34
65 79
77 87
11 62
32 87
22 60
19 98
14 79
30 67
0 49
68 72
21 88
41 61
14 34
9 63
50 67
34 69
8 16
9 76
65 72
56 85
