100 400 176.50495743746123 sparse
0 916 27
1 949 217
2 984 226
3 955 942
4 884 361
5 694 112
6 548 711
7 618 665
8 227 409
9 938 186
10 264 546
11 91 699
12 97 385
13 398 597
14 800 17
15 964 364
16 756 27
17 44 297
18 886 317
19 838 556
20 971 779
21 362 768
22 848 2
23 743 819
24 218 89
25 910 545
26 68 845
27 871 329
28 807 530
29 970 677
30 764 392
31 231 381
32 380 494
33 20 884
34 553 529
35 937 499
36 555 447
37 835 987
38 93 149
39 992 926
40 744 267
41 612 10
42 657 939
43 113 472
44 200 661
45 133 754
46 756 58
47 517 440
48 975 189
49 379 781
50 806 468
51 36 112
52 137 654
53 859 266
54 752 159
55 863 438
56 831 232
57 370 712
58 947 60
59 257 985
60 362 762
61 938 680
62 291 807
63 703 310
64 899 57
65 556 234
66 138 314
67 135 377
68 67 586
69 508 238
70 111 765
71 831 524
72 13 120
73 196 63
74 488 219
75 860 742
76 573 134
77 822 858
78 276 507
79 947 183
80 378 705
81 555 206
82 567 412
83 641 656
84 820 255
85 732 314
86 532 886
87 3 899
88 799 841
89 624 469
90 36 686
91 955 218
92 730 258
93 642 639
94 406 373
95 55 345
96 927 119
97 103 85
98 219 938
99 730 710
21 60
1 91
9 79
57 80
40 92
83 93
18 27
21 49
33 87
51 72
45 70
7 83
28 71
49 60
56 84
69 74
65 81
8 31
77 88
48 79
63 85
2 91
16 46
29 61
19 71
1 9
24 73
1 79
0 64
4 27
48 91
7 93
79 91
1 2
9 91
36 82
9 48
2 48
1 48
36 47
12 67
3 39
19 28
53 84
10 78
4 18
53 56
14 16
0 58
58 64
65 69
40 85
17 95
14 22
57 60
25 35
85 92
11 90
21 57
2 79
69 81
47 82
18 53
12 95
63 92
60 80
40 63
14 46
23 88
59 98
2 9
50 71
26 33
28 50
58 96
66 67
44 52
27 53
11 52
50 55
38 97
21 80
79 96
9 96
38 51
64 96
74 81
11 70
11 45
49 57
65 74
51 97
36 89
0 22
19 25
76 81
5 54
22 64
49 80
40 84
4 55
4 15
82 89
21 62
25 71
12 66
34 36
5 46
6 7
60 62
30 85
26 87
48 96
38 72
67 95
30 50
23 77
12 43
66 95
27 84
84 92
18 84
26 70
15 18
49 62
55 71
0 96
34 89
19 50
40 56
16 22
17 66
73 97
35 55
34 47
31 67
72 97
8 67
43 67
52 68
4 53
15 27
61 75
45 52
1 96
46 54
18 56
54 92
65 76
20 29
30 63
1 53
12 17
91 96
25 28
83 99
56 92
20 61
13 32
68 90
32 78
27 56
5 16
84 85
52 90
14 64
53 91
54 56
22 46
28 55
6 83
40 54
35 71
70 90
30 55
27 55
8 78
23 99
13 80
47 89
26 45
9 53
93 99
52 70
19 35
44 45
31 66
22 58
40 53
24 97
11 44
11 68
75 88
0 14
9 56
25 55
20 75
54 84
34 82
1 18
13 57
6 93
45 90
1 56
74 76
19 55
18 91
7 99
53 79
17 67
2 96
75 77
69 76
43 68
5 76
58 79
18 55
57 62
32 94
4 84
4 30
27 30
56 91
15 55
56 79
9 58
30 40
10 32
29 75
3 37
56 85
53 92
63 84
25 50
37 77
47 94
41 76
8 66
8 43
5 41
2 53
10 44
48 58
16 54
8 12
4 50
28 35
2 18
31 78
75 99
12 31
62 80
38 73
1 84
35 50
9 64
64 79
53 85
42 86
1 27
9 84
44 70
15 35
25 61
30 92
24 38
27 91
48 53
2 15
4 56
43 95
27 85
84 91
23 75
9 18
22 96
27 40
34 93
8 10
5 14
46 64
18 30
10 13
15 53
28 30
25 29
16 41
79 84
16 64
15 91
18 79
32 47
23 42
1 15
11 26
4 35
30 84
30 71
88 99
56 96
20 39
31 43
62 98
33 70
14 54
56 63
48 56
37 88
5 92
18 40
7 34
53 54
13 78
41 46
48 64
44 68
2 27
2 56
14 58
27 50
18 85
34 83
17 38
18 48
54 85
1 58
3 77
30 53
27 92
9 27
1 4
58 91
54 63
0 79
4 85
19 61
4 91
30 89
43 66
0 16
0 9
53 96
53 63
26 90
5 40
14 96
0 46
3 20
27 79
63 65
82 94
44 90
36 94
2 84
45 62
10 52
43 78
18 92
51 73
1 64
5 81
2 4
10 43
10 31
37 39
48 84
4 40
20 77
13 60
27 63
69 94
13 34
63 82
2 58
6 80
64 91
50 85
18 50
89 93
38 66
4 71
44 78
44 62
53 55
70 87
33 45
0 48
42 88
84 96
30 56
77 99
27 48
74 94
13 21
8 32
31 94
15 48
65 92
6 86
32 34
