100 433 185.58555978308226 sparse
0 683 579
1 666 313
2 309 113
3 237 642
4 463 366
5 917 892
6 7 795
7 171 607
8 224 526
9 851 277
10 635 460
11 565 292
12 883 998
13 265 701
14 156 658
15 114 307
16 595 857
17 9 971
18 389 873
19 933 919
20 695 944
21 980 180
22 406 743
23 20 509
24 191 227
25 350 422
26 541 520
27 249 38
28 901 431
29 587 750
30 999 501
31 179 759
32 510 141
33 291 636
34 727 229
35 389 441
36 739 934
37 50 861
38 865 87
39 145 389
40 942 608
41 203 527
42 427 131
43 714 264
44 894 912
45 497 739
46 866 257
47 358 212
48 211 991
49 578 920
50 414 423
51 66 761
52 655 420
53 439 882
54 585 540
55 954 227
56 896 614
57 276 110
58 617 596
59 363 26
60 533 707
61 961 866
62 801 420
63 43 480
64 266 363
65 441 218
66 935 482
67 69 860
68 616 444
69 9 163
70 727 1
71 536 154
72 101 706
73 122 237
74 247 692
75 11 197
76 961 317
77 325 64
78 708 347
79 570 702
80 161 784
81 910 791
82 260 812
83 215 559
84 437 583
85 801 968
86 703 239
87 175 372
88 675 482
89 867 33
90 967 76
91 583 829
92 455 160
93 783 473
94 914 715
95 263 197
96 513 967
97 108 454
98 547 329
99 392 464
37 67
13 74
8 41
35 99
10 68
9 46
34 86
43 86
32 71
16 91
5 44
35 50
31 80
5 19
2 57
69 75
41 83
8 83
39 87
23 63
34 43
60 79
19 44
42 92
11 98
25 35
10 52
20 36
10 88
52 68
40 56
50 99
45 60
26 54
18 53
29 79
3 74
5 61
2 77
7 14
21 55
59 77
1 78
38 89
3 33
62 93
32 92
25 99
65 92
19 61
28 66
25 50
54 58
7 83
52 88
51 72
16 49
3 13
30 66
57 77
6 51
0 58
1 43
29 60
24 73
13 33
63 97
68 88
15 73
36 85
33 74
14 72
3 7
39 97
4 50
81 94
27 57
24 95
6 37
29 91
49 96
27 77
71 92
44 61
45 79
3 14
1 86
47 65
43 78
32 42
3 83
7 41
12 44
12 85
15 39
57 95
42 65
15 87
6 67
52 78
55 76
29 45
61 81
22 45
49 91
64 87
4 98
46 55
12 19
31 72
10 54
31 74
2 95
2 27
47 95
7 8
31 82
14 74
0 88
51 80
72 80
51 67
28 62
54 68
5 81
37 51
2 59
38 90
56 94
25 64
80 82
1 11
32 65
14 31
13 31
23 97
1 34
21 90
4 35
0 54
87 97
42 47
26 68
54 88
16 29
26 58
1 52
78 86
33 83
88 93
44 85
20 85
89 90
47 92
2 47
40 94
15 24
13 82
5 12
42 71
10 26
46 76
53 96
31 51
7 74
9 55
65 71
27 59
14 83
58 79
3 8
9 76
13 14
17 37
73 75
62 78
67 80
2 42
20 49
34 78
41 97
3 41
1 98
28 30
74 82
57 59
4 99
30 40
7 72
26 84
42 77
44 81
42 59
7 33
39 64
45 91
28 93
74 80
4 11
14 80
4 25
17 67
40 66
84 99
79 91
58 88
0 10
8 33
28 76
6 72
19 81
3 31
47 57
18 22
60 91
22 60
16 20
7 13
9 34
13 80
68 78
68 98
10 78
69 73
37 80
8 97
39 63
14 33
14 51
74 83
10 58
16 96
21 46
9 43
56 66
21 76
52 93
5 85
52 54
78 88
14 41
58 60
26 88
33 41
1 68
62 88
19 85
11 71
52 98
34 46
18 82
22 53
70 89
49 53
11 65
24 57
73 87
35 64
0 93
24 87
52 62
73 95
78 93
72 74
77 95
13 22
15 97
62 66
11 86
21 38
8 14
10 93
31 67
4 65
39 41
35 84
83 97
1 10
3 72
13 83
15 75
0 68
9 62
55 90
11 43
47 77
26 52
58 68
43 46
7 31
66 93
42 57
9 86
30 56
11 78
12 61
2 92
16 45
53 91
65 98
39 73
0 26
54 84
45 53
6 80
91 96
24 64
33 84
18 96
11 52
36 44
60 84
29 58
16 79
22 33
67 72
41 87
12 36
10 98
16 53
8 39
61 94
26 99
9 78
27 95
50 64
26 50
11 68
20 91
11 32
3 80
9 21
0 52
22 82
64 99
77 92
36 49
8 87
50 84
9 28
15 64
78 98
16 60
59 92
38 70
54 79
50 98
22 84
37 72
16 36
8 25
46 86
2 24
13 72
31 37
7 97
38 55
64 95
31 33
41 63
43 52
22 74
0 79
66 76
45 84
8 74
24 47
32 47
8 64
24 39
2 65
22 79
1 88
68 93
38 46
29 49
63 87
10 62
41 74
26 35
3 82
4 68
11 92
18 45
1 62
4 26
23 39
11 34
54 60
71 98
46 62
41 64
6 31
6 17
42 95
47 64
5 94
7 80
28 46
56 81
15 69
79 84
43 62
33 82
8 99
43 98
65 95
8 13
7 23
52 58
86 98
7 63
58 84
25 41
56 93
22 29
28 40
46 78
10 11
25 87
64 97
24 75
5 36
25 84
28 56
20 96
39 83
23 41
26 79
13 41
15 95
21 89
48 82
