100 400 181.02486017119307 sparse
0 842 537
1 2 579
2 772 566
3 126 689
4 683 487
5 83 499
6 463 594
7 365 103
8 295 190
9 16 931
10 118 545
11 97 80
12 160 653
13 734 321
14 964 93
15 694 609
16 314 449
17 955 694
18 526 587
19 870 803
20 175 62
21 212 969
22 456 617
23 387 738
24 15 1
25 349 721
26 565 101
27 425 480
28 957 733
29 850 480
30 487 899
31 643 654
32 68 397
33 98 215
34 318 815
35 803 276
36 950 941
37 753 505
38 433 111
39 50 825
40 459 90
41 763 677
42 314 615
43 371 225
44 14 743
45 97 636
46 69 944
47 27 367
48 774 68
49 130 43
50 88 474
51 340 622
52 687 179
53 784 360
54 75 778
55 996 277
56 258 326
57 265 752
58 879 804
59 293 990
60 575 155
61 745 279
62 759 128
63 768 781
64 751 303
65 878 0
66 141 971
67 918 55
68 676 132
69 856 79
70 614 870
71 400 197
72 567 648
73 343 132
74 947 711
75 967 966
76 30 938
77 203 758
78 667 301
79 300 411
80 61 353
81 38 495
82 334 485
83 37 864
84 743 940
85 711 228
86 334 348
87 559 667
88 269 615
89 774 533
90 540 768
91 921 634
92 112 456
93 40 613
94 602 959
95 869 372
96 620 276
97 704 188
98 339 461
99 883 991
19 58
9 76
17 74
52 97
72 87
6 22
28 74
82 98
61 64
13 64
5 50
42 51
16 98
50 92
36 75
2 89
38 40
37 89
7 73
47 80
17 28
46 76
43 71
16 79
85 97
39 83
16 82
23 25
13 61
32 80
42 88
5 81
52 68
20 49
3 12
11 49
32 47
1 93
5 92
39 54
78 96
50 81
52 85
9 46
26 60
0 29
5 10
35 61
35 64
14 67
3 45
61 85
45 93
48 62
57 77
68 97
6 18
13 53
79 98
2 37
12 45
53 64
67 69
65 67
15 31
0 89
7 38
17 91
13 78
9 83
44 54
21 66
51 88
79 86
4 37
18 72
32 92
76 83
8 73
0 2
18 22
31 72
46 66
10 50
56 86
32 50
11 20
61 78
74 91
62 97
79 82
65 69
34 57
13 35
48 69
62 68
36 99
81 92
8 43
21 59
64 78
64 85
31 87
78 85
53 95
35 53
46 83
71 73
18 87
75 99
27 98
52 62
2 15
10 92
25 57
39 44
70 94
53 61
27 82
1 81
38 71
38 73
29 89
10 45
54 83
10 81
0 37
56 79
7 40
13 85
15 41
43 73
25 34
25 51
61 97
29 37
7 71
4 89
68 85
32 81
3 54
87 90
85 96
16 86
5 32
23 34
3 77
10 93
60 68
35 85
41 63
19 63
8 71
28 91
28 58
26 40
62 69
14 69
29 95
15 89
1 45
62 85
9 39
2 41
25 42
7 8
19 28
86 98
58 63
12 77
1 5
11 24
22 87
52 60
39 76
3 93
80 92
58 74
16 27
26 68
22 72
12 88
52 61
66 76
10 12
2 29
22 51
35 95
48 68
6 72
52 96
81 93
78 97
2 4
15 37
19 74
6 27
39 46
6 87
1 10
96 97
5 93
7 43
31 41
40 71
24 49
4 15
13 96
23 57
72 90
47 92
47 50
44 83
40 73
52 78
50 80
64 97
48 65
3 44
61 96
0 91
23 51
70 90
6 51
12 93
14 65
34 77
43 86
47 81
60 96
54 77
30 94
38 43
30 70
53 78
9 66
42 82
26 38
35 97
44 93
25 88
15 72
40 60
60 97
17 58
64 96
18 31
11 33
16 56
44 45
1 50
13 97
64 95
29 53
82 86
57 88
51 82
5 45
17 19
35 78
48 97
22 23
52 64
22 27
8 56
48 52
30 90
22 42
84 94
27 79
33 80
23 42
5 47
45 54
80 81
3 10
12 57
13 95
41 89
48 67
26 52
21 46
82 88
42 57
70 84
15 87
50 93
18 27
5 80
37 53
38 60
84 99
22 25
66 83
13 52
51 57
6 42
25 77
53 85
12 54
35 52
43 56
61 62
3 57
45 81
59 66
31 90
36 58
60 85
35 62
68 96
61 95
3 39
23 90
42 98
2 31
10 32
56 98
77 88
55 95
12 42
8 38
19 36
27 86
0 41
63 84
51 98
3 88
40 43
45 77
45 50
4 53
61 68
8 86
6 23
41 91
2 91
9 54
26 97
1 44
0 15
71 86
1 92
19 41
27 51
1 3
16 42
46 54
54 76
10 88
0 4
39 77
4 29
0 95
33 47
54 93
6 82
88 98
68 78
15 18
29 91
23 88
6 25
20 24
20 33
12 44
4 31
48 85
16 88
41 58
39 66
5 12
37 41
60 78
92 93
22 90
45 88
53 89
4 13
1 12
62 65
27 42
16 51
33 49
62 67
58 91
62 64
8 20
56 82
37 95
19 91
34 59
63 70
31 63
31 89
89 91
22 82
60 71
45 92
42 77
