100 400 180.94197965093673 sparse
0 117 997
1 767 956
2 503 323
3 285 776
4 845 304
5 374 614
6 587 116
7 349 952
8 964 388
9 406 151
10 428 944
11 181 883
12 131 806
13 951 741
14 962 485
15 472 92
16 813 156
17 97 114
18 740 784
19 405 133
20 602 504
21 786 712
22 423 311
23 141 25
24 297 533
25 194 778
26 627 232
27 97 499
28 214 584
29 99 369
30 579 992
31 570 990
32 473 957
33 349 530
34 564 251
35 898 490
36 80 114
37 65 71
38 84 119
39 765 414
40 510 780
41 962 807
42 404 560
43 952 128
44 828 820
45 522 726
46 787 10
47 698 389
48 516 260
49 866 153
50 333 449
51 475 639
52 311 247
53 962 754
54 263 18
55 300 301
56 869 754
57 319 909
58 60 416
59 983 437
60 607 54
61 652 876
62 596 183
63 256 264
64 74 921
65 168 975
66 198 683
67 477 833
68 775 118
69 869 997
70 8 402
71 731 520
72 406 231
73 504 671
74 234 574
75 219 374
76 253 314
77 854 774
78 814 169
79 802 59
80 824 138
81 727 590
82 917 699
83 706 47
84 464 945
85 759 701
86 523 604
87 542 663
88 244 137
89 391 189
90 602 862
91 619 14
92 550 787
93 632 373
94 419 231
95 533 219
96 98 271
97 980 575
98 638 557
99 91 137
36 38
30 31
72 94
16 78
17 38
32 84
17 36
13 53
9 19
38 99
16 80
28 74
17 99
56 77
36 99
21 85
78 80
10 84
73 87
40 92
9 89
60 91
51 73
48 95
34 95
49 80
72 89
36 37
10 32
55 76
34 48
63 76
89 94
46 79
37 38
61 90
24 33
14 59
7 57
8 59
44 77
68 80
41 53
16 49
17 37
16 68
58 70
13 82
49 78
52 55
40 45
0 65
55 63
52 63
19 89
45 73
26 62
51 86
29 58
5 42
86 87
40 67
33 42
20 98
14 35
68 78
2 48
68 79
6 60
26 34
45 87
13 41
45 92
6 62
47 93
12 25
75 76
73 86
71 81
37 99
53 82
51 87
39 47
62 95
56 82
34 62
24 74
44 56
15 19
7 10
9 72
22 94
2 22
9 94
22 72
79 80
33 50
13 56
18 85
18 21
67 92
0 64
5 33
9 15
52 76
23 37
46 83
43 49
27 58
3 25
90 92
24 50
14 97
11 12
21 77
11 65
53 56
21 56
83 91
2 34
26 95
81 98
18 44
25 66
52 72
79 83
29 70
8 14
24 28
49 68
16 79
77 82
19 72
29 96
52 89
45 51
19 94
68 83
60 83
17 23
71 98
35 59
28 66
48 94
31 32
13 77
5 51
11 25
22 48
42 51
6 91
41 56
23 36
2 95
64 65
46 68
55 75
40 73
52 94
53 77
23 38
1 69
24 42
78 79
48 62
39 71
30 32
5 24
67 84
41 77
11 64
49 79
48 72
18 77
26 48
10 57
94 95
66 74
31 84
7 84
81 85
21 44
63 75
45 67
6 95
41 82
6 15
35 97
77 85
29 75
54 88
40 87
10 67
8 35
45 86
56 85
23 54
23 99
6 26
33 74
40 90
22 55
32 67
7 32
30 84
86 98
87 92
2 94
73 92
22 89
15 89
42 86
55 72
18 61
3 66
20 86
63 88
72 95
67 90
12 64
43 80
52 88
22 52
60 62
20 71
27 29
0 11
27 70
21 82
42 50
31 90
30 90
18 56
46 80
2 72
96 99
20 93
41 44
9 52
47 71
61 92
21 81
4 39
50 75
6 34
30 61
3 57
6 83
44 85
59 97
55 94
2 93
4 78
82 97
39 93
34 93
12 66
1 61
15 60
11 57
31 61
15 95
26 93
16 43
5 73
87 98
22 95
48 89
43 78
9 95
55 89
27 28
89 95
40 51
28 33
5 74
4 8
13 44
34 94
19 52
16 46
15 94
17 88
80 83
1 44
3 11
10 31
5 86
44 53
42 73
57 84
20 47
58 96
44 82
4 16
50 55
20 81
23 88
4 49
38 96
16 83
88 99
35 39
22 34
63 72
2 26
15 62
15 72
19 95
63 89
9 48
88 89
27 74
52 75
3 12
50 76
17 96
45 90
82 85
36 96
63 96
10 30
18 90
75 96
70 96
34 72
50 74
32 90
6 48
76 96
9 22
38 88
84 90
19 88
46 78
32 57
48 93
9 88
5 28
78 83
46 49
29 76
67 73
58 75
22 50
57 65
43 79
36 88
51 92
63 94
15 91
33 51
4 80
13 21
46 91
2 62
13 97
19 48
35 71
4 47
20 87
5 50
22 76
62 91
42 74
40 84
40 61
42 87
26 47
12 65
55 88
22 63
15 48
72 76
1 18
2 89
27 75
7 67
62 83
5 87
57 67
73 98
40 86
24 75
76 88
71 93
43 68
47 98
19 22
26 60
24 66
60 68
84 92
53 97
28 50
39 81
61 67
32 40
60 95
21 53
