100 400 183.99184764548673 sparse
0 475 947
1 220 219
2 178 909
3 448 764
4 899 812
5 460 994
6 131 589
7 770 42
8 306 198
9 830 187
10 333 786
11 85 807
12 688 357
13 918 422
14 293 369
15 921 488
16 506 992
17 82 602
18 738 72
19 582 502
20 502 38
21 790 337
22 361 656
23 24 469
24 488 134
25 246 160
26 51 917
27 160 847
28 899 63
29 719 326
30 145 788
31 352 957
32 683 668
33 688 334
34 588 589
35 482 945
36 406 151
37 240 495
38 905 89
39 935 808
40 236 58
41 473 700
42 803 859
43 89 391
44 510 514
45 837 282
46 578 809
47 886 977
48 465 14
49 832 120
50 915 848
51 794 862
52 154 536
53 962 475
54 201 332
55 358 695
56 275 545
57 295 407
58 741 31
59 697 257
60 574 247
61 714 286
62 925 592
63 951 16
64 548 314
65 360 393
66 489 539
67 268 439
68 8 908
69 957 717
70 148 8
71 613 667
72 175 541
73 964 680
74 932 828
75 378 175
76 646 521
77 384 284
78 216 375
79 652 732
80 578 706
81 125 286
82 81 33
83 994 602
84 876 98
85 939 734
86 125 276
87 5 373
88 77 6
89 161 589
90 202 648
91 563 952
92 805 866
93 367 292
94 30 796
95 924 876
96 464 60
97 396 19
98 222 160
99 63 41
0 35
42 92
42 51
81 86
51 92
77 93
82 99
39 74
52 72
12 33
25 98
69 85
50 74
28 38
82 88
50 95
6 89
38 84
7 58
29 33
44 66
59 61
4 39
4 74
36 75
69 73
88 99
14 57
22 55
4 50
29 61
18 58
57 67
28 84
15 53
12 29
7 18
20 96
26 68
20 48
39 50
54 78
48 96
5 16
74 95
49 84
0 5
72 89
6 17
71 80
16 35
52 89
5 35
33 61
0 16
11 94
6 52
1 98
73 85
27 30
37 56
37 67
11 30
1 25
2 27
6 72
13 15
57 65
19 76
9 49
3 41
4 95
13 53
39 95
48 97
16 91
62 83
32 71
28 63
8 25
70 88
32 79
14 65
70 82
21 29
89 90
60 64
21 45
29 59
19 44
39 85
14 67
8 75
12 61
71 79
14 78
33 59
24 96
79 80
38 49
96 97
37 72
17 89
35 91
34 71
67 78
73 83
24 36
11 27
57 78
43 87
38 63
19 34
4 85
28 49
0 91
1 8
54 81
34 76
70 99
21 61
8 98
6 90
39 69
74 85
10 55
54 86
9 45
37 52
62 73
20 24
17 52
23 87
14 54
7 49
56 72
19 66
9 84
12 59
40 70
65 93
23 43
21 33
25 40
65 67
40 98
46 80
37 57
12 21
15 62
41 80
18 49
56 67
46 79
14 93
4 42
20 97
47 95
36 96
34 44
4 92
75 77
72 90
8 36
1 86
34 66
43 81
63 84
17 72
5 91
4 69
50 92
65 77
32 80
8 93
42 50
3 55
69 74
68 94
5 31
1 54
41 55
11 26
30 94
8 77
1 81
4 51
50 85
3 10
24 75
34 80
75 93
92 95
7 84
54 57
22 41
43 86
69 83
52 56
50 51
52 90
24 48
42 95
56 89
37 78
21 59
53 62
37 89
26 94
45 61
0 31
9 38
59 60
32 34
14 77
2 30
29 45
54 67
56 90
43 54
11 68
2 26
49 58
78 81
43 78
17 90
62 69
26 27
31 35
7 28
51 95
53 83
39 73
47 50
36 97
74 92
42 74
25 75
10 22
78 86
36 77
15 83
57 93
44 76
14 37
47 92
3 46
50 69
2 11
67 72
3 22
56 57
27 94
22 56
18 84
33 64
39 42
9 28
24 60
51 74
45 59
3 80
39 92
62 85
85 95
7 38
83 85
33 60
75 96
46 91
41 71
6 37
42 47
17 23
65 78
60 61
23 52
46 71
36 93
12 64
4 73
9 18
47 51
24 97
81 87
20 36
36 48
52 67
71 76
9 59
6 56
58 84
39 51
30 90
86 98
41 46
73 74
32 76
57 77
9 61
13 21
86 87
9 21
47 74
1 78
8 40
34 79
75 98
7 9
40 82
75 97
37 65
37 90
33 45
16 31
66 76
49 63
12 60
43 52
81 98
22 90
59 64
26 30
34 41
25 36
6 23
28 58
18 28
13 45
1 40
41 66
45 49
69 95
55 90
27 68
1 75
1 93
10 41
40 97
29 60
4 47
35 46
64 77
12 45
1 14
23 72
40 88
37 54
25 86
18 38
19 71
61 64
70 98
12 76
2 68
13 62
8 54
54 65
54 93
72 78
29 64
55 56
8 14
10 31
0 46
78 93
52 78
43 72
54 98
22 66
40 99
38 58
56 65
25 81
50 73
32 46
39 47
1 77
14 56
67 93
25 54
9 29
66 71
25 93
9 58
12 19
57 72
56 78
2 31
25 70
41 79
30 68
23 89
64 93
24 77
7 63
48 75
37 43
10 27
40 75
