100 496 183.3712082089225 sparse
0 577 348
1 635 431
2 965 806
3 809 162
4 269 188
5 775 331
6 4 720
7 844 736
8 857 768
9 439 605
10 938 692
11 909 430
12 988 750
13 952 625
14 101 691
15 464 664
16 54 632
17 987 408
18 234 551
19 962 349
20 871 242
21 310 327
22 139 422
23 142 413
24 321 401
25 603 466
26 387 730
27 927 679
28 992 745
29 140 834
30 1 830
31 859 11
32 948 932
33 168 685
34 950 937
35 635 732
36 719 963
37 345 8
38 748 153
39 647 883
40 917 841
41 265 939
42 859 615
43 250 354
44 587 254
45 822 396
46 110 765
47 78 188
48 567 355
49 455 305
50 744 381
51 321 489
52 273 6
53 854 754
54 667 378
55 411 963
56 275 274
57 683 661
58 699 313
59 221 519
60 777 483
61 474 432
62 682 755
63 340 300
64 662 264
65 826 468
66 869 965
67 839 389
68 58 825
69 159 574
70 877 472
71 365 529
72 446 273
73 705 711
74 426 821
75 471 780
76 535 418
77 605 691
78 470 334
79 298 685
80 840 165
81 431 749
82 544 206
83 409 178
84 857 596
85 31 83
86 711 240
87 243 268
88 18 22
89 293 428
90 655 670
91 439 306
92 946 887
93 825 267
94 949 288
95 727 920
96 263 791
97 838 303
98 794 827
99 12 601
32 34
12 28
22 23
0 48
8 53
49 91
10 27
45 67
42 84
7 53
57 90
3 80
56 87
49 78
49 72
72 91
7 8
18 59
93 97
24 89
21 63
78 91
36 95
32 92
1 25
26 81
62 73
34 92
75 81
35 77
65 70
60 65
16 99
35 62
20 93
11 70
77 90
40 92
64 86
57 73
30 68
5 50
2 40
51 71
13 27
2 12
74 75
58 64
3 38
1 54
85 88
19 94
61 76
21 56
9 15
17 19
44 82
73 90
35 90
72 78
21 43
2 28
51 89
14 33
10 13
5 97
20 97
56 63
48 76
37 52
45 65
74 81
54 58
35 73
58 86
14 46
21 24
29 46
14 16
10 28
44 64
10 12
50 54
5 58
18 69
46 68
45 50
65 67
5 45
11 17
11 67
5 93
50 58
0 76
29 68
59 69
20 80
2 92
25 76
57 77
43 56
4 87
24 43
43 89
32 66
35 57
34 66
67 97
4 56
43 87
8 98
5 67
24 51
39 95
62 90
21 87
20 94
15 81
11 65
67 70
27 28
38 80
27 42
11 45
13 42
12 27
45 70
57 62
45 97
8 40
53 98
0 44
38 86
0 54
50 67
32 40
11 19
26 75
45 60
61 78
33 46
26 74
63 91
48 78
13 84
26 79
62 77
60 70
7 27
1 76
6 16
3 20
6 14
0 1
15 26
34 40
72 83
1 48
73 77
63 87
21 89
48 54
24 63
44 48
80 93
7 10
7 98
10 53
51 59
27 53
43 63
9 71
76 78
3 93
18 51
50 60
40 53
36 39
0 78
27 84
25 54
63 72
66 92
6 30
10 42
8 10
5 86
33 69
79 96
94 97
60 67
8 27
54 64
2 8
95 98
47 85
49 63
6 46
12 40
59 89
15 75
25 48
2 10
86 93
5 54
6 68
72 82
6 99
0 64
50 65
1 50
16 69
48 61
0 25
28 40
7 42
50 97
2 53
48 49
67 93
23 43
40 98
71 89
44 86
3 86
70 84
10 84
16 33
93 94
17 94
13 28
14 99
44 58
30 46
0 58
22 59
2 32
17 70
7 40
49 61
45 93
19 67
0 49
33 79
12 13
22 43
29 96
14 69
21 91
61 91
5 20
5 64
83 91
64 82
48 64
65 84
2 34
23 59
8 12
19 97
2 27
4 63
39 62
18 71
0 61
40 66
49 82
62 98
25 61
12 53
58 93
1 58
63 78
24 56
49 83
24 71
9 26
63 89
18 89
8 28
48 91
38 93
82 83
54 76
80 97
26 96
28 53
49 76
60 84
48 58
29 30
42 53
58 97
2 7
50 93
63 83
4 83
38 64
19 20
7 84
14 68
7 73
44 49
44 78
86 97
11 60
44 72
33 96
55 74
50 64
12 92
15 77
3 97
42 70
9 81
0 91
16 46
59 71
7 12
50 86
54 86
4 21
82 91
11 97
0 82
61 71
48 72
5 65
73 98
21 72
21 49
76 91
11 94
44 54
79 81
19 45
78 82
41 55
41 96
14 29
7 28
45 58
18 79
8 92
66 95
17 67
80 86
28 92
67 94
18 33
69 99
19 70
36 66
20 67
10 40
42 65
48 82
0 72
1 60
35 39
24 91
29 33
23 89
20 38
5 60
54 60
43 51
8 42
22 69
22 89
24 87
24 59
7 13
56 89
53 73
31 80
46 96
36 98
42 60
45 54
24 61
44 91
66 98
39 98
53 84
3 31
58 67
19 93
20 86
21 78
18 22
75 77
1 61
50 70
61 72
15 74
20 45
53 92
23 69
13 53
9 79
27 40
8 73
21 51
64 93
7 62
29 41
51 61
24 78
92 98
80 94
25 50
24 49
56 83
17 45
65 97
9 51
74 96
18 23
5 11
45 94
4 43
56 91
15 79
38 58
15 71
78 83
43 59
87 89
6 33
1 64
71 79
72 76
0 50
13 70
82 86
35 75
56 72
62 95
14 30
8 13
17 65
8 84
53 62
1 5
44 76
0 86
11 50
2 98
54 67
3 5
81 96
18 24
70 97
11 84
5 70
33 59
25 60
38 97
8 62
9 61
47 88
23 87
33 99
6 29
7 57
69 79
9 75
33 68
5 80
21 83
48 50
24 72
3 64
5 94
23 24
5 38
31 38
64 97
25 58
19 65
61 89
2 13
42 73
39 73
37 83
42 57
4 52
7 92
17 97
49 56
54 65
51 69
59 79
22 24
47 87
