100 409 166.01204775557707 sparse
0 966 639
1 442 526
2 997 310
3 836 872
4 24 147
5 348 349
6 179 511
7 221 523
8 398 197
9 230 601
10 525 793
11 576 189
12 357 107
13 514 794
14 134 254
15 378 814
16 488 579
17 294 841
18 140 487
19 763 744
20 884 320
21 697 92
22 413 814
23 562 256
24 909 61
25 904 793
26 894 222
27 332 807
28 426 122
29 544 54
30 859 803
31 164 221
32 53 478
33 440 341
34 390 832
35 367 99
36 40 394
37 242 413
38 685 398
39 556 80
40 632 112
41 628 701
42 71 803
43 35 368
44 822 92
45 305 544
46 90 251
47 629 178
48 562 645
49 854 474
50 32 276
51 888 805
52 158 443
53 366 910
54 392 196
55 887 127
56 799 913
57 137 594
58 445 639
59 34 802
60 197 249
61 212 310
62 481 931
63 123 558
64 794 361
65 766 412
66 256 570
67 589 164
68 931 418
69 279 721
70 216 416
71 649 803
72 806 262
73 964 97
74 953 213
75 368 502
76 208 927
77 252 574
78 445 19
79 884 350
80 715 583
81 100 351
82 579 974
83 606 92
84 730 496
85 336 491
86 473 575
87 193 516
88 426 137
89 693 181
90 703 231
91 575 589
92 48 716
93 635 613
94 138 689
95 47 707
96 797 465
97 704 609
98 830 791
99 2 47
66 77
8 54
92 95
10 13
12 35
6 87
28 88
16 86
25 51
15 34
37 70
36 43
11 67
80 97
29 39
7 87
30 51
22 34
20 79
30 98
40 83
75 85
9 77
15 22
42 59
57 63
9 66
47 67
31 60
6 7
14 46
14 31
6 18
25 30
15 27
18 52
17 27
89 90
39 83
11 47
3 56
45 66
48 91
49 96
1 86
64 65
7 66
51 98
26 74
7 77
18 87
45 77
45 85
65 96
60 61
27 34
46 50
14 60
28 35
52 70
47 89
91 93
24 73
40 47
8 88
43 81
40 67
21 40
54 88
11 23
93 97
24 55
58 86
1 16
35 88
12 28
6 52
29 83
3 30
18 63
6 63
16 58
36 81
44 55
84 96
67 83
25 98
12 88
45 75
1 75
7 9
48 93
31 46
8 28
52 87
3 98
22 27
28 54
34 53
63 87
19 98
38 65
39 40
55 73
68 79
77 87
66 87
3 51
32 36
80 93
41 48
7 45
59 92
18 32
16 91
15 17
41 93
80 84
7 18
47 83
21 89
37 52
42 92
39 67
64 79
21 83
47 90
65 84
43 50
40 89
5 33
24 44
9 87
94 95
6 57
9 57
92 94
9 45
57 94
11 40
49 68
26 55
12 54
23 67
59 95
14 61
57 87
17 34
6 77
26 72
15 53
6 66
20 72
20 26
8 12
20 64
42 95
16 48
17 53
64 72
35 54
46 81
27 69
31 61
50 81
11 83
7 52
6 70
4 99
70 87
8 35
14 81
23 47
86 91
13 22
6 9
18 70
64 96
7 63
41 71
3 25
14 50
28 78
29 78
67 89
29 40
61 70
32 63
2 74
22 53
46 60
62 82
18 57
7 70
37 61
72 90
49 65
38 84
55 74
27 53
20 68
52 81
21 47
7 57
32 52
11 39
32 43
1 85
35 78
7 37
66 85
19 30
1 58
48 86
2 20
10 22
37 87
38 64
9 63
45 87
84 97
6 37
73 74
57 77
53 62
48 58
11 89
72 79
77 85
36 50
29 67
61 81
41 97
7 85
78 88
2 79
52 63
17 69
57 66
17 76
17 22
37 85
39 47
4 46
5 37
41 91
10 71
12 78
83 89
21 44
30 56
56 98
49 84
18 37
2 68
39 78
9 94
20 74
49 79
36 52
75 86
49 64
19 71
26 79
4 50
43 46
9 69
13 34
21 67
63 77
6 32
6 45
38 96
91 97
66 75
63 94
67 90
42 94
70 81
65 79
63 66
11 90
34 62
13 71
22 62
32 81
2 26
46 61
15 69
28 29
75 77
18 36
28 39
13 15
10 41
1 45
40 90
11 29
72 89
19 51
21 90
58 91
51 56
80 91
10 34
60 81
13 62
5 61
21 39
70 85
19 41
18 81
18 77
39 88
68 96
44 73
5 85
16 75
18 66
31 50
23 90
32 57
26 73
52 61
80 96
43 52
79 96
29 88
57 95
69 94
10 62
31 81
32 87
85 87
9 18
37 45
48 97
41 80
13 41
1 91
19 97
3 19
5 70
64 68
10 15
7 75
26 44
23 33
19 25
64 84
69 77
20 65
8 33
29 47
84 93
16 93
23 89
14 43
57 92
36 46
52 57
10 48
33 54
66 69
9 85
74 79
4 14
59 94
37 75
5 75
37 81
72 74
11 21
65 72
15 62
45 70
13 48
44 89
20 49
34 69
58 75
55 72
37 66
21 29
24 74
6 85
4 31
64 90
18 43
11 88
53 76
66 70
5 54
25 56
5 8
23 40
52 66
85 86
52 77
37 77
24 26
77 94
70 77
22 69
11 28
48 80
65 68
67 88
0 25
