100 400 181.64801127455263 sparse
0 586 77
1 216 686
2 825 981
3 998 194
4 711 985
5 937 792
6 533 114
7 45 721
8 896 495
9 439 831
10 813 953
11 965 397
12 853 106
13 272 336
14 109 413
15 841 221
16 847 369
17 78 744
18 69 544
19 817 35
20 597 146
21 988 897
22 50 387
23 508 142
24 692 215
25 838 716
26 142 12
27 784 527
28 241 950
29 537 693
30 401 830
31 292 931
32 371 866
33 921 665
34 830 697
35 319 227
36 580 22
37 15 173
38 16 965
39 221 332
40 865 227
41 705 164
42 157 764
43 344 975
44 200 569
45 685 586
46 463 480
47 390 118
48 992 950
49 903 847
50 842 445
51 348 873
52 731 337
53 217 569
54 239 176
55 846 339
56 287 183
57 328 752
58 446 358
59 230 162
60 923 517
61 615 729
62 305 400
63 193 241
64 887 561
65 601 498
66 45 106
67 942 235
68 706 735
69 350 938
70 421 1
71 506 317
72 457 747
73 951 921
74 992 619
75 607 820
76 304 27
77 427 870
78 40 629
79 125 603
80 46 587
81 875 253
82 807 154
83 445 53
84 594 590
85 966 947
86 646 458
87 699 128
88 996 995
89 497 341
90 670 192
91 939 423
92 400 413
93 449 74
94 60 963
95 147 72
96 606 271
97 517 257
98 791 78
99 239 558
54 59
44 53
25 34
83 93
32 51
53 99
15 40
71 89
48 85
40 81
16 55
73 85
2 10
24 90
8 60
41 87
11 91
43 69
6 23
9 30
7 17
44 99
9 77
78 80
38 94
21 73
41 90
48 88
15 81
30 32
30 77
54 56
18 80
48 73
19 98
13 39
24 41
21 48
58 89
35 56
28 31
21 85
0 36
32 77
85 88
60 64
70 83
31 69
65 86
26 95
56 59
71 97
14 22
0 6
5 49
51 69
12 82
8 64
12 98
31 43
30 51
67 81
3 67
0 20
87 90
6 20
58 92
13 62
58 71
37 66
8 50
47 93
32 69
15 82
16 50
9 32
40 67
82 98
70 93
51 77
12 19
54 63
79 80
31 51
18 79
17 42
44 79
8 91
33 74
47 83
29 61
9 72
20 90
89 97
73 88
59 63
24 87
49 73
78 79
20 23
18 78
23 93
96 97
55 81
45 84
61 68
61 75
46 92
7 78
65 84
6 93
40 82
35 54
39 63
60 91
62 92
33 34
29 72
25 33
1 42
53 79
21 88
21 49
50 91
30 72
9 51
27 50
0 23
90 96
15 67
43 51
31 32
41 82
24 96
69 77
6 36
20 87
87 98
28 43
50 55
16 91
30 57
4 10
6 83
66 95
39 62
50 60
27 64
23 83
33 64
20 41
28 69
71 96
35 59
56 63
82 87
32 43
40 55
2 4
52 55
27 45
23 97
12 15
8 27
5 21
1 53
20 24
29 84
1 44
15 55
49 85
13 35
16 81
19 82
30 69
8 11
70 76
64 74
7 42
81 82
16 52
23 47
89 92
47 70
17 78
11 16
12 40
41 98
45 65
47 56
32 57
59 95
79 99
51 57
60 74
1 79
46 58
58 97
13 63
0 87
50 64
5 25
20 36
47 76
55 91
20 96
72 77
35 63
11 60
5 33
24 52
57 72
89 96
34 68
5 73
1 57
1 99
35 47
24 82
68 75
28 51
11 50
11 55
25 68
18 44
45 86
43 77
7 80
26 66
8 16
48 49
9 57
3 81
20 97
14 18
3 40
0 93
14 39
36 83
54 95
10 49
46 65
9 69
27 60
2 73
23 36
61 84
36 93
52 96
55 67
10 73
84 86
82 90
0 90
7 79
71 92
0 83
6 47
5 34
46 89
16 40
76 83
35 39
6 97
29 75
2 85
41 96
25 49
32 72
58 62
0 41
15 41
34 64
64 91
52 86
33 60
15 16
31 77
30 31
17 79
12 81
15 24
13 92
1 17
18 53
19 87
45 68
15 98
76 93
10 85
13 56
59 76
57 77
27 86
28 32
50 52
2 49
44 80
12 87
30 43
12 67
8 74
56 76
39 54
52 90
67 82
6 90
5 85
18 22
12 41
61 72
6 70
45 61
3 15
36 87
15 52
17 80
36 70
47 54
23 96
25 64
54 76
26 76
39 56
76 95
13 54
11 67
8 55
42 79
16 67
20 93
23 70
47 59
37 95
90 97
90 98
40 98
16 60
6 87
51 72
52 81
34 49
72 75
5 48
9 75
46 71
24 98
9 29
23 90
3 12
15 87
11 81
2 48
16 27
39 59
18 99
87 96
19 41
44 78
46 84
62 99
42 57
2 88
8 33
53 80
40 41
9 43
6 96
40 52
24 40
15 90
35 62
26 59
0 24
29 68
1 7
49 88
41 52
23 71
63 95
13 58
27 34
46 62
9 31
20 83
7 18
42 78
56 95
13 59
10 48
6 41
22 39
34 74
24 97
13 14
14 44
28 94
5 74
11 64
81 91
