100 400 175.3909917869216 sparse
0 676 62
1 757 456
2 174 734
3 447 408
4 991 728
5 13 53
6 558 125
7 318 223
8 568 234
9 450 300
10 353 236
11 438 910
12 529 740
13 192 681
14 684 375
15 936 529
16 182 197
17 452 171
18 84 978
19 473 206
20 949 27
21 418 63
22 709 849
23 161 445
24 691 598
25 131 304
26 895 528
27 617 200
28 901 177
29 352 469
30 358 115
31 999 800
32 547 589
33 618 856
34 907 624
35 965 319
36 952 430
37 202 183
38 619 325
39 609 810
40 589 667
41 687 855
42 53 114
43 78 439
44 521 945
45 308 999
46 80 321
47 85 989
48 287 840
49 669 653
50 703 714
51 86 102
52 388 739
53 341 87
54 574 163
55 675 809
56 810 347
57 962 239
58 968 327
59 903 736
60 640 268
61 59 300
62 811 568
63 516 964
64 528 264
65 733 126
66 614 908
67 638 682
68 696 734
69 975 362
70 297 651
71 786 608
72 858 564
73 919 193
74 923 831
75 458 494
76 241 81
77 806 274
78 529 526
79 486 147
80 318 271
81 747 428
82 177 929
83 79 925
84 247 464
85 992 858
86 40 682
87 928 104
88 949 851
89 743 199
90 692 359
91 301 968
92 566 498
93 26 668
94 758 255
95 719 842
96 899 161
97 298 715
98 822 237
99 232 306
35 58
18 47
22 95
28 96
14 90
44 63
86 93
50 68
22 41
28 73
16 37
46 61
1 81
45 91
30 53
74 88
41 95
42 51
58 69
7 10
73 96
77 98
17 19
15 26
6 54
17 79
49 67
85 88
35 69
78 92
33 39
62 71
62 72
41 55
7 80
10 80
8 64
40 67
26 72
77 94
33 66
22 55
18 83
25 46
55 95
2 13
27 54
89 94
31 85
24 49
8 27
19 79
38 60
57 73
87 96
70 97
47 83
32 78
39 55
94 98
33 41
49 50
8 54
31 88
27 60
36 69
25 61
4 31
50 67
5 42
56 77
65 89
33 55
74 85
6 79
34 72
28 87
75 78
55 68
67 68
21 30
8 60
20 87
19 64
35 57
38 90
21 53
40 49
14 38
31 74
14 81
23 43
71 72
49 68
15 72
0 65
9 64
3 75
28 57
89 98
5 51
23 84
57 58
81 90
4 59
32 40
54 79
73 87
39 41
11 44
41 66
22 33
80 99
32 92
26 62
52 97
12 40
11 63
6 27
24 71
26 34
9 19
59 74
77 89
82 83
39 66
8 19
50 55
28 98
24 67
15 34
44 66
53 76
57 96
15 36
25 99
33 95
56 81
36 58
8 38
60 90
18 82
29 84
56 94
12 39
73 98
22 39
3 9
21 79
75 92
96 98
29 75
1 14
13 70
37 76
17 30
6 8
38 64
27 64
19 54
47 82
68 95
56 98
54 64
34 62
13 97
35 36
22 66
34 59
60 64
63 66
3 29
17 21
26 36
39 95
7 30
31 59
39 68
6 17
14 60
22 68
9 10
55 66
24 50
1 90
6 19
43 46
10 17
16 25
56 90
60 94
7 99
8 79
16 99
17 64
10 30
1 56
41 68
30 76
34 71
17 54
7 37
24 40
90 94
40 50
4 74
12 67
57 69
10 19
24 62
59 88
60 89
54 60
66 95
64 79
1 62
27 38
49 71
2 97
48 97
27 89
40 68
52 70
37 99
48 91
50 95
9 17
14 56
4 88
82 91
4 85
32 67
16 76
32 75
15 62
39 67
65 94
33 44
30 79
8 17
55 67
4 34
0 6
35 73
39 50
50 71
16 51
22 50
9 80
8 9
26 71
28 77
24 68
27 65
32 49
7 53
7 16
73 77
17 53
57 87
10 99
57 98
25 37
43 61
14 94
12 52
27 79
37 51
48 82
41 50
6 64
77 90
65 98
58 73
48 52
20 96
0 54
3 78
7 17
2 86
19 27
23 25
24 32
39 40
33 68
25 43
37 80
12 33
77 96
19 30
1 72
23 46
2 70
45 82
33 63
11 91
3 92
10 53
0 27
59 85
27 94
13 86
12 32
0 89
46 99
7 9
6 21
19 21
40 78
16 42
62 81
1 71
16 80
68 71
2 48
38 94
1 26
28 35
7 19
23 99
49 55
51 76
1 24
53 79
9 79
20 28
35 56
11 45
14 77
84 99
56 58
28 89
57 77
10 37
10 79
24 92
45 48
16 61
16 46
89 96
30 80
39 44
12 55
7 76
2 93
56 89
28 94
54 65
36 72
37 42
28 58
38 81
36 56
12 49
6 60
35 98
77 81
65 77
3 64
35 77
67 71
33 50
49 62
56 69
40 55
60 77
11 48
13 93
12 68
17 80
17 27
89 90
39 49
19 80
38 54
20 73
37 53
94 96
15 71
65 96
60 65
87 98
30 37
24 72
58 77
14 92
40 92
9 38
43 84
35 96
15 69
58 98
73 94
54 89
61 99
81 94
59 71
6 65
33 67
10 16
