100 400 165.07574019219177 sparse
0 960 181
1 170 610
2 579 732
3 404 215
4 896 509
5 144 499
6 578 498
7 657 237
8 754 530
9 242 322
10 800 948
11 395 309
12 651 383
13 840 317
14 793 868
15 828 114
16 374 539
17 342 253
18 635 384
19 255 50
20 881 960
21 663 316
22 97 1000
23 447 860
24 129 845
25 43 322
26 123 790
27 670 5
28 449 485
29 467 686
30 253 829
31 85 801
32 772 507
33 437 557
34 876 758
35 839 771
36 639 533
37 584 6
38 187 804
39 551 772
40 246 506
41 450 294
42 923 405
43 78 355
44 552 947
45 871 778
46 796 534
47 123 637
48 620 658
49 876 502
50 426 149
51 232 963
52 874 865
53 896 447
54 156 91
55 332 427
56 449 362
57 87 759
58 653 191
59 463 63
60 253 267
61 104 259
62 751 269
63 711 141
64 348 905
65 273 516
66 901 597
67 540 616
68 458 761
69 939 181
70 685 116
71 891 512
72 129 834
73 826 287
74 591 416
75 446 68
76 819 545
77 192 757
78 794 731
79 467 341
80 533 32
81 661 308
82 531 527
83 666 534
84 183 669
85 253 252
86 362 175
87 114 787
88 386 205
89 866 837
90 733 187
91 945 144
92 797 546
93 247 719
94 690 738
95 846 734
96 262 375
97 706 644
98 260 445
99 552 715
4 71
21 81
26 87
24 72
46 92
60 85
12 18
59 75
49 71
3 88
34 45
0 69
4 49
76 92
46 76
36 83
56 79
40 65
52 89
8 32
2 99
31 87
35 45
13 73
63 70
32 46
69 91
35 95
86 88
34 95
57 87
34 35
26 31
0 91
31 57
8 46
26 72
8 92
7 58
32 92
38 77
26 57
25 43
2 39
72 87
42 53
41 79
45 95
63 90
78 95
1 47
18 74
31 72
6 82
24 26
9 60
9 96
11 41
39 99
37 80
3 86
49 53
45 89
24 87
35 78
1 84
32 76
4 53
24 31
40 98
17 88
53 71
38 72
26 38
16 33
8 76
77 93
47 84
41 56
12 21
12 74
50 88
50 86
3 50
96 98
6 36
30 38
9 85
24 38
7 81
35 89
49 76
65 98
3 17
28 33
18 21
55 98
38 87
29 68
11 56
12 81
26 77
59 80
58 63
11 17
62 73
11 79
71 76
7 21
14 89
34 89
58 90
10 14
18 81
17 86
14 52
84 93
58 70
10 20
6 74
50 75
77 87
62 90
2 48
4 76
66 71
70 90
57 72
27 37
46 49
34 78
45 52
48 97
55 96
25 61
8 83
4 66
77 84
48 99
17 85
67 82
29 99
17 60
45 78
48 67
49 92
7 90
3 41
28 82
16 28
50 59
39 68
75 80
30 77
3 11
6 83
20 52
94 97
24 57
66 76
46 71
62 81
49 66
33 82
7 62
43 61
72 77
23 68
67 99
21 62
71 92
35 52
13 62
29 67
31 38
5 40
4 46
16 65
38 93
32 49
78 94
11 88
68 99
89 95
57 77
4 92
48 94
55 65
34 52
19 54
14 35
4 42
42 49
36 82
24 77
60 96
23 64
32 83
41 88
38 57
7 63
30 93
2 94
10 52
42 71
27 70
1 5
8 36
17 41
31 77
66 92
40 55
83 97
58 81
33 67
14 45
32 71
16 55
15 90
15 63
29 39
15 91
13 42
2 29
9 17
30 64
2 67
46 66
28 56
21 74
85 96
8 97
78 97
20 89
6 67
4 32
30 72
7 70
9 98
2 68
53 76
24 30
8 49
58 62
21 58
74 82
36 48
36 74
47 57
14 20
6 18
5 98
78 89
74 81
1 40
10 89
36 67
6 28
15 69
36 97
51 64
46 83
5 65
28 55
83 92
57 84
40 96
16 40
48 83
29 33
46 53
39 48
85 86
1 93
17 50
92 97
37 59
11 55
55 56
52 95
62 63
26 84
38 84
82 83
32 36
30 51
26 30
75 86
6 12
23 39
23 44
73 90
84 87
14 78
32 53
14 34
11 86
8 71
9 55
47 77
1 65
5 47
27 80
74 83
94 99
22 51
53 92
81 90
3 79
85 88
65 96
13 53
27 63
46 97
60 86
26 93
15 70
39 94
4 8
14 95
74 79
28 79
30 87
17 96
7 12
60 88
21 90
41 50
66 95
16 98
41 86
0 15
11 60
11 96
7 18
1 77
47 93
18 36
61 85
60 61
37 70
87 93
75 88
53 66
76 97
47 87
67 83
12 36
59 86
37 75
12 62
9 61
12 83
56 74
32 97
35 94
17 56
42 73
6 33
17 79
3 75
26 47
11 85
18 83
76 83
9 11
3 56
2 97
69 73
3 85
29 48
94 95
52 78
39 67
24 51
36 46
32 66
16 82
28 74
22 24
79 88
48 82
5 43
36 92
50 80
28 67
3 60
55 79
59 88
8 66
34 66
11 50
3 59
18 62
31 84
8 53
19 86
72 93
57 93
51 72
