100 400 184.48035125725448 sparse
0 848 975
1 633 963
2 322 236
3 70 513
4 395 758
5 128 164
6 656 133
7 941 103
8 452 497
9 485 574
10 96 159
11 942 471
12 983 474
13 61 873
14 554 440
15 944 128
16 885 972
17 494 995
18 761 639
19 873 594
20 451 950
21 468 440
22 972 893
23 637 101
24 194 819
25 200 817
26 760 810
27 322 837
28 814 930
29 118 146
30 816 898
31 631 337
32 553 981
33 307 197
34 999 293
35 255 727
36 736 907
37 716 745
38 273 774
39 630 808
40 443 676
41 433 63
42 174 101
43 706 371
44 847 404
45 883 666
46 591 717
47 92 581
48 640 985
49 963 767
50 714 598
51 879 343
52 387 550
53 528 687
54 947 767
55 260 344
56 239 958
57 733 929
58 73 679
59 92 723
60 206 805
61 817 802
62 182 487
63 162 239
64 20 50
65 652 102
66 74 403
67 683 249
68 740 474
69 27 298
70 285 153
71 85 694
72 959 356
73 291 383
74 568 260
75 925 417
76 65 329
77 404 566
78 391 853
79 329 111
80 59 701
81 66 302
82 484 215
83 257 553
84 981 97
85 276 321
86 83 78
87 828 584
88 427 871
89 496 622
90 335 889
91 605 33
92 404 383
93 435 488
94 382 306
95 79 18
96 257 393
97 626 575
98 751 566
99 187 996
24 25
25 60
23 65
49 54
24 60
58 71
8 93
5 29
36 57
1 48
52 77
7 15
10 29
58 80
71 80
76 81
55 85
59 71
6 65
28 30
5 10
73 96
0 16
6 23
69 81
59 80
78 88
7 84
11 12
2 33
19 87
58 59
15 84
50 98
69 76
55 96
33 70
9 89
55 73
35 38
27 90
0 28
11 75
26 61
21 93
8 21
86 95
17 32
70 79
17 20
18 50
73 85
56 99
78 90
64 95
44 51
64 86
46 53
72 75
27 78
3 47
29 42
53 89
19 45
18 98
38 60
85 96
66 76
34 72
23 91
40 89
29 86
5 42
52 93
26 37
44 75
87 98
27 38
92 94
30 36
28 57
51 72
28 36
12 75
9 77
1 32
10 86
31 43
5 63
16 28
20 88
0 30
65 91
8 9
8 52
77 93
8 77
25 38
21 92
40 53
14 21
18 87
32 48
51 75
30 57
33 79
2 70
24 38
50 97
35 60
2 94
68 98
88 90
42 86
4 40
4 78
74 82
30 61
2 85
5 86
10 42
45 87
39 46
9 93
31 74
47 58
62 83
26 36
9 52
16 30
66 81
31 67
29 63
10 63
26 30
25 35
1 57
20 32
37 39
85 94
4 27
77 89
43 68
48 57
92 93
3 66
9 40
27 88
24 35
6 91
73 92
47 71
20 78
41 79
63 81
50 87
3 62
66 69
18 37
67 74
37 61
11 44
11 72
40 77
8 14
1 36
4 88
16 22
56 90
6 67
73 94
45 54
62 96
27 60
12 72
18 19
9 53
44 72
26 57
42 70
4 38
25 27
36 48
8 92
0 57
43 67
47 80
2 55
18 45
19 98
2 79
97 98
42 95
22 49
50 68
55 94
33 85
44 68
28 61
37 46
14 93
22 54
14 31
27 35
45 49
24 27
34 51
26 39
52 83
47 62
52 89
38 90
0 36
20 90
26 28
33 94
63 76
8 89
36 61
10 64
29 95
46 89
54 61
9 21
21 52
82 94
62 66
29 64
40 52
89 97
42 63
24 59
59 60
63 85
68 87
17 88
9 97
11 19
21 77
47 59
38 78
10 95
85 92
1 17
11 51
25 59
4 35
13 24
55 63
4 90
34 75
43 44
36 39
24 56
10 81
46 97
25 56
17 48
27 56
37 50
89 93
63 69
92 96
77 83
0 22
53 97
55 92
18 97
13 25
63 70
49 61
65 67
2 73
62 73
9 14
4 53
33 63
45 61
5 81
57 61
94 96
68 97
12 44
25 90
14 97
13 59
40 46
60 90
5 95
33 55
6 74
23 67
1 39
10 69
42 79
22 30
56 60
5 64
5 70
24 90
16 57
39 53
39 57
19 50
21 94
83 96
2 63
13 60
41 82
14 92
11 87
42 64
22 28
16 36
12 19
55 62
35 59
36 37
2 82
33 42
60 71
29 81
45 98
24 71
3 58
18 68
14 43
29 70
32 88
12 51
47 83
5 69
52 92
70 85
2 92
25 71
4 89
2 96
18 26
46 50
20 27
13 80
18 61
10 76
35 71
41 70
53 77
23 74
73 83
15 34
35 83
41 91
31 68
43 51
17 78
0 61
13 99
5 76
43 74
24 99
29 69
39 48
33 82
9 46
73 93
47 66
65 74
19 68
8 40
24 80
63 86
25 99
22 61
60 80
14 74
13 71
35 90
63 96
44 87
70 94
3 71
12 34
38 88
5 33
45 50
37 98
1 20
28 48
25 80
90 99
30 37
77 92
16 61
58 60
66 96
33 41
1 28
3 76
21 89
19 75
