100 400 180.47160441465576 sparse
0 852 222
1 393 978
2 424 458
3 806 154
4 859 733
5 939 44
6 552 887
7 828 410
8 47 173
9 882 912
10 191 593
11 560 167
12 592 834
13 101 223
14 818 859
15 507 171
16 28 810
17 268 50
18 18 715
19 277 811
20 360 966
21 26 604
22 9 150
23 133 898
24 249 147
25 5 52
26 322 677
27 857 339
28 160 323
29 588 711
30 597 40
31 865 396
32 199 36
33 719 140
34 403 832
35 800 140
36 344 336
37 880 412
38 524 777
39 743 611
40 736 39
41 344 422
42 28 502
43 38 361
44 206 60
45 681 701
46 803 189
47 276 967
48 316 347
49 576 480
50 97 601
51 760 85
52 379 312
53 61 132
54 6 950
55 794 878
56 581 879
57 489 651
58 778 389
59 940 470
60 241 722
61 17 291
62 202 899
63 860 375
64 802 340
65 524 658
66 471 99
67 298 195
68 822 812
69 582 590
70 453 577
71 242 512
72 645 183
73 376 240
74 61 780
75 170 962
76 290 150
77 332 836
78 701 369
79 492 751
80 707 881
81 158 864
82 345 106
83 147 680
84 41 264
85 140 490
86 20 177
87 144 849
88 612 801
89 134 997
90 965 847
91 619 990
92 289 161
93 846 982
94 919 858
95 537 612
96 964 460
97 220 80
98 55 824
99 861 783
76 92
3 35
81 87
31 63
31 37
44 97
32 44
59 96
8 86
22 86
36 48
6 56
16 98
14 55
1 20
3 46
67 92
57 65
27 63
61 84
12 88
7 31
24 76
38 79
37 63
23 81
24 92
36 52
8 53
74 98
8 22
16 74
67 76
12 56
14 68
90 94
7 63
65 95
68 99
32 97
35 46
4 99
69 95
75 89
23 87
40 51
7 37
11 15
7 58
58 64
27 64
22 53
62 81
17 97
27 31
0 46
19 77
53 86
57 95
17 44
9 94
6 12
63 64
35 51
24 67
33 51
23 62
17 32
76 82
62 75
21 50
34 77
55 68
52 73
48 52
13 84
24 97
43 61
8 13
23 75
7 64
27 37
62 87
7 27
18 74
82 92
9 93
58 78
41 48
15 66
33 35
0 3
57 70
3 51
9 14
29 65
58 63
37 59
56 88
20 47
31 64
33 72
36 41
11 72
55 80
4 68
31 58
14 99
2 41
3 33
12 38
65 69
84 86
67 73
70 95
8 84
38 88
29 38
87 98
26 60
29 88
13 86
27 58
50 83
29 45
10 50
9 55
94 99
17 82
16 18
10 71
19 60
37 96
24 44
43 84
0 35
33 46
10 83
25 53
22 25
65 79
75 81
17 24
76 97
23 89
13 53
57 79
47 62
67 82
14 94
36 73
21 42
17 76
33 40
60 83
29 79
71 85
24 82
37 58
6 88
64 78
31 59
9 90
47 75
37 64
92 97
68 94
23 98
65 70
74 87
13 61
39 45
49 69
81 98
57 69
18 21
29 95
11 66
46 51
42 85
17 92
14 80
6 38
61 86
10 85
18 98
41 52
19 62
29 57
75 87
13 28
55 99
55 93
9 68
38 56
0 27
56 91
13 22
1 47
73 92
31 96
22 84
38 65
50 85
62 89
35 40
34 79
42 50
29 69
45 88
24 32
8 61
90 99
16 87
2 70
48 73
6 91
12 29
44 76
59 63
80 88
12 80
73 76
25 86
56 80
14 93
66 82
55 94
7 59
82 97
19 34
28 43
8 25
0 64
74 81
69 70
12 79
79 88
19 81
9 99
44 92
38 57
74 83
11 30
4 14
28 84
34 38
20 77
7 78
53 84
18 83
68 80
63 96
3 40
81 89
54 98
41 71
54 89
16 23
23 54
73 82
49 95
23 74
19 87
10 60
15 72
4 94
18 50
67 97
30 40
30 66
80 91
20 34
16 81
22 61
19 26
42 43
16 54
52 67
47 77
21 83
93 94
62 77
7 96
47 89
32 76
60 77
2 36
79 95
1 34
44 82
28 61
68 90
14 90
15 73
17 67
36 67
87 89
6 79
45 69
30 72
46 64
51 72
13 43
2 52
48 67
0 63
2 49
32 92
1 77
2 48
27 59
6 80
10 26
4 90
56 79
19 47
0 33
47 81
49 70
24 73
30 33
28 48
46 72
12 91
23 47
6 34
27 78
4 55
15 30
63 78
26 77
27 46
60 87
12 45
35 72
21 85
11 33
27 96
44 53
32 82
39 69
45 65
44 67
3 72
40 46
54 75
43 85
60 81
26 70
53 61
0 51
62 98
10 21
38 95
31 78
13 24
49 78
53 97
65 88
32 53
29 56
28 85
19 23
4 39
5 35
26 57
83 87
30 51
45 95
66 73
50 71
40 72
83 98
54 87
20 62
68 93
80 93
3 5
55 90
38 45
0 31
15 82
54 81
26 34
26 83
52 92
19 20
77 81
16 83
47 87
9 80
70 79
54 74
21 74
45 68
75 98
6 29
90 93
4 9
