100 400 177.1016657177453 sparse
0 215 301
1 766 681
2 649 749
3 181 509
4 737 951
5 490 623
6 574 88
7 280 144
8 999 85
9 416 731
10 353 844
11 547 808
12 893 344
13 115 429
14 840 799
15 682 197
16 403 702
17 63 79
18 996 64
19 483 800
20 423 415
21 199 601
22 178 282
23 295 974
24 589 938
25 797 896
26 43 776
27 794 893
28 411 599
29 271 435
30 871 592
31 620 58
32 819 805
33 966 798
34 8 228
35 118 822
36 83 225
37 588 32
38 429 445
39 75 686
40 27 903
41 388 413
42 498 630
43 697 707
44 659 274
45 298 457
46 573 986
47 677 692
48 452 201
49 979 26
50 554 558
51 22 85
52 757 817
53 242 278
54 754 936
55 151 358
56 989 975
57 689 366
58 174 81
59 809 522
60 656 433
61 940 993
62 213 388
63 440 376
64 236 405
65 449 459
66 545 432
67 540 921
68 779 362
69 408 470
70 826 77
71 163 351
72 456 277
73 573 223
74 982 111
75 216 674
76 765 811
77 156 524
78 761 821
79 771 88
80 774 752
81 731 452
82 132 298
83 109 104
84 555 738
85 544 211
86 249 126
87 40 496
88 146 367
89 47 940
90 414 923
91 209 763
92 13 26
93 714 637
94 921 419
95 846 356
96 454 912
97 250 65
98 142 931
99 34 919
25 27
52 78
52 76
55 88
5 42
76 78
55 71
40 99
8 18
14 32
4 54
71 88
38 65
89 99
43 47
62 64
3 77
20 38
8 74
73 85
9 16
38 69
29 45
20 41
0 53
7 86
31 37
17 51
90 96
0 22
18 49
40 89
65 69
20 63
29 64
12 95
22 82
18 74
24 46
20 65
24 67
38 41
56 61
17 83
32 76
6 31
70 79
20 69
6 37
25 54
27 54
76 80
51 92
32 78
41 69
86 97
71 82
62 71
8 49
55 82
32 52
2 47
2 43
41 63
22 53
11 19
47 93
52 80
68 95
1 93
55 62
58 83
13 88
32 80
38 63
78 80
62 88
82 88
11 84
22 71
1 80
43 93
0 71
17 92
46 67
1 43
29 62
57 60
21 75
34 36
14 76
48 72
41 65
60 81
58 97
27 78
13 55
12 94
15 44
22 55
45 64
14 80
4 27
4 25
14 78
5 28
0 82
25 78
63 65
7 97
27 52
14 52
49 74
0 55
67 96
27 76
0 62
58 86
36 82
26 35
21 77
25 52
51 83
43 80
75 91
1 47
57 68
64 71
25 76
22 88
42 50
5 50
27 32
13 71
28 42
48 85
30 59
25 32
3 21
2 84
19 84
89 98
0 88
26 39
57 81
9 19
44 57
55 64
64 88
94 95
63 69
65 66
10 90
44 73
41 45
63 72
13 87
68 81
16 28
13 77
3 13
14 27
59 81
0 64
14 25
13 62
53 71
35 91
98 99
45 62
72 85
45 69
22 36
60 66
17 58
35 98
22 62
53 82
15 73
11 67
53 62
47 80
54 78
12 68
19 96
3 29
38 66
5 16
3 64
2 11
40 98
63 66
52 54
29 41
16 42
77 87
62 82
53 55
10 96
35 40
42 84
48 73
20 66
7 58
13 64
83 92
36 83
43 76
2 80
3 62
43 52
54 76
14 33
67 90
50 66
16 19
6 85
53 64
2 52
26 40
3 45
35 99
72 73
28 69
9 10
23 90
2 93
80 93
1 76
9 42
47 84
43 78
53 88
5 9
44 85
2 76
38 45
20 45
9 28
13 82
5 84
4 78
2 78
19 67
1 32
6 73
1 2
4 52
22 64
1 52
11 24
29 71
10 19
24 96
1 30
35 89
15 85
9 84
1 14
7 53
11 96
1 78
46 96
15 79
19 90
29 69
39 75
3 87
83 86
20 72
60 68
66 69
29 88
10 23
34 82
27 80
29 55
35 39
4 76
26 99
64 77
34 51
50 65
28 65
0 29
43 84
29 77
25 80
32 54
3 88
83 97
32 33
17 36
62 77
47 76
47 52
4 24
28 50
44 68
59 93
64 82
36 71
36 55
81 95
21 39
10 16
45 65
9 11
51 58
41 72
53 86
59 94
15 31
41 64
0 36
36 51
68 94
20 29
6 15
47 78
3 55
31 79
39 91
28 38
36 88
13 29
16 84
32 43
45 77
77 88
57 95
41 66
29 38
57 66
17 34
23 98
3 71
44 60
29 53
70 74
34 83
13 22
49 70
50 60
75 77
14 54
21 91
0 13
59 68
30 93
45 63
26 89
1 59
24 54
10 91
55 77
6 48
26 91
87 88
4 32
36 53
4 46
38 50
3 75
5 65
15 57
0 7
14 43
59 95
58 92
38 72
36 58
50 69
18 70
19 42
23 96
31 85
46 90
22 86
31 73
7 22
45 71
25 61
71 77
8 70
5 69
2 19
19 24
11 47
21 45
48 63
7 83
24 90
11 90
45 88
0 45
41 62
27 61
59 60
55 87
