100 455 181.0331461362808 sparse
0 206 670
1 785 763
2 746 619
3 688 517
4 997 837
5 843 156
6 594 644
7 449 311
8 95 511
9 565 427
10 496 476
11 614 838
12 966 843
13 102 251
14 578 28
15 110 42
16 962 898
17 331 553
18 541 911
19 437 161
20 44 347
21 616 613
22 281 817
23 854 996
24 842 453
25 760 80
26 22 395
27 671 418
28 121 654
29 95 64
30 620 841
31 325 434
32 329 257
33 397 108
34 373 518
35 946 479
36 612 754
37 949 447
38 64 74
39 225 480
40 942 789
41 595 470
42 762 421
43 529 150
44 530 23
45 28 630
46 692 494
47 616 868
48 507 622
49 709 634
50 279 582
51 821 794
52 633 272
53 711 115
54 537 114
55 761 72
56 890 159
57 390 638
58 731 688
59 636 849
60 478 860
61 757 299
62 226 435
63 186 540
64 654 482
65 95 26
66 950 586
67 792 292
68 377 292
69 658 609
70 785 262
71 718 7
72 662 225
73 669 653
74 57 680
75 860 645
76 855 239
77 545 662
78 68 350
79 774 940
80 833 198
81 854 10
82 34 657
83 608 500
84 787 0
85 925 27
86 405 553
87 949 777
88 527 929
89 955 675
90 677 506
91 741 865
92 880 507
93 368 189
94 742 113
95 938 540
96 675 381
97 541 933
98 874 426
99 109 800
11 30
25 55
40 87
88 97
3 90
30 59
46 90
15 65
18 97
18 88
3 46
20 78
11 59
15 29
30 47
47 59
45 82
11 47
67 70
53 94
4 12
35 37
74 82
29 38
41 83
64 90
61 67
43 54
27 96
25 94
29 65
6 21
46 64
2 49
24 98
21 69
5 80
49 73
39 62
55 94
69 73
61 70
76 80
5 56
34 86
1 51
66 95
14 44
3 64
64 83
6 77
9 41
20 26
17 34
12 16
48 77
52 72
15 38
49 69
38 65
45 74
49 58
12 40
32 68
17 50
41 64
25 53
35 95
26 78
53 55
24 92
27 64
19 33
21 73
92 95
81 84
12 87
56 80
28 74
83 90
71 84
4 16
2 58
58 73
39 63
35 92
6 69
4 40
81 85
70 76
17 86
7 68
19 93
6 73
55 84
4 87
37 98
55 71
32 93
27 46
70 80
18 60
92 98
3 83
79 91
67 76
5 76
11 36
2 73
46 83
25 71
25 84
9 10
60 88
9 83
33 93
24 42
21 77
57 86
18 47
0 28
28 82
56 76
30 36
27 90
2 69
66 89
35 98
41 90
6 48
27 42
44 54
37 92
27 41
1 58
19 43
37 95
14 54
21 49
8 63
42 96
28 45
60 97
31 34
3 69
23 79
36 59
31 62
10 41
47 97
75 89
41 46
3 27
42 46
50 63
87 89
67 80
64 96
11 18
68 93
27 83
17 57
3 41
9 64
13 78
69 90
18 30
66 92
59 91
9 27
51 91
35 66
24 37
24 35
58 69
66 75
47 88
53 71
71 94
21 48
5 94
31 39
19 54
16 40
1 91
6 36
55 81
42 98
13 20
62 63
5 25
21 83
18 59
34 50
36 77
36 47
46 96
0 50
10 83
40 89
61 76
39 50
6 49
61 96
36 73
52 96
2 75
25 81
2 3
5 55
48 57
3 49
17 31
10 86
9 96
41 96
11 97
46 69
69 83
3 21
42 90
53 72
61 72
5 70
40 51
34 57
3 42
30 97
84 94
16 87
42 61
48 86
21 90
30 91
42 64
50 57
73 77
80 94
69 77
90 96
47 91
11 88
61 80
59 97
52 61
43 44
64 69
30 88
70 72
17 39
51 87
50 86
24 95
11 91
10 34
2 21
95 98
74 99
75 95
28 63
14 43
0 63
7 32
49 90
2 90
42 67
8 39
59 88
58 75
71 81
89 95
36 58
2 46
21 64
56 85
8 45
83 96
3 96
8 26
9 90
21 58
3 73
72 94
11 60
53 84
5 53
47 60
33 43
25 80
37 66
51 58
75 92
1 75
33 54
84 85
46 49
21 36
21 46
14 71
30 60
31 86
9 46
6 58
19 68
19 32
21 41
6 83
55 80
5 67
8 28
17 63
16 23
42 92
67 72
10 48
5 81
7 93
28 99
27 61
67 96
56 70
73 90
53 80
1 2
0 74
1 49
7 19
27 52
31 68
49 75
8 62
48 69
25 56
36 69
81 94
52 70
3 9
41 69
43 72
34 39
5 85
12 51
56 81
51 79
51 75
2 6
36 49
31 50
56 94
70 94
24 46
55 56
50 62
72 96
57 77
67 98
33 44
17 62
3 6
10 64
8 82
59 60
48 83
14 53
1 40
75 87
1 73
52 67
43 52
42 70
46 73
6 90
82 99
49 64
70 96
0 99
8 78
32 33
7 9
53 70
1 87
73 83
13 26
48 73
2 64
0 22
56 67
59 79
43 93
40 75
5 84
49 77
19 44
3 24
5 61
54 72
4 89
49 83
12 89
24 67
36 48
34 62
76 94
9 52
34 48
55 85
36 91
36 60
0 17
24 66
7 10
64 73
8 20
1 59
18 36
0 82
61 98
6 64
22 99
23 91
42 83
72 80
8 74
1 36
25 85
24 90
28 50
47 79
77 83
6 41
53 54
41 42
24 27
2 92
7 31
27 67
31 63
25 72
16 51
52 53
41 48
24 61
10 31
3 58
31 32
66 98
58 91
1 79
53 81
77 86
6 46
51 89
62 78
7 43
13 38
