100 400 168.34488409215172 sparse
0 216 85
1 200 966
2 537 635
3 188 335
4 871 569
5 327 385
6 631 834
7 215 571
8 146 839
9 447 519
10 901 839
11 798 288
12 632 543
13 119 491
14 686 312
15 54 103
16 302 933
17 590 766
18 207 407
19 54 353
20 662 170
21 963 536
22 960 929
23 484 380
24 852 815
25 616 683
26 491 993
27 655 764
28 940 874
29 737 509
30 123 690
31 257 647
32 273 51
33 524 657
34 125 92
35 543 340
36 727 892
37 212 198
38 205 325
39 137 118
40 905 784
41 509 718
42 924 578
43 469 148
44 531 564
45 36 447
46 482 266
47 563 554
48 528 63
49 165 570
50 866 973
51 294 36
52 36 548
53 478 511
54 720 160
55 391 278
56 414 524
57 241 740
58 171 566
59 86 462
60 569 382
61 281 780
62 389 259
63 553 671
64 470 475
65 914 560
66 699 950
67 31 682
68 934 794
69 984 695
70 308 949
71 170 942
72 658 29
73 50 430
74 896 393
75 462 424
76 5 902
77 196 998
78 302 628
79 591 300
80 305 912
81 375 171
82 52 99
83 407 617
84 666 445
85 42 639
86 603 292
87 780 190
88 391 384
89 512 483
90 33 90
91 884 260
92 463 650
93 917 288
94 400 674
95 46 480
96 462 42
97 628 979
98 55 551
99 848 614
15 82
49 58
79 86
16 70
55 62
52 98
3 38
42 65
82 90
16 80
45 73
15 90
2 33
32 51
34 39
40 68
9 53
33 63
1 77
9 56
44 47
45 95
53 64
70 80
1 71
2 63
64 89
91 93
59 95
13 59
4 65
53 89
7 58
67 85
59 73
31 78
23 75
35 60
9 64
7 49
73 95
4 99
64 75
45 59
10 28
4 42
10 24
21 65
10 40
10 68
57 61
21 42
83 94
22 28
20 54
24 40
33 92
71 77
35 79
33 41
5 88
25 63
41 63
36 66
83 92
17 27
53 56
0 32
54 87
92 94
52 95
48 96
12 47
2 44
23 35
95 98
15 34
34 82
13 95
6 27
9 89
56 64
3 18
44 53
2 92
66 97
35 86
19 73
75 89
6 17
28 68
75 88
18 38
41 92
44 89
42 99
15 39
24 68
60 79
23 60
2 47
65 99
14 86
0 39
7 31
17 25
39 82
47 89
2 41
13 98
53 75
85 98
62 81
25 27
11 91
52 85
13 58
0 34
13 49
46 55
34 90
13 73
0 51
30 67
63 92
2 25
23 88
33 44
46 62
56 83
13 45
17 41
59 98
31 57
47 53
9 44
29 84
25 33
19 45
30 85
14 79
35 46
23 64
9 75
60 86
28 40
43 81
4 21
52 59
11 87
13 52
45 52
17 63
12 44
43 48
12 84
22 50
7 78
78 83
45 98
8 71
9 83
24 28
55 88
56 89
43 96
23 89
74 93
1 16
10 22
39 90
44 64
55 81
78 94
44 63
1 70
44 92
37 39
33 47
12 29
68 69
56 75
49 98
6 36
25 41
0 37
19 59
23 46
46 79
11 14
60 75
60 84
60 89
35 75
58 98
47 63
41 94
1 80
31 58
43 46
52 73
11 93
40 69
20 87
31 49
64 88
73 98
9 47
13 18
5 18
47 64
70 77
28 50
44 56
33 83
46 86
16 77
5 55
7 13
62 88
33 94
87 91
30 49
37 38
19 95
17 33
57 78
53 83
30 57
49 52
23 53
2 83
42 69
36 97
9 92
2 12
16 71
18 59
30 58
67 98
74 91
23 79
49 59
52 67
61 80
12 89
58 59
48 72
6 66
14 84
44 83
31 61
56 92
3 19
20 86
60 64
5 38
52 58
14 60
43 62
34 37
8 57
2 53
22 68
26 97
1 8
23 55
27 63
70 71
71 80
10 50
47 92
77 80
21 99
3 37
25 47
53 92
5 62
5 75
30 31
12 25
49 85
20 72
2 17
56 88
2 94
46 81
41 83
11 74
9 23
14 20
54 72
58 78
46 60
6 97
31 94
14 35
9 88
25 44
35 89
24 36
2 9
4 29
27 36
8 61
3 5
23 86
20 79
58 85
49 78
46 88
49 95
11 54
47 84
7 30
12 63
56 94
8 30
43 55
32 39
58 95
6 25
47 56
65 69
13 19
29 99
56 78
31 83
63 94
27 41
33 53
61 78
35 64
32 34
19 38
23 62
53 88
14 87
2 89
16 61
8 76
30 98
22 40
64 83
41 44
81 96
63 83
14 54
44 75
88 89
25 92
22 24
12 33
5 23
12 53
51 81
32 81
53 60
21 74
9 33
35 88
69 99
24 50
84 89
18 73
85 95
32 37
46 75
61 94
23 56
21 69
36 50
7 98
35 84
9 94
18 19
55 75
78 92
3 59
0 15
18 58
79 84
5 56
35 55
7 18
0 82
47 75
37 81
84 86
2 56
10 69
30 52
8 77
13 85
3 73
65 74
51 96
47 83
18 49
6 41
