100 479 181.95878654244757 sparse
0 70 345
1 263 483
2 154 339
3 78 546
4 160 471
5 664 758
6 735 570
7 423 511
8 435 264
9 480 944
10 416 675
11 356 358
12 762 616
13 382 245
14 164 299
15 347 933
16 600 544
17 320 100
18 360 107
19 586 786
20 591 772
21 608 260
22 128 533
23 0 90
24 702 608
25 936 111
26 475 679
27 200 541
28 394 655
29 522 5
30 349 768
31 920 27
32 493 883
33 437 358
34 582 207
35 216 822
36 148 324
37 31 513
38 313 889
39 488 140
40 431 342
41 145 84
42 805 229
43 540 825
44 341 447
45 610 648
46 548 632
47 792 713
48 75 293
49 773 166
50 558 700
51 601 812
52 170 933
53 147 888
54 243 557
55 400 251
56 310 617
57 201 120
58 360 160
59 142 409
60 171 619
61 473 966
62 931 125
63 70 266
64 405 984
65 636 711
66 593 287
67 241 370
68 999 342
69 989 91
70 827 255
71 155 921
72 560 140
73 876 515
74 563 577
75 733 134
76 815 557
77 376 699
78 453 846
79 963 381
80 202 277
81 851 113
82 732 197
83 30 41
84 167 741
85 628 51
86 874 317
87 887 233
88 238 461
89 136 141
90 95 950
91 290 485
92 416 931
93 718 50
94 64 735
95 630 649
96 947 842
97 641 684
98 942 816
99 9 493
19 20
25 62
2 36
33 40
13 55
52 71
45 95
9 61
96 98
1 91
48 63
65 97
14 36
10 28
37 99
19 51
21 66
1 88
53 71
42 70
95 97
8 55
17 18
2 14
20 51
14 80
27 54
10 77
45 97
28 77
16 74
6 24
52 53
49 75
49 82
3 22
0 48
18 58
68 79
6 12
64 92
32 78
5 65
15 38
8 13
25 69
46 74
88 91
3 37
23 83
41 89
21 34
10 26
19 43
12 24
65 95
9 32
43 51
75 82
44 91
70 87
45 46
4 59
9 92
41 57
71 90
61 92
62 69
45 65
57 89
46 50
15 92
4 22
61 64
34 72
42 49
2 59
36 80
39 72
17 58
22 27
45 50
20 43
73 76
30 77
5 20
32 43
20 65
1 54
11 40
52 90
15 64
5 97
70 86
8 40
2 80
4 88
50 65
0 63
20 50
36 48
12 76
42 82
4 27
34 66
0 36
62 81
53 90
11 33
6 76
42 87
24 95
5 19
5 51
27 60
46 95
0 2
26 28
50 97
9 64
86 87
25 81
45 74
36 59
75 93
32 61
25 31
26 50
1 27
1 44
54 91
26 46
3 99
13 58
50 95
27 88
14 48
43 78
54 56
85 93
19 65
11 44
19 50
32 92
67 88
2 48
28 56
2 67
78 92
8 33
31 69
49 81
35 84
54 60
35 53
54 88
40 55
22 60
0 59
36 63
24 97
74 95
31 62
22 37
55 58
14 63
24 45
67 80
26 77
20 97
12 47
9 78
16 46
84 94
1 4
36 67
44 88
7 44
49 70
16 45
0 14
14 67
56 77
27 91
59 67
46 97
51 65
13 40
59 88
16 95
79 86
31 81
3 4
38 92
2 63
70 82
42 86
72 85
14 59
33 55
5 95
10 30
1 67
34 39
29 85
11 67
11 55
19 97
11 13
35 71
62 87
22 54
35 38
3 60
46 65
42 75
4 54
75 81
50 51
35 52
16 24
17 57
5 50
10 56
28 30
61 78
60 84
3 27
24 65
5 45
41 83
8 11
50 74
24 76
22 59
42 81
67 91
81 87
20 45
22 99
13 33
44 67
30 38
43 50
68 86
48 80
8 58
49 93
20 95
21 72
32 51
4 67
39 58
30 78
15 61
4 91
33 44
6 95
22 88
25 87
2 4
18 39
49 87
38 64
74 97
63 80
9 43
9 15
56 91
27 56
75 85
48 59
32 64
51 97
19 32
26 74
8 39
7 91
4 37
5 47
12 95
15 78
6 16
40 44
24 47
26 45
12 97
10 46
56 60
21 82
29 39
13 18
69 81
19 45
29 72
5 43
63 89
39 55
1 59
1 56
24 74
11 91
30 35
19 95
1 22
70 81
27 59
10 50
59 80
23 41
23 89
81 82
83 89
16 97
19 78
64 78
20 46
38 78
7 28
81 93
44 54
6 45
4 36
82 93
6 97
20 32
2 88
53 84
4 60
0 80
20 26
43 65
13 39
18 55
38 52
34 82
66 72
80 89
3 59
6 73
51 78
37 59
12 73
65 74
4 99
70 75
7 33
47 97
6 47
19 26
26 30
15 32
5 24
7 74
0 4
7 56
12 45
28 46
1 11
24 46
30 56
47 65
43 61
68 87
20 78
11 88
57 80
59 99
8 34
47 76
13 17
12 65
60 94
26 95
19 46
82 87
18 57
8 66
73 79
26 43
0 99
59 63
14 89
38 71
16 50
1 7
34 85
43 92
49 62
42 62
48 89
36 88
57 58
7 10
26 65
1 60
45 51
15 30
3 54
51 95
66 82
39 85
77 78
38 53
26 97
79 87
59 91
62 70
7 11
34 75
26 78
22 91
7 40
27 44
21 39
28 50
16 65
24 50
17 55
40 66
5 46
27 37
33 66
60 88
15 35
56 88
25 49
4 14
6 74
6 65
0 37
5 12
17 39
44 56
0 67
8 21
72 75
43 97
7 46
8 18
11 80
53 94
47 95
69 87
10 78
35 94
37 60
17 41
9 38
27 67
7 26
8 72
35 90
30 92
26 56
25 42
10 74
15 52
12 16
21 75
38 61
14 88
9 51
54 59
60 91
82 85
50 78
28 54
7 16
32 38
71 84
1 2
25 70
39 66
3 88
72 82
49 86
72 93
47 98
