100 400 174.56230979223437 sparse
0 327 876
1 223 564
2 878 510
3 928 875
4 759 873
5 803 674
6 711 344
7 166 404
8 107 870
9 154 492
10 331 641
11 389 136
12 856 69
13 736 122
14 506 76
15 999 386
16 932 381
17 213 188
18 880 624
19 649 792
20 659 419
21 569 951
22 428 103
23 487 684
24 32 194
25 866 917
26 157 398
27 808 166
28 606 936
29 575 273
30 594 39
31 704 524
32 300 47
33 944 129
34 406 29
35 32 85
36 203 230
37 810 668
38 560 967
39 566 803
40 748 652
41 651 91
42 457 758
43 952 208
44 28 300
45 488 423
46 241 948
47 330 80
48 676 548
49 720 458
50 862 655
51 71 275
52 39 916
53 569 560
54 757 111
55 221 353
56 892 134
57 135 476
58 529 400
59 99 222
60 220 512
61 560 814
62 885 662
63 100 142
64 135 840
65 5 888
66 39 613
67 823 494
68 726 15
69 409 284
70 409 962
71 786 441
72 220 155
73 158 350
74 972 836
75 590 951
76 628 233
77 143 125
78 381 187
79 372 59
80 260 766
81 465 688
82 750 832
83 320 26
84 690 595
85 555 821
86 231 954
87 952 396
88 606 493
89 680 546
90 263 31
91 29 736
92 485 441
93 239 793
94 550 732
95 171 74
96 439 970
97 253 570
98 464 156
99 277 121
48 89
61 85
5 37
7 26
46 86
39 61
45 92
21 38
21 75
39 85
28 75
23 81
13 54
50 62
9 57
16 87
32 83
1 97
70 96
31 89
17 72
38 75
80 93
18 50
31 48
18 62
21 28
32 90
8 64
4 82
17 36
52 65
32 47
34 79
63 77
47 79
45 58
26 73
15 87
48 84
44 51
84 89
11 22
11 78
1 60
33 56
37 50
7 73
47 83
28 38
83 90
2 67
77 95
3 74
5 40
51 59
58 92
79 83
5 50
55 73
37 40
22 98
67 71
72 99
29 76
60 97
47 99
15 16
31 49
49 71
9 60
42 81
22 79
31 84
20 49
24 59
39 94
32 79
12 56
3 25
27 54
7 55
37 62
53 88
36 72
30 41
22 34
32 99
11 98
26 55
7 57
11 79
23 94
33 43
23 42
59 63
26 57
40 84
11 47
8 52
14 22
61 94
72 77
18 37
5 62
47 90
19 39
13 27
24 63
34 83
78 98
35 63
7 9
48 88
85 94
27 56
24 51
14 98
13 41
20 88
88 89
90 99
6 20
34 47
19 61
5 18
57 60
17 99
9 26
17 77
72 95
43 56
14 30
81 94
22 78
42 94
49 89
63 95
19 85
1 9
48 49
22 47
54 68
69 78
90 95
31 88
8 65
83 99
36 59
44 59
10 97
24 44
12 33
59 77
41 68
13 68
32 34
12 54
48 53
41 54
12 27
11 34
19 82
24 35
49 67
14 34
53 89
0 46
79 90
11 99
79 99
2 18
40 50
64 93
20 31
6 49
51 73
2 71
4 25
19 94
95 99
42 85
31 71
42 61
39 42
35 77
47 78
0 70
17 59
49 88
63 72
58 88
7 60
36 77
0 93
38 96
17 95
17 63
52 64
6 71
31 67
78 99
66 91
0 86
36 55
1 57
28 85
11 32
40 89
53 84
9 97
40 48
57 73
36 73
78 79
20 89
0 80
20 71
11 83
20 48
26 60
28 61
24 77
21 85
12 13
72 90
20 58
21 96
11 14
88 92
36 99
32 95
84 88
1 10
22 83
47 72
25 74
79 98
77 99
30 68
32 72
75 85
18 40
29 58
14 79
31 40
36 63
2 87
51 63
4 19
54 56
45 88
21 61
40 62
5 84
59 72
64 65
6 76
28 39
44 73
69 98
35 95
36 51
34 98
22 32
31 53
2 16
61 75
49 84
37 84
12 68
27 33
59 73
18 67
10 81
9 73
23 39
34 90
10 80
25 82
41 76
64 80
53 92
14 41
2 50
38 85
0 96
21 39
64 91
23 53
64 86
23 61
71 89
11 69
8 86
39 75
27 43
26 51
55 57
19 28
57 97
38 70
46 64
22 99
2 62
67 89
75 96
77 90
35 59
8 93
23 85
38 61
39 81
6 29
48 71
65 91
47 98
9 55
13 76
46 93
8 46
8 91
13 56
83 95
48 67
16 67
61 81
16 71
34 99
55 60
47 95
45 53
17 47
36 95
45 69
34 78
7 51
21 70
81 85
86 93
29 98
32 78
10 23
26 44
67 87
72 83
11 90
38 39
72 78
13 30
59 95
17 90
53 58
53 81
17 55
4 28
50 67
17 32
2 49
29 69
51 77
17 51
5 82
58 69
9 66
67 84
14 78
20 53
57 66
17 78
20 29
46 70
12 43
3 4
51 55
19 75
1 7
11 72
10 60
28 96
20 45
17 73
19 40
27 68
10 42
71 87
2 37
78 83
7 44
53 94
2 15
29 45
60 73
44 63
27 41
16 43
26 36
69 92
37 67
2 31
