50 200 248.16325271885037 sparse
0 578 683
1 34 501
2 641 912
3 908 275
4 101 351
5 869 668
6 442 46
7 140 681
8 388 742
9 828 59
10 433 959
11 458 418
12 599 48
13 372 213
14 645 510
15 739 338
16 515 426
17 132 424
18 693 756
19 100 833
20 780 644
21 567 229
22 69 865
23 380 82
24 47 350
25 864 35
26 188 661
27 654 758
28 689 501
29 977 805
30 318 587
31 624 447
32 235 574
33 971 578
34 995 830
35 387 291
36 79 856
37 483 395
38 301 202
39 455 75
40 518 528
41 258 705
42 712 623
43 322 826
44 928 278
45 325 241
46 839 823
47 782 713
48 228 164
49 883 611
22 36
3 44
29 34
19 36
6 39
11 37
18 27
9 25
19 22
16 37
14 28
38 45
7 26
4 24
13 45
11 16
5 49
14 31
20 47
20 42
6 23
13 38
23 39
4 17
13 35
35 45
38 48
26 41
30 32
28 31
5 20
33 49
5 47
18 47
26 32
16 40
0 27
8 43
20 49
16 31
17 24
42 47
7 41
35 38
45 48
46 47
28 42
1 17
11 40
14 40
13 23
14 42
30 41
32 41
31 40
18 42
8 41
27 47
5 33
0 18
41 43
37 40
29 46
35 37
18 20
7 32
47 49
23 38
11 35
12 39
0 42
27 42
26 30
31 37
1 24
13 48
2 27
14 16
34 46
6 12
7 19
5 46
15 31
18 46
13 39
5 42
1 4
2 18
0 40
23 45
11 31
20 28
20 27
8 30
15 28
42 49
23 48
28 40
10 43
5 29
3 15
6 13
17 32
12 21
7 36
0 14
16 35
21 37
20 46
16 28
14 20
21 35
21 39
19 26
13 21
14 15
27 46
5 18
31 42
7 22
15 44
14 37
0 8
38 39
7 30
20 33
19 41
35 48
15 21
16 21
5 34
0 20
0 47
11 14
30 40
1 7
23 35
6 38
39 45
26 43
0 28
13 37
2 10
1 32
29 49
29 47
8 26
40 42
46 49
2 46
11 21
11 30
37 45
11 45
8 10
6 21
12 23
1 26
19 43
11 13
28 49
26 36
21 31
4 48
35 39
29 33
8 32
6 45
9 12
3 9
28 47
28 37
33 47
7 43
5 27
36 41
22 26
42 46
0 2
21 23
18 49
30 43
0 31
15 16
9 44
21 45
34 47
17 26
39 48
2 47
3 25
6 48
36 43
14 47
11 28
5 28
34 49
17 30
22 41
14 27
