50 200 258.1937257177254 sparse
0 45 108
1 16 449
2 308 64
3 665 868
4 513 640
5 891 940
6 443 997
7 485 750
8 119 870
9 617 215
10 414 428
11 832 105
12 507 69
13 823 854
14 408 854
15 234 593
16 312 998
17 831 684
18 470 16
19 572 165
20 859 956
21 93 900
22 169 685
23 4 465
24 38 455
25 407 264
26 699 176
27 769 4
28 283 854
29 606 117
30 471 422
31 508 896
32 892 694
33 717 276
34 589 594
35 771 656
36 899 694
37 659 816
38 38 625
39 77 521
40 10 586
41 654 609
42 787 891
43 470 675
44 743 252
45 654 902
46 299 184
47 344 848
48 243 112
49 761 242
32 36
1 23
44 49
1 24
33 44
23 24
3 45
5 20
8 21
38 40
13 42
3 37
4 43
33 49
10 30
19 29
28 47
17 32
14 47
12 18
17 35
34 41
9 19
17 36
7 43
24 39
2 48
37 45
26 44
4 34
26 49
9 26
46 48
23 39
39 40
1 39
20 42
9 29
26 33
13 20
14 31
5 13
12 29
26 29
38 39
15 22
4 7
5 42
12 19
9 33
11 27
6 31
2 46
23 40
3 42
14 28
35 41
32 35
19 26
7 14
6 16
9 44
42 45
35 36
24 40
25 46
1 40
34 43
22 38
4 41
31 45
9 49
16 28
6 14
7 31
37 42
11 26
16 47
11 49
3 13
3 31
23 38
10 25
8 28
13 37
2 18
18 29
24 38
13 17
25 30
31 47
31 37
7 47
11 44
15 39
14 16
13 32
13 45
13 36
1 38
6 47
18 19
19 33
9 12
26 27
7 37
22 40
7 34
22 39
14 43
8 22
19 44
17 41
34 35
29 44
19 25
29 33
35 37
41 43
21 28
0 48
27 29
15 38
2 12
29 49
22 28
19 49
13 35
11 33
37 41
30 34
17 42
20 45
3 20
43 47
6 28
3 7
9 25
17 37
12 25
12 26
7 41
16 31
4 30
2 25
32 42
25 48
15 40
31 43
8 47
11 29
36 42
7 28
7 45
21 22
4 37
28 31
6 45
8 16
34 37
4 10
35 42
37 43
3 35
3 5
12 46
27 49
4 14
22 47
15 24
18 46
16 21
5 45
10 34
9 11
20 37
10 15
5 32
5 36
18 48
9 18
25 29
3 17
27 44
15 43
6 7
14 45
32 41
30 43
10 43
9 30
14 37
19 27
18 25
4 31
21 47
3 6
3 14
8 38
17 34
