50 200 248.64633518312712 sparse
0 567 721
1 731 248
2 846 807
3 701 335
4 616 950
5 238 7
6 445 35
7 645 560
8 284 553
9 467 709
10 137 857
11 660 91
12 987 238
13 791 85
14 347 26
15 672 857
16 210 684
17 681 288
18 574 769
19 842 269
20 661 317
21 827 743
22 887 689
23 978 623
24 163 359
25 237 51
26 749 343
27 299 748
28 891 846
29 47 336
30 157 328
31 756 798
32 668 749
33 411 923
34 584 10
35 974 880
36 484 192
37 495 563
38 650 221
39 275 976
40 532 95
41 834 725
42 714 239
43 530 50
44 949 968
45 335 428
46 991 911
47 302 315
48 858 514
49 555 202
1 42
21 41
24 30
17 20
35 46
3 20
5 25
40 43
0 18
3 26
3 17
17 42
2 28
1 17
22 41
38 42
2 21
34 43
44 46
36 49
17 38
21 22
2 41
1 38
6 43
17 26
28 35
21 31
2 31
35 44
20 26
1 3
20 42
18 32
20 38
1 26
3 42
38 49
1 20
6 14
34 40
0 9
31 32
15 31
0 32
6 40
31 41
15 32
36 40
4 15
40 49
16 27
26 42
29 30
5 14
11 34
22 23
14 25
1 19
45 47
24 29
19 26
28 46
21 28
9 18
3 38
2 22
11 40
11 38
11 13
19 42
15 18
28 41
8 45
28 44
11 43
6 34
28 31
30 47
24 47
33 39
2 35
12 19
9 37
36 43
7 37
8 16
17 49
11 49
43 49
3 19
20 49
22 28
26 38
11 42
21 32
6 36
23 48
17 19
42 49
32 41
36 38
22 31
0 15
13 42
1 11
9 27
38 40
0 37
1 13
23 41
22 48
2 46
0 7
2 15
1 49
10 39
18 31
14 43
24 45
4 18
2 32
19 20
10 16
7 32
13 19
2 44
15 21
21 23
34 49
10 27
8 27
13 38
14 40
3 49
19 38
11 17
6 49
21 35
26 48
11 36
0 31
30 45
9 32
4 31
4 33
4 32
34 36
27 33
6 25
35 41
5 6
38 43
15 41
37 45
22 35
8 37
41 48
14 36
20 36
7 48
17 36
15 28
36 47
13 34
18 37
7 18
34 38
9 33
6 11
18 33
11 20
2 23
22 32
8 24
27 39
13 17
21 48
3 7
40 42
7 9
31 35
0 4
36 42
21 46
14 34
3 48
8 47
23 28
26 49
8 9
7 26
28 32
41 46
7 20
17 40
22 46
19 48
3 11
12 13
