50 200 241.3047865252573 sparse
0 752 12
1 191 603
2 431 945
3 550 144
4 865 384
5 393 868
6 750 177
7 245 944
8 862 146
9 177 695
10 68 414
11 514 231
12 18 771
13 230 981
14 679 13
15 601 805
16 483 4
17 861 458
18 764 600
19 484 87
20 22 402
21 416 280
22 785 701
23 293 574
24 581 286
25 38 746
26 622 792
27 565 66
28 659 962
29 105 419
30 745 8
31 953 293
32 794 841
33 276 504
34 43 576
35 238 858
36 578 838
37 700 730
38 518 639
39 590 256
40 554 730
41 994 558
42 610 938
43 308 986
44 651 277
45 722 599
46 261 722
47 712 625
48 551 342
49 424 756
0 30
15 26
45 47
24 39
12 25
10 29
7 13
15 36
18 45
10 20
28 42
18 47
24 48
26 36
39 44
14 30
24 44
23 33
0 14
4 17
7 43
13 43
3 27
11 39
16 19
19 27
20 29
2 5
7 35
11 24
3 19
9 46
15 40
22 37
26 40
1 9
3 11
39 48
38 40
26 37
16 27
18 22
36 42
22 47
37 47
1 23
11 21
36 40
6 8
5 49
11 48
3 39
44 48
22 45
13 35
15 37
14 27
4 31
2 43
1 33
40 49
37 45
15 42
35 46
1 46
22 32
6 44
11 44
18 37
3 24
5 43
32 37
35 43
37 40
26 42
11 19
9 25
28 36
21 48
38 49
1 34
23 46
3 16
5 35
36 37
10 34
0 6
21 24
5 7
17 41
46 49
3 44
15 28
9 23
29 34
6 30
25 34
17 18
11 27
8 31
0 8
26 28
9 35
36 49
20 34
21 39
9 12
6 39
6 14
26 32
2 42
9 34
8 30
28 32
2 36
15 49
3 14
26 38
15 38
2 7
22 26
5 36
17 31
27 30
2 49
26 47
40 47
3 21
29 33
27 39
38 47
0 27
14 16
15 32
12 34
5 46
17 45
3 48
5 13
19 39
6 24
26 49
3 6
1 29
37 38
2 13
19 21
36 38
38 45
32 42
14 19
1 25
15 22
15 47
2 35
5 40
35 49
40 45
9 33
40 42
6 27
32 36
4 41
5 15
26 45
33 46
2 15
24 27
19 24
7 46
17 47
23 49
25 46
1 10
8 14
10 33
37 42
27 44
5 42
2 28
11 16
25 35
32 47
22 40
18 41
6 31
23 38
21 44
28 37
12 35
4 6
3 30
4 8
4 18
18 26
15 45
4 44
1 12
5 26
0 3
