50 200 261.72504656604804 sparse
0 838 251
1 264 226
2 323 692
3 464 791
4 332 956
5 627 668
6 228 672
7 91 907
8 24 773
9 700 38
10 734 48
11 591 264
12 92 10
13 874 448
14 589 260
15 924 920
16 725 160
17 294 977
18 990 714
19 307 488
20 404 647
21 829 394
22 592 790
23 418 378
24 292 81
25 880 762
26 331 572
27 646 331
28 45 981
29 650 763
30 837 585
31 751 88
32 586 979
33 316 655
34 485 796
35 796 671
36 120 174
37 537 427
38 671 582
39 98 443
40 920 327
41 794 428
42 554 227
43 951 709
44 376 382
45 272 713
46 348 636
47 100 305
48 295 976
49 879 359
17 48
11 14
3 34
9 10
33 46
2 33
18 43
4 48
23 44
4 17
10 31
14 42
21 41
40 49
11 42
2 45
20 46
6 45
21 49
2 46
22 29
26 46
13 21
9 31
33 45
16 31
13 41
26 33
11 27
7 28
19 26
20 33
25 43
13 49
6 33
14 27
2 20
30 35
5 38
2 6
5 29
20 26
22 34
45 46
41 49
0 40
10 16
21 40
0 49
18 25
2 26
25 35
9 16
6 46
19 44
5 22
3 22
23 37
13 40
36 47
39 47
27 42
13 30
0 21
6 26
0 16
27 37
20 45
1 24
7 8
26 45
1 36
35 38
19 46
3 20
19 23
35 43
40 41
30 41
15 25
30 38
12 36
37 44
19 33
29 34
30 43
14 16
5 35
20 34
11 16
11 37
2 3
29 35
14 37
27 41
6 20
1 47
25 30
29 38
0 41
16 42
0 31
19 20
3 29
16 27
22 32
21 30
5 34
1 44
2 34
21 27
3 46
26 44
24 36
38 41
18 35
18 30
6 19
0 13
37 42
3 33
23 42
3 5
2 19
37 38
11 23
3 45
14 23
0 27
32 34
8 28
34 46
3 4
12 24
23 26
15 43
19 39
7 17
7 48
15 18
1 23
33 34
4 34
22 38
5 20
3 32
29 32
5 30
6 8
19 45
0 10
34 45
30 49
25 29
23 27
27 49
42 44
22 35
20 22
13 35
14 31
11 31
19 37
9 42
31 42
35 41
13 38
11 44
14 44
21 38
4 7
0 11
9 14
17 28
0 14
28 48
4 45
3 48
9 11
16 49
26 37
3 17
27 38
0 9
10 42
4 32
8 45
44 46
16 21
3 26
13 27
16 40
10 14
37 41
20 37
5 37
29 30
10 11
11 41
34 48
