50 200 242.53865671269807 sparse
0 117 796
1 475 536
2 251 271
3 248 278
4 624 884
5 175 246
6 129 485
7 83 109
8 773 201
9 609 87
10 542 516
11 246 38
12 964 59
13 662 856
14 648 751
15 564 284
16 686 205
17 823 775
18 532 100
19 650 966
20 796 121
21 675 477
22 565 726
23 779 683
24 427 558
25 444 399
26 688 171
27 656 529
28 141 646
29 170 390
30 424 140
31 106 886
32 659 501
33 747 885
34 872 817
35 102 25
36 321 606
37 269 769
38 952 413
39 249 883
40 650 724
41 424 776
42 342 138
43 108 234
44 831 753
45 516 418
46 653 275
47 652 346
48 962 318
49 870 761
2 3
17 44
14 40
27 32
21 32
16 26
44 49
4 13
17 49
1 24
21 27
34 49
17 34
5 43
1 10
46 47
25 45
34 44
16 46
9 18
3 5
2 5
30 42
8 20
22 40
4 19
7 35
14 22
8 16
23 44
15 46
13 33
8 26
0 31
38 48
10 45
17 23
6 29
13 14
15 47
26 46
13 19
10 27
18 30
9 26
37 39
24 36
10 32
20 26
23 49
10 24
4 33
1 45
19 33
7 43
13 40
21 47
17 33
4 14
23 40
3 29
16 20
10 21
11 42
1 25
9 16
8 46
33 34
15 45
31 39
2 29
5 29
11 35
16 47
15 16
3 43
14 23
2 43
22 41
0 28
10 25
45 47
0 37
37 41
32 47
33 44
0 39
24 25
2 42
6 28
4 40
13 22
23 34
5 7
32 45
24 45
15 25
14 33
15 26
29 43
3 42
4 22
1 36
21 45
36 37
18 26
33 49
14 17
28 37
7 11
27 45
26 47
12 20
13 17
17 40
1 27
14 44
27 47
40 44
28 36
16 18
15 18
1 32
33 40
8 47
9 20
9 30
9 46
18 42
27 40
23 27
13 44
45 46
36 41
5 42
8 9
31 37
15 30
9 15
10 47
21 46
23 33
39 41
11 30
1 21
13 23
35 43
20 46
1 22
10 22
18 46
13 34
25 47
14 19
22 27
2 30
22 24
23 32
24 41
22 23
5 11
14 27
14 49
8 48
15 21
40 49
32 40
3 30
8 15
14 41
32 46
4 17
6 36
4 41
13 49
3 25
21 23
24 27
2 25
40 41
5 35
10 15
2 11
2 7
14 34
10 40
3 7
15 32
25 32
8 12
10 36
3 6
24 32
11 43
3 11
34 40
25 36
22 33
19 40
28 31
