50 200 249.96999819978396 sparse
0 982 177
1 869 644
2 763 171
3 234 713
4 507 124
5 600 547
6 641 586
7 466 514
8 547 191
9 155 308
10 870 925
11 680 920
12 971 473
13 179 93
14 107 916
15 162 776
16 889 732
17 158 224
18 908 837
19 765 651
20 143 414
21 236 436
22 164 980
23 118 495
24 322 906
25 473 570
26 819 783
27 217 351
28 824 741
29 493 674
30 678 301
31 544 903
32 751 872
33 297 290
34 756 69
35 129 196
36 316 332
37 283 466
38 622 154
39 877 700
40 608 151
41 680 85
42 743 49
43 787 900
44 607 955
45 606 605
46 42 474
47 857 219
48 749 520
49 749 74
34 49
38 40
34 42
42 49
16 39
6 45
17 35
26 28
32 43
33 36
21 37
7 25
1 39
5 6
5 45
16 28
28 39
41 49
41 42
8 40
9 27
34 41
4 8
23 46
11 44
31 44
8 38
9 17
20 23
14 22
11 32
16 26
10 43
21 27
38 41
1 16
20 21
3 15
10 18
20 27
40 41
2 49
27 33
27 36
26 39
2 34
18 26
1 19
4 40
2 47
25 29
9 20
16 18
1 28
19 28
11 43
26 32
13 35
9 35
20 46
4 38
2 41
26 43
19 39
2 42
6 48
18 28
5 25
10 32
21 36
0 47
21 23
19 48
29 45
27 37
13 17
18 43
11 31
25 45
5 7
36 37
6 19
17 27
18 39
2 38
19 26
9 33
1 26
16 19
20 37
28 32
38 49
14 15
10 26
5 48
9 21
17 33
2 30
2 40
30 38
21 33
34 38
38 42
40 49
18 32
7 29
9 36
28 43
19 45
30 40
5 29
32 44
45 48
7 45
23 37
6 25
34 40
40 42
8 41
8 30
6 29
1 48
22 24
23 27
33 37
4 41
27 35
47 49
34 47
43 44
7 37
6 7
10 28
10 11
17 20
9 23
17 36
20 36
33 35
10 16
5 19
11 26
16 43
16 32
30 47
1 18
21 46
20 33
1 12
9 46
9 37
15 22
42 47
15 24
31 32
3 24
32 39
27 46
14 24
30 41
9 13
25 37
2 8
20 35
0 2
39 43
39 48
19 32
41 47
24 31
10 39
17 21
12 48
13 33
11 28
30 48
35 36
28 48
8 49
29 31
18 19
1 6
7 36
30 49
3 14
6 28
37 46
8 34
8 42
11 18
7 21
31 43
38 47
30 34
12 39
4 30
3 23
4 49
4 42
19 43
