50 200 278.0017985553331 sparse
0 717 213
1 786 952
2 939 419
3 440 976
4 510 107
5 58 567
6 86 276
7 928 842
8 795 158
9 66 416
10 623 371
11 104 993
12 464 587
13 74 134
14 798 830
15 971 107
16 853 997
17 520 905
18 345 372
19 326 873
20 130 229
21 926 390
22 371 516
23 498 145
24 974 757
25 531 728
26 880 91
27 192 455
28 22 302
29 22 104
30 152 893
31 312 962
32 544 165
33 612 973
34 499 703
35 392 589
36 270 300
37 846 868
38 415 446
39 443 982
40 299 380
41 838 114
42 104 436
43 215 291
44 872 447
45 723 15
46 249 842
47 952 862
48 846 705
49 505 773
3 39
7 47
2 21
4 23
25 34
9 42
18 40
26 41
23 32
25 49
36 43
13 29
14 37
8 41
6 20
4 32
6 28
34 49
12 35
2 44
22 35
21 44
1 16
22 38
19 46
36 40
7 37
27 42
19 31
15 26
0 8
7 24
18 38
1 37
18 36
20 43
37 47
3 17
24 47
8 26
17 39
30 46
13 20
11 30
17 33
12 22
12 34
9 28
40 43
1 14
3 31
16 37
6 43
20 28
7 14
27 40
9 27
31 39
17 49
15 41
38 40
14 48
31 46
24 48
5 42
6 9
6 13
35 38
18 22
12 38
5 9
41 45
18 43
3 19
22 40
12 25
0 41
34 35
20 36
28 42
14 47
7 48
19 39
8 45
6 42
37 48
20 29
27 43
16 47
33 39
24 37
3 33
7 16
27 36
18 27
30 31
26 45
5 27
19 30
1 33
14 16
13 28
17 25
0 32
1 7
42 43
8 15
6 29
0 10
6 36
1 47
22 27
47 48
12 49
14 24
28 43
9 43
25 35
17 19
9 20
28 29
0 45
40 42
17 34
0 26
19 49
36 38
6 27
20 42
11 46
11 31
13 43
3 49
36 42
17 31
35 49
39 49
10 32
10 38
18 35
27 38
22 34
20 40
33 49
27 28
35 40
0 23
4 45
0 4
3 46
32 45
20 27
14 33
9 36
9 40
6 40
22 36
39 46
27 35
16 33
19 34
12 18
28 36
18 42
19 25
8 32
11 19
38 43
1 48
33 37
13 36
25 33
18 20
10 23
44 48
23 45
10 44
3 25
15 45
12 40
46 49
22 25
8 21
5 28
10 12
29 43
16 24
25 39
1 17
31 49
34 38
1 24
18 23
8 10
22 43
0 21
0 15
23 36
6 18
10 18
