50 200 252.87546342023774 sparse
0 408 87
1 958 971
2 795 317
3 196 287
4 178 797
5 483 629
6 35 482
7 73 200
8 72 492
9 530 933
10 75 101
11 931 49
12 238 345
13 363 582
14 140 913
15 420 633
16 665 826
17 34 242
18 204 266
19 135 172
20 498 386
21 448 253
22 80 137
23 320 674
24 355 153
25 781 536
26 75 981
27 601 655
28 92 950
29 71 628
30 585 322
31 718 797
32 755 282
33 661 503
34 27 522
35 758 699
36 692 600
37 419 382
38 682 458
39 19 396
40 711 94
41 922 863
42 593 485
43 419 203
44 792 406
45 745 442
46 426 250
47 755 984
48 700 774
49 619 110
21 46
3 18
31 48
26 28
10 22
6 8
6 34
43 46
33 38
2 32
8 34
7 17
21 43
44 45
16 31
14 28
16 48
5 15
7 22
38 45
19 22
7 19
33 42
3 12
13 15
20 37
24 43
0 24
12 18
6 39
2 44
10 19
38 42
40 49
14 26
35 48
7 10
25 45
13 23
33 36
33 45
31 35
27 36
20 30
15 23
25 36
8 39
1 41
17 22
29 34
0 43
18 19
35 36
24 46
5 27
38 44
4 14
17 19
25 33
25 38
34 39
5 13
32 44
3 19
25 44
37 46
21 37
2 45
8 29
21 24
20 42
20 21
36 38
7 18
10 17
6 29
3 7
36 42
21 30
20 46
17 39
27 48
16 35
42 45
32 45
33 44
27 35
30 42
27 33
0 46
25 35
36 45
30 38
3 17
5 23
27 42
0 21
17 18
9 16
36 48
30 46
30 32
4 28
30 37
18 22
37 43
2 38
5 42
16 47
15 27
16 27
27 31
12 37
4 23
18 24
3 22
32 38
31 47
32 40
25 42
30 33
20 38
31 36
20 43
30 45
4 29
20 33
12 19
37 42
7 39
1 47
30 43
41 47
13 37
3 39
3 24
10 18
2 30
12 46
4 26
5 36
0 49
27 38
42 44
31 41
30 49
25 27
47 48
5 33
36 44
33 35
32 49
2 25
7 12
43 49
19 24
8 12
3 10
18 46
21 49
30 44
18 43
11 40
12 24
12 39
18 39
16 36
15 42
12 17
2 33
12 21
12 43
9 47
35 41
9 31
9 48
3 46
29 39
24 37
13 20
2 40
3 43
46 49
41 48
3 8
6 17
32 33
3 37
5 20
18 37
18 21
6 12
13 27
13 42
15 37
25 48
19 39
35 38
8 17
3 6
