50 200 255.42513580303722 sparse
0 444 986
1 595 872
2 757 238
3 844 153
4 765 672
5 421 131
6 497 834
7 937 533
8 759 639
9 961 85
10 307 123
11 45 923
12 680 604
13 763 861
14 134 263
15 568 312
16 393 483
17 656 975
18 540 72
19 704 522
20 156 929
21 357 520
22 440 638
23 910 213
24 546 124
25 861 278
26 119 836
27 990 748
28 79 831
29 979 454
30 584 819
31 798 492
32 528 824
33 618 377
34 279 845
35 783 39
36 222 384
37 738 203
38 200 801
39 466 100
40 509 125
41 457 997
42 139 337
43 641 640
44 34 74
45 674 118
46 666 204
47 89 648
48 488 976
49 914 231
0 41
23 49
6 32
4 8
24 40
41 48
2 37
26 28
0 48
39 40
16 21
18 24
12 43
1 30
5 39
30 32
18 40
25 49
37 46
14 42
18 39
23 25
15 33
1 32
24 39
12 19
45 46
8 12
5 40
26 38
6 30
3 23
7 29
34 38
36 42
2 46
11 28
19 31
20 26
3 49
1 6
37 45
4 12
11 20
2 25
11 26
5 10
3 37
8 43
1 17
2 3
20 28
28 38
5 24
3 25
4 43
24 45
8 19
3 35
5 18
19 43
35 45
3 9
20 38
9 23
18 45
6 48
25 37
24 46
21 22
7 31
15 46
2 45
20 34
1 48
14 36
8 31
9 49
2 23
13 17
2 49
32 48
26 34
10 39
0 6
4 19
16 22
12 31
40 45
6 41
17 48
1 13
19 33
35 37
17 30
23 37
3 45
40 46
37 49
33 46
0 32
18 46
4 31
28 47
9 35
13 30
30 48
29 31
3 46
1 41
32 41
30 43
4 13
38 47
0 1
15 24
26 47
21 36
15 40
2 33
11 38
16 36
17 32
17 41
28 34
2 35
22 43
15 37
10 40
35 46
2 15
6 22
22 32
7 8
24 37
25 46
39 45
33 37
25 29
0 17
6 17
31 33
14 44
23 35
31 43
32 43
0 34
9 25
0 30
6 34
30 41
15 45
4 7
7 27
8 13
10 14
25 31
39 46
22 30
29 49
35 49
5 15
4 30
7 19
34 41
15 39
12 33
12 30
1 43
18 37
4 27
13 32
10 18
10 24
2 24
6 43
15 18
37 40
12 22
23 46
15 16
18 35
25 45
11 34
34 48
16 33
46 49
32 34
15 19
23 29
8 30
25 35
24 35
9 37
13 43
5 45
13 27
23 45
2 9
8 27
