50 200 265.75364531836624 sparse
0 423 530
1 586 331
2 878 727
3 539 326
4 36 781
5 506 859
6 575 223
7 59 339
8 501 894
9 473 967
10 837 574
11 601 508
12 750 978
13 238 807
14 627 158
15 943 587
16 4 422
17 231 254
18 16 930
19 393 800
20 274 941
21 560 567
22 723 946
23 276 540
24 476 428
25 784 736
26 335 492
27 202 800
28 285 174
29 947 576
30 479 933
31 5 993
32 470 881
33 463 967
34 867 568
35 1000 466
36 148 854
37 817 613
38 788 4
39 970 891
40 191 488
41 935 724
42 847 833
43 715 186
44 683 7
45 476 200
46 717 313
47 743 415
48 123 673
49 545 131
9 33
15 29
10 34
8 32
9 30
5 8
13 27
30 33
12 22
5 32
10 37
8 30
1 3
30 32
2 41
18 31
34 37
11 21
23 26
27 36
8 9
15 34
5 30
29 34
8 33
6 14
9 32
32 33
14 49
14 43
2 25
0 26
17 28
6 49
45 49
7 16
23 40
13 36
6 45
38 44
46 47
10 15
1 6
3 6
10 29
2 42
19 32
5 9
0 24
25 42
5 33
3 24
29 35
43 46
25 37
5 19
15 37
2 37
1 46
4 36
15 35
29 37
39 42
15 41
4 48
13 20
41 42
3 45
0 21
8 19
26 40
6 43
1 24
0 23
11 24
29 41
27 48
4 18
25 41
18 36
20 36
2 15
24 26
13 19
14 45
20 27
19 30
2 10
2 34
14 44
37 41
21 24
2 29
4 27
34 35
22 42
6 46
11 47
34 41
10 25
39 41
1 45
12 42
13 48
1 11
1 14
1 47
3 46
43 49
10 41
14 46
0 11
19 33
43 44
36 48
19 20
10 47
9 19
44 49
25 34
2 39
3 14
20 33
19 27
7 17
3 11
28 45
1 43
3 49
10 35
38 43
34 47
40 48
16 40
7 40
31 36
9 20
23 48
4 13
1 49
20 32
20 30
37 47
4 31
15 25
22 25
37 42
3 47
14 38
3 43
11 46
18 27
6 24
24 45
8 22
25 29
23 24
43 47
8 20
5 22
0 3
35 37
0 40
12 39
21 26
17 40
1 21
21 47
43 45
11 37
6 44
3 21
25 39
13 32
22 30
12 25
10 11
5 20
46 49
9 22
19 36
17 45
22 39
13 18
6 47
0 1
18 20
10 42
17 26
29 47
22 33
21 37
22 32
35 47
8 12
3 26
28 49
15 47
15 42
34 42
