50 200 271.6210595664482 sparse
0 461 278
1 140 807
2 142 799
3 992 281
4 754 283
5 642 195
6 919 745
7 355 709
8 187 723
9 516 378
10 50 168
11 263 474
12 552 668
13 685 651
14 242 548
15 815 337
16 498 604
17 110 407
18 901 298
19 964 756
20 837 523
21 284 587
22 256 193
23 392 339
24 615 941
25 824 115
26 73 386
27 423 940
28 881 102
29 980 672
30 560 264
31 681 739
32 13 747
33 386 31
34 687 3
35 372 68
36 164 103
37 30 323
38 306 9
39 92 996
40 248 399
41 821 879
42 970 353
43 211 886
44 388 4
45 738 196
46 551 247
47 731 466
48 687 989
49 453 380
1 2
30 46
33 44
33 35
17 26
6 19
14 21
25 28
9 49
35 44
23 49
3 42
26 37
11 40
11 14
4 15
38 44
33 38
12 16
19 29
24 48
13 31
18 42
2 8
4 45
35 38
0 23
3 18
15 18
6 29
0 46
5 45
1 8
0 30
0 49
5 46
1 43
5 30
2 43
0 9
11 21
17 37
25 45
20 47
9 30
22 36
9 23
10 36
12 13
9 46
17 40
2 32
1 32
7 21
4 5
12 31
4 18
14 40
15 47
15 42
23 40
10 37
30 49
15 45
39 43
8 43
46 49
6 41
11 17
8 21
7 8
36 38
22 35
28 45
41 48
26 40
8 32
25 34
7 16
4 25
8 14
23 46
23 30
4 47
3 15
11 23
15 20
19 41
30 45
13 47
22 38
21 40
24 27
18 45
13 16
14 17
45 46
4 30
1 39
7 14
18 28
5 34
31 41
18 25
13 20
5 25
0 5
22 23
34 45
7 12
2 39
40 49
22 40
4 46
20 29
10 22
22 33
11 26
3 28
35 36
11 49
24 31
16 21
24 41
20 42
28 34
27 43
10 26
4 28
0 22
5 9
15 25
5 15
9 16
4 42
16 31
0 35
7 43
16 49
22 44
37 40
2 7
9 47
33 36
18 20
14 26
3 25
1 7
6 20
3 4
6 31
18 47
7 27
32 43
15 28
36 44
0 40
10 17
31 48
17 21
6 13
7 11
35 46
4 20
2 21
4 9
5 28
14 23
36 37
0 33
17 22
8 11
22 37
29 41
32 39
14 16
1 21
42 47
5 49
30 47
15 30
19 20
13 41
22 26
28 42
20 31
21 49
3 45
27 48
11 16
9 40
14 49
12 47
45 47
2 14
21 23
9 11
16 47
30 35
22 49
