50 200 230.4821034267086 sparse
0 791 584
1 760 811
2 201 269
3 746 569
4 883 891
5 868 788
6 866 875
7 566 554
8 918 792
9 89 174
10 381 927
11 743 838
12 399 849
13 881 680
14 303 951
15 701 427
16 845 507
17 869 835
18 21 460
19 83 42
20 975 983
21 185 287
22 819 214
23 212 331
24 630 432
25 822 592
26 985 79
27 668 810
28 559 737
29 91 599
30 569 794
31 739 643
32 405 597
33 453 259
34 997 191
35 823 533
36 491 340
37 396 692
38 459 715
39 413 882
40 632 136
41 231 250
42 522 580
43 637 528
44 902 89
45 707 72
46 839 701
47 15 448
48 14 329
49 363 965
18 47
4 6
2 21
1 11
0 25
16 35
2 41
12 39
6 17
10 49
13 46
5 17
0 3
5 8
7 42
21 23
10 39
4 17
28 30
25 35
21 41
0 35
14 49
2 23
8 17
37 38
15 24
3 31
7 43
0 31
3 25
10 12
11 27
10 14
23 41
26 44
3 35
5 6
16 25
33 36
5 46
1 27
0 16
32 37
24 43
39 49
25 31
6 8
40 45
27 30
28 38
4 5
4 8
13 25
5 13
25 46
1 5
1 17
26 34
31 46
3 43
3 16
8 13
32 42
47 48
15 43
8 46
12 49
1 6
11 17
42 43
0 46
6 11
32 38
14 39
4 20
27 28
18 48
0 13
9 19
5 11
30 38
1 46
17 46
7 24
31 35
34 44
12 14
1 4
13 31
12 38
2 9
9 21
3 15
38 42
4 11
22 44
6 20
31 43
13 17
18 29
12 37
13 35
1 8
9 41
28 42
3 46
15 35
0 43
15 16
7 32
24 36
11 46
37 42
35 46
29 47
28 37
1 31
9 48
16 31
38 39
3 13
6 46
21 48
13 16
1 13
12 30
30 39
11 30
22 34
3 24
3 7
22 45
8 11
0 15
27 31
17 20
7 28
24 42
7 15
35 43
37 39
1 30
7 38
5 31
16 46
7 31
4 46
11 31
12 28
6 13
44 45
25 43
2 48
23 48
8 20
9 23
30 37
5 27
5 25
17 27
22 40
27 46
28 31
15 25
28 39
28 32
6 27
16 43
11 13
11 28
4 13
22 26
1 28
33 40
24 35
0 5
7 37
30 42
15 31
0 24
8 25
33 41
5 20
28 43
3 42
10 38
31 42
7 36
0 7
15 36
30 31
1 25
16 24
0 1
23 47
27 38
4 27
10 30
18 23
