50 200 242.39224410034245 sparse
0 446 533
1 408 454
2 750 196
3 840 455
4 327 70
5 272 566
6 358 284
7 906 987
8 455 827
9 585 506
10 378 955
11 387 98
12 477 611
13 433 734
14 235 109
15 617 855
16 34 225
17 595 710
18 64 865
19 903 349
20 775 31
21 129 885
22 473 605
23 985 406
24 194 673
25 645 860
26 768 312
27 879 875
28 83 396
29 629 840
30 582 601
31 797 81
32 630 814
33 133 621
34 777 411
35 462 57
36 903 141
37 590 912
38 696 659
39 816 618
40 563 579
41 284 890
42 764 857
43 503 231
44 425 911
45 551 737
46 374 453
47 436 156
48 823 37
49 593 85
12 22
15 29
25 29
29 32
15 25
30 40
1 46
15 32
20 48
25 32
31 48
17 45
20 31
15 37
10 44
4 11
18 21
25 37
11 47
9 40
3 34
0 22
24 33
29 37
0 12
11 35
0 1
8 44
12 40
22 40
9 30
8 13
26 34
19 23
4 14
43 47
35 47
12 30
32 37
0 46
22 30
17 32
17 30
32 45
17 38
10 41
7 27
27 42
2 26
13 45
25 42
31 36
3 19
2 31
0 40
38 39
30 38
29 45
12 13
36 48
8 45
5 24
35 49
17 29
17 40
13 22
15 45
4 35
29 42
4 47
30 45
19 26
19 34
32 42
0 9
41 44
12 45
15 17
15 42
8 10
9 22
5 33
6 47
9 12
0 30
5 46
11 14
3 23
22 45
12 17
6 43
25 45
21 41
38 40
17 25
40 45
8 37
3 26
17 22
2 36
13 17
1 22
8 15
38 45
3 39
37 44
2 20
32 38
20 36
6 46
1 12
43 49
47 49
8 29
2 48
8 32
1 5
11 43
0 5
13 44
1 6
16 28
35 43
37 45
22 46
8 41
8 17
37 42
1 9
6 11
12 46
9 38
20 49
2 49
7 42
8 25
29 38
1 40
13 30
15 44
0 13
17 37
13 40
31 49
9 17
5 22
11 49
14 47
25 38
19 36
23 34
38 42
5 12
34 39
15 38
13 32
6 14
9 34
44 45
13 41
29 44
4 6
10 37
2 19
2 34
8 12
9 46
26 36
30 32
13 15
18 41
21 24
8 22
13 29
17 42
12 38
25 44
32 44
40 46
10 13
1 30
0 45
22 38
28 33
0 17
18 24
14 16
5 13
26 31
14 35
9 45
25 27
30 39
24 41
48 49
23 26
13 37
4 43
17 39
1 43
