50 200 248.2438317461282 sparse
0 599 874
1 41 786
2 628 27
3 393 191
4 46 260
5 160 177
6 790 937
7 129 808
8 180 719
9 134 562
10 325 338
11 169 356
12 172 723
13 68 142
14 387 697
15 204 719
16 37 856
17 148 992
18 998 893
19 412 661
20 835 479
21 427 874
22 409 988
23 4 331
24 413 911
25 355 353
26 878 369
27 691 265
28 431 502
29 356 273
30 863 587
31 945 661
32 158 699
33 994 251
34 1000 476
35 701 979
36 37 951
37 701 677
38 194 241
39 745 600
40 398 819
41 736 753
42 399 900
43 147 589
44 517 116
45 396 471
46 204 285
47 393 843
48 250 924
49 261 963
8 12
24 42
8 15
40 47
12 32
8 32
9 43
12 15
10 25
21 42
21 24
48 49
14 19
38 46
21 47
28 45
15 32
42 47
21 40
1 16
24 47
10 29
5 38
22 24
11 46
25 29
40 42
4 23
37 41
22 42
37 39
3 29
1 7
24 40
16 36
7 12
6 35
5 13
7 8
7 16
30 31
32 43
20 30
7 32
21 22
7 15
5 46
17 49
11 38
20 26
17 36
30 39
4 13
14 40
17 48
25 45
10 46
8 43
12 43
9 32
4 5
15 43
2 44
3 44
1 12
1 32
22 47
14 47
0 35
4 38
22 49
10 45
20 39
42 48
42 49
29 46
39 41
1 8
4 11
10 11
19 40
4 46
19 28
13 38
24 49
3 10
26 34
10 38
24 48
8 9
47 48
20 34
1 36
29 38
9 12
26 33
25 46
3 25
11 23
25 28
7 48
22 40
7 36
22 48
9 15
0 21
16 17
1 15
30 34
47 49
5 11
14 21
40 48
0 41
19 47
21 48
14 15
7 17
30 37
11 25
21 49
12 16
0 24
19 45
6 41
31 34
10 28
25 38
13 46
8 16
16 32
40 49
13 23
14 28
0 6
0 42
29 45
14 42
7 49
11 29
3 38
23 46
8 14
0 47
0 40
9 11
30 41
31 39
15 48
23 38
3 46
6 18
20 31
19 21
26 27
36 48
14 24
12 48
15 19
15 16
12 14
8 48
5 29
15 40
26 30
5 23
7 43
0 22
0 37
16 48
1 43
36 49
29 44
33 34
15 47
14 45
31 41
35 41
14 32
27 44
5 10
1 17
3 5
11 43
11 13
18 31
20 37
8 19
19 42
8 40
28 29
1 9
32 48
31 37
12 40
7 9
2 27
8 47
12 19
16 49
