50 200 255.15681452785068 sparse
0 384 150
1 530 699
2 611 543
3 736 682
4 499 997
5 542 36
6 183 329
7 811 738
8 890 246
9 408 499
10 539 792
11 339 162
12 923 228
13 568 337
14 690 895
15 816 23
16 708 295
17 809 861
18 831 854
19 942 266
20 884 103
21 689 29
22 222 727
23 99 324
24 723 933
25 515 923
26 498 306
27 11 835
28 473 159
29 535 765
30 966 658
31 79 848
32 444 741
33 486 562
34 735 868
35 487 836
36 13 658
37 334 368
38 251 876
39 650 469
40 99 250
41 411 722
42 995 359
43 476 57
44 137 682
45 408 305
46 794 598
47 612 575
48 65 659
49 769 149
17 18
10 29
2 47
8 12
32 41
12 19
0 11
14 24
36 48
14 34
8 19
24 34
1 29
10 35
27 31
5 43
23 40
17 34
44 48
4 25
13 26
2 39
6 23
29 35
0 28
26 45
25 35
1 10
3 7
29 32
1 32
22 44
18 34
37 45
9 33
28 43
3 46
32 35
15 20
19 42
10 32
17 24
39 47
6 40
7 18
1 41
7 17
14 17
20 49
36 44
2 33
33 47
15 21
0 43
12 20
29 41
10 25
18 24
11 28
15 49
35 41
7 46
5 28
8 20
1 35
1 33
21 49
10 41
13 16
14 18
5 21
1 47
26 28
12 42
9 37
7 34
22 38
8 42
8 49
13 39
6 37
0 45
16 49
11 45
25 29
28 45
4 35
13 45
3 47
22 48
11 43
19 20
12 49
31 38
7 30
26 37
1 2
31 44
33 41
27 36
14 25
30 46
10 14
16 39
46 47
32 33
27 48
3 34
2 3
22 31
8 16
33 39
22 41
31 48
2 46
0 26
3 17
39 46
9 45
0 5
25 32
3 18
27 44
7 14
31 36
13 28
14 29
29 47
11 37
1 3
2 9
24 25
20 21
29 33
19 49
4 10
10 34
16 26
2 13
14 35
9 26
7 24
11 26
21 43
4 14
3 29
9 47
3 14
22 36
38 41
22 32
26 39
9 41
0 37
1 25
29 34
38 44
12 16
3 10
6 45
25 41
25 34
9 13
6 11
10 47
3 39
12 15
3 30
10 24
4 24
1 9
2 29
4 29
8 15
32 38
16 19
10 33
13 37
32 47
22 27
18 30
5 11
23 37
35 38
13 33
13 47
27 38
9 39
9 32
33 37
41 47
26 43
34 35
28 37
3 24
21 28
24 29
1 14
5 49
24 35
