50 200 260.3862515571819 sparse
0 109 320
1 682 706
2 819 46
3 479 385
4 858 628
5 359 633
6 2 106
7 726 751
8 263 645
9 307 25
10 806 799
11 11 227
12 581 861
13 279 904
14 653 708
15 227 51
16 888 940
17 121 57
18 933 247
19 85 17
20 188 513
21 425 544
22 320 961
23 163 833
24 256 85
25 295 967
26 114 553
27 325 271
28 511 282
29 221 228
30 574 58
31 389 391
32 168 117
33 752 411
34 146 602
35 556 967
36 304 799
37 310 142
38 847 280
39 745 40
40 135 358
41 131 358
42 947 260
43 117 731
44 95 868
45 405 961
46 252 473
47 748 359
48 579 402
49 232 598
40 41
18 42
22 25
1 14
0 41
15 24
0 40
33 47
17 19
8 49
26 34
1 7
13 25
13 22
2 39
20 46
17 32
23 44
24 37
9 24
9 15
20 26
7 14
22 45
34 49
15 32
3 31
18 38
7 10
24 32
20 49
5 8
20 34
3 48
38 42
15 17
3 28
13 36
12 35
25 45
5 21
23 43
27 29
9 37
6 11
6 19
29 32
15 37
29 37
8 34
26 49
46 49
38 47
6 17
27 37
19 32
5 49
34 43
0 11
27 31
13 23
17 24
28 48
13 45
43 44
32 37
0 29
23 36
15 19
24 29
35 45
8 20
1 10
29 40
21 31
29 41
8 36
26 46
31 46
33 38
22 36
10 16
28 31
20 40
40 46
20 41
6 32
9 32
41 46
34 46
3 21
25 36
12 14
8 43
30 39
8 46
33 48
47 48
5 36
8 26
43 49
15 29
11 41
10 14
26 43
4 10
11 40
4 7
7 12
19 24
1 12
27 28
21 46
13 44
23 25
9 17
31 48
8 21
36 45
3 27
11 32
5 46
1 4
26 41
26 40
17 29
24 27
36 43
21 49
12 45
11 17
22 23
17 37
0 20
5 20
27 40
0 46
21 48
11 29
0 32
27 41
8 23
36 49
27 46
5 34
18 47
27 32
4 14
36 44
9 29
0 27
9 19
42 47
11 19
25 44
20 43
2 18
6 15
23 34
28 30
0 26
10 12
29 31
20 31
2 38
22 35
13 43
20 21
0 6
15 27
4 33
32 40
3 46
22 44
32 41
5 31
18 33
34 40
34 41
23 49
28 37
2 30
33 42
9 27
29 46
7 16
28 47
2 42
6 29
19 29
34 36
6 24
31 40
19 37
5 26
40 49
8 13
31 49
31 41
41 49
