50 200 282.57742301889584 sparse
0 638 677
1 113 994
2 259 891
3 801 57
4 429 817
5 566 820
6 376 363
7 594 944
8 401 747
9 48 718
10 711 471
11 443 107
12 426 930
13 944 385
14 536 803
15 123 146
16 421 259
17 806 478
18 939 789
19 955 411
20 860 282
21 545 17
22 226 481
23 965 441
24 32 248
25 190 6
26 647 819
27 961 24
28 530 219
29 341 799
30 781 563
31 284 816
32 67 550
33 941 816
34 286 328
35 696 298
36 927 728
37 652 405
38 365 41
39 715 821
40 330 987
41 625 524
42 891 134
43 896 517
44 21 28
45 610 615
46 739 118
47 106 628
48 984 936
49 930 997
18 33
13 19
19 23
5 14
29 31
13 23
18 36
26 39
0 45
4 8
2 31
8 29
5 26
48 49
3 46
32 47
10 37
17 30
33 36
4 29
41 45
10 17
6 34
17 43
10 41
11 38
23 43
9 47
4 14
12 40
14 26
4 12
6 16
10 30
35 37
16 28
3 42
2 40
19 43
37 41
2 29
30 43
5 7
33 48
27 42
13 20
7 26
8 31
11 21
15 24
4 5
13 43
11 28
0 26
4 31
8 14
5 39
20 42
16 34
7 14
42 46
0 41
11 16
18 48
15 25
15 44
12 29
0 5
19 20
30 41
0 14
17 23
0 39
3 27
17 19
22 34
20 35
13 17
12 14
7 12
9 32
17 37
25 44
2 12
7 39
22 32
10 35
10 45
31 40
5 12
25 38
1 2
30 45
14 39
5 8
33 49
21 38
12 31
0 30
28 35
8 12
35 46
2 4
17 41
29 40
22 47
20 23
10 43
6 22
14 29
4 40
14 45
2 8
21 28
17 20
20 46
30 37
26 45
18 49
4 7
5 45
6 28
17 35
36 43
37 45
36 48
1 40
4 26
0 10
21 46
24 44
30 36
23 30
28 37
16 38
5 29
33 39
18 39
19 30
39 45
36 39
28 46
3 20
35 41
20 43
17 45
10 20
27 46
13 30
20 37
28 38
15 34
1 31
0 8
8 45
12 26
10 13
8 40
10 19
0 4
14 31
35 42
9 31
10 23
8 26
13 42
31 47
3 21
0 17
13 35
3 35
15 38
6 11
24 34
30 39
28 34
7 40
37 43
36 49
0 7
11 34
41 43
4 45
16 21
0 37
11 25
2 9
16 37
18 43
18 30
7 8
14 40
20 27
17 36
16 35
39 49
30 35
6 37
5 31
19 35
