50 200 249.09837414162303 sparse
0 357 677
1 324 679
2 648 969
3 923 320
4 209 848
5 524 354
6 275 55
7 122 134
8 630 576
9 560 449
10 759 639
11 16 438
12 222 255
13 455 212
14 41 175
15 614 500
16 24 520
17 489 863
18 371 155
19 464 277
20 69 616
21 99 147
22 869 79
23 850 502
24 463 147
25 465 73
26 370 52
27 62 173
28 961 125
29 763 105
30 872 49
31 183 405
32 649 118
33 371 291
34 323 497
35 303 796
36 487 481
37 303 748
38 144 618
39 209 70
40 902 131
41 481 519
42 474 858
43 478 954
44 216 809
45 79 696
46 712 359
47 876 607
48 304 274
49 746 676
17 42
14 27
7 21
22 30
0 1
36 41
10 49
4 44
21 27
35 37
28 40
22 40
14 21
13 24
13 19
6 39
33 48
7 27
1 37
24 25
9 15
20 38
8 15
9 36
20 45
11 16
12 48
30 40
35 44
0 37
7 14
17 43
18 24
19 33
6 26
42 43
25 26
5 19
13 18
38 45
5 9
22 28
18 26
9 41
16 20
37 44
4 35
7 39
23 47
22 29
29 32
13 33
28 30
1 35
10 47
29 30
18 25
15 36
19 24
0 35
5 36
24 26
21 39
15 41
18 33
18 48
4 37
6 18
13 25
29 40
8 10
8 9
47 49
8 49
12 33
18 19
16 38
12 31
7 12
5 13
34 41
8 41
19 48
26 39
13 48
12 21
10 23
34 36
5 33
31 34
1 44
11 31
5 41
2 43
24 33
5 15
8 36
15 46
6 7
9 46
44 45
31 48
12 18
27 39
12 27
13 26
35 42
1 34
18 39
0 34
16 45
12 39
11 20
5 46
24 32
25 32
1 38
3 40
6 25
2 17
0 44
3 23
16 31
9 19
17 35
12 14
14 39
6 21
3 28
23 46
28 29
4 45
0 41
10 15
23 49
37 42
24 48
19 25
38 44
1 4
19 36
37 38
2 42
6 12
6 24
33 34
3 46
0 42
13 32
5 24
34 38
31 38
17 37
31 33
15 49
11 38
6 48
0 38
33 36
22 32
34 48
1 41
39 48
0 4
0 17
7 48
37 45
26 48
8 46
8 23
30 32
1 42
5 48
0 36
35 43
15 23
12 13
25 33
35 38
6 13
26 33
4 38
20 31
21 48
9 34
19 41
20 44
12 19
6 27
19 26
19 32
35 45
1 45
5 8
9 33
5 34
3 22
1 17
8 47
32 46
