50 200 256.30060475933334 sparse
0 473 740
1 156 598
2 248 803
3 640 573
4 674 90
5 900 197
6 473 568
7 36 323
8 11 492
9 345 272
10 718 585
11 308 520
12 239 78
13 277 671
14 618 225
15 103 428
16 405 328
17 328 807
18 978 278
19 499 295
20 280 126
21 578 409
22 122 440
23 443 868
24 696 56
25 540 457
26 611 603
27 681 369
28 584 394
29 62 175
30 283 609
31 834 40
32 123 272
33 205 954
34 28 189
35 949 287
36 548 896
37 802 646
38 72 785
39 105 800
40 63 791
41 10 145
42 537 932
43 188 27
44 522 552
45 368 964
46 893 738
47 120 388
48 686 246
49 928 19
38 40
21 28
15 22
18 35
38 39
29 34
36 42
4 24
3 26
39 40
15 47
34 41
6 44
22 47
29 41
21 25
13 30
12 20
14 48
12 43
25 28
3 10
2 17
9 16
11 30
31 49
25 44
16 19
27 28
7 32
5 35
26 44
10 37
7 47
10 26
23 36
21 27
8 15
5 18
23 42
29 32
32 47
3 44
23 45
8 22
27 48
7 15
32 34
1 30
37 46
6 25
17 23
19 28
0 23
7 34
2 13
20 43
14 19
19 21
24 31
1 13
6 26
2 39
7 22
13 17
4 14
7 29
8 47
3 25
21 44
11 13
9 19
4 48
2 33
14 27
15 32
0 17
9 20
1 22
17 45
25 26
33 45
25 27
3 6
19 25
4 31
22 32
28 44
32 41
5 31
7 8
1 11
6 11
0 6
42 45
14 28
0 36
3 21
2 38
3 37
1 15
1 8
28 48
7 41
5 49
33 39
2 40
14 24
16 25
3 28
14 21
24 48
6 21
16 28
16 21
17 33
36 45
19 48
0 44
29 43
6 30
0 26
21 48
26 37
19 27
21 26
2 30
10 44
2 45
12 29
0 42
11 22
17 30
1 38
2 23
6 28
0 13
3 27
1 39
26 28
1 47
41 43
1 40
20 32
13 39
33 38
11 16
33 40
11 44
10 27
34 47
10 25
5 48
29 47
9 12
6 13
9 32
17 39
20 29
1 2
11 15
10 21
12 32
34 43
11 47
0 30
10 46
10 28
22 30
0 2
13 38
24 49
0 3
14 16
17 36
16 20
12 34
12 41
11 25
27 44
17 42
26 27
14 25
13 40
6 10
30 44
8 32
0 45
5 24
6 16
4 5
15 34
9 11
16 44
23 33
9 47
32 43
31 48
15 30
15 29
