50 202 238.0273093575609 sparse
0 417 503
1 201 386
2 501 858
3 29 312
4 223 27
5 54 543
6 527 702
7 509 428
8 223 323
9 107 411
10 724 504
11 238 351
12 59 893
13 104 436
14 632 275
15 326 703
16 779 320
17 663 225
18 419 637
19 119 363
20 193 420
21 934 791
22 992 921
23 682 331
24 790 415
25 409 524
26 439 560
27 63 463
28 907 757
29 600 409
30 581 671
31 694 783
32 427 608
33 869 155
34 111 758
35 421 634
36 243 844
37 208 377
38 72 211
39 68 366
40 608 39
41 138 767
42 707 239
43 969 414
44 5 925
45 691 566
46 198 919
47 805 810
48 589 961
49 946 51
18 35
1 37
0 25
9 13
32 35
34 41
18 32
8 11
1 20
11 37
21 28
20 37
17 42
25 26
13 27
9 19
26 32
1 11
19 39
8 37
14 17
9 39
0 26
6 30
12 44
3 39
1 8
9 27
10 45
13 19
14 23
26 35
13 39
18 26
5 27
11 20
14 42
1 19
25 32
9 20
36 46
19 37
13 20
7 29
19 20
23 42
16 24
27 39
1 9
16 23
8 20
3 19
0 32
9 37
17 23
16 42
1 13
3 38
25 35
10 24
8 19
23 29
18 25
15 18
31 47
19 27
28 47
15 35
5 13
0 7
13 37
11 19
6 35
3 9
6 18
33 49
36 41
21 47
0 35
0 18
1 39
2 48
20 39
23 24
20 27
6 32
14 29
7 25
15 32
37 39
12 46
5 9
21 22
9 11
12 34
3 13
8 9
12 41
7 26
16 17
30 45
14 16
3 27
38 39
10 29
34 36
1 27
2 6
11 13
30 31
19 38
8 39
41 46
15 36
8 13
30 35
18 30
30 32
6 26
27 37
11 39
5 39
10 23
24 43
26 30
24 45
29 45
15 26
33 42
34 46
22 28
5 20
6 31
1 3
16 33
8 38
24 29
12 36
3 37
5 19
10 16
44 46
17 40
3 8
17 29
24 42
7 14
3 20
15 25
7 32
34 44
7 23
15 41
16 29
29 42
6 15
9 38
2 30
0 29
41 44
31 48
2 31
11 27
14 24
16 43
8 27
3 11
6 45
6 25
28 31
37 38
1 5
31 45
11 38
1 38
22 47
17 33
0 15
10 30
26 29
15 34
5 34
25 29
40 42
7 35
25 30
5 37
13 38
0 6
7 18
7 10
7 45
17 24
3 5
2 15
0 30
0 11
23 45
2 18
14 40
2 35
4 38
