50 200 262.48809496813374 sparse
0 4 402
1 280 372
2 912 501
3 898 672
4 797 826
5 490 843
6 428 34
7 156 616
8 726 465
9 525 747
10 393 643
11 114 669
12 913 853
13 12 43
14 362 39
15 477 836
16 507 899
17 685 599
18 713 52
19 743 843
20 293 657
21 839 510
22 425 760
23 301 500
24 259 306
25 222 984
26 10 12
27 682 844
28 470 488
29 603 299
30 770 744
31 712 209
32 961 336
33 490 831
34 553 714
35 990 906
36 754 238
37 378 949
38 674 85
39 440 196
40 232 934
41 653 729
42 133 67
43 517 97
44 372 29
45 620 371
46 990 391
47 639 806
48 176 186
49 339 151
5 33
15 33
14 44
5 15
13 26
9 34
25 40
31 36
18 38
6 44
4 19
27 47
5 16
19 27
32 46
6 14
7 11
1 24
15 16
16 33
2 21
29 45
41 47
4 30
9 33
15 22
12 35
22 33
9 22
10 20
9 15
34 41
5 9
19 30
5 22
6 43
19 47
39 49
14 49
4 27
30 41
27 41
4 12
10 22
8 21
13 42
39 43
34 47
44 49
42 48
9 47
9 41
31 38
1 23
33 34
27 30
17 41
26 42
2 46
22 34
16 37
8 17
29 31
8 45
7 20
5 34
15 34
30 47
19 41
24 48
37 40
3 30
6 49
15 37
33 47
9 16
5 47
5 37
18 31
20 23
38 43
4 47
25 37
43 44
16 22
16 47
6 39
33 37
29 36
15 47
14 43
48 49
20 22
9 10
17 30
23 28
10 23
12 19
2 3
2 32
3 21
36 38
10 28
4 41
24 49
10 34
17 34
14 39
17 21
11 20
12 30
39 44
3 12
27 34
16 27
3 4
9 27
7 23
43 49
31 45
36 45
2 8
28 45
18 36
16 34
5 27
21 46
33 41
27 33
29 39
22 37
23 24
5 41
18 43
15 27
15 41
8 29
4 35
10 15
10 33
24 39
17 47
21 32
1 48
13 48
9 17
22 47
30 34
29 43
5 10
42 49
1 28
16 41
31 43
3 17
29 38
8 36
1 49
32 36
19 34
22 41
14 42
3 19
28 29
12 27
14 48
17 45
1 39
9 19
7 10
26 48
28 34
17 28
42 44
16 19
21 30
20 28
17 27
9 30
2 17
9 20
9 37
17 19
39 45
44 48
6 38
3 35
3 41
11 23
5 19
4 17
19 33
19 35
8 31
15 20
8 28
38 39
21 45
22 40
0 7
