50 200 247.64894508154077 sparse
0 90 532
1 884 647
2 673 177
3 845 469
4 266 279
5 369 343
6 76 267
7 680 18
8 673 97
9 693 593
10 206 129
11 512 702
12 969 129
13 885 337
14 670 365
15 979 509
16 856 61
17 235 805
18 254 25
19 382 339
20 491 367
21 649 290
22 623 259
23 366 988
24 600 132
25 216 356
26 793 819
27 155 748
28 427 381
29 748 266
30 905 642
31 799 845
32 253 793
33 996 281
34 742 382
35 557 108
36 301 665
37 367 726
38 562 841
39 584 161
40 373 552
41 933 891
42 667 543
43 628 277
44 84 726
45 993 828
46 869 450
47 705 649
48 804 15
49 273 299
5 19
22 43
4 49
1 30
17 32
21 43
26 31
3 46
24 39
21 22
24 35
9 42
9 47
35 39
19 28
20 28
5 28
16 48
14 34
27 44
14 21
7 8
2 8
25 49
8 24
2 24
41 45
36 37
2 39
4 25
2 22
14 43
17 27
21 29
22 39
5 49
27 32
8 39
2 43
19 20
42 47
13 46
10 18
2 21
14 22
19 49
29 34
2 29
8 35
29 43
4 5
7 48
39 43
13 33
5 20
15 46
22 29
14 29
22 24
4 19
21 34
12 16
32 37
36 40
3 34
2 35
32 36
3 13
7 24
3 15
31 41
34 46
21 39
11 37
24 43
11 38
13 34
15 30
7 35
5 25
17 37
13 29
12 33
8 48
17 36
34 43
26 41
2 7
4 10
20 43
22 35
21 24
6 25
19 25
1 15
27 36
8 22
17 44
20 22
22 34
7 39
37 40
28 49
20 21
34 42
14 42
14 20
1 47
28 40
7 16
32 44
1 3
10 49
3 30
35 43
8 29
8 43
8 16
2 14
6 10
4 6
4 28
26 47
3 42
0 44
8 21
1 26
29 39
31 45
30 46
13 15
3 9
1 46
1 9
6 49
24 29
30 47
11 47
26 45
12 48
3 14
21 35
11 40
30 45
2 48
5 40
26 30
9 11
1 45
33 46
25 28
27 37
19 40
11 36
1 31
2 34
14 46
0 25
9 34
2 16
13 14
31 47
9 30
20 40
29 46
14 39
11 42
42 46
12 13
3 29
17 23
23 32
36 44
0 27
20 39
28 43
37 38
9 46
10 25
3 47
20 49
15 33
30 31
9 14
22 28
16 29
26 38
24 48
31 38
38 47
21 28
13 21
1 42
3 33
4 20
14 24
14 28
23 38
9 26
7 22
