50 200 252.3568901377571 sparse
0 175 422
1 691 775
2 223 401
3 574 828
4 914 678
5 779 154
6 317 971
7 483 424
8 966 961
9 501 528
10 447 400
11 154 964
12 243 346
13 241 49
14 617 383
15 100 815
16 127 830
17 403 991
18 537 752
19 660 243
20 782 92
21 363 538
22 45 291
23 683 585
24 847 496
25 27 586
26 754 280
27 173 1
28 805 342
29 914 279
30 334 673
31 400 898
32 702 154
33 664 305
34 850 730
35 120 890
36 773 128
37 836 773
38 591 344
39 227 973
40 399 949
41 72 470
42 558 139
43 609 538
44 49 267
45 775 852
46 517 758
47 182 474
48 453 65
49 708 559
18 46
22 44
5 36
15 16
23 49
20 36
17 40
7 10
34 37
14 38
31 40
0 2
0 47
2 12
16 35
5 20
19 33
11 39
32 36
5 32
15 35
26 28
11 35
4 34
33 38
13 27
2 47
3 18
6 40
23 43
6 17
6 39
3 46
14 33
17 31
26 33
19 32
37 45
19 26
43 49
20 32
0 12
7 9
9 43
41 47
6 31
0 41
1 45
19 38
4 37
25 41
28 29
1 3
5 26
42 48
7 38
35 39
26 32
11 16
21 30
9 21
9 10
7 14
12 47
34 45
32 42
1 37
19 42
28 33
14 19
5 19
24 49
26 36
10 38
14 43
1 18
32 33
11 15
24 28
26 29
19 36
10 21
6 11
1 34
7 21
2 41
7 43
10 14
14 26
39 40
16 39
1 46
26 38
19 28
17 39
22 41
31 46
5 29
0 22
9 14
23 24
3 31
31 39
5 28
5 33
20 26
1 23
9 23
25 47
21 47
14 28
4 24
19 20
38 43
2 21
33 42
14 49
0 44
18 31
30 46
3 45
15 39
41 44
9 38
12 22
29 36
38 42
33 36
2 22
9 49
12 44
10 12
12 41
14 23
13 48
3 40
10 43
6 35
28 38
28 32
36 42
28 36
7 33
1 49
18 30
2 44
8 45
32 38
0 21
0 25
9 30
23 34
5 42
18 23
34 49
4 45
2 10
40 46
18 43
12 21
9 18
24 29
8 37
22 47
20 42
20 29
9 46
24 34
30 31
24 26
3 17
6 16
10 33
28 49
4 49
43 46
33 43
23 46
15 25
18 40
26 42
24 43
23 37
1 4
20 33
14 32
38 49
11 40
21 43
44 47
29 32
4 23
37 49
30 47
11 17
1 43
14 42
20 28
29 33
7 12
