50 200 245.93088459971838 sparse
0 63 255
1 419 283
2 614 488
3 504 466
4 445 478
5 428 23
6 361 12
7 420 174
8 231 29
9 196 102
10 464 499
11 957 312
12 189 314
13 415 199
14 572 565
15 593 506
16 903 175
17 179 223
18 416 965
19 910 109
20 66 978
21 297 803
22 759 649
23 218 938
24 752 462
25 846 172
26 545 572
27 189 646
28 300 609
29 91 167
30 964 435
31 223 362
32 411 553
33 929 128
34 829 289
35 710 617
36 589 933
37 392 998
38 107 488
39 125 740
40 970 595
41 292 254
42 300 452
43 740 627
44 622 607
45 380 953
46 911 496
47 531 290
48 802 896
49 957 400
7 13
19 33
2 15
14 26
4 10
22 43
35 43
30 49
18 45
18 37
37 45
3 10
16 33
16 25
22 35
12 31
3 4
14 15
14 44
16 19
5 6
10 32
30 46
8 9
15 26
4 32
1 13
26 44
2 14
11 49
35 44
19 25
12 17
0 29
25 33
3 15
17 29
15 44
46 49
2 26
1 7
10 26
2 3
1 47
3 26
27 39
40 46
27 28
17 41
25 34
31 42
12 41
2 44
43 44
3 14
0 17
9 17
11 30
9 29
28 32
10 14
3 32
31 41
10 15
11 34
1 41
6 8
13 41
26 32
16 34
4 26
0 12
2 24
22 44
17 31
11 16
4 42
13 47
14 35
32 42
2 10
4 15
7 41
5 7
4 14
21 23
28 42
20 23
30 40
7 47
24 35
2 35
15 35
14 32
24 46
23 45
15 24
24 43
2 4
34 49
10 42
26 35
31 38
21 45
6 7
18 36
5 13
12 29
12 42
27 38
3 47
11 25
14 43
9 41
21 39
3 44
23 37
11 33
22 24
2 43
6 9
15 32
24 34
33 34
11 46
15 43
21 27
10 44
12 38
0 31
21 28
6 13
24 44
4 28
40 49
38 42
8 29
1 4
5 8
19 34
10 28
41 42
30 34
18 23
8 17
18 21
1 3
26 43
0 9
3 42
14 22
1 42
4 47
14 24
36 37
11 19
36 45
1 31
9 12
2 32
24 30
24 49
2 47
43 46
22 46
36 48
2 22
21 37
22 40
32 44
28 39
23 39
29 41
4 44
15 22
10 47
1 10
34 46
27 42
15 47
22 26
28 38
0 41
16 49
1 12
40 43
8 41
24 26
35 46
7 9
29 31
0 38
13 17
7 8
9 13
27 32
41 47
5 9
20 39
7 17
