50 200 259.9423012901132 sparse
0 343 881
1 76 390
2 596 904
3 138 489
4 420 271
5 102 778
6 854 35
7 153 790
8 590 328
9 371 57
10 522 633
11 285 201
12 198 590
13 770 338
14 717 162
15 184 486
16 204 946
17 151 494
18 422 242
19 917 287
20 825 419
21 119 695
22 342 68
23 15 92
24 160 375
25 294 813
26 900 147
27 347 939
28 861 606
29 945 743
30 362 438
31 93 88
32 525 886
33 608 568
34 986 362
35 5 237
36 493 183
37 610 683
38 802 973
39 548 547
40 195 253
41 175 323
42 64 472
43 175 373
44 419 536
45 704 390
46 987 18
47 773 593
48 935 406
49 805 116
3 17
24 43
4 18
9 22
15 17
3 15
41 43
5 7
24 41
0 27
33 39
34 48
40 41
2 32
3 42
23 31
1 42
0 25
13 45
5 21
1 24
28 47
17 42
10 39
18 36
6 49
13 20
14 49
26 49
1 43
7 21
10 37
19 34
11 40
12 15
12 17
10 33
20 48
15 43
30 44
15 24
4 36
33 37
3 24
1 3
3 12
17 24
1 41
19 48
15 42
6 26
40 43
3 43
17 43
20 45
24 40
1 17
39 44
8 45
12 21
6 46
24 42
25 27
19 26
10 44
7 25
11 18
16 27
1 15
11 22
23 35
42 43
37 39
4 11
0 16
13 19
26 46
16 25
28 29
19 20
15 41
7 16
11 41
33 47
9 11
1 35
3 41
20 34
17 41
31 35
8 36
9 36
4 30
13 48
12 42
4 8
8 13
1 40
20 47
0 32
14 26
13 14
15 30
27 32
41 42
37 47
6 14
8 18
22 36
20 28
35 41
35 40
18 22
33 44
9 18
31 40
5 25
5 16
30 43
33 45
17 21
11 43
19 49
18 30
7 12
46 49
3 21
24 35
11 36
8 14
0 7
21 25
5 12
24 30
28 48
11 24
45 47
30 39
2 38
13 34
4 22
35 43
12 43
17 30
12 24
15 21
30 41
4 9
32 37
39 45
2 37
11 31
8 39
12 30
13 49
14 36
4 40
18 40
12 44
29 47
14 45
39 47
21 42
3 30
13 26
45 48
26 34
15 40
1 12
14 19
22 40
19 45
15 44
8 33
37 44
23 40
25 32
35 42
12 25
3 40
7 27
17 40
47 48
31 41
11 30
30 40
22 31
4 41
2 27
8 20
10 30
10 32
8 30
0 2
10 47
13 47
40 42
28 33
6 19
18 41
