50 200 278.40438214941946 sparse
0 481 967
1 128 568
2 33 416
3 630 902
4 345 265
5 626 147
6 330 268
7 153 517
8 733 720
9 615 926
10 839 976
11 961 196
12 145 54
13 804 127
14 994 636
15 893 346
16 1000 93
17 484 952
18 622 821
19 459 519
20 620 38
21 241 120
22 52 561
23 405 831
24 447 97
25 160 874
26 572 282
27 748 998
28 810 73
29 695 62
30 865 933
31 368 676
32 840 556
33 433 66
34 841 327
35 448 99
36 594 624
37 574 381
38 433 131
39 114 767
40 940 293
41 955 995
42 753 867
43 30 218
44 628 686
45 676 594
46 931 774
47 47 735
48 87 746
49 323 742
24 35
4 6
0 17
3 9
24 33
39 48
35 38
33 35
24 38
47 48
10 30
13 28
15 34
1 7
33 38
36 44
15 40
39 47
1 22
20 29
31 49
3 18
36 45
10 27
26 37
11 40
44 45
34 40
9 18
5 20
30 41
5 29
11 16
7 22
8 44
28 29
25 39
12 21
10 41
23 49
13 29
3 42
30 42
27 42
9 17
27 30
18 44
8 45
10 42
18 42
0 9
17 23
5 26
2 22
25 48
8 42
8 18
9 42
9 27
14 46
3 27
3 17
0 23
2 7
23 31
4 38
0 3
11 15
32 45
8 36
19 36
6 38
11 13
30 46
6 21
14 32
22 47
11 34
4 21
5 13
25 47
1 2
19 37
19 31
20 35
1 48
20 24
5 35
1 47
5 24
22 48
20 33
17 18
16 28
21 38
20 28
5 38
11 28
4 35
8 32
4 24
2 43
5 28
13 16
18 36
21 33
1 39
12 43
42 46
0 18
13 34
13 20
8 46
26 38
6 35
27 41
6 24
21 24
21 35
16 40
20 38
3 8
5 33
25 49
39 49
13 40
22 39
3 44
15 32
18 23
18 27
4 33
42 44
26 35
3 10
10 46
41 46
24 26
6 33
4 26
32 34
9 10
19 45
9 23
31 36
21 43
18 45
3 23
48 49
37 45
32 46
13 15
3 30
8 9
19 44
7 48
41 42
5 37
9 44
6 26
7 47
36 37
20 26
32 44
23 25
29 35
9 30
24 29
8 30
26 29
7 39
32 36
28 40
28 34
4 37
26 33
31 44
19 49
1 49
29 33
19 26
1 31
17 49
23 44
10 18
7 31
18 30
17 27
0 27
6 37
31 39
29 38
34 37
26 34
8 14
15 16
0 49
47 49
8 10
8 27
