50 200 260.82369524259104 sparse
0 265 289
1 224 794
2 481 457
3 592 990
4 158 192
5 959 536
6 985 802
7 241 992
8 851 307
9 278 244
10 792 199
11 927 287
12 986 119
13 859 483
14 528 715
15 879 871
16 836 203
17 606 80
18 534 169
19 151 528
20 211 47
21 118 549
22 643 663
23 256 828
24 261 698
25 232 690
26 79 902
27 916 432
28 25 466
29 960 275
30 422 947
31 630 864
32 739 854
33 112 632
34 642 948
35 83 432
36 49 873
37 264 777
38 271 408
39 580 613
40 163 746
41 423 201
42 294 817
43 20 956
44 707 689
45 734 459
46 252 520
47 989 100
48 913 44
49 762 872
12 47
32 49
24 25
11 29
19 21
23 42
26 36
1 37
10 16
1 23
0 9
37 42
23 37
3 34
28 35
22 44
1 42
13 27
1 40
8 11
24 37
26 43
22 39
21 33
31 34
36 43
25 40
25 37
47 48
19 46
1 24
1 25
12 48
8 16
37 40
24 40
31 32
19 33
5 27
5 13
8 29
38 46
17 18
14 39
18 41
15 49
19 35
0 38
21 35
8 10
24 42
11 16
23 40
21 28
33 40
14 22
6 15
13 45
23 24
4 9
3 31
31 49
25 33
32 34
21 46
23 25
19 28
8 27
15 32
25 42
34 49
16 29
0 4
11 27
39 44
40 42
9 41
4 20
12 29
10 11
24 33
27 29
9 38
7 23
32 44
19 38
36 40
25 46
12 16
3 30
8 13
16 48
26 40
29 47
11 12
24 46
33 46
14 31
1 26
0 41
14 44
19 25
21 25
30 42
7 42
27 45
10 29
16 47
2 39
7 26
7 30
28 33
35 38
35 46
44 49
31 44
8 45
23 26
1 36
10 48
1 33
11 47
1 7
3 32
22 31
21 40
33 35
19 24
23 30
21 24
3 49
11 13
21 38
9 20
10 12
33 37
23 36
22 32
2 38
7 37
39 45
19 40
17 41
30 34
10 47
10 17
26 37
22 45
7 43
30 31
7 36
26 42
13 29
0 46
8 12
0 35
44 45
30 37
28 46
6 49
36 37
29 48
2 46
5 45
22 49
16 27
40 46
23 33
11 48
4 38
0 20
8 47
15 31
33 36
15 34
1 30
15 44
5 11
36 42
6 32
4 35
14 32
28 38
2 45
5 8
40 43
14 30
14 42
31 39
13 44
38 41
37 46
7 40
11 45
25 36
14 34
33 42
10 18
1 43
16 17
