50 200 264.003787851614 sparse
0 173 293
1 802 192
2 279 501
3 590 778
4 505 389
5 771 577
6 578 446
7 554 886
8 69 331
9 968 319
10 838 507
11 617 93
12 575 887
13 317 601
14 400 281
15 665 630
16 5 118
17 459 200
18 454 88
19 232 649
20 231 48
21 982 373
22 937 30
23 971 181
24 905 540
25 307 274
26 615 474
27 30 498
28 591 866
29 118 479
30 751 835
31 845 535
32 121 221
33 426 282
34 67 985
35 345 733
36 293 48
37 907 878
38 70 244
39 369 544
40 882 277
41 638 536
42 982 702
43 935 270
44 296 925
45 957 270
46 49 961
47 978 395
48 250 56
49 329 305
20 48
7 12
43 45
21 47
14 33
12 28
10 31
34 46
25 49
7 28
36 48
6 26
9 45
40 43
9 21
32 38
9 43
24 31
20 36
26 41
10 24
14 49
40 45
9 47
13 39
5 31
8 38
3 28
17 33
0 32
27 29
23 45
4 6
14 25
9 40
23 43
5 10
13 19
15 41
33 49
2 39
14 17
21 45
2 13
6 41
3 12
0 8
17 18
21 43
3 7
0 38
1 40
5 15
25 33
8 32
45 47
23 40
43 47
4 33
13 35
0 25
9 23
21 40
5 24
4 26
5 41
19 35
16 38
4 14
40 47
1 43
22 23
16 32
2 19
8 29
0 49
30 37
24 47
2 29
28 30
11 18
15 26
18 36
3 15
17 49
17 25
1 23
3 30
8 27
19 39
1 45
10 47
24 42
12 30
21 24
5 26
35 39
11 17
37 42
21 23
31 47
25 32
0 29
4 17
4 49
18 33
10 21
35 44
4 41
14 18
10 41
2 49
7 30
6 15
15 31
19 29
20 32
4 39
18 48
31 41
1 9
32 48
1 11
1 22
21 31
10 15
23 47
31 42
15 30
8 16
6 33
32 49
17 36
25 48
10 26
25 36
18 20
0 14
9 10
2 25
4 25
9 24
6 39
5 6
13 29
0 2
10 40
16 20
34 44
18 25
26 31
20 25
25 38
29 38
22 43
22 45
2 35
39 49
10 42
0 16
6 14
32 36
8 25
5 42
3 41
15 28
9 31
2 27
3 35
0 48
44 46
0 27
18 49
2 14
0 20
19 27
2 4
16 48
22 40
0 33
20 38
17 48
1 21
26 39
10 43
15 24
14 36
27 38
29 32
5 30
7 35
29 39
36 49
38 48
31 40
7 44
48 49
8 49
2 33
24 40
