50 200 273.7608445340568 sparse
0 430 938
1 323 952
2 765 838
3 402 719
4 229 687
5 691 958
6 368 676
7 160 325
8 219 625
9 22 688
10 248 78
11 171 30
12 958 152
13 224 28
14 885 56
15 132 758
16 829 830
17 814 263
18 66 618
19 172 1
20 894 460
21 527 182
22 741 266
23 487 740
24 444 32
25 604 637
26 287 333
27 2 865
28 489 1000
29 350 148
30 62 375
31 320 364
32 351 38
33 910 81
34 147 110
35 916 828
36 856 828
37 526 91
38 878 92
39 547 952
40 468 256
41 460 678
42 419 7
43 181 821
44 10 775
45 88 572
46 986 176
47 619 589
48 556 573
49 307 50
16 36
11 19
33 38
14 33
24 42
14 38
12 46
26 31
32 49
25 47
18 45
11 13
3 6
10 13
13 19
35 36
4 8
2 16
47 48
10 49
23 41
3 41
17 22
32 42
28 39
15 43
25 48
9 18
11 34
0 28
12 33
13 49
16 35
3 23
9 44
27 44
10 11
21 37
2 36
6 41
24 32
21 40
12 38
24 37
10 34
29 49
0 1
10 19
29 32
7 30
10 32
19 34
13 34
0 39
42 49
4 15
12 14
33 46
15 44
10 29
7 26
13 32
9 15
9 45
6 23
37 42
38 46
11 49
24 49
4 6
2 5
8 45
41 48
4 43
19 49
5 39
24 29
25 41
2 35
8 18
15 18
23 25
14 46
29 42
6 8
8 15
29 40
7 31
18 44
15 27
34 49
21 24
1 28
13 29
37 40
3 4
4 18
43 44
9 27
11 32
21 29
23 48
12 17
4 45
41 47
17 38
19 32
32 37
31 40
27 43
29 37
10 42
5 16
15 45
17 46
1 43
26 29
13 42
26 40
30 45
8 43
23 47
10 24
21 42
3 8
17 33
0 23
5 28
29 34
8 9
4 9
9 43
5 36
3 48
17 20
6 48
11 29
7 34
32 34
44 45
3 25
29 31
14 17
13 24
23 39
0 3
22 38
37 49
1 39
24 40
21 32
26 30
21 22
19 29
4 41
18 43
4 44
6 43
6 25
18 30
3 43
12 22
2 39
1 3
8 41
20 22
19 42
32 40
11 42
6 15
22 33
3 47
40 42
14 22
18 27
21 49
8 44
7 45
2 25
10 26
30 31
7 29
5 35
23 28
22 46
40 49
0 41
0 5
7 10
26 34
4 23
6 47
43 45
1 23
0 6
1 15
3 15
11 24
22 40
19 24
