50 200 238.75719884434898 sparse
0 124 381
1 911 438
2 298 780
3 840 417
4 972 636
5 849 406
6 629 6
7 986 155
8 788 881
9 439 84
10 784 574
11 936 480
12 206 582
13 485 434
14 930 760
15 507 740
16 232 109
17 259 878
18 463 45
19 330 821
20 94 237
21 875 602
22 712 669
23 506 406
24 51 415
25 728 551
26 527 932
27 860 409
28 745 610
29 366 823
30 704 724
31 927 631
32 195 979
33 625 247
34 677 65
35 924 464
36 646 793
37 915 223
38 658 798
39 889 64
40 186 695
41 246 182
42 316 997
43 12 508
44 268 790
45 816 803
46 698 424
47 472 154
48 433 518
49 57 482
5 27
36 38
3 5
11 35
3 27
1 35
2 44
13 23
19 29
4 31
9 18
1 11
43 49
2 19
10 28
22 30
1 27
21 31
10 25
25 28
24 49
22 28
19 44
1 5
1 3
16 41
6 34
9 47
2 29
0 24
8 45
27 35
30 38
17 44
30 36
17 19
5 35
10 21
3 35
7 37
13 48
24 43
4 21
29 44
11 27
2 17
18 47
5 11
12 40
3 11
22 25
10 22
17 32
17 29
28 30
0 49
14 45
32 42
40 44
14 31
21 28
25 46
4 14
17 42
7 39
23 48
11 21
30 45
22 38
22 36
2 40
3 46
21 35
0 20
15 36
11 31
5 46
10 31
8 38
21 25
38 45
4 11
37 39
20 41
15 38
27 46
15 29
3 10
31 35
8 36
14 21
1 21
0 43
22 45
10 30
36 45
6 18
10 46
3 25
25 30
21 22
19 42
10 35
8 30
4 35
10 11
33 47
12 49
5 10
29 42
10 27
26 36
20 24
28 31
1 10
8 14
26 38
16 20
3 21
5 25
33 34
19 40
33 46
28 46
23 46
15 26
21 27
1 31
25 27
27 37
26 29
5 37
15 19
17 40
15 30
5 21
4 10
23 33
32 44
31 45
6 9
28 45
28 38
1 4
12 43
19 32
3 37
28 36
9 16
21 45
21 30
34 39
42 44
2 15
13 46
1 46
25 35
25 31
18 34
1 37
1 25
3 28
6 47
9 41
15 22
12 44
0 12
2 42
2 12
22 31
11 25
26 42
29 40
34 47
2 32
8 22
19 26
41 47
12 24
4 28
4 45
14 30
5 28
35 46
28 35
3 31
11 28
10 45
29 32
27 28
27 31
0 41
13 33
15 48
12 48
14 22
10 14
5 31
14 28
9 34
