50 222 260.3247971285102 sparse
0 489 906
1 577 799
2 558 842
3 688 63
4 329 370
5 208 77
6 90 867
7 443 151
8 576 835
9 393 70
10 228 347
11 509 835
12 314 658
13 8 339
14 473 357
15 402 222
16 804 129
17 85 370
18 169 243
19 978 957
20 235 520
21 469 982
22 908 569
23 382 410
24 30 451
25 428 285
26 824 536
27 274 983
28 537 891
29 236 1000
30 793 604
31 457 851
32 237 822
33 295 429
34 4 437
35 954 698
36 921 501
37 730 938
38 299 561
39 898 384
40 313 54
41 125 965
42 439 966
43 415 760
44 768 816
45 628 703
46 184 857
47 764 591
48 561 726
49 303 569
38 49
2 8
24 34
30 47
21 42
1 8
27 29
1 2
2 11
0 28
2 28
11 31
11 28
32 46
0 31
4 23
8 11
4 33
15 25
8 28
22 36
45 48
0 11
26 30
1 48
20 38
1 11
0 42
0 21
26 47
9 40
7 15
13 17
20 49
14 25
23 33
28 31
12 49
22 26
0 2
6 46
7 9
17 24
13 34
12 38
31 43
1 28
2 31
26 36
4 10
6 41
17 34
14 23
10 33
5 40
1 45
20 33
8 48
0 8
21 28
13 24
2 48
29 41
31 42
36 39
10 18
8 31
22 30
11 43
11 48
41 46
28 42
37 44
4 25
1 31
21 31
33 38
23 25
3 16
7 25
22 35
0 1
33 49
8 45
12 43
4 14
10 17
22 47
11 42
43 48
27 41
29 46
9 15
17 18
11 21
14 15
6 32
27 46
2 45
12 20
7 40
31 48
0 43
30 36
2 43
4 15
27 32
27 42
2 21
10 23
1 43
28 48
26 39
5 18
2 42
23 38
10 20
45 47
4 20
23 49
8 43
11 45
29 32
28 43
44 45
36 47
12 32
32 41
8 21
20 23
5 9
8 37
22 39
30 35
13 18
32 43
15 23
8 42
15 40
1 44
14 33
30 45
8 44
4 38
0 48
21 27
25 33
2 37
6 29
28 37
35 36
4 49
4 18
29 42
1 37
42 43
26 35
7 14
28 45
10 25
2 44
17 20
1 21
30 44
10 15
20 24
1 42
6 27
9 25
35 47
17 33
10 13
35 44
43 45
43 49
31 32
10 24
18 33
44 47
10 38
27 31
44 48
31 45
0 27
21 43
12 33
38 43
15 33
21 29
15 18
10 49
18 40
12 46
12 31
10 34
5 15
28 44
0 37
30 39
47 48
11 37
4 17
10 14
20 34
0 45
5 7
39 47
4 7
32 42
19 37
18 24
43 46
19 44
18 34
37 45
12 48
12 23
26 45
25 40
11 44
19 35
3 7
