50 300 306.4245420980506 sparse
0 853 828
1 387 370
2 788 244
3 997 246
4 769 742
5 363 783
6 485 517
7 20 959
8 965 653
9 932 519
10 734 954
11 158 450
12 651 286
13 213 401
14 906 378
15 218 561
16 900 649
17 365 689
18 606 627
19 634 678
20 82 868
21 706 393
22 331 592
23 852 962
24 155 141
25 543 540
26 403 936
27 970 453
28 298 398
29 490 596
30 110 926
31 650 880
32 910 517
33 742 957
34 278 217
35 827 336
36 285 466
37 747 584
38 669 956
39 488 992
40 219 406
41 93 295
42 545 327
43 923 700
44 660 376
45 102 870
46 541 0
47 303 454
48 555 585
49 757 598
13 40
10 33
37 49
20 45
36 47
9 32
25 48
21 44
16 43
28 47
30 45
18 19
6 25
8 43
20 30
10 38
8 16
29 48
18 48
28 36
33 38
11 13
11 40
9 27
25 29
31 38
6 29
28 40
13 28
27 32
36 40
14 35
12 44
1 28
5 17
7 30
40 47
13 36
6 48
14 27
2 35
26 39
17 22
13 47
18 25
7 20
23 33
10 31
12 42
15 36
15 22
10 23
1 47
31 33
18 29
0 4
12 21
7 45
19 48
42 44
11 15
11 36
16 32
21 35
9 16
0 23
22 36
15 47
8 9
14 32
1 36
22 47
2 12
9 14
4 49
24 34
11 47
0 43
8 32
19 49
19 37
18 37
11 28
4 19
16 49
18 49
15 40
17 29
5 26
22 29
4 37
4 43
13 15
13 41
3 14
4 16
6 18
1 42
19 25
19 29
24 41
16 37
40 41
11 41
2 21
0 33
6 22
35 44
1 40
32 49
0 10
21 42
32 37
1 6
1 13
2 14
9 43
15 28
28 34
4 31
12 35
23 38
32 43
2 44
38 39
27 35
0 16
1 34
37 48
9 49
3 35
6 47
5 22
43 49
15 17
13 34
21 37
9 37
22 28
31 39
34 40
32 35
6 42
4 18
8 27
14 21
34 41
25 44
48 49
19 31
6 36
0 8
16 27
25 37
3 27
2 3
0 31
6 17
37 43
9 35
21 49
25 42
4 10
8 49
4 8
17 48
4 33
22 40
23 31
22 25
6 19
21 25
6 28
25 49
11 22
22 48
0 38
13 22
6 44
37 44
5 29
8 37
1 22
28 41
1 25
17 25
44 48
29 47
4 23
4 38
17 36
34 47
21 32
44 49
1 11
29 36
17 47
5 39
21 48
14 44
1 29
17 18
10 39
34 36
0 49
17 26
27 43
26 31
6 21
18 21
25 47
1 15
33 39
18 44
2 42
18 31
28 42
36 41
29 37
27 49
42 48
27 37
9 21
14 37
35 37
11 34
41 47
5 15
4 48
0 19
4 32
14 49
0 37
13 24
26 38
29 49
16 19
25 36
17 19
6 37
6 15
21 27
14 16
12 14
35 49
23 43
24 40
1 48
1 44
42 47
15 29
29 42
5 45
28 29
5 48
12 25
4 9
1 12
2 27
18 22
29 44
19 38
3 9
8 14
35 42
25 28
6 49
47 48
6 12
3 32
32 44
6 40
5 18
34 42
19 43
5 30
5 19
5 6
26 30
10 19
5 20
15 41
19 21
24 28
16 18
36 42
36 48
6 13
21 29
17 28
2 32
19 33
31 49
5 25
5 31
4 25
19 44
1 41
18 42
12 46
