50 200 265.409118155349 sparse
0 950 451
1 322 921
2 393 636
3 746 61
4 11 755
5 722 854
6 595 606
7 305 755
8 116 556
9 766 154
10 5 280
11 770 499
12 545 419
13 347 397
14 557 653
15 844 984
16 183 447
17 278 355
18 892 274
19 645 822
20 8 656
21 455 574
22 548 54
23 966 130
24 946 30
25 13 907
26 546 680
27 117 145
28 622 218
29 715 576
30 177 921
31 267 909
32 202 41
33 358 733
34 598 569
35 412 631
36 836 178
37 876 787
38 63 208
39 108 799
40 5 555
41 401 255
42 685 786
43 975 848
44 991 183
45 264 712
46 151 847
47 663 993
48 117 667
49 956 798
2 35
14 26
6 34
43 49
19 42
1 31
7 33
23 44
7 45
6 14
39 46
21 35
9 36
5 42
30 46
37 49
13 17
27 38
5 19
2 21
6 26
30 31
10 38
14 34
11 29
3 9
33 45
4 20
20 40
23 24
2 33
4 39
20 48
8 40
8 48
18 36
33 35
37 43
29 34
26 34
6 29
8 16
14 21
31 46
16 17
39 48
27 32
18 44
4 48
23 36
21 26
30 39
26 35
21 34
6 21
25 39
1 30
14 35
8 20
3 36
2 7
2 45
25 46
5 47
13 41
4 25
45 48
36 44
9 28
40 48
17 41
7 31
12 34
2 26
24 44
18 23
7 35
25 30
2 14
1 7
4 46
5 37
35 45
13 16
19 47
19 26
9 18
20 39
26 42
10 27
14 29
45 46
5 15
39 45
12 21
7 46
22 28
15 47
46 48
24 36
14 42
6 35
11 34
21 33
0 18
0 11
1 46
15 43
14 19
37 42
1 33
31 39
6 12
26 33
34 35
31 45
3 22
31 33
26 29
12 13
15 37
3 28
4 40
6 42
9 23
7 39
3 24
2 6
6 11
13 21
7 48
42 47
16 40
7 30
29 42
14 33
8 45
12 28
2 34
1 45
15 49
32 38
28 36
12 41
9 24
6 19
28 41
4 8
30 45
9 44
16 48
3 23
12 29
19 37
34 42
12 14
4 30
7 21
21 45
33 46
20 46
11 12
9 22
5 49
13 35
8 39
2 13
10 16
1 39
5 26
22 41
33 48
18 24
12 35
20 25
7 26
5 43
15 42
25 31
19 29
11 18
15 19
4 45
19 34
8 17
3 18
33 39
21 29
5 14
17 38
30 33
30 48
12 26
25 48
20 45
11 14
17 27
39 40
2 12
29 37
