50 200 250.185930859431 sparse
0 251 497
1 869 402
2 784 255
3 138 20
4 153 107
5 594 801
6 179 801
7 978 599
8 323 344
9 574 101
10 591 407
11 521 373
12 201 629
13 852 547
14 90 132
15 968 827
16 434 513
17 29 586
18 992 215
19 690 783
20 32 611
21 649 451
22 932 596
23 736 957
24 703 689
25 59 577
26 114 901
27 441 803
28 93 253
29 552 868
30 326 357
31 823 593
32 899 40
33 50 903
34 238 617
35 539 944
36 435 139
37 787 800
38 722 617
39 882 634
40 672 818
41 399 552
42 117 225
43 107 415
44 757 581
45 620 495
46 83 750
47 647 519
48 915 995
49 460 259
8 30
17 20
17 25
45 47
28 42
12 34
19 40
20 25
7 22
38 44
16 41
21 45
13 31
22 39
26 33
31 44
4 14
21 47
31 39
10 21
24 38
29 35
10 11
5 29
5 40
3 4
13 39
10 45
13 22
19 24
14 42
5 19
19 37
13 44
7 39
31 38
6 46
22 31
37 40
6 26
0 34
24 44
14 28
3 14
36 49
4 42
38 47
10 47
44 47
27 29
11 49
29 40
24 40
39 44
7 13
24 37
0 12
9 36
1 13
13 38
20 46
11 21
12 25
5 27
23 40
5 35
24 31
26 46
7 31
5 24
33 46
11 45
4 28
0 41
0 30
38 45
38 39
8 49
44 45
19 29
28 43
6 33
11 16
23 37
0 43
30 49
25 43
21 44
12 46
19 38
0 8
1 2
12 20
27 35
17 46
6 12
34 41
25 46
22 44
15 48
12 17
24 47
19 23
21 38
23 48
15 37
35 40
25 34
0 16
16 45
24 39
17 43
10 16
16 30
42 43
31 47
37 39
11 47
5 37
6 34
37 38
9 49
11 30
1 31
23 35
10 49
18 32
8 11
8 16
1 22
34 46
23 29
13 24
3 42
20 34
13 47
38 40
0 25
30 41
20 43
31 37
5 23
24 45
22 38
1 44
17 34
15 39
2 18
12 41
19 44
16 47
11 41
19 35
37 44
8 41
7 44
16 34
16 21
1 18
5 38
13 21
21 31
1 7
1 21
31 45
30 43
8 43
7 15
41 45
27 40
19 31
1 39
37 48
8 36
12 43
15 22
24 29
3 28
13 45
8 42
2 21
0 17
6 20
10 44
10 41
34 43
19 39
30 36
2 32
21 24
29 37
2 10
0 20
22 24
30 42
8 28
10 38
11 36
19 27
41 47
