50 200 257.6140524117425 sparse
0 826 973
1 195 394
2 415 464
3 868 439
4 323 717
5 442 500
6 738 713
7 178 167
8 811 403
9 141 694
10 973 380
11 334 546
12 719 382
13 480 508
14 956 817
15 100 411
16 580 459
17 670 48
18 703 314
19 627 974
20 553 72
21 487 655
22 131 142
23 983 719
24 655 883
25 942 935
26 611 107
27 125 781
28 397 462
29 520 966
30 156 479
31 260 959
32 918 939
33 98 39
34 544 152
35 686 966
36 23 703
37 761 799
38 485 696
39 277 867
40 370 214
41 750 524
42 525 499
43 615 422
44 80 69
45 580 881
46 542 666
47 272 630
48 876 612
49 300 156
2 28
25 32
33 44
5 13
21 38
2 5
13 42
16 43
7 22
21 46
5 28
19 35
38 46
3 8
20 26
16 42
12 18
24 45
2 13
20 34
26 34
5 42
17 26
15 30
9 27
24 35
6 37
22 44
40 49
1 30
31 39
8 12
13 28
19 24
1 15
0 32
4 47
14 23
29 45
19 45
11 47
11 28
19 29
22 33
13 16
12 43
2 11
2 42
5 11
9 36
42 43
14 25
17 20
3 10
0 25
7 49
14 32
27 36
28 42
24 37
8 41
35 45
7 44
18 43
8 18
0 35
5 16
12 41
3 41
9 47
13 21
11 13
7 33
23 48
41 48
4 39
24 29
12 16
3 12
13 43
21 42
5 21
4 38
17 34
8 10
2 16
29 35
42 46
41 43
22 49
13 46
6 48
4 11
3 48
27 39
4 21
16 41
16 28
35 37
4 9
34 40
0 37
11 21
13 38
6 24
6 41
5 43
16 18
11 30
30 47
0 24
5 46
14 37
11 42
8 43
7 40
37 45
0 19
5 38
38 42
6 46
0 14
2 21
2 43
1 11
3 18
38 45
4 27
28 47
32 37
16 46
27 47
11 38
21 28
1 28
5 47
18 41
9 30
21 47
16 21
45 46
8 48
2 47
37 48
23 25
9 39
14 48
19 37
28 43
38 47
27 31
4 46
41 42
25 37
18 26
12 42
18 34
1 7
23 32
6 45
1 2
20 40
33 49
32 35
23 37
44 49
39 47
8 16
2 46
11 46
13 47
6 14
28 30
2 38
9 11
34 49
21 45
24 46
6 23
4 5
1 47
28 40
22 40
28 38
4 31
28 46
1 40
10 48
41 46
24 38
6 38
3 43
10 12
2 40
43 46
16 38
7 15
37 46
18 42
6 21
