50 200 281.0871750898643 sparse
0 718 1000
1 798 298
2 332 54
3 512 50
4 370 444
5 931 273
6 530 736
7 885 537
8 271 753
9 57 114
10 154 136
11 788 936
12 397 20
13 292 23
14 970 172
15 561 67
16 936 693
17 542 16
18 653 120
19 98 821
20 590 771
21 89 38
22 425 382
23 830 286
24 871 778
25 359 999
26 608 226
27 853 29
28 1000 983
29 930 521
30 631 624
31 931 282
32 53 191
33 511 934
34 197 623
35 80 865
36 325 38
37 787 818
38 463 576
39 67 209
40 0 401
41 611 300
42 137 890
43 324 721
44 371 368
45 591 769
46 887 421
47 795 644
48 320 708
49 119 124
20 45
5 31
43 48
2 36
32 39
1 23
13 36
10 49
3 17
19 35
7 29
2 13
3 15
15 17
22 44
8 43
35 42
9 49
8 48
6 45
6 20
2 12
26 41
12 36
4 44
9 32
19 42
9 21
4 22
21 49
24 37
32 49
0 11
9 39
9 10
39 49
23 31
5 23
12 13
15 18
16 24
5 14
29 46
10 39
10 32
18 26
7 46
14 31
10 21
11 37
3 12
1 31
1 5
7 47
12 17
31 46
23 46
16 47
34 48
8 34
30 45
6 30
1 46
17 18
20 30
24 47
5 46
21 32
3 18
34 43
4 38
7 16
30 47
25 33
15 26
12 15
16 29
21 39
6 38
37 47
30 38
10 13
11 24
2 3
14 23
20 33
29 47
33 45
14 27
18 41
8 19
1 41
3 36
8 42
16 37
38 48
0 37
2 10
10 36
22 38
6 33
13 49
3 26
38 43
37 45
20 37
1 26
22 41
39 40
13 21
6 43
6 48
1 14
2 17
32 40
11 28
0 33
17 36
23 41
18 27
17 26
19 34
8 35
3 13
36 49
2 49
38 44
2 15
1 18
23 26
38 45
20 38
21 36
15 36
15 41
29 31
45 47
22 26
20 47
46 47
7 24
24 28
18 23
2 21
19 43
25 42
5 29
4 34
30 37
19 48
41 44
13 17
9 13
42 43
1 7
23 29
5 27
7 23
11 20
23 27
42 48
11 45
7 31
1 29
6 8
8 38
8 25
0 20
14 46
0 45
24 29
27 31
5 7
7 30
4 48
34 35
3 41
10 12
28 37
0 24
6 37
34 38
20 43
43 45
13 15
34 42
1 27
12 18
26 44
16 46
11 33
20 48
45 48
9 36
24 45
25 43
6 47
4 41
4 43
20 24
