50 200 255.97656142701817 sparse
0 151 992
1 100 369
2 197 599
3 938 691
4 240 45
5 630 88
6 216 408
7 390 893
8 780 944
9 62 357
10 546 958
11 472 652
12 385 850
13 786 321
14 23 466
15 122 189
16 92 456
17 642 444
18 362 282
19 742 203
20 859 239
21 469 85
22 744 796
23 755 845
24 668 889
25 0 132
26 51 363
27 817 152
28 293 135
29 206 629
30 520 844
31 747 482
32 821 763
33 478 632
34 854 642
35 597 913
36 519 808
37 35 490
38 484 93
39 647 182
40 232 741
41 931 959
42 705 440
43 617 853
44 700 662
45 399 19
46 384 642
47 197 915
48 520 0
49 433 982
9 26
21 38
11 33
14 37
2 29
30 36
1 9
7 12
1 26
22 23
31 42
24 43
17 42
35 43
16 37
10 35
14 16
24 35
22 32
1 16
11 46
0 47
19 27
33 46
5 39
21 45
20 27
3 34
19 39
30 43
23 24
7 49
21 48
38 48
16 26
8 23
30 35
9 16
4 28
23 32
14 26
36 43
13 20
17 31
38 45
29 40
10 49
9 14
10 30
22 24
1 6
19 20
45 48
1 14
8 24
32 34
13 19
10 43
26 37
35 36
6 16
15 25
12 30
9 37
1 37
3 32
23 43
7 30
22 43
10 24
12 36
12 49
5 48
22 44
13 42
5 38
2 40
8 41
8 22
10 36
7 36
24 30
34 44
28 45
32 44
5 19
5 21
4 45
6 9
18 28
11 36
30 49
13 31
7 10
24 36
6 26
13 27
23 35
27 39
2 16
40 47
35 49
9 15
29 46
15 28
33 36
1 15
40 46
21 28
8 32
8 35
38 39
31 44
4 15
8 43
12 40
22 35
15 26
22 34
13 17
23 44
2 46
2 6
31 34
6 18
10 12
36 49
7 47
2 37
28 38
13 39
5 27
11 30
24 32
6 37
12 47
6 14
21 39
16 29
7 35
12 46
43 44
23 41
36 46
30 33
11 12
2 14
7 40
20 39
29 37
3 22
12 35
6 29
39 48
42 44
32 43
33 44
18 21
43 49
32 41
18 38
22 36
17 44
23 34
11 44
22 30
24 44
7 43
12 43
4 21
36 44
9 25
8 10
23 30
25 26
12 33
10 23
6 15
23 36
3 23
3 44
19 42
5 45
30 46
14 29
47 49
11 43
22 41
4 38
17 33
1 2
34 42
7 46
24 49
20 42
7 11
4 25
10 22
11 40
30 44
