50 200 251.7339865810733 sparse
0 109 402
1 169 937
2 964 65
3 461 32
4 383 902
5 28 663
6 273 533
7 170 423
8 429 72
9 737 502
10 942 283
11 50 646
12 255 38
13 629 697
14 862 442
15 961 320
16 750 177
17 123 424
18 128 153
19 550 435
20 1 466
21 490 345
22 205 273
23 347 553
24 98 520
25 435 417
26 41 144
27 295 854
28 20 8
29 47 537
30 921 345
31 766 140
32 632 348
33 358 439
34 812 719
35 886 359
36 319 588
37 568 721
38 543 623
39 442 783
40 614 822
41 204 594
42 297 349
43 269 78
44 597 175
45 134 843
46 387 865
47 965 408
48 146 412
49 589 545
17 48
0 17
7 48
5 11
4 46
30 35
0 48
16 31
10 15
12 43
23 36
7 17
15 30
3 8
24 29
0 7
10 30
13 37
6 36
6 23
30 47
25 33
15 35
20 29
14 35
18 26
15 47
38 49
21 25
6 41
27 46
35 47
10 35
39 46
17 24
4 27
1 45
37 38
19 21
14 47
33 42
11 29
37 40
20 24
13 38
14 30
23 33
36 41
19 25
19 49
24 48
0 24
22 42
19 32
7 24
0 20
13 40
6 33
10 47
5 29
17 20
24 41
4 39
11 24
17 29
26 28
9 14
37 39
21 32
18 22
7 42
0 29
23 41
6 7
1 27
22 48
16 44
25 42
33 36
7 22
9 49
20 48
14 15
13 49
5 24
29 48
18 43
8 43
0 22
27 45
23 25
21 33
11 41
27 39
42 48
29 41
7 29
12 18
17 22
31 44
7 41
7 20
6 48
6 24
39 40
32 44
37 49
8 12
10 14
18 28
13 34
6 17
6 42
9 32
11 20
19 38
17 41
7 33
5 41
38 39
17 42
41 48
19 33
21 42
0 42
8 44
3 44
3 43
9 19
5 20
6 25
25 49
21 44
32 49
22 43
13 39
3 12
9 35
25 36
16 32
23 38
22 26
25 32
5 45
0 6
23 42
38 40
2 31
33 48
11 45
0 41
1 4
33 41
2 10
10 16
7 23
7 36
9 13
21 49
34 40
22 33
6 29
36 38
10 31
16 35
9 38
1 46
9 34
36 39
40 46
24 36
37 46
25 38
11 17
19 23
17 33
12 28
26 43
12 26
16 30
20 41
36 42
12 22
2 16
9 30
23 49
34 37
4 40
23 48
9 47
36 48
31 32
14 32
23 39
31 35
0 18
6 11
0 11
23 24
0 33
