50 200 269.9666646087994 sparse
0 373 688
1 619 562
2 220 368
3 895 43
4 53 597
5 879 111
6 775 44
7 382 726
8 734 423
9 537 942
10 974 875
11 669 593
12 788 288
13 479 731
14 643 449
15 701 546
16 575 59
17 269 277
18 956 237
19 796 914
20 920 544
21 974 224
22 817 828
23 705 896
24 501 695
25 927 952
26 663 152
27 42 612
28 90 896
29 548 498
30 87 554
31 538 410
32 291 711
33 213 942
34 390 204
35 279 252
36 651 386
37 137 382
38 253 403
39 268 716
40 916 272
41 453 641
42 138 833
43 210 84
44 994 222
45 985 533
46 206 586
47 567 457
48 979 524
49 776 99
45 48
4 27
21 44
18 21
32 39
17 35
0 7
18 44
13 24
29 47
2 38
18 40
4 30
6 49
31 47
11 15
1 11
20 48
14 36
20 45
3 5
24 41
27 30
21 40
14 47
28 42
1 15
2 37
0 32
19 22
29 31
10 25
8 36
7 32
40 44
19 23
0 41
13 41
8 14
1 29
7 13
2 17
5 49
14 29
0 39
36 47
7 41
14 31
14 15
0 13
7 39
1 14
31 36
1 47
37 38
3 6
34 35
7 24
30 46
5 6
26 49
17 38
8 15
16 26
0 24
12 40
2 35
22 23
28 33
3 49
33 42
19 25
17 34
39 46
8 12
11 14
5 21
5 18
32 46
29 36
35 38
4 46
11 29
6 26
5 44
15 29
15 47
10 22
5 40
22 25
27 46
15 36
12 36
17 37
11 47
8 47
29 41
1 31
9 23
39 42
12 18
32 41
1 24
1 36
30 37
1 8
35 43
8 11
10 19
1 41
12 26
38 46
13 32
12 49
35 37
32 42
0 46
8 31
11 24
12 21
3 21
5 12
39 41
8 29
6 16
17 43
24 29
3 18
3 44
16 49
11 36
24 32
13 39
15 31
37 46
12 44
34 43
41 47
12 14
2 46
9 13
15 20
1 13
5 26
11 41
8 20
40 49
30 38
7 46
11 31
18 49
2 30
23 25
3 40
4 37
33 39
24 39
21 49
26 36
11 13
16 34
2 34
8 40
27 42
34 38
30 39
13 29
32 33
6 12
4 39
31 41
24 47
27 39
27 37
15 24
9 24
44 49
4 42
41 46
28 39
31 34
11 20
42 46
3 26
30 32
0 29
40 48
9 19
4 32
6 18
8 48
15 41
7 9
7 42
3 12
27 32
6 40
6 21
10 23
40 45
