50 200 242.33035303073365 sparse
0 406 352
1 540 654
2 478 616
3 787 643
4 266 28
5 942 545
6 294 44
7 534 631
8 837 575
9 571 318
10 433 160
11 539 441
12 608 606
13 288 270
14 37 162
15 923 662
16 7 330
17 253 316
18 566 620
19 185 440
20 980 985
21 753 155
22 802 626
23 116 44
24 976 334
25 482 35
26 313 817
27 384 780
28 490 129
29 970 106
30 804 733
31 724 209
32 830 792
33 209 744
34 215 62
35 263 503
36 446 447
37 802 517
38 454 481
39 416 216
40 823 789
41 435 691
42 433 0
43 952 671
44 632 783
45 996 479
46 241 441
47 895 898
48 332 884
49 46 238
32 40
3 22
1 7
15 43
4 6
7 18
36 38
1 18
12 18
19 46
13 17
2 7
10 39
30 40
25 42
21 31
4 34
8 22
30 32
10 28
35 46
8 37
26 48
1 2
14 49
7 12
26 27
6 34
1 12
3 8
5 45
2 41
2 18
3 30
11 36
11 38
25 28
16 49
19 35
23 34
27 41
0 36
22 30
22 37
5 8
1 41
28 39
7 41
27 48
5 15
20 47
8 15
32 47
17 46
15 22
5 43
3 37
26 33
9 11
2 12
40 47
10 25
0 39
2 38
3 15
0 38
15 30
13 39
28 42
17 19
14 23
5 37
0 13
6 42
24 45
18 41
8 43
3 40
4 23
3 32
22 43
0 17
1 44
15 32
10 42
0 11
30 43
8 30
15 40
5 22
22 40
3 43
22 32
0 9
4 42
7 38
14 16
32 43
2 36
40 43
26 41
18 44
13 46
6 23
18 38
12 44
27 33
11 12
30 44
9 36
7 44
11 18
6 10
10 13
3 12
3 5
2 11
9 39
8 45
33 48
17 35
0 46
9 31
6 25
30 47
15 37
2 27
7 11
40 44
17 39
35 36
35 38
25 39
12 41
1 38
0 10
12 22
43 45
15 45
37 45
32 44
12 38
13 19
1 27
9 38
7 36
14 34
36 46
9 28
23 49
0 35
3 44
16 19
9 10
18 36
38 41
6 39
7 27
4 10
1 11
12 37
6 28
5 24
8 40
37 43
30 37
4 25
39 42
38 46
8 32
41 44
41 48
13 34
17 49
3 18
21 29
6 13
34 42
12 36
2 44
1 36
24 29
8 12
22 44
33 41
36 39
5 30
17 36
12 30
43 47
13 35
18 22
13 36
15 47
0 19
10 17
0 28
10 34
4 39
18 27
