50 200 258.58847615468096 sparse
0 991 43
1 657 55
2 974 14
3 825 961
4 840 410
5 289 900
6 824 409
7 73 947
8 347 220
9 902 576
10 432 760
11 772 972
12 872 269
13 163 855
14 201 45
15 718 570
16 121 818
17 254 889
18 492 335
19 912 982
20 35 499
21 742 942
22 484 518
23 813 142
24 69 822
25 441 615
26 550 83
27 542 633
28 385 128
29 805 279
30 730 144
31 740 172
32 531 986
33 468 551
34 897 779
35 892 526
36 39 777
37 601 611
38 126 709
39 74 22
40 419 621
41 636 549
42 674 522
43 116 910
44 693 73
45 226 50
46 334 423
47 690 645
48 623 405
49 773 740
4 6
25 40
14 45
30 31
0 2
22 33
5 17
1 44
11 21
41 42
9 35
16 24
24 36
3 11
13 16
7 43
27 37
15 42
12 29
25 33
37 41
13 43
23 31
15 47
30 44
23 30
15 41
3 21
33 40
3 19
16 36
16 43
37 47
13 17
8 28
13 24
24 43
25 27
22 25
16 38
31 44
41 47
36 38
27 33
1 26
1 30
37 42
22 40
27 40
15 37
42 47
7 24
29 31
27 41
47 49
24 38
4 35
42 48
7 13
22 27
14 39
34 49
6 29
5 13
6 35
4 29
23 29
7 16
23 44
17 43
10 40
12 23
11 19
26 44
1 31
4 12
41 48
10 25
33 37
13 36
6 12
27 47
18 48
22 37
13 38
16 17
36 43
29 30
39 45
22 41
25 37
12 31
33 41
10 27
26 28
27 42
5 43
7 36
19 21
28 45
4 9
22 46
1 23
15 49
22 48
15 35
18 46
37 40
18 22
9 15
6 9
8 18
33 46
15 27
5 16
6 42
12 30
22 42
26 30
7 17
15 48
6 15
3 34
17 24
5 10
4 42
6 48
4 15
38 43
14 28
9 34
8 46
19 34
0 23
21 49
2 23
25 41
37 48
33 42
9 49
8 45
26 31
10 33
33 48
37 49
40 46
21 32
4 48
18 33
35 42
25 46
10 17
17 38
5 7
29 48
9 47
21 34
10 37
3 49
8 14
40 41
20 38
11 34
11 49
18 28
5 24
9 42
6 41
35 47
29 44
41 49
42 49
15 22
33 47
11 32
27 48
22 47
17 36
7 38
35 49
8 26
34 47
10 32
4 41
10 22
47 48
15 33
25 47
25 42
5 38
6 31
34 35
27 49
0 12
5 32
35 41
12 35
18 41
4 31
18 26
