50 295 286.8449058289165 sparse
0 714 415
1 873 387
2 312 490
3 512 120
4 892 311
5 372 245
6 237 948
7 593 522
8 464 709
9 389 238
10 692 476
11 700 188
12 590 951
13 695 292
14 474 309
15 325 949
16 553 518
17 365 212
18 265 270
19 268 27
20 515 481
21 502 868
22 925 937
23 322 298
24 430 14
25 201 226
26 558 849
27 387 446
28 348 154
29 717 275
30 221 219
31 241 887
32 497 976
33 495 501
34 943 126
35 420 334
36 112 454
37 34 97
38 221 595
39 11 768
40 461 25
41 839 218
42 210 404
43 517 710
44 127 867
45 381 81
46 254 214
47 968 381
48 479 980
49 990 667
5 9
32 48
25 30
13 29
20 33
24 40
30 46
5 17
9 17
7 16
8 43
16 20
25 46
18 46
21 26
14 35
17 28
16 33
6 31
18 23
0 10
18 30
5 23
18 25
1 4
28 45
24 45
2 27
6 15
7 20
11 29
9 23
9 28
5 28
1 47
17 23
12 32
40 45
7 33
9 35
5 35
4 47
11 13
15 31
23 35
12 26
4 41
3 40
23 46
21 32
7 10
5 18
36 42
9 14
17 46
28 46
21 48
12 48
17 18
31 44
27 35
5 14
12 21
27 33
5 46
0 13
19 45
9 18
23 30
17 45
20 27
2 42
17 35
3 24
29 41
6 44
3 45
9 46
34 41
2 38
0 29
23 25
26 32
11 41
18 28
28 30
17 30
18 42
26 43
10 16
14 17
23 28
19 28
14 23
39 44
26 48
5 30
23 42
15 48
9 45
21 43
0 1
0 7
23 27
13 41
24 28
14 27
19 24
8 21
25 28
5 45
17 25
3 28
18 35
8 26
9 30
3 9
28 40
5 25
1 41
3 17
15 32
20 35
14 20
10 20
36 38
25 42
4 29
16 27
27 42
33 35
2 33
45 46
10 13
30 42
19 46
3 5
9 25
2 35
0 16
38 42
4 34
1 29
2 23
3 14
19 40
14 33
28 35
15 21
42 46
16 43
19 30
4 13
10 33
14 28
3 11
5 27
1 10
1 13
10 29
7 43
2 20
2 36
35 46
0 4
41 47
9 27
17 24
17 19
0 20
19 25
33 43
17 40
8 33
8 16
25 37
30 45
14 18
18 27
15 44
7 27
35 42
13 14
18 45
27 38
30 37
14 16
9 40
23 45
2 18
5 42
16 35
7 8
0 11
9 24
4 11
20 43
30 35
25 45
3 35
0 41
8 20
17 27
0 33
5 40
5 24
18 36
14 46
5 19
2 16
2 14
18 19
9 19
7 14
6 48
9 42
25 35
19 37
25 36
14 29
14 45
17 42
37 46
11 34
3 13
7 13
12 43
2 5
15 26
7 35
31 48
35 45
34 47
0 47
11 14
3 29
31 39
30 36
4 10
3 23
13 20
3 19
6 32
23 36
21 31
0 14
2 9
1 11
12 15
20 23
24 46
2 8
23 33
32 43
13 16
27 46
8 38
14 30
8 32
1 34
29 34
31 32
8 48
38 39
29 47
43 48
8 12
9 20
8 27
3 46
10 14
27 36
5 20
19 23
7 29
6 21
8 15
22 49
13 35
36 46
40 46
14 42
27 30
2 46
2 7
2 17
9 33
5 33
14 40
8 31
14 25
28 42
2 30
2 25
47 49
