50 200 242.40668307618913 sparse
0 442 274
1 661 379
2 392 715
3 424 280
4 618 361
5 677 166
6 590 281
7 223 233
8 532 990
9 827 597
10 945 9
11 258 301
12 253 920
13 591 559
14 745 406
15 928 905
16 855 436
17 216 451
18 584 212
19 216 758
20 979 620
21 937 898
22 425 845
23 570 619
24 281 799
25 397 845
26 953 223
27 397 41
28 111 795
29 435 383
30 975 618
31 950 595
32 755 846
33 368 686
34 320 173
35 605 977
36 139 678
37 105 563
38 317 833
39 713 8
40 323 642
41 418 89
42 598 846
43 469 53
44 906 522
45 683 562
46 663 561
47 400 832
48 569 161
49 470 107
20 30
15 21
25 47
0 3
45 46
22 25
22 47
30 31
2 33
20 31
1 4
24 38
27 41
18 48
43 49
41 49
41 43
33 40
13 23
6 18
13 46
27 43
8 35
7 11
19 24
25 38
38 47
4 6
31 44
1 14
13 45
27 49
16 44
2 40
3 29
5 18
12 38
5 48
22 38
9 44
0 29
23 46
19 36
19 28
48 49
14 16
7 34
2 47
30 44
36 37
28 36
1 6
6 48
20 44
9 31
24 47
12 24
24 25
19 38
23 45
34 41
2 25
35 42
2 22
4 14
2 24
2 38
11 34
24 33
5 6
43 48
0 6
9 45
3 34
33 47
9 30
22 24
27 34
4 18
9 20
0 18
18 49
33 38
11 17
32 42
17 37
19 40
0 34
8 42
25 33
5 39
12 25
24 40
9 16
34 49
3 6
12 19
41 48
3 11
14 45
9 46
19 33
22 33
0 49
0 48
24 28
12 47
22 42
3 18
14 46
3 49
8 22
2 19
1 46
15 32
1 18
4 29
1 45
16 31
6 29
0 11
0 41
24 36
36 40
3 48
12 22
12 28
21 32
38 40
3 41
34 43
1 13
11 29
18 43
0 4
8 25
19 47
14 44
42 47
6 14
32 35
4 13
19 25
25 42
1 16
2 23
4 5
4 46
40 47
8 47
4 48
3 7
18 41
9 14
28 38
27 48
39 48
3 4
4 45
6 49
23 33
16 45
1 5
10 26
5 49
25 40
13 14
16 30
7 17
17 40
16 20
0 43
0 7
22 35
19 37
1 29
19 22
44 45
18 29
22 40
23 42
16 46
33 36
17 29
3 43
37 40
10 39
28 37
16 26
13 29
36 38
1 48
5 43
0 27
9 13
29 34
17 36
3 27
18 39
7 41
