50 200 290.5942188000305 sparse
0 554 955
1 584 348
2 147 706
3 870 901
4 51 47
5 161 101
6 24 14
7 860 19
8 107 613
9 297 405
10 950 43
11 993 772
12 666 574
13 207 977
14 511 580
15 854 352
16 135 202
17 580 150
18 134 378
19 676 842
20 218 34
21 210 407
22 314 627
23 381 35
24 828 336
25 91 990
26 32 897
27 106 838
28 592 826
29 626 142
30 343 183
31 957 801
32 620 941
33 217 970
34 292 351
35 875 321
36 651 91
37 803 844
38 768 74
39 508 652
40 343 208
41 128 700
42 814 298
43 668 630
44 695 755
45 158 584
46 957 909
47 923 462
48 483 993
49 107 176
13 33
2 41
30 40
15 24
15 35
16 49
24 42
4 6
11 31
17 29
24 35
9 34
12 43
29 36
8 45
35 42
15 42
0 32
14 39
0 48
18 21
19 28
9 21
3 46
5 20
3 37
19 44
8 41
17 36
5 49
7 10
26 27
21 34
2 8
5 16
7 38
31 46
25 26
19 32
13 25
36 38
28 32
41 45
2 45
4 5
28 44
19 37
25 33
43 44
15 47
3 31
0 28
2 27
27 41
37 44
4 49
11 46
32 48
35 47
34 40
25 27
23 30
12 14
29 38
24 47
31 37
18 34
39 43
22 45
5 6
20 23
14 43
9 18
0 19
37 46
4 20
13 27
27 33
30 34
16 18
12 39
4 16
23 40
3 11
20 49
6 49
12 44
21 45
10 38
2 22
16 20
13 26
28 39
20 30
6 20
22 39
42 47
1 17
26 33
28 48
5 30
22 41
32 44
9 40
14 22
3 19
17 38
11 37
18 49
32 37
18 45
8 22
16 40
16 30
28 43
1 29
5 40
28 37
19 43
39 44
20 40
16 34
16 21
6 16
26 41
7 36
9 22
2 26
8 27
9 45
9 30
3 44
38 42
5 23
17 23
8 21
1 42
30 49
8 18
40 49
17 30
21 40
1 12
1 14
21 22
17 40
1 24
29 42
0 44
19 48
21 49
37 43
3 32
19 39
14 44
34 49
14 28
27 45
9 16
21 30
12 28
36 42
7 29
1 36
31 44
33 48
23 29
12 19
24 38
34 45
35 38
18 40
1 15
0 37
2 33
23 36
9 14
13 48
22 34
17 42
2 13
5 18
1 40
24 29
12 47
8 9
5 34
7 42
19 31
33 41
18 30
29 30
12 24
3 28
10 35
13 41
19 46
10 42
2 25
29 40
