50 223 263.60007587252323 sparse
0 990 228
1 937 619
2 455 195
3 399 549
4 585 321
5 537 55
6 645 456
7 906 368
8 618 927
9 468 726
10 522 949
11 423 266
12 812 819
13 576 98
14 55 860
15 610 182
16 642 119
17 435 285
18 821 957
19 622 367
20 665 479
21 439 161
22 690 144
23 928 774
24 350 501
25 22 522
26 747 816
27 411 671
28 564 779
29 777 151
30 264 354
31 812 882
32 166 86
33 840 45
34 55 511
35 560 126
36 921 33
37 931 564
38 524 266
39 880 816
40 119 463
41 363 755
42 822 231
43 435 619
44 91 638
45 922 660
46 243 966
47 489 404
48 324 297
49 613 502
11 17
6 20
13 35
25 34
2 21
1 45
16 22
1 37
6 49
20 49
27 43
5 13
4 19
12 31
23 39
12 26
12 39
3 24
13 16
15 16
5 35
15 35
18 31
2 11
3 43
9 27
34 40
33 36
4 38
16 35
30 48
22 29
15 22
13 15
17 38
29 42
6 19
2 17
26 31
31 39
37 45
27 41
8 10
2 38
11 38
11 48
11 21
9 41
9 28
17 48
9 43
25 40
23 45
19 20
15 38
3 27
13 22
5 16
29 33
17 21
12 23
2 35
21 35
4 47
17 47
22 35
34 44
26 39
25 44
21 38
19 49
19 47
12 18
16 29
19 38
4 15
38 47
5 21
35 38
24 43
5 15
4 6
13 21
18 39
11 47
41 43
4 17
2 13
1 23
2 15
8 28
47 49
22 42
23 31
18 26
7 42
39 45
2 5
0 7
6 47
2 48
0 42
24 47
15 29
8 26
24 30
3 47
4 11
15 21
10 28
13 38
5 22
4 20
40 44
21 48
22 33
24 27
2 4
30 40
11 30
4 49
17 30
15 19
23 26
29 36
26 28
33 42
27 28
16 38
3 9
20 47
12 45
11 35
4 35
47 48
7 37
8 31
2 16
17 35
38 48
28 41
15 17
17 19
11 15
1 39
8 18
28 43
24 48
4 22
22 38
0 36
16 21
13 29
3 41
4 16
23 37
16 33
5 38
2 47
18 23
16 42
43 49
14 46
4 21
15 42
29 35
3 49
36 42
43 47
8 12
11 19
4 13
14 44
6 38
0 29
11 13
9 10
30 47
17 24
19 22
24 40
13 17
26 45
1 12
0 33
3 30
2 19
5 11
2 22
19 42
41 46
11 24
31 45
21 47
2 30
16 19
19 35
8 9
10 41
12 28
21 22
5 17
38 49
7 29
15 47
1 7
4 42
9 24
24 41
20 38
22 36
4 29
37 39
5 29
21 30
10 26
30 34
4 48
3 48
3 6
24 49
27 49
32 48
