1000 7457 71.06335201775947 medium
0 179 701
1 244 588
2 348 222
3 114 695
4 477 640
5 617 970
6 997 123
7 303 411
8 546 218
9 232 830
10 555 168
11 414 106
12 841 660
13 343 11
14 850 76
15 73 852
16 849 19
17 7 83
18 207 96
19 841 305
20 848 26
21 354 183
22 394 430
23 541 397
24 590 520
25 6 384
26 463 281
27 812 884
28 676 883
29 226 962
30 39 61
31 702 104
32 766 536
33 540 562
34 664 322
35 386 777
36 855 487
37 930 726
38 517 324
39 221 730
40 227 847
41 862 711
42 211 469
43 811 156
44 786 796
45 217 930
46 16 797
47 46 371
48 29 302
49 475 663
50 20 867
51 828 847
52 57 238
53 290 85
54 334 416
55 740 491
56 939 249
57 649 586
58 738 494
59 468 78
60 859 822
61 313 833
62 608 807
63 926 697
64 989 893
65 795 592
66 994 943
67 246 144
68 956 915
69 703 48
70 73 335
71 718 153
72 537 927
73 560 405
74 377 489
75 47 719
76 576 618
77 215 804
78 859 401
79 920 786
80 720 844
81 832 475
82 642 193
83 374 648
84 910 981
85 669 766
86 916 478
87 79 992
88 461 69
89 86 752
90 816 572
91 272 813
92 53 770
93 366 397
94 448 513
95 238 288
96 56 967
97 361 743
98 607 310
99 626 305
100 605 130
101 386 200
102 681 830
103 203 820
104 74 915
105 704 572
106 266 530
107 750 163
108 929 645
109 231 303
110 514 538
111 135 36
112 866 676
113 757 376
114 462 949
115 603 945
116 285 45
117 595 532
118 453 99
119 674 393
120 683 132
121 967 795
122 650 264
123 26 974
124 156 831
125 721 334
126 969 632
127 119 628
128 53 161
129 530 333
130 791 882
131 1 264
132 335 786
133 549 876
134 671 348
135 518 867
136 910 37
137 362 619
138 387 201
139 256 700
140 963 84
141 862 428
142 343 15
143 371 677
144 322 537
145 898 469
146 367 953
147 145 42
148 428 682
149 7 468
150 784 169
151 920 838
152 58 636
153 694 248
154 934 885
155 101 151
156 704 21
157 758 974
158 318 873
159 791 400
160 121 414
161 435 199
162 722 307
163 415 951
164 432 99
165 530 564
166 0 796
167 760 470
168 229 42
169 239 318
170 294 247
171 971 819
172 985 944
173 333 130
174 593 67
175 596 68
176 971 698
177 261 153
178 423 202
179 540 455
180 533 705
181 175 259
182 711 8
183 182 607
184 210 308
185 237 434
186 579 684
187 933 111
188 251 383
189 460 676
190 943 984
191 24 751
192 400 729
193 554 835
194 345 546
195 929 247
196 562 394
197 654 108
198 576 826
199 341 688
200 88 294
201 937 946
202 424 612
203 676 816
204 860 933
205 185 195
206 123 433
207 904 388
208 328 488
209 773 496
210 793 109
211 765 96
212 974 724
213 424 19
214 991 131
215 914 545
216 862 279
217 178 615
218 324 499
219 456 192
220 945 812
221 221 930
222 718 106
223 603 463
224 326 831
225 928 428
226 481 438
227 192 759
228 678 716
229 799 925
230 255 939
231 779 322
232 652 857
233 667 237
234 836 662
235 505 203
236 846 143
237 249 643
238 625 340
239 271 134
240 431 533
241 572 268
242 708 441
243 285 399
244 20 829
245 283 514
246 243 298
247 494 359
248 774 221
249 27 513
250 250 465
251 429 201
252 445 227
253 262 6
254 509 178
255 936 750
256 193 91
257 280 182
258 24 78
259 344 119
260 396 813
261 464 824
262 230 449
263 579 619
264 794 910
265 22 578
266 908 351
267 106 760
268 853 412
269 241 889
270 837 796
271 876 550
272 585 803
273 895 732
274 176 865
275 368 86
276 256 44
277 118 72
278 246 996
279 107 164
280 521 821
281 521 26
282 762 110
283 957 547
284 240 284
285 966 235
286 734 635
287 191 75
288 940 975
289 319 41
290 656 830
291 826 749
292 760 798
293 729 29
294 269 336
295 161 758
296 801 112
297 252 787
298 492 510
299 536 982
300 941 419
301 73 344
302 624 632
303 287 914
304 438 553
305 484 416
306 594 103
307 490 901
308 522 904
309 989 904
310 548 364
311 364 687
312 139 818
313 630 483
314 636 123
315 928 849
316 619 498
317 640 767
318 478 611
319 252 604
320 196 425
321 635 83
322 241 102
323 25 84
324 413 853
325 609 276
326 196 709
327 276 816
328 28 630
329 475 234
330 937 69
331 845 308
332 513 525
333 207 880
334 715 580
335 396 883
336 711 352
337 497 344
338 251 673
339 864 638
340 553 793
341 919 72
342 782 160
343 234 0
344 233 905
345 165 261
346 953 768
347 501 816
348 42 949
349 954 959
350 183 941
351 81 866
352 665 136
353 126 710
354 68 155
355 669 808
356 819 481
357 3 543
358 839 706
359 503 831
360 206 626
361 90 251
362 8 714
363 681 681
364 28 711
365 501 494
366 126 367
367 299 857
368 572 32
369 409 250
370 671 716
371 266 941
372 259 174
373 170 846
374 965 713
375 321 166
376 850 190
377 546 595
378 328 859
379 696 701
380 233 583
381 811 204
382 758 913
383 550 853
384 383 85
385 992 541
386 890 378
387 884 222
388 907 234
389 477 284
390 369 619
391 64 542
392 910 265
393 43 144
394 679 62
395 54 146
396 864 398
397 619 520
398 748 79
399 606 371
400 245 108
401 726 637
402 970 637
403 938 783
404 589 862
405 565 540
406 132 566
407 661 808
408 115 3
409 98 372
410 992 567
411 916 834
412 27 325
413 472 897
414 330 223
415 522 830
416 677 428
417 187 414
418 895 611
419 21 31
420 181 750
421 927 774
422 382 441
423 405 888
424 875 326
425 98 697
426 203 593
427 928 962
428 27 133
429 128 296
430 12 217
431 924 959
432 471 335
433 800 140
434 459 947
435 537 84
436 663 775
437 276 796
438 387 734
439 444 712
440 521 688
441 627 372
442 566 574
443 774 83
444 243 776
445 669 805
446 487 945
447 955 136
448 808 712
449 367 671
450 721 529
451 124 743
452 489 956
453 23 8
454 882 177
455 498 535
456 921 187
457 124 917
458 984 199
459 18 443
460 102 994
461 334 618
462 921 983
463 951 393
464 995 569
465 861 128
466 621 119
467 153 822
468 348 298
469 51 11
470 89 314
471 221 846
472 41 19
473 503 274
474 259 475
475 784 154
476 193 611
477 90 462
478 966 63
479 828 447
480 470 556
481 209 950
482 133 850
483 968 158
484 509 44
485 449 893
486 780 824
487 763 402
488 132 804
489 776 958
490 516 34
491 740 404
492 725 95
493 692 643
494 422 958
495 793 146
496 886 847
497 794 71
498 207 560
499 790 537
500 20 625
501 738 167
502 722 160
503 234 322
504 116 720
505 244 272
506 390 912
507 798 679
508 826 181
509 324 446
510 85 792
511 897 185
512 461 624
513 601 763
514 717 580
515 287 367
516 682 472
517 499 616
518 162 638
519 377 658
520 46 558
521 534 368
522 90 184
523 127 6
524 322 283
525 156 108
526 815 973
527 264 908
528 310 68
529 703 651
530 166 664
531 477 413
532 298 808
533 755 213
534 558 523
535 614 379
536 948 163
537 258 246
538 637 429
539 574 486
540 179 207
541 593 894
542 45 879
543 266 881
544 184 172
545 778 889
546 407 76
547 805 370
548 906 547
549 108 871
550 477 410
551 11 508
552 827 912
553 778 196
554 867 640
555 774 849
556 179 538
557 370 910
558 721 796
559 532 982
560 556 153
561 961 419
562 795 84
563 405 210
564 187 555
565 396 376
566 472 568
567 388 521
568 759 667
569 928 474
570 101 600
571 72 317
572 727 330
573 72 381
574 793 18
575 151 778
576 182 735
577 637 504
578 970 500
579 149 824
580 645 107
581 236 931
582 629 50
583 858 652
584 567 772
585 759 75
586 899 676
587 107 799
588 328 77
589 132 853
590 23 398
591 749 518
592 676 559
593 245 625
594 540 611
595 303 134
596 432 794
597 432 956
598 658 669
599 975 919
600 7 889
601 319 609
602 465 851
603 98 664
604 433 677
605 118 936
606 494 212
607 756 358
608 984 417
609 849 388
610 926 158
611 898 98
612 831 241
613 917 859
614 617 803
615 842 309
616 901 307
617 575 999
618 555 935
619 239 360
620 972 670
621 842 710
622 418 169
623 548 421
624 137 534
625 734 20
626 776 873
627 164 849
628 482 598
629 653 277
630 274 773
631 651 515
632 276 488
633 522 761
634 483 355
635 270 910
636 744 225
637 293 450
638 26 71
639 718 453
640 319 836
641 472 620
642 752 805
643 726 506
644 862 653
645 46 204
646 592 538
647 614 472
648 361 748
649 789 33
650 551 837
651 682 272
652 352 613
653 796 785
654 240 682
655 981 907
656 789 155
657 586 206
658 230 523
659 653 513
660 710 260
661 67 133
662 324 90
663 720 508
664 142 887
665 365 435
666 950 619
667 656 209
668 951 788
669 359 438
670 633 21
671 127 266
672 115 470
673 758 711
674 163 785
675 455 683
676 240 387
677 974 47
678 774 442
679 514 565
680 552 429
681 166 999
682 57 909
683 183 441
684 232 529
685 192 381
686 73 349
687 94 316
688 484 91
689 510 97
690 413 710
691 621 823
692 666 320
693 981 823
694 460 783
695 602 355
696 518 45
697 25 97
698 358 507
699 558 466
700 974 831
701 938 985
702 782 711
703 224 188
704 299 695
705 843 692
706 731 945
707 43 135
708 370 727
709 42 943
710 30 997
711 521 543
712 616 982
713 702 110
714 524 897
715 166 882
716 830 280
717 297 351
718 780 581
719 862 218
720 728 322
721 207 533
722 508 962
723 857 685
724 231 832
725 736 602
726 191 66
727 219 532
728 226 770
729 964 900
730 228 19
731 983 49
732 574 161
733 545 602
734 985 756
735 560 374
736 462 389
737 960 106
738 63 394
739 234 268
740 154 471
741 918 583
742 214 361
743 391 305
744 338 859
745 690 725
746 199 228
747 788 259
748 478 611
749 713 13
750 496 205
751 599 855
752 390 852
753 911 25
754 748 237
755 345 232
756 371 226
757 622 239
758 567 175
759 240 315
760 342 198
761 785 206
762 111 952
763 924 877
764 766 255
765 910 691
766 963 816
767 356 805
768 494 699
769 790 431
770 909 448
771 968 918
772 354 618
773 497 55
774 231 453
775 711 995
776 560 856
777 634 451
778 466 68
779 565 142
780 199 82
781 72 38
782 871 22
783 14 221
784 659 159
785 428 641
786 768 465
787 951 175
788 717 239
789 899 843
790 549 223
791 550 21
792 467 238
793 931 492
794 466 991
795 510 875
796 184 936
797 448 443
798 404 998
799 312 422
800 581 902
801 956 901
802 700 131
803 778 854
804 451 215
805 443 791
806 68 918
807 848 915
808 328 231
809 2 10
810 959 715
811 293 203
812 590 780
813 58 277
814 981 433
815 314 882
816 916 822
817 567 41
818 57 413
819 800 601
820 472 536
821 308 60
822 634 330
823 210 374
824 945 635
825 963 981
826 495 300
827 271 807
828 855 787
829 997 547
830 708 227
831 266 19
832 117 186
833 897 894
834 614 694
835 25 813
836 633 925
837 421 454
838 946 798
839 989 77
840 819 567
841 734 818
842 175 580
843 782 733
844 775 185
845 770 494
846 300 738
847 287 613
848 790 680
849 769 662
850 707 873
851 511 11
852 332 510
853 476 751
854 556 223
855 271 375
856 5 75
857 787 582
858 340 498
859 356 648
860 247 975
861 108 581
862 548 859
863 425 143
864 589 712
865 251 893
866 889 470
867 705 451
868 255 915
869 217 853
870 699 420
871 102 831
872 260 589
873 523 799
874 426 801
875 306 457
876 366 504
877 385 133
878 381 523
879 973 719
880 95 781
881 982 535
882 28 502
883 878 278
884 6 931
885 597 172
886 42 558
887 719 966
888 332 851
889 458 745
890 716 323
891 319 466
892 521 818
893 582 111
894 944 910
895 408 613
896 868 437
897 96 624
898 903 682
899 705 94
900 114 624
901 755 619
902 402 134
903 439 2
904 762 907
905 506 386
906 840 460
907 115 609
908 911 479
909 889 570
910 438 73
911 421 649
912 684 258
913 428 52
914 91 281
915 997 668
916 989 155
917 36 574
918 344 210
919 388 291
920 218 305
921 735 602
922 451 85
923 103 978
924 615 888
925 738 777
926 510 397
927 899 272
928 707 378
929 358 748
930 490 862
931 531 771
932 612 397
933 850 363
934 390 233
935 433 130
936 569 732
937 660 465
938 563 0
939 243 482
940 907 867
941 256 258
942 689 312
943 87 819
944 168 293
945 285 348
946 734 300
947 151 39
948 42 493
949 635 613
950 600 45
951 95 4
952 499 120
953 180 330
954 243 528
955 901 794
956 824 400
957 998 526
958 37 453
959 100 22
960 507 644
961 14 782
962 716 294
963 174 265
964 234 822
965 435 360
966 369 135
967 848 821
968 346 142
969 665 672
970 895 349
971 882 569
972 982 226
973 249 638
974 425 740
975 860 335
976 274 95
977 108 364
978 335 209
979 674 914
980 71 371
981 643 168
982 505 997
983 6 600
984 272 255
985 891 62
986 687 983
987 936 892
988 118 81
989 806 453
990 605 140
991 860 541
992 449 732
993 353 150
994 154 574
995 730 982
996 403 898
997 293 348
998 315 847
999 759 307
318 748
725 921
101 138
334 514
9 724
631 659
34 692
355 445
531 550
280 892
648 929
174 175
76 263
482 589
331 615
169 759
55 58
114 434
410 464
339 554
193 650
209 845
13 142
45 221
299 559
520 886
19 615
583 644
262 774
95 284
467 579
430 783
91 327
19 331
427 431
358 621
97 648
301 686
237 973
717 997
126 402
475 656
190 701
88 778
350 796
212 879
86 908
12 234
470 687
182 749
652 772
151 411
78 396
8 790
90 840
97 929
348 709
31 713
178 251
258 323
40 471
91 827
181 963
161 251
342 475
527 635
643 663
658 684
374 810
383 862
169 503
555 803
127 900
373 627
61 640
117 646
665 669
104 806
147 947
228 370
137 390
790 854
16 20
148 604
377 733
599 771
718 857
909 971
322 400
143 449
125 572
586 898
382 904
258 638
308 714
606 750
567 878
154 987
305 531
598 969
385 829
355 407
945 997
71 502
572 720
137 772
729 801
507 848
471 869
286 401
215 548
414 808
528 821
17 856
9 964
210 296
407 445
309 655
171 766
698 876
184 920
224 640
342 656
189 675
110 711
183 217
623 680
329 792
378 888
70 301
393 707
287 726
277 988
66 172
280 415
197 580
484 696
145 866
918 978
150 342
433 495
305 550
677 731
235 750
503 759
596 874
281 490
328 500
167 786
190 288
124 467
62 614
495 656
158 815
345 963
163 494
124 579
6 214
378 744
374 879
744 888
100 990
573 980
33 165
56 195
181 345
494 597
288 701
59 778
423 996
335 423
293 625
594 733
368 817
65 819
327 827
83 519
2 755
383 776
242 867
31 899
724 964
203 355
292 642
693 700
287 780
785 911
968 993
171 693
505 739
269 865
85 436
318 641
641 748
256 780
141 896
64 309
249 882
684 954
60 967
73 196
95 246
230 371
393 395
446 452
84 462
490 696
668 838
568 849
8 854
399 535
135 795
59 88
596 805
553 844
527 868
765 898
111 147
312 579
137 652
40 869
385 881
208 218
183 476
398 585
247 634
512 641
188 676
905 926
640 998
411 816
475 495
5 712
721 727
156 749
136 753
720 890
415 892
1 380
437 827
125 890
480 566
760 918
537 941
143 311
484 490
404 751
553 761
161 178
408 523
171 700
68 771
536 787
776 862
717 945
78 268
107 501
284 505
86 569
636 754
2 918
112 723
469 472
154 763
65 857
613 940
409 977
24 117
109 246
323 697
68 894
110 332
203 445
222 492
497 562
323 638
572 890
392 927
760 978
61 224
639 867
109 920
266 970
122 629
684 727
200 914
205 540
599 655
252 804
250 474
238 822
633 931
151 315
105 334
493 529
318 628
588 662
628 748
496 789
742 823
253 831
218 852
593 973
79 421
575 674
125 720
10 758
162 946
192 438
554 644
403 668
658 954
70 686
68 801
220 838
353 504
153 912
651 912
118 922
61 998
212 374
320 417
227 420
403 421
297 444
235 606
223 647
338 654
658 727
560 779
7 799
682 806
155 279
211 282
246 284
81 356
26 389
743 919
162 962
541 800
852 858
306 893
312 467
310 521
358 705
810 879
265 917
156 182
441 535
130 545
637 875
102 203
18 256
315 613
44 653
150 656
510 880
414 978
150 475
554 583
228 745
109 759
788 830
801 894
275 384
128 395
10 560
420 576
221 581
390 772
900 907
347 359
339 644
46 961
339 583
105 514
863 935
247 337
314 466
217 476
574 649
40 724
173 259
395 707
242 639
310 735
208 858
312 488
705 723
732 758
38 129
229 264
225 300
211 443
573 738
635 868
875 891
889 992
46 166
383 650
165 679
218 858
1 872
216 883
202 895
460 923
31 222
256 287
15 351
3 425
545 626
64 655
428 707
18 780
877 966
128 354
176 374
162 720
385 957
22 422
311 449
110 455
533 636
484 773
608 814
713 899
111 947
941 984
449 519
78 609
30 638
145 908
399 695
222 713
151 816
95 109
185 262
335 996
354 395
570 907
882 948
537 984
249 551
666 824
244 835
58 643
109 169
203 407
454 511
443 585
68 729
403 838
319 872
81 906
655 771
120 802
755 808
133 862
877 902
95 505
377 594
284 739
63 765
162 890
886 917
462 701
158 378
207 386
471 724
470 571
246 759
91 437
501 502
303 635
121 668
605 762
474 939
888 998
67 177
461 601
130 626
414 755
212 810
424 975
288 427
222 899
479 906
910 922
173 968
378 998
9 40
17 258
163 597
569 908
268 396
342 495
577 631
337 634
1 319
269 344
478 677
726 780
515 855
83 859
897 900
17 323
2 414
332 455
70 571
113 607
396 609
390 652
422 665
104 682
621 705
444 728
281 851
551 882
24 646
535 932
330 341
79 403
569 793
366 977
141 268
298 365
201 427
314 580
577 659
97 708
46 835
150 844
881 957
363 969
285 972
784 981
271 991
201 431
405 534
395 661
438 708
655 729
59 922
250 939
2 978
120 352
193 383
307 413
237 593
220 766
729 771
505 941
313 316
433 656
65 718
248 761
586 765
700 766
74 876
461 652
951 959
0 326
556 564
12 583
694 805
515 717
108 824
520 917
88 922
53 976
367 998
316 577
853 889
946 962
359 415
45 581
258 697
160 206
626 803
873 892
414 918
515 945
506 996
3 353
315 411
21 760
543 865
829 881
871 943
763 987
109 503
281 696
411 789
258 856
11 164
613 763
693 766
685 823
393 428
43 433
100 466
9 471
68 599
313 647
678 769
127 907
887 995
224 998
98 99
178 563
72 618
124 627
332 711
560 732
894 987
128 393
274 715
805 874
763 940
166 961
49 189
360 476
527 865
640 888
274 373
143 519
457 605
452 722
343 730
185 774
738 818
271 971
515 997
77 103
327 437
300 561
73 623
274 627
153 660
461 772
294 945
200 470
41 621
492 899
408 951
506 557
346 668
196 735
480 820
347 892
86 145
138 563
528 588
270 828
698 858
362 364
190 825
10 732
513 812
570 861
756 934
169 246
614 691
95 739
124 373
309 599
55 643
86 793
125 336
280 359
426 476
43 495
23 73
280 347
75 364
288 462
248 533
483 536
498 564
230 581
4 641
320 683
59 688
62 691
410 829
509 891
79 955
439 992
180 440
29 481
771 801
176 810
224 888
118 164
109 284
399 441
443 562
450 663
370 745
650 776
732 779
278 860
829 957
27 130
177 372
453 472
179 699
713 802
453 809
509 875
176 879
240 304
23 196
346 403
236 465
140 478
151 613
552 807
121 838
483 916
288 349
433 475
82 667
121 766
638 856
124 312
201 349
318 512
474 632
512 748
177 239
101 563
459 958
89 267
295 420
45 481
188 855
109 184
318 517
517 748
151 789
7 243
281 484
204 807
344 865
587 880
211 585
193 776
883 927
842 994
2 808
323 856
801 987
966 993
599 729
289 821
302 949
316 397
702 843
190 462
25 590
43 656
354 661
571 687
478 731
755 918
464 829
280 873
686 980
161 219
427 462
313 577
319 593
12 644
625 749
660 788
226 305
140 737
538 777
16 782
642 841
650 862
359 892
295 575
387 719
747 764
208 852
865 868
729 894
257 372
17 638
250 774
290 407
536 610
288 431
4 512
293 749
161 804
30 258
213 903
778 922
96 348
58 663
604 675
200 687
17 697
54 799
541 924
720 946
479 989
133 776
648 708
165 711
242 870
199 311
133 383
205 544
126 666
192 690
168 730
324 752
819 857
775 995
4 49
48 412
419 453
87 460
487 491
510 587
561 608
437 630
679 711
516 937
174 950
106 954
259 968
808 978
422 669
696 773
761 844
519 859
910 913
419 472
221 481
443 497
432 634
106 245
62 272
413 485
112 644
123 710
2 756
20 782
127 897
88 910
503 920
175 950
327 532
416 870
170 984
406 994
197 314
228 379
41 358
162 572
450 643
219 804
272 812
490 851
164 922
145 770
267 880
193 198
303 527
352 784
678 786
288 825
349 825
208 891
866 908
793 908
271 909
795 930
673 702
230 868
32 499
211 398
83 449
483 787
966 968
157 489
456 511
391 520
397 577
555 626
139 654
661 707
613 789
389 826
545 904
214 916
234 583
628 641
279 832
344 868
759 920
739 941
431 462
126 824
706 887
708 929
876 878
897 907
408 959
121 171
268 609
727 954
317 436
451 504
455 711
584 812
692 942
738 980
203 290
71 501
158 744
561 814
664 715
570 897
560 758
368 791
252 792
144 194
198 272
31 492
150 495
378 640
153 788
257 811
29 860
863 902
169 920
791 938
37 255
220 668
379 745
2 760
193 862
255 346
267 451
32 591
517 628
766 838
158 367
581 868
102 290
363 379
23 623
533 754
249 948
47 980
231 999
411 613
619 742
609 933
82 981
102 355
437 532
3 504
210 562
427 701
658 721
256 726
402 824
620 915
755 978
347 415
183 426
340 584
309 771
153 830
724 869
112 583
73 680
771 894
789 940
974 992
235 254
114 446
226 531
248 553
684 721
309 729
701 825
754 764
488 587
449 859
635 865
732 885
725 901
558 925
369 934
689 952
290 355
195 388
447 483
50 600
558 841
250 262
539 699
42 774
255 421
297 437
246 503
376 508
384 546
251 563
298 455
486 555
655 801
59 118
298 332
550 736
36 81
387 388
363 598
188 619
182 625
591 643
744 998
64 729
342 844
246 920
40 964
946 999
385 410
227 576
321 580
167 845
246 505
638 697
448 702
455 820
44 292
84 431
297 630
528 662
381 761
714 795
251 804
158 888
660 912
176 212
195 392
84 427
349 427
344 581
33 679
74 698
599 801
698 852
61 888
77 964
158 998
94 240
156 293
279 522
53 528
269 543
488 579
68 655
55 663
477 672
791 817
588 821
99 822
95 920
901 921
398 443
518 530
336 928
18 287
70 470
264 545
58 591
393 661
286 901
808 918
466 990
91 532
316 647
41 723
190 427
346 421
113 487
688 689
521 735
755 756
858 876
164 910
399 932
117 397
466 580
153 651
535 695
509 799
775 986
294 997
41 705
33 711
342 433
402 666
34 134
171 220
67 239
30 323
401 529
172 599
245 632
378 815
276 831
140 839
478 839
622 863
154 894
34 942
110 679
498 721
69 156
125 162
301 571
261 602
189 604
148 675
619 676
446 722
789 816
532 827
233 912
409 980
168 276
43 475
527 543
405 646
295 674
95 759
31 802
522 832
510 943
458 972
301 980
78 141
336 572
154 801
473 826
391 886
762 923
265 983
769 989
232 290
517 641
417 683
570 900
471 964
190 349
354 393
149 459
198 650
19 716
602 930
270 967
192 974
72 308
139 338
381 508
351 549
238 695
492 713
187 737
116 821
9 869
63 898
563 934
337 432
97 438
350 481
409 573
234 644
42 262
225 770
297 827
182 293
467 488
150 553
358 723
848 849
380 872
315 940
221 344
102 445
50 542
414 760
564 842
283 881
609 956
61 367
69 394
184 503
421 668
96 709
243 855
87 923
121 220
347 873
567 876
300 463
389 473
463 561
47 573
128 707
10 779
114 452
447 536
183 842
296 433
137 461
398 492
217 518
200 571
176 620
112 705
792 804
698 878
224 378
434 446
159 487
130 264
385 464
453 469
107 502
86 866
290 445
371 868
38 337
81 479
226 550
49 675
84 701
315 763
718 819
265 886
864 936
587 943
173 993
423 506
531 736
406 861
319 380
70 687
132 767
490 773
419 809
71 802
514 921
366 409
134 692
556 721
778 910
135 930
219 251
289 528
55 591
434 597
533 553
47 738
548 909
253 343
33 442
44 486
296 562
179 680
79 838
731 839
944 963
5 115
481 796
500 983
144 852
333 869
21 918
833 940
861 907
65 90
55 167
24 397
377 442
367 640
540 746
647 777
496 940
890 962
116 276
85 317
4 318
4 748
167 209
367 378
329 606
120 713
514 725
786 845
873 931
517 960
729 987
157 995
83 143
153 233
201 288
100 306
370 379
43 508
61 532
467 627
579 627
621 723
440 768
367 815
797 837
268 896
441 932
890 942
425 504
688 778
890 946
37 63
43 342
543 635
582 670
202 785
373 467
83 390
456 610
629 651
22 665
281 791
336 890
582 950
386 970
505 537
326 576
64 599
438 648
431 701
80 841
269 868
777 937
282 443
315 816
247 905
330 478
335 506
404 776
315 789
137 859
12 112
45 344
123 348
12 723
138 756
259 966
356 906
161 252
102 407
564 721
685 742
697 856
186 864
770 866
334 921
933 975
341 985
220 403
124 482
23 521
269 527
415 650
23 735
640 744
100 893
43 150
395 428
435 689
254 750
349 431
549 589
95 169
140 330
61 378
468 524
156 625
429 671
101 756
118 910
361 914
237 338
141 396
192 708
486 803
772 859
197 352
217 360
450 591
233 667
596 694
775 887
271 548
55 845
758 885
441 695
610 787
166 835
173 595
248 636
4 960
89 880
56 285
121 346
145 569
373 579
196 623
334 725
447 737
636 788
59 910
284 920
292 925
855 945
57 949
651 660
376 719
103 724
498 727
224 744
668 766
11 902
604 911
720 962
424 970
68 987
110 165
251 252
482 579
349 701
248 754
637 891
284 941
84 288
152 328
436 445
135 714
340 873
183 360
66 599
329 804
421 838
11 935
9 103
169 184
591 663
220 816
90 857
96 123
252 329
11 546
114 597
234 705
184 759
533 761
86 770
222 802
53 821
346 838
834 864
572 946
210 211
353 425
229 552
105 592
130 803
178 804
426 842
368 950
356 989
36 906
331 975
559 982
73 735
284 759
23 926
210 282
227 295
482 627
439 675
159 769
37 810
415 873
164 935
88 118
117 405
111 523
34 822
135 862
9 77
199 449
154 613
79 668
439 690
297 728
172 771
754 788
770 908
103 964
28 979
340 931
388 392
344 527
295 576
444 630
234 723
516 867
546 910
265 520
382 545
559 722
371 635
509 637
902 935
128 661
167 678
121 693
642 925
434 452
246 739
83 137
121 403
306 466
615 716
308 795
756 918
774 939
268 956
523 959
7 54
197 321
190 431
209 786
136 985
358 448
335 752
867 870
27 264
380 426
103 471
54 509
371 581
566 628
615 975
27 552
148 690
331 716
294 717
816 955
100 314
314 352
210 433
311 519
80 850
390 859
741 909
151 940
400 976
12 339
88 688
591 845
546 913
122 233
763 833
143 199
161 563
239 595
272 614
566 820
58 845
24 405
571 686
573 686
118 688
354 707
216 716
702 848
303 868
238 441
243 515
12 705
523 951
307 308
107 342
304 480
24 534
264 904
138 934
345 944
69 293
210 443
488 575
424 616
569 770
619 823
116 831
305 926
438 929
21 978
46 244
404 541
589 627
77 724
313 777
601 847
781 959
133 135
230 527
558 642
475 844
599 894
259 993
211 562
542 682
456 787
260 874
690 974
29 221
193 415
406 624
397 631
644 723
587 871
266 386
397 646
62 812
154 940
942 962
58 167
148 189
312 482
4 517
124 589
209 591
537 739
38 826
673 843
548 971
29 581
28 850
191 961
39 326
482 549
230 635
133 714
64 771
171 838
143 859
688 952
67 372
411 496
72 714
676 823
113 491
505 984
91 297
386 396
292 486
12 554
307 795
298 820
292 841
421 955
51 967
835 961
122 651
6 916
885 990
112 586
425 603
159 956
481 581
583 723
286 921
902 966
853 992
21 993
255 403
407 436
353 451
371 527
264 552
402 620
627 715
286 725
758 779
660 830
484 851
470 914
112 234
196 310
159 547
567 698
656 844
56 392
150 433
90 819
84 190
360 426
309 801
29 45
155 354
332 365
247 432
426 498
496 613
601 652
223 777
744 815
94 820
676 855
213 913
813 914
101 934
368 938
817 950
127 570
521 905
178 252
33 405
217 426
187 447
54 669
107 844
55 209
178 622
417 685
226 797
218 891
162 942
889 974
19 216
341 611
512 628
108 666
448 843
71 107
272 340
692 822
410 881
33 377
355 436
321 582
154 729
45 796
677 839
367 888
688 922
632 939
149 958
223 313
98 822
185 250
99 325
216 331
242 416
109 505
579 589
118 778
773 778
568 848
507 849
359 930
23 310
148 911
322 976
31 120
74 567
251 622
486 642
23 680
212 734
637 799
439 974
678 989
381 553
64 801
87 96
116 528
164 546
409 686
148 439
301 470
280 650
455 679
18 726
198 776
662 821
169 284
282 398
405 442
106 684
60 270
98 325
448 621
81 989
0 576
755 760
630 827
401 901
319 973
346 734
303 371
225 561
63 586
469 781
411 940
116 289
95 503
307 714
74 878
27 545
53 662
95 184
467 482
299 722
533 844
785 895
274 333
172 349
551 948
299 982
720 999
178 219
184 246
324 335
448 507
161 622
336 720
200 813
657 854
107 150
18 322
401 493
852 876
122 912
660 962
376 454
392 883
42 939
65 840
375 968
92 191
177 257
220 700
380 498
250 632
397 659
696 851
181 944
828 967
906 989
68 309
129 337
197 466
155 522
47 686
305 736
855 997
165 377
286 529
3 603
123 709
76 733
135 383
296 495
179 623
218 698
248 764
98 238
169 294
30 419
331 424
457 664
313 937
95 941
455 480
532 640
301 687
442 733
545 803
99 238
390 461
78 956
815 998
58 209
175 306
616 927
338 973
557 996
228 363
119 416
282 585
109 739
217 842
687 914
722 982
221 230
269 333
107 475
356 479
151 496
513 584
44 642
41 112
129 521
352 580
497 585
259 662
60 828
652 859
56 388
573 818
619 855
840 857
540 544
352 802
779 893
215 909
869 964
314 990
33 110
28 232
142 289
438 690
717 855
589 664
52 361
214 483
47 590
243 799
614 812
550 926
262 939
37 273
283 385
208 698
799 875
650 892
547 956
19 975
110 298
498 556
474 774
971 991
312 589
290 691
45 350
52 645
77 728
227 728
543 868
657 885
507 702
694 853
375 993
269 635
329 750
294 759
15 871
193 280
129 310
294 515
272 584
205 746
760 808
476 842
103 869
815 888
439 889
15 943
324 423
357 551
22 669
509 669
138 178
174 306
67 400
170 537
112 554
248 844
584 931
419 469
216 615
428 697
83 772
636 830
115 836
70 980
79 220
151 220
333 344
61 744
66 771
709 806
40 103
264 382
124 488
456 536
120 784
22 837
847 872
136 341
601 772
319 847
401 921
342 553
373 715
79 816
21 101
383 415
224 532
527 581
316 631
418 741
645 783
416 867
896 906
887 986
877 993
119 928
214 447
604 785
721 954
173 966
68 201
238 399
54 665
488 674
657 758
472 781
482 871
629 912
24 316
363 370
220 411
354 522
447 610
430 645
196 680
401 725
253 730
69 749
490 791
502 802
186 834
464 881
125 946
154 315
36 356
93 565
76 594
106 658
121 700
201 894
751 924
531 926
611 985
219 252
439 604
23 905
375 595
448 848
239 400
333 471
676 742
174 817
30 856
626 904
404 924
800 924
60 496
119 870
234 339
230 860
183 518
171 668
118 935
210 495
578 881
162 999
29 230
223 539
301 573
1 593
158 640
198 751
150 761
59 773
613 816
616 883
893 990
706 995
101 178
562 585
289 588
90 718
78 896
21 375
130 555
424 615
512 785
193 892
655 894
202 911
88 913
304 566
254 606
534 646
316 659
682 709
590 818
221 868
68 154
363 529
636 764
461 859
589 871
305 905
184 953
328 983
54 93
62 198
207 266
135 308
135 415
373 482
312 587
172 655
26 826
343 831
49 960
43 236
37 374
187 611
344 635
457 762
802 899
35 260
165 442
11 384
467 589
732 990
224 367
198 383
335 557
680 699
606 792
221 796
112 898
301 409
276 730
122 757
188 243
24 539
549 664
563 756
170 808
89 92
21 138
79 346
175 582
63 810
120 197
297 327
27 626
220 693
281 773
550 905
521 926
572 962
216 927
977 980
294 503
372 703
396 933
111 959
970 975
498 842
359 873
76 377
313 659
241 325
261 347
206 672
173 375
548 741
709 884
50 244
730 831
210 497
234 554
93 665
263 733
82 784
304 820
36 866
633 873
208 875
144 218
112 339
694 889
117 534
233 651
482 664
154 833
74 858
639 870
788 912
686 977
613 987
564 994
126 620
47 301
57 592
128 428
196 521
215 741
55 786
578 957
198 404
267 510
351 542
313 631
292 653
66 655
375 760
688 773
194 852
858 891
895 911
211 497
35 648
48 813
130 904
940 987
215 271
503 619
497 649
345 671
467 674
184 284
13 289
249 357
294 619
816 838
190 201
253 276
284 503
155 661
694 874
438 974
223 316
470 686
155 832
622 902
166 244
40 333
111 408
437 444
604 690
763 894
78 386
313 397
434 494
140 677
612 719
11 863
634 905
403 955
306 990
321 466
30 697
88 773
741 971
373 589
17 30
92 510
512 517
53 588
691 751
141 906
388 927
125 942
880 943
352 981
195 285
133 308
202 512
15 542
99 629
734 879
944 953
58 450
262 474
141 479
227 674
819 840
371 860
415 862
447 916
135 359
85 445
423 752
593 872
671 914
307 930
267 587
360 593
201 701
612 716
672 740
751 776
133 795
52 813
45 230
282 296
89 451
292 558
133 650
367 744
496 816
294 855
195 927
78 933
91 964
833 987
41 273
237 319
303 543
204 552
686 687
261 805
866 896
239 976
42 250
317 513
181 746
151 763
447 787
569 866
396 896
830 912
387 511
0 530
115 712
325 757
340 812
312 871
542 600
66 309
75 362
39 576
420 674
413 930
297 964
79 255
211 296
189 439
188 515
75 191
577 647
564 727
572 999
124 274
29 278
492 585
429 687
2 21
541 751
260 752
180 768
390 895
794 982
221 350
363 493
152 500
170 941
77 444
42 683
11 118
102 232
261 359
296 443
511 610
205 703
157 706
487 769
175 817
11 877
531 905
736 965
493 969
64 68
96 710
224 767
176 915
917 983
4 189
111 277
390 519
174 582
263 594
107 656
578 793
311 859
157 887
466 893
573 977
756 978
51 60
265 357
15 549
312 627
498 684
214 737
427 825
18 400
152 897
786 989
295 451
282 492
361 671
429 914
827 964
19 424
581 635
634 736
149 882
428 661
696 791
763 801
283 829
215 971
314 321
211 492
89 510
416 538
332 679
279 354
383 404
237 654
472 809
877 968
207 970
200 429
91 630
603 897
584 936
396 956
779 990
753 782
429 944
739 984
172 309
134 336
191 364
149 551
545 555
369 563
590 738
198 340
229 489
30 781
145 793
913 922
285 458
147 523
348 884
134 942
83 311
454 456
275 546
7 637
791 851
720 942
27 51
53 116
61 158
191 362
283 410
201 462
534 539
418 554
572 607
419 638
448 705
39 728
140 731
33 733
756 760
37 765
613 833
739 920
35 929
948 958
125 962
301 977
140 187
147 277
112 358
222 398
488 871
311 708
556 727
549 871
242 516
348 806
230 344
274 664
248 747
769 786
651 962
238 535
32 209
230 303
26 473
286 568
695 822
340 892
468 919
538 932
651 942
260 596
516 639
49 768
381 844
571 914
77 297
220 315
61 327
248 381
256 525
6 737
657 790
416 937
69 182
260 767
404 800
259 275
263 377
349 462
344 543
367 543
507 568
463 608
312 674
458 787
11 910
523 947
670 950
92 961
71 120
174 368
7 509
351 871
255 668
165 733
581 865
45 868
114 494
247 521
275 588
173 662
148 785
68 172
39 227
737 839
909 991
420 575
35 767
333 715
189 768
781 951
339 418
365 455
476 518
194 698
414 756
240 820
422 837
404 862
402 915
291 448
264 626
134 822
501 844
229 904
836 924
272 691
261 694
841 925
817 938
94 304
207 396
267 504
426 564
479 769
133 800
361 813
754 830
795 862
208 876
863 877
479 896
394 899
778 913
247 926
771 987
133 193
1 426
517 594
423 557
83 652
409 738
266 424
403 766
80 102
97 192
187 341
376 381
49 512
579 674
718 840
418 909
410 957
487 678
296 497
93 669
113 159
117 316
262 320
112 621
34 99
234 507
632 637
59 164
229 545
127 603
303 865
88 164
683 740
58 786
531 797
499 840
239 372
312 575
8 657
100 779
312 373
108 402
307 485
69 625
201 771
444 827
536 916
21 968
175 321
137 519
489 526
136 782
357 886
622 935
136 330
382 706
303 815
38 247
225 463
452 794
255 810
185 320
188 823
138 251
85 355
483 610
169 619
193 340
103 373
282 562
455 566
618 800
600 884
505 920
491 928
220 421
30 472
315 496
284 537
697 707
110 820
462 825
572 942
25 47
108 126
141 609
381 612
534 711
219 750
414 811
246 941
753 985
566 679
63 374
291 621
486 653
675 768
565 965
187 330
208 509
556 624
114 794
556 842
32 845
10 885
690 992
35 97
386 609
474 637
763 789
233 830
67 322
168 343
269 581
4 628
218 876
133 404
233 629
539 647
571 813
300 814
245 954
77 471
475 553
327 964
616 970
811 978
165 405
125 607
532 630
432 826
641 960
270 653
553 656
509 665
332 820
770 896
379 969
836 979
55 450
280 340
104 709
391 917
165 332
299 617
510 871
11 922
532 998
199 704
441 822
73 310
122 325
252 369
229 382
231 607
317 614
348 682
407 691
99 692
583 705
314 784
199 859
274 869
194 878
386 933
538 937
411 955
158 224
85 407
286 493
100 885
870 928
493 598
236 508
359 602
219 606
787 916
34 238
429 470
33 534
392 616
586 723
121 734
460 762
495 844
144 858
337 905
27 229
101 251
203 436
35 438
268 479
563 622
693 838
704 846
658 939
149 948
667 981
986 995
215 283
200 361
132 532
300 608
327 630
330 677
188 742
172 825
66 349
272 513
513 614
544 703
603 900
146 557
49 641
606 804
464 957
235 329
108 586
632 875
105 921
106 632
101 918
695 932
280 383
165 455
505 759
300 770
26 792
284 984
175 368
170 414
269 869
22 93
107 553
700 838
198 862
183 994
139 704
756 808
349 771
259 877
14 985
192 648
435 696
644 705
318 566
478 737
566 748
533 764
135 776
47 818
92 880
861 900
2 934
529 969
9 91
260 324
252 563
624 994
128 522
374 620
586 644
128 645
498 658
330 737
468 743
168 831
37 879
488 880
42 185
120 222
90 499
201 825
630 846
70 200
8 235
218 245
326 420
259 595
273 765
150 508
380 593
480 628
593 847
130 229
411 763
595 968
315 987
503 742
492 802
432 965
556 994
100 732
239 322
89 504
261 596
382 626
377 679
105 725
247 736
494 798
779 885
145 896
2 101
283 464
55 639
627 664
413 795
120 899
206 477
298 711
750 792
550 797
138 918
318 960
748 960
6 447
689 773
418 971
257 375
458 483
325 629
568 673
170 811
491 870
452 982
37 212
135 307
68 349
467 575
340 650
101 760
337 826
94 298
234 358
307 446
337 521
405 711
736 905
127 518
137 601
222 282
163 434
275 662
320 685
84 201
150 381
193 404
451 575
620 824
286 849
40 269
49 604
818 980
423 485
416 516
407 614
458 916
2 138
334 592
209 499
617 712
129 247
442 646
370 969
219 622
660 754
261 874
132 929
193 272
342 501
62 513
487 607
266 616
101 622
138 622
340 633
434 794
359 795
673 848
164 863
799 891
513 936
469 951
401 568
135 650
331 883
605 923
184 944
40 77
240 567
296 656
861 897
360 973
70 409
424 933
746 963
553 636
589 715
372 811
220 346
39 420
818 958
782 985
255 273
403 816
431 825
320 774
808 811
480 679
363 745
519 911
546 922
654 973
291 358
629 692
131 783
962 999
174 321
259 588
485 602
168 726
369 756
714 862
623 926
47 70
305 797
180 936
528 976
63 176
619 759
755 934
387 454
332 534
233 757
119 134
198 691
223 699
138 760
499 857
43 296
76 442
499 718
29 371
121 421
349 599
60 789
838 955
227 575
499 591
91 724
636 761
560 885
73 521
442 594
508 656
352 713
406 842
175 893
108 898
849 901
933 956
375 978
415 930
144 245
116 253
130 382
240 480
459 590
308 618
98 695
542 806
9 827
357 917
178 934
577 937
296 475
167 639
159 678
667 757
27 803
581 860
174 893
336 607
309 894
6 483
72 722
383 892
70 977
120 580
404 650
481 860
718 901
920 953
847 973
32 450
274 482
357 520
48 571
250 637
398 899
547 933
314 981
140 341
360 518
170 524
274 589
607 720
643 845
126 915
61 91
221 269
306 321
58 639
238 692
454 719
747 754
383 795
336 942
218 875
412 571
245 474
46 92
33 332
19 883
110 365
71 713
333 865
852 891
228 969
890 999
132 224
210 475
816 940
628 679
482 715
225 569
939 954
482 488
179 539
406 570
70 573
38 634
232 691
164 778
742 953
769 956
212 255
246 294
12 358
150 501
575 579
132 648
415 776
533 788
69 899
261 930
496 967
317 407
514 592
85 745
369 919
283 957
39 139
135 280
219 329
236 433
177 595
59 689
668 693
623 699
554 723
399 735
695 735
686 738
342 761
750 804
7 875
723 898
164 902
192 929
324 996
100 580
729 763
519 772
417 823
56 927
9 327
210 656
773 851
230 865
125 928
440 960
885 981
104 542
43 844
237 360
105 450
107 495
559 617
690 708
21 756
52 783
406 907
169 505
563 804
640 815
485 996
162 336
221 371
163 506
34 629
584 633
486 841
137 895
548 991
1 498
375 811
42 320
110 534
112 765
306 314
95 537
322 780
354 428
185 474
385 578
413 602
124 674
647 937
828 955
330 985
861 994
316 539
243 676
657 732
415 795
942 946
36 145
201 599
612 747
280 862
525 988
125 999
207 225
21 414
184 739
35 874
660 946
277 947
594 960
46 191
134 238
104 348
376 387
398 497
668 734
6 839
63 273
122 153
93 422
7 515
291 843
419 856
78 207
263 302
263 442
507 705
489 706
620 810
199 519
130 552
291 653
144 698
411 838
134 928
444 964
716 747
194 876
71 222
327 367
255 374
249 391
91 444
146 506
12 507
198 614
484 791
83 911
671 963
114 163
265 500
106 727
10 254
70 412
389 792
633 853
258 419
185 676
32 718
867 937
933 970
236 376
192 439
352 466
38 521
703 746
724 827
512 911
164 913
479 956
66 68
48 131
650 873
141 956
981 990
160 366
155 395
207 463
376 511
398 562
461 847
38 432
230 481
219 792
347 930
345 746
739 759
154 771
766 816
351 943
244 961
95 984
793 866
310 905
9 297
269 471
327 640
374 734
189 785
499 845
123 884
290 614
249 886
189 911
488 943
599 987
655 987
147 988
99 122
203 232
45 269
282 495
583 586
27 807
193 873
615 883
217 994
187 610
339 723
373 869
579 871
110 480
133 541
547 609
619 945
220 955
465 611
221 865
262 683
341 753
151 838
59 913
177 400
388 719
327 724
5 836
241 854
317 445
475 501
114 722
291 828
451 880
752 996
79 121
120 314
29 350
341 478
8 758
37 346
31 394
160 409
454 610
151 955
43 381
120 502
80 558
216 616
200 671
543 815
156 394
416 639
508 761
858 878
357 882
138 161
146 163
172 201
197 713
384 877
716 883
211 222
165 594
209 643
892 931
108 418
223 538
210 585
272 650
517 733
198 812
675 911
37 421
630 728
424 883
877 935
495 508
287 525
511 719
315 766
651 788
129 826
64 894
111 988
135 193
31 197
79 411
554 586
666 741
7 855
568 901
498 954
912 962
74 422
36 479
316 646
397 647
194 858
65 901
726 947
634 965
103 124
270 291
207 300
340 415
131 430
679 733
754 761
640 767
163 798
470 813
496 833
127 861
255 879
96 923
232 924
684 939
94 480
221 527
4 675
151 766
115 800
632 891
522 645
642 653
235 790
42 474
113 547
338 593
234 621
359 650
676 685
185 939
209 356
281 817
805 889
282 433
496 763
237 847
382 489
267 575
529 598
819 901
922 935
26 329
488 510
515 619
162 660
181 671
623 735
659 937
433 508
734 810
840 991
330 611
103 627
199 708
306 779
595 976
202 641
736 926
457 549
491 607
212 346
321 394
342 508
575 587
104 605
595 662
718 725
172 729
641 785
216 424
274 467
283 578
370 598
538 647
233 660
668 700
416 777
56 972
636 660
597 794
668 816
83 895
714 930
188 945
821 976
329 473
380 476
435 484
152 603
669 891
168 253
239 257
344 371
171 403
62 751
657 757
622 877
274 471
249 520
540 703
201 801
579 587
31 352
242 491
857 901
488 589
33 594
101 161
74 208
367 532
4 785
469 809
61 815
620 879
275 966
128 155
3 451
115 618
346 766
255 838
186 936
151 154
0 420
323 428
388 456
501 533
35 596
216 612
10 657
618 714
206 740
383 751
629 757
66 825
533 830
77 869
706 904
789 955
167 989
358 507
274 579
135 892
862 892
268 933
671 944
192 992
486 626
696 817
245 852
276 343
84 349
282 475
555 642
67 703
770 793
147 408
167 769
459 818
149 249
256 322
203 558
167 591
218 632
351 682
420 728
193 751
484 778
421 816
758 854
147 959
760 993
289 662
87 710
760 811
316 777
144 208
255 734
675 992
569 578
315 700
29 796
61 827
234 848
560 893
688 910
281 938
437 964
501 553
435 773
348 710
243 717
683 774
104 351
711 820
236 454
184 505
167 643
37 176
196 399
165 534
24 577
373 664
568 702
669 799
784 802
399 822
54 875
833 894
375 918
616 975
52 430
297 724
74 852
82 885
718 921
379 598
68 763
268 906
194 567
108 620
169 742
1 847
401 849
47 412
301 412
108 765
232 407
21 755
882 958
327 998
33 455
475 508
675 690
675 785
141 866
634 926
275 877
35 192
76 302
178 369
216 392
83 461
32 643
168 780
463 814
518 900
687 977
388 511
12 621
448 673
143 708
229 807
349 894
866 906
14 20
85 370
329 389
104 457
103 467
233 788
113 928
667 784
692 890
196 932
231 946
134 441
11 275
227 326
330 731
82 757
512 960
347 602
629 942
219 235
317 355
45 371
319 426
153 629
516 659
673 849
41 898
644 898
226 926
469 959
872 973
64 66
97 132
333 373
268 386
387 392
107 533
452 559
302 598
169 739
525 780
102 850
45 865
1 973
662 976
413 446
508 553
355 691
371 865
21 966
43 210
168 287
109 294
188 294
393 697
411 766
541 776
751 800
474 875
310 926
668 955
443 492
282 497
217 530
547 607
80 642
404 691
161 792
96 806
439 853
251 934
32 58
117 577
597 798
60 955
85 203
308 413
379 529
51 803
871 880
77 227
53 400
241 790
180 186
297 532
117 539
446 794
776 800
32 857
118 952
229 526
651 692
266 975
82 233
38 310
592 631
279 661
72 800
598 834
541 836
555 841
636 844
732 893
273 898
73 926
49 148
53 595
299 618
356 845
702 849
852 878
560 990
360 380
8 10
145 225
85 228
129 735
553 754
631 937
458 536
473 792
408 947
51 130
345 429
387 456
41 586
177 703
164 384
67 257
45 333
319 360
39 444
298 480
503 505
390 601
491 678
301 738
240 878
280 931
153 962
166 191
44 270
373 471
344 481
283 548
231 720
602 795
243 945
0 39
110 405
117 442
5 617
722 794
365 820
679 820
789 833
228 598
515 676
141 770
75 89
607 999
267 488
383 714
330 753
64 172
193 359
159 491
450 514
306 580
656 761
508 844
751 862
903 913
116 976
62 317
507 673
87 762
245 939
111 951
252 606
434 722
197 784
264 489
445 691
650 751
758 790
61 767
92 835
75 92
281 368
389 432
334 450
562 649
158 303
222 585
280 930
485 930
86 225
30 469
394 582
639 786
920 944
118 546
467 587
592 659
197 802
918 934
194 218
195 387
119 441
377 517
89 587
519 652
619 685
157 775
419 781
490 817
433 844
134 890
811 918
109 941
31 71
764 788
902 993
110 566
585 649
296 342
91 367
442 534
119 538
243 637
39 654
326 654
508 719
584 873
37 898
44 925
243 997
413 434
27 555
339 586
208 637
8 750
439 768
235 792
317 812
36 896
321 950
160 977
758 990
6 140
43 376
259 384
40 543
35 132
51 270
467 871
101 978
83 199
327 444
43 553
805 853
632 954
580 990
54 243
53 322
232 355
573 590
172 801
246 984
113 336
412 686
147 726
40 865
767 888
489 995
61 132
359 383
69 492
45 527
129 634
154 655
49 785
260 805
63 879
125 134
230 269
221 333
38 473
663 845
384 966
32 55
208 245
115 541
564 684
124 715
651 830
221 860
308 862
79 151
208 632
566 641
413 714
41 765
572 928
47 409
189 512
101 755
475 761
34 890
312 943
390 449
324 602
445 614
63 108
49 318
49 748
173 877
196 926
80 203
181 540
635 815
678 845
118 863
210 342
853 974
694 992
200 301
224 327
495 553
443 649
138 755
54 891
387 927
59 952
137 449
183 564
355 614
581 796
259 375
61 437
311 438
559 618
91 640
104 762
41 291
265 328
395 522
277 525
8 606
516 663
501 802
524 808
81 896
435 952
57 302
269 303
197 394
31 398
49 440
628 960
72 133
18 525
501 656
516 777
224 815
513 864
812 936
685 953
280 776
907 994
171 315
66 729
79 766
435 817
386 975
744 752
764 999
103 274
282 656
435 893
102 558
132 640
35 708
865 869
595 993
53 239
226 736
761 764
609 896
384 902
426 994
140 447
158 543
231 572
164 688
689 696
483 737
330 839
73 932
728 964
138 978
351 589
521 634
347 694
480 711
316 937
850 979
53 289
342 381
150 533
689 778
388 883
49 517
445 558
442 679
273 421
487 547
426 593
14 611
338 704
680 926
308 930
425 451
594 679
742 759
400 780
185 188
476 498
292 555
381 719
380 727
320 823
197 899
489 904
251 369
221 635
365 711
535 822
346 879
431 894
607 928
150 248
114 413
218 509
84 825
359 862
62 407
332 480
497 574
575 576
333 627
516 631
484 689
691 812
64 987
232 751
251 792
283 741
687 813
236 495
747 761
577 777
72 446
34 651
605 806
277 959
161 329
323 419
14 465
313 516
162 651
103 674
184 742
739 746
55 867
627 869
607 890
851 938
556 658
517 679
245 684
170 755
62 290
51 486
257 595
394 713
567 858
106 939
28 102
183 498
254 560
124 575
173 588
484 688
225 814
118 913
823 953
53 276
59 484
223 577
154 599
54 637
341 737
858 875
172 894
454 465
807 833
133 415
96 460
63 620
201 729
723 765
346 810
355 558
418 644
143 690
271 741
947 988
356 786
500 917
435 688
293 398
576 674
776 795
470 977
11 966
214 536
116 588
639 643
564 658
351 806
843 848
324 874
24 647
333 724
242 937
100 197
72 307
138 369
299 452
491 639
354 645
381 656
391 948
466 981
1 360
100 981
135 347
0 353
227 444
247 550
303 581
245 658
556 684
519 785
204 833
601 859
225 908
477 958
947 959
35 974
476 994
324 485
391 882
287 947
120 981
507 621
892 930
90 991
73 179
282 342
267 353
185 417
17 419
17 428
380 564
476 593
353 603
436 614
32 663
600 682
502 713
272 751
706 775
580 784
653 843
308 446
240 566
62 584
74 218
63 255
92 267
335 485
350 581
503 739
124 871
202 318
41 448
209 678
380 684
202 748
571 980
201 987
51 555
22 565
212 620
214 839
40 274
128 279
171 346
210 398
154 411
326 530
219 563
450 592
74 669
323 707
315 838
45 860
583 898
347 931
805 974
276 976
738 977
332 405
54 422
386 424
88 484
196 535
187 536
246 537
472 638
545 552
100 560
311 690
512 895
609 975
198 415
222 502
103 579
215 991
618 722
403 734
578 829
800 862
58 867
209 989
247 310
435 490
80 555
564 624
347 650
479 678
535 735
133 751
264 807
50 835
772 895
912 942
36 991
148 992
107 282
44 555
209 663
102 841
705 848
309 987
163 996
295 488
68 431
351 482
276 821
509 858
344 869
427 894
151 171
376 612
313 538
88 546
153 667
185 683
151 700
83 785
776 892
514 901
931 936
596 974
8 254
24 313
141 145
605 664
714 776
765 810
845 989
449 772
665 799
337 926
26 432
231 547
21 808
615 933
503 953
94 455
121 255
172 288
236 296
69 398
442 711
315 833
519 895
98 241
159 607
457 715
525 726
154 789
369 804
623 905
188 997
148 192
140 214
256 400
68 427
232 445
406 556
220 613
516 870
303 344
405 539
198 584
310 695
432 736
177 322
310 337
12 848
235 854
725 857
219 254
521 623
762 806
532 888
52 914
498 994
91 998
135 413
434 485
113 572
293 585
511 787
773 922
169 945
48 70
207 609
494 794
144 876
72 299
307 452
566 711
10 854
788 962
96 104
539 646
614 751
667 830
768 853
446 982
267 295
101 369
107 433
535 538
153 636
639 663
103 728
27 904
735 926
63 212
517 566
590 980
15 50
258 428
171 816
496 955
159 989
9 444
153 754
280 795
237 872
366 980
12 41
179 365
360 530
167 663
466 784
516 577
488 627
336 692
374 915
764 946
1 237
198 280
119 336
456 483
146 494
65 499
72 559
418 583
624 861
29 868
518 907
331 933
633 936
113 125
192 311
265 391
74 665
661 697
709 710
421 766
235 804
314 893
554 898
735 905
886 983
619 997
550 634
122 667
10 790
252 934
30 453
135 602
77 674
803 904
474 954
202 390
262 417
290 436
106 474
203 691
107 761
408 781
537 811
694 974
99 695
418 824
727 939
459 948
791 950
41 234
307 434
78 479
398 713
220 789
642 803
360 842
358 848
596 889
665 891
482 943
429 963
403 411
75 425
511 536
620 666
368 696
252 750
22 797
682 884
789 967
834 969
114 307
64 154
318 480
14 562
20 574
384 588
418 666
680 735
480 748
763 816
198 892
9 437
104 549
516 643
636 747
71 352
215 793
857 921
890 928
81 141
100 321
34 336
471 865
345 540
366 573
736 797
213 910
49 911
11 913
384 913
759 945
768 992
196 695
334 901
9 333
170 505
244 542
307 602
541 618
650 795
380 954
170 978
1 476
522 661
448 723
524 755
87 123
279 395
120 492
296 585
50 682
366 686
750 790
956 989
652 895
31 69
16 574
331 616
457 806
368 490
494 506
188 717
216 975
472 951
116 168
97 311
72 452
313 539
152 570
474 658
449 708
77 827
640 827
575 880
660 942
549 943
184 963
811 984
20 985
747 999
406 564
446 597
606 790
454 508
273 586
409 687
742 920
760 968
173 275
211 433
14 497
433 562
576 728
660 764
74 837
255 955
346 374
89 425
634 826
384 910
193 347
94 365
387 612
591 786
629 822
669 875
476 564
160 672
647 699
257 703
507 843
387 883
263 949
151 987
8 241
380 721
437 728
43 761
527 815
692 962
207 268
183 380
148 519
879 915
40 91
397 539
394 580
577 646
161 934
589 943
106 144
88 689
180 864
543 869
667 912
67 976
44 841
662 968
300 569
625 649
768 960
708 974
38 389
250 875
196 905
36 908
328 917
863 966
902 968
647 659
698 891
340 513
147 287
251 329
394 492
247 531
98 629
533 747
638 781
622 804
373 488
66 801
733 960
28 290
45 635
381 533
4 911
87 348
631 647
894 940
57 105
62 340
125 692
590 958
175 466
405 679
133 198
287 322
381 475
436 745
491 769
178 792
803 841
340 347
229 626
696 778
800 836
721 842
735 932
336 946
189 960
161 863
91 224
26 252
744 767
715 796
70 914
588 976
395 697
737 916
452 597
310 623
534 699
60 816
14 16
21 173
40 373
171 411
157 526
471 543
200 686
337 736
96 762
632 774
142 821
541 862
690 889
633 892
195 972
118 689
42 740
767 929
223 937
512 566
225 608
180 633
639 678
567 852
189 992
66 201
261 280
31 580
471 627
580 713
357 983
95 294
160 477
412 813
426 872
477 948
375 966
73 399
688 696
277 781
143 148
593 654
358 702
648 767
714 800
81 866
910 935
161 369
358 583
482 587
42 658
585 899
73 905
503 945
784 990
189 641
33 646
554 705
444 724
178 756
503 823
152 900
232 850
7 891
302 969
380 973
604 992
141 386
234 448
43 465
211 495
367 827
143 911
524 984
10 990
451 674
613 801
734 838
225 866
261 892
273 621
289 831
139 237
29 344
420 451
453 781
114 485
4 604
82 657
162 692
312 880
896 956
37 403
109 619
489 887
286 514
603 907
397 405
437 724
269 371
377 711
226 905
77 91
230 278
375 414
371 481
401 514
21 563
121 816
613 894
109 953
124 664
587 674
882 886
15 244
301 366
358 644
632 658
411 668
241 757
612 761
356 769
481 868
769 906
247 305
151 403
102 436
441 538
67 595
269 724
25 738
369 743
822 942
339 705
14 782
544 746
40 327
49 439
218 637
344 796
383 800
409 818
354 832
219 863
396 970
172 190
141 207
89 353
51 496
41 644
352 899
520 983
23 179
96 682
189 690
752 767
164 877
752 888
490 938
143 390
349 801
203 841
919 934
334 401
795 892
411 700
254 758
532 767
484 817
380 842
862 930
148 974
186 440
379 493
165 566
51 626
320 676
291 702
139 846
251 863
346 955
706 986
308 383
466 885
129 905
154 309
286 334
62 404
377 405
2 811
167 867
422 509
546 902
336 962
540 963
529 568
185 637
122 692
586 705
264 803
34 98
34 125
303 367
60 411
187 478
2 563
236 656
536 737
115 924
446 559
146 798
728 827
938 950
18 168
113 231
40 344
261 415
86 578
543 581
531 634
501 636
318 785
748 785
449 911
416 928
777 932
306 950
318 679
679 748
768 889
155 393
310 399
71 492
24 223
131 813
238 932
97 199
278 371
174 435
124 587
451 587
117 631
529 921
853 931
197 990
451 576
395 645
44 803
653 925
349 655
72 795
741 824
754 844
187 483
272 776
502 844
491 867
745 969
261 324
333 581
294 676
25 818
715 869
641 911
137 143
409 470
619 717
643 786
35 805
700 816
821 831
742 855
145 906
19 933
767 998
461 519
437 640
403 693
28 80
222 394
201 655
417 774
391 861
339 898
119 242
134 572
504 603
165 628
292 803
520 882
275 902
37 586
584 614
151 668
208 669
21 877
551 886
80 803
846 929
254 952
495 501
347 633
643 867
619 920
361 429
295 504
100 758
834 936
162 231
663 867
285 388
333 543
15 589
247 826
247 965
92 166
129 432
278 481
130 486
230 543
615 616
574 625
188 685
315 693
549 715
308 800
653 828
178 863
852 875
570 994
7 188
174 466
315 801
651 946
34 962
245 250
103 297
160 573
106 721
529 725
477 818
472 959
24 442
276 528
424 927
272 404
41 583
519 604
317 691
665 837
378 532
223 397
143 438
127 530
183 530
580 582
15 682
245 858
282 899
759 941
571 977
384 662
76 949
125 231
159 609
369 792
555 904
266 933
639 937
298 679
374 765
133 618
512 675
507 723
71 784
106 872
805 992
55 242
239 375
304 567
107 802
177 811
637 939
185 243
295 353
132 846
333 868
760 934
922 952
36 141
319 476
383 541
332 566
20 649
801 833
493 921
0 227
594 628
518 842
177 976
226 365
103 444
31 502
372 595
427 771
214 787
193 795
40 827
920 963
827 998
150 296
476 530
342 533
213 546
629 660
417 676
291 705
417 742
712 836
271 840
198 873
955 967
2 170
79 273
587 589
93 799
325 822
207 933
143 192
48 200
167 242
284 294
370 436
336 491
184 619
561 770
546 778
755 811
116 662
356 678
870 937
676 945
381 747
687 980
55 678
394 749
801 940
92 943
622 966
36 989
543 998
34 122
202 628
308 722
176 734
624 842
9 269
317 370
181 739
347 795
195 883
294 920
415 931
812 931
787 972
0 295
172 427
368 582
248 788
883 975
470 980
429 571
720 928
11 88
274 312
181 429
159 479
175 670
726 730
612 883
132 437
98 692
65 725
349 729
70 738
459 882
34 162
69 222
276 322
293 394
449 652
671 687
59 696
70 813
66 894
259 902
101 993
312 510
73 535
47 571
546 935
4 202
512 604
321 893
342 502
371 543
403 700
282 713
506 752
367 865
245 891
42 417
426 556
94 566
280 633
621 702
580 802
224 827
1 954
934 978
167 356
15 482
85 558
19 616
621 848
211 899
390 911
340 383
393 645
380 658
739 963
23 305
306 435
258 707
266 463
28 836
896 908
16 985
103 333
293 649
122 660
426 721
352 990
632 684
493 725
431 771
763 771
281 435
58 516
433 553
12 586
460 605
583 621
549 627
155 707
632 852
192 889
275 968
197 306
25 459
344 471
204 526
508 612
1 684
366 687
557 744
553 764
207 770
254 790
689 922
169 953
181 184
117 313
295 326
543 724
13 821
450 845
31 282
100 352
7 717
9 728
243 619
262 632
449 690
609 970
474 684
383 873
248 612
621 644
102 691
127 217
161 606
203 614
585 625
367 635
341 677
654 704
294 742
548 793
515 799
498 872
71 899
194 208
23 247
350 681
579 715
273 723
109 742
876 891
810 915
920 941
490 778
195 456
165 480
414 524
94 567
206 683
495 761
860 868
101 414
222 443
165 517
3 530
466 779
333 796
151 833
212 915
598 949
158 635
446 714
202 304
398 625
677 737
144 878
133 930
150 210
139 326
217 564
683 685
474 891
225 896
383 930
918 993
381 495
275 528
421 734
406 900
79 171
91 471
415 602
79 789
168 256
14 296
203 317
396 479
207 896
11 59
37 79
62 193
48 301
506 597
115 617
534 679
378 767
81 769
705 898
65 921
414 934
249 958
409 571
283 793
551 958
228 436
426 518
163 557
58 242
222 352
321 352
560 657
487 928
808 984
80 292
353 530
174 670
157 382
411 421
216 719
563 918
197 981
50 351
62 355
357 391
98 399
176 402
305 634
823 855
874 974
10 235
272 383
224 437
62 445
211 475
55 516
59 546
520 551
117 659
73 699
487 956
580 981
178 329
529 901
154 201
243 509
397 534
311 648
501 761
216 387
138 414
438 439
539 680
370 834
546 877
232 979
175 435
168 322
48 470
15 510
455 534
407 558
24 631
97 846
28 924
154 496
470 671
644 765
308 776
56 387
841 850
315 955
257 978
27 382
447 456
259 528
9 543
92 587
162 607
223 680
113 720
161 750
100 784
651 890
311 929
138 993
353 576
1 727
141 989
187 214
298 566
250 658
306 732
160 738
557 752
411 987
177 375
244 600
467 715
580 899
22 74
43 107
179 226
347 383
299 446
413 452
258 472
312 549
373 674
87 709
350 715
176 765
4 768
143 772
32 840
789 987
82 352
731 737
245 875
127 152
204 229
71 282
248 342
77 437
451 488
596 853
690 911
77 373
12 448
209 450
308 452
192 604
97 690
824 915
778 952
22 54
32 90
83 202
344 350
119 535
16 649
322 726
96 884
21 934
398 649
394 670
586 824
36 86
249 917
436 558
537 746
243 875
773 910
959 988
978 993
133 280
44 291
393 522
346 693
549 806
52 131
273 358
136 478
380 847
169 997
572 692
648 846
18 67
282 501
352 502
88 696
285 787
15 835
218 878
122 942
759 953
367 527
118 902
432 905
70 366
103 227
148 449
485 506
324 596
368 670
78 906
267 943
318 594
143 604
594 748
89 191
428 638
69 713
191 835
162 912
1 106
495 562
321 670
692 720
428 856
808 934
607 946
438 992
637 774
675 889
68 288
237 380
296 465
226 837
719 883
906 956
173 239
246 619
610 737
272 873
119 932
429 953
77 327
2 375
189 440
433 465
526 552
69 585
136 611
7 669
564 954
476 973
217 498
88 213
34 441
108 554
724 728
97 767
170 918
579 943
118 773
843 925
99 134
53 173
388 454
516 538
588 595
267 674
290 751
359 776
26 369
78 547
475 502
107 636
320 740
16 753
835 943
273 955
382 803
601 872
199 929
169 941
549 579
132 630
172 701
613 729
799 855
268 989
137 202
378 752
794 798
74 891
139 973
47 977
80 355
315 729
752 874
721 939
106 380
296 398
449 461
142 528
502 533
759 997
124 549
258 781
372 375
611 737
373 724
557 815
81 209
25 412
451 510
175 580
479 609
68 833
314 885
578 908
377 960
323 393
304 455
479 786
750 854
33 117
100 175
220 255
433 443
327 471
150 502
473 606
134 720
116 730
37 734
582 817
538 870
716 975
176 255
368 435
859 895
59 935
107 248
66 288
182 394
24 699
335 744
437 846
272 931
10 100
340 359
225 386
306 560
379 673
262 676
628 820
302 834
147 951
172 431
386 463
151 693
547 769
885 893
72 135
363 401
171 421
319 498
304 628
117 647
505 746
457 796
411 833
669 858
494 996
98 122
20 136
210 236
150 282
376 465
412 470
236 475
391 551
15 587
91 728
108 741
613 766
390 785
174 791
773 791
606 854
665 875
386 896
38 905
680 905
181 920
781 988
15 104
361 470
262 637
514 718
20 753
502 784
30 809
231 890
242 928
40 627
466 732
111 781
824 898
486 925
840 971
32 65
60 151
112 273
356 499
80 626
426 727
169 823
315 894
340 936
276 289
109 537
453 638
358 843
10 893
152 907
610 916
11 622
628 733
44 843
580 893
86 896
396 975
109 984
159 268
436 513
599 825
197 582
251 756
347 805
232 404
487 786
771 825
337 389
110 442
80 486
199 648
58 678
519 690
513 691
17 707
653 967
78 970
152 983
6 536
630 964
287 400
52 522
490 689
660 890
217 907
188 503
324 506
631 646
788 946
872 954
127 406
120 466
806 884
784 885
24 659
579 664
340 776
99 942
250 954
471 827
448 849
602 874
357 948
764 962
3 89
31 211
179 223
79 315
267 425
270 486
333 527
542 549
34 572
365 699
613 700
42 727
8 732
288 771
604 974
465 508
306 582
208 878
285 392
280 602
111 726
817 851
138 252
400 595
241 657
863 922
63 112
42 684
170 739
510 835
16 136
228 317
521 680
549 682
307 722
485 795
804 934
88 952
217 380
62 436
444 532
523 781
776 924
216 388
231 747
696 938
662 966
412 980
350 457
211 656
711 733
121 151
427 599
347 862
268 547
509 632
436 691
163 423
142 588
64 700
553 747
109 944
7 997
83 148
53 259
77 420
158 557
85 614
157 229
271 418
0 654
702 705
90 271
295 312
563 755
734 766
602 805
584 864
365 534
31 585
815 865
252 622
333 964
571 573
34 720
52 200
627 674
160 818
725 819
197 222
103 312
9 373
282 502
480 641
257 760
669 837
270 955
337 965
896 989
900 994
570 603
377 628
542 709
225 793
97 974
86 300
133 307
92 364
261 873
42 721
100 174
456 458
368 484
563 760
561 569
274 724
113 769
148 311
222 501
264 555
305 623
460 681
21 811
724 865
153 942
935 966
132 998
121 411
80 445
552 626
688 935
437 998
621 843
19 231
596 992
193 584
231 615
435 791
133 359
158 527
232 614
600 709
424 716
426 973
127 994
71 342
266 396
151 421
361 645
48 686
641 895
446 485
648 690
11 778
435 779
165 820
764 830
133 892
39 338
62 650
655 763
304 878
746 941
493 949
675 974
321 990
359 694
663 786
780 947
114 982
255 765
738 958
924 979
503 997
295 467
408 469
237 476
457 589
598 745
314 802
509 852
874 889
648 974
518 994
351 664
368 851
504 880
457 923
7 93
4 148
93 509
234 586
323 661
211 713
171 734
213 778
664 796
786 867
754 946
187 985
56 456
77 467
660 720
732 854
627 871
692 912
235 252
242 786
477 740
217 900
366 470
208 665
503 855
82 990
183 406
257 414
199 846
850 904
331 970
674 728
181 205
21 259
19 612
340 614
245 637
136 677
81 786
499 819
632 858
556 954
431 599
532 744
163 794
382 850
1 183
179 196
604 768
659 777
63 824
81 845
124 869
757 912
597 996
77 124
101 252
39 297
129 473
134 535
207 561
94 837
203 850
706 979
248 501
331 927
23 129
276 400
381 433
418 548
293 574
186 263
243 294
40 297
290 317
72 541
44 558
455 628
469 638
99 651
441 692
583 765
652 847
694 873
862 873
422 876
542 884
602 892
810 898
886 948
675 960
51 552
334 718
693 816
79 828
859 911
819 921
486 545
773 952
199 438
584 892
184 345
338 360
492 502
146 597
533 660
789 838
254 854
809 856
132 888
85 102
6 187
4 440
59 490
202 566
727 842
440 936
418 586
310 680
361 687
288 894
520 948
98 441
405 733
249 265
240 298
309 349
367 437
88 490
120 501
350 605
315 668
481 681
713 784
479 866
552 904
547 975
0 518
485 597
641 675
624 740
629 962
0 3
503 676
691 924
953 963
24 33
116 142
51 545
73 695
317 745
179 926
246 945
912 946
678 956
550 965
153 162
164 275
85 290
184 294
396 547
23 550
486 558
404 614
74 194
107 222
110 377
252 389
490 688
71 844
169 855
754 962
108 339
459 551
49 628
333 664
375 808
275 821
134 162
66 190
300 386
854 885
99 241
170 284
37 668
620 765
282 802
346 816
540 832
360 872
48 914
719 927
366 953
3 267
311 704
41 63
80 290
254 329
21 622
360 654
138 804
187 839
50 884
532 964
539 577
183 593
681 796
154 816
301 914
7 945
333 350
638 809
248 508
174 580
273 705
201 833
530 900
153 946
202 604
310 634
272 317
326 338
471 715
193 812
272 892
758 893
275 993
146 996
475 533
83 604
106 218
202 519
399 538
327 543
8 560
278 581
549 605
323 781
175 791
101 808
355 841
119 867
378 543
633 694
12 898
152 917
766 955
285 456
507 583
650 714
185 823
51 828
60 940
336 999
443 495
0 504
268 769
9 865
382 887
676 997
32 514
528 831
356 896
14 210
13 528
1 564
596 602
160 740
417 740
130 807
729 940
560 952
206 409
316 534
251 606
646 659
467 664
411 693
650 930
145 300
38 735
160 980
238 325
23 531
382 555
105 663
686 818
633 889
141 225
160 417
605 796
184 823
71 475
360 498
242 678
121 955
595 966
78 975
126 176
165 298
29 527
562 574
422 797
180 931
9 274
288 599
765 824
327 888
947 951
44 51
76 186
206 366
236 511
378 557
25 573
231 716
468 755
599 763
215 908
467 943
90 971
169 188
94 332
438 449
295 728
769 845
141 933
293 492
419 697
99 757
173 528
520 861
219 935
132 327
106 498
440 675
15 806
138 808
759 823
340 862
137 911
619 953
949 969
39 295
227 297
610 611
195 616
684 872
359 931
211 342
236 342
148 438
638 707
631 777
273 810
639 845
269 367
431 801
414 984
81 145
32 167
57 334
449 604
248 830
446 494
1 721
445 841
811 941
25 980
131 412
2 524
180 960
574 585
528 595
586 621
68 825
669 876
615 970
127 183
81 268
36 271
264 526
346 700
681 923
272 280
7 665
250 684
245 727
320 742
369 755
187 787
487 870
396 906
524 919
170 257
422 565
140 611
1 658
48 687
612 764
275 289
221 543
467 549
448 568
459 738
33 76
502 553
268 770
254 779
472 856
62 232
121 315
277 523
185 632
36 770
676 774
559 794
223 932
480 517
842 907
662 993
297 471
77 630
565 665
456 719
132 260
273 403
351 457
124 471
605 682
554 765
101 804
290 850
793 881
487 989
267 312
192 449
148 512
81 678
169 717
677 753
526 807
19 927
97 143
315 403
935 952
206 417
143 652
201 309
103 575
410 666
256 947
373 549
313 646
478 753
732 790
690 929
220 940
44 967
253 289
585 713
119 491
147 525
529 849
106 250
323 472
584 650
714 722
376 761
64 763
613 955
28 203
361 522
234 849
99 441
705 765
569 814
842 861
101 877
113 890
89 943
18 976
721 994
86 215
240 455
452 494
415 714
441 735
183 907
279 393
617 618
34 912
129 926
334 493
439 911
295 579
358 586
637 669
26 804
501 830
304 895
300 908
133 924
14 236
2 369
287 730
693 734
251 750
491 786
427 801
421 810
272 862
621 898
157 904
88 935
42 954
543 964
61 543
392 719
637 858
853 873
3 127
405 455
319 601
502 656
659 663
254 732
209 769
772 847
723 848
756 919
101 966
250 320
171 613
154 700
147 780
43 282
217 406
280 584
144 632
13 116
150 236
420 444
163 485
424 609
165 646
533 656
537 703
173 384
56 458
298 534
464 666
314 713
565 736
396 770
729 833
384 935
496 987
32 334
592 663
224 752
657 779
132 827
754 912
194 652
269 964
416 491
465 511
211 649
7 676
501 713
676 717
717 759
143 785
493 901
70 429
242 487
577 592
83 601
628 711
189 318
242 643
189 748
588 968
231 331
372 400
454 536
510 575
366 685
518 897
327 378
58 499
108 644
457 682
830 962
929 974
6 478
496 828
759 855
600 806
613 838
56 883
348 923
92 244
413 423
457 482
412 687
318 733
733 748
815 868
108 176
433 501
160 683
306 817
531 965
257 537
218 567
555 653
624 672
228 834
503 941
310 535
504 576
13 588
248 656
247 735
433 761
443 574
42 632
622 993
248 475
504 575
217 593
94 878
244 943
198 513
493 514
665 858
422 891
875 939
33 517
295 587
350 664
747 946
592 949
54 515
522 707
578 814
666 915
968 978
660 999
71 150
221 303
329 369
168 400
144 567
208 799
122 822
757 854
101 902
237 426
55 499
651 720
327 728
700 763
184 941
434 982
776 873
615 927
384 968
802 981
326 728
449 785
667 788
27 486
530 603
110 628
516 647
384 922
680 932
759 984
78 159
175 314
353 420
158 532
212 668
341 731
273 828
812 864
91 869
193 931
95 963
816 967
116 343
77 627
487 639
381 764
137 311
67 544
235 758
633 768
563 792
792 826
138 877
918 968
167 487
112 507
85 513
242 663
629 667
193 691
486 967
431 987
447 839
185 855
29 635
162 764
674 880
126 464
316 516
194 601
651 667
113 678
148 768
176 824
502 899
311 390
602 694
162 788
135 873
548 908
111 287
179 305
87 605
68 613
688 913
141 356
74 509
39 630
231 764
363 834
152 265
273 346
112 448
57 514
91 543
274 549
33 566
33 628
268 866
328 897
406 897
362 961
220 763
358 898
623 932
373 964
214 458
72 115
316 405
361 571
400 726
678 906
928 942
893 950
138 966
200 412
819 849
323 395
207 424
331 612
502 830
544 832
208 567
651 757
725 849
636 912
447 611
276 780
444 846
311 911
318 911
748 911
109 963
657 981
91 132
272 415
366 738
760 966
62 203
27 204
147 256
120 321
480 512
169 515
594 641
170 760
173 760
62 776
257 808
205 832
297 846
21 902
68 940
303 378
220 496
132 708
452 714
397 937
173 976
105 401
212 421
196 441
502 636
573 687
276 726
78 770
292 843
107 211
301 813
138 902
31 314
258 393
215 418
66 427
489 552
473 790
261 795
8 885
284 963
657 990
294 505
716 764
128 832
604 895
446 618
215 881
186 302
236 611
887 979
391 570
60 613
254 804
122 830
150 636
220 734
664 871
193 714
324 805
129 196
260 261
23 337
432 473
269 481
302 493
612 615
239 662
316 699
188 759
72 862
345 920
207 975
238 629
765 879
231 962
134 399
126 410
568 725
159 786
635 860
205 345
99 399
167 491
337 550
77 579
670 817
206 818
329 826
542 835
106 852
275 913
849 921
673 925
650 931
415 633
626 850
319 338
75 504
382 552
169 676
669 698
665 876
250 891
413 996
26 38
107 210
135 261
298 304
489 545
682 762
628 785
454 787
579 880
189 889
161 935
113 999
336 870
33 263
277 408
450 516
183 556
397 592
604 641
312 664
645 707
541 714
348 762
650 812
101 863
306 885
773 913
204 431
77 575
518 603
507 644
14 341
212 403
80 407
259 821
173 902
470 573
226 623
627 724
527 860
46 510
525 947
188 320
0 451
481 527
520 570
223 623
394 625
641 679
463 770
281 778
626 841
80 232
305 680
521 695
103 827
411 967
188 262
150 376
59 435
241 473
433 497
452 618
359 714
269 274
218 474
293 899
568 921
45 543
902 922
84 204
305 521
341 782
365 480
96 605
374 898
56 616
138 863
91 103
95 181
447 458
98 535
4 594
631 663
134 695
519 708
503 717
345 739
246 742
473 750
691 776
730 780
105 901
104 923
732 981
330 447
453 856
546 863
80 925
349 987
95 170
128 430
284 746
531 837
89 488
210 492
673 745
6 787
483 972
117 223
450 499
466 582
348 600
102 614
312 715
161 756
539 777
766 789
1 842
823 920
806 923
716 927
193 930
503 515
553 612
543 640
185 685
168 976
9 532
105 643
646 647
137 785
779 952
386 956
138 219
709 762
737 787
44 828
678 867
37 41
274 344
474 727
373 871
181 284
143 461
228 529
232 541
266 609
10 750
347 853
327 869
812 873
667 885
159 933
74 240
484 938
19 970
86 548
311 604
700 729
311 772
595 811
194 245
195 511
514 591
322 595
51 653
716 719
105 286
333 635
337 735
148 889
155 525
209 639
258 661
31 784
79 496
509 698
48 52
318 377
227 451
525 544
450 659
128 697
377 748
104 884
176 898
257 918
622 934
238 942
671 813
443 899
85 925
7 185
204 264
233 325
568 843
295 880
861 886
468 808
563 863
158 865
234 898
338 847
260 335
37 620
66 701
94 797
123 806
560 854
78 266
326 353
23 399
258 453
89 575
539 623
590 686
624 721
658 774
570 917
563 978
333 481
532 846
514 857
318 895
748 895
617 982
45 715
63 723
50 806
790 885
620 898
770 906
124 943
183 319
348 542
657 667
840 909
165 318
198 541
165 748
515 759
183 900
46 50
148 202
161 235
120 394
767 874
499 991
286 363
19 747
339 765
294 823
341 839
557 888
95 944
546 966
942 999
108 112
68 190
31 321
208 474
181 505
381 636
591 718
201 763
513 834
727 872
164 952
979 986
422 698
375 755
53 831
710 884
34 695
653 841
778 935
82 314
337 473
33 480
202 772
776 930
426 684
279 707
293 443
20 497
380 556
105 591
79 700
109 945
134 962
289 976
236 381
392 424
153 533
376 656
218 669
40 715
816 828
694 892
848 901
709 923
401 969
465 495
179 534
686 914
199 461
560 790
505 963
85 379
485 494
214 610
309 763
361 832
431 833
743 965
175 197
101 219
304 318
64 693
304 748
119 777
513 931
101 968
427 987
71 533
423 602
29 681
569 896
410 578
476 872
500 886
88 903
822 932
94 110
221 278
249 459
190 771
299 794
764 844
551 917
524 941
739 944
174 314
163 335
210 465
8 473
373 575
9 627
594 711
621 765
633 812
232 836
34 928
261 485
397 777
690 785
703 811
345 953
206 977
193 614
246 953
225 396
379 401
260 694
376 433
334 591
223 659
501 754
853 874
246 997
124 333
40 437
167 450
270 496
193 541
21 595
126 741
141 908
818 977
33 298
494 557
223 631
398 802
745 925
158 327
521 550
9 630
541 650
422 858
481 865
60 79
17 393
301 818
234 819
902 910
136 140
344 715
265 551
475 562
492 562
708 846
356 866
321 899
205 963
754 999
229 706
51 807
692 946
429 977
76 165
77 295
286 718
253 821
827 869
156 670
777 867
3 900
23 932
903 910
712 986
707 856
91 888
135 198
89 364
366 429
235 473
387 508
458 610
57 631
71 656
32 786
467 880
449 895
484 922
290 924
692 928
588 966
47 48
273 291
394 398
376 456
23 699
