1000 5633 61.1310068623117 sparse
0 891 403
1 607 942
2 355 563
3 103 939
4 54 308
5 294 539
6 598 672
7 991 133
8 366 466
9 251 832
10 462 757
11 617 924
12 331 954
13 314 568
14 606 376
15 449 780
16 563 790
17 254 989
18 227 558
19 764 869
20 387 768
21 750 685
22 361 916
23 631 430
24 737 981
25 354 778
26 36 136
27 237 557
28 216 888
29 155 972
30 920 599
31 179 81
32 380 811
33 677 419
34 411 731
35 20 862
36 421 427
37 32 184
38 734 812
39 107 350
40 433 403
41 233 657
42 722 154
43 671 706
44 548 314
45 667 867
46 825 200
47 683 745
48 416 812
49 183 772
50 553 877
51 714 356
52 492 555
53 740 493
54 276 321
55 928 276
56 570 745
57 553 467
58 103 496
59 961 677
60 537 700
61 886 121
62 910 762
63 408 80
64 685 300
65 108 249
66 216 831
67 784 504
68 312 230
69 854 7
70 448 659
71 335 982
72 414 645
73 662 291
74 64 279
75 595 333
76 914 618
77 176 249
78 147 410
79 955 280
80 177 524
81 522 494
82 329 958
83 512 888
84 630 480
85 362 939
86 333 395
87 438 490
88 926 763
89 514 729
90 196 630
91 417 304
92 937 54
93 58 768
94 743 479
95 813 97
96 712 875
97 464 389
98 362 302
99 67 277
100 253 668
101 85 537
102 697 488
103 391 702
104 428 920
105 348 655
106 232 832
107 981 234
108 625 844
109 403 163
110 608 598
111 736 145
112 938 561
113 427 186
114 435 442
115 465 773
116 450 251
117 551 858
118 138 968
119 342 545
120 913 204
121 465 113
122 951 387
123 134 356
124 377 407
125 316 828
126 655 874
127 849 829
128 45 593
129 499 515
130 908 630
131 224 392
132 443 645
133 948 296
134 688 540
135 399 161
136 792 984
137 464 730
138 209 384
139 198 184
140 520 716
141 226 70
142 154 397
143 680 584
144 264 490
145 851 394
146 943 152
147 980 713
148 162 946
149 508 717
150 916 652
151 292 444
152 967 593
153 910 92
154 832 868
155 63 785
156 927 423
157 210 528
158 219 655
159 253 487
160 904 74
161 156 77
162 774 724
163 844 302
164 168 285
165 586 96
166 722 629
167 153 288
168 469 466
169 347 983
170 699 414
171 18 16
172 519 74
173 756 338
174 119 63
175 587 491
176 990 828
177 825 511
178 15 50
179 790 914
180 826 544
181 629 353
182 649 252
183 38 856
184 869 259
185 32 223
186 116 650
187 195 90
188 500 706
189 842 448
190 728 230
191 975 487
192 209 663
193 650 958
194 11 505
195 42 35
196 598 893
197 247 623
198 375 974
199 793 998
200 493 829
201 607 375
202 364 960
203 898 322
204 282 577
205 78 730
206 108 40
207 415 889
208 686 353
209 798 603
210 906 573
211 871 577
212 729 698
213 816 110
214 601 428
215 988 999
216 376 548
217 485 534
218 332 706
219 369 18
220 27 585
221 777 105
222 729 625
223 847 401
224 518 675
225 785 289
226 633 586
227 78 571
228 496 155
229 29 945
230 144 433
231 831 146
232 772 823
233 571 331
234 858 921
235 980 883
236 656 776
237 74 819
238 972 35
239 810 703
240 562 10
241 41 16
242 439 650
243 690 861
244 317 880
245 674 222
246 224 476
247 940 456
248 637 495
249 233 869
250 322 483
251 718 817
252 243 244
253 718 882
254 543 571
255 873 764
256 820 822
257 633 894
258 488 536
259 212 50
260 784 226
261 743 609
262 648 231
263 953 166
264 856 900
265 265 893
266 156 346
267 31 98
268 67 968
269 3 603
270 234 601
271 341 616
272 607 776
273 5 142
274 102 551
275 487 853
276 471 287
277 772 611
278 595 45
279 690 992
280 802 634
281 961 869
282 74 195
283 642 674
284 933 644
285 960 5
286 812 728
287 157 123
288 750 414
289 187 427
290 805 236
291 504 102
292 293 780
293 317 287
294 236 897
295 737 816
296 59 904
297 451 155
298 842 995
299 308 318
300 91 131
301 134 339
302 507 474
303 617 514
304 888 478
305 385 758
306 613 255
307 11 466
308 303 406
309 963 955
310 261 625
311 401 114
312 480 983
313 598 504
314 731 965
315 922 107
316 256 806
317 836 542
318 642 456
319 483 690
320 56 960
321 505 878
322 995 865
323 291 42
324 832 282
325 106 318
326 40 10
327 211 741
328 435 729
329 392 459
330 240 582
331 496 606
332 235 137
333 632 963
334 675 548
335 675 583
336 518 310
337 116 212
338 399 257
339 661 566
340 986 628
341 825 792
342 151 153
343 394 932
344 414 171
345 37 679
346 638 581
347 410 349
348 32 497
349 786 482
350 223 485
351 949 941
352 960 295
353 348 466
354 114 704
355 96 406
356 542 685
357 834 54
358 602 545
359 124 589
360 929 299
361 138 214
362 997 758
363 660 154
364 604 508
365 913 371
366 633 884
367 700 549
368 669 435
369 908 386
370 399 144
371 779 840
372 381 252
373 458 926
374 242 575
375 582 600
376 241 616
377 994 415
378 547 61
379 228 269
380 42 370
381 574 421
382 270 444
383 905 263
384 378 471
385 561 113
386 996 666
387 957 250
388 165 380
389 827 665
390 367 728
391 323 515
392 505 152
393 324 497
394 956 881
395 818 100
396 937 381
397 278 558
398 550 411
399 528 595
400 142 228
401 561 693
402 233 107
403 412 967
404 489 477
405 697 773
406 282 333
407 399 44
408 60 101
409 553 211
410 590 680
411 86 843
412 42 296
413 879 240
414 52 607
415 793 218
416 523 9
417 486 607
418 47 262
419 176 365
420 214 838
421 880 252
422 369 469
423 191 150
424 820 805
425 416 460
426 430 385
427 916 744
428 159 652
429 43 328
430 940 814
431 189 542
432 365 584
433 573 912
434 260 872
435 984 854
436 334 623
437 272 692
438 909 283
439 104 957
440 910 219
441 820 617
442 204 817
443 916 713
444 589 671
445 52 187
446 179 189
447 636 82
448 736 313
449 443 162
450 458 878
451 621 899
452 989 116
453 37 793
454 302 618
455 278 739
456 443 642
457 595 720
458 91 897
459 143 433
460 218 527
461 212 303
462 501 512
463 700 746
464 630 307
465 85 28
466 308 453
467 344 733
468 305 81
469 603 634
470 533 855
471 662 712
472 289 610
473 740 321
474 275 135
475 263 732
476 739 87
477 371 567
478 691 584
479 337 464
480 419 748
481 737 357
482 167 615
483 61 873
484 356 666
485 872 711
486 133 294
487 68 743
488 811 337
489 368 453
490 699 902
491 891 893
492 938 4
493 618 761
494 21 738
495 869 177
496 556 310
497 361 960
498 58 155
499 48 804
500 945 412
501 209 303
502 186 519
503 280 458
504 931 107
505 87 366
506 623 223
507 413 821
508 206 486
509 100 240
510 134 863
511 708 464
512 502 483
513 259 425
514 944 301
515 195 13
516 505 199
517 74 875
518 175 248
519 540 855
520 777 397
521 552 324
522 100 179
523 32 473
524 437 472
525 113 347
526 44 474
527 882 228
528 800 785
529 497 678
530 710 75
531 519 301
532 775 446
533 487 552
534 233 966
535 743 740
536 875 693
537 32 277
538 297 79
539 3 133
540 289 191
541 116 539
542 795 419
543 960 928
544 650 378
545 3 923
546 397 985
547 345 704
548 51 882
549 33 980
550 420 688
551 845 956
552 835 303
553 451 659
554 169 837
555 381 890
556 279 106
557 277 913
558 755 303
559 334 390
560 297 292
561 722 14
562 310 977
563 692 247
564 109 589
565 916 864
566 936 902
567 359 903
568 487 753
569 152 335
570 135 65
571 923 979
572 923 393
573 725 698
574 532 947
575 661 786
576 373 901
577 27 349
578 833 29
579 667 425
580 955 277
581 659 607
582 777 502
583 230 633
584 411 350
585 280 224
586 724 570
587 995 440
588 812 485
589 865 895
590 409 319
591 478 99
592 610 766
593 859 267
594 587 499
595 385 87
596 671 786
597 210 950
598 198 771
599 458 685
600 320 655
601 145 393
602 893 672
603 930 549
604 837 413
605 367 808
606 890 771
607 317 788
608 891 702
609 69 988
610 952 506
611 409 521
612 120 160
613 640 4
614 526 463
615 930 781
616 466 244
617 405 245
618 270 138
619 427 607
620 462 860
621 231 466
622 492 138
623 777 828
624 893 153
625 133 462
626 726 655
627 450 361
628 625 393
629 594 52
630 195 86
631 486 455
632 123 562
633 378 379
634 26 82
635 402 741
636 784 200
637 332 401
638 7 968
639 867 609
640 697 692
641 194 511
642 313 545
643 301 167
644 179 573
645 189 568
646 899 353
647 216 742
648 627 589
649 754 545
650 262 467
651 384 171
652 324 896
653 63 209
654 982 404
655 180 941
656 485 698
657 787 249
658 546 104
659 201 519
660 474 363
661 56 313
662 661 779
663 362 78
664 361 576
665 159 940
666 938 66
667 674 131
668 210 202
669 879 0
670 412 330
671 212 506
672 775 941
673 293 111
674 418 442
675 723 768
676 36 895
677 216 739
678 550 975
679 866 763
680 205 530
681 577 367
682 627 72
683 328 549
684 74 780
685 427 524
686 791 140
687 832 432
688 474 869
689 163 497
690 735 998
691 135 93
692 820 902
693 944 552
694 276 8
695 736 793
696 461 859
697 431 665
698 863 281
699 149 77
700 121 991
701 893 152
702 224 437
703 982 405
704 479 124
705 232 637
706 520 873
707 132 181
708 93 217
709 753 687
710 983 289
711 20 74
712 462 327
713 159 790
714 382 674
715 301 558
716 823 123
717 750 925
718 140 651
719 910 785
720 935 622
721 179 901
722 964 964
723 84 560
724 779 614
725 127 371
726 903 196
727 853 777
728 714 516
729 537 561
730 950 453
731 535 175
732 845 483
733 493 165
734 81 125
735 335 979
736 885 348
737 543 278
738 600 282
739 150 724
740 782 291
741 939 616
742 142 153
743 431 242
744 556 267
745 904 304
746 585 339
747 366 135
748 2 348
749 683 35
750 385 823
751 191 588
752 453 522
753 220 905
754 948 113
755 753 676
756 801 338
757 269 445
758 949 700
759 787 192
760 239 407
761 460 179
762 802 957
763 127 822
764 636 568
765 609 685
766 233 343
767 700 244
768 665 295
769 165 645
770 398 286
771 883 43
772 965 714
773 460 71
774 895 65
775 537 801
776 728 754
777 187 457
778 491 701
779 931 190
780 388 125
781 724 634
782 72 46
783 867 564
784 955 141
785 837 851
786 570 621
787 328 736
788 218 541
789 401 982
790 406 22
791 898 538
792 475 585
793 436 932
794 613 830
795 600 712
796 588 868
797 226 707
798 111 956
799 126 47
800 439 952
801 860 116
802 234 229
803 794 609
804 541 11
805 179 305
806 553 63
807 325 611
808 634 296
809 41 170
810 615 677
811 969 679
812 415 508
813 718 119
814 403 119
815 360 593
816 979 99
817 470 185
818 270 817
819 72 429
820 866 924
821 991 623
822 767 552
823 832 824
824 187 246
825 174 223
826 511 475
827 593 524
828 104 11
829 706 19
830 797 518
831 189 432
832 888 259
833 990 9
834 869 77
835 902 299
836 661 284
837 7 374
838 708 578
839 601 154
840 632 65
841 480 525
842 148 510
843 636 335
844 551 610
845 229 889
846 3 330
847 583 917
848 473 593
849 750 760
850 714 651
851 748 698
852 492 935
853 306 381
854 476 517
855 5 294
856 127 632
857 518 123
858 435 789
859 281 466
860 28 819
861 246 406
862 486 924
863 546 110
864 239 974
865 736 303
866 95 937
867 628 926
868 272 522
869 19 134
870 673 625
871 407 987
872 168 742
873 711 647
874 834 68
875 592 792
876 528 212
877 736 936
878 212 784
879 61 479
880 22 595
881 928 409
882 837 793
883 871 640
884 781 680
885 42 443
886 523 661
887 816 870
888 751 269
889 539 82
890 788 377
891 640 489
892 885 600
893 240 531
894 204 272
895 928 521
896 259 666
897 718 683
898 217 957
899 249 97
900 662 525
901 297 694
902 660 51
903 640 76
904 656 512
905 73 540
906 845 822
907 627 543
908 760 821
909 640 598
910 31 377
911 960 134
912 79 727
913 265 14
914 672 191
915 195 964
916 381 871
917 32 817
918 814 488
919 658 822
920 904 200
921 355 809
922 986 674
923 192 312
924 524 212
925 982 928
926 673 664
927 967 79
928 686 290
929 374 769
930 855 615
931 761 346
932 913 853
933 317 81
934 320 22
935 967 631
936 902 227
937 281 640
938 558 663
939 195 818
940 917 206
941 779 488
942 508 514
943 898 431
944 377 835
945 868 115
946 855 498
947 474 716
948 310 566
949 894 407
950 252 209
951 2 82
952 996 721
953 617 726
954 589 409
955 232 981
956 288 404
957 995 296
958 836 74
959 251 618
960 419 223
961 306 409
962 484 290
963 932 179
964 365 639
965 304 462
966 766 702
967 567 803
968 346 450
969 404 550
970 677 775
971 684 976
972 808 316
973 312 5
974 34 606
975 976 897
976 316 761
977 868 954
978 282 70
979 130 871
980 338 909
981 923 197
982 261 341
983 691 505
984 682 226
985 551 843
986 489 9
987 745 555
988 459 636
989 885 84
990 726 693
991 759 717
992 233 974
993 808 122
994 136 97
995 511 115
996 348 824
997 104 279
998 848 915
999 921 142
230 459
624 701
654 703
14 201
77 518
347 584
620 696
382 757
132 456
202 497
461 501
70 553
79 580
647 677
71 735
205 912
74 99
217 258
129 462
21 709
225 740
588 918
212 573
187 630
876 924
302 826
726 920
691 994
8 422
308 961
12 82
109 135
583 705
860 917
120 940
13 948
38 295
73 768
546 789
850 873
0 949
143 335
86 559
327 647
573 990
4 661
327 677
157 680
166 781
311 814
289 831
745 835
95 395
52 533
474 618
236 662
212 990
658 863
864 992
241 326
86 637
378 806
100 896
874 958
132 242
133 514
197 959
39 525
226 648
148 665
656 778
248 891
470 519
575 662
161 699
226 346
232 623
278 629
255 679
439 798
340 821
73 836
760 861
955 992
313 364
720 741
209 803
447 903
330 374
66 420
67 582
462 942
277 724
789 871
175 594
534 992
166 222
145 223
157 460
503 859
127 906
801 945
468 538
319 656
59 811
792 848
3 866
636 759
563 767
234 820
682 840
784 911
242 456
448 473
44 496
432 664
841 854
510 979
245 984
315 504
342 742
246 350
6 444
410 444
336 531
163 552
309 722
442 939
129 942
96 253
197 376
384 422
273 539
428 769
349 941
493 592
457 795
173 931
228 392
48 507
21 755
142 601
120 920
466 965
271 436
597 898
864 955
257 366
575 596
634 711
765 810
534 864
448 865
18 27
331 417
488 756
64 928
20 305
180 317
213 395
368 579
546 871
376 959
80 502
302 512
264 589
188 778
222 781
432 815
217 841
272 592
247 730
228 733
297 449
641 659
421 832
294 845
779 981
857 995
44 521
43 471
112 693
940 981
143 478
709 755
779 963
353 479
236 575
559 637
644 645
433 847
11 867
220 880
6 410
502 641
440 936
144 159
117 519
590 670
77 824
565 932
33 579
254 729
300 734
75 746
761 817
234 998
266 569
659 680
464 808
768 836
468 933
140 149
71 169
133 352
260 415
413 421
65 509
523 526
92 666
512 826
341 882
605 921
715 948
313 594
155 684
709 851
371 623
256 823
518 824
232 908
83 321
246 621
596 662
310 959
120 981
413 527
101 905
227 723
852 862
694 913
596 970
169 735
626 850
70 242
157 659
160 774
158 192
184 593
120 726
386 922
897 990
8 384
281 394
257 451
32 750
184 421
28 845
380 910
20 929
8 489
483 517
218 547
22 567
346 764
21 851
823 906
95 213
32 605
460 680
276 962
76 130
89 149
54 406
338 617
639 930
483 548
34 635
477 664
447 682
84 891
649 987
149 188
268 320
109 344
105 484
555 576
346 648
319 778
211 783
258 841
682 903
840 903
16 967
45 126
226 909
710 957
341 424
460 788
357 874
136 199
156 881
41 158
197 310
250 393
567 576
582 941
53 94
89 140
303 364
404 512
2 664
603 693
611 812
900 904
920 940
112 603
104 793
750 944
213 993
361 400
496 521
119 683
593 698
235 975
78 142
213 716
649 822
805 923
440 940
291 995
70 132
556 673
646 736
675 776
224 886
134 367
242 553
359 564
502 659
620 688
436 807
117 985
49 598
147 772
534 955
716 993
360 514
308 956
122 396
134 334
454 472
157 788
164 167
120 440
36 674
385 863
642 683
322 435
453 499
305 929
223 604
377 703
128 414
79 352
60 356
365 369
321 706
724 803
648 909
62 88
66 106
335 478
422 489
258 533
539 869
132 553
174 570
233 746
273 869
154 887
353 968
780 814
10 115
377 654
146 784
467 787
880 974
519 985
205 487
688 696
13 715
2 477
662 970
84 248
270 376
455 475
369 572
123 725
573 897
162 991
966 991
921 996
42 111
37 809
15 858
479 968
38 251
31 630
267 634
271 807
561 829
572 881
67 941
4 412
131 138
123 301
135 370
256 424
91 590
188 656
114 674
242 697
83 706
626 873
264 998
175 313
47 463
350 508
351 543
659 671
737 744
503 757
6 765
311 780
680 788
664 815
128 974
24 314
352 514
279 971
456 988
7 452
78 601
24 690
26 869
346 909
146 263
382 503
726 940
137 947
500 881
15 115
29 118
79 133
116 616
228 622
244 652
28 753
174 799
383 832
438 835
447 840
834 989
385 658
252 802
538 978
642 715
392 733
93 155
70 456
154 785
6 810
127 823
526 879
811 922
198 202
282 653
121 704
316 818
717 877
33 368
294 753
586 838
147 952
8 353
135 344
391 393
3 439
432 477
87 524
236 596
135 651
70 697
504 754
478 838
748 846
732 946
414 974
102 983
217 533
425 674
416 804
302 404
40 426
117 470
485 536
611 685
226 764
31 187
151 466
536 608
450 688
753 845
534 898
132 988
232 371
255 606
480 635
781 873
623 908
329 384
66 442
151 503
319 529
274 541
301 569
396 572
88 615
450 620
570 699
108 794
473 865
851 966
388 419
272 493
403 789
212 897
193 333
338 372
27 374
352 580
148 655
641 671
956 961
150 284
34 480
456 553
460 659
3 798
934 973
189 687
402 899
153 160
35 183
106 420
62 427
203 745
61 945
9 106
184 832
212 851
558 865
555 916
195 241
251 295
428 718
650 859
50 117
121 591
392 622
347 670
38 695
622 704
679 727
67 830
417 848
598 878
652 980
153 315
366 451
22 576
644 751
614 826
381 954
133 360
364 594
450 696
18 788
217 854
501 923
340 935
920 981
206 799
181 843
52 258
109 370
204 397
364 827
487 912
575 970
139 446
216 477
604 687
410 765
128 220
711 951
197 583
452 816
781 850
309 351
198 497
113 344
429 661
548 676
689 842
709 966
30 76
270 330
5 642
440 920
431 680
93 684
685 812
584 670
41 705
527 936
726 981
268 609
645 751
538 933
357 958
405 970
415 636
503 650
274 723
570 799
639 892
963 981
820 998
37 445
793 800
142 388
55 438
233 521
133 580
376 583
168 631
5 715
445 809
383 438
615 719
249 845
36 114
197 705
535 776
597 915
1 11
384 489
246 508
356 401
293 560
350 621
109 651
275 688
64 768
313 827
403 871
269 880
499 917
424 882
167 486
508 671
553 697
182 262
85 497
485 608
110 648
655 665
116 743
240 804
413 832
581 909
236 970
85 202
234 264
156 500
626 781
186 856
166 873
656 947
535 849
353 422
224 529
418 537
324 552
131 760
17 864
642 948
488 972
222 261
691 699
758 772
779 940
76 720
80 641
303 313
184 413
88 427
412 537
448 558
129 841
160 989
774 989
172 889
265 434
438 745
768 928
290 415
80 431
139 668
151 965
470 985
460 671
82 735
567 980
28 294
310 376
349 582
62 606
159 650
439 866
272 875
461 923
25 929
382 513
302 614
502 680
641 680
209 724
370 780
81 826
786 844
851 991
151 382
543 925
101 274
335 339
285 492
412 661
795 953
67 349
337 361
157 671
284 720
277 803
404 826
52 217
307 523
220 974
2 119
404 631
290 657
158 705
470 706
465 782
489 968
822 987
140 188
513 757
460 893
194 348
301 525
424 823
258 854
378 889
214 954
743 960
406 982
33 170
755 851
851 990
727 882
18 374
498 809
778 947
171 326
334 339
365 646
184 698
120 779
373 793
776 849
581 870
457 953
41 100
168 404
4 429
81 512
164 805
520 890
723 905
123 525
376 705
648 764
358 827
640 897
171 241
397 715
62 719
573 851
22 85
55 360
51 481
13 642
295 695
101 723
151 757
718 856
513 861
516 924
266 301
144 650
612 742
650 757
407 790
129 854
128 880
658 889
898 915
756 972
551 977
78 230
431 502
260 657
260 290
2 432
420 442
563 984
163 324
265 557
529 656
132 697
816 927
60 140
31 161
188 319
78 459
173 473
157 641
149 778
203 835
105 964
859 965
21 966
898 992
130 150
282 445
296 548
166 850
17 955
162 966
235 322
403 546
473 558
605 750
390 467
337 708
395 716
752 854
295 908
129 217
235 281
145 604
13 683
806 889
129 258
79 514
274 632
350 671
45 243
196 451
352 710
529 778
353 489
388 601
255 727
699 994
348 523
634 951
329 425
186 718
73 928
175 364
0 369
74 418
517 548
63 595
541 632
305 635
509 708
440 726
449 761
454 807
270 959
22 980
75 233
34 328
235 394
421 527
627 660
123 266
126 366
365 572
747 780
788 893
395 993
146 999
425 524
161 570
41 583
612 707
375 786
757 859
379 894
837 910
754 911
32 944
250 479
155 499
9 818
943 949
503 965
382 650
231 716
553 988
141 259
606 719
444 765
81 942
242 988
80 659
178 711
453 917
198 546
158 583
445 653
417 792
151 859
382 859
64 73
21 212
595 663
296 676
462 841
66 939
263 963
71 82
41 192
200 275
329 489
280 441
146 911
683 948
686 993
5 397
328 480
27 788
798 866
605 996
81 302
60 401
99 418
372 617
671 680
499 860
256 906
310 937
54 982
334 367
357 578
377 587
591 704
577 748
518 825
409 876
771 774
127 785
239 286
195 326
329 422
562 735
76 741
339 764
263 784
777 831
437 901
358 907
32 921
27 330
410 810
308 853
59 922
157 431
291 857
369 949
292 607
606 679
821 935
21 990
11 451
10 568
12 735
370 814
201 628
739 872
767 984
174 206
72 242
28 249
71 562
319 599
14 628
550 697
30 741
360 745
465 828
462 854
248 904
177 918
120 936
468 978
728 983
70 988
95 993
197 270
50 519
555 567
440 981
360 438
39 505
582 830
8 968
394 975
157 502
297 761
122 500
718 769
594 827
836 928
2 216
233 496
153 504
380 577
421 593
936 940
583 959
586 987
17 992
206 465
348 526
431 659
456 697
59 758
341 528
275 620
69 669
224 356
365 396
381 398
260 636
431 645
264 820
303 827
96 243
110 375
209 441
491 589
685 752
77 825
131 861
617 960
143 339
114 425
349 588
291 591
617 743
91 770
27 893
262 506
72 697
280 803
153 989
589 998
166 626
102 511
429 577
514 580
161 691
212 709
267 711
1 867
481 931
10 15
55 383
824 825
331 848
516 876
334 900
413 936
9 316
91 670
405 675
61 801
748 837
764 907
884 966
176 435
275 696
315 754
415 759
444 810
36 40
84 318
237 411
540 643
173 481
82 562
204 715
371 908
705 959
519 706
513 760
802 950
29 148
89 188
8 329
93 487
169 497
234 589
553 599
363 667
196 796
211 892
360 835
55 580
359 632
622 733
607 976
10 137
387 580
920 936
249 434
405 463
309 543
283 810
752 841
209 277
270 374
155 453
217 462
484 714
88 719
198 789
441 803
356 938
637 961
55 79
18 330
258 462
57 614
383 421
443 608
875 967
339 346
281 435
30 720
351 722
785 823
399 844
655 915
245 262
453 860
41 896
38 908
319 947
248 303
266 419
253 490
522 612
62 615
420 939
39 123
81 462
123 569
536 602
250 965
709 990
110 226
508 641
787 976
525 725
74 412
458 517
659 788
5 868
864 898
70 599
97 660
95 716
188 947
214 381
533 841
451 867
105 600
570 691
853 961
534 597
124 633
749 829
749 902
891 904
535 991
507 750
373 862
603 895
216 969
766 982
51 208
249 294
188 529
130 720
675 849
21 573
675 695
23 318
299 560
16 775
477 815
12 71
55 133
424 528
755 884
577 910
161 994
254 399
196 847
610 895
898 955
302 631
163 698
785 887
520 542
601 725
222 873
466 503
73 808
683 715
765 795
484 964
169 202
44 233
183 483
118 700
122 572
549 638
573 640
80 680
284 741
726 779
774 834
143 838
464 843
349 918
130 284
136 762
779 920
605 944
107 387
113 449
335 581
460 641
64 836
754 784
177 830
709 884
863 889
0 943
72 132
166 261
394 566
119 642
39 725
758 811
137 328
462 512
467 547
338 770
431 788
589 820
409 924
640 990
261 277
8 479
26 498
183 548
500 572
177 588
405 596
502 671
282 708
203 736
16 875
437 896
755 966
681 746
463 776
626 897
39 301
252 379
267 408
72 456
544 628
146 963
87 812
853 956
265 294
235 435
474 556
206 828
169 198
440 527
79 710
103 714
559 853
144 859
396 881
323 978
369 396
308 637
314 877
611 969
30 210
43 640
218 467
558 740
118 798
808 836
523 879
55 514
672 717
883 930
331 792
126 257
50 470
115 568
707 742
258 942
701 999
127 256
325 525
191 610
149 656
621 702
271 815
48 858
422 968
292 976
622 995
96 490
599 656
306 738
386 811
466 859
18 893
552 972
220 269
344 651
474 673
251 695
49 713
289 777
299 406
237 499
347 590
222 850
622 857
134 900
23 214
159 350
311 370
79 387
332 402
114 524
602 608
482 769
501 805
775 967
820 977
573 709
593 832
367 838
785 906
882 906
841 942
156 943
204 948
624 999
222 626
157 893
401 938
165 385
424 906
44 336
156 572
31 699
218 787
285 833
764 909
65 997
344 449
14 681
256 341
353 384
69 578
159 621
564 632
2 683
80 689
2 815
86 853
454 937
86 961
580 710
320 549
150 602
280 724
733 817
369 881
217 942
337 400
282 522
287 342
104 373
12 497
47 970
709 991
171 195
100 437
577 846
356 886
4 74
459 625
303 907
82 169
275 321
245 563
172 378
320 609
857 863
692 998
178 195
229 320
344 370
324 593
20 635
370 651
179 672
153 774
403 800
940 963
427 443
159 246
466 479
230 625
203 646
621 650
324 698
768 808
274 905
7 911
25 921
726 936
944 996
201 681
653 708
576 916
472 937
250 353
296 483
101 541
584 590
329 674
167 805
526 885
529 886
824 894
245 914
181 201
81 129
17 534
12 562
143 581
269 974
227 274
512 614
426 627
209 280
352 360
81 614
639 883
47 405
97 627
190 767
840 902
597 655
556 899
476 530
311 595
310 705
672 762
49 878
5 948
60 224
99 412
196 433
431 641
261 781
823 882
21 884
501 894
227 905
732 918
120 963
26 273
415 657
527 832
512 942
925 975
391 642
111 813
238 833
592 875
523 885
395 958
172 291
106 442
310 472
216 664
341 727
741 935
585 950
281 975
401 410
44 531
342 612
61 701
392 857
666 927
772 952
229 638
463 675
502 689
122 881
367 586
408 734
438 832
288 520
537 855
755 990
86 308
195 782
110 909
39 325
250 391
412 429
173 448
396 500
310 583
508 621
631 826
577 837
461 894
902 903
444 938
570 994
82 497
74 537
522 707
21 897
54 299
129 512
854 942
76 284
79 360
505 525
103 550
497 735
373 800
80 842
554 939
572 949
337 509
270 583
512 631
211 639
29 665
538 673
692 887
850 897
125 996
293 299
18 460
321 688
238 285
246 671
468 673
179 692
52 841
414 880
436 454
422 479
400 825
257 867
538 556
14 181
137 568
95 958
118 148
445 498
168 524
390 547
68 585
212 640
212 755
263 779
431 644
375 844
283 926
1 333
19 371
93 453
431 460
90 482
296 517
181 544
140 778
473 931
486 997
327 598
25 605
177 946
85 343
296 458
61 624
301 725
102 728
341 823
263 911
22 555
637 853
177 317
479 489
48 750
460 502
144 868
397 948
177 180
309 925
588 732
461 805
318 891
479 965
250 466
225 558
174 699
819 885
750 921
12 169
267 951
26 539
588 941
834 958
109 113
30 130
80 157
13 204
556 618
314 690
50 706
531 737
355 819
868 893
720 935
271 964
21 991
597 992
231 993
704 995
574 678
591 773
220 414
483 676
291 704
698 832
421 936
36 425
508 659
335 838
226 581
346 581
287 994
306 506
0 572
410 795
677 797
12 202
303 594
361 707
287 742
702 760
175 827
49 872
851 897
892 930
532 542
413 593
599 697
4 99
60 149
104 207
184 527
446 668
421 698
147 758
256 785
256 882
726 963
204 472
113 761
331 399
170 579
67 588
178 634
342 707
603 791
104 800
658 857
559 961
210 603
495 624
307 526
442 878
90 158
303 891
11 257
174 691
115 858
67 918
416 986
40 97
330 376
207 555
185 653
641 689
130 741
754 816
149 947
784 999
76 150
71 497
229 545
360 580
245 767
896 937
921 944
881 949
50 985
171 178
119 216
90 583
598 647
260 759
348 879
76 892
452 911
112 210
411 517
217 752
182 836
318 368
540 585
369 646
370 747
626 755
210 892
281 322
97 426
558 888
412 418
391 683
26 809
446 825
262 984
226 339
535 675
177 732
12 85
303 358
223 687
117 706
90 769
20 25
18 157
110 346
32 507
430 615
52 792
791 895
830 918
234 977
496 737
198 871
178 951
32 996
294 434
495 701
1 847
202 735
508 777
101 227
63 311
383 413
139 423
192 705
53 728
55 835
11 847
685 969
283 765
590 770
162 535
308 559
141 630
337 707
693 895
599 947
436 964
543 975
105 436
436 600
74 661
160 666
832 936
78 388
305 390
339 478
830 941
243 253
301 325
334 335
99 537
118 665
159 859
918 941
920 963
9 66
196 257
173 558
332 618
30 892
680 893
493 953
352 957
315 999
82 202
616 743
441 930
886 938
328 635
533 792
189 732
160 834
134 983
266 388
399 729
373 852
5 13
34 103
210 211
229 549
772 811
42 813
380 837
709 897
323 934
900 983
65 708
338 743
87 752
56 457
189 604
122 654
228 704
702 831
434 845
945 989
221 993
863 995
106 316
103 390
543 566
499 684
134 728
305 480
5 683
90 192
156 247
248 364
393 479
618 673
443 758
469 786
449 817
141 899
351 925
225 972
119 391
27 460
524 674
150 720
671 788
297 817
212 991
401 444
18 680
552 698
573 755
527 920
232 295
264 491
567 652
133 710
755 897
904 983
155 237
118 439
87 685
172 806
147 811
73 464
144 503
395 874
54 560
440 779
95 874
513 956
244 980
188 224
227 564
478 586
122 703
367 728
733 761
695 849
210 791
576 980
32 48
472 807
104 343
268 549
154 692
264 692
270 705
627 712
516 733
7 816
846 855
341 906
468 556
740 972
182 306
270 310
473 481
325 486
85 567
89 568
482 751
668 802
383 835
575 919
164 923
383 936
694 973
556 978
196 366
367 478
164 486
50 796
834 874
252 950
184 383
543 722
265 845
916 944
13 119
321 470
686 716
365 736
152 741
89 778
547 787
77 894
410 938
521 746
588 830
143 334
110 469
23 579
261 724
44 737
11 196
249 420
119 664
405 776
100 158
71 202
84 303
119 477
647 797
700 798
284 935
914 984
504 999
405 662
233 681
206 782
397 868
170 368
192 583
936 981
22 343
337 522
35 676
90 705
599 778
873 897
156 949
591 995
59 386
533 854
531 962
933 978
658 995
46 415
581 648
598 677
595 814
70 72
41 197
336 521
738 808
771 834
162 851
149 319
206 570
121 622
77 164
95 221
88 606
549 609
55 745
7 784
695 908
640 926
141 187
25 305
35 548
404 462
513 702
464 768
218 901
60 89
106 249
239 884
362 952
463 970
61 989
750 996
62 255
335 346
358 364
412 855
99 997
63 407
361 825
94 941
81 404
168 512
14 954
477 969
323 694
327 797
865 888
87 425
287 691
881 943
937 959
55 352
59 772
219 790
333 867
212 966
322 975
85 198
126 243
176 322
234 551
390 635
397 642
587 703
142 230
13 397
93 499
307 348
413 440
343 576
100 705
160 771
60 188
34 305
134 339
9 420
323 538
169 562
427 606
23 628
487 684
142 725
606 727
224 778
0 881
392 995
113 135
671 893
379 461
160 315
851 884
148 915
61 153
5 391
127 424
216 432
142 459
349 532
484 600
99 661
135 780
349 830
597 864
518 894
330 959
141 402
198 403
164 518
500 703
716 801
731 876
221 686
258 752
457 765
516 817
151 961
20 480
428 856
277 280
175 303
151 650
156 730
392 731
498 734
138 760
699 799
130 892
65 337
428 482
500 654
528 882
113 960
291 622
660 712
267 869
127 882
336 496
152 935
626 990
140 356
45 366
4 537
439 700
372 770
317 783
702 861
740 888
385 889
197 937
878 939
834 945
597 955
174 994
534 915
82 85
224 319
138 419
94 511
151 513
496 531
53 582
163 593
795 810
335 909
550 599
595 780
466 968
162 286
84 364
153 666
392 704
323 913
194 523
405 575
587 654
137 656
541 723
527 726
249 753
476 813
551 820
164 894
339 909
596 919
119 948
384 968
275 450
491 565
564 723
266 725
26 267
23 368
6 469
25 607
289 702
117 796
462 826
183 860
130 883
458 483
419 569
21 626
516 731
641 788
152 821
673 933
85 980
302 462
75 681
207 916
201 954
382 965
193 971
456 619
92 160
502 508
400 518
629 682
275 706
304 946
203 360
268 439
123 601
464 836
307 885
731 924
963 999
61 315
507 944
163 972
274 564
522 708
168 302
0 365
142 419
46 759
502 788
228 857
507 858
193 867
602 883
567 916
472 959
10 328
394 435
129 533
363 914
582 588
714 964
757 965
55 387
37 498
379 501
182 506
408 634
350 641
29 700
105 714
495 726
180 830
827 907
754 927
573 991
37 185
213 231
194 307
237 684
246 702
870 926
240 416
704 857
578 874
40 114
182 245
271 454
382 466
411 483
586 649
246 650
183 676
213 686
632 723
388 725
464 738
502 842
808 843
248 900
303 904
92 927
398 954
325 997
83 470
47 471
503 513
298 551
682 902
826 942
87 168
113 297
123 388
353 393
120 527
447 902
509 997
453 684
542 687
28 721
568 947
340 386
129 404
18 645
915 992
213 221
248 318
146 754
63 814
672 877
53 941
343 403
438 514
140 656
80 671
807 815
900 907
334 478
98 770
628 954
478 581
75 181
225 888
338 960
336 962
183 917
147 922
161 174
38 232
151 308
384 425
444 469
484 547
72 553
85 576
404 614
427 615
346 907
582 918
106 939
635 929
100 937
467 976
27 157
105 271
159 503
529 599
137 778
645 788
705 896
504 911
605 929
417 988
754 999
128 227
108 919
219 407
436 815
228 817
374 397
190 563
259 630
466 757
695 776
390 787
254 844
911 999
92 238
152 340
280 389
318 579
426 584
242 599
37 653
29 655
491 820
159 868
816 911
5 204
146 779
65 400
77 400
375 469
154 264
249 265
84 313
271 432
74 997
263 999
109 449
230 601
125 607
655 721
302 942
248 313
161 630
210 783
801 834
204 374
332 474
459 601
225 657
6 795
429 846
342 423
514 745
72 619
629 840
769 856
181 628
458 866
151 956
521 531
224 656
409 731
651 747
783 892
722 925
297 344
143 367
50 433
410 457
70 550
442 554
471 640
505 725
198 735
747 814
173 865
291 889
655 898
393 965
566 975
697 988
172 658
569 805
231 686
379 802
783 791
493 875
350 659
47 662
550 714
752 812
121 291
203 438
149 529
584 627
103 635
52 129
288 532
336 737
592 953
801 989
59 147
183 517
879 885
364 891
334 904
365 949
259 515
915 955
71 198
108 366
614 631
165 658
29 915
756 931
43 47
423 446
300 498
525 569
144 621
514 710
659 893
250 968
990 991
311 747
61 999
236 493
109 780
106 818
365 881
0 145
9 434
437 475
355 505
46 636
276 712
6 938
966 990
374 376
27 397
300 612
383 745
496 746
339 900
748 910
202 343
110 764
140 224
339 581
94 582
339 648
358 764
75 843
310 896
339 907
771 989
57 81
73 182
161 187
47 236
236 405
133 438
80 460
351 566
441 724
452 754
756 890
890 931
328 947
551 998
9 249
454 600
540 950
0 156
46 290
347 426
185 445
354 739
657 888
213 958
313 358
721 753
573 966
122 365
18 431
606 615
132 619
474 643
645 680
52 854
112 895
84 904
211 930
2 13
144 350
221 395
500 730
218 390
527 940
202 546
281 566
282 809
805 894
448 931
323 468
591 622
427 719
60 886
755 991
179 717
158 896
67 177
197 330
156 369
310 454
384 479
504 666
510 763
617 770
246 777
658 806
143 870
390 929
404 942
114 168
57 175
488 552
504 784
374 788
324 972
66 249
239 389
187 402
873 926
25 976
162 239
116 276
149 568
290 636
668 825
430 719
231 801
598 872
679 882
295 623
347 627
129 826
574 852
894 923
224 938
129 302
49 327
41 376
419 601
297 704
268 866
765 953
116 960
172 995
11 333
185 418
40 674
335 764
600 937
27 680
278 682
626 709
10 858
321 519
383 527
100 583
357 834
364 907
354 912
495 920
243 490
199 762
343 793
25 32
380 429
135 747
182 984
30 112
221 476
291 658
514 835
451 847
335 870
237 917
43 926
861 956
353 466
256 528
252 585
22 652
702 777
278 840
404 854
89 947
226 335
143 346
513 650
322 394
157 508
201 746
524 812
135 814
799 828
809 869
647 878
891 900
251 908
532 941
335 367
126 451
191 730
452 784
918 946
204 330
350 460
155 487
657 740
90 751
121 773
535 851
366 867
650 965
144 246
462 533
832 835
165 863
883 892
332 899
143 909
108 126
542 604
161 799
32 929
262 306
26 408
214 628
215 722
403 793
50 83
421 438
35 483
550 553
87 611
618 643
89 656
444 795
629 806
904 907
673 978
242 550
145 687
83 688
234 692
52 848
158 197
41 310
134 904
127 154
339 367
6 401
162 709
255 719
14 746
60 938
323 973
542 890
668 950
160 504
154 589
216 611
664 683
870 909
899 978
460 508
458 548
47 596
132 599
431 671
150 741
10 947
228 995
57 826
291 863
178 241
512 854
93 205
283 471
565 566
517 676
134 838
123 419
36 426
350 650
168 826
698 835
41 959
496 744
115 137
83 275
122 369
266 525
19 623
573 626
378 658
119 715
551 762
666 774
113 817
327 872
327 878
541 905
850 926
90 428
186 428
202 789
138 861
452 927
712 962
884 991
11 366
282 498
79 957
967 985
94 349
201 544
212 626
359 856
662 919
300 408
241 782
263 981
706 985
149 224
128 269
156 396
297 733
731 733
112 152
43 283
36 329
53 511
72 714
152 720
669 771
541 842
619 988
122 156
137 188
360 383
552 593
537 661
228 761
162 849
665 915
59 284
234 491
343 497
83 519
545 676
424 727
889 995
53 102
182 563
276 616
304 732
386 821
704 733
533 848
261 586
598 713
401 795
164 824
125 921
45 257
37 282
230 289
287 423
401 457
463 535
72 550
256 623
402 630
210 693
153 754
621 757
92 774
794 875
226 907
607 921
563 928
558 931
533 942
812 969
187 259
78 289
394 565
55 832
482 856
20 32
18 270
184 324
195 465
292 818
838 987
315 989
75 464
51 473
510 554
292 455
328 550
406 560
571 722
153 834
75 201
399 417
3 458
400 509
207 576
482 644
786 938
681 954
965 968
850 990
100 310
35 860
435 975
208 544
497 546
405 695
665 721
78 725
569 725
228 731
334 764
977 998
200 620
15 480
347 633
200 696
382 956
274 359
659 689
870 873
455 976
52 462
10 480
75 521
34 550
584 633
583 896
374 959
849 991
197 472
343 555
22 497
109 814
154 823
135 449
448 481
294 557
315 666
62 679
508 680
413 698
611 752
480 858
52 942
239 966
0 223
6 283
443 485
14 544
374 893
466 961
20 34
22 202
27 270
127 341
34 390
134 478
108 796
637 956
624 726
385 857
138 388
837 846
353 965
121 297
212 535
775 985
100 192
137 319
383 440
247 500
621 671
200 688
314 717
600 807
238 927
921 929
580 957
271 600
485 602
561 749
498 869
14 75
84 175
207 450
434 557
297 622
508 689
80 788
13 807
640 850
250 859
511 983
205 354
227 414
289 459
213 801
83 862
229 268
140 529
369 736
110 786
529 947
784 963
535 966
329 353
319 553
204 642
162 884
155 917
142 289
421 440
130 602
49 647
554 763
56 795
334 838
196 867
313 891
242 619
179 762
469 810
197 896
44 746
475 797
701 945
796 985
134 143
20 390
20 605
165 629
271 664
133 745
530 813
58 101
256 371
158 376
164 501
382 621
195 711
653 809
478 870
267 539
228 516
621 777
367 983
134 335
157 350
58 541
270 751
588 946
145 949
330 397
159 757
395 801
382 861
367 900
228 297
131 702
482 718
173 756
639 783
172 863
301 486
420 554
230 831
24 877
235 925
352 387
361 708
663 933
2 948
578 958
701 726
864 915
380 505
56 592
545 638
157 645
461 766
677 878
772 922
486 569
159 671
465 799
757 956
222 277
292 316
140 319
1 451
237 453
369 500
407 595
544 843
758 922
848 988
713 763
77 167
31 259
119 432
75 496
194 526
68 540
288 542
281 565
527 593
144 757
581 764
451 796
757 861
320 866
190 888
600 901
48 944
282 337
40 627
58 879
1 433
58 625
533 752
822 830
53 67
559 633
38 675
100 197
137 599
116 617
124 637
279 690
52 729
367 987
3 118
343 567
386 935
101 632
794 796
556 933
572 943
624 945
16 56
91 347
356 529
456 599
113 651
589 692
12 980
86 124
11 433
342 446
241 465
80 645
31 691
350 777
268 798
273 809
667 813
504 927
713 939
123 142
204 454
443 536
429 748
180 783
167 518
60 529
380 748
497 789
440 832
491 932
440 963
51 173
535 573
2 642
383 698
278 806
213 874
45 96
76 210
702 757
727 906
794 919
716 945
21 162
139 825
317 830
167 923
41 90
137 149
1 193
332 423
38 623
182 768
159 893
334 983
31 994
491 566
227 632
47 776
847 867
45 919
86 956
72 988
15 48
94 532
184 936
237 860
648 907
340 922
140 947
161 287
181 464
238 492
402 556
238 666
60 778
459 831
641 842
275 470
361 509
103 547
351 571
63 663
438 698
431 751
474 899
236 919
121 995
130 639
411 763
306 808
857 889
618 899
93 912
198 343
65 361
79 438
25 467
246 641
625 689
597 753
133 835
369 943
47 675
112 791
488 890
569 923
16 272
143 586
383 593
688 706
181 746
670 770
651 780
673 899
694 934
190 984
3 268
577 661
69 771
715 868
255 882
114 329
159 382
124 559
136 672
585 802
815 964
375 648
26 734
755 850
303 900
144 382
438 580
91 584
442 598
59 935
25 996
109 747
85 169
738 744
433 796
182 808
448 888
57 302
4 418
47 575
382 702
129 752
330 788
513 859
675 970
146 504
265 753
150 883
35 917
92 153
224 401
15 568
321 620
493 662
477 683
586 822
87 854
564 856
397 893
315 911
184 438
218 484
309 571
572 646
501 766
689 777
591 857
262 914
376 937
49 677
165 806
19 232
149 356
57 594
610 693
287 699
344 761
191 247
70 319
439 609
355 725
261 838
28 434
393 466
262 563
31 570
143 764
29 798
30 284
436 472
329 524
388 569
587 730
134 586
232 695
18 751
467 929
94 102
133 387
124 489
18 659
630 699
387 710
521 737
691 799
323 933
624 963
329 968
458 979
188 356
188 599
23 954
321 450
392 516
133 957
140 401
457 493
159 508
167 569
84 594
443 602
626 640
152 693
94 728
698 745
266 805
379 824
642 868
922 935
779 936
555 980
143 226
135 311
236 592
598 939
90 376
61 504
58 842
640 873
471 953
8 250
66 316
178 326
394 543
192 797
61 834
66 878
413 920
123 325
232 528
396 646
896 901
189 223
308 466
487 494
23 33
53 349
486 805
125 818
30 152
11 193
437 455
66 554
315 784
223 949
31 287
78 831
512 841
255 427
45 490
7 754
457 810
782 828
800 871
98 293
39 569
211 791
100 797
430 932
807 948
701 963
165 682
138 766
144 893
102 904
607 996
225 324
475 677
806 863
154 256
370 449
164 461
290 759
192 769
740 865
49 939
93 494
189 588
522 653
547 714
371 887
331 988
441 639
13 664
446 707
44 744
200 470
50 196
36 524
86 633
366 796
216 815
745 832
600 964
19 253
90 270
231 395
410 469
80 508
507 605
187 699
154 906
372 960
310 330
207 343
95 357
422 425
378 629
76 639
207 793
913 973
45 108
244 567
153 945
308 513
235 566
321 696
736 745
317 946
373 450
647 872
232 256
50 321
216 683
350 702
425 812
252 894
67 94
361 446
305 467
172 591
811 935
123 505
475 647
400 707
554 713
666 754
51 931
304 943
922 952
466 650
693 791
619 848
767 928
559 956
87 114
320 439
6 457
677 872
240 278
147 362
163 488
131 513
148 721
392 817
26 37
148 597
326 782
256 887
19 908
750 916
197 374
356 410
395 686
408 711
85 735
530 749
432 807
334 907
272 967
31 141
56 272
24 279
266 601
402 618
509 653
382 760
563 836
573 850
624 920
231 945
314 971
776 991
138 289
51 448
436 484
603 610
95 686
391 715
54 766
626 851
76 883
491 998
36 124
12 198
5 119
295 371
277 441
376 472
498 522
335 648
784 816
801 958
457 592
358 594
437 797
389 884
873 990
12 22
650 702
757 760
789 800
326 465
137 480
350 680
400 824
202 403
389 441
425 489
340 741
339 838
247 881
46 260
850 870
298 977
177 349
254 375
368 511
313 907
109 297
445 522
401 765
504 816
896 959
82 198
357 395
823 887
251 405
472 948
132 550
188 568
424 623
528 623
582 649
246 659
174 465
552 756
155 860
106 434
284 602
189 918
807 964
144 965
300 522
177 582
701 801
404 841
296 866
713 872
455 901
897 926
13 472
250 503
427 608
733 857
247 943
17 898
158 959
236 272
443 772
172 857
378 863
599 988
462 752
547 901
248 907
779 999
109 311
250 422
356 444
231 495
520 532
325 569
261 626
80 644
627 670
424 785
165 889
350 893
810 953
199 298
279 314
377 500
33 544
105 547
4 577
502 645
636 657
423 742
705 937
760 956
763 979
39 266
269 414
48 605
166 870
219 934
426 660
679 719
316 878
730 881
83 117
151 250
27 204
151 479
235 543
393 642
27 645
516 761
230 777
63 780
343 800
22 916
701 920
471 926
146 981
28 265
576 652
251 675
646 745
186 769
796 847
9 442
212 850
62 443
444 457
419 725
330 751
781 897
72 964
227 359
301 419
221 716
522 742
399 786
25 787
616 962
43 463
463 596
384 674
359 723
649 728
201 843
768 843
319 886
409 516
312 852
211 317
142 831
685 854
27 868
120 413
21 850
266 923
334 346
99 509
140 568
624 801
65 99
214 318
147 386
104 403
46 495
328 599
503 621
513 621
195 634
320 638
105 807
668 824
513 961
154 998
146 315
49 442
480 929
227 541
261 873
401 886
183 411
433 451
519 796
163 184
493 575
521 681
865 931
529 553
321 862
1 196
89 319
432 436
671 689
697 714
131 766
82 980
728 987
167 997
37 273
118 655
315 774
811 952
544 579
98 590
557 652
174 782
802 824
535 990
276 531
295 675
146 701
50 847
621 859
264 887
23 84
89 137
291 392
92 492
146 624
406 766
958 989
28 420
169 546
100 959
385 995
670 712
449 733
455 787
192 896
314 672
413 726
459 777
175 248
117 321
248 594
205 684
641 893
103 484
664 807
284 811
382 961
176 281
460 645
341 679
400 708
357 771
359 482
350 502
361 518
107 580
325 661
407 663
644 680
531 744
490 877
764 900
396 949
664 969
27 431
18 644
625 842
61 160
7 263
187 287
91 338
308 382
8 425
378 804
200 321
645 659
334 728
644 788
528 823
173 890
429 910
243 919
53 983
185 282
113 370
402 474
541 564
229 676
343 789
41 797
396 654
91 712
188 886
57 381
203 514
280 884
178 267
278 378
56 493
665 798
281 932
215 309
358 648
389 883
108 257
359 541
0 646
385 806
793 862
44 75
335 586
355 601
740 756
258 792
95 801
500 943
56 953
716 958
2 969
919 970
71 85
649 830
202 871
229 296
170 511
67 649
397 683
445 708
533 729
324 740
14 843
488 931
346 358
67 822
41 937
131 289
33 318
432 683
102 900
729 844
4 855
225 865
637 968
0 396
88 443
463 471
30 603
633 637
448 740
372 743
692 820
582 822
429 855
475 901
413 940
272 953
799 994
170 288
18 397
469 648
396 703
261 803
330 893
454 959
245 506
539 951
142 266
755 781
261 850
755 873
69 357
191 587
83 852
613 902
463 662
128 723
52 752
64 865
267 273
73 843
179 887
100 901
52 331
78 355
208 481
64 808
746 843
136 298
192 428
489 674
222 724
819 879
153 999
778 886
203 365
75 738
821 922
500 949
514 957
119 393
232 424
119 815
538 899
122 377
394 932
116 338
246 460
340 720
469 765
640 851
226 358
301 388
312 800
766 923
204 959
527 981
13 454
247 610
721 845
456 550
81 854
574 862
177 941
504 989
59 150
90 197
3 320
65 486
403 497
727 823
222 838
168 854
391 868
583 937
758 952
616 960
225 756
158 310
5 393
104 450
447 629
473 740
7 146
183 237
103 328
120 495
325 505
398 681
200 706
446 742
595 747
182 767
469 909
757 961
897 966
351 975
77 361
25 390
361 522
37 869
307 879
865 928
189 946
553 656
308 757
412 846
116 962
432 969
554 979
165 278
110 581
418 661
781 870
244 557
434 753
184 835
524 631
736 835
629 903
289 388
482 645
622 817
421 835
56 875
393 968
176 430
165 447
225 552
383 580
578 771
463 849
19 179
162 212
282 509
330 583
597 665
431 689
217 792
257 796
148 798
664 948
411 510
87 674
138 831
106 878
125 244
365 500
622 761
431 842
19 887
20 921
945 958
60 656
804 986
609 700
753 898
126 919
243 251
89 356
126 490
337 612
393 683
127 727
496 738
686 759
200 775
568 778
589 785
364 904
411 979
429 537
431 893
15 137
121 228
95 231
8 393
271 484
508 702
493 795
81 841
787 901
395 945
14 214
404 524
492 833
213 945
344 960
276 336
287 612
384 812
43 897
299 982
19 96
135 297
283 410
52 417
271 472
426 633
27 659
485 679
449 704
511 728
808 928
801 993
115 480
13 815
183 296
204 310
352 438
218 600
162 755
20 858
783 930
165 378
41 437
411 548
612 734
413 438
802 894
158 797
741 821
634 869
442 713
392 761
193 279
164 569
438 593
524 752
70 529
85 555
264 785
454 948
87 404
64 448
387 514
495 527
114 631
592 662
687 732
374 751
666 816
408 869
127 887
797 896
391 948
20 48
248 827
807 937
102 134
56 401
327 475
16 592
30 693
63 773
728 900
437 937
22 82
316 420
579 628
240 629
619 792
609 798
418 855
79 383
79 107
344 780
566 925
286 966
220 227
15 328
226 375
88 430
391 479
330 645
166 838
573 873
478 909
239 991
466 956
4 325
183 499
524 685
38 371
393 422
526 819
315 927
911 963
34 137
64 208
88 255
255 485
613 749
685 841
302 854
393 859
118 866
124 968
275 519
287 630
610 730
624 779
539 809
656 886
288 890
175 891
182 928
34 929
961 965
74 509
81 631
210 639
311 663
707 708
709 850
283 444
346 478
343 546
337 653
237 763
166 277
305 605
208 843
376 896
733 995
30 150
297 370
316 442
159 460
397 472
607 787
344 814
131 831
536 883
473 888
45 253
240 378
29 439
420 845
125 292
42 667
277 781
32 305
143 648
263 754
684 912
24 971
65 74
115 328
236 463
73 563
58 905
624 981
54 293
897 991
74 429
201 214
290 324
110 358
168 425
92 504
497 871
713 878
410 953
794 967
100 376
472 715
804 806
252 668
680 689
546 800
105 218
93 237
52 254
13 432
26 445
57 512
356 778
167 894
520 931
891 983
792 988
874 989
228 449
64 563
21 640
374 645
535 695
844 938
98 372
310 374
427 679
444 786
78 419
315 701
469 938
244 265
228 291
383 387
590 712
253 717
528 727
262 767
593 835
333 971
204 270
55 421
374 460
557 845
406 853
30 211
121 449
200 519
334 586
173 740
663 780
394 925
701 779
13 391
214 398
38 405
400 446
217 512
89 529
497 562
532 588
70 656
692 785
240 806
75 808
185 809
340 811
659 842
626 926
52 399
655 753
528 908
263 940
332 556
291 773
144 151
157 246
156 365
378 385
103 480
605 607
78 625
53 649
181 681
204 683
450 862
371 424
433 574
124 674
623 695
203 698
30 639
535 709
399 792
121 857
594 891
185 537
169 789
782 799
481 865
81 258
186 354
408 498
289 601
167 824
621 831
420 878
261 987
297 392
463 640
272 662
381 681
519 775
646 835
748 855
212 873
614 942
701 981
124 329
463 573
18 671
174 828
92 285
329 812
566 932
286 991
89 224
367 649
470 775
703 881
166 897
133 383
355 459
301 505
436 664
210 741
751 788
260 888
375 399
411 458
498 653
2 715
625 777
460 868
654 881
339 904
646 949
46 231
232 251
272 794
151 968
552 740
16 985
315 624
578 669
488 740
180 946
144 671
362 772
683 815
38 849
167 301
661 855
411 499
383 514
502 644
641 777
21 873
187 899
81 217
103 697
225 448
15 507
449 622
779 784
160 945
273 498
262 836
405 849
76 935
558 972
190 245
1 257
225 488
43 573
628 681
801 874
5 893
315 945
503 956
720 892
632 905
166 478
33 511
472 600
157 644
25 750
246 757
278 903
87 841
826 854
306 464
731 857
800 862
846 910
869 951
145 189
0 500
331 533
575 592
125 605
120 624
481 890
2 271
458 510
258 512
47 640
204 807
55 203
189 304
60 319
83 450
250 489
272 575
0 604
26 634
207 696
360 710
586 728
158 769
162 776
592 795
348 885
248 983
427 485
427 758
743 770
386 952
432 964
58 274
59 340
353 391
173 488
417 533
547 600
462 614
258 729
112 741
671 777
771 874
589 887
223 542
596 675
3 700
212 884
91 98
568 656
458 676
107 710
20 750
257 847
399 848
448 928
981 999
13 271
230 355
131 419
563 768
24 136
92 315
412 577
138 702
140 886
130 930
301 601
92 771
630 899
750 929
108 451
320 798
623 823
331 844
555 944
150 935
776 970
192 197
120 263
24 672
298 762
14 381
225 473
464 746
84 900
887 998
26 300
278 447
197 454
329 479
189 542
222 586
207 620
111 686
206 699
607 818
729 942
504 774
502 893
264 977
209 261
0 736
284 340
23 544
418 653
423 668
651 814
371 823
419 923
417 456
64 464
20 467
21 535
911 927
430 565
153 801
530 902
87 329
162 573
27 751
165 840
93 917
55 936
503 961
78 123
237 483
35 517
300 742
4 846
891 907
765 938
690 971
255 341
389 536
958 993
330 705
913 934
752 942
184 552
661 846
800 852
436 937
77 379
390 480
120 701
289 760
270 472
775 875
167 325
104 555
931 972
66 818
56 60
180 211
270 645
324 657
256 727
121 392
283 469
463 575
216 812
767 836
380 846
226 870
176 235
222 478
150 608
434 818
760 831
528 849
204 868
650 868
108 196
539 634
422 674
584 712
490 717
153 771
395 834
441 883
497 980
550 635
684 917
666 989
237 517
222 870
141 978
41 270
3 665
212 776
720 821
308 965
246 382
45 451
168 462
532 582
525 601
252 824
479 859
829 902
158 270
175 358
390 714
296 320
57 398
212 463
70 619
409 744
163 756
573 776
77 805
306 836
793 852
887 906
379 923
495 940
716 874
148 898
40 124
190 260
113 743
530 829
517 979
3 296
640 709
292 787
350 788
246 831
346 870
59 952
227 974
408 782
508 788
688 862
90 959
139 342
387 440
103 467
251 596
540 618
157 689
527 698
166 755
704 773
79 835
733 924
280 930
771 958
391 965
98 299
103 305
401 810
741 892
901 937
742 994
133 203
194 879
99 429
168 674
216 685
79 745
222 755
301 805
508 893
300 994
360 387
330 472
466 513
524 611
438 936
752 969
247 304
347 712
210 895
730 943
173 972
138 142
55 710
470 796
343 871
907 909
86 968
43 990
884 990
481 520
643 673
99 325
204 376
18 502
511 579
324 421
226 469
292 475
2 807
936 963
91 276
201 381
405 535
202 562
508 831
649 838
787 929
226 334
283 795
529 988
225 290
60 410
486 525
588 687
352 745
61 774
859 868
207 373
622 731
592 967
112 610
433 867
27 671
836 843
767 888
159 965
267 734
254 786
774 945
815 948
201 233
22 244
157 374
192 376
266 486
308 503
414 723
30 935
481 558
361 612
253 877
726 999
173 225
210 720
233 738
581 838
28 66
181 208
657 759
308 861
96 126
155 205
14 233
233 336
230 388
13 477
379 518
325 725
184 745
102 891
130 210
497 567
39 355
264 551
632 644
505 910
168 614
468 663
106 845
217 404
642 664
294 721
737 738
521 744
663 747
386 772
178 782
518 805
286 884
118 915
162 990
420 434
145 736
68 293
114 426
202 567
641 645
181 808
10 34
342 522
246 680
522 734
303 764
21 781
609 866
788 868
6 953
202 980
250 384
378 416
272 457
17 562
101 564
328 568
398 614
553 619
466 637
8 674
421 745
388 831
469 844
180 918
421 920
111 221
184 440
453 494
247 587
359 644
40 660
478 764
360 832
385 839
246 893
117 967
961 968
218 976
266 325
85 403
500 587
83 620
98 670
376 751
389 930
35 296
74 325
172 385
479 503
555 652
623 887
532 918
604 949
36 97
132 417
124 426
388 459
246 502
418 509
40 584
39 601
85 652
336 744
580 835
51 865
606 882
916 980
18 641
916 996
5 144
129 168
271 477
182 738
427 772
456 848
825 894
721 979
6 356
144 466
152 603
24 717
84 827
295 849
367 904
145 369
244 434
205 494
719 727
557 753
315 816
446 824
439 665
163 203
366 794
165 903
43 953
495 981
59 443
404 752
139 802
18 868
2 391
703 730
261 478
319 697
632 842
393 868
283 953
23 381
580 745
302 841
115 947
137 140
474 540
207 567
19 717
344 817
318 904
9 939
56 140
197 204
305 328
293 406
85 546
282 612
518 668
159 702
558 756
321 985
4 997
283 640
426 670
156 703
692 762
246 859
95 945
432 948
76 602
167 501
64 767
149 886
342 994
150 536
597 721
663 814
283 870
67 180
199 690
553 778
709 873
785 882
77 668
386 758
850 851
191 895
874 945
179 998
226 478
171 711
608 758
63 790
375 909
151 159
291 385
85 789
167 266
111 476
163 835
56 967
429 505
144 508
33 628
300 691
619 697
377 730
352 835
104 862
728 904
868 948
94 983
149 401
12 567
381 628
6 786
715 807
844 886
624 940
18 204
182 464
104 576
156 654
704 761
110 907
56 89
28 106
168 752
640 755
284 758
781 838
468 899
120 421
387 438
286 528
426 674
49 739
306 744
150 758
110 844
635 858
209 930
383 940
57 313
98 338
621 641
374 680
593 745
528 906
513 965
96 251
117 433
644 659
263 726
38 776
450 793
179 877
317 918
146 452
634 782
429 837
648 870
144 250
569 601
12 652
311 344
288 481
356 656
321 852
153 927
219 973
24 199
358 375
13 436
61 495
431 508
336 712
654 730
724 781
361 824
506 914
464 928
189 943
913 978
43 212
467 635
313 904
929 976
129 614
217 729
126 867
519 967
76 152
117 196
254 331
374 472
53 532
493 596
534 655
471 810
838 870
733 876
827 891
37 539
83 696
40 347
142 355
440 495
452 504
67 532
370 595
590 627
380 661
532 687
136 690
268 700
117 775
392 863
581 926
810 938
251 970
295 405
229 609
151 637
449 814
304 895
593 936
791 946
393 503
17 597
289 621
160 754
601 831
213 357
246 503
228 591
573 884
687 918
661 997
453 487
384 611
328 656
826 841
305 858
271 948
217 685
281 430
64 473
324 488
371 528
740 931
504 701
510 721
572 736
462 631
166 724
62 727
738 746
258 848
134 987
417 619
363 839
258 404
384 524
281 543
349 732
130 935
154 234
148 439
105 454
144 460
36 489
20 507
166 586
294 597
354 718
371 785
337 825
628 843
222 897
494 912
421 940
463 990
781 990
10 89
121 733
134 764
711 782
265 652
172 773
76 930
933 934
589 977
506 984
7 927
701 940
319 988
103 218
346 375
27 376
446 518
254 533
296 545
508 650
492 669
616 817
749 840
574 847
93 860
305 921
781 926
223 943
357 989
89 401
373 688
463 695
239 709
109 761
319 356
277 822
374 583
507 921
330 460
498 539
29 597
577 855
32 858
312 862
149 599
218 714
507 916
707 825
87 631
732 830
3 148
157 159
76 211
291 378
203 383
399 533
749 903
348 905
187 994
8 466
620 706
66 845
335 900
810 926
309 975
242 319
430 435
72 599
146 726
523 819
95 834
776 851
764 904
594 907
563 914
387 940
19 295
40 425
309 566
392 591
255 615
90 644
311 651
206 691
471 765
150 811
418 997
945 999
14 23
551 692
139 950
84 214
120 383
249 442
60 444
621 760
180 822
805 824
65 167
84 368
516 616
672 692
375 729
583 751
524 854
83 985
290 740
666 771
387 936
3 609
633 670
263 920
22 198
18 376
477 611
504 624
282 707
129 729
680 751
151 861
387 957
200 985
202 576
565 589
449 651
317 732
522 809
209 822
23 891
736 949
774 958
5 27
55 440
414 564
199 672
244 576
503 702
90 718
420 818
139 332
259 899
145 943
51 170
478 781
165 839
366 847
495 936
384 393
31 402
700 866
411 917
146 940
874 993
81 168
102 368
154 371
136 551
233 737
128 905
767 914
64 182
466 489
341 623
268 638
88 679
344 747
297 814
578 834
328 858
23 201
480 550
40 633
58 689
454 715
232 823
711 869
256 908
32 916
8 124
251 623
572 654
92 754
168 841
630 994
120 146
62 430
233 531
163 745
132 848
667 914
92 989
158 428
77 446
187 691
419 805
273 951
861 961
126 196
368 544
607 929
402 423
70 778
48 929
187 423
402 673
169 871
66 434
224 947
761 960
151 353
474 538
27 644
811 821
155 912
956 965
849 966
132 319
131 388
47 535
497 576
91 617
65 653
572 703
276 743
341 785
734 809
792 841
217 848
339 870
251 919
737 962
853 982
200 450
64 843
166 926
802 825
80 350
354 487
460 644
422 812
684 860
22 207
817 924
102 248
144 393
351 394
219 663
636 686
630 691
691 742
680 842
122 949
945 993
97 114
163 225
61 231
44 681
709 781
120 832
537 846
626 884
832 940
475 976
571 977
926 990
73 767
665 898
364 900
920 999
18 80
750 858
421 726
324 832
150 892
343 980
161 206
437 600
25 635
180 588
470 688
696 706
221 813
493 970
259 402
585 643
496 681
390 976
73 306
55 413
170 544
462 729
379 805
604 890
564 905
560 982
137 550
224 599
368 628
304 791
126 794
160 801
622 863
872 878
550 947
59 720
929 996
167 461
278 613
148 700
331 729
74 855
468 934
621 659
315 834
374 868
626 870
284 922
227 880
346 900
10 149
350 757
167 400
150 443
509 522
616 617
477 948
25 292
248 358
376 454
789 793
738 836
350 859
334 909
408 951
776 990
159 659
44 738
717 762
455 797
102 367
15 635
112 720
774 874
467 901
134 907
48 921
270 937
312 373
419 766
305 787
501 824
9 845
345 494
