1000 4513 55.036351623268054 sparse
0 808 166
1 572 709
2 94 840
3 855 134
4 671 969
5 791 296
6 339 96
7 34 365
8 915 99
9 38 734
10 218 212
11 56 293
12 446 241
13 658 387
14 602 31
15 75 821
16 27 649
17 621 208
18 702 773
19 305 602
20 564 265
21 703 655
22 948 678
23 261 78
24 383 706
25 279 384
26 792 430
27 577 391
28 455 957
29 479 827
30 37 349
31 797 796
32 44 579
33 614 410
34 795 552
35 814 230
36 471 890
37 758 433
38 671 708
39 624 613
40 887 56
41 150 115
42 872 859
43 298 283
44 441 43
45 43 851
46 847 239
47 828 613
48 662 244
49 83 370
50 418 791
51 391 841
52 186 145
53 452 506
54 292 579
55 758 33
56 80 279
57 406 642
58 760 469
59 303 451
60 434 857
61 41 54
62 881 446
63 615 115
64 544 787
65 885 626
66 451 57
67 724 286
68 811 507
69 923 497
70 597 618
71 582 357
72 925 41
73 865 174
74 946 451
75 879 209
76 32 2
77 348 170
78 356 460
79 915 952
80 553 385
81 93 720
82 631 925
83 962 935
84 48 447
85 293 966
86 678 746
87 444 961
88 240 675
89 158 269
90 963 550
91 448 771
92 217 213
93 780 35
94 826 56
95 805 197
96 58 341
97 492 840
98 3 626
99 358 470
100 116 539
101 161 109
102 73 797
103 273 557
104 839 635
105 643 271
106 389 24
107 223 964
108 30 899
109 391 15
110 826 868
111 950 31
112 212 457
113 288 210
114 32 474
115 773 333
116 441 365
117 952 401
118 148 258
119 155 805
120 929 336
121 505 534
122 521 623
123 214 106
124 931 761
125 911 924
126 442 853
127 513 707
128 364 605
129 616 55
130 624 419
131 75 432
132 396 955
133 972 944
134 33 54
135 734 445
136 597 500
137 707 545
138 98 849
139 254 208
140 624 882
141 931 929
142 9 630
143 570 806
144 295 609
145 528 893
146 942 318
147 369 644
148 6 28
149 396 957
150 224 571
151 976 791
152 118 478
153 765 100
154 382 513
155 133 453
156 902 11
157 942 397
158 941 924
159 795 206
160 351 149
161 170 683
162 425 88
163 299 322
164 700 823
165 442 747
166 882 494
167 620 42
168 637 715
169 241 272
170 803 266
171 192 912
172 528 650
173 19 429
174 865 150
175 555 233
176 531 405
177 615 413
178 385 945
179 872 522
180 430 571
181 44 34
182 898 869
183 302 98
184 998 817
185 314 64
186 486 887
187 303 858
188 780 645
189 303 125
190 486 977
191 999 721
192 358 833
193 769 120
194 982 334
195 440 314
196 63 559
197 857 867
198 533 73
199 210 480
200 729 221
201 825 281
202 851 875
203 884 299
204 825 726
205 740 71
206 282 650
207 76 500
208 943 667
209 392 809
210 694 332
211 512 369
212 909 78
213 370 27
214 315 7
215 372 469
216 126 202
217 691 550
218 950 50
219 98 736
220 854 214
221 911 942
222 158 222
223 593 290
224 486 260
225 963 960
226 52 498
227 978 140
228 76 439
229 444 188
230 89 489
231 885 897
232 758 395
233 699 165
234 52 860
235 519 489
236 520 755
237 384 203
238 107 284
239 836 762
240 408 416
241 515 278
242 126 700
243 416 888
244 24 447
245 249 496
246 893 830
247 873 34
248 335 868
249 40 968
250 342 775
251 42 214
252 31 858
253 976 616
254 133 254
255 987 924
256 966 889
257 370 925
258 29 929
259 161 165
260 485 101
261 725 503
262 481 140
263 735 559
264 898 916
265 477 779
266 211 23
267 381 113
268 635 750
269 396 375
270 142 900
271 670 300
272 325 431
273 564 624
274 709 245
275 306 899
276 242 6
277 690 126
278 231 925
279 116 849
280 893 512
281 976 805
282 114 831
283 5 392
284 293 292
285 815 862
286 939 613
287 445 894
288 609 173
289 452 530
290 56 304
291 519 170
292 545 921
293 696 241
294 792 575
295 724 440
296 279 0
297 681 500
298 361 980
299 517 372
300 795 306
301 583 909
302 832 659
303 459 463
304 593 553
305 489 39
306 597 971
307 210 579
308 549 962
309 693 302
310 618 621
311 528 506
312 230 648
313 708 228
314 197 518
315 46 563
316 237 253
317 43 147
318 615 990
319 820 895
320 758 371
321 431 574
322 906 835
323 715 823
324 689 750
325 470 243
326 455 532
327 648 130
328 627 371
329 476 633
330 203 273
331 492 730
332 299 505
333 615 643
334 924 254
335 405 366
336 186 872
337 210 904
338 363 686
339 918 790
340 337 530
341 912 733
342 831 403
343 866 659
344 730 344
345 964 857
346 882 237
347 404 56
348 389 177
349 860 661
350 780 630
351 505 688
352 91 914
353 833 716
354 279 245
355 710 763
356 981 793
357 529 369
358 689 220
359 956 219
360 64 61
361 866 710
362 11 329
363 521 67
364 332 343
365 490 61
366 105 747
367 53 636
368 169 939
369 854 752
370 880 229
371 868 684
372 40 350
373 480 428
374 984 402
375 774 587
376 931 690
377 164 944
378 34 429
379 144 519
380 888 914
381 195 118
382 251 304
383 245 198
384 853 583
385 752 261
386 878 374
387 87 700
388 865 640
389 767 655
390 928 35
391 753 649
392 841 672
393 527 46
394 195 499
395 188 689
396 113 35
397 762 279
398 536 184
399 654 426
400 585 222
401 782 912
402 654 822
403 2 273
404 87 385
405 174 318
406 0 678
407 907 627
408 115 569
409 702 918
410 430 182
411 768 248
412 617 824
413 559 866
414 889 669
415 173 799
416 955 42
417 430 20
418 743 172
419 738 392
420 406 201
421 315 69
422 13 583
423 698 867
424 366 919
425 850 945
426 787 83
427 819 398
428 390 820
429 349 345
430 838 239
431 749 543
432 992 641
433 619 690
434 167 862
435 253 882
436 488 646
437 21 802
438 809 974
439 639 981
440 985 1000
441 453 880
442 608 913
443 680 498
444 324 315
445 85 89
446 583 268
447 665 982
448 680 663
449 617 923
450 774 202
451 639 469
452 941 579
453 80 671
454 13 229
455 580 891
456 362 243
457 78 544
458 28 685
459 415 156
460 985 180
461 687 642
462 505 590
463 952 140
464 333 776
465 856 263
466 831 537
467 477 191
468 369 364
469 421 211
470 435 559
471 270 458
472 158 95
473 946 903
474 668 989
475 859 109
476 246 254
477 211 823
478 3 295
479 341 782
480 992 799
481 145 949
482 904 849
483 933 364
484 669 924
485 403 857
486 629 137
487 701 599
488 926 420
489 117 412
490 181 884
491 24 737
492 13 563
493 262 566
494 511 369
495 851 12
496 317 940
497 145 529
498 616 757
499 870 701
500 968 861
501 266 876
502 368 668
503 345 5
504 287 286
505 978 334
506 984 929
507 183 92
508 23 176
509 690 318
510 135 741
511 69 966
512 588 755
513 139 817
514 683 862
515 400 22
516 537 162
517 311 251
518 624 355
519 680 577
520 785 461
521 257 133
522 782 575
523 701 929
524 639 19
525 841 502
526 193 428
527 469 146
528 724 89
529 262 172
530 949 106
531 449 233
532 48 107
533 650 444
534 920 973
535 306 567
536 181 441
537 535 506
538 6 555
539 115 447
540 17 767
541 164 798
542 174 676
543 271 365
544 895 747
545 854 509
546 849 549
547 616 353
548 699 704
549 806 528
550 68 705
551 283 851
552 412 388
553 135 581
554 401 372
555 11 288
556 664 640
557 951 11
558 521 891
559 492 214
560 142 160
561 207 183
562 470 953
563 353 113
564 887 217
565 95 193
566 62 319
567 637 428
568 6 708
569 553 383
570 938 609
571 85 204
572 785 445
573 412 615
574 531 533
575 59 419
576 405 588
577 961 497
578 326 341
579 157 348
580 95 132
581 948 680
582 431 955
583 258 972
584 874 786
585 820 599
586 659 802
587 522 341
588 570 945
589 725 628
590 314 73
591 492 52
592 128 480
593 593 25
594 970 999
595 221 6
596 414 601
597 24 801
598 480 655
599 428 989
600 356 788
601 94 426
602 867 399
603 967 145
604 213 474
605 379 759
606 887 242
607 406 475
608 6 433
609 666 213
610 490 847
611 757 951
612 329 222
613 459 12
614 844 802
615 511 889
616 330 705
617 137 463
618 990 77
619 726 514
620 664 392
621 586 997
622 758 66
623 465 491
624 898 487
625 171 55
626 953 392
627 514 228
628 518 649
629 231 967
630 436 473
631 106 53
632 660 916
633 831 841
634 319 508
635 221 742
636 546 322
637 20 250
638 536 680
639 512 36
640 10 182
641 356 765
642 583 407
643 617 218
644 638 82
645 22 467
646 995 860
647 896 722
648 816 746
649 334 957
650 108 341
651 23 487
652 701 462
653 530 521
654 635 802
655 182 192
656 87 742
657 381 16
658 361 925
659 321 429
660 949 551
661 966 402
662 236 57
663 772 254
664 537 743
665 321 334
666 124 851
667 182 601
668 260 621
669 527 437
670 39 554
671 872 884
672 326 992
673 144 136
674 671 242
675 81 728
676 839 289
677 313 327
678 797 915
679 939 399
680 360 669
681 63 973
682 212 950
683 758 270
684 984 784
685 401 845
686 675 817
687 504 338
688 100 837
689 544 465
690 291 501
691 959 777
692 500 89
693 61 446
694 198 669
695 571 367
696 525 539
697 130 623
698 719 58
699 522 492
700 491 346
701 605 760
702 440 20
703 596 998
704 43 408
705 346 950
706 787 760
707 898 285
708 87 745
709 209 962
710 948 498
711 171 956
712 477 137
713 579 877
714 839 484
715 330 851
716 234 537
717 505 598
718 821 20
719 664 90
720 659 461
721 667 221
722 136 836
723 363 757
724 812 798
725 185 406
726 407 531
727 173 447
728 155 761
729 358 552
730 717 961
731 104 818
732 836 106
733 928 197
734 563 735
735 291 716
736 896 70
737 924 235
738 892 850
739 559 948
740 141 800
741 547 726
742 510 444
743 140 672
744 128 358
745 584 948
746 747 839
747 934 813
748 218 390
749 666 604
750 138 638
751 765 553
752 236 359
753 122 351
754 707 726
755 557 662
756 426 516
757 473 929
758 154 670
759 280 571
760 502 974
761 263 777
762 375 781
763 119 95
764 673 994
765 458 157
766 160 552
767 743 325
768 161 834
769 419 491
770 2 586
771 87 466
772 62 594
773 550 782
774 120 380
775 891 866
776 124 423
777 416 79
778 793 264
779 622 400
780 839 680
781 595 78
782 584 768
783 343 219
784 605 81
785 347 65
786 880 202
787 640 847
788 616 583
789 98 172
790 479 333
791 955 873
792 346 878
793 169 312
794 585 137
795 64 199
796 645 644
797 454 617
798 611 533
799 199 684
800 568 764
801 292 140
802 576 84
803 626 112
804 497 797
805 534 775
806 153 979
807 816 191
808 543 185
809 635 21
810 366 956
811 219 580
812 556 7
813 985 99
814 63 556
815 83 636
816 924 93
817 457 987
818 667 514
819 155 250
820 790 865
821 664 319
822 817 483
823 51 637
824 332 441
825 982 319
826 772 894
827 509 447
828 378 170
829 323 435
830 672 727
831 582 354
832 117 959
833 236 930
834 578 480
835 585 252
836 621 638
837 591 597
838 620 880
839 477 184
840 306 352
841 883 801
842 160 134
843 756 482
844 473 316
845 102 267
846 746 594
847 370 834
848 97 813
849 395 740
850 911 556
851 476 701
852 873 461
853 217 8
854 672 619
855 381 280
856 751 49
857 737 924
858 409 429
859 217 3
860 347 815
861 814 507
862 82 785
863 402 4
864 986 654
865 625 918
866 627 256
867 605 204
868 353 966
869 432 283
870 754 99
871 619 784
872 200 982
873 721 182
874 238 120
875 558 299
876 123 719
877 937 829
878 160 91
879 829 899
880 260 851
881 940 156
882 210 56
883 156 522
884 493 765
885 551 440
886 379 513
887 75 105
888 362 784
889 236 938
890 205 54
891 908 244
892 345 53
893 213 920
894 721 413
895 776 844
896 430 845
897 913 619
898 856 361
899 709 741
900 121 238
901 362 201
902 850 261
903 371 652
904 892 856
905 513 364
906 134 762
907 561 429
908 984 319
909 997 776
910 478 235
911 573 428
912 780 896
913 190 868
914 675 782
915 731 375
916 453 45
917 785 718
918 968 49
919 267 792
920 618 782
921 135 704
922 79 478
923 349 100
924 733 360
925 343 281
926 904 319
927 408 869
928 505 838
929 530 131
930 358 231
931 706 775
932 805 354
933 943 197
934 714 191
935 238 91
936 643 387
937 800 453
938 921 56
939 928 564
940 111 478
941 161 711
942 913 352
943 936 590
944 689 558
945 428 194
946 655 371
947 961 508
948 312 540
949 8 318
950 110 737
951 925 819
952 915 998
953 395 218
954 629 551
955 193 314
956 612 404
957 330 820
958 143 899
959 827 726
960 266 329
961 625 467
962 123 376
963 594 740
964 507 376
965 695 496
966 74 486
967 219 806
968 98 502
969 484 503
970 544 131
971 163 230
972 200 314
973 119 723
974 252 162
975 994 438
976 733 820
977 789 118
978 691 302
979 976 344
980 830 73
981 663 367
982 411 533
983 457 247
984 410 677
985 133 321
986 883 634
987 63 126
988 750 257
989 218 693
990 126 892
991 94 671
992 936 602
993 876 440
994 159 385
995 764 386
996 801 356
997 784 997
998 498 626
999 644 574
211 494
10 92
270 958
132 149
80 569
22 581
825 908
204 959
309 978
297 443
367 823
871 920
656 708
196 814
71 831
68 861
154 886
33 177
180 321
30 372
437 597
742 827
289 326
157 679
194 505
286 570
421 590
235 699
272 659
524 809
272 829
140 838
595 853
472 878
18 931
726 982
385 988
932 996
262 712
595 859
853 859
774 962
185 421
211 905
151 356
882 890
494 905
345 500
336 913
876 973
211 299
255 506
269 554
738 904
343 349
364 578
659 829
465 902
33 956
72 390
299 494
199 604
2 688
311 537
467 839
152 940
955 972
131 228
368 377
250 479
346 606
474 764
75 786
398 808
278 833
98 142
257 424
335 554
411 663
600 888
145 558
97 610
570 992
447 474
182 775
13 620
424 658
64 773
405 793
333 836
62 993
61 134
462 717
833 889
161 542
502 680
609 721
494 964
346 370
518 547
279 666
392 780
147 903
826 912
217 944
65 986
284 504
574 696
12 531
107 629
578 665
731 848
211 964
60 126
332 690
299 905
946 981
46 430
185 590
257 658
250 464
316 476
415 541
117 626
307 811
106 109
365 591
48 674
511 681
744 753
82 865
218 416
449 865
922 966
222 971
356 684
177 956
2 138
361 499
397 683
319 879
242 921
197 202
39 310
464 479
294 522
417 702
536 727
407 897
379 497
172 628
109 657
621 703
775 904
78 99
264 380
152 592
558 615
170 778
505 979
43 284
150 811
781 784
492 538
478 555
665 677
151 684
641 723
118 819
117 157
79 221
5 300
155 617
17 643
51 685
6 923
779 956
299 964
130 177
14 593
385 683
8 816
824 829
747 951
232 995
11 290
577 947
409 523
261 619
153 870
141 158
135 295
209 428
106 515
366 950
75 564
106 657
325 910
43 504
109 515
119 541
315 670
498 701
588 739
422 770
63 803
873 934
362 949
286 992
353 959
194 979
28 87
86 324
943 992
436 598
484 632
574 653
527 712
482 738
192 847
907 911
219 950
22 208
111 416
227 603
157 626
395 799
452 943
485 685
138 688
785 892
44 916
66 916
410 945
19 144
114 645
272 824
299 357
682 709
379 883
41 101
110 285
356 480
219 656
95 807
12 983
60 896
456 930
355 931
45 234
269 335
162 777
204 353
18 355
33 779
281 356
342 427
180 470
336 490
485 927
219 366
84 693
577 710
489 776
348 828
240 858
497 883
117 679
97 928
305 591
762 888
198 363
262 527
905 964
33 130
83 133
95 159
139 383
442 449
129 167
274 293
173 608
512 782
58 843
563 923
325 983
45 252
370 564
649 705
377 711
482 904
246 322
208 581
278 889
151 281
929 970
453 991
99 215
90 660
117 661
455 713
82 449
322 482
573 596
107 709
743 758
451 961
207 966
529 974
103 493
364 665
219 708
4 447
101 472
9 491
435 501
87 582
508 640
588 745
612 783
432 864
182 904
375 522
81 675
54 759
447 764
126 896
771 922
210 509
297 965
525 545
370 606
177 779
416 918
89 118
132 178
565 571
163 677
71 695
119 740
248 792
885 907
230 922
164 323
188 350
173 378
194 825
102 862
733 933
13 936
440 594
694 799
311 653
31 724
754 899
194 908
915 924
443 965
389 391
229 410
656 675
282 688
311 699
125 264
687 700
212 736
684 909
683 988
36 186
401 678
230 966
118 254
49 404
321 470
28 562
505 825
761 919
72 938
213 657
527 765
109 863
64 805
877 951
626 679
103 759
302 392
423 514
130 567
576 596
463 603
114 651
537 653
230 968
520 572
738 775
509 978
150 307
32 315
287 441
47 585
201 676
605 723
446 835
673 842
298 868
401 912
531 983
7 372
290 566
479 600
266 853
749 854
505 908
512 963
320 995
7 30
149 178
309 509
328 518
444 677
190 760
659 824
747 877
337 893
502 903
344 924
13 946
188 389
626 661
282 731
810 868
710 947
782 800
17 867
26 572
228 693
564 786
40 736
950 973
137 217
81 219
357 905
42 197
211 357
480 684
697 750
62 852
520 937
572 937
207 230
274 313
112 604
695 831
281 480
27 642
229 945
364 429
371 499
399 567
368 711
513 740
592 940
44 66
250 641
308 739
650 753
231 380
338 680
310 836
196 315
145 615
166 624
773 805
55 856
705 868
94 980
403 555
584 841
610 928
293 313
329 436
526 536
700 790
500 791
512 701
248 715
238 845
442 865
860 957
107 682
151 480
270 990
125 221
138 279
357 494
374 661
420 469
393 639
675 708
790 844
101 878
218 918
279 282
366 708
525 714
515 863
301 455
587 687
323 976
78 215
133 225
734 741
345 791
737 891
490 913
29 97
231 671
669 742
315 814
622 856
419 915
469 945
958 990
399 533
54 535
643 867
189 801
237 953
173 244
169 476
338 502
205 622
366 656
653 696
493 759
278 893
744 962
219 675
850 939
477 967
3 174
431 751
445 887
334 891
161 395
119 415
184 480
155 539
388 986
111 218
334 737
343 388
38 830
314 394
395 542
250 600
578 677
537 699
130 779
570 943
133 506
260 692
666 722
457 814
876 921
783 930
130 956
106 213
235 311
20 446
592 617
444 665
533 720
513 722
89 819
242 876
396 631
169 316
552 554
341 647
575 704
688 731
256 791
556 796
405 955
377 481
387 550
259 560
171 337
291 516
376 581
266 595
664 741
131 693
203 707
297 818
53 623
452 939
131 601
515 657
182 738
781 802
271 821
86 830
641 888
51 485
422 492
119 513
279 688
463 881
254 900
936 946
75 370
111 557
645 651
246 738
244 645
193 977
96 372
411 988
61 181
232 419
4 474
332 634
42 904
327 486
268 498
600 762
42 775
680 903
420 953
153 193
322 738
239 369
244 378
385 397
36 441
401 826
669 827
125 141
127 351
313 358
385 411
21 461
25 543
269 552
346 564
533 567
131 575
402 586
121 696
613 702
318 703
161 758
607 769
443 818
243 927
13 981
22 376
236 664
81 387
182 482
542 758
705 810
266 859
276 595
51 428
649 868
510 906
728 906
519 944
799 989
14 167
234 252
166 280
328 547
192 860
479 888
606 891
271 978
187 551
385 663
77 160
70 310
196 457
565 789
212 816
852 993
263 431
663 683
265 884
159 450
674 721
482 775
336 434
41 842
41 472
451 720
819 971
349 388
158 473
79 534
68 549
402 686
571 795
620 936
294 375
466 546
8 212
363 393
41 673
70 837
2 282
204 648
586 686
42 738
512 800
105 866
709 872
250 888
324 899
349 392
246 482
178 810
305 365
291 398
65 407
403 478
398 516
341 544
6 563
151 691
358 721
714 822
355 899
55 93
237 420
237 901
207 968
200 313
293 358
448 461
454 637
302 780
51 847
390 938
120 146
310 333
179 545
228 601
46 902
207 922
137 944
876 950
663 988
111 390
96 566
329 598
282 666
395 694
605 762
254 819
436 998
30 96
123 381
281 684
701 782
556 854
549 861
171 893
623 969
629 709
282 722
618 813
328 936
120 942
479 641
197 671
756 982
84 378
83 506
244 608
81 656
134 181
29 610
413 713
578 840
648 959
701 963
202 671
378 704
620 946
600 641
551 880
231 264
44 702
344 767
521 874
507 878
112 199
271 309
335 552
461 556
541 740
230 771
420 945
357 964
329 998
34 294
305 639
475 732
286 943
122 998
179 280
325 531
663 778
642 911
408 553
483 942
224 325
235 537
429 578
356 909
526 725
548 754
744 774
15 848
32 772
665 840
249 681
48 721
480 909
478 949
656 950
452 992
746 976
83 158
2 279
605 641
516 808
434 913
141 221
279 722
106 863
771 966
73 174
84 244
53 289
232 320
586 654
147 502
61 360
358 609
496 649
81 950
242 973
15 102
207 226
138 282
12 325
205 528
28 582
560 673
569 695
670 814
654 871
793 955
510 973
223 446
411 683
2 731
418 873
109 213
562 757
688 848
822 861
657 863
669 885
910 983
887 987
199 394
152 617
726 756
532 987
349 371
21 448
26 937
708 950
65 388
256 473
236 805
428 847
157 661
196 670
298 810
47 104
205 856
230 940
324 355
488 679
205 698
20 835
587 905
779 936
660 939
219 973
27 80
91 165
27 695
68 822
796 836
630 769
282 848
364 677
641 762
605 849
322 951
921 973
133 255
178 257
104 302
564 606
42 671
542 694
739 745
685 927
407 986
83 225
544 647
293 674
69 710
101 842
753 962
620 981
184 281
163 665
56 845
510 876
430 902
885 911
212 938
226 966
397 988
343 371
125 380
343 414
186 615
303 630
4 764
722 768
276 853
833 893
498 920
472 507
486 803
285 820
39 836
276 859
820 895
322 904
559 910
27 569
301 442
3 475
510 950
80 695
773 800
111 918
798 954
75 220
44 417
280 624
464 641
32 670
629 682
492 770
687 790
678 912
534 952
386 898
701 920
359 933
591 639
239 648
59 829
586 914
35 430
318 439
46 465
539 776
164 686
81 708
501 880
825 979
371 414
159 807
167 809
193 870
151 909
208 376
82 442
464 600
347 777
636 875
110 202
46 220
163 444
684 691
756 769
677 840
689 885
227 463
368 481
41 878
439 447
121 574
509 821
662 882
246 904
40 247
361 371
63 486
434 490
444 578
559 627
138 666
16 142
306 318
53 326
122 628
671 775
783 901
81 973
58 520
228 575
650 744
542 799
0 807
224 910
654 920
908 979
36 287
535 759
405 972
42 202
34 549
285 633
19 54
18 324
34 522
550 675
306 745
23 935
237 348
104 388
72 218
466 549
561 655
147 680
170 201
218 390
177 567
251 795
11 566
286 897
419 995
37 135
723 762
16 823
682 889
771 940
2 15
271 509
304 798
265 804
400 867
72 111
378 575
489 601
69 624
397 663
481 711
346 891
570 897
921 941
340 948
469 953
370 786
183 189
308 588
500 646
306 703
723 888
419 894
575 693
532 887
311 574
661 679
2 848
498 871
295 894
87 562
539 617
356 691
644 719
664 734
329 797
939 943
188 391
537 574
320 915
940 968
83 255
451 533
386 602
428 685
320 924
39 70
56 238
467 559
155 592
583 629
110 633
497 766
461 854
525 861
954 999
492 670
1 734
364 840
687 905
32 196
429 468
402 654
526 727
712 765
136 834
110 319
198 393
57 573
250 723
638 755
535 948
183 590
11 56
14 129
357 569
666 688
701 871
123 874
366 973
153 426
101 507
522 751
513 768
233 873
498 963
42 182
53 756
122 172
390 416
573 576
187 715
267 563
328 946
79 141
157 488
448 556
339 747
302 349
256 500
498 512
114 244
75 346
222 819
350 389
343 392
121 653
530 816
702 916
306 621
129 784
52 842
29 928
79 125
24 338
120 483
38 548
240 552
378 608
510 728
203 926
936 981
291 808
123 935
349 780
340 634
412 654
59 659
358 674
327 803
700 905
88 989
52 381
600 860
18 914
262 765
324 830
897 992
381 507
303 623
387 675
434 768
220 786
60 927
282 513
402 787
788 837
736 938
88 312
236 884
80 357
190 562
102 848
966 968
406 458
422 538
357 587
634 690
375 846
65 897
717 998
320 419
685 896
874 935
317 987
161 799
54 103
221 264
16 367
249 511
753 774
87 817
599 817
107 889
531 910
84 228
364 444
452 660
152 155
89 254
126 441
269 468
217 519
81 550
658 705
545 714
15 731
228 771
784 802
603 881
642 956
382 960
33 567
403 637
711 806
107 872
889 893
371 780
184 356
348 420
161 941
788 999
609 674
328 779
734 800
629 889
746 895
521 974
321 576
289 756
81 366
371 392
37 572
485 896
243 287
119 768
218 938
220 430
253 432
15 688
122 717
411 778
278 337
539 601
80 176
166 179
59 272
211 587
365 692
481 832
782 963
60 441
387 453
167 524
318 621
32 814
847 860
339 951
387 991
125 158
430 465
324 754
367 815
77 828
400 835
153 977
108 258
210 309
220 370
100 408
72 416
410 459
141 473
182 671
34 751
333 796
132 810
149 810
81 876
682 893
233 934
617 940
214 503
417 515
607 630
28 817
91 265
349 414
439 474
171 490
84 575
494 587
417 613
429 665
653 699
464 888
676 902
54 144
452 570
436 628
601 776
555 949
210 978
501 551
180 576
1 741
219 876
605 888
120 926
324 931
343 986
766 883
901 930
395 989
410 469
82 632
612 930
675 950
10 383
213 515
487 519
68 525
363 692
340 729
292 739
519 749
319 678
494 700
628 998
163 284
366 510
406 568
263 751
35 159
410 420
587 636
366 675
456 783
525 822
78 824
922 968
100 497
496 705
579 744
190 817
59 824
246 841
70 333
130 399
168 433
491 540
394 604
154 726
163 840
261 965
182 231
192 957
84 131
60 485
715 957
110 197
152 230
10 561
226 651
259 842
344 915
172 638
495 718
115 767
39 788
481 806
383 529
465 676
793 972
40 212
247 495
176 569
642 907
0 95
127 331
152 539
33 642
345 646
211 700
129 781
110 879
662 890
114 226
200 274
178 658
143 773
682 833
70 836
152 968
694 989
32 422
416 557
48 609
538 770
257 810
288 867
539 940
137 263
161 694
242 743
205 870
39 333
155 776
473 791
84 114
172 755
715 792
95 450
513 541
299 587
278 682
528 698
587 700
658 810
86 899
734 963
83 141
363 365
397 411
138 731
231 775
565 795
322 877
266 890
50 209
92 561
268 701
560 842
528 870
92 383
166 545
567 779
73 786
848 862
370 891
118 971
124 339
134 360
183 421
26 520
494 687
600 723
351 851
435 880
516 929
914 931
516 970
224 983
458 568
295 652
173 704
167 593
321 596
101 673
378 693
821 978
175 400
2 666
161 743
753 985
922 940
51 209
52 259
274 358
117 374
351 638
211 687
512 734
415 740
6 785
649 810
815 823
195 869
201 902
650 985
256 345
5 778
489 774
664 805
53 969
64 143
178 424
117 488
648 706
93 856
87 599
400 643
176 669
124 691
301 713
614 724
421 785
417 863
804 884
221 534
216 565
363 639
5 170
361 647
644 803
484 523
743 921
419 924
229 469
412 787
354 517
177 642
202 879
12 910
896 927
580 987
374 626
820 912
251 454
413 455
363 591
23 662
678 826
366 906
54 493
210 821
145 292
669 689
281 691
209 762
18 899
51 927
634 948
30 362
84 645
693 771
685 847
185 892
468 554
315 492
55 622
48 105
350 391
163 578
538 670
644 784
185 785
765 839
266 882
195 844
326 756
331 851
229 467
220 564
311 696
164 976
16 98
20 175
390 557
170 663
279 731
152 771
64 800
229 839
698 856
622 870
192 715
28 757
366 876
726 886
818 965
213 503
365 639
479 723
209 847
155 940
285 319
404 774
104 349
348 459
499 647
725 994
187 248
169 382
42 482
70 273
69 280
353 361
409 484
298 705
250 762
237 828
559 839
479 860
613 916
200 934
732 980
897 986
181 360
326 470
611 857
580 887
118 900
232 915
226 922
5 397
289 470
243 485
426 622
259 673
309 821
254 845
186 441
59 471
163 960
124 341
235 653
3 732
539 771
498 782
246 951
7 96
51 192
75 606
590 785
6 590
714 861
417 916
533 961
438 997
302 343
180 596
584 614
380 671
373 742
421 892
40 938
700 964
123 507
479 762
229 765
197 775
547 831
625 890
77 901
113 139
151 184
286 452
743 750
662 935
26 37
84 173
224 241
48 293
463 530
491 568
582 599
517 612
623 630
820 826
899 931
598 998
76 181
4 439
682 872
35 46
35 95
354 476
157 483
259 655
343 780
160 828
166 852
564 891
926 942
347 515
384 546
71 547
542 743
27 71
100 379
483 626
671 904
322 775
397 778
629 872
860 888
46 370
103 535
405 579
353 648
537 696
14 809
466 861
822 937
215 607
445 763
20 875
707 926
720 961
652 965
192 428
43 517
571 789
135 894
267 923
788 954
56 290
58 572
292 588
235 689
257 705
906 950
567 956
112 526
8 736
373 827
845 900
418 934
38 168
37 295
8 530
540 597
153 622
915 995
115 300
21 589
129 644
689 699
294 751
395 941
67 309
13 328
140 442
32 492
112 536
315 772
828 901
518 946
182 322
286 407
362 478
338 903
669 907
324 914
158 221
29 804
700 844
360 445
132 582
391 589
686 914
19 535
513 731
196 772
754 830
331 884
168 268
46 346
489 539
149 582
346 786
632 865
785 923
426 977
60 685
442 838
579 753
453 815
101 381
375 751
337 490
317 508
437 540
186 558
293 721
536 725
86 754
487 854
154 982
57 984
106 347
266 276
399 720
487 749
936 956
58 135
156 390
85 496
800 963
470 982
399 620
150 716
63 784
141 264
171 368
179 546
539 592
127 638
298 649
310 796
548 830
349 986
85 583
393 591
483 679
464 723
543 752
683 778
175 835
409 857
414 986
442 455
469 531
307 667
359 733
322 747
618 918
575 601
521 801
207 771
800 805
83 473
523 730
359 737
323 746
750 758
678 879
42 246
362 372
520 843
281 909
60 243
176 299
201 465
407 570
44 613
628 638
184 684
748 752
136 798
619 965
107 583
649 672
116 335
16 458
688 722
138 848
140 865
37 58
50 91
183 185
176 357
68 466
335 468
453 550
160 563
556 749
131 771
246 775
24 849
819 900
304 954
130 533
624 852
213 892
18 86
104 343
48 358
6 421
541 768
110 820
310 837
709 889
348 901
86 914
579 985
519 999
113 354
223 875
10 139
342 602
328 981
15 138
121 311
220 346
86 355
221 380
466 545
68 714
201 778
736 816
723 849
268 920
115 996
63 327
53 769
328 956
94 718
722 740
523 857
216 900
543 960
137 619
119 722
90 452
466 525
325 559
206 668
299 687
439 764
562 817
107 833
57 903
767 924
353 780
305 916
489 962
482 951
214 296
122 462
384 585
53 630
198 692
725 748
379 766
530 813
39 837
15 862
426 870
627 910
383 974
67 978
462 998
377 806
339 841
263 846
197 904
242 941
815 991
722 731
693 922
76 148
301 449
346 465
197 633
299 700
773 782
337 833
782 920
416 938
796 854
139 529
294 585
260 712
133 158
28 190
202 319
74 488
179 525
424 705
41 763
590 892
17 288
144 668
298 672
415 768
424 810
168 830
48 866
510 921
156 247
116 552
600 605
431 619
244 693
33 936
897 943
57 147
6 183
96 290
104 392
402 412
579 994
209 685
239 959
404 962
793 985
962 994
253 286
135 652
355 754
816 938
901 953
5 201
513 666
689 834
80 642
63 794
592 968
749 999
315 457
414 499
701 800
27 911
130 936
518 936
656 973
92 139
219 510
27 831
629 833
543 840
542 941
332 948
27 956
744 985
118 222
31 706
374 975
225 506
465 606
102 731
499 780
39 796
664 800
784 803
261 843
121 969
134 148
125 231
276 296
306 588
127 851
672 868
313 934
369 959
236 331
67 385
410 765
608 645
67 683
268 871
126 927
35 170
204 239
219 387
388 414
299 569
487 589
503 657
625 878
176 964
771 968
606 737
73 75
308 745
90 939
235 969
216 222
886 982
72 156
129 593
304 788
452 850
243 441
237 469
591 692
940 966
210 344
163 504
579 793
37 232
69 577
169 330
82 484
372 566
93 622
772 814
687 844
691 909
855 925
146 926
1 963
310 788
226 230
65 343
302 388
338 616
541 728
650 962
587 964
173 645
274 674
687 964
273 837
79 158
733 737
237 930
177 936
202 285
80 299
162 347
301 588
312 694
562 760
13 779
178 868
115 932
49 96
153 205
20 223
49 650
553 766
358 934
111 938
407 992
100 457
150 493
49 774
660 850
838 865
548 899
675 973
292 558
569 642
222 655
176 907
254 971
172 998
148 181
415 513
598 628
369 648
709 711
140 787
381 842
782 871
81 242
200 293
315 422
601 693
666 731
787 838
482 877
60 287
284 444
66 702
17 400
124 544
38 86
305 393
67 397
253 570
273 755
740 906
520 822
223 835
527 839
876 941
708 973
939 992
320 344
37 520
14 524
334 606
507 625
488 626
345 877
197 738
204 369
71 569
422 670
127 741
395 758
467 765
129 809
99 824
711 872
758 921
444 925
67 988
242 387
34 466
472 763
152 922
43 163
218 557
301 745
614 841
625 882
201 300
47 384
429 444
12 469
30 566
562 582
555 637
36 757
35 807
472 842
209 888
163 364
9 540
280 545
456 612
734 782
612 901
228 922
260 262
66 365
13 399
126 485
51 896
44 347
428 485
930 953
253 864
643 866
894 915
128 147
182 246
109 417
521 529
84 704
178 705
89 971
774 994
170 411
460 603
689 827
146 505
617 727
279 513
213 863
387 973
316 330
369 584
202 633
671 738
740 768
173 283
313 674
459 828
285 879
602 898
830 899
69 947
479 957
699 969
470 726
105 271
7 283
16 406
225 594
236 741
642 779
591 916
24 984
480 691
567 720
731 862
238 254
132 257
72 557
510 941
79 264
107 278
228 539
622 698
715 860
200 873
689 907
357 687
19 759
70 788
448 796
446 875
355 914
870 977
292 301
378 645
365 393
353 499
689 742
35 778
589 846
64 236
210 271
336 337
388 392
131 704
346 902
200 358
36 615
244 651
98 770
146 825
319 912
233 277
230 592
515 702
545 861
412 871
46 606
580 789
42 231
199 314
229 420
138 722
459 945
172 436
186 610
122 436
41 507
63 644
485 847
382 504
429 677
38 754
15 282
457 670
112 727
71 80
72 212
260 365
50 428
317 532
545 546
250 605
105 674
284 677
114 693
493 716
250 860
708 862
176 885
222 900
365 916
86 931
242 950
404 489
305 613
312 668
236 773
361 780
512 920
171 336
323 686
155 727
49 962
66 162
334 707
434 722
924 995
202 231
461 589
143 782
583 889
249 258
616 735
291 929
399 936
6 185
222 254
227 460
116 554
601 771
606 786
176 211
104 585
522 846
279 848
387 876
666 768
170 300
315 538
239 614
204 917
650 774
945 953
567 961
518 981
255 256
303 373
34 375
125 473
92 655
161 921
40 72
115 320
24 502
383 561
144 759
490 958
362 555
202 775
108 252
392 499
283 608
256 646
72 736
569 831
184 909
326 969
197 231
121 537
293 609
242 758
216 789
182 197
451 567
216 571
528 622
322 841
714 852
666 990
69 166
187 275
171 278
126 287
33 328
131 378
177 399
145 413
289 623
351 628
614 633
282 740
628 755
664 773
385 778
713 838
552 858
881 933
660 943
330 972
289 982
405 985
744 994
5 115
193 426
187 501
445 532
564 737
731 740
593 812
444 840
232 894
100 968
288 486
176 494
10 655
806 832
337 913
292 308
106 417
763 878
314 883
742 885
3 73
149 257
43 444
349 499
9 568
173 575
264 671
283 704
611 730
399 779
582 817
702 863
227 881
27 907
600 957
348 410
369 544
66 591
175 627
66 777
207 940
386 942
352 990
351 598
449 745
78 829
921 950
456 953
174 475
682 711
728 740
464 860
567 936
348 953
794 970
73 220
455 838
27 33
186 287
77 348
140 449
117 483
404 601
550 656
314 716
313 721
227 813
456 855
606 902
231 904
758 941
192 209
42 322
370 465
319 401
557 918
353 369
209 600
445 631
443 652
200 988
9 550
470 576
642 695
726 769
354 504
166 525
57 596
126 685
420 828
658 868
648 917
804 928
21 556
428 762
167 784
906 973
26 427
137 519
28 599
649 658
709 833
25 840
289 969
192 248
149 298
441 896
242 510
85 649
537 689
574 699
88 799
602 993
278 629
387 656
456 901
85 672
5 683
652 720
518 831
146 908
412 920
55 205
66 305
137 431
71 518
409 632
357 695
693 704
415 728
346 737
300 778
461 796
573 797
143 800
706 917
90 947
0 159
472 625
617 776
63 781
646 791
730 857
37 894
693 966
199 245
270 490
379 592
361 959
158 225
277 327
343 499
245 604
251 637
2 722
593 809
513 848
835 866
709 893
326 623
266 662
805 884
707 891
850 943
330 955
268 963
197 285
157 374
245 690
553 697
464 762
390 918
847 957
253 992
145 186
147 338
88 694
319 820
752 960
178 298
504 517
442 745
78 272
248 275
275 496
153 528
80 831
512 871
30 949
43 354
251 508
456 925
737 933
655 971
180 982
305 363
171 377
224 627
197 879
66 417
364 468
164 514
328 620
198 639
443 720
667 811
348 945
103 948
32 770
142 823
827 885
300 397
240 269
7 362
129 524
131 539
113 612
130 642
170 676
654 686
725 727
247 736
656 876
733 881
487 944
274 988
316 354
360 631
281 747
620 779
519 854
917 959
900 971
769 982
337 889
146 979
550 991
297 652
171 682
530 603
52 673
39 749
367 772
301 865
675 876
285 895
547 946
502 984
842 878
144 206
158 256
122 273
132 298
109 347
65 349
170 397
523 632
339 691
459 765
232 924
68 545
278 709
154 769
804 805
556 836
135 843
381 874
445 987
146 194
35 220
33 399
327 719
596 797
368 806
58 937
184 646
449 838
418 450
219 550
435 551
226 645
228 378
370 430
306 439
183 801
235 827
86 268
65 414
229 459
87 757
774 776
644 781
242 991
225 255
127 664
239 724
288 794
217 818
220 606
136 961
158 506
97 804
428 860
656 862
211 569
472 673
592 771
244 704
49 753
67 767
84 771
195 790
339 877
350 375
245 471
144 535
52 561
9 675
461 749
789 795
741 800
450 807
6 892
547 936
8 938
715 847
100 883
82 140
53 303
381 472
449 632
24 680
268 830
429 840
187 880
387 950
778 988
61 148
126 243
525 549
179 624
133 141
67 274
179 466
245 716
93 718
177 328
361 369
284 382
114 966
941 973
158 264
587 790
72 918
52 101
302 371
513 688
103 716
691 747
44 777
167 781
54 948
869 983
39 999
84 922
15 45
46 75
256 506
56 566
167 644
488 661
529 801
619 843
586 871
370 902
517 925
27 177
719 803
507 890
7 704
470 756
149 868
779 946
331 351
388 407
201 430
186 757
631 763
119 728
486 794
420 901
80 211
204 361
155 489
493 535
311 689
694 758
237 783
246 877
467 910
326 982
104 986
164 423
346 430
207 457
404 575
304 837
762 860
171 913
579 962
261 297
371 388
154 756
580 763
464 957
434 958
311 969
98 422
251 571
445 580
166 714
630 756
50 762
426 980
279 990
339 584
262 839
170 430
367 453
381 878
590 923
494 569
84 608
101 763
291 839
12 869
874 974
12 224
550 708
64 782
569 905
544 584
645 693
176 742
729 886
743 941
531 945
690 948
115 344
128 576
62 624
434 666
368 682
606 707
246 747
89 793
198 802
772 823
132 868
257 868
876 906
172 273
142 367
347 417
277 719
370 737
484 865
496 868
708 876
219 906
172 351
479 605
357 700
306 739
213 785
220 807
366 862
141 225
233 418
240 554
64 664
142 770
500 877
215 886
759 948
313 609
177 911
198 365
113 383
192 685
660 947
139 354
408 457
608 704
287 927
213 347
227 530
436 797
453 823
768 913
146 942
92 316
353 392
458 550
448 854
80 907
654 914
152 966
108 234
284 517
42 633
297 720
176 905
33 911
175 446
244 575
287 757
882 935
217 263
140 455
237 945
797 998
225 534
208 864
87 190
415 477
80 494
32 538
216 560
239 584
522 585
154 607
329 628
636 687
22 864
81 921
567 620
387 708
104 780
507 882
289 726
114 378
4 484
192 600
518 779
43 925
41 381
374 679
154 215
763 887
107 893
89 330
170 683
275 792
749 796
80 905
402 914
10 316
448 548
321 573
751 846
202 904
29 126
461 487
493 811
545 822
243 896
238 985
149 599
251 640
517 783
372 949
15 234
261 443
229 531
11 555
17 609
228 704
140 713
654 787
487 846
722 848
394 883
738 951
6 267
334 346
112 394
351 436
173 693
121 699
340 886
460 933
403 454
141 534
360 887
209 860
91 884
403 949
329 717
75 891
332 340
361 392
270 434
413 558
706 724
526 748
336 768
141 380
399 451
243 685
409 730
514 787
716 811
671 879
320 996
219 242
203 465
235 574
560 789
446 866
428 888
661 975
23 183
37 419
564 733
607 756
424 792
762 849
586 920
321 982
225 440
237 456
46 564
769 886
801 974
137 261
38 324
407 414
841 951
427 996
467 527
41 560
66 613
288 643
514 686
154 729
301 739
281 877
911 956
47 388
224 531
284 960
51 60
274 385
100 766
740 848
38 448
420 459
263 619
235 742
27 779
431 522
536 604
642 885
158 255
623 769
79 952
164 402
781 803
790 905
421 923
263 944
743 991
400 446
57 502
473 506
113 529
337 682
598 797
581 864
139 974
40 390
255 473
44 515
13 567
164 586
198 591
116 269
122 329
239 353
182 380
292 455
100 553
132 658
5 663
203 676
686 787
826 857
607 858
521 935
570 939
200 385
275 501
347 657
368 709
180 726
670 772
840 960
83 256
47 302
598 851
674 866
131 922
427 932
226 968
6 189
58 295
1 638
442 713
475 980
439 703
180 326
401 611
55 698
623 756
549 822
82 838
641 849
441 927
291 970
903 984
411 450
224 559
524 593
197 319
216 971
52 560
325 627
496 658
43 677
2 234
131 489
672 705
37 937
457 968
180 289
569 964
415 967
322 339
49 744
192 792
401 857
250 957
312 989
169 354
79 380
512 773
666 848
607 886
799 941
187 957
261 431
13 130
348 469
139 476
67 509
13 518
189 521
132 599
428 600
292 615
4 730
643 835
569 907
177 533
78 659
210 981
314 604
114 173
331 664
760 817
699 827
41 52
160 267
132 424
616 680
482 747
541 906
65 104
42 110
34 431
146 483
118 845
669 911
80 964
84 966
376 414
291 467
168 498
81 510
86 548
470 596
610 615
772 815
89 222
182 264
551 715
712 839
36 126
48 274
66 347
341 376
283 378
212 390
361 414
330 476
444 504
113 517
361 544
531 559
36 610
633 724
508 795
301 838
572 843
689 911
407 943
776 962
74 710
410 839
183 923
677 960
228 966
109 503
324 548
178 582
454 640
696 699
282 768
806 872
756 886
121 235
71 328
297 619
547 695
758 799
161 242
246 339
142 422
323 423
333 433
84 651
52 655
300 676
428 896
220 902
114 922
892 923
303 969
542 989
160 348
371 647
541 722
268 512
18 754
170 902
138 234
638 741
97 186
182 202
31 614
547 779
37 995
46 201
152 207
473 500
412 586
465 707
151 747
176 827
583 833
399 956
165 265
334 359
353 371
49 372
376 647
149 658
482 671
236 734
390 736
226 771
187 792
80 911
483 979
40 156
26 342
270 368
200 411
94 426
155 601
292 745
279 768
261 652
312 799
143 805
633 820
21 854
35 902
539 922
231 738
14 781
165 849
128 903
918 938
180 573
375 585
171 833
280 850
791 877
853 890
729 948
780 959
765 945
995 996
525 546
401 820
120 979
344 509
388 780
253 943
368 958
34 68
44 162
260 527
290 555
673 878
944 999
17 721
155 771
313 873
2 102
20 400
410 467
546 549
373 669
471 690
241 875
99 886
119 906
504 960
338 984
236 804
507 842
23 874
176 911
106 503
246 584
368 893
503 892
52 123
62 166
263 375
427 602
510 656
326 726
319 826
542 921
210 924
130 961
821 981
202 738
549 751
673 763
794 803
164 914
11 96
29 265
353 917
64 804
27 176
169 504
204 780
600 847
223 866
238 900
130 328
392 414
380 775
139 316
154 340
478 637
317 640
408 766
328 831
559 983
87 149
44 305
257 649
510 708
494 790
636 831
490 893
387 921
888 957
39 556
172 598
99 607
218 618
130 620
102 688
604 727
733 786
528 856
834 885
115 924
90 943
248 957
340 535
89 900
278 435
337 435
73 564
87 132
321 326
126 610
35 663
377 682
307 716
274 721
563 785
39 854
17 866
164 931
920 963
74 577
320 767
262 291
149 424
377 709
127 236
96 362
131 404
93 426
205 426
5 676
308 760
498 800
511 832
853 882
732 977
118 238
119 282
152 379
133 473
114 608
504 677
359 460
199 536
393 812
79 225
344 419
48 313
290 372
1 512
360 532
443 619
110 671
289 321
404 650
171 711
339 544
468 578
734 773
321 797
697 815
424 868
401 879
834 961
26 232
58 261
32 457
1 664
404 753
267 777
248 847
285 912
35 450
212 530
303 769
215 824
452 897
77 237
306 308
142 406
211 790
236 800
323 931
30 290
200 450
498 654
19 668
586 787
34 861
156 938
88 206
229 527
701 734
342 898
449 455
670 770
579 774
219 921
156 557
754 931
81 991
128 573
327 644
300 932
161 989
284 354
380 425
220 465
120 505
294 549
62 602
464 605
239 706
621 745
37 843
592 922
160 923
13 956
741 963
379 968
547 981
140 301
270 481
228 489
333 556
430 606
404 744
879 912
467 945
53 982
635 989
21 548
102 597
417 657
580 673
192 888
270 377
536 617
545 624
398 627
664 884
818 944
99 154
236 265
301 413
209 485
468 552
321 726
98 823
569 911
895 976
7 49
609 643
109 702
77 783
1 755
658 792
377 832
349 361
35 411
345 473
230 539
259 561
582 757
603 813
653 969
402 514
129 802
734 805
155 536
699 742
175 808
260 591
416 618
579 650
210 767
99 829
260 363
0 450
33 533
140 632
350 846
426 856
571 900
579 955
36 60
441 610
199 727
46 786
890 935
904 951
13 33
212 218
15 279
263 522
9 656
404 704
164 746
315 770
738 877
477 913
377 958
561 974
442 588
424 649
116 790
572 822
358 873
45 108
264 473
190 757
74 975
25 752
499 959
168 963
310 556
397 767
294 846
125 534
131 776
63 802
738 841
262 929
714 937
159 411
389 589
489 994
79 83
357 636
28 760
743 876
708 906
320 932
295 419
408 497
4 523
96 650
290 949
919 967
9 458
217 487
36 558
241 627
71 642
430 676
583 709
697 743
839 945
18 164
121 326
481 958
240 335
643 721
617 771
14 784
856 870
50 165
792 847
196 492
128 596
526 604
123 882
826 895
217 619
71 636
185 923
410 953
720 965
425 438
443 451
92 476
530 618
9 708
512 741
422 772
347 916
286 939
399 961
13 177
382 476
277 528
132 705
314 766
788 798
218 816
746 820
537 834
777 916
753 994
366 387
143 412
197 482
483 661
179 714
629 893
38 899
12 945
74 117
21 391
235 696
728 941
300 996
26 58
323 514
50 605
75 733
518 956
137 965
10 476
467 531
284 665
592 883
786 891
149 705
264 775
610 804
782 805
492 814
678 820
2 513
30 49
93 94
237 410
84 601
425 879
82 301
346 707
228 776
595 890
162 267
334 370
375 431
94 495
350 585
137 818
871 963
318 447
46 676
847 888
680 984
20 241
1 433
81 453
741 805
171 958
123 521
393 692
381 935
336 958
894 995
245 332
75 430
836 837
641 860
745 865
530 881
434 990
347 702
469 983
47 350
436 717
395 743
310 749
435 833
828 953
216 259
253 452
308 621
103 150
200 418
217 297
98 367
384 466
369 614
566 650
583 682
204 706
94 732
203 902
343 361
192 485
135 572
460 881
728 950
116 195
156 495
839 910
651 966
313 988
553 667
356 747
733 891
656 906
517 930
99 272
289 769
431 846
855 869
537 969
114 207
51 860
171 889
84 226
409 423
262 467
106 702
547 956
41 259
305 692
624 710
477 768
414 780
595 882
284 925
266 625
560 655
268 914
265 331
170 385
287 896
163 382
8 40
163 543
230 693
857 912
162 916
790 964
138 990
276 662
615 928
86 168
171 270
189 563
59 690
703 745
767 915
69 74
341 361
749 944
83 221
290 362
242 366
43 382
204 499
636 695
53 726
430 778
898 932
89 405
496 810
219 862
369 647
150 667
654 701
692 929
46 170
197 246
231 482
456 517
545 549
291 559
300 683
18 686
545 852
630 858
657 892
666 958
0 977
97 126
228 230
18 323
209 605
402 871
847 927
776 994
31 239
330 793
179 850
820 879
11 238
44 591
130 911
460 463
591 613
95 220
329 462
147 573
18 586
497 592
73 807
627 808
180 797
14 812
333 837
94 247
449 588
215 769
624 993
366 728
221 231
137 297
62 488
362 566
48 643
75 737
352 832
565 900
382 972
111 156
306 449
268 654
835 867
76 134
343 407
449 484
476 504
138 513
122 598
72 816
525 852
783 953
932 995
206 312
145 455
176 642
450 663
433 836
347 863
98 406
442 632
124 747
270 336
458 491
648 724
533 779
895 912
26 995
2 45
83 125
35 201
44 365
130 451
136 451
297 451
569 587
78 607
270 666
318 745
29 896
428 927
925 930
686 931
371 986
102 437
834 911
334 564
467 627
415 722
82 745
40 816
427 898
47 294
542 750
355 830
90 850
377 872
209 896
728 973
499 544
273 628
676 778
189 923
850 992
51 126
178 649
512 664
105 821
482 841
747 841
859 890
31 895
388 897
5 385
221 473
124 647
228 940
366 921
72 247
216 254
325 467
74 679
455 865
877 904
931 976
184 345
263 487
457 772
303 827
706 959
175 398
97 615
305 702
662 853
186 928
228 244
235 669
107 711
279 434
628 717
119 731
463 813
844 869
379 940
779 981
147 984
921 991
660 992
798 999
96 404
174 732
639 812
106 892
843 937
761 967
61 76
522 549
496 672
226 693
697 758
257 792
123 890
821 946
217 999
27 357
341 499
54 668
430 807
295 843
728 876
317 887
609 934
247 938
550 950
165 331
171 709
531 869
813 918
226 457
68 520
601 774
433 796
11 845
270 352
316 382
158 791
153 856
281 951
74 661
441 757
652 894
196 408
280 525
497 553
67 293
141 506
434 513
242 675
451 818
854 999
314 379
318 474
24 616
660 710
642 831
368 872
120 194
12 229
11 478
90 577
502 616
404 776
593 781
818 954
410 527
122 755
101 123
170 465
52 507
33 620
800 920
293 934
141 256
121 289
136 304
135 419
217 443
314 497
189 590
24 605
319 671
721 866
160 901
89 238
131 244
183 563
595 662
742 907
19 206
5 411
275 551
413 615
159 663
234 688
692 712
330 819
458 823
626 979
51 243
477 541
139 561
532 580
34 585
23 590
664 782
762 847
184 500
398 559
345 747
102 282
899 914
424 496
158 534
177 620
726 729
12 559
57 680
128 729
398 929
712 929
611 997
281 345
410 828
620 956
95 430
35 465
291 712
636 905
369 499
135 520
145 713
61 532
414 647
509 767
859 882
105 223
45 597
31 648
116 700
330 405
757 760
483 926
157 942
30 283
65 384
294 431
307 493
420 531
274 609
466 714
408 814
720 818
285 826
398 970
160 189
242 542
275 715
707 902
143 920
45 437
430 564
123 662
667 766
143 871
679 942
7 949
310 999
59 78
112 245
202 380
290 478
192 479
475 736
666 740
794 802
589 854
415 906
834 907
718 980
170 988
115 995
93 205
208 407
611 678
672 810
518 821
632 838
402 920
80 587
558 610
241 636
188 302
27 328
104 384
88 395
453 458
7 566
533 620
102 708
247 718
668 759
490 768
110 912
488 993
337 368
698 870
367 991
158 380
454 508
268 324
467 712
57 576
539 693
566 949
131 966
808 970
208 414
49 489
13 547
235 623
310 854
400 866
691 951
344 995
29 60
124 151
273 310
245 394
483 505
143 512
34 546
533 652
381 673
601 704
268 782
711 832
165 884
260 929
557 938
550 973
317 580
90 710
535 729
174 786
516 794
57 797
359 891
601 922
11 949
352 958
4 632
426 732
855 930
74 157
208 286
59 332
217 965
159 430
137 443
144 493
278 583
200 663
835 875
586 931
946 956
497 968
36 97
299 695
749 788
274 934
137 487
592 966
166 993
6 160
71 357
303 607
639 692
518 695
248 860
894 924
242 453
340 690
520 861
64 512
491 550
588 621
273 333
410 531
101 560
262 692
303 742
717 797
836 854
294 466
27 547
99 634
394 716
299 790
151 877
345 951
258 511
518 620
215 858
17 48
288 400
49 575
326 769
727 776
377 893
696 969
207 651
229 559
230 617
70 796
193 528
283 372
130 720
635 761
546 861
23 123
27 130
172 329
199 526
248 551
560 580
192 762
575 771
463 816
601 940
23 421
238 290
379 394
15 597
489 617
462 696
24 723
280 852
800 871
23 185
267 459
575 608
579 972
823 991
526 994
67 210
459 527
455 588
101 625
18 830
214 892
677 925
177 961
313 385
298 658
146 707
549 714
730 764
737 786
849 888
750 991
247 390
367 458
336 477
274 683
63 719
279 740
587 844
507 935
399 946
594 952
221 225
38 433
688 862
827 907
45 138
36 243
163 429
441 485
350 522
350 589
133 594
354 612
493 668
423 686
309 767
750 815
80 885
191 909
