1000 4669 56.089214649520635 sparse
0 411 820
1 975 280
2 350 205
3 864 368
4 422 912
5 703 822
6 536 697
7 845 324
8 423 976
9 892 658
10 172 17
11 113 372
12 830 880
13 141 940
14 995 47
15 981 773
16 97 514
17 340 636
18 886 459
19 558 473
20 212 869
21 877 287
22 73 677
23 454 630
24 642 785
25 704 254
26 548 189
27 955 551
28 256 504
29 428 389
30 508 336
31 647 123
32 534 945
33 348 693
34 591 464
35 271 688
36 409 549
37 917 901
38 212 389
39 488 804
40 880 485
41 839 704
42 101 652
43 19 819
44 733 267
45 580 631
46 492 894
47 454 723
48 176 367
49 857 329
50 510 662
51 86 243
52 912 378
53 30 512
54 758 98
55 138 509
56 412 696
57 235 748
58 342 370
59 232 48
60 381 515
61 668 149
62 321 686
63 675 971
64 499 878
65 993 245
66 26 191
67 256 788
68 48 693
69 503 450
70 812 404
71 708 587
72 238 117
73 61 208
74 637 871
75 74 937
76 27 725
77 351 917
78 337 145
79 564 849
80 231 723
81 453 575
82 263 726
83 739 896
84 773 358
85 278 740
86 225 419
87 464 482
88 149 127
89 318 419
90 270 983
91 310 633
92 424 97
93 245 206
94 316 967
95 984 194
96 100 291
97 884 257
98 59 693
99 987 78
100 675 879
101 913 603
102 21 463
103 338 624
104 53 583
105 980 618
106 84 726
107 825 411
108 793 877
109 981 262
110 281 796
111 746 234
112 569 427
113 837 822
114 949 366
115 934 703
116 66 555
117 716 209
118 699 79
119 479 33
120 511 515
121 573 597
122 786 504
123 218 875
124 872 896
125 278 715
126 988 751
127 226 207
128 652 635
129 901 501
130 669 322
131 24 294
132 669 712
133 752 395
134 724 258
135 126 634
136 158 385
137 978 824
138 84 227
139 961 455
140 558 117
141 840 663
142 648 775
143 935 919
144 236 15
145 603 482
146 323 43
147 611 214
148 956 91
149 422 773
150 17 543
151 876 147
152 801 631
153 589 14
154 451 903
155 12 254
156 344 671
157 942 418
158 242 205
159 611 620
160 329 559
161 128 553
162 31 837
163 397 545
164 636 986
165 741 337
166 369 552
167 437 280
168 257 827
169 576 252
170 931 12
171 638 687
172 526 945
173 715 228
174 19 135
175 338 910
176 294 11
177 513 720
178 863 740
179 711 291
180 160 165
181 56 868
182 269 708
183 409 842
184 123 299
185 919 744
186 23 625
187 211 475
188 20 543
189 935 840
190 147 273
191 293 646
192 573 392
193 125 306
194 945 993
195 705 6
196 569 387
197 162 424
198 968 802
199 173 199
200 712 848
201 768 455
202 999 444
203 470 291
204 18 195
205 317 328
206 590 367
207 769 169
208 152 861
209 647 915
210 870 290
211 179 120
212 93 180
213 928 25
214 482 382
215 261 387
216 28 172
217 386 970
218 714 85
219 711 326
220 761 809
221 275 738
222 573 165
223 765 358
224 986 996
225 202 694
226 295 506
227 91 40
228 601 275
229 443 72
230 496 559
231 701 536
232 209 217
233 747 283
234 249 939
235 995 316
236 194 909
237 265 701
238 943 511
239 315 335
240 115 372
241 466 589
242 403 751
243 552 301
244 96 991
245 891 525
246 245 633
247 906 846
248 188 892
249 766 761
250 15 92
251 544 411
252 288 756
253 356 808
254 784 766
255 142 161
256 35 725
257 693 824
258 301 533
259 235 141
260 364 318
261 211 702
262 285 593
263 594 411
264 11 164
265 45 207
266 84 539
267 741 789
268 217 530
269 723 747
270 206 727
271 770 716
272 848 117
273 216 235
274 448 340
275 631 386
276 757 228
277 302 446
278 589 570
279 427 500
280 92 944
281 87 791
282 826 392
283 598 363
284 847 604
285 734 914
286 423 564
287 747 333
288 136 450
289 934 902
290 946 172
291 26 86
292 329 894
293 990 759
294 126 925
295 977 992
296 781 691
297 362 350
298 186 511
299 238 695
300 68 242
301 365 984
302 405 975
303 124 385
304 317 704
305 83 806
306 916 303
307 483 686
308 377 41
309 639 630
310 476 869
311 235 536
312 164 19
313 184 685
314 690 206
315 214 627
316 267 267
317 258 446
318 841 606
319 218 8
320 0 516
321 841 344
322 937 412
323 296 622
324 937 845
325 469 988
326 883 954
327 56 792
328 338 265
329 868 323
330 717 239
331 520 615
332 306 36
333 573 63
334 990 218
335 383 287
336 961 438
337 387 95
338 319 82
339 576 915
340 590 224
341 531 364
342 138 865
343 763 272
344 585 268
345 24 771
346 32 360
347 866 997
348 670 367
349 830 523
350 657 358
351 770 398
352 334 724
353 441 171
354 439 468
355 580 949
356 212 82
357 997 24
358 14 361
359 795 519
360 490 374
361 866 529
362 416 607
363 523 67
364 967 103
365 701 632
366 543 524
367 324 477
368 564 833
369 95 341
370 408 113
371 355 88
372 140 485
373 819 614
374 88 599
375 285 228
376 608 237
377 552 841
378 450 422
379 525 489
380 204 417
381 928 529
382 927 456
383 562 11
384 4 468
385 807 99
386 428 769
387 493 756
388 1 1000
389 122 727
390 853 514
391 269 272
392 768 181
393 266 258
394 829 881
395 214 417
396 21 129
397 91 278
398 103 519
399 438 558
400 20 718
401 888 115
402 945 177
403 400 75
404 799 154
405 191 117
406 106 796
407 323 592
408 530 791
409 965 501
410 218 424
411 634 250
412 556 634
413 52 417
414 195 411
415 299 478
416 294 958
417 814 395
418 745 811
419 647 504
420 18 809
421 394 488
422 782 733
423 362 271
424 296 247
425 634 292
426 341 708
427 157 347
428 627 17
429 297 229
430 118 133
431 2 44
432 36 384
433 738 14
434 205 604
435 403 177
436 728 414
437 786 939
438 991 393
439 550 557
440 21 714
441 257 718
442 136 143
443 58 989
444 386 640
445 555 133
446 545 573
447 221 624
448 745 433
449 965 791
450 191 974
451 255 66
452 962 40
453 614 96
454 268 521
455 960 969
456 142 659
457 108 198
458 37 490
459 342 883
460 873 854
461 104 874
462 384 4
463 835 159
464 289 566
465 609 649
466 951 697
467 805 412
468 344 765
469 977 709
470 629 942
471 599 985
472 845 903
473 750 823
474 312 36
475 60 784
476 137 390
477 993 979
478 394 258
479 651 723
480 787 11
481 988 678
482 376 577
483 468 231
484 46 157
485 36 359
486 45 86
487 551 861
488 849 51
489 51 165
490 485 103
491 535 658
492 114 324
493 470 333
494 554 109
495 715 669
496 478 804
497 426 587
498 193 193
499 657 413
500 707 689
501 209 51
502 761 360
503 217 761
504 0 547
505 311 777
506 979 251
507 256 429
508 268 256
509 0 566
510 253 116
511 89 399
512 534 909
513 546 360
514 39 787
515 742 178
516 653 382
517 282 808
518 9 462
519 823 469
520 580 208
521 337 352
522 743 528
523 638 223
524 65 58
525 796 467
526 92 858
527 684 391
528 904 282
529 400 157
530 925 200
531 921 426
532 83 506
533 803 650
534 323 198
535 968 388
536 911 898
537 495 383
538 861 337
539 520 789
540 637 664
541 355 12
542 356 78
543 173 856
544 857 304
545 133 670
546 795 974
547 20 148
548 855 804
549 164 242
550 380 756
551 493 420
552 396 225
553 305 716
554 466 772
555 690 102
556 639 747
557 499 852
558 687 886
559 126 264
560 749 799
561 497 948
562 605 599
563 867 266
564 19 395
565 895 455
566 570 833
567 546 613
568 470 580
569 32 884
570 158 87
571 43 342
572 462 407
573 542 924
574 146 932
575 655 517
576 508 3
577 265 864
578 507 697
579 542 855
580 142 913
581 95 961
582 758 411
583 683 722
584 462 94
585 217 710
586 289 12
587 913 419
588 124 499
589 27 361
590 235 824
591 481 817
592 731 773
593 550 482
594 920 543
595 9 741
596 787 209
597 889 640
598 454 58
599 761 572
600 822 649
601 814 986
602 28 327
603 646 247
604 643 438
605 438 77
606 186 83
607 233 368
608 31 981
609 476 441
610 627 266
611 856 873
612 38 670
613 917 138
614 330 75
615 72 533
616 160 659
617 156 715
618 950 626
619 235 642
620 990 489
621 153 129
622 853 615
623 503 473
624 319 49
625 868 707
626 806 374
627 18 956
628 801 986
629 272 446
630 522 766
631 303 724
632 5 449
633 709 838
634 199 949
635 754 464
636 942 375
637 250 612
638 294 16
639 19 790
640 435 574
641 739 696
642 114 710
643 244 227
644 819 60
645 430 311
646 897 556
647 996 952
648 608 491
649 802 618
650 863 900
651 829 811
652 816 983
653 758 875
654 187 123
655 30 634
656 52 137
657 862 340
658 837 2
659 830 585
660 299 468
661 747 861
662 324 929
663 860 232
664 391 799
665 159 956
666 307 958
667 959 879
668 994 494
669 181 182
670 486 631
671 893 700
672 2 677
673 347 817
674 161 966
675 691 134
676 473 362
677 520 788
678 124 962
679 653 91
680 187 870
681 974 557
682 296 294
683 264 981
684 580 234
685 867 420
686 67 138
687 475 914
688 638 2
689 311 95
690 780 554
691 311 244
692 511 494
693 682 71
694 745 518
695 969 539
696 392 613
697 739 43
698 224 329
699 3 251
700 148 915
701 275 491
702 104 260
703 853 8
704 19 286
705 440 434
706 499 648
707 694 31
708 467 345
709 915 650
710 195 49
711 433 520
712 534 985
713 137 777
714 347 675
715 55 275
716 563 311
717 607 537
718 169 103
719 199 721
720 2 947
721 134 941
722 255 325
723 934 969
724 348 258
725 454 638
726 432 740
727 541 802
728 605 536
729 376 393
730 919 735
731 106 390
732 648 854
733 167 77
734 664 417
735 382 617
736 127 355
737 15 255
738 593 514
739 764 0
740 393 942
741 484 739
742 978 158
743 739 94
744 503 769
745 720 254
746 587 112
747 858 32
748 893 131
749 846 353
750 459 208
751 794 175
752 483 247
753 407 745
754 1 667
755 105 868
756 54 633
757 290 22
758 815 848
759 25 85
760 245 572
761 438 731
762 77 437
763 737 297
764 568 596
765 671 870
766 941 384
767 198 48
768 260 336
769 845 705
770 84 726
771 665 731
772 25 127
773 184 455
774 552 800
775 262 23
776 215 284
777 321 593
778 384 0
779 906 235
780 454 668
781 183 540
782 902 671
783 739 686
784 696 34
785 626 153
786 260 675
787 814 429
788 643 188
789 861 545
790 820 617
791 334 102
792 201 312
793 47 795
794 915 652
795 565 539
796 279 522
797 498 980
798 735 533
799 940 226
800 868 530
801 655 354
802 493 29
803 882 933
804 979 981
805 734 257
806 839 681
807 574 263
808 994 43
809 807 63
810 266 808
811 453 58
812 347 848
813 934 446
814 585 47
815 893 241
816 432 704
817 289 961
818 533 604
819 659 786
820 730 203
821 790 361
822 492 785
823 134 223
824 588 425
825 863 430
826 611 942
827 318 894
828 209 979
829 991 416
830 460 874
831 892 314
832 66 244
833 998 655
834 342 337
835 280 261
836 525 33
837 186 705
838 490 849
839 58 739
840 233 362
841 286 309
842 743 193
843 258 954
844 149 865
845 756 87
846 502 81
847 215 637
848 599 515
849 101 444
850 673 809
851 260 44
852 376 707
853 314 863
854 296 190
855 526 725
856 691 675
857 55 620
858 963 779
859 518 84
860 424 291
861 883 833
862 645 131
863 683 337
864 261 635
865 753 672
866 869 35
867 415 640
868 609 554
869 497 118
870 497 791
871 471 451
872 947 563
873 686 778
874 25 232
875 792 13
876 666 662
877 165 417
878 717 122
879 102 845
880 676 933
881 651 949
882 93 708
883 278 628
884 987 721
885 893 672
886 920 781
887 106 844
888 505 501
889 228 790
890 588 144
891 740 467
892 532 185
893 639 428
894 275 36
895 222 505
896 569 666
897 409 284
898 21 1000
899 892 821
900 650 356
901 112 141
902 928 7
903 681 711
904 141 270
905 785 146
906 140 356
907 190 993
908 767 652
909 669 115
910 138 723
911 145 75
912 752 875
913 245 932
914 725 132
915 254 27
916 377 894
917 935 973
918 118 298
919 305 671
920 40 898
921 830 509
922 633 90
923 719 830
924 363 944
925 587 61
926 739 883
927 962 24
928 302 425
929 118 958
930 495 689
931 696 905
932 540 982
933 220 272
934 410 607
935 475 460
936 564 734
937 241 685
938 860 428
939 146 862
940 773 769
941 321 848
942 995 714
943 587 153
944 538 864
945 423 828
946 900 224
947 503 422
948 236 117
949 342 259
950 922 670
951 982 601
952 117 637
953 972 280
954 705 638
955 949 329
956 6 798
957 527 373
958 898 640
959 575 798
960 338 58
961 219 620
962 505 510
963 486 271
964 770 913
965 192 339
966 358 52
967 995 167
968 455 145
969 236 103
970 903 148
971 529 509
972 352 307
973 2 705
974 516 85
975 923 867
976 693 259
977 865 343
978 169 425
979 964 291
980 659 249
981 661 583
982 237 230
983 854 4
984 569 388
985 888 948
986 868 569
987 100 802
988 400 214
989 859 9
990 698 576
991 78 139
992 190 25
993 539 146
994 38 295
995 758 687
996 837 77
997 809 741
998 572 518
999 381 273
106 770
539 677
598 811
196 984
12 394
291 759
11 240
709 794
72 948
717 728
407 777
361 800
859 974
393 508
300 832
150 188
1 953
93 158
538 657
155 737
710 767
373 790
85 221
601 652
707 784
825 938
462 778
400 440
346 485
14 808
879 887
723 917
703 983
844 939
657 977
223 502
88 621
396 772
350 801
447 961
176 638
156 714
208 844
290 402
176 586
346 589
121 764
184 918
189 324
316 391
480 875
801 900
134 745
192 984
416 817
170 902
332 474
368 566
607 840
653 912
362 934
461 755
41 769
738 848
208 939
724 949
703 989
284 318
174 396
90 683
580 700
192 196
586 638
620 668
37 536
190 904
712 932
229 605
13 721
197 978
983 989
165 287
149 386
146 624
405 654
242 753
638 757
678 929
328 949
365 954
538 977
184 193
205 239
350 900
21 210
315 447
197 877
643 982
157 322
16 398
384 518
822 870
120 962
326 985
32 172
84 223
76 256
23 725
182 237
395 410
499 734
234 913
126 293
10 312
553 631
31 862
20 123
406 987
211 654
342 939
86 410
315 961
66 204
206 283
327 475
140 494
49 538
775 915
877 978
185 730
597 958
888 962
316 393
636 766
782 885
890 943
70 417
485 589
270 719
692 888
484 489
13 574
131 704
522 798
155 699
327 793
557 838
135 952
224 295
18 565
241 568
124 650
100 765
871 935
579 944
341 957
76 400
380 395
82 441
39 496
261 585
415 660
174 772
641 783
430 901
43 420
371 542
672 754
586 757
44 805
134 805
315 847
5 257
408 539
665 674
522 694
551 947
360 537
145 648
321 749
200 633
408 677
299 937
70 467
531 587
193 918
685 938
249 940
884 942
696 735
685 825
604 893
380 414
487 579
726 761
68 98
292 827
342 844
316 508
454 796
686 991
173 330
86 395
109 506
727 774
295 804
169 807
54 845
609 871
583 903
214 360
514 793
125 182
198 449
114 636
186 655
501 767
747 866
254 940
24 142
176 757
552 988
225 261
207 392
375 429
110 517
102 518
19 593
132 903
49 657
722 768
344 807
25 976
17 103
84 502
449 858
328 724
250 759
382 813
211 405
282 417
411 603
493 708
644 809
307 930
111 276
250 291
49 329
76 440
284 622
779 946
36 163
418 560
699 737
44 134
94 666
253 673
267 560
878 914
633 923
7 49
418 473
358 589
601 628
416 666
508 835
83 926
776 933
146 474
214 537
174 547
338 614
152 649
756 857
736 906
603 980
170 213
496 591
487 944
266 615
546 628
246 619
570 733
518 632
113 651
953 979
100 558
128 309
303 476
177 855
317 629
349 921
948 969
9 885
131 994
340 684
501 710
477 804
333 925
814 925
72 969
335 999
456 545
35 237
391 393
745 805
779 815
316 835
393 835
447 847
635 891
79 377
368 377
27 872
578 930
0 945
208 342
119 802
846 974
70 107
77 175
39 591
474 624
379 692
243 716
661 912
71 990
318 622
574 721
861 899
72 510
656 686
515 842
65 506
117 820
263 824
120 888
419 575
338 689
912 926
639 956
628 652
424 691
330 745
281 305
341 513
408 727
142 819
391 835
1 979
182 441
220 560
286 640
378 705
469 884
380 410
329 538
240 303
348 350
96 397
497 640
567 818
521 834
39 870
865 995
79 368
25 745
517 810
452 927
73 265
391 508
51 138
127 158
220 418
16 532
381 594
479 771
246 864
404 905
569 920
49 977
118 218
286 399
559 904
803 985
148 364
140 445
399 640
498 669
846 859
420 956
260 972
387 744
526 755
9 782
820 842
526 879
26 892
389 910
256 400
33 426
789 800
224 804
860 897
853 941
15 293
201 635
439 446
401 748
361 789
310 830
82 221
304 553
139 336
512 573
851 894
37 289
143 289
11 303
292 459
35 786
475 793
331 818
24 819
167 860
510 948
281 987
79 566
133 582
5 633
658 703
89 928
692 962
317 507
574 700
717 868
105 951
658 983
377 579
132 583
55 588
233 763
229 811
613 970
280 581
84 821
46 64
228 344
352 426
150 504
411 610
373 649
847 961
305 987
122 359
234 843
79 487
351 582
570 911
102 384
327 514
81 568
363 859
91 323
256 440
220 473
229 598
653 661
50 706
294 721
47 761
5 923
456 616
470 826
213 902
236 248
51 300
8 302
346 358
424 429
115 466
81 640
329 657
676 708
33 714
649 790
694 798
141 806
682 841
851 915
133 351
9 597
472 650
666 817
175 292
169 344
264 547
627 720
97 815
146 332
224 477
485 571
332 624
44 745
743 845
864 883
775 894
815 946
180 255
70 282
62 304
169 684
27 695
728 868
222 943
82 125
428 688
249 254
83 285
58 521
681 695
303 731
450 828
469 942
216 264
237 441
389 642
199 669
118 693
614 960
85 252
340 520
267 592
1 109
82 182
268 311
255 442
15 858
323 883
696 934
9 958
120 971
291 486
504 509
93 127
117 173
107 282
396 547
533 600
384 632
420 639
450 907
609 935
783 995
66 216
125 237
81 241
152 533
210 544
80 585
423 724
112 824
423 999
378 572
110 810
490 869
417 467
97 563
511 731
387 741
630 744
467 787
357 808
427 906
742 967
232 273
75 280
144 319
11 731
96 918
200 923
794 950
363 974
233 343
107 417
574 580
570 718
54 743
132 771
39 822
744 822
225 837
217 302
281 406
345 639
274 708
377 566
114 766
617 910
10 992
127 232
211 718
709 958
748 970
543 680
783 865
526 887
183 945
25 330
361 390
348 801
478 999
395 414
27 681
606 733
453 922
461 526
294 580
333 814
388 898
107 467
377 487
486 759
51 832
679 922
782 950
35 182
313 837
225 313
240 731
583 771
106 882
770 882
109 953
435 529
514 639
329 977
134 330
432 564
270 585
74 732
25 134
7 321
188 504
379 971
82 85
36 286
429 691
130 863
757 894
366 971
430 442
88 442
295 477
7 538
657 749
626 821
719 837
619 847
653 926
445 993
65 109
271 422
28 454
360 676
240 736
794 958
199 498
484 656
279 711
645 860
960 966
120 692
277 928
93 643
488 747
326 803
168 810
558 931
624 960
440 973
704 994
641 995
86 380
132 479
193 492
346 571
585 719
107 787
775 851
642 882
321 538
294 574
709 950
13 294
125 441
475 514
571 602
146 960
22 98
44 233
322 531
372 588
102 632
257 633
332 757
424 835
500 856
434 961
321 657
738 998
91 191
670 706
510 969
608 898
786 937
749 977
495 500
56 816
136 476
208 543
246 637
404 751
547 772
273 982
34 145
43 162
144 915
159 562
728 848
138 300
49 321
345 514
225 585
214 676
538 749
483 752
390 800
62 919
42 952
375 424
329 544
308 966
442 621
248 680
11 736
0 183
358 485
158 643
630 677
733 911
795 998
221 252
340 376
57 503
168 590
277 660
397 702
400 973
33 156
267 418
362 497
275 516
559 702
67 810
194 917
157 531
32 573
546 601
417 626
623 692
261 719
455 804
451 851
92 370
558 765
226 796
81 399
348 516
79 579
141 600
116 615
447 619
744 870
348 900
190 559
546 652
894 915
69 623
41 806
438 829
7 329
171 540
28 701
782 794
496 870
513 957
747 989
15 126
14 357
53 458
274 493
539 630
625 769
539 870
470 881
774 959
658 989
125 221
147 376
286 497
59 501
677 870
755 879
581 929
147 340
21 563
412 567
678 721
460 861
7 544
332 638
379 888
423 949
289 536
507 629
7 657
444 735
151 748
721 929
296 995
318 373
717 848
31 909
661 926
238 381
212 457
216 484
3 749
439 795
191 883
499 893
692 971
438 535
242 550
245 800
198 858
390 921
175 662
152 790
496 822
828 907
318 659
318 790
94 416
177 578
408 774
9 794
337 403
398 532
531 813
297 834
445 494
473 560
655 756
755 887
259 948
962 971
321 977
216 489
689 791
116 266
55 372
15 449
76 595
13 665
442 901
137 198
238 409
294 700
72 259
191 323
45 412
306 528
210 563
752 963
605 811
304 426
346 432
350 516
96 184
9 709
767 992
92 605
304 631
310 838
865 908
703 747
710 992
258 796
87 935
64 310
349 390
315 434
118 555
490 584
432 589
539 727
483 750
709 782
555 909
83 912
43 956
95 334
328 423
362 696
769 806
495 856
152 373
51 702
330 805
138 832
644 996
66 265
571 589
598 605
85 125
432 485
49 544
322 587
226 701
613 748
338 791
762 849
257 850
789 986
367 415
20 680
3 977
411 980
728 738
204 216
82 237
305 406
297 521
68 612
70 787
481 833
737 874
223 821
261 837
217 301
677 727
371 791
363 846
216 547
523 603
888 971
93 982
57 80
80 270
245 361
50 491
455 917
48 136
37 143
113 548
261 270
436 448
369 492
400 595
460 611
284 659
480 739
677 744
726 753
637 864
268 895
127 982
158 982
448 582
155 874
843 913
434 447
175 827
488 866
278 868
771 903
497 934
203 963
246 447
329 831
543 844
648 848
207 751
299 585
315 619
222 890
111 805
166 482
379 593
625 671
13 700
129 245
64 557
520 684
455 723
812 941
356 606
331 567
405 718
718 733
474 757
542 966
324 975
656 991
117 314
392 515
542 614
599 690
335 897
516 900
67 110
304 352
21 544
408 630
450 634
46 687
606 718
539 744
715 994
492 918
40 129
335 423
172 573
307 578
154 687
194 723
49 749
459 827
306 831
410 414
594 646
247 861
80 441
173 745
237 786
184 492
125 631
367 660
218 743
205 834
366 795
18 40
392 751
179 763
257 923
312 992
479 556
603 610
221 441
282 626
474 638
127 643
654 718
542 960
425 610
12 611
548 651
717 738
256 839
819 850
619 864
377 944
125 553
13 580
551 609
180 669
151 970
247 975
519 525
239 834
65 334
153 383
477 647
225 719
848 998
394 472
269 592
379 623
144 775
619 961
175 459
262 464
411 523
574 665
415 701
535 766
614 791
642 910
271 296
195 707
734 893
62 156
12 472
21 528
61 675
648 738
745 976
5 200
484 547
228 610
211 621
157 336
266 398
48 427
614 689
638 894
7 977
226 258
237 299
337 370
152 600
444 696
761 816
94 817
683 843
681 872
543 939
176 332
409 620
515 820
392 842
191 919
348 527
641 865
586 894
38 414
239 521
13 678
47 726
567 764
490 846
597 709
866 989
33 62
35 125
261 299
124 472
281 475
2 534
611 650
671 885
69 947
672 973
124 611
489 656
732 765
757 775
207 905
38 395
3 657
516 801
623 888
67 889
443 608
394 611
376 684
336 813
677 822
534 854
819 873
422 997
16 266
371 614
608 627
856 876
25 173
614 624
62 714
220 267
58 297
226 415
570 606
322 766
539 822
59 851
167 897
747 983
194 455
192 263
83 653
484 686
240 476
639 793
207 515
147 523
69 609
139 813
792 965
295 455
150 509
310 557
698 792
466 469
597 794
675 878
488 996
87 354
499 604
655 857
247 899
656 772
232 498
181 569
679 909
862 909
237 937
163 166
80 299
217 740
196 206
80 261
282 467
6 578
398 588
43 639
0 664
444 867
379 962
157 587
581 678
433 697
7 749
502 821
387 822
149 242
376 411
159 465
114 535
229 584
535 636
233 805
47 816
90 817
554 822
260 834
106 839
770 839
785 862
699 874
540 876
461 879
675 909
885 950
246 961
38 380
273 643
580 721
157 813
202 829
96 193
172 561
532 615
545 616
41 625
493 676
665 721
550 753
586 775
298 781
173 820
95 967
59 451
28 796
61 862
13 929
1 506
386 726
91 103
424 508
218 555
142 556
332 586
584 605
495 783
195 784
111 330
140 746
120 379
700 721
433 739
280 929
353 968
414 978
204 265
81 497
440 595
77 662
228 807
77 924
189 975
189 247
52 766
684 807
366 998
22 68
112 251
112 263
46 310
135 456
85 631
880 881
240 906
38 607
604 734
206 984
127 273
159 309
284 373
62 426
299 786
270 837
6 855
794 885
735 934
69 935
73 138
299 441
409 668
506 953
60 421
284 790
11 476
277 629
725 780
117 330
244 581
530 799
576 802
126 884
478 897
79 944
461 887
740 924
174 264
462 541
352 553
325 797
219 863
897 999
17 91
436 582
52 636
303 736
25 805
35 937
192 206
53 320
44 763
246 847
4 154
36 399
671 782
154 830
64 838
751 905
305 327
44 343
85 441
287 502
420 514
537 676
128 876
59 915
201 525
201 891
165 502
188 509
402 530
256 595
375 691
621 718
556 771
591 870
437 964
182 221
250 486
382 531
70 626
414 877
200 257
133 436
338 960
387 630
21 97
42 135
88 211
223 287
242 386
176 474
259 510
454 701
104 116
162 420
368 487
739 875
623 935
232 982
66 264
226 454
16 588
21 831
50 930
320 504
352 631
476 731
673 812
332 894
262 323
247 324
281 327
335 478
373 659
242 726
503 889
134 976
86 414
105 618
450 674
427 736
368 579
97 779
709 885
356 501
252 505
3 538
98 612
205 521
88 718
330 976
499 516
96 702
698 722
704 737
701 796
827 853
782 958
169 340
221 631
776 792
33 852
134 173
488 644
89 277
121 278
102 458
399 497
387 554
121 567
447 637
489 686
453 746
541 778
117 842
90 843
703 866
11 906
271 995
92 229
168 517
16 615
123 680
585 837
176 894
285 926
111 173
246 315
88 430
147 520
245 646
227 524
69 551
560 592
634 828
617 837
834 972
465 540
149 753
25 44
15 198
204 264
167 645
355 826
817 843
87 871
473 923
646 986
77 292
358 432
201 448
305 475
165 223
412 491
143 536
75 581
386 753
356 969
261 313
150 320
34 648
165 219
81 286
393 424
472 611
187 895
14 99
194 295
99 364
97 528
382 565
214 572
479 583
533 649
396 656
23 670
555 675
555 693
186 756
413 762
390 789
561 797
683 817
69 871
265 874
746 890
637 961
76 973
260 297
121 562
80 719
600 790
80 82
277 415
500 783
452 808
163 286
378 609
420 793
418 923
501 992
44 330
249 422
802 836
637 883
597 885
48 965
516 527
448 635
479 903
9 950
186 857
91 883
885 958
209 470
345 956
6 177
446 764
111 134
44 179
92 403
180 442
31 679
542 791
210 831
695 872
63 881
53 188
86 507
495 954
128 540
343 805
38 86
5 850
348 863
337 371
375 508
146 614
500 641
155 704
670 725
638 775
801 863
136 877
319 992
67 517
13 674
527 734
111 745
45 159
33 304
469 481
715 832
485 602
338 624
58 834
408 870
266 532
362 867
609 947
210 329
254 422
478 552
174 656
622 790
35 441
376 523
809 996
278 562
303 906
494 746
342 755
59 144
85 182
20 248
225 270
3 321
120 366
538 544
474 586
131 602
346 602
660 701
345 793
153 814
446 818
591 838
145 848
170 927
536 975
173 314
274 676
456 952
178 625
375 835
246 883
867 934
31 61
230 568
278 764
350 863
100 931
523 980
145 738
659 790
537 957
698 965
602 994
207 404
160 407
40 565
345 595
619 637
426 714
773 978
188 320
187 773
293 858
594 872
555 878
397 918
99 148
53 150
182 299
551 572
662 666
492 736
597 782
647 804
850 873
311 895
109 979
35 299
366 439
14 452
487 566
392 596
215 607
255 621
547 656
539 774
591 822
578 855
191 864
296 865
195 433
247 460
294 929
169 228
134 233
289 667
251 984
263 984
60 163
136 303
62 553
106 642
47 741
59 767
642 770
417 787
181 920
33 352
139 382
589 602
398 615
373 622
354 705
753 761
74 765
157 766
76 839
28 895
61 909
213 927
309 540
113 758
363 836
500 903
675 914
474 960
901 991
45 465
245 594
274 645
307 780
231 798
322 813
209 880
184 904
136 906
476 906
279 354
151 401
496 554
677 774
176 775
528 831
19 34
321 329
68 440
328 691
182 786
587 813
663 815
38 840
698 840
645 897
593 971
339 355
209 881
727 959
358 564
405 606
344 684
448 891
486 524
459 853
880 931
241 640
292 853
691 949
866 983
123 248
455 477
149 726
576 836
434 847
261 937
371 960
621 654
37 975
68 256
423 478
412 896
26 222
196 251
196 263
90 416
97 663
585 937
530 946
192 251
358 571
376 610
177 741
173 805
389 882
140 993
45 121
88 255
73 300
563 663
596 751
590 889
77 916
217 924
167 203
334 506
445 890
514 956
27 381
174 484
499 527
629 660
391 682
572 705
408 744
590 810
111 820
722 841
210 528
564 589
218 693
369 736
290 742
160 777
130 801
491 896
559 918
179 219
290 530
357 927
426 852
108 653
158 232
279 421
258 454
258 464
468 505
302 740
368 774
304 919
115 950
184 559
50 578
373 600
77 459
342 461
267 473
339 573
606 710
779 799
17 156
112 192
349 359
288 372
316 424
430 621
679 693
387 870
169 376
103 407
39 539
252 631
115 730
12 758
51 397
337 542
489 547
190 549
119 598
292 662
103 777
523 788
459 812
691 835
630 870
705 871
566 959
83 964
254 997
184 190
322 336
313 616
207 842
362 735
268 781
976 980
44 111
134 179
197 414
137 449
196 513
300 715
696 867
375 393
38 410
309 465
110 505
276 596
388 608
568 640
665 678
741 744
630 822
549 823
662 827
288 849
275 900
57 82
566 579
743 878
264 484
22 612
99 808
262 883
270 503
39 677
57 270
378 871
97 210
11 369
96 492
127 498
394 758
31 922
177 930
490 974
27 594
83 661
764 818
427 965
380 978
32 512
262 777
385 809
726 816
225 299
285 964
389 617
245 789
194 804
451 894
255 901
533 908
84 287
66 489
36 640
343 763
119 811
563 815
457 823
50 307
11 511
85 553
495 641
397 715
371 966
133 502
342 543
437 546
253 664
208 680
146 966
908 995
108 394
416 843
30 341
600 806
535 829
429 835
354 871
549 904
904 918
182 937
614 966
610 980
513 984
311 454
192 824
812 853
401 970
724 999
404 463
544 657
712 797
73 832
757 915
268 298
260 335
406 713
131 715
205 841
554 870
180 199
264 396
55 398
308 541
232 643
476 736
108 758
250 772
544 831
359 921
349 361
338 371
95 742
298 895
658 747
484 772
31 785
629 928
219 287
19 379
413 432
135 545
180 621
84 626
612 672
609 705
698 768
682 835
441 937
481 942
97 946
545 952
595 973
516 734
45 896
459 916
368 959
289 975
222 445
42 545
450 665
280 678
179 976
484 991
197 288
358 602
572 609
356 767
391 424
674 721
100 732
276 820
179 233
255 430
121 446
172 512
182 553
426 553
584 598
612 655
43 793
718 911
354 935
240 369
271 641
600 649
147 684
22 882
335 972
249 592
45 764
606 767
474 894
114 955
164 471
401 613
360 708
59 710
276 805
18 825
185 886
360 957
92 337
537 551
327 639
294 678
104 857
623 962
21 329
468 550
584 811
422 940
12 108
228 425
156 426
32 561
356 710
554 744
612 754
562 764
533 790
218 878
435 988
213 452
574 674
98 882
57 441
221 553
574 678
329 749
336 829
757 851
385 996
245 381
26 520
338 542
674 678
808 927
273 933
346 564
322 636
200 661
323 864
846 869
181 526
491 706
311 760
287 763
856 903
423 972
8 217
250 396
224 455
275 499
240 511
96 559
768 840
768 841
32 932
489 991
22 42
249 267
68 400
396 484
738 795
215 840
126 858
171 876
182 631
331 670
278 728
278 717
554 741
566 774
728 998
93 232
196 283
138 457
508 643
36 711
704 715
646 789
305 793
144 851
56 852
48 906
25 179
308 462
211 606
204 874
126 942
981 990
351 467
303 511
397 559
276 842
43 514
46 830
267 940
445 943
622 659
416 683
412 818
168 577
130 350
667 975
23 780
277 367
106 389
262 407
136 427
467 626
393 643
389 770
197 773
349 789
551 871
63 880
35 919
902 927
259 969
754 973
173 976
244 443
403 605
174 216
362 640
359 690
402 742
39 744
179 745
650 803
49 831
490 859
460 899
863 900
586 915
869 974
153 428
30 493
386 554
24 556
92 584
473 661
495 865
142 873
293 884
160 258
275 350
88 654
226 660
238 695
409 695
574 929
68 76
84 165
28 311
327 345
184 397
345 475
171 479
163 482
445 746
330 820
342 887
192 283
323 777
190 918
283 984
221 237
410 507
122 525
399 711
124 803
680 844
702 904
91 919
560 940
950 958
202 336
336 382
345 420
353 435
45 567
29 572
408 822
104 374
357 452
699 704
12 650
138 702
256 973
344 376
555 679
368 727
538 831
443 898
228 376
133 448
349 800
35 82
74 100
370 403
39 554
399 568
94 662
623 871
332 960
52 114
60 166
129 381
282 787
476 877
66 73
216 265
785 788
392 905
107 938
280 294
531 565
394 650
219 763
646 800
625 806
239 841
381 872
130 900
222 993
248 543
315 637
313 719
380 877
156 919
785 943
112 984
800 986
67 168
6 491
429 854
451 915
111 117
28 226
82 252
351 502
124 536
59 775
830 838
725 867
785 890
285 931
855 936
211 570
331 706
146 757
34 824
374 857
624 966
110 168
136 197
146 338
322 535
50 670
278 795
64 830
24 850
133 223
141 533
544 563
376 603
386 761
80 937
453 679
1 65
366 379
557 591
178 769
373 533
482 696
193 904
238 594
501 606
10 710
59 356
66 484
446 795
88 180
139 202
245 390
365 495
214 551
382 587
691 724
651 758
264 772
693 784
375 854
88 901
172 932
856 954
458 518
710 733
3 49
40 390
429 508
146 638
236 680
316 682
17 714
233 745
624 757
674 907
466 950
831 977
892 993
190 193
29 378
384 458
413 564
244 929
158 273
157 535
657 831
485 564
455 647
537 947
544 977
132 171
162 181
82 299
262 637
530 779
235 979
717 998
405 621
511 762
412 764
653 964
214 708
164 881
101 958
494 993
205 682
859 869
152 908
112 196
98 256
32 712
275 801
264 489
446 567
606 654
786 864
87 623
607 698
131 737
565 813
225 937
272 401
241 497
82 631
301 924
799 946
361 986
36 166
84 351
728 795
763 805
314 820
541 966
231 990
62 352
165 763
281 793
275 283
77 827
735 867
14 927
199 232
565 587
300 702
23 867
848 868
223 351
376 520
528 563
236 634
244 678
612 756
637 760
242 761
548 861
393 982
323 407
140 890
482 735
430 991
117 515
429 534
149 664
10 767
18 938
673 941
368 944
508 982
80 237
80 503
418 592
324 667
561 687
743 914
702 918
366 962
125 304
377 727
160 166
110 252
293 449
160 464
45 562
634 665
121 818
565 825
826 881
519 921
618 951
331 412
355 471
341 537
630 727
319 915
121 412
391 841
548 899
441 585
172 712
679 862
663 946
44 976
537 572
500 583
385 644
318 649
593 692
444 934
557 944
356 405
731 736
459 941
65 953
205 972
284 986
80 182
157 382
955 979
301 302
88 570
377 774
519 787
253 812
746 943
41 141
80 225
93 273
226 367
52 587
375 643
291 772
66 874
151 272
313 617
308 403
58 729
179 805
108 912
665 929
805 976
49 210
194 224
85 237
18 382
392 404
278 439
20 543
361 646
381 646
419 648
115 671
134 763
111 842
793 956
87 279
413 511
353 750
105 833
1 235
177 387
342 879
361 921
630 855
335 860
706 930
57 221
426 631
307 706
147 788
702 832
492 906
659 986
16 55
98 106
228 411
313 585
624 638
98 770
619 786
640 934
288 978
134 343
475 639
296 908
755 939
64 944
949 999
40 245
276 330
91 777
447 864
638 915
136 978
272 996
139 157
42 456
466 481
532 588
107 626
440 672
308 778
30 957
451 969
824 984
123 236
417 821
795 848
111 343
327 420
36 497
249 560
634 674
251 957
67 590
119 576
416 662
304 714
4 740
671 950
131 155
27 238
336 531
693 707
220 940
241 399
170 452
559 823
606 911
661 923
6 930
680 939
63 164
662 924
192 513
609 623
415 629
387 677
607 768
464 777
309 876
265 300
46 154
151 613
602 704
30 708
173 276
411 425
203 493
759 772
296 422
124 460
193 559
9 671
306 955
103 323
30 360
57 585
344 610
62 631
525 787
717 795
218 845
810 889
797 932
912 964
351 821
584 846
525 635
280 721
21 306
340 807
175 916
38 48
130 219
61 785
780 816
714 919
592 940
593 998
7 210
125 252
154 310
52 322
341 360
161 398
352 468
197 476
135 616
381 695
397 832
142 850
175 924
215 507
570 621
296 641
617 642
141 769
296 783
59 319
230 241
70 351
265 489
339 512
887 987
216 656
618 709
584 869
356 948
393 429
505 517
665 700
566 727
733 767
528 815
251 947
196 824
107 825
773 877
73 212
84 133
95 402
308 542
265 832
308 960
197 380
46 557
432 571
366 593
57 889
156 304
86 317
314 330
31 453
350 527
387 539
23 241
300 397
147 411
151 463
237 553
87 609
118 743
383 814
687 830
832 874
621 901
862 922
235 953
108 964
506 979
231 522
120 623
275 893
407 464
497 696
376 807
380 773
44 173
316 375
474 614
107 685
439 764
285 912
157 636
51 73
163 399
91 407
351 448
496 744
637 847
481 884
625 885
765 931
34 112
378 551
383 836
722 840
132 856
858 886
879 987
321 544
738 868
176 915
229 403
557 579
441 786
78 791
660 928
312 710
136 736
271 783
560 923
926 964
129 238
88 405
82 553
488 989
146 176
174 250
488 703
586 851
714 852
664 945
871 947
41 178
351 626
64 687
73 874
466 884
36 482
180 498
360 572
649 659
291 396
353 529
122 694
275 348
18 685
184 702
305 879
212 901
5 418
98 440
115 469
126 469
260 521
66 547
617 719
686 772
400 839
800 921
619 937
252 553
465 896
286 362
216 396
222 520
101 618
451 775
6 50
72 356
30 676
671 730
56 761
618 794
705 935
128 159
115 185
473 633
572 947
212 991
395 507
488 809
461 939
57 85
674 929
328 999
138 265
187 298
597 622
163 711
581 721
282 749
556 819
494 859
909 922
20 236
174 489
207 596
366 692
503 719
125 786
551 935
887 939
483 963
475 987
95 290
549 559
243 807
392 820
319 501
199 549
655 754
697 784
191 786
129 800
288 877
83 931
26 993
971 998
39 408
272 463
277 317
149 554
223 626
463 751
36 60
193 397
35 553
638 851
783 908
351 417
278 446
403 542
101 597
755 844
627 898
73 489
365 856
300 874
297 972
206 263
169 520
396 759
791 960
58 239
339 826
453 925
200 926
565 938
741 855
196 957
328 972
340 344
545 642
295 647
122 921
792 933
255 669
144 894
523 610
550 664
276 343
464 760
623 971
478 988
121 159
196 341
23 362
132 500
237 631
633 661
305 887
366 888
164 470
206 513
146 541
497 568
371 689
51 715
103 735
24 873
566 944
18 129
134 276
362 444
204 489
212 489
46 512
496 539
405 570
234 683
246 786
478 860
597 950
864 961
957 984
253 468
508 691
211 733
471 826
59 894
263 275
90 666
440 839
713 987
290 613
139 620
608 720
312 767
972 999
125 299
370 529
203 645
69 692
715 737
319 767
804 917
681 951
69 379
272 385
34 593
400 672
557 830
439 998
129 361
232 669
565 685
587 766
172 797
173 842
109 334
572 871
634 907
73 204
136 240
190 702
286 934
12 124
3 282
351 436
30 513
496 677
149 761
162 793
494 974
341 984
144 501
418 633
57 719
209 826
553 919
405 948
648 998
130 348
310 687
39 838
46 838
475 839
629 701
648 728
216 772
118 784
686 901
55 161
74 209
322 382
201 582
224 647
286 711
464 796
327 987
57 67
249 271
3 329
51 559
117 745
626 749
262 760
562 868
786 919
512 944
214 947
206 275
117 276
239 682
87 888
249 269
136 414
320 458
128 465
522 690
297 729
276 745
619 883
76 98
67 252
270 299
115 782
37 124
48 476
294 665
356 733
275 734
387 855
592 873
6 896
293 942
25 980
149 550
352 852
933 982
177 307
8 740
630 774
482 934
31 675
414 773
727 870
335 724
536 803
99 452
200 473
200 558
355 573
176 624
378 935
71 365
124 394
331 491
408 959
100 209
940 997
360 493
486 772
222 892
93 375
317 410
493 645
234 817
267 269
328 424
434 637
395 978
44 276
332 614
285 653
189 667
750 752
199 823
876 954
43 327
354 609
689 960
318 986
137 189
54 218
81 230
356 451
203 752
332 775
624 894
693 909
19 145
202 620
698 776
461 844
214 957
658 866
478 724
119 836
203 860
309 562
146 586
600 622
587 685
648 717
410 773
98 839
730 886
787 938
489 772
847 864
137 324
228 684
96 904
780 930
76 345
193 369
130 425
53 504
360 551
132 556
129 594
321 626
706 725
17 735
663 779
316 841
675 862
365 876
449 886
555 914
295 917
827 941
121 439
126 449
316 643
248 700
737 994
161 266
17 323
32 355
40 361
139 409
17 444
311 796
251 824
507 928
570 654
633 850
140 943
19 971
326 347
580 665
745 763
98 400
491 567
572 676
61 788
506 799
658 875
162 956
271 997
129 565
441 631
236 700
381 409
443 581
6 936
239 972
80 221
120 230
319 775
795 868
21 49
25 111
241 670
531 766
433 784
338 474
342 526
296 533
317 660
200 765
257 873
267 923
82 937
636 955
25 117
425 603
29 705
697 707
40 800
723 804
496 838
511 849
183 664
630 741
343 745
118 878
495 995
860 999
143 667
405 733
243 344
624 689
554 726
741 761
741 822
345 839
332 851
292 941
64 512
453 862
839 882
375 391
596 842
11 136
371 403
396 489
220 592
370 605
393 682
118 909
795 971
28 268
10 319
177 630
396 686
299 719
599 798
53 615
220 923
72 405
424 682
47 307
5 473
162 569
467 582
318 600
542 624
319 710
431 759
17 777
527 801
168 889
189 899
840 965
260 423
204 547
101 709
528 779
153 925
323 637
460 650
68 839
144 992
502 626
284 649
393 691
272 748
405 969
19 998
91 262
244 280
152 318
17 407
269 583
440 612
388 627
433 707
142 771
697 845
271 865
5 873
879 939
466 942
71 981
204 484
508 682
537 708
935 947
316 933
488 983
571 994
19 112
256 345
354 378
113 861
103 156
176 851
452 902
54 914
35 191
270 313
37 667
186 754
427 476
37 803
662 817
476 978
249 997
67 503
554 591
186 612
248 844
137 858
68 882
369 906
882 910
521 972
208 248
294 581
533 806
282 821
54 878
789 921
855 930
145 998
208 755
823 904
116 188
114 322
8 325
406 475
522 599
664 673
118 679
534 691
231 694
424 949
68 973
586 624
386 664
472 803
702 823
125 937
316 982
41 997
80 125
583 856
315 864
96 715
210 306
332 338
171 465
348 499
163 640
374 952
235 955
138 212
210 538
31 555
593 623
131 699
155 715
356 718
470 880
844 887
273 498
578 741
403 966
59 992
3 7
122 349
48 414
305 514
22 756
406 887
292 916
11 492
240 492
340 523
291 524
491 578
539 591
402 613
644 747
780 867
111 596
356 654
611 758
753 816
55 298
441 553
536 650
375 982
17 191
205 260
50 331
73 457
547 686
7 831
374 756
516 893
731 906
393 933
174 686
18 531
146 542
254 560
147 603
542 689
317 701
263 893
260 999
86 215
263 283
182 304
320 384
113 460
281 514
342 580
35 631
156 852
220 249
43 345
39 387
18 587
118 707
524 759
671 769
288 773
611 861
200 912
0 149
100 200
276 392
123 577
269 873
558 880
665 907
218 914
198 293
167 478
344 716
607 722
70 821
33 919
926 931
616 952
56 726
415 796
291 431
181 461
835 841
262 864
60 279
451 501
622 986
316 429
375 534
434 619
395 773
363 802
23 706
80 837
4 916
435 552
162 639
87 692
580 844
146 894
878 909
603 976
943 993
155 994
591 677
598 802
92 811
90 94
35 304
261 441
458 532
82 585
108 661
68 672
21 815
454 895
474 966
90 234
317 928
75 929
220 254
254 267
251 341
158 375
211 442
286 482
427 492
30 537
33 553
64 579
666 683
295 723
423 897
369 918
377 959
494 890
527 900
649 908
62 191
325 561
886 899
68 106
73 216
476 511
52 531
237 585
68 770
180 211
234 416
123 543
593 888
58 205
240 427
331 446
420 475
218 697
77 740
7 21
81 362
670 780
181 755
395 877
391 933
111 233
106 256
54 385
256 770
273 776
787 825
577 853
410 978
3 52
949 972
38 215
199 255
252 441
366 446
277 507
87 711
362 725
193 736
101 794
157 829
595 839
753 852
91 864
500 865
208 887
634 913
515 914
541 960
890 993
128 365
433 480
264 656
500 876
13 280
594 695
666 843
550 852
406 879
724 972
116 374
145 419
92 598
139 829
338 966
139 322
354 421
396 486
122 522
474 541
39 557
159 764
706 780
716 807
419 848
783 856
171 903
290 970
342 680
56 753
402 799
290 967
239 297
437 628
799 815
654 948
313 456
459 662
212 686
258 701
501 733
292 812
246 434
139 531
209 558
802 811
242 664
306 979
174 291
355 470
495 876
17 919
625 782
643 835
692 935
282 938
200 418
85 505
117 134
436 527
286 568
517 590
101 646
282 685
316 691
578 706
555 743
554 761
744 855
23 934
335 949
87 962
245 986
454 464
690 798
747 996
466 730
633 765
191 246
129 390
250 431
208 461
386 550
141 622
18 813
674 828
360 947
241 286
697 739
425 980
333 494
231 575
192 957
53 102
16 161
563 779
323 919
230 962
167 963
47 56
114 438
180 654
869 968
80 85
439 818
51 96
52 157
251 263
233 287
25 314
194 477
362 482
320 509
577 590
178 671
237 919
265 484
595 639
359 694
143 723
177 744
104 756
700 844
209 931
35 62
451 510
418 661
34 738
103 191
205 297
328 335
51 457
132 876
259 405
35 221
333 363
327 406
2 552
465 562
654 733
141 790
138 823
690 694
32 797
612 973
22 106
369 731
544 749
22 770
607 965
96 369
372 398
28 415
255 457
12 460
10 501
202 668
195 697
645 708
140 222
282 321
387 496
838 944
552 999
96 190
189 198
5 267
211 356
303 427
160 482
727 744
144 767
314 788
786 883
122 690
348 734
174 759
327 956
69 87
116 150
141 152
214 493
158 498
47 554
288 588
488 658
153 688
421 711
241 725
558 732
48 736
79 774
192 341
184 369
391 691
301 740
268 760
56 780
418 940
869 993
336 535
646 872
20 590
545 617
248 580
13 581
225 617
193 702
850 923
723 985
103 444
740 916
508 933
11 427
556 583
659 789
164 826
491 930
162 514
210 657
334 799
397 904
352 714
42 756
883 919
480 658
438 766
888 935
2 988
769 997
487 512
387 408
122 519
230 446
367 701
333 746
91 156
27 409
482 497
39 630
234 634
342 700
366 738
257 765
257 819
133 821
746 922
402 967
561 573
503 585
697 743
209 765
324 899
501 915
746 925
580 929
643 933
623 947
215 768
163 497
251 513
328 682
69 888
500 954
402 970
500 995
440 754
844 879
15 137
47 387
502 582
120 593
622 649
139 668
82 786
824 893
71 954
36 81
53 384
340 411
159 540
185 671
580 939
587 825
48 877
741 930
214 378
122 635
434 760
430 686
702 715
694 891
876 903
334 967
400 612
259 654
117 805
837 910
391 429
23 497
655 672
287 821
148 452
72 654
16 116
682 722
115 885
270 617
397 492
5 560
181 879
71 231
162 327
138 397
187 410
232 549
284 600
391 643
486 656
127 669
19 692
668 695
732 850
501 851
836 859
771 873
622 958
584 968
153 333
104 186
32 339
428 814
248 939
490 968
182 252
116 398
202 438
394 460
131 571
336 587
86 607
541 624
536 667
331 764
171 771
514 839
34 848
242 852
125 919
182 919
426 919
868 998
147 169
135 374
293 469
474 775
190 823
463 905
872 951
460 975
216 686
207 820
75 920
65 95
270 441
268 454
251 551
103 714
104 188
443 627
419 717
442 718
140 859
355 932
62 125
25 233
239 260
94 301
16 372
116 532
513 716
727 822
337 966
57 261
422 995
308 371
528 544
61 555
238 620
47 753
385 905
309 981
254 271
347 652
281 713
916 924
129 382
745 820
306 329
575 717
51 823
317 415
193 427
359 525
369 571
458 632
726 741
530 815
303 877
478 949
182 585
473 912
237 304
142 479
283 513
468 673
3 685
515 751
558 926
236 580
141 625
29 729
311 781
238 872
641 908
88 911
246 937
618 950
246 323
228 340
737 832
79 959
130 179
122 201
36 279
214 341
344 411
156 444
229 490
363 494
276 515
74 558
438 636
580 678
682 691
389 713
809 875
193 906
302 924
9 141
247 536
310 591
60 711
136 731
212 484
561 712
79 727
94 924
179 330
363 490
252 517
354 711
228 716
579 838
15 884
496 557
385 845
641 856
198 886
439 971
376 980
444 714
845 878
781 895
470 471
715 874
700 929
35 85
114 157
197 395
273 549
189 861
283 900
45 491
29 676
277 701
57 182
21 538
23 568
101 872
208 879
861 975
212 255
395 607
89 660
683 913
693 922
473 653
474 851
333 453
22 642
674 700
303 369
317 395
587 636
817 913
359 522
305 526
487 557
335 645
678 700
802 846
175 853
332 915
836 974
128 981
67 85
180 430
558 633
419 728
591 744
417 749
671 794
630 936
140 974
391 982
866 996
612 857
30 214
298 372
47 386
201 787
616 837
330 842
169 610
177 936
29 274
654 969
83 558
208 580
188 615
299 837
145 593
228 603
378 947
593 962
198 324
415 454
388 720
579 727
307 741
314 980
835 982
429 643
4 687
570 710
2 724
39 727
282 825
327 839
631 919
700 939
119 229
85 304
221 505
371 624
26 943
34 263
57 299
144 586
299 619
610 807
415 928
271 940
128 954
314 976
241 362
460 548
19 648
88 733
35 80
333 383
345 400
347 601
582 635
424 724
253 941
19 366
73 484
313 545
326 723
467 821
236 574
119 846
598 846
836 846
520 892
212 430
275 527
20 577
545 910
210 977
917 985
233 330
437 652
497 735
372 773
356 510
100 633
144 710
47 930
141 373
152 284
53 532
89 629
200 653
110 889
75 294
380 507
275 604
146 689
143 975
563 946
269 641
568 670
93 854
223 582
254 592
337 791
410 877
793 987
17 62
67 221
473 592
104 615
575 728
28 187
28 258
555 862
127 199
57 252
191 262
257 418
408 496
93 498
505 631
593 738
594 800
741 870
515 905
81 934
87 705
180 901
70 938
203 274
362 399
490 605
575 648
68 754
347 985
4 830
0 386
72 451
512 561
123 590
238 668
685 787
321 821
141 885
587 938
104 150
505 673
118 697
104 266
351 787
725 934
128 171
238 245
50 412
110 590
220 661
381 681
94 683
621 733
179 863
864 937
618 958
38 965
606 969
229 370
43 475
294 674
19 738
156 352
551 623
35 864
143 917
237 261
37 650
527 863
433 875
100 880
713 910
178 997
214 274
221 304
146 308
274 360
368 408
230 439
640 711
145 728
491 818
495 903
525 921
163 279
336 438
390 519
337 605
203 708
257 732
218 784
307 816
751 842
516 863
218 909
106 910
770 910
633 926
429 949
64 154
76 672
563 831
650 985
62 91
6 307
377 557
141 597
218 675
210 815
811 846
497 867
953 955
38 136
172 355
161 588
41 671
208 700
805 820
322 829
526 939
57 125
97 544
86 629
25 763
45 818
670 818
644 875
249 418
53 518
46 561
356 570
620 695
731 849
165 233
531 685
290 799
704 874
108 926
222 785
171 856
436 891
772 991
63 470
152 659
812 827
922 925
65 979
75 443
147 610
152 622
550 726
95 799
332 966
124 985
144 451
113 611
400 754
115 794
451 948
29 214
197 303
167 335
349 519
461 580
70 582
144 757
58 89
169 243
51 265
344 425
328 429
329 528
332 541
9 625
86 773
109 799
165 821
274 860
947 957
42 374
285 661
300 737
314 842
572 935
383 576
512 579
453 890
621 911
847 937
2 949
760 961
462 966
159 278
377 408
671 709
533 865
269 940
253 505
515 596
490 598
33 631
55 781
505 810
845 914
26 340
225 616
270 937
64 487
314 523
285 558
437 601
316 776
38 877
495 908
906 965
278 998
320 518
635 694
806 885
584 974
126 198
442 654
393 841
264 265
78 534
191 637
551 705
391 722
222 746
143 803
701 895
561 932
165 179
299 313
308 337
99 357
514 595
419 738
155 832
812 916
46 944
350 499
19 623
47 780
494 943
23 81
298 311
157 438
239 768
828 843
113 899
149 945
48 303
273 393
258 415
93 508
665 828
683 828
117 976
536 985
83 200
212 265
54 905
412 465
407 482
432 511
55 532
84 582
71 599
256 612
21 657
307 670
624 791
600 908
312 319
103 696
540 856
676 957
129 646
145 717
59 969
531 636
2 691
200 850
545 882
146 371
312 501
26 684
490 811
211 255
187 317
40 382
84 417
731 762
242 816
519 938
37 985
143 985
379 998
166 286
179 287
280 574
284 597
682 768
391 776
319 851
324 861
269 903
556 903
719 937
187 268
520 807
771 819
134 820
179 343
326 917
458 615
585 786
777 883
520 943
181 887
40 921
791 966
228 243
102 413
174 486
408 591
238 681
466 782
416 913
1 955
899 975
294 461
722 792
385 404
118 675
626 787
766 955
160 262
119 363
706 818
188 458
133 467
104 509
574 634
403 811
397 994
424 643
480 809
56 242
467 525
774 870
539 959
57 237
215 395
109 235
361 594
564 632
594 681
475 956
912 923
560 633
570 767
519 825
128 856
517 941
233 276
143 455
493 537
150 615
75 678
579 774
278 848
644 866
383 925
215 928
677 959
424 534
513 537
263 604
104 655
491 670
454 760
261 786
413 849
61 878
236 913
224 917
121 331
138 559
340 610
91 714
508 841
115 884
197 410
525 891
577 810
97 306
252 352
136 380
352 550
298 773
575 848
42 857
140 333
2 854
158 854
691 854
281 879
85 110
53 116
219 233
199 273
93 393
273 508
28 660
186 672
138 715
307 725
80 786
618 833
816 852
56 867
121 868
583 873
38 978
365 990
37 247
67 505
76 612
364 742
