1000 4039 51.894122981316485 sparse
0 91 839
1 619 294
2 171 567
3 571 231
4 837 780
5 966 83
6 486 703
7 567 15
8 957 267
9 378 357
10 305 710
11 891 309
12 720 696
13 380 251
14 103 37
15 319 96
16 494 822
17 950 771
18 389 226
19 61 691
20 988 852
21 813 727
22 747 723
23 144 752
24 380 368
25 558 989
26 102 780
27 666 481
28 212 337
29 20 797
30 471 795
31 999 333
32 658 648
33 19 666
34 195 513
35 2 386
36 858 511
37 192 39
38 633 386
39 568 562
40 414 545
41 517 918
42 766 427
43 432 813
44 323 76
45 988 659
46 671 679
47 438 649
48 902 62
49 369 717
50 630 68
51 2 640
52 134 869
53 776 73
54 976 711
55 170 994
56 401 461
57 285 669
58 546 178
59 667 665
60 437 225
61 309 92
62 228 509
63 12 684
64 796 158
65 560 96
66 985 267
67 236 230
68 72 135
69 248 536
70 268 893
71 195 144
72 659 495
73 985 436
74 394 310
75 754 705
76 797 162
77 176 957
78 603 694
79 538 810
80 338 53
81 777 192
82 896 907
83 268 417
84 648 687
85 621 566
86 792 255
87 302 163
88 187 362
89 661 523
90 903 305
91 75 726
92 863 832
93 177 189
94 964 982
95 742 94
96 795 944
97 450 818
98 771 999
99 384 866
100 315 626
101 659 544
102 658 438
103 885 373
104 959 519
105 677 125
106 178 217
107 268 147
108 642 835
109 653 118
110 234 630
111 19 364
112 554 465
113 249 857
114 356 633
115 878 947
116 455 216
117 398 542
118 367 798
119 169 737
120 688 286
121 329 324
122 659 97
123 695 789
124 4 485
125 299 829
126 246 77
127 875 352
128 520 756
129 315 250
130 41 826
131 584 37
132 711 26
133 866 822
134 299 157
135 756 453
136 470 660
137 860 719
138 29 105
139 685 104
140 145 185
141 347 16
142 887 254
143 173 769
144 605 183
145 362 327
146 835 398
147 508 350
148 683 531
149 54 562
150 172 624
151 228 815
152 164 541
153 702 360
154 344 473
155 225 339
156 530 957
157 491 263
158 147 91
159 636 165
160 271 939
161 745 211
162 233 342
163 172 823
164 903 424
165 648 758
166 554 687
167 175 375
168 86 272
169 242 514
170 516 155
171 169 775
172 448 626
173 233 861
174 963 243
175 766 688
176 181 415
177 281 974
178 63 68
179 239 5
180 307 378
181 628 367
182 443 494
183 336 286
184 161 166
185 788 152
186 382 383
187 8 422
188 739 305
189 388 159
190 295 738
191 148 547
192 544 441
193 841 473
194 863 296
195 571 55
196 790 556
197 383 429
198 479 446
199 105 322
200 356 944
201 823 746
202 558 156
203 207 378
204 597 657
205 715 921
206 542 773
207 793 240
208 56 873
209 599 531
210 343 93
211 797 840
212 906 472
213 125 226
214 867 46
215 606 351
216 604 991
217 737 14
218 661 431
219 967 361
220 674 32
221 591 754
222 127 543
223 531 93
224 464 565
225 258 41
226 704 478
227 908 517
228 205 378
229 773 617
230 486 615
231 873 786
232 738 217
233 664 746
234 456 130
235 975 219
236 50 282
237 831 938
238 59 142
239 725 448
240 421 843
241 697 654
242 169 973
243 660 387
244 544 924
245 829 794
246 716 564
247 641 490
248 672 49
249 800 849
250 740 90
251 474 991
252 217 429
253 611 668
254 89 343
255 843 521
256 469 528
257 971 606
258 318 878
259 362 955
260 318 933
261 530 716
262 722 424
263 949 115
264 391 979
265 19 629
266 9 674
267 619 655
268 289 124
269 114 900
270 306 783
271 216 792
272 112 281
273 517 85
274 403 649
275 653 585
276 239 213
277 611 866
278 273 227
279 901 334
280 244 461
281 45 245
282 440 829
283 575 283
284 19 314
285 483 116
286 889 878
287 546 625
288 862 575
289 430 98
290 760 939
291 966 883
292 724 320
293 253 39
294 233 344
295 739 488
296 176 113
297 314 727
298 498 313
299 208 218
300 271 324
301 108 389
302 486 726
303 340 434
304 82 782
305 431 248
306 794 443
307 544 484
308 868 680
309 68 796
310 996 978
311 358 912
312 171 692
313 124 788
314 422 162
315 428 244
316 428 360
317 405 648
318 460 553
319 15 712
320 645 305
321 860 777
322 515 696
323 422 814
324 669 657
325 542 862
326 635 528
327 371 826
328 348 876
329 592 42
330 58 668
331 750 231
332 539 398
333 424 610
334 603 245
335 822 561
336 680 463
337 203 845
338 402 550
339 64 958
340 543 71
341 156 888
342 727 845
343 243 623
344 565 418
345 68 148
346 518 455
347 659 284
348 236 82
349 528 331
350 874 378
351 845 994
352 36 973
353 268 559
354 955 161
355 752 211
356 305 654
357 762 7
358 982 457
359 994 582
360 138 709
361 129 567
362 652 676
363 357 304
364 414 782
365 436 595
366 709 748
367 913 32
368 747 392
369 560 906
370 189 982
371 840 583
372 367 751
373 810 566
374 333 202
375 406 164
376 362 79
377 74 266
378 209 35
379 903 384
380 516 834
381 129 691
382 313 744
383 278 635
384 11 226
385 625 892
386 942 7
387 505 969
388 221 749
389 512 206
390 986 21
391 871 312
392 418 259
393 220 627
394 653 81
395 654 729
396 1000 619
397 349 552
398 212 422
399 676 995
400 311 909
401 881 178
402 413 236
403 467 844
404 857 42
405 203 925
406 387 752
407 869 745
408 485 376
409 279 360
410 430 358
411 679 641
412 888 972
413 590 171
414 24 45
415 865 241
416 608 365
417 831 421
418 923 281
419 53 990
420 384 425
421 231 566
422 577 97
423 743 491
424 855 453
425 310 850
426 732 292
427 742 92
428 770 578
429 320 885
430 60 657
431 314 740
432 298 881
433 109 136
434 360 507
435 50 281
436 812 711
437 574 356
438 343 276
439 930 199
440 792 926
441 203 524
442 167 699
443 558 225
444 186 514
445 245 133
446 549 710
447 981 409
448 164 538
449 432 377
450 801 534
451 132 381
452 842 454
453 567 926
454 680 708
455 931 251
456 889 824
457 609 149
458 825 309
459 545 497
460 878 493
461 105 891
462 10 702
463 551 655
464 898 542
465 881 447
466 529 185
467 675 554
468 706 14
469 339 291
470 411 572
471 73 789
472 527 459
473 421 360
474 958 999
475 986 652
476 358 270
477 349 452
478 541 687
479 470 761
480 448 233
481 995 232
482 594 931
483 840 345
484 448 227
485 745 506
486 710 454
487 773 224
488 441 468
489 808 595
490 873 300
491 22 520
492 362 169
493 657 318
494 545 967
495 952 949
496 807 474
497 963 321
498 985 196
499 720 294
500 774 940
501 158 509
502 623 784
503 290 371
504 634 808
505 625 944
506 956 81
507 740 869
508 55 84
509 581 772
510 900 901
511 166 376
512 854 259
513 154 342
514 340 639
515 717 373
516 792 930
517 545 321
518 160 574
519 507 232
520 370 598
521 452 51
522 138 853
523 234 103
524 221 994
525 823 789
526 991 673
527 624 800
528 374 765
529 684 991
530 66 404
531 454 346
532 182 223
533 562 192
534 348 763
535 948 493
536 801 494
537 224 138
538 421 921
539 334 182
540 160 111
541 903 459
542 155 253
543 918 356
544 671 75
545 56 163
546 783 553
547 143 107
548 919 343
549 706 295
550 962 363
551 23 88
552 201 975
553 141 357
554 830 449
555 911 55
556 482 356
557 791 908
558 202 62
559 844 856
560 282 717
561 931 390
562 994 272
563 500 370
564 302 400
565 12 134
566 188 546
567 787 566
568 323 442
569 858 109
570 524 809
571 908 679
572 967 531
573 9 18
574 133 501
575 600 344
576 981 359
577 223 167
578 155 670
579 927 125
580 526 33
581 272 176
582 463 829
583 449 642
584 792 398
585 98 518
586 697 502
587 934 303
588 11 218
589 967 360
590 300 921
591 492 559
592 972 956
593 25 693
594 197 39
595 563 690
596 517 855
597 785 950
598 53 829
599 824 21
600 809 738
601 90 79
602 378 929
603 6 226
604 590 141
605 359 447
606 181 599
607 589 294
608 714 16
609 81 463
610 156 680
611 960 412
612 619 859
613 90 696
614 313 116
615 729 607
616 273 201
617 585 739
618 110 888
619 934 801
620 582 570
621 353 563
622 657 940
623 716 215
624 543 823
625 24 764
626 941 797
627 99 655
628 310 159
629 338 887
630 756 529
631 355 515
632 222 637
633 153 718
634 992 242
635 707 533
636 335 548
637 461 888
638 302 393
639 426 422
640 465 834
641 834 956
642 278 546
643 178 498
644 207 112
645 831 685
646 673 773
647 653 496
648 138 748
649 216 763
650 401 934
651 91 205
652 804 183
653 8 434
654 941 753
655 696 611
656 655 957
657 404 125
658 628 182
659 713 774
660 583 837
661 76 102
662 927 668
663 405 615
664 676 962
665 882 715
666 52 27
667 984 516
668 408 617
669 968 213
670 794 30
671 366 872
672 353 220
673 921 913
674 265 553
675 875 661
676 647 489
677 936 521
678 517 188
679 68 315
680 981 361
681 85 279
682 900 894
683 484 917
684 668 371
685 160 292
686 782 76
687 4 354
688 622 602
689 734 842
690 59 605
691 445 760
692 798 306
693 560 695
694 611 366
695 595 160
696 483 527
697 134 462
698 155 694
699 291 322
700 356 438
701 689 283
702 435 896
703 787 735
704 417 716
705 601 286
706 271 788
707 305 141
708 226 513
709 292 361
710 924 454
711 729 384
712 380 16
713 63 374
714 449 479
715 19 407
716 669 993
717 80 936
718 285 932
719 656 532
720 134 429
721 232 812
722 803 198
723 365 167
724 234 611
725 563 804
726 769 854
727 90 581
728 621 837
729 541 837
730 509 659
731 406 951
732 482 964
733 960 927
734 442 246
735 5 884
736 618 248
737 511 523
738 904 532
739 406 820
740 895 451
741 725 365
742 833 222
743 922 719
744 293 88
745 504 658
746 74 699
747 342 581
748 359 698
749 166 56
750 397 616
751 763 258
752 568 526
753 670 235
754 194 948
755 855 142
756 936 337
757 398 648
758 18 953
759 859 674
760 841 697
761 0 515
762 614 703
763 312 845
764 162 960
765 242 121
766 898 966
767 188 33
768 239 419
769 329 429
770 53 151
771 563 284
772 257 12
773 856 598
774 44 638
775 5 524
776 992 563
777 895 160
778 724 384
779 24 763
780 858 590
781 90 554
782 78 234
783 262 364
784 240 620
785 60 53
786 16 197
787 370 533
788 322 757
789 872 308
790 829 400
791 728 626
792 140 252
793 498 951
794 445 846
795 514 2
796 503 91
797 231 2
798 880 390
799 130 955
800 630 375
801 537 705
802 83 951
803 209 304
804 907 79
805 179 39
806 627 272
807 541 8
808 629 110
809 393 575
810 314 561
811 765 716
812 18 572
813 104 74
814 661 280
815 54 354
816 847 85
817 186 239
818 135 774
819 42 318
820 75 129
821 860 698
822 916 65
823 435 823
824 660 875
825 33 900
826 582 263
827 51 807
828 329 487
829 275 907
830 237 74
831 278 456
832 335 842
833 548 86
834 610 3
835 363 638
836 162 833
837 857 268
838 698 18
839 24 604
840 655 639
841 855 263
842 197 791
843 92 783
844 692 754
845 497 850
846 298 621
847 975 566
848 305 373
849 254 917
850 841 156
851 996 946
852 39 113
853 540 566
854 916 559
855 862 354
856 857 666
857 945 203
858 596 186
859 612 15
860 884 958
861 849 764
862 501 152
863 444 736
864 750 701
865 879 437
866 431 726
867 606 415
868 331 445
869 161 29
870 852 994
871 864 563
872 284 274
873 379 494
874 255 216
875 295 309
876 316 279
877 976 247
878 648 254
879 287 370
880 155 355
881 83 269
882 497 567
883 685 962
884 349 861
885 43 220
886 741 643
887 521 29
888 239 955
889 297 558
890 971 289
891 306 961
892 277 668
893 596 355
894 120 585
895 752 293
896 221 399
897 691 526
898 801 947
899 316 818
900 417 784
901 321 476
902 595 743
903 247 335
904 165 822
905 835 357
906 120 491
907 833 757
908 487 594
909 561 261
910 723 539
911 502 674
912 541 558
913 724 678
914 888 101
915 682 734
916 398 352
917 146 306
918 294 61
919 125 433
920 354 490
921 602 689
922 999 802
923 372 224
924 943 394
925 30 689
926 45 814
927 504 202
928 444 666
929 839 471
930 255 829
931 881 827
932 702 681
933 801 927
934 322 134
935 266 262
936 682 103
937 999 891
938 488 310
939 149 218
940 179 864
941 337 811
942 196 782
943 159 766
944 668 364
945 142 653
946 635 162
947 156 549
948 5 187
949 811 74
950 737 331
951 55 598
952 248 340
953 305 903
954 611 246
955 798 371
956 662 783
957 990 299
958 617 92
959 958 90
960 3 977
961 481 572
962 557 389
963 685 481
964 125 840
965 834 385
966 210 289
967 994 971
968 342 619
969 439 273
970 628 322
971 328 129
972 326 68
973 925 567
974 152 199
975 200 998
976 847 514
977 679 312
978 601 989
979 139 690
980 597 183
981 181 445
982 908 28
983 444 675
984 879 319
985 574 293
986 168 484
987 571 755
988 293 805
989 459 13
990 785 991
991 386 912
992 766 674
993 941 611
994 514 837
995 601 60
996 850 236
997 745 926
998 510 178
999 240 348
236 435
219 589
625 779
203 228
162 294
95 427
576 680
274 317
316 410
250 427
193 929
152 448
416 694
120 701
503 879
139 936
159 946
858 980
663 668
492 723
364 900
216 978
380 994
440 516
64 76
197 420
382 431
391 789
512 841
343 784
168 881
95 250
62 708
347 814
305 315
295 423
37 594
384 603
151 721
711 778
730 745
274 757
78 921
903 952
225 293
219 550
582 640
425 763
837 841
180 848
75 864
183 469
550 589
461 618
595 693
480 484
72 647
247 676
146 790
580 887
593 925
367 982
87 134
353 674
53 686
68 820
96 898
161 355
316 473
564 638
510 682
317 757
351 870
684 944
168 681
163 904
143 171
82 510
106 532
23 648
37 767
258 429
45 475
399 716
736 954
310 967
102 218
196 546
342 689
245 525
282 823
934 971
384 588
144 980
312 442
619 626
663 750
490 789
348 830
57 892
853 912
690 951
334 954
255 976
294 999
59 324
468 608
773 780
181 800
759 856
191 947
400 953
155 162
179 797
568 868
456 931
44 972
252 398
309 471
114 835
117 338
399 529
87 628
468 838
389 927
664 883
928 983
34 444
167 511
440 933
842 942
161 232
410 473
215 575
235 669
647 676
827 926
506 959
162 999
155 294
131 329
588 603
434 631
591 882
148 897
211 249
166 595
605 700
126 830
512 837
32 840
144 858
377 881
516 933
346 472
720 919
64 185
166 693
43 323
578 610
304 843
381 979
283 985
5 506
393 632
403 640
503 709
465 865
681 881
66 562
89 719
761 775
709 879
92 133
63 266
196 567
132 608
481 634
43 823
26 843
298 938
277 612
5 959
391 984
15 61
214 404
194 490
215 893
617 902
238 345
308 759
594 767
238 770
724 784
767 805
668 750
9 24
126 348
330 430
319 462
60 484
477 605
134 628
305 734
555 822
541 740
515 741
152 947
952 999
110 343
304 471
48 555
38 800
836 904
36 976
96 597
464 738
412 766
110 784
84 362
21 600
397 621
575 893
221 902
187 653
283 771
854 973
103 350
413 695
303 769
391 490
426 499
834 859
288 871
183 438
678 998
130 598
466 678
101 719
445 765
545 770
200 259
115 860
11 90
224 318
378 594
269 618
561 924
130 926
269 461
33 266
504 527
138 852
409 879
40 338
335 373
297 431
132 468
166 478
452 554
442 698
446 801
37 805
483 905
424 452
307 459
116 484
2 518
543 548
47 583
409 709
515 778
261 801
513 880
146 965
789 984
28 155
127 855
212 541
168 377
247 647
72 676
350 798
76 185
171 943
68 345
34 441
60 480
546 567
82 682
488 714
699 875
174 877
828 901
448 947
370 552
110 632
413 980
79 624
219 680
175 992
290 500
499 549
79 570
576 589
589 680
256 696
610 698
215 416
219 576
624 729
315 734
163 836
553 880
32 324
78 762
303 868
771 985
110 393
3 443
96 516
45 526
480 734
77 764
568 769
48 822
143 943
104 572
607 705
46 59
397 636
465 740
412 860
68 238
188 426
642 674
242 764
903 999
62 169
97 282
500 597
328 629
388 649
601 813
201 907
786 948
646 956
343 724
194 789
86 207
652 722
542 792
328 884
803 966
607 985
24 186
423 485
529 716
503 848
162 952
232 355
273 796
253 267
19 746
132 838
334 736
345 770
178 785
717 802
170 862
438 469
403 582
227 738
288 780
439 857
294 952
409 503
75 811
645 760
65 833
416 893
11 984
27 72
372 528
477 700
160 718
70 829
162 903
140 974
231 321
63 593
180 638
215 694
382 788
97 823
323 823
340 833
133 931
790 965
415 996
21 436
502 527
172 583
169 708
4 245
223 273
314 375
296 540
201 600
39 620
312 698
608 838
766 860
769 868
745 911
98 990
438 476
239 486
408 563
221 617
182 714
413 858
40 117
400 590
515 711
613 746
276 874
597 898
353 642
863 866
574 906
113 173
52 522
158 547
303 700
61 744
532 817
698 979
730 911
4 525
804 822
294 903
634 877
882 961
315 402
598 926
297 382
305 392
65 422
97 582
377 681
181 694
321 861
292 950
591 961
152 191
122 394
114 514
134 707
323 739
635 910
220 248
622 656
18 923
704 866
643 986
67 276
776 847
810 889
452 929
77 242
37 378
316 449
540 547
333 668
491 775
409 783
635 897
861 907
462 593
360 633
155 999
88 167
320 493
709 848
188 895
650 731
282 794
103 798
48 804
100 846
204 253
283 607
457 695
313 818
308 856
43 282
194 391
178 508
444 643
243 684
594 805
36 255
315 392
94 474
156 494
138 551
440 557
111 687
548 756
366 844
434 920
47 928
96 933
63 462
429 629
96 440
237 641
470 809
848 879
596 994
191 448
58 466
116 480
180 503
406 528
223 833
707 934
224 961
522 964
232 331
328 671
478 801
12 913
762 921
59 362
446 693
187 715
590 718
694 893
43 97
72 247
189 375
389 678
628 707
675 856
63 925
92 931
590 953
336 963
303 568
159 658
431 788
602 991
324 411
101 467
190 382
295 485
394 544
99 671
110 724
27 963
193 452
741 778
11 789
615 791
760 821
271 842
360 979
190 431
410 449
550 680
359 776
678 927
333 365
144 413
345 545
312 610
80 972
32 59
10 297
46 362
516 898
226 963
939 974
33 63
22 75
179 772
371 780
387 793
22 811
477 868
550 576
286 682
711 741
672 923
370 975
38 181
333 663
604 695
1 705
368 711
523 765
308 821
233 395
441 444
349 517
154 920
610 979
509 987
304 309
755 850
685 917
114 968
153 515
513 553
27 647
614 971
290 997
261 446
484 734
471 843
490 984
165 233
4 861
898 933
372 406
374 539
426 895
221 987
26 304
331 355
181 416
300 699
514 968
60 116
360 381
303 477
11 490
279 548
120 549
17 654
77 754
361 894
614 934
332 962
329 995
11 391
258 432
408 556
638 848
51 265
449 473
308 675
339 802
345 820
309 827
671 884
125 899
466 998
15 44
154 828
23 943
221 509
500 516
805 869
161 331
457 604
27 676
478 693
675 759
125 763
732 793
238 820
596 845
175 864
9 916
75 175
428 567
549 701
496 536
15 614
137 821
55 242
60 315
380 596
694 800
230 908
89 101
103 379
415 512
348 523
108 728
621 747
378 767
417 790
278 874
826 909
369 453
495 592
516 597
393 784
283 826
183 876
658 946
188 292
73 358
238 545
447 611
811 864
44 61
58 533
393 724
740 865
617 987
191 222
96 500
326 719
524 975
749 805
791 886
578 945
845 994
21 201
112 307
319 593
49 748
130 827
557 933
890 957
147 563
180 879
28 162
154 477
475 526
445 537
656 664
541 710
60 734
588 786
305 402
260 590
233 915
872 935
808 958
109 122
242 370
258 629
97 640
371 773
713 815
66 877
190 297
188 499
442 610
571 662
516 557
437 893
742 996
204 267
46 324
232 623
612 728
403 794
598 827
28 294
32 411
76 652
899 941
131 195
241 411
363 469
478 595
600 703
87 707
22 864
913 932
196 373
429 432
137 665
155 903
844 915
271 942
105 139
55 370
372 534
416 575
642 889
180 564
491 761
105 936
305 480
34 643
572 667
360 698
180 709
69 169
27 336
440 500
556 563
401 777
324 840
908 961
493 977
315 480
501 643
440 898
253 921
6 302
373 567
282 582
303 605
144 658
514 835
434 873
155 952
552 975
244 453
133 456
367 555
217 608
104 677
771 909
432 953
695 980
4 321
19 330
763 832
154 901
103 127
829 849
640 794
343 393
146 417
268 707
284 819
4 907
512 996
89 148
26 313
288 371
495 733
1 806
106 817
282 323
621 636
123 659
631 787
616 874
12 932
2 947
429 953
145 363
392 402
166 446
558 594
602 650
387 732
153 741
240 282
210 376
570 624
442 633
67 874
832 884
125 425
212 740
511 880
60 305
338 470
288 773
379 798
322 801
23 818
483 855
554 929
122 936
170 998
235 481
158 540
538 650
462 925
578 698
759 821
691 863
352 419
331 487
10 560
498 669
69 674
320 970
88 228
222 361
244 369
148 635
633 698
411 840
24 916
424 929
263 579
252 768
416 800
415 841
15 210
239 262
510 673
240 794
586 963
481 877
61 614
555 804
46 84
148 467
446 478
189 723
368 778
473 916
243 944
193 424
446 595
240 823
383 846
152 566
583 928
196 450
418 587
575 694
195 329
355 487
190 560
405 754
636 810
398 896
8 174
226 486
586 897
125 988
927 998
192 472
537 765
632 784
582 794
166 801
464 854
611 924
140 184
266 593
119 633
68 770
430 774
380 845
359 847
105 109
261 322
57 356
260 400
226 586
440 597
16 994
581 616
479 691
325 729
631 920
58 202
223 340
16 380
465 541
122 544
503 638
47 172
235 498
37 558
144 695
693 801
794 823
669 857
281 885
851 967
104 667
380 729
828 920
320 347
88 511
343 632
203 896
392 969
301 451
448 566
268 614
109 808
213 939
818 943
424 554
873 920
518 947
212 710
324 362
286 510
485 630
282 640
441 708
265 839
33 925
142 415
25 494
322 911
270 988
88 203
207 487
271 721
578 979
400 429
451 553
736 806
82 673
79 725
783 879
266 925
151 271
469 876
707 971
217 357
325 596
66 634
700 868
246 910
112 192
18 402
278 616
592 851
127 350
248 544
695 858
182 488
528 534
8 890
66 890
283 909
454 915
188 950
450 546
426 549
381 698
283 705
543 756
648 818
679 819
44 210
315 484
380 570
501 574
311 602
64 652
614 707
425 832
305 969
9 186
292 499
366 659
199 254
60 402
502 504
193 554
569 816
228 896
300 903
50 394
143 942
899 988
89 326
389 519
299 532
13 18
27 247
256 318
150 606
265 774
338 809
263 959
441 566
200 602
592 967
279 984
650 991
424 465
147 556
81 722
534 788
136 928
47 983
174 235
59 411
410 531
350 855
902 987
646 844
36 460
374 672
352 758
768 896
122 139
2 152
11 279
115 412
107 445
227 464
601 661
43 739
7 807
718 829
93 974
501 986
727 781
729 994
38 243
389 466
305 484
2 566
35 715
148 719
91 746
661 820
744 918
272 681
40 470
436 600
458 692
79 729
398 768
564 848
438 876
855 905
734 969
555 982
181 215
78 253
92 456
183 476
312 578
94 592
123 646
637 702
21 703
339 717
15 744
666 785
783 999
101 148
73 447
342 507
392 734
293 772
309 843
164 865
767 869
763 899
39 912
562 957
50 958
290 597
44 80
453 482
240 739
749 869
638 879
319 925
241 932
841 996
168 272
137 407
322 478
17 626
120 977
862 998
147 349
191 361
524 552
624 725
115 766
407 861
8 877
649 942
41 244
183 363
112 472
136 583
33 593
508 661
507 689
333 750
795 807
120 814
334 826
780 871
806 878
648 943
584 955
156 387
628 934
220 838
70 849
783 952
90 984
35 111
7 131
128 206
279 543
665 821
160 849
706 988
42 135
189 492
477 568
607 771
434 787
772 797
378 558
552 754
795 887
500 898
171 942
100 968
705 985
8 66
311 991
93 106
93 184
266 462
417 554
175 811
235 877
597 933
300 952
905 965
194 984
72 89
223 796
605 868
389 998
63 319
241 324
108 504
89 647
251 732
164 740
701 814
415 837
16 845
13 923
77 370
100 514
428 546
177 891
258 953
1 320
104 535
629 884
97 323
118 327
227 677
696 737
39 853
167 880
226 336
377 435
300 875
758 960
469 476
673 682
397 787
771 826
318 961
835 968
335 371
471 827
444 501
97 794
395 915
523 644
233 646
81 652
197 700
700 769
235 634
562 890
721 930
131 995
132 217
32 362
126 523
379 561
437 575
224 591
632 724
582 823
194 837
59 840
113 930
538 702
590 829
165 956
882 908
101 326
172 333
236 377
424 865
503 783
15 972
271 649
659 844
807 887
240 323
537 577
174 634
225 772
129 876
529 883
353 889
106 939
59 84
90 279
52 341
120 347
413 457
13 476
373 489
622 664
467 719
137 760
83 768
703 811
409 848
753 878
814 878
804 914
457 946
686 949
258 425
292 426
233 844
23 119
65 223
62 441
178 601
381 610
380 624
165 646
653 715
710 740
86 751
580 807
739 823
523 830
759 760
309 926
107 581
161 623
493 970
328 429
117 787
1 970
61 972
442 979
19 613
384 786
273 340
192 346
277 385
316 531
705 806
72 963
191 518
738 854
350 379
165 395
448 501
71 537
222 947
320 814
551 852
10 190
100 356
196 428
531 556
38 694
570 994
82 286
6 322
2 448
397 747
705 826
103 855
373 546
331 751
500 933
413 604
197 605
1 607
596 729
176 981
106 299
154 605
347 701
213 792
595 801
136 983
258 328
562 634
529 664
645 759
544 936
344 962
50 995
28 999
167 228
530 713
709 783
89 897
519 927
65 340
307 472
29 926
466 927
210 972
124 761
378 805
727 894
252 896
829 953
55 975
46 454
26 471
697 919
52 964
234 285
287 463
90 490
174 669
299 817
12 864
656 883
323 900
366 915
151 930
610 945
257 993
195 995
205 997
67 299
535 677
260 891
2 191
69 353
477 769
8 455
259 602
270 788
806 954
403 845
736 878
92 559
52 618
832 899
600 907
337 940
360 442
58 678
277 728
402 734
603 786
119 943
701 977
292 549
77 552
562 877
11 194
400 432
161 487
492 539
420 700
154 868
282 403
414 573
217 468
34 708
261 478
296 644
273 833
422 833
315 969
658 980
418 455
297 788
569 914
316 916
826 985
33 51
97 403
90 587
537 644
37 749
19 925
46 932
832 941
770 820
30 97
107 268
192 344
317 668
90 789
90 418
522 836
371 871
363 438
211 726
356 892
633 979
10 431
336 486
599 670
237 898
159 457
503 564
442 578
16 640
592 733
497 756
272 881
864 992
135 239
276 299
81 355
511 553
249 726
209 752
508 785
588 948
839 951
127 279
31 576
312 633
69 642
201 861
3 909
106 974
339 352
379 543
629 671
264 731
257 396
176 398
258 400
361 518
16 582
664 716
504 728
651 782
645 821
607 826
164 465
69 708
749 767
631 873
308 760
549 977
43 240
59 241
48 367
445 523
640 823
347 878
237 933
94 967
310 851
311 629
750 757
285 796
499 895
200 311
242 552
444 566
35 687
588 885
312 979
167 203
166 463
821 856
496 929
566 947
139 544
148 586
436 645
436 760
558 767
645 856
509 902
697 906
624 994
500 997
93 140
119 143
42 306
94 310
195 340
81 487
68 545
508 551
505 622
377 782
735 825
160 829
171 842
658 858
467 897
246 635
70 432
262 486
44 744
243 800
196 335
215 437
274 668
764 799
313 843
872 876
674 889
204 921
66 957
520 750
361 947
558 805
520 809
134 934
66 174
79 380
444 448
152 501
318 591
310 592
153 778
156 793
812 839
143 842
231 861
541 865
384 885
425 899
410 916
107 134
586 635
572 677
668 757
29 827
37 869
868 901
38 416
518 606
507 726
43 900
783 903
44 918
109 936
170 466
117 470
16 570
87 581
505 656
407 665
116 734
122 808
118 941
260 953
90 391
570 729
520 747
88 880
918 972
837 996
332 344
119 648
499 701
323 364
174 455
120 499
317 750
497 890
317 663
399 664
141 712
697 720
47 317
356 383
134 581
481 669
170 678
41 683
260 718
190 788
383 892
224 882
330 774
142 837
508 852
6 911
121 145
569 755
28 803
367 822
34 62
257 359
172 365
321 407
425 432
373 450
112 459
290 516
152 518
443 533
108 612
509 617
29 625
539 628
615 655
68 661
591 696
568 700
580 795
142 841
140 939
341 940
352 960
127 984
75 992
105 122
180 409
414 666
31 680
102 336
420 605
142 512
117 809
532 939
583 983
395 454
138 508
381 578
463 478
297 560
2 606
638 709
525 907
296 547
385 612
91 613
633 648
538 731
274 750
258 763
26 818
564 879
123 956
62 69
329 859
704 863
321 907
32 46
23 143
306 496
482 505
138 565
826 954
118 528
466 533
34 566
636 747
663 757
356 846
47 136
339 419
174 481
677 738
3 826
649 842
215 800
194 841
291 937
23 171
365 470
496 554
9 145
173 337
17 619
235 857
61 210
19 430
89 467
363 476
30 479
193 496
542 817
171 818
0 964
49 372
347 493
274 663
136 745
587 756
568 901
189 314
497 587
160 590
360 610
206 987
371 489
370 524
71 644
754 764
347 806
181 893
335 450
565 852
399 883
641 898
15 971
184 974
144 457
29 779
153 944
451 511
93 532
370 754
280 831
121 363
614 744
747 810
347 977
539 723
718 849
61 918
134 268
371 373
69 421
121 469
188 549
411 655
621 787
630 910
268 934
533 858
48 982
290 440
897 910
909 985
73 611
436 703
51 266
57 383
147 408
263 506
318 696
400 718
433 820
432 829
451 880
864 913
320 977
417 452
281 782
16 403
152 444
400 629
368 741
370 764
585 906
454 932
497 957
157 519
43 582
185 652
330 746
760 856
716 883
186 916
109 139
3 334
10 382
450 567
30 582
55 764
806 814
669 877
136 911
298 349
207 751
605 769
628 971
444 986
47 274
212 460
413 533
164 541
254 679
330 925
520 968
690 839
53 949
435 681
28 903
94 495
435 881
402 480
236 681
279 756
253 762
123 844
12 75
416 437
23 633
282 739
792 939
31 957
294 783
238 852
87 934
718 953
202 413
202 604
655 791
647 963
28 88
96 290
245 321
212 465
335 567
508 601
275 688
270 706
594 749
242 754
782 881
99 884
258 884
591 908
836 940
80 376
487 751
16 30
43 794
208 825
236 881
786 885
368 515
327 739
719 897
542 939
365 668
602 731
131 859
622 883
575 970
127 483
232 487
278 935
153 684
490 837
640 845
160 888
958 995
29 130
281 377
489 567
718 891
144 159
156 244
43 364
396 475
473 531
901 920
572 847
773 871
39 752
58 998
85 688
149 951
76 81
511 513
19 593
276 616
400 829
245 861
21 907
741 950
457 980
46 241
165 502
441 643
525 861
479 863
209 326
546 630
381 633
153 711
647 719
334 806
443 909
241 913
28 952
417 965
79 994
402 484
644 765
397 810
533 980
538 991
448 518
202 533
96 557
355 623
268 744
74 145
5 263
500 557
181 575
71 577
338 787
13 402
309 598
690 774
281 435
568 605
71 296
86 487
55 552
550 924
160 177
226 295
158 296
425 429
52 461
66 481
523 537
543 561
561 611
178 661
421 674
162 783
111 815
328 832
757 835
270 899
394 936
215 970
35 187
4 231
96 237
306 554
18 672
76 722
558 749
226 239
84 324
261 693
164 710
40 809
875 876
144 946
133 231
629 953
201 436
254 815
872 875
751 895
56 197
220 468
326 647
509 725
101 897
814 977
4 201
276 278
179 293
8 418
322 446
335 489
89 676
550 756
107 765
683 793
691 866
7 329
486 963
464 973
300 409
149 781
585 781
414 785
236 819
691 900
477 901
513 917
52 269
365 663
434 828
409 952
33 265
343 383
109 394
463 595
154 700
689 726
558 830
68 433
637 683
459 752
14 813
224 908
152 222
584 790
233 956
168 435
33 462
67 278
312 360
103 543
72 719
527 728
362 840
437 962
945 979
121 875
327 941
279 391
81 161
79 206
85 275
218 336
248 394
34 501
87 539
202 695
415 742
245 907
224 256
236 281
222 448
8 562
308 645
168 236
99 328
311 328
112 346
481 498
149 812
594 869
154 568
27 586
206 725
460 976
55 77
78 204
132 220
74 363
359 396
397 631
289 657
107 707
322 730
603 885
33 774
471 926
504 956
325 994
87 107
26 309
154 434
331 623
189 657
84 762
571 675
236 679
320 806
166 261
259 264
634 669
201 703
394 808
429 884
739 900
816 949
394 958
376 972
353 421
199 679
836 964
19 91
114 520
308 665
782 885
181 243
61 268
58 170
210 614
435 819
878 954
822 982
126 225
31 497
815 819
615 886
407 907
119 171
660 728
747 968
20 291
163 337
251 387
275 467
449 531
83 564
364 691
267 921
119 442
121 699
705 771
80 141
100 383
194 512
356 514
457 658
38 684
636 787
41 793
27 226
610 633
15 934
12 22
213 974
325 380
129 438
684 800
493 814
631 828
72 336
84 454
467 635
403 823
125 832
97 240
367 386
222 585
147 298
437 694
127 798
143 818
477 920
70 953
227 460
722 742
532 974
266 319
247 326
167 553
435 679
48 214
302 479
155 803
293 830
59 932
89 247
88 513
631 636
660 725
744 972
256 591
589 756
222 781
195 833
661 852
398 981
176 252
656 716
432 763
955 965
121 183
126 293
72 586
521 989
13 392
46 411
381 442
364 739
168 782
173 930
676 963
116 315
321 525
292 895
135 295
574 585
520 621
520 663
385 824
886 913
727 951
855 984
574 986
64 81
307 346
281 384
60 392
53 427
42 584
654 743
279 789
545 820
458 483
360 648
642 810
736 826
210 971
206 509
325 624
574 697
699 709
136 730
124 775
595 921
603 948
502 956
33 330
151 337
228 511
430 627
375 657
621 810
267 362
44 376
229 428
167 513
404 599
43 640
225 830
154 303
497 589
85 620
690 727
219 756
217 838
151 842
129 872
300 999
457 858
135 306
191 501
0 598
636 889
381 613
542 685
570 725
426 950
268 971
49 406
124 491
341 522
108 527
327 832
267 840
820 852
678 862
252 981
139 394
431 560
357 670
323 794
348 558
774 839
800 893
32 241
30 640
348 765
384 948
172 230
200 260
351 641
413 658
322 745
318 882
587 890
800 944
905 955
518 566
661 813
32 267
270 382
452 465
564 769
38 867
34 986
658 695
725 729
378 797
68 852
56 873
485 910
392 480
487 722
601 785
53 250
137 308
56 420
237 516
335 546
679 681
258 832
22 175
42 368
34 448
118 534
382 534
158 749
304 827
242 975
886 992
409 699
675 821
53 95
213 651
582 845
464 871
386 982
116 305
164 379
417 424
450 536
481 562
191 566
308 571
646 659
444 708
47 757
166 322
198 346
3 533
787 873
646 915
387 494
432 590
424 740
262 778
695 946
501 947
181 944
135 423
194 458
333 470
423 630
381 945
7 195
127 391
219 497
78 595
181 684
665 743
257 847
172 928
16 596
409 638
206 570
798 855
285 862
32 84
169 441
564 709
83 831
557 898
80 210
452 496
277 660
272 792
477 828
763 884
127 905
93 939
942 943
422 958
134 971
517 985
130 309
364 406
213 542
532 542
75 913
167 176
432 629
590 891
483 965
254 713
248 838
136 172
71 184
85 326
133 559
445 577
439 669
750 835
770 852
697 986
406 534
425 884
20 937
262 368
56 488
333 583
262 711
64 722
572 776
520 835
163 842
498 857
409 903
350 965
70 113
179 225
149 727
591 737
733 851
452 865
499 950
311 671
429 763
148 910
72 326
237 440
96 641
326 676
219 924
324 932
409 999
268 628
143 648
721 842
154 873
738 973
272 377
54 526
383 784
849 888
447 924
895 950
90 194
172 668
463 693
300 783
146 905
480 969
597 990
50 122
202 466
15 268
224 365
21 760
197 477
203 511
431 534
334 705
164 798
41 156
87 268
226 423
382 560
550 561
171 648
13 672
375 723
361 781
344 867
522 904
478 911
981 986
314 657
517 771
490 841
142 996
23 313
429 590
225 918
231 407
750 809
128 261
234 289
1 347
233 454
231 456
90 548
44 614
596 624
229 886
379 924
705 954
28 203
159 695
85 209
229 489
327 884
160 891
313 943
38 944
330 593
388 942
101 275
47 333
441 448
361 727
673 733
178 813
679 815
48 914
193 976
81 185
274 835
518 894
774 951
100 114
28 228
84 253
199 272
50 544
163 940
61 971
83 638
165 915
589 924
36 193
428 489
340 580
581 628
705 736
527 956
129 183
89 586
302 322
348 644
150 945
844 956
45 396
373 428
12 454
22 703
621 809
663 809
34 152
119 360
253 362
24 473
241 791
290 898
231 931
270 941
855 965
176 511
552 764
252 280
77 405
31 589
752 912
33 430
613 627
2 361
660 729
170 202
312 381
497 550
261 595
336 676
50 808
811 992
162 300
186 420
459 472
497 576
51 774
828 868
641 870
335 871
501 906
125 941
99 327
193 460
420 639
78 267
103 279
612 660
177 718
463 730
51 839
620 853
412 870
74 916
913 992
246 467
369 482
460 541
449 916
272 917
763 941
27 89
62 444
256 737
280 768
877 890
122 958
239 295
288 335
448 643
313 648
624 660
571 743
696 882
304 313
179 378
84 395
195 422
222 574
557 597
693 921
65 195
93 299
174 562
178 666
522 940
790 955
317 333
535 572
520 668
539 672
224 696
25 156
31 219
127 379
11 418
362 454
70 590
330 613
478 730
152 441
360 578
336 586
209 620
300 709
70 718
512 742
817 939
222 894
604 980
336 647
345 433
145 469
106 542
8 587
548 587
535 667
284 687
337 836
789 837
620 912
402 923
290 933
3 954
227 854
182 256
203 294
340 422
459 737
131 834
87 971
294 300
677 854
552 888
30 43
155 203
18 315
196 489
342 726
242 799
329 834
391 855
476 876
524 888
823 900
317 928
159 980
192 307
201 525
146 584
111 715
25 978
244 494
134 539
414 551
330 627
8 634
241 655
78 693
853 882
15 918
698 945
306 417
293 797
627 945
220 608
427 686
506 822
46 840
176 896
9 473
220 544
614 628
408 531
575 800
671 832
781 894
207 722
317 835
354 857
302 863
175 913
84 267
259 311
127 543
72 148
466 862
607 909
197 303
192 332
271 388
149 690
605 920
230 961
123 366
134 614
281 603
23 360
167 451
310 474
11 587
281 588
196 630
154 631
445 644
143 649
399 656
470 663
464 677
790 905
946 980
364 528
238 661
581 874
99 240
197 639
465 710
152 361
30 691
323 582
269 341
502 509
107 628
27 102
270 431
538 602
929 976
155 228
146 350
366 646
457 808
214 816
279 855
145 916
731 991
39 209
108 277
290 557
82 115
392 484
221 502
47 668
497 680
95 686
207 742
755 777
108 824
174 857
406 900
430 925
67 935
904 964
200 991
85 101
198 488
607 806
207 331
18 392
374 492
144 533
573 666
426 701
676 719
337 721
818 843
783 848
641 933
255 450
14 601
61 934
584 965
626 654
125 930
218 243
379 548
612 824
816 914
199 917
706 930
228 294
58 389
279 490
11 548
164 561
97 739
846 968
176 228
42 262
142 455
208 598
127 789
495 851
422 995
404 816
16 97
293 378
259 731
126 765
165 844
38 215
362 411
420 477
212 865
240 582
295 586
56 605
250 686
430 746
1 814
904 940
110 383
203 398
375 492
762 902
36 929
763 988
274 333
259 650
365 750
350 905
65 273
295 630
172 663
114 750
565 770
274 928
162 203
120 426
317 583
403 637
586 647
571 665
291 733
401 755
76 850
109 958
941 988
88 155
337 904
536 929
236 284
228 398
58 413
120 493
543 550
249 559
72 897
842 904
301 530
144 604
75 703
198 714
247 719
114 757
668 809
241 840
203 999
41 369
7 834
13 438
155 783
135 262
295 486
433 547
137 645
529 656
231 245
178 551
471 598
685 792
340 796
80 918
147 938
671 991
24 145
451 513
7 580
118 739
665 760
374 923
460 929
499 977
214 982
255 460
522 618
303 420
268 445
107 537
127 548
214 555
240 640
115 641
882 912
247 963
59 454
246 615
1 493
637 794
162 803
443 826
281 881
334 909
930 988
142 418
638 769
7 859
181 970
705 970
322 693
292 741
137 759
1 985
212 227
119 312
233 366
306 584
64 850
696 961
574 643
470 668
421 724
629 832
51 63
261 302
229 615
519 678
111 713
746 925
260 311
255 335
193 536
533 678
159 858
455 877
349 938
490 512
176 203
474 592
152 643
119 698
586 910
812 951
402 969
132 248
178 414
284 435
186 473
391 483
222 518
417 584
279 587
450 630
169 674
796 833
52 940
460 740
128 302
163 522
103 548
1 283
241 886
133 321
368 584
449 639
372 788
568 828
604 858
897 963
361 448
437 517
345 852
153 950
22 366
354 439
395 844
246 897
543 924
842 943
78 84
681 782
429 832
754 888
16 79
162 228
354 579
40 787
30 823
52 836
822 914
256 961
474 967
10 57
140 213
153 292
401 850
21 645
514 846
146 798
292 977
535 710
706 721
579 914
858 946
137 201
230 583
652 850
146 955
11 127
6 136
6 261
70 400
298 556
422 604
14 785
729 845
699 903
787 920
229 791
753 814
806 826
334 878
413 946
106 140
301 553
29 598
533 695
90 756
151 942
8 957
893 970
341 618
186 197
30 282
273 285
240 403
201 407
135 486
222 501
1 736
426 751
25 216
50 329
328 425
204 463
333 757
77 799
353 810
549 895
84 921
99 991
42 239
364 823
210 934
70 160
50 248
265 266
391 458
460 465
354 498
148 647
200 650
264 650
177 888
303 901
737 912
444 947
228 999
424 460
409 564
411 932
33 319
386 390
223 422
470 750
620 752
391 837
590 849
737 882
219 561
446 617
617 762
335 780
293 348
15 376
158 813
151 173
88 553
327 671
339 758
798 965
81 232
190 270
397 434
56 639
137 861
859 995
263 354
159 413
556 938
133 245
425 629
126 558
154 769
116 402
270 534
515 950
125 270
225 348
453 494
274 583
570 596
498 634
742 841
293 918
69 441
325 845
239 423
311 429
109 544
258 590
485 635
53 670
168 679
230 745
362 762
137 907
699 952
227 535
265 690
251 793
294 803
800 867
548 984
597 997
148 246
12 175
234 314
40 318
345 661
174 890
43 403
333 809
801 911
579 959
898 990
973 993
171 313
121 876
561 589
381 627
406 704
405 888
721 942
460 738
739 794
484 969
483 984
113 151
212 535
564 568
255 871
118 372
440 997
15 80
34 169
120 320
147 517
67 616
540 644
478 745
665 759
458 789
798 865
183 875
528 900
559 931
683 732
299 874
92 231
89 635
789 855
311 400
138 661
530 715
463 745
268 765
157 938
15 707
180 783
568 831
799 802
171 904
705 909
301 919
670 949
694 970
516 997
283 334
191 894
436 811
765 830
551 565
423 586
874 935
493 944
677 973
160 260
350 483
204 595
433 661
47 663
367 804
97 900
18 305
340 887
495 967
70 173
4 407
129 476
548 550
421 566
323 640
286 673
199 681
493 701
374 723
579 777
365 809
831 901
416 970
81 331
239 336
247 336
441 501
301 713
225 797
549 814
425 941
202 980
317 983
129 469
495 673
328 763
827 843
163 942
549 950
265 951
77 975
403 994
113 337
325 369
237 597
670 686
454 844
469 875
109 946
138 238
31 550
501 566
21 137
298 517
238 565
667 776
213 782
769 901
193 465
326 467
301 720
395 762
600 861
136 230
87 616
429 671
792 817
692 895
605 901
115 237
378 749
257 776
407 821
12 241
129 278
787 809
663 835
395 646
320 705
447 680
18 60
29 309
358 447
332 563
349 563
393 606
49 704
378 830
256 882
609 906
607 970
434 636
325 660
583 668
232 751
363 876
193 255
260 429
621 631
578 633
451 720
166 921
28 966
60 969
96 990
214 367
142 490
7 887
476 923
163 171
164 212
148 326
150 393
57 560
489 773
72 226
71 540
581 707
113 721
789 841
710 865
425 988
485 586
169 642
26 648
94 851
860 870
699 879
49 528
667 677
267 762
201 321
112 344
156 453
347 549
448 574
87 614
567 630
126 744
355 751
1 826
278 872
38 893
172 317
351 412
311 650
142 194
201 245
86 331
318 365
165 527
424 541
322 595
101 647
35 653
258 671
307 752
388 842
378 869
58 927
465 929
633 943
89 963
155 300
257 475
191 574
488 639
185 722
679 881
283 517
129 672
644 830
202 858
647 897
71 93
205 290
78 617
6 745
13 315
58 443
548 561
171 649
619 654
156 732
84 840
591 853
699 872
170 927
906 986
145 183
470 520
274 983
61 80
652 742
312 945
24 316
137 436
418 890
1 954
63 330
294 409
276 577
300 879
785 813
709 952
143 271
0 309
365 583
374 628
0 208
248 468
85 719
752 853
288 464
458 490
357 608
19 33
489 546
822 959
130 471
483 789
304 926
72 101
16 624
284 679
503 699
173 721
554 790
591 912
66 235
59 267
566 643
458 905
0 522
103 561
150 578
550 611
515 684
176 720
204 762
506 804
803 903
347 970
168 281
570 845
318 908
704 983
640 994
30 403
543 589
630 635
61 707
172 983
259 260
350 543
497 548
320 701
600 811
430 613
419 802
879 952
48 404
235 439
334 443
306 452
107 577
101 635
272 685
12 811
21 811
508 820
230 882
534 941
259 991
219 543
571 759
694 867
560 892
130 208
16 729
266 330
225 378
597 641
377 679
593 746
613 979
88 294
162 409
516 641
629 763
757 928
483 955
557 997
366 454
443 466
638 783
1 878
231 907
100 835
539 934
19 63
78 166
200 264
120 292
297 534
358 535
269 717
675 760
531 938
160 953
328 400
423 486
276 581
688 840
9 74
114 274
118 364
265 430
226 485
211 559
125 706
6 730
230 730
494 793
397 809
674 810
655 840
104 847
78 902
502 902
720 981
725 987
79 596
117 621
668 835
604 946
122 248
198 472
486 586
360 613
775 812
436 821
57 846
226 897
614 972
214 599
699 876
254 301
389 443
447 550
577 765
87 374
385 482
414 508
577 581
604 808
277 824
434 901
880 917
515 944
153 243
346 459
255 536
109 159
171 271
3 736
10 788
569 850
163 964
697 981
111 284
160 400
121 438
219 447
237 557
447 576
687 815
605 828
455 857
164 924
117 397
380 403
206 624
508 813
806 970
847 973
267 324
279 379
405 552
641 860
416 867
148 963
9 316
241 362
231 525
286 559
195 580
358 611
576 756
350 790
429 829
234 862
862 927
685 966
446 987
2 222
83 280
105 394
645 675
383 724
88 162
118 406
260 629
623 753
579 804
255 929
450 976
536 976
199 553
430 593
266 774
207 355
428 615
539 707
347 753
701 878
138 178
27 218
328 432
128 479
558 644
275 655
476 672
287 730
210 744
335 773
489 780
594 797
119 818
260 829
703 864
88 896
362 932
643 708
105 808
651 885
467 910
618 964
191 444
461 522
566 708
161 751
83 896
680 924
885 948
36 227
238 433
186 449
474 495
105 544
513 685
754 975
280 398
685 803
554 865
172 908
129 935
23 26
421 441
4 600
10 892
261 911
6 983
157 298
244 482
200 731
828 873
172 274
456 619
56 700
747 889
282 900
22 913
868 920
365 961
19 319
397 520
49 534
99 629
36 738
436 907
81 207
62 280
417 865
126 918
14 178
36 464
152 574
617 693
627 746
738 871
659 915
904 942
41 453
58 858
417 929
300 503
338 621
83 879
445 581
117 631
151 706
625 827
328 953
102 963
514 520
586 719
67 817
93 817
667 847
379 855
205 883
97 364
894 947
548 589
292 701
419 758
551 785
356 968
447 589
98 597
334 607
428 630
116 927
92 245
24 410
83 503
115 510
303 564
93 577
590 629
650 702
99 739
702 794
543 798
703 907
12 992
55 524
380 640
680 756
561 798
178 852
505 978
313 471
278 581
635 719
365 908
804 982
128 987
4 133
104 227
102 243
465 554
699 783
532 792
6 801
32 253
421 642
246 655
605 873
170 285
13 305
341 461
307 737
547 813
320 878
134 616
406 866
170 389
124 653
71 445
403 596
575 607
62 643
502 646
20 922
620 688
0 827
120 878
114 317
262 515
146 554
662 743
411 791
553 917
58 980
8 235
129 374
219 548
56 714
509 527
272 542
86 692
583 757
747 809
487 652
150 518
530 815
884 941
186 316
175 436
111 819
718 888
555 914
202 457
216 505
443 519
306 536
219 611
175 703
461 717
3 858
175 886
634 890
846 892
27 897
1 334
649 721
661 785
391 841
702 991
440 641
149 839
477 873
279 350
27 486
517 607
583 663
701 753
571 821
779 827
405 849
146 855
21 861
117 873
286 931
283 954
582 994
0 130
117 434
8 481
264 602
150 632
586 676
106 792
300 872
700 901
362 921
576 924
419 960
631 901
893 962
348 445
492 672
319 779
498 877
311 884
659 956
538 637
182 696
214 804
239 963
12 46
157 734
131 807
258 829
737 853
871 976
531 563
159 604
55 754
138 770
138 820
742 837
167 896
174 498
466 519
289 521
