1000 5284 59.682493245507096 sparse
0 216 96
1 284 621
2 306 677
3 511 475
4 158 654
5 338 998
6 83 922
7 95 976
8 165 902
9 462 653
10 98 286
11 207 589
12 479 932
13 225 825
14 794 323
15 219 159
16 840 138
17 186 405
18 683 54
19 682 367
20 969 53
21 184 162
22 646 853
23 905 336
24 722 293
25 410 261
26 886 70
27 556 252
28 10 274
29 842 126
30 865 411
31 736 783
32 535 530
33 25 420
34 282 767
35 946 460
36 464 238
37 970 143
38 129 360
39 67 948
40 380 167
41 695 320
42 833 61
43 128 906
44 270 339
45 918 395
46 354 783
47 171 564
48 704 479
49 911 21
50 189 298
51 651 801
52 229 392
53 674 130
54 985 491
55 361 623
56 260 364
57 108 614
58 294 821
59 243 256
60 585 516
61 365 914
62 496 284
63 555 443
64 114 942
65 291 479
66 17 326
67 801 319
68 784 363
69 263 620
70 923 409
71 325 867
72 792 957
73 887 549
74 260 676
75 398 484
76 536 964
77 376 412
78 456 550
79 220 957
80 342 523
81 164 512
82 136 93
83 294 655
84 1000 162
85 744 131
86 368 317
87 915 148
88 666 878
89 180 536
90 801 803
91 858 309
92 633 92
93 298 626
94 507 513
95 238 996
96 562 535
97 473 453
98 624 365
99 602 667
100 715 84
101 695 704
102 936 170
103 115 985
104 280 492
105 311 547
106 464 543
107 915 198
108 363 486
109 435 903
110 315 886
111 143 419
112 404 689
113 609 78
114 648 364
115 819 223
116 833 634
117 541 1000
118 918 230
119 64 823
120 828 17
121 346 331
122 827 465
123 168 906
124 447 236
125 509 252
126 144 988
127 814 569
128 899 237
129 644 379
130 263 707
131 597 960
132 450 488
133 315 633
134 913 97
135 953 132
136 775 905
137 824 473
138 518 810
139 584 61
140 305 873
141 582 876
142 782 247
143 420 722
144 261 850
145 66 912
146 263 624
147 786 792
148 657 13
149 751 72
150 314 224
151 992 485
152 792 124
153 827 592
154 573 197
155 927 839
156 506 731
157 730 170
158 8 658
159 156 35
160 505 441
161 936 490
162 347 808
163 676 397
164 907 5
165 798 154
166 78 47
167 356 286
168 480 114
169 544 682
170 287 715
171 965 54
172 833 797
173 730 24
174 574 653
175 564 343
176 3 832
177 103 987
178 535 113
179 245 560
180 143 630
181 506 662
182 346 491
183 917 189
184 704 127
185 114 748
186 918 619
187 265 787
188 800 928
189 251 701
190 97 122
191 48 174
192 930 24
193 195 852
194 570 154
195 216 976
196 464 801
197 943 130
198 766 645
199 419 415
200 518 767
201 709 984
202 321 473
203 291 339
204 963 21
205 796 779
206 962 435
207 939 217
208 387 712
209 128 48
210 715 482
211 733 849
212 529 808
213 17 766
214 926 166
215 760 241
216 805 463
217 218 57
218 508 8
219 966 544
220 370 653
221 856 535
222 38 678
223 190 525
224 457 635
225 328 155
226 303 350
227 695 248
228 603 241
229 8 892
230 792 726
231 456 61
232 882 577
233 845 121
234 348 454
235 683 200
236 190 76
237 199 235
238 161 45
239 861 995
240 439 505
241 736 884
242 967 217
243 870 410
244 707 283
245 447 813
246 584 771
247 168 870
248 881 66
249 487 947
250 725 506
251 283 53
252 970 983
253 192 163
254 135 230
255 473 122
256 56 473
257 835 710
258 907 282
259 252 251
260 538 381
261 117 62
262 492 528
263 190 186
264 745 943
265 924 617
266 200 743
267 752 579
268 598 834
269 433 131
270 936 596
271 742 116
272 270 766
273 337 16
274 937 902
275 23 264
276 515 378
277 972 932
278 663 141
279 912 465
280 774 378
281 294 740
282 807 820
283 99 738
284 695 760
285 737 124
286 492 1000
287 539 583
288 247 979
289 138 685
290 629 215
291 503 688
292 162 657
293 158 769
294 968 667
295 235 62
296 760 289
297 584 281
298 184 855
299 138 532
300 933 294
301 885 937
302 57 32
303 740 236
304 866 511
305 860 858
306 211 386
307 755 779
308 627 782
309 266 541
310 507 929
311 630 405
312 845 586
313 618 431
314 843 622
315 321 346
316 886 612
317 58 918
318 316 350
319 958 3
320 597 419
321 927 557
322 954 677
323 414 857
324 186 372
325 332 862
326 652 988
327 904 401
328 193 133
329 689 803
330 95 735
331 637 361
332 782 106
333 33 191
334 66 437
335 911 370
336 565 893
337 263 491
338 410 506
339 607 445
340 592 32
341 760 393
342 422 553
343 647 262
344 755 533
345 480 359
346 349 634
347 223 66
348 793 646
349 243 254
350 400 973
351 927 15
352 171 51
353 19 652
354 959 927
355 48 170
356 918 460
357 952 608
358 337 606
359 318 676
360 582 204
361 785 453
362 101 378
363 84 214
364 698 922
365 405 171
366 447 84
367 333 907
368 267 19
369 618 38
370 798 477
371 323 770
372 789 60
373 687 859
374 96 338
375 106 379
376 520 921
377 556 467
378 632 494
379 328 275
380 746 850
381 397 13
382 850 889
383 367 316
384 505 439
385 227 678
386 138 9
387 795 519
388 999 662
389 344 464
390 521 750
391 425 266
392 981 55
393 686 479
394 592 671
395 891 213
396 358 629
397 929 188
398 365 871
399 678 718
400 729 786
401 930 737
402 187 914
403 162 380
404 862 276
405 983 533
406 873 958
407 936 572
408 715 45
409 529 982
410 643 713
411 539 428
412 73 362
413 696 84
414 790 897
415 440 440
416 270 580
417 259 488
418 391 992
419 319 310
420 389 596
421 993 841
422 417 482
423 940 936
424 853 133
425 660 49
426 717 287
427 907 153
428 294 840
429 201 443
430 761 932
431 261 46
432 772 438
433 998 689
434 571 669
435 654 398
436 885 260
437 271 142
438 938 376
439 544 937
440 190 119
441 210 703
442 931 449
443 269 91
444 844 279
445 56 93
446 38 690
447 991 881
448 154 288
449 670 832
450 410 539
451 209 654
452 188 832
453 820 181
454 533 713
455 206 958
456 259 656
457 42 965
458 613 657
459 585 981
460 424 366
461 451 537
462 821 668
463 3 261
464 265 636
465 979 855
466 337 293
467 79 699
468 517 838
469 444 705
470 312 213
471 464 40
472 702 733
473 557 613
474 241 43
475 699 71
476 37 778
477 568 692
478 813 650
479 437 471
480 80 544
481 609 134
482 806 602
483 230 392
484 508 516
485 105 371
486 65 232
487 387 705
488 520 172
489 27 550
490 107 112
491 748 866
492 62 467
493 736 262
494 254 33
495 958 608
496 736 889
497 823 159
498 66 88
499 594 251
500 913 663
501 632 125
502 833 299
503 453 279
504 515 99
505 147 181
506 994 675
507 493 279
508 95 594
509 113 455
510 85 918
511 281 522
512 428 315
513 994 690
514 461 246
515 418 106
516 698 967
517 753 997
518 579 364
519 71 456
520 203 145
521 848 487
522 776 281
523 432 9
524 488 81
525 400 300
526 419 331
527 775 223
528 336 34
529 200 389
530 664 923
531 371 727
532 181 689
533 136 323
534 223 749
535 932 999
536 831 472
537 783 819
538 409 493
539 919 648
540 789 119
541 693 782
542 328 751
543 432 607
544 892 751
545 391 624
546 636 705
547 108 462
548 309 128
549 988 208
550 197 350
551 766 430
552 57 283
553 681 9
554 143 827
555 51 613
556 897 561
557 110 976
558 447 27
559 373 990
560 84 726
561 432 948
562 545 581
563 453 850
564 88 566
565 892 18
566 575 702
567 885 16
568 928 482
569 693 915
570 204 800
571 904 890
572 890 862
573 277 273
574 636 334
575 428 612
576 958 48
577 386 857
578 527 886
579 469 843
580 418 260
581 191 706
582 960 444
583 164 388
584 747 268
585 821 146
586 102 403
587 750 115
588 972 742
589 810 915
590 467 541
591 412 356
592 343 835
593 704 860
594 203 204
595 614 130
596 690 261
597 713 479
598 764 400
599 643 569
600 457 631
601 802 277
602 821 650
603 349 976
604 591 173
605 946 529
606 120 502
607 945 564
608 856 593
609 670 512
610 579 495
611 268 936
612 285 944
613 495 646
614 944 376
615 886 831
616 267 770
617 283 938
618 919 292
619 977 828
620 174 418
621 503 194
622 84 440
623 841 246
624 9 366
625 58 793
626 946 971
627 390 246
628 173 545
629 844 819
630 767 854
631 89 597
632 708 673
633 183 266
634 216 311
635 38 135
636 83 469
637 163 128
638 307 592
639 152 921
640 146 862
641 651 278
642 904 474
643 644 674
644 886 536
645 313 621
646 610 44
647 277 872
648 729 446
649 258 73
650 982 71
651 220 577
652 372 889
653 297 531
654 696 843
655 442 532
656 638 838
657 310 936
658 559 249
659 807 820
660 637 366
661 768 974
662 544 190
663 861 713
664 608 428
665 806 618
666 84 602
667 307 275
668 28 405
669 574 268
670 949 766
671 131 85
672 429 106
673 195 468
674 818 119
675 496 560
676 465 264
677 975 792
678 571 407
679 845 991
680 139 773
681 140 31
682 830 23
683 917 917
684 459 691
685 401 51
686 674 216
687 594 906
688 918 971
689 590 919
690 55 563
691 429 763
692 878 788
693 519 799
694 410 360
695 456 800
696 348 820
697 151 659
698 730 217
699 221 122
700 929 152
701 743 590
702 674 425
703 596 123
704 993 897
705 294 83
706 504 578
707 681 663
708 300 695
709 520 472
710 496 35
711 395 83
712 528 579
713 473 341
714 788 785
715 128 997
716 690 446
717 406 108
718 856 552
719 233 700
720 382 652
721 970 159
722 482 975
723 159 34
724 84 836
725 271 461
726 243 295
727 374 449
728 41 189
729 184 367
730 88 636
731 840 984
732 615 746
733 424 613
734 323 528
735 367 677
736 551 467
737 627 521
738 100 688
739 833 469
740 412 425
741 635 296
742 862 80
743 204 880
744 949 410
745 844 413
746 530 983
747 906 830
748 527 692
749 698 964
750 923 406
751 334 164
752 940 421
753 426 593
754 664 933
755 217 482
756 326 78
757 867 7
758 930 147
759 314 945
760 815 909
761 965 194
762 594 117
763 981 334
764 815 472
765 754 868
766 416 528
767 222 235
768 284 142
769 300 680
770 924 240
771 366 644
772 941 214
773 878 778
774 588 601
775 870 623
776 295 278
777 92 385
778 918 801
779 324 134
780 147 864
781 800 262
782 601 868
783 451 795
784 548 126
785 256 230
786 105 936
787 113 273
788 203 768
789 257 440
790 845 208
791 534 961
792 738 794
793 996 876
794 755 655
795 726 859
796 148 402
797 85 969
798 627 782
799 357 627
800 272 661
801 132 342
802 220 198
803 678 911
804 909 12
805 859 28
806 18 82
807 81 338
808 806 942
809 940 316
810 225 957
811 490 137
812 704 127
813 619 71
814 512 850
815 842 22
816 30 26
817 810 179
818 299 114
819 433 336
820 558 743
821 896 769
822 638 504
823 790 15
824 234 114
825 529 50
826 768 104
827 301 690
828 353 435
829 607 679
830 911 630
831 809 834
832 151 442
833 563 230
834 531 905
835 963 507
836 536 787
837 715 903
838 11 386
839 539 426
840 825 244
841 582 143
842 514 192
843 878 324
844 687 848
845 839 358
846 94 461
847 487 709
848 917 869
849 408 697
850 554 816
851 751 286
852 170 158
853 965 950
854 670 37
855 920 191
856 33 641
857 354 1
858 378 898
859 753 914
860 984 661
861 149 687
862 718 857
863 698 389
864 341 812
865 212 864
866 877 602
867 427 541
868 849 641
869 742 519
870 746 897
871 963 905
872 254 823
873 585 381
874 31 91
875 485 692
876 707 365
877 249 223
878 834 433
879 358 366
880 629 978
881 508 337
882 252 191
883 920 870
884 274 516
885 492 87
886 214 285
887 441 258
888 467 652
889 787 801
890 203 59
891 462 113
892 905 867
893 384 16
894 6 87
895 588 16
896 995 117
897 769 698
898 266 486
899 711 399
900 633 88
901 729 700
902 446 382
903 451 358
904 347 354
905 657 337
906 351 111
907 840 469
908 553 631
909 724 649
910 155 694
911 69 937
912 231 56
913 370 108
914 544 580
915 873 88
916 207 782
917 615 467
918 103 350
919 943 594
920 578 802
921 182 181
922 847 189
923 691 595
924 930 862
925 351 24
926 742 957
927 928 97
928 215 940
929 199 794
930 887 218
931 978 725
932 547 514
933 761 897
934 812 365
935 843 670
936 597 797
937 352 999
938 120 231
939 908 869
940 731 354
941 228 516
942 990 461
943 206 461
944 586 904
945 64 894
946 966 143
947 207 861
948 635 298
949 469 154
950 270 926
951 40 890
952 569 446
953 25 136
954 381 274
955 4 788
956 651 927
957 908 201
958 99 293
959 550 9
960 564 939
961 627 595
962 623 701
963 110 15
964 762 526
965 468 206
966 694 640
967 127 708
968 316 702
969 579 3
970 961 753
971 328 825
972 702 362
973 540 687
974 662 307
975 503 482
976 133 172
977 577 836
978 178 898
979 912 651
980 465 285
981 929 743
982 46 49
983 534 701
984 100 389
985 334 762
986 469 910
987 66 725
988 533 470
989 953 245
990 466 348
991 600 83
992 444 753
993 173 848
994 41 75
995 121 576
996 553 272
997 26 583
998 93 987
999 26 960
282 659
308 798
184 812
52 483
86 383
409 746
562 914
59 349
160 384
411 839
741 948
640 780
396 799
516 749
70 750
94 484
159 723
848 883
106 590
210 597
536 739
207 772
76 791
183 855
892 939
69 146
191 355
224 600
92 900
37 946
20 171
433 513
575 733
27 658
6 510
591 694
8 123
4 292
283 330
337 417
241 496
272 616
331 660
377 736
79 810
30 243
362 375
700 758
708 827
9 888
324 729
55 799
29 233
62 507
152 540
337 898
287 914
865 947
876 972
357 495
438 614
401 981
186 265
287 562
612 617
120 682
703 762
491 765
26 248
315 318
543 575
481 595
395 930
169 973
55 396
508 631
2 769
208 487
739 907
137 536
631 666
695 783
447 793
10 958
122 739
162 864
524 885
295 912
565 567
147 714
164 804
417 898
270 919
31 400
107 957
539 979
279 356
24 426
589 760
570 929
478 602
14 67
21 253
362 485
375 485
122 536
25 580
271 587
341 598
196 695
403 583
333 728
795 862
687 944
256 492
122 137
36 514
71 325
509 547
364 569
4 697
679 731
107 855
112 849
777 984
48 597
848 939
137 764
147 889
54 151
107 183
171 576
391 580
206 582
49 804
511 884
861 910
271 285
87 427
82 671
263 921
259 349
192 351
3 709
296 851
397 855
536 907
137 739
657 759
220 771
85 285
785 877
344 964
713 990
145 317
432 551
369 646
205 714
543 733
530 754
692 773
177 998
769 827
135 197
453 817
611 950
59 259
217 347
346 396
103 557
461 655
654 844
113 991
313 664
78 106
168 255
410 546
346 799
696 864
3 975
102 214
234 389
99 394
244 426
225 751
64 786
652 858
515 672
373 844
138 693
362 984
138 212
159 238
150 470
445 498
114 660
292 697
238 723
31 792
621 842
289 861
39 911
7 998
161 568
48 210
193 298
114 331
154 360
306 529
89 628
362 777
748 983
238 352
118 770
378 822
375 984
287 712
222 446
34 272
2 359
183 397
407 607
279 642
162 696
220 720
400 792
682 815
883 939
500 979
454 983
20 576
45 750
16 29
103 177
20 392
146 464
133 645
515 717
848 892
477 566
199 740
211 795
7 797
113 813
667 776
158 353
493 584
450 766
542 985
295 347
496 870
347 912
883 924
123 978
226 318
437 768
468 814
99 829
342 867
806 894
211 380
29 424
338 538
177 557
312 608
73 644
98 660
186 830
217 912
673 943
635 953
298 993
497 585
709 988
413 475
381 893
130 189
503 980
228 499
212 693
216 764
316 866
7 177
98 331
422 538
508 666
687 689
636 846
122 907
742 915
530 956
546 962
8 978
371 985
122 764
374 918
277 354
16 424
78 461
388 506
227 596
456 800
2 827
748 973
79 455
547 846
5 937
190 490
300 618
332 826
282 831
659 831
90 889
586 984
492 519
75 538
330 560
78 590
320 664
267 701
744 752
255 891
328 440
106 461
214 700
196 783
593 862
264 926
63 952
754 956
233 424
916 929
433 506
87 700
21 852
788 916
28 463
431 494
332 540
129 660
848 924
45 70
1 93
89 223
99 458
198 794
120 815
526 819
506 513
7 557
708 769
374 807
134 927
870 933
193 947
183 957
87 758
388 860
254 938
85 271
611 617
601 781
217 890
45 327
460 694
543 753
375 777
188 808
104 898
973 983
310 376
699 824
34 616
33 668
883 892
114 129
569 803
689 944
53 278
588 970
116 314
328 520
73 556
460 591
258 618
425 854
855 957
216 370
25 391
285 587
93 645
245 695
592 696
806 874
572 892
895 969
482 665
37 721
536 764
171 392
392 650
714 889
712 914
69 464
380 491
447 704
623 840
273 925
136 933
500 539
548 779
203 226
55 346
174 434
194 841
879 904
110 140
147 205
28 275
474 494
188 589
297 669
241 870
863 899
474 912
49 164
461 590
343 641
239 679
159 681
340 895
137 907
721 946
191 728
357 919
505 976
457 999
12 249
136 414
22 656
221 718
396 771
394 829
211 862
65 104
104 337
356 442
373 593
339 664
481 703
766 867
135 946
49 351
85 587
294 860
36 124
187 616
562 712
450 867
847 875
294 322
107 397
124 514
548 818
506 860
200 390
563 579
116 868
708 968
321 407
655 867
17 620
519 636
11 651
103 715
617 950
670 970
108 182
16 233
217 295
370 764
111 796
79 928
209 261
313 339
353 856
345 990
296 522
720 771
743 865
391 887
48 393
462 602
24 244
68 280
90 282
185 283
273 528
90 659
189 719
594 802
565 804
805 815
518 873
168 891
528 925
588 931
592 971
560 987
903 990
691 992
418 559
145 945
404 444
334 622
739 764
38 801
351 804
570 916
736 988
512 526
511 653
373 654
235 686
126 715
402 978
93 133
178 784
265 830
859 870
864 971
226 315
342 450
514 676
359 769
245 783
530 803
544 821
584 851
291 875
537 889
473 908
90 147
35 442
9 224
204 319
501 595
573 776
429 943
485 984
611 612
593 654
859 933
874 994
52 306
153 312
2 708
100 413
58 428
455 810
75 422
368 494
47 628
575 753
630 765
485 777
344 869
21 921
790 922
283 560
503 676
74 800
827 968
49 192
95 288
49 565
441 581
681 723
771 799
289 910
906 913
743 947
129 331
102 397
76 409
321 607
398 652
102 700
595 703
345 713
277 853
572 939
79 195
31 307
264 430
181 613
293 680
214 758
316 775
533 801
658 833
376 834
578 834
334 519
371 542
80 734
327 750
234 828
920 936
462 478
675 706
380 765
539 830
430 859
521 907
797 998
6 145
532 581
169 748
346 771
224 888
810 928
709 975
421 465
356 642
361 432
164 565
10 787
295 474
306 483
145 510
76 746
509 846
314 868
270 357
262 484
116 602
32 932
74 456
615 747
733 753
624 838
439 960
379 466
567 757
773 821
455 928
275 463
431 474
27 996
118 128
37 135
132 240
219 405
167 466
201 516
355 728
117 746
737 822
302 982
557 998
348 478
280 341
469 684
72 808
6 911
495 919
152 332
195 455
586 777
253 921
215 303
70 327
123 402
100 475
16 585
421 619
519 622
141 782
61 858
696 971
19 972
196 245
209 681
352 723
70 752
693 836
593 844
193 865
395 957
71 140
456 464
488 842
44 203
379 667
676 980
1 69
350 418
354 423
195 810
830 979
87 214
394 434
253 520
492 636
443 649
30 745
587 826
485 918
268 977
193 452
347 890
869 964
1 146
94 262
704 793
574 905
15 520
17 529
35 582
105 653
583 796
104 417
329 541
380 630
225 779
259 785
571 939
669 996
132 479
471 558
550 729
197 758
18 854
250 869
236 890
71 110
137 216
129 435
303 698
169 983
187 272
55 771
409 791
512 819
117 409
241 491
340 646
60 610
454 748
247 780
115 840
7 103
247 298
159 352
63 411
208 531
232 556
123 639
380 795
452 993
317 911
101 399
163 435
324 529
427 700
593 795
359 827
813 900
122 216
284 541
386 681
462 935
103 998
212 836
775 866
214 397
453 497
263 594
20 650
90 714
26 915
164 351
216 361
746 791
354 871
745 878
193 993
231 471
491 630
105 734
757 805
487 849
128 930
813 991
9 600
253 852
3 988
247 993
191 333
211 491
256 519
521 536
750 752
481 762
307 792
255 811
273 857
142 215
78 655
385 719
338 766
83 800
458 829
124 887
422 479
444 502
201 749
364 803
242 549
155 747
608 866
559 937
237 767
185 330
214 427
8 639
571 892
121 904
253 263
251 431
672 717
242 761
491 795
300 809
27 833
592 864
580 887
407 919
924 939
260 276
434 477
441 719
155 924
857 925
603 937
377 988
153 482
622 846
600 888
213 476
514 887
410 962
298 452
18 475
112 487
279 568
63 839
449 844
480 564
247 640
163 863
248 915
339 917
215 527
523 558
521 739
142 781
612 950
445 994
18 425
519 846
248 742
239 731
467 738
755 943
336 944
266 534
102 758
427 758
354 853
136 859
205 889
298 947
658 996
57 508
170 708
119 724
595 762
497 817
270 407
98 114
63 377
282 537
537 659
706 712
141 336
392 576
171 650
806 994
90 537
27 669
641 741
241 765
151 942
356 568
280 598
12 986
265 270
313 320
301 406
131 459
220 735
192 804
503 887
156 390
1 464
309 511
658 669
188 760
148 553
375 586
63 736
291 748
567 804
461 867
945 951
165 585
111 832
98 129
178 504
703 841
787 958
90 205
902 903
324 550
164 567
5 603
172 629
106 655
118 207
183 214
231 366
202 389
481 501
296 584
571 848
377 952
397 957
21 263
104 884
676 887
317 945
419 466
279 442
510 911
338 422
311 435
142 527
219 605
25 627
29 674
274 683
91 843
362 586
2 83
75 338
8 402
270 495
569 837
807 918
168 811
445 874
19 876
326 880
128 770
266 788
764 907
145 911
394 458
398 577
238 681
725 789
92 813
727 828
496 837
130 170
128 395
324 403
568 642
412 807
6 317
40 365
269 672
874 894
174 394
177 797
0 824
165 497
21 520
57 631
295 649
364 837
668 838
522 851
232 866
725 898
892 924
289 967
162 971
403 729
213 955
116 478
571 883
641 948
863 876
429 673
342 766
83 769
214 855
166 302
333 355
121 383
173 408
175 518
476 625
540 826
208 849
96 932
491 496
504 885
852 921
46 162
170 281
45 335
526 591
547 636
61 652
557 797
464 800
65 898
210 250
221 304
169 477
26 742
439 791
113 900
36 676
70 744
684 875
86 121
197 700
206 752
673 755
6 786
403 796
754 803
654 862
634 886
359 968
181 291
363 486
257 663
359 708
653 734
243 745
242 772
692 821
274 871
34 187
223 628
612 657
499 669
443 705
212 850
309 884
496 933
137 370
303 493
522 601
744 750
655 766
788 929
38 485
702 716
291 847
102 855
876 940
127 153
197 946
707 966
49 567
152 674
0 699
234 727
532 910
982 994
74 189
590 655
340 369
220 396
252 626
57 666
102 183
249 310
414 589
65 725
510 786
200 836
44 56
307 400
128 436
217 474
91 502
261 671
177 715
286 722
549 761
241 795
2 968
454 973
317 510
393 597
198 348
388 433
16 497
331 574
314 775
465 793
811 949
930 957
182 389
465 619
617 657
233 674
147 537
431 649
240 655
585 674
294 506
487 531
324 583
144 647
529 729
54 835
19 863
460 902
315 904
829 962
769 968
139 991
15 253
361 370
162 592
256 636
349 785
589 808
148 854
863 972
203 318
556 644
711 717
565 757
337 884
32 96
467 560
204 576
517 661
378 737
135 758
207 770
653 884
216 536
45 438
534 788
282 889
659 889
110 367
368 431
335 438
557 715
496 765
39 797
302 816
775 868
736 952
414 760
165 817
143 849
167 954
92 113
137 521
559 603
850 920
17 583
244 596
488 621
605 835
713 903
320 339
38 918
284 472
572 848
144 872
845 934
207 242
35 356
323 577
626 688
404 436
138 468
140 647
118 772
816 982
420 545
163 702
697 861
362 918
68 934
12 310
76 439
259 877
460 903
890 912
453 922
262 590
206 744
50 886
241 933
498 994
449 654
348 602
141 944
4 180
107 395
399 472
43 639
358 645
493 851
179 309
220 346
88 373
194 604
211 765
349 767
241 837
626 853
35 568
366 672
819 903
73 232
388 513
249 722
477 973
440 637
646 813
481 841
277 871
114 905
948 974
112 208
258 300
311 313
447 465
320 678
216 739
397 772
567 805
271 826
762 841
613 888
386 963
507 980
306 324
548 768
170 827
423 853
632 707
81 89
376 439
632 909
508 564
380 862
29 585
219 607
1 645
342 655
540 674
583 729
358 799
591 819
414 933
46 985
240 338
186 539
153 608
622 636
612 759
345 903
81 223
108 389
440 520
16 674
289 697
59 785
220 799
156 847
13 872
246 936
467 987
103 126
121 315
140 325
210 393
269 515
52 529
325 592
720 735
757 815
375 918
741 974
186 270
347 474
520 699
138 836
83 93
47 89
110 325
265 357
55 358
143 469
72 661
545 720
193 743
442 752
765 795
298 865
602 868
627 954
442 582
682 805
770 989
129 311
678 873
34 281
250 597
218 710
417 725
23 843
767 877
168 885
638 645
868 935
959 969
35 206
59 767
95 195
57 730
602 935
247 978
60 96
164 192
38 375
101 472
361 551
154 662
423 683
412 777
24 851
265 919
765 933
37 197
169 434
215 584
50 634
571 683
398 858
385 451
304 521
154 604
488 662
253 328
104 511
55 545
221 644
115 790
537 831
551 598
573 667
662 842
607 919
72 188
139 340
167 379
530 569
180 697
328 699
553 854
264 859
136 870
765 870
801 918
940 972
53 184
483 529
84 721
53 812
113 139
385 441
39 457
179 651
158 856
496 859
334 492
321 556
305 572
21 328
526 694
389 828
78 867
87 102
83 133
136 430
32 484
122 521
328 637
544 773
174 908
54 942
861 967
905 974
640 993
65 337
346 358
582 752
36 887
850 977
670 981
6 39
295 431
408 475
232 608
107 772
620 796
599 961
780 993
19 163
152 165
65 202
119 625
107 207
51 308
522 781
51 798
207 397
513 860
726 886
118 957
330 987
182 202
203 315
0 347
130 719
316 830
781 840
637 852
159 209
391 503
348 665
489 690
211 593
111 620
564 631
641 974
62 980
337 725
704 871
572 883
884 898
99 434
139 646
770 772
373 862
491 870
661 926
258 436
288 810
74 130
195 288
358 396
415 479
440 699
73 718
772 855
25 887
594 921
135 700
761 772
152 826
331 905
237 594
572 615
318 904
94 975
99 174
571 572
535 626
580 627
535 688
433 860
910 967
207 989
242 989
55 220
39 317
460 819
604 841
491 862
909 966
122 370
125 507
116 665
634 726
747 778
803 956
17 306
236 352
294 388
426 493
265 539
480 690
709 736
705 818
430 926
837 870
349 877
794 909
246 920
35 161
159 386
297 499
583 620
751 779
496 795
155 848
431 912
743 978
508 995
106 262
512 525
507 676
415 740
768 818
417 884
327 335
522 584
314 608
336 687
617 759
46 864
155 883
25 954
170 968
340 969
240 422
115 623
311 664
83 359
22 449
394 477
215 493
618 809
510 945
118 395
373 449
350 559
135 721
161 835
649 912
378 917
167 383
251 705
22 88
179 416
546 643
304 644
251 649
574 660
200 693
298 743
545 771
570 788
779 818
90 831
532 861
229 951
166 982
107 118
8 247
485 586
877 882
295 890
222 353
441 532
45 614
360 833
207 855
525 954
80 182
362 412
277 423
146 456
262 675
255 949
36 965
360 604
104 725
844 862
297 996
212 468
240 538
114 574
141 687
263 802
412 918
975 988
471 710
705 756
193 247
156 454
504 524
241 862
515 711
240 766
77 828
505 852
494 912
90 172
20 204
547 622
50 633
449 656
685 711
492 846
186 979
305 382
188 414
309 653
199 415
13 570
509 622
386 723
366 891
18 413
292 861
32 94
186 316
61 367
303 584
450 655
478 665
122 878
802 882
931 970
0 236
81 299
405 835
689 960
169 454
120 805
609 822
352 890
17 324
338 450
202 234
180 292
92 501
225 548
306 729
735 771
369 813
489 997
171 204
74 385
500 830
91 444
509 636
358 638
608 775
342 461
192 204
209 238
184 285
442 568
444 623
564 690
379 776
285 812
1 133
86 167
319 351
189 385
91 404
18 408
374 412
65 417
412 485
434 566
98 574
332 587
270 607
576 650
588 670
393 716
396 720
473 774
694 819
620 832
118 930
772 989
87 197
38 362
124 676
684 847
555 856
317 951
274 354
259 573
370 536
396 545
252 853
900 991
153 665
970 981
132 422
335 614
307 714
389 727
438 750
59 877
857 893
308 936
798 936
435 702
738 967
147 307
46 371
102 427
101 632
491 933
291 983
9 613
672 891
387 964
107 214
217 236
321 605
769 800
6 945
310 834
127 482
503 514
168 524
893 925
136 188
328 852
153 314
644 718
259 767
654 795
103 797
322 860
681 963
73 221
133 346
206 442
24 493
364 530
113 646
209 723
426 851
920 977
240 479
45 752
145 951
19 114
78 342
274 423
569 754
268 782
545 799
836 850
269 891
97 160
240 461
473 562
48 250
325 398
121 419
374 485
81 628
760 808
4 861
632 901
643 962
92 991
64 557
666 730
876 899
101 901
58 971
35 279
211 630
537 714
614 744
767 785
484 975
487 735
263 852
107 930
160 709
45 744
143 208
236 347
144 428
93 464
474 649
565 805
154 833
241 859
582 942
476 955
564 995
3 160
23 335
114 435
142 522
762 991
62 125
424 585
439 834
595 841
161 279
17 403
233 585
543 600
183 772
329 449
83 464
82 490
295 494
575 600
401 670
590 675
42 742
452 947
172 282
0 440
294 513
172 659
207 761
639 978
109 986
44 226
140 428
555 666
545 733
585 817
79 288
133 358
165 453
492 622
63 988
278 501
237 633
207 957
401 970
97 384
577 652
161 356
287 473
39 510
299 606
466 667
411 952
102 107
147 282
192 319
147 659
505 921
430 933
83 456
453 585
605 607
75 108
93 146
499 658
163 899
274 571
88 803
819 990
15 21
211 241
351 565
554 640
421 793
498 874
243 327
265 495
231 558
93 638
477 983
232 316
251 494
381 523
713 881
660 905
697 910
690 997
108 234
602 665
127 312
399 410
460 526
394 566
24 584
458 643
185 680
287 706
721 761
720 799
711 913
186 919
272 281
183 395
368 474
1 83
241 380
97 415
269 717
520 852
779 906
473 914
772 957
41 974
283 987
37 84
69 93
121 318
426 584
316 608
423 626
361 764
216 907
155 939
183 207
348 462
479 538
314 602
194 784
345 881
155 892
646 895
376 578
402 639
347 649
538 766
83 827
186 357
384 411
281 542
312 718
102 721
438 744
582 744
364 754
755 941
452 570
161 642
572 747
312 866
797 911
244 493
220 545
55 720
311 320
337 511
48 716
632 966
434 973
5 559
370 739
123 247
397 700
717 913
39 145
529 583
739 878
786 911
195 928
574 948
158 222
312 314
315 419
116 462
126 557
142 601
619 677
501 703
343 741
336 834
478 935
839 952
265 979
336 689
232 718
37 896
148 425
296 493
490 671
74 719
85 826
313 917
887 980
379 419
165 540
461 766
69 456
400 541
564 666
374 801
758 946
86 525
377 610
334 636
428 647
435 660
106 675
149 826
274 883
230 897
70 438
384 709
521 764
710 825
197 927
76 117
377 709
82 261
51 449
525 526
594 767
633 886
160 411
50 448
366 515
152 585
136 589
448 633
355 635
139 813
151 835
384 839
395 855
947 993
715 998
204 351
3 384
397 761
138 850
878 907
404 623
181 748
614 750
88 844
181 875
124 965
554 993
112 143
383 525
393 609
597 648
534 916
777 918
129 163
71 592
496 862
131 880
228 290
15 328
670 677
33 838
429 620
442 642
453 790
289 292
192 576
334 846
469 849
447 871
811 891
6 64
4 289
169 566
62 676
352 681
285 826
227 244
419 667
121 879
621 965
894 994
404 502
224 575
282 629
1 638
367 657
629 659
747 892
501 900
268 936
291 973
182 234
15 699
77 727
767 802
106 867
478 868
128 957
375 412
143 487
209 671
420 753
219 835
160 839
428 971
124 391
294 433
185 560
245 579
369 895
791 960
8 43
292 532
405 605
314 665
675 712
554 780
678 839
610 932
325 971
303 527
299 628
170 769
643 829
222 856
256 334
183 427
649 705
247 743
434 829
116 935
111 583
499 833
519 547
341 551
245 563
426 596
305 615
211 654
46 696
574 974
224 543
76 960
251 368
2 800
346 720
600 733
528 857
209 963
64 510
124 580
102 761
765 862
187 872
13 452
38 533
390 820
292 910
424 674
67 502
231 524
301 683
268 920
383 466
43 786
443 818
310 439
803 837
544 981
100 149
156 200
308 732
335 750
732 798
240 867
581 910
343 948
27 499
59 573
502 601
574 741
402 743
784 841
30 878
339 952
51 329
17 729
120 823
60 932
232 312
29 497
168 504
266 581
298 780
146 800
629 831
430 870
700 946
899 972
566 973
118 989
42 682
9 684
289 738
17 796
24 41
26 134
412 984
3 94
24 296
381 685
623 790
246 820
571 924
402 928
206 942
346 645
332 674
411 678
227 686
77 740
631 995
802 877
265 316
817 922
68 341
215 698
497 922
204 392
192 565
57 180
537 630
513 931
38 403
786 797
274 848
264 661
261 681
643 707
108 727
116 775
423 871
43 64
170 189
306 550
210 648
336 578
298 640
687 782
895 959
385 456
432 598
501 762
691 783
778 821
307 889
41 244
239 406
55 420
390 454
545 575
416 638
183 700
130 708
112 735
462 868
457 911
320 952
420 733
693 850
338 867
685 893
7 64
0 295
275 552
349 573
529 620
83 645
546 829
84 946
896 946
100 408
648 716
59 726
373 795
578 814
511 898
782 944
410 643
631 730
15 802
0 217
291 454
121 466
105 511
403 529
468 693
155 778
348 794
454 820
118 855
591 903
19 905
484 932
747 939
223 941
678 952
555 997
529 550
70 614
7 715
536 878
131 960
918 984
80 105
309 416
188 430
174 458
86 466
540 587
785 882
514 980
143 992
51 656
0 890
448 533
214 957
357 407
330 467
63 678
566 829
314 866
902 990
174 477
35 752
774 961
184 271
224 613
544 692
445 806
271 812
669 833
837 859
452 929
580 954
852 976
7 39
610 736
437 818
15 263
323 563
311 660
228 669
197 721
117 791
64 797
485 801
266 916
664 917
418 937
38 374
41 426
224 733
831 889
424 497
885 891
197 214
684 888
363 938
56 203
276 345
72 430
503 580
282 714
659 714
246 732
444 840
255 885
19 129
149 372
403 620
39 786
256 846
320 873
390 836
74 83
21 637
99 962
43 123
503 507
241 593
419 776
452 865
590 867
572 924
747 924
782 977
94 932
270 321
42 815
700 855
247 947
421 447
322 506
391 676
164 757
58 872
897 901
706 914
318 419
211 496
796 832
4 910
509 832
427 855
280 934
57 995
85 184
71 398
494 649
268 656
342 753
37 758
136 760
74 769
85 812
703 991
597 716
601 840
97 479
13 947
30 327
209 386
380 496
25 525
161 605
191 635
120 757
181 888
646 991
27 297
362 374
203 419
74 464
391 627
551 648
165 674
497 674
208 735
682 757
382 760
557 786
23 809
713 819
321 919
141 977
160 988
13 193
250 344
281 616
102 946
98 311
83 708
138 814
194 703
13 929
251 443
417 511
401 544
437 548
110 647
360 662
573 726
407 556
795 844
747 848
102 197
69 416
350 561
329 654
297 658
274 924
514 965
615 892
331 435
414 859
65 884
73 321
71 367
70 442
66 624
3 736
768 779
682 823
257 935
70 335
411 736
485 807
454 477
142 584
277 704
17 429
600 613
255 269
205 307
113 369
608 718
349 726
477 748
134 915
126 177
118 183
397 758
800 827
59 886
566 983
38 984
219 407
314 478
56 483
283 967
156 983
87 183
139 369
189 441
450 461
672 711
345 902
694 903
355 953
160 975
219 321
34 371
71 428
75 479
3 484
366 524
10 552
562 706
95 810
477 829
13 865
172 205
286 409
586 622
249 986
391 514
327 752
790 840
433 931
232 644
621 662
14 68
87 135
271 332
266 441
252 535
46 542
555 631
338 655
78 675
560 738
7 786
137 878
474 890
524 891
657 950
161 442
132 538
630 795
22 844
397 427
423 688
944 960
216 432
48 648
756 906
85 157
169 291
22 373
677 970
186 495
228 833
517 926
168 949
21 505
131 689
700 721
775 830
276 881
891 949
102 135
286 746
130 827
41 905
802 921
520 921
169 174
281 371
216 878
183 930
97 975
116 348
547 606
721 758
1 800
52 56
19 435
155 615
133 638
577 858
417 941
102 957
384 988
166 261
113 762
100 271
116 482
540 585
310 791
526 903
330 967
97 132
4 532
443 824
262 461
446 467
143 691
37 700
556 718
69 800
611 657
364 749
748 875
249 376
115 453
509 519
351 567
67 601
260 678
406 731
42 805
174 829
218 959
821 981
54 405
88 593
444 601
378 609
8 780
434 908
436 930
314 482
322 513
205 537
68 598
692 778
315 879
250 964
185 967
370 387
71 971
107 128
312 482
136 496
420 575
305 629
429 755
98 873
770 957
865 993
78 262
89 299
407 495
398 592
694 902
198 909
374 375
327 438
99 477
391 525
304 718
270 830
181 973
53 501
196 579
401 588
60 737
757 804
344 387
87 397
376 791
747 883
116 153
532 697
581 719
511 734
417 755
133 799
411 988
75 727
200 212
236 238
205 282
12 376
36 503
253 594
205 659
349 886
2 170
353 446
92 595
367 759
310 986
80 108
228 360
377 411
596 641
104 653
664 678
136 765
237 802
86 904
99 643
430 661
508 730
787 938
41 972
783 992
395 770
504 784
472 901
199 902
533 918
201 926
855 930
238 386
197 427
166 498
374 533
244 584
736 839
243 878
0 912
269 949
39 999
291 613
370 907
284 400
591 902
169 181
347 431
247 452
795 870
383 904
79 95
152 587
481 604
367 652
442 744
107 770
664 952
138 200
61 398
236 440
64 103
1 456
263 520
31 541
149 587
343 596
94 709
568 835
469 875
135 927
337 941
588 981
32 262
296 426
112 720
468 850
15 921
770 930
384 975
226 419
112 469
215 522
217 649
154 194
77 199
156 291
209 352
133 359
12 722
142 840
241 630
394 962
106 342
251 474
346 545
380 593
354 683
790 930
552 958
833 996
133 396
289 532
496 593
457 797
469 847
19 899
217 494
702 863
952 988
114 163
256 622
406 679
410 732
98 905
233 915
806 982
62 503
263 505
87 855
911 945
184 278
1 416
227 493
322 500
101 707
278 812
74 827
47 223
111 403
408 413
550 634
624 668
115 781
764 878
37 102
135 214
142 303
73 304
284 329
118 397
369 425
21 440
124 503
454 566
64 639
567 815
175 873
630 933
298 978
881 990
329 400
174 473
96 610
520 637
748 847
428 872
0 328
155 572
555 730
182 734
579 814
822 917
93 800
163 972
255 524
448 787
122 361
434 458
296 601
615 629
569 956
184 413
432 648
518 678
141 689
615 692
442 750
413 812
11 47
13 144
93 358
137 361
283 467
194 481
503 512
210 716
548 751
436 770
336 782
440 852
936 977
498 982
83 146
520 824
18 100
132 338
158 446
525 580
615 778
875 888
3 97
325 428
233 497
248 805
615 939
281 968
58 144
609 737
793 871
274 939
108 202
399 546
183 758
129 905
115 527
414 870
42 372
111 586
512 591
623 781
35 942
176 955
140 367
253 440
449 593
708 800
830 866
115 922
115 142
167 419
291 684
194 762
172 831
244 851
459 880
314 316
65 511
407 605
226 904
338 479
99 566
82 637
257 462
35 642
465 704
238 890
383 954
42 120
228 297
186 500
493 522
8 640
74 708
102 772
440 824
662 833
391 980
136 241
156 748
156 875
100 184
246 308
33 334
217 431
260 518
420 543
543 545
233 742
246 798
100 812
566 820
593 837
377 839
186 866
859 926
491 593
194 662
123 743
645 799
247 865
231 885
839 988
191 953
134 248
311 331
146 416
471 523
357 607
214 721
420 799
635 874
163 876
515 891
749 926
743 993
134 197
168 366
98 435
118 436
466 776
135 896
836 920
687 960
874 982
43 510
381 857
25 124
312 775
38 777
58 187
295 443
240 450
473 712
475 854
128 207
132 655
228 658
362 807
391 954
114 311
227 426
425 475
8 743
356 752
763 809
905 948
451 532
38 583
253 802
446 987
2 133
9 181
149 271
259 726
115 817
435 863
17 52
579 695
86 954
16 165
141 268
162 371
356 582
418 603
325 696
727 740
318 879
149 408
364 516
319 576
756 818
325 367
98 518
19 660
290 686
293 788
372 823
260 839
88 530
18 553
438 752
329 844
853 871
109 561
761 855
366 885
374 958
923 966
81 606
528 756
758 855
516 926
458 962
445 982
425 553
105 638
614 752
215 781
189 800
139 895
104 202
436 444
328 824
17 111
56 226
514 580
375 801
794 897
702 899
707 909
666 995
24 596
166 963
130 281
396 420
347 494
452 554
351 576
9 875
84 896
64 911
284 399
127 718
258 770
212 814
548 906
354 704
795 837
105 309
19 331
258 404
493 698
527 698
281 708
874 953
76 310
414 430
322 539
253 637
63 709
790 817
106 240
85 332
395 397
67 522
504 811
309 941
322 433
385 581
240 590
484 675
125 676
484 709
610 917
735 849
556 866
236 912
100 285
78 766
281 985
14 522
72 589
445 635
371 864
14 934
460 990
82 209
128 258
3 377
107 427
431 443
189 456
192 567
129 574
396 645
80 653
408 854
732 962
14 502
145 786
88 569
691 695
130 769
210 869
230 257
76 376
348 482
17 483
201 517
495 607
354 626
90 629
225 768
302 994
172 692
327 744
215 851
367 858
305 892
47 299
507 514
15 882
884 941
2 74
149 332
190 498
450 538
493 596
629 692
749 754
422 766
586 796
211 844
765 859
264 870
336 960
780 978
175 260
255 366
75 240
288 455
222 467
321 644
546 732
825 959
499 996
121 167
171 192
274 277
267 344
51 541
403 550
21 594
88 654
40 751
43 780
38 796
430 808
488 811
581 861
837 862
595 900
774 908
311 339
773 778
214 946
88 449
167 525
23 618
436 623
49 757
454 847
172 889
932 988
130 385
414 765
492 547
395 790
64 177
148 369
92 762
527 781
837 933
437 824
166 994
630 831
157 285
332 372
108 538
425 813
357 830
741 905
227 303
265 407
341 432
85 540
342 590
172 714
541 792
41 876
25 503
346 735
13 916
663 935
560 967
200 820
163 311
14 601
436 618
524 710
401 821
69 83
152 497
100 587
496 630
227 698
545 753
603 759
670 778
255 672
406 688
113 703
111 509
70 206
370 432
277 626
337 755
611 759
762 784
130 800
789 898
7 911
316 979
39 998
123 780
218 825
459 960
27 125
157 698
380 870
260 873
273 893
121 226
31 284
260 411
116 608
316 868
850 936
947 978
36 980
306 583
6 797
55 133
211 373
613 875
102 207
292 451
271 540
683 883
36 125
236 295
67 68
238 261
366 471
327 614
580 676
374 777
444 781
736 932
179 941
299 995
147 172
198 478
330 738
364 956
44 318
78 450
265 500
385 532
381 925
67 934
262 975
39 64
217 352
395 436
48 609
301 688
549 772
258 809
834 960
142 296
52 324
16 453
310 578
84 761
562 774
547 832
274 892
74 170
159 261
322 388
250 393
409 439
136 491
548 705
22 782
340 813
15 824
425 900
343 974
490 498
471 524
366 717
456 769
362 801
649 824
509 606
409 722
261 963
84 549
184 587
324 620
43 640
75 766
232 775
587 812
268 850
683 871
376 960
656 782
531 849
533 958
512 980
847 983
382 589
231 710
6 43
15 594
596 686
414 808
11 179
242 397
441 534
358 771
650 896
819 902
162 985
28 552
288 611
573 785
611 810
58 864
630 870
377 932
415 422
255 504
0 649
128 772
375 796
147 831
340 959
237 349
247 402
402 455
117 459
508 555
411 709
759 950
466 954
215 296
683 848
314 935
469 992
36 391
214 761
866 868
427 957
566 962
181 983
484 590
375 807
293 929
55 645
417 789
147 792
515 913
14 296
631 690
107 700
439 746
516 754
842 965
174 973
865 978
556 607
703 784
78 240
385 800
863 940
207 395
367 398
186 775
785 802
830 919
640 978
42 248
382 572
468 579
71 647
325 652
198 665
183 761
296 781
491 859
42 915
27 228
290 360
380 537
94 675
92 703
777 807
136 808
105 884
577 592
254 787
324 483
311 702
125 996
63 320
383 419
92 481
125 514
127 608
498 806
820 983
142 493
359 800
136 264
324 796
403 801
898 941
285 332
253 505
512 694
96 914
807 958
369 991
85 152
338 342
478 482
360 499
608 868
523 893
695 992
18 148
312 316
221 556
606 846
82 190
20 192
666 690
206 750
762 900
341 940
221 521
722 746
34 542
264 933
59 237
185 293
228 343
336 439
534 616
372 826
774 914
19 41
595 604
414 630
287 675
242 770
665 868
512 903
911 999
269 365
307 537
94 590
88 656
862 870
251 295
151 405
313 435
316 539
396 735
525 819
683 939
467 967
172 773
334 547
721 896
306 620
404 840
434 983
117 286
54 161
441 451
132 461
174 566
359 735
15 852
738 861
132 415
468 578
566 748
72 264
113 340
269 366
96 562
405 607
544 663
390 693
600 753
249 791
615 848
188 859
29 915
193 978
595 991
391 512
213 625
630 862
713 902
770 855
755 898
123 640
820 836
93 456
32 675
232 321
169 394
216 521
531 542
248 565
486 728
347 824
424 915
328 921
305 939
280 940
899 940
199 460
143 531
428 592
569 749
446 856
133 769
639 786
265 866
380 933
306 403
189 708
341 899
212 920
221 232
266 293
439 689
77 879
304 907
46 971
322 979
15 440
153 718
597 869
922 930
227 235
116 312
193 780
401 931
86 419
32 712
792 889
465 924
112 220
408 553
334 586
410 829
41 940
606 636
431 705
502 781
491 837
140 144
37 214
317 457
298 554
12 561
127 665
558 710
434 748
646 900
225 906
64 998
95 455
568 582
334 668
661 808
202 828
211 870
796 984
430 496
247 554
363 728
251 756
361 536
709 839
594 877
35 54
237 263
170 359
472 541
207 549
601 623
163 660
143 684
633 767
329 792
319 804
142 851
188 933
921 976
875 983
26 805
26 927
709 932
168 269
272 534
604 662
235 698
35 835
526 990
87 107
16 152
227 343
238 671
264 837
287 908
72 926
166 209
193 640
69 645
534 719
283 738
395 772
103 786
429 832
656 844
86 879
610 952
29 152
63 160
451 456
811 885
758 927
309 337
133 464
146 645
416 651
125 658
588 677
563 695
35 744
194 595
395 922
63 384
248 567
262 655
555 690
531 735
29 742
107 761
565 815
159 963
413 425
290 499
729 796
190 445
36 507
196 563
412 586
278 595
167 667
253 699
397 721
225 818
670 931
816 994
157 184
496 569
425 646
110 657
190 671
604 703
625 724
157 812
178 885
585 922
738 987
94 988
978 993
45 243
482 602
464 645
106 766
214 772
736 975
49 319
290 343
186 407
364 496
334 509
112 531
550 583
568 605
317 786
632 794
648 899
512 990
445 894
7 126
254 505
353 555
312 665
734 884
288 928
542 968
77 234
23 300
261 723
182 727
692 747
775 979
380 654
281 827
864 985
360 658
461 675
109 323
135 427
110 428
326 516
128 855
917 952
165 332
599 737
361 739
452 743
246 836
404 843
206 356
508 690
723 890
152 271
593 765
767 886
562 908
43 978
118 242
8 298
0 520
301 571
47 651
97 709
181 847
594 882
293 916
19 940
390 983
92 425
38 586
223 755
259 776
31 147
67 296
13 298
482 608
714 792
16 817
325 864
383 879
32 914
21 802
291 888
240 342
70 582
17 832
703 900
531 985
549 989
104 309
323 398
58 592
163 716
504 825
144 865
53 413
166 445
314 462
261 490
370 521
99 546
36 580
22 654
735 799
153 866
259 886
4 451
510 797
178 811
311 873
534 929
244 974
266 929
761 946
126 998
87 134
252 277
164 319
437 443
379 573
177 786
258 843
31 329
108 338
387 764
216 551
350 603
538 655
456 719
673 832
130 456
460 512
801 807
374 984
20 319
155 619
189 827
303 851
70 356
173 553
37 761
901 909
87 946
313 952
88 956
128 183
579 783
538 867
528 893
320 917
39 557
715 797
133 800
337 789
684 849
338 461
524 825
646 969
194 360
262 706
202 725
237 877
683 892
47 995
44 315
171 319
264 364
2 456
150 667
52 729
264 749
183 770
537 792
693 814
502 843
688 853
716 899
16 922
905 972
452 640
397 930
2 93
22 268
93 346
106 484
486 552
136 630
168 672
44 726
619 793
368 912
340 991
62 514
288 612
196 691
443 912
795 933
65 789
843 845
615 883
601 851
169 908
908 914
481 991
23 438
357 539
76 249
76 459
430 589
90 307
161 582
558 685
451 719
326 749
481 900
60 378
71 652
495 830
83 968
32 60
381 558
32 562
512 713
620 729
477 820
108 828
720 849
794 901
21 976
49 204
57 564
675 914
89 941
196 992
149 475
333 486
151 582
556 608
366 711
452 780
295 824
618 843
369 854
753 867
207 930
949 965
480 995
63 339
10 374
31 714
74 146
394 643
742 805
818 906
251 912
75 132
29 165
69 638
279 752
373 837
710 885
419 904
711 906
221 312
316 556
133 771
689 782
376 986
346 359
110 398
414 491
480 508
462 665
421 677
523 685
549 721
236 723
224 753
287 774
674 826
237 886
369 900
589 933
124 980
931 981
22 51
34 170
285 540
516 569
113 595
397 770
618 770
701 923
34 985
113 501
71 696
590 706
345 819
664 873
825 885
179 511
26 565
65 653
339 678
694 879
231 891
35 151
347 443
310 722
483 729
479 740
762 813
484 988
610 988
149 173
492 509
279 582
79 611
166 816
454 875
627 887
761 989
786 998
304 536
270 556
765 837
369 969
94 106
2 130
78 753
111 984
28 66
47 81
75 182
223 299
49 805
815 823
24 227
119 476
231 672
270 316
497 540
167 627
282 630
337 653
630 659
352 671
132 766
804 805
465 871
506 931
621 949
294 539
91 845
437 882
894 953
723 963
50 550
280 551
207 214
105 416
590 766
87 927
12 109
179 884
133 146
101 410
264 516
193 570
313 678
362 796
373 803
159 890
275 486
52 550
323 652
38 807
501 991
317 999
548 756
134 758
160 736
779 913
150 379
86 526
361 878
308 920
798 920
300 989
358 420
336 376
527 584
387 869
510 951
70 243
241 569
378 610
153 775
485 796
598 899
586 918
445 953
379 954
10 533
304 642
577 696
582 750
561 986
39 177
163 331
3 932
152 233
263 328
670 821
198 897
194 488
245 691
501 841
134 135
58 140
205 230
118 258
32 287
272 371
130 441
256 547
509 586
46 592
283 680
106 706
532 719
243 750
611 928
25 514
297 741
107 758
443 768
96 287
458 546
92 646
72 760
420 771
164 805
140 971
185 987
249 286
0 443
54 582
487 720
130 968
580 980
154 228
227 641
260 881
767 882
756 913
637 976
159 236
9 575
530 749
629 773
390 847
373 656
562 675
189 769
714 831
700 957
244 296
5 418
480 489
343 686
584 781
511 941
835 942
132 975
40 225
252 688
730 738
156 820
352 386
483 550
304 739
439 944
123 298
254 363
247 639
622 984
309 417
29 540
87 957
127 387
204 650
452 916
69 133
295 368
534 581
502 623
637 671
615 773
437 779
529 796
197 896
620 943
6 951
276 839
322 931
56 306
470 751
497 790
413 854
242 855
153 868
241 364
140 592
26 42
170 272
128 404
439 578
480 631
58 647
398 696
584 698
134 742
424 742
68 940
297 948
43 247
191 363
73 608
81 673
615 924
149 285
93 359
93 416
154 658
437 699
384 736
305 747
174 774
488 784
722 791
623 930
596 974
178 194
9 291
73 866
267 964
429 529
26 567
382 571
683 688
58 696
127 221
23 258
93 769
731 808
456 827
814 850
114 972
49 248
210 609
399 632
131 687
50 726
635 728
246 850
31 889
399 901
732 936
39 945
488 949
82 238
347 352
241 430
383 526
393 822
449 862
364 870
660 873
73 407
7 457
343 499
647 872
108 422
106 450
554 680
772 930
51 936
23 91
79 402
342 420
49 576
597 609
393 648
266 719
422 727
871 924
775 935
80 202
232 407
325 577
620 673
356 750
527 840
718 866
625 955
55 735
265 775
60 822
62 881
137 387
430 837
3 63
88 364
155 465
218 471
305 571
146 638
116 866
394 973
932 975
277 447
445 490
16 540
534 570
468 836
807 984
171 351
278 481
54 605
67 845
647 950
806 953
111 375
443 548
21 699
201 264
170 542
288 617
781 851
323 858
697 967
58 162
616 872
27 360
414 496
264 517
610 737
599 923
350 937
128 989
591 990
8 993
172 537
751 768
653 898
810 950
82 352
249 409
72 136
3 411
15 437
220 487
270 539
498 635
122 745
726 776
10 807
428 864
471 885
222 987
138 196
264 496
368 649
671 681
300 770
204 804
154 841
459 791
530 837
447 619
432 764
284 792
504 891
740 902
64 126
315 383
9 543
342 543
525 627
435 664
129 702
526 713
129 863
591 879
152 285
245 323
309 898
125 980
26 49
168 178
241 373
339 378
301 423
249 561
460 713
539 775
88 837
700 927
486 938
834 944
9 469
451 581
449 541
112 684
196 693
202 734
459 746
88 754
563 783
533 787
570 872
219 919
327 442
72 731
483 789
1 358
65 389
63 664
25 676
399 707
725 884
717 906
377 975
261 352
76 722
144 947
408 425
294 500
312 868
493 527
719 800
297 833
789 943
13 187
346 420
9 733
335 744
48 869
894 982
37 87
85 100
187 281
180 289
86 315
198 602
359 645
372 682
181 684
211 792
68 845
745 845
730 856
911 951
448 958
371 971
875 973
6 7
34 58
186 232
157 271
24 522
215 601
393 702
700 761
737 917
760 933
250 609
180 730
738 910
30 45
107 242
237 259
315 466
505 637
728 953
111 547
567 682
38 729
871 883
409 960
314 348
276 411
348 935
911 998
58 71
293 570
236 699
709 952
339 377
241 414
45 442
74 451
501 813
583 832
880 956
457 998
443 474
189 534
78 706
52 789
274 853
211 933
212 977
121 203
622 777
502 840
364 859
333 953
516 530
394 546
11 628
399 643
96 712
746 960
156 973
132 590
520 802
751 906
302 963
227 584
331 873
584 601
199 694
441 910
915 927
477 962
84 135
18 173
157 235
252 423
178 841
521 878
633 634
72 517
495 539
332 585
23 614
603 657
575 888
394 908
53 92
58 325
141 578
512 580
303 596
325 647
422 655
608 665
159 671
231 685
371 696
114 863
402 865
35 70
181 224
91 258
333 363
303 426
91 436
155 571
416 653
602 775
139 900
73 312
109 563
419 573
276 713
614 763
569 870
593 870
928 978
101 284
113 481
371 616
421 704
375 403
409 459
686 698
36 62
329 373
38 412
271 413
354 447
10 448
233 540
188 661
224 684
347 699
613 748
756 779
583 801
524 811
229 945
235 290
162 325
92 369
378 393
200 454
170 719
170 800
69 74
104 734
249 746
604 762
429 789
791 834
88 862
507 887
17 550
569 593
87 721
139 825
745 907
151 161
416 464
184 475
32 610
333 635
244 641
274 704
538 727
464 769
475 812
527 817
348 868
717 891
364 926
65 182
149 413
75 450
326 754
54 219
102 242
3 262
173 475
251 528
148 646
181 908
637 921
248 927
134 427
373 569
33 624
313 702
450 753
175 881
424 922
229 317
544 778
305 831
199 727
444 843
345 460
2 645
361 648
420 720
182 828
3 839
513 588
59 776
205 831
202 898
683 924
380 792
713 980
379 383
456 708
557 911
64 145
82 236
19 574
115 601
366 685
335 843
594 852
556 919
237 921
598 940
137 304
20 351
385 464
187 534
290 604
296 303
749 803
635 806
100 826
630 889
402 947
302 498
14 851
171 927
106 132
323 579
64 715
649 890
262 932
928 950
321 357
735 968
74 441
561 722
685 925
505 938
76 286
355 363
370 878
220 359
319 392
178 524
370 551
628 651
491 654
104 789
703 813
801 984
13 993
216 387
139 762
552 787
25 512
358 545
211 837
60 377
44 419
292 581
537 765
469 487
366 558
153 232
188 264
261 386
458 477
503 525
57 555
120 567
289 581
361 598
265 607
277 683
67 781
533 807
14 845
589 859
754 880
543 888
435 899
450 590
70 279
252 354
308 656
739 745
656 798
131 944
236 328
110 652
732 820
201 326
485 533
266 570
443 699
32 706
918 958
570 993
223 673
685 717
422 740
639 780
237 785
109 858
232 270
160 377
96 484
261 498
266 532
150 776
593 803
494 890
532 967
231 523
525 591
63 610
349 776
806 816
348 897
104 941
694 990
243 335
285 413
255 515
89 651
241 654
134 700
645 800
71 864
226 879
361 907
61 110
183 242
339 610
768 824
573 877
876 905
147 400
720 733
286 791
269 811
180 861
623 922
116 316
310 409
417 653
402 810
847 973
165 233
244 303
220 358
422 450
208 469
584 596
761 957
92 278
128 397
373 496
60 917
576 927
276 990
521 642
908 973
716 863
27 154
515 685
399 962
75 389
424 427
428 696
303 522
613 684
359 771
635 894
745 934
32 975
193 554
312 556
729 801
712 908
181 454
403 485
316 500
54 568
58 616
677 778
317 797
526 902
56 318
434 473
240 262
131 439
645 771
132 867
469 888
288 950
598 648
67 91
306 429
249 439
320 518
124 627
152 817
310 960
274 447
154 499
725 755
574 641
203 904
92 139
2 464
181 600
649 818
656 936
132 262
232 265
74 359
86 379
130 534
480 606
221 608
108 734
755 789
522 527
206 568
619 924
123 928
618 989
30 70
19 98
518 660
254 976
189 281
120 372
305 848
72 859
482 868
733 888
331 518
242 721
824 912
676 965
129 313
434 454
480 666
330 680
334 777
236 824
220 849
193 929
168 231
377 384
52 429
145 457
110 592
671 723
202 727
545 735
5 759
814 834
832 943
654 656
451 697
30 750
478 794
187 916
139 969
123 993
164 204
490 637
294 979
217 238
38 324
424 453
344 701
683 853
673 941
336 977
62 996
397 946
8 193
151 206
75 234
206 279
211 537
463 552
153 602
125 621
637 699
390 748
150 785
448 801
165 826
125 833
415 902
758 957
180 995
33 519
446 560
423 571
309 651
325 858
848 871
22 593
320 839
856 997
225 437
309 734
443 756
621 811
512 887
133 220
14 280
46 531
298 570
157 587
556 605
170 616
128 618
65 734
263 767
470 785
777 796
768 882
426 974
212 390
19 702
586 846
236 637
12 834
887 965
214 395
0 474
154 488
50 533
491 537
758 761
58 371
113 425
429 483
697 738
335 752
141 834
25 36
85 165
111 362
320 411
267 482
375 583
128 623
310 746
35 750
430 760
133 827
865 872
525 887
53 900
786 945
8 947
114 974
263 976
67 444
198 482
66 552
500 775
777 801
862 933
357 979
86 591
36 621
674 742
248 815
154 290
121 379
300 436
451 464
199 479
820 973
334 984
304 556
367 617
439 687
356 744
79 950
228 996
7 510
294 931
83 346
165 424
648 702
13 743
231 515
458 566
112 771
842 949
329 593
544 670
372 540
520 594
563 814
377 917
101 546
142 623
400 714
110 759
93 799
114 876
80 389
416 511
433 588
311 678
594 785
784 811
380 844
30 845
495 860
129 873
672 913
398 971
778 981
258 989
264 569
747 773
341 934
298 402
138 579
535 853
693 920
801 958
539 919
230 714
178 762
101 643
705 779
754 837
238 963
387 536
31 537
404 618
118 761
743 780
217 824
51 844
272 872
41 596
595 813
76 834
154 842
299 480
94 96
29 453
61 657
382 892
840 922
10 938
941 943
426 522
342 575
547 586
639 640
502 845
270 866
641 905
721 855
346 638
301 382
598 934
85 149
130 272
6 457
199 591
416 645
431 890
45 206
596 698
566 732
516 803
17 943
11 89
400 472
417 943
25 167
756 925
331 974
268 308
43 402
179 653
268 798
232 314
123 947
198 462
198 701
60 736
197 397
153 478
927 946
696 985
241 264
373 380
192 392
321 495
236 671
554 724
