1000 4041 52.32590180780452 sparse
0 887 390
1 203 305
2 757 166
3 384 633
4 799 600
5 379 764
6 22 116
7 592 111
8 396 760
9 596 941
10 991 0
11 589 181
12 89 145
13 584 24
14 684 349
15 86 940
16 338 505
17 262 349
18 410 567
19 212 761
20 765 679
21 968 527
22 236 3
23 55 535
24 396 526
25 901 363
26 280 397
27 951 111
28 506 950
29 389 648
30 95 480
31 628 553
32 537 126
33 101 361
34 114 606
35 874 608
36 264 454
37 20 5
38 15 286
39 756 745
40 146 137
41 332 294
42 319 204
43 564 690
44 572 442
45 541 538
46 200 110
47 681 85
48 312 327
49 187 653
50 769 812
51 316 325
52 332 189
53 91 442
54 126 4
55 326 641
56 435 590
57 226 349
58 816 669
59 711 262
60 835 365
61 681 661
62 140 897
63 89 363
64 199 846
65 433 186
66 777 105
67 271 136
68 615 15
69 903 492
70 904 681
71 927 510
72 581 493
73 74 289
74 312 567
75 648 496
76 726 742
77 333 186
78 553 366
79 1 460
80 250 546
81 369 913
82 310 679
83 198 508
84 944 305
85 160 686
86 658 611
87 447 998
88 544 780
89 877 879
90 850 941
91 163 12
92 971 656
93 619 629
94 993 381
95 271 518
96 738 361
97 589 803
98 70 100
99 35 78
100 841 986
101 154 918
102 501 222
103 706 668
104 312 435
105 376 192
106 648 378
107 590 808
108 500 82
109 215 736
110 741 260
111 743 785
112 694 952
113 510 933
114 841 20
115 669 543
116 999 742
117 305 8
118 353 845
119 230 395
120 446 332
121 271 3
122 608 921
123 423 199
124 615 849
125 927 699
126 201 587
127 542 827
128 432 177
129 531 6
130 990 376
131 615 371
132 524 649
133 301 869
134 642 280
135 397 46
136 227 31
137 171 983
138 679 924
139 50 53
140 140 873
141 350 33
142 573 847
143 18 368
144 881 923
145 814 682
146 210 859
147 209 512
148 757 870
149 215 84
150 57 229
151 618 474
152 9 143
153 531 556
154 259 527
155 660 200
156 826 166
157 284 281
158 332 192
159 117 991
160 507 558
161 933 566
162 856 254
163 949 555
164 8 701
165 131 711
166 425 721
167 81 544
168 590 113
169 77 221
170 876 113
171 669 235
172 46 318
173 759 219
174 703 756
175 17 824
176 557 947
177 891 224
178 500 385
179 577 948
180 683 326
181 648 71
182 4 30
183 352 602
184 915 66
185 7 779
186 564 187
187 285 980
188 273 999
189 709 356
190 197 272
191 101 952
192 613 91
193 440 386
194 779 743
195 905 771
196 641 639
197 638 414
198 699 472
199 250 92
200 291 108
201 956 998
202 857 324
203 898 966
204 215 899
205 595 498
206 436 848
207 985 471
208 715 452
209 360 397
210 252 53
211 42 840
212 99 691
213 632 616
214 428 247
215 367 786
216 594 107
217 313 425
218 743 665
219 172 903
220 857 224
221 986 352
222 849 980
223 222 249
224 324 943
225 314 116
226 172 520
227 139 159
228 237 798
229 1 657
230 179 384
231 635 673
232 204 920
233 979 695
234 449 581
235 906 384
236 670 560
237 567 242
238 204 802
239 676 953
240 970 416
241 402 934
242 66 47
243 369 330
244 354 56
245 359 219
246 370 366
247 844 361
248 427 642
249 442 27
250 298 262
251 777 324
252 222 838
253 244 955
254 632 683
255 999 26
256 588 982
257 788 562
258 344 287
259 922 230
260 374 79
261 438 317
262 488 492
263 721 571
264 300 745
265 507 399
266 953 683
267 262 809
268 760 309
269 418 149
270 348 414
271 360 605
272 388 510
273 16 652
274 445 530
275 678 471
276 551 581
277 190 650
278 29 606
279 512 696
280 658 321
281 103 51
282 955 559
283 375 370
284 698 748
285 96 462
286 307 660
287 763 72
288 177 722
289 137 934
290 535 148
291 894 731
292 670 504
293 456 218
294 975 48
295 587 605
296 120 860
297 337 84
298 150 454
299 789 17
300 111 693
301 113 605
302 912 640
303 64 52
304 787 398
305 542 679
306 837 374
307 273 257
308 13 26
309 908 396
310 545 457
311 826 746
312 828 600
313 521 610
314 864 431
315 722 212
316 200 423
317 352 654
318 242 141
319 494 528
320 221 579
321 499 823
322 23 625
323 480 881
324 755 419
325 86 443
326 795 112
327 833 117
328 58 381
329 584 539
330 255 915
331 468 191
332 27 747
333 978 743
334 993 685
335 654 0
336 80 435
337 697 935
338 412 561
339 954 183
340 134 701
341 156 976
342 303 98
343 584 196
344 935 417
345 369 744
346 13 870
347 900 354
348 215 46
349 664 702
350 166 875
351 717 538
352 390 755
353 0 932
354 176 665
355 484 461
356 107 231
357 877 883
358 653 921
359 702 9
360 303 912
361 536 668
362 447 331
363 886 17
364 503 47
365 378 318
366 580 466
367 16 357
368 670 49
369 618 398
370 388 639
371 911 192
372 624 827
373 0 345
374 206 960
375 290 589
376 269 59
377 135 347
378 431 615
379 246 329
380 732 940
381 869 135
382 144 671
383 514 128
384 120 694
385 223 700
386 641 821
387 12 53
388 917 79
389 274 943
390 215 427
391 756 579
392 546 718
393 342 521
394 2 682
395 863 828
396 39 807
397 828 320
398 232 205
399 153 383
400 560 746
401 389 788
402 647 125
403 318 12
404 381 476
405 901 950
406 971 276
407 563 498
408 517 926
409 245 293
410 225 801
411 306 154
412 857 2
413 608 58
414 427 793
415 783 370
416 85 67
417 946 209
418 608 168
419 338 533
420 910 447
421 306 191
422 377 134
423 680 572
424 190 341
425 760 680
426 543 982
427 477 272
428 718 617
429 868 478
430 163 260
431 656 882
432 88 489
433 183 668
434 71 474
435 522 259
436 738 281
437 432 334
438 692 135
439 824 807
440 160 925
441 528 78
442 111 906
443 741 334
444 818 966
445 401 787
446 447 969
447 838 677
448 642 342
449 851 27
450 359 291
451 12 182
452 211 56
453 590 555
454 559 933
455 522 995
456 485 427
457 978 388
458 589 270
459 740 645
460 841 515
461 254 670
462 792 859
463 901 582
464 749 541
465 854 499
466 587 355
467 571 125
468 522 741
469 879 949
470 213 421
471 325 243
472 518 580
473 182 474
474 887 715
475 902 11
476 236 884
477 178 488
478 429 370
479 139 820
480 689 974
481 46 890
482 462 154
483 476 784
484 499 762
485 246 643
486 480 185
487 59 564
488 407 260
489 662 188
490 229 59
491 647 210
492 498 153
493 807 794
494 426 570
495 303 531
496 64 192
497 361 740
498 274 582
499 777 609
500 268 477
501 953 923
502 516 791
503 175 541
504 684 248
505 882 729
506 879 203
507 540 436
508 357 477
509 899 709
510 344 764
511 283 283
512 446 528
513 997 570
514 257 627
515 38 385
516 842 540
517 115 165
518 937 187
519 741 12
520 102 654
521 111 161
522 54 577
523 351 159
524 727 350
525 465 303
526 189 682
527 422 20
528 301 367
529 927 414
530 10 578
531 734 458
532 677 748
533 923 401
534 460 145
535 898 31
536 491 864
537 995 435
538 742 838
539 281 472
540 791 711
541 316 280
542 22 362
543 7 52
544 765 62
545 812 316
546 849 195
547 403 412
548 27 993
549 42 366
550 680 478
551 846 456
552 978 337
553 183 544
554 713 105
555 792 388
556 957 389
557 332 226
558 358 189
559 675 209
560 49 696
561 34 454
562 936 533
563 802 695
564 399 229
565 681 959
566 880 428
567 112 166
568 894 122
569 502 314
570 256 342
571 967 240
572 203 806
573 857 643
574 1 73
575 376 368
576 648 962
577 493 513
578 507 873
579 610 843
580 383 606
581 286 137
582 533 516
583 140 419
584 487 259
585 155 91
586 506 819
587 849 101
588 716 581
589 738 611
590 157 778
591 368 501
592 579 226
593 985 815
594 750 267
595 973 930
596 512 277
597 323 511
598 872 921
599 716 138
600 698 134
601 798 941
602 571 825
603 886 395
604 33 120
605 238 284
606 516 278
607 127 391
608 73 139
609 526 258
610 455 267
611 659 205
612 486 764
613 592 280
614 382 330
615 788 37
616 290 577
617 955 579
618 1000 983
619 925 950
620 386 74
621 785 866
622 544 205
623 856 73
624 181 71
625 729 439
626 513 741
627 130 781
628 4 633
629 651 331
630 648 113
631 865 742
632 678 931
633 179 994
634 909 311
635 448 129
636 333 55
637 411 16
638 96 810
639 792 901
640 115 333
641 511 757
642 543 699
643 191 395
644 563 840
645 951 834
646 756 580
647 387 103
648 508 181
649 528 377
650 40 994
651 982 947
652 781 582
653 453 857
654 600 614
655 493 40
656 254 388
657 371 838
658 749 613
659 660 555
660 789 557
661 464 567
662 950 449
663 843 582
664 819 689
665 68 710
666 433 183
667 855 65
668 686 782
669 321 648
670 533 350
671 448 443
672 223 506
673 21 515
674 155 639
675 750 487
676 581 205
677 392 592
678 807 49
679 419 325
680 971 270
681 286 691
682 992 305
683 902 117
684 809 786
685 908 72
686 37 816
687 174 584
688 846 359
689 930 415
690 531 494
691 278 847
692 939 231
693 147 763
694 328 399
695 614 690
696 299 163
697 272 64
698 289 818
699 279 113
700 614 875
701 478 443
702 823 922
703 962 479
704 552 773
705 594 557
706 466 945
707 878 447
708 929 743
709 799 526
710 353 930
711 307 288
712 481 307
713 929 79
714 2 234
715 987 692
716 782 804
717 245 530
718 217 548
719 214 94
720 950 137
721 689 571
722 134 473
723 927 799
724 417 258
725 261 485
726 161 534
727 335 228
728 78 462
729 57 210
730 268 435
731 512 132
732 116 903
733 974 282
734 104 990
735 994 82
736 490 157
737 203 186
738 573 26
739 265 339
740 141 602
741 859 491
742 722 427
743 297 383
744 824 747
745 100 478
746 290 562
747 352 452
748 396 545
749 310 503
750 371 545
751 249 561
752 641 59
753 372 291
754 918 854
755 606 915
756 577 967
757 560 148
758 636 963
759 851 149
760 918 56
761 193 985
762 591 274
763 198 600
764 298 616
765 780 639
766 715 759
767 131 825
768 436 760
769 311 305
770 313 413
771 867 297
772 257 296
773 364 377
774 711 679
775 228 185
776 465 805
777 463 444
778 937 540
779 655 895
780 797 65
781 402 273
782 797 459
783 90 416
784 900 852
785 658 146
786 252 413
787 827 961
788 408 410
789 985 951
790 955 590
791 830 759
792 172 934
793 567 735
794 447 486
795 908 734
796 366 133
797 46 571
798 264 294
799 355 447
800 297 545
801 144 182
802 397 318
803 714 147
804 938 440
805 999 713
806 975 760
807 4 948
808 51 665
809 996 79
810 914 575
811 592 321
812 605 89
813 210 293
814 864 186
815 51 811
816 974 852
817 741 200
818 930 90
819 119 440
820 173 97
821 906 57
822 128 352
823 786 27
824 191 501
825 513 14
826 495 726
827 644 797
828 86 491
829 449 720
830 621 936
831 54 251
832 643 84
833 315 37
834 107 979
835 864 398
836 562 249
837 341 782
838 842 855
839 544 266
840 548 32
841 833 401
842 741 93
843 511 404
844 873 189
845 415 935
846 641 125
847 472 746
848 361 798
849 5 248
850 565 925
851 570 314
852 628 176
853 769 403
854 981 4
855 766 249
856 223 158
857 362 156
858 475 547
859 379 888
860 751 118
861 185 446
862 274 60
863 960 657
864 151 854
865 641 941
866 4 109
867 829 725
868 778 157
869 633 645
870 971 274
871 514 862
872 276 589
873 501 167
874 284 660
875 783 558
876 431 749
877 764 788
878 775 406
879 331 965
880 153 5
881 255 455
882 71 351
883 682 782
884 381 760
885 987 766
886 452 396
887 359 332
888 368 197
889 812 381
890 781 81
891 897 270
892 216 257
893 463 231
894 486 306
895 381 856
896 227 832
897 200 938
898 626 325
899 471 240
900 165 268
901 510 667
902 40 713
903 568 925
904 14 820
905 780 43
906 944 22
907 696 333
908 5 19
909 377 772
910 949 30
911 492 132
912 171 652
913 670 838
914 387 65
915 83 965
916 393 238
917 113 91
918 53 11
919 405 66
920 935 270
921 164 470
922 758 920
923 993 455
924 743 0
925 584 922
926 914 11
927 465 74
928 33 530
929 725 21
930 118 532
931 5 658
932 743 666
933 301 220
934 841 364
935 516 467
936 785 710
937 237 550
938 139 432
939 388 892
940 803 731
941 590 141
942 532 199
943 687 996
944 884 261
945 559 502
946 636 499
947 263 817
948 72 164
949 391 115
950 920 223
951 603 751
952 573 851
953 946 889
954 881 872
955 442 675
956 478 714
957 234 557
958 925 648
959 708 854
960 312 580
961 802 776
962 406 728
963 700 883
964 504 47
965 552 740
966 849 690
967 450 374
968 493 215
969 755 365
970 318 613
971 241 419
972 567 132
973 121 924
974 511 179
975 971 409
976 962 996
977 894 936
978 869 658
979 768 322
980 562 59
981 153 404
982 266 958
983 971 275
984 246 119
985 411 183
986 5 447
987 401 398
988 486 898
989 719 758
990 402 75
991 755 483
992 737 90
993 582 862
994 64 974
995 185 905
996 297 107
997 714 535
998 751 82
999 788 14
391 646
218 932
364 964
406 983
870 983
34 301
120 362
406 870
157 511
274 512
283 575
311 744
7 168
247 688
432 828
52 158
65 666
850 903
52 77
517 567
529 689
299 999
557 727
735 809
648 974
89 357
680 870
668 883
142 952
238 572
596 606
435 609
229 931
766 989
49 277
247 934
351 997
48 51
7 216
453 705
383 731
458 762
697 862
5 884
651 789
175 904
680 983
842 992
97 107
53 325
20 425
387 543
521 567
0 603
155 611
257 660
376 862
712 894
242 303
344 689
30 745
547 788
517 521
407 945
94 130
376 697
442 732
747 799
406 680
402 846
77 158
438 600
128 666
613 762
660 875
60 934
540 936
200 996
18 338
390 470
246 575
122 755
201 976
246 283
265 843
257 875
675 991
406 733
853 878
138 632
562 778
688 934
240 975
168 216
163 282
3 370
143 542
275 550
772 798
498 872
259 950
354 433
937 957
733 983
8 352
367 542
239 565
124 579
252 896
321 586
623 667
267 947
89 954
467 972
493 684
192 812
430 900
5 909
183 271
344 529
503 553
233 715
733 870
145 664
55 669
377 822
237 836
345 497
492 736
468 626
65 128
25 347
29 370
300 384
423 721
36 881
620 914
60 306
101 440
482 534
17 570
144 598
184 685
396 686
334 715
599 803
251 979
174 284
568 683
465 741
479 767
105 888
906 910
343 676
570 739
814 844
919 990
60 247
182 308
859 939
113 408
462 621
83 824
100 222
325 336
522 797
454 850
196 869
223 892
615 905
400 965
104 217
149 719
287 544
488 724
615 823
243 887
444 787
352 884
231 254
165 340
458 613
17 739
184 760
299 823
88 704
500 725
308 908
102 968
348 452
10 854
306 934
564 916
342 996
617 790
422 796
713 818
92 863
182 908
143 367
304 555
263 588
589 658
236 659
13 738
30 432
110 594
409 605
388 685
411 696
734 834
523 857
83 147
6 604
527 637
357 954
375 616
388 713
217 770
475 926
401 445
402 630
541 711
576 758
760 821
893 899
454 903
103 774
768 876
33 63
212 300
235 309
155 489
291 505
519 924
114 449
280 629
142 644
364 655
91 880
684 961
228 410
680 733
174 766
409 772
75 946
305 361
60 688
246 773
273 931
786 971
393 419
365 614
396 815
884 909
647 949
184 821
558 888
491 611
243 614
260 620
484 641
200 699
450 753
74 960
53 336
548 650
159 734
283 773
431 779
400 793
241 845
578 871
583 938
655 964
58 145
184 388
316 470
484 612
219 995
823 999
126 763
331 486
474 509
744 791
215 848
806 885
622 942
117 403
529 533
137 633
311 791
80 937
79 986
41 258
434 728
625 742
181 752
1 813
630 846
788 987
487 522
500 539
488 781
181 832
354 912
375 872
139 303
120 437
176 454
547 987
5 352
448 629
30 828
952 993
154 717
291 795
714 849
492 873
304 878
473 477
247 306
112 565
487 797
463 810
293 893
180 907
72 205
474 505
686 815
736 873
644 952
842 998
95 154
243 365
115 659
616 746
575 773
440 792
662 804
8 884
319 577
67 581
80 751
671 777
701 777
685 821
433 526
147 672
495 800
506 844
50 716
597 749
302 958
268 979
362 437
316 390
49 433
258 450
751 957
96 524
214 724
200 342
236 423
159 834
193 886
193 967
873 974
287 998
178 265
340 384
533 689
503 726
648 873
405 977
3 29
229 273
11 343
309 533
295 654
437 679
429 741
891 944
793 965
49 912
620 990
626 641
174 989
992 998
16 597
49 354
203 405
18 494
314 566
230 643
432 745
903 925
751 937
65 123
155 491
379 570
427 584
16 393
397 545
559 611
525 712
528 743
285 745
353 807
137 341
94 457
56 234
261 362
338 494
580 677
633 761
498 616
80 717
130 457
120 261
221 552
480 565
602 644
389 982
64 146
115 236
259 692
388 818
447 966
139 242
329 453
363 475
12 608
823 905
233 334
215 909
112 337
489 611
333 806
5 8
28 113
291 474
375 498
339 518
456 701
711 769
96 969
757 972
76 989
155 559
306 688
546 814
142 993
42 158
145 563
226 726
24 272
569 894
207 923
285 728
112 239
30 285
210 376
372 386
261 437
563 664
590 693
471 727
914 919
323 988
914 990
754 784
452 490
105 558
510 837
536 578
519 929
93 213
42 421
471 557
746 800
477 824
144 977
363 535
436 594
599 600
286 669
616 872
232 897
473 921
256 756
72 407
304 853
493 961
123 666
685 760
678 780
289 973
189 524
355 701
585 820
699 996
150 729
24 748
179 756
365 802
409 798
348 490
208 625
566 707
184 713
745 828
277 912
260 914
15 191
136 348
163 778
614 802
673 928
573 978
82 286
392 642
595 651
206 653
560 902
850 925
718 957
225 996
66 326
277 433
118 657
254 695
496 729
6 866
161 163
193 478
485 514
515 549
540 563
337 632
468 641
36 730
80 957
531 625
129 825
609 839
42 52
171 504
122 830
469 977
583 981
0 235
278 322
164 394
208 531
198 550
435 606
367 373
344 533
237 592
282 617
534 635
345 884
14 907
401 909
731 911
433 912
123 985
176 179
299 615
305 642
537 923
718 937
415 555
170 568
287 890
218 459
58 664
764 970
9 179
165 384
323 536
76 766
284 766
166 962
328 515
475 535
542 549
209 773
398 775
277 354
234 661
694 770
37 908
45 153
435 596
329 705
657 895
442 973
53 285
460 465
322 628
261 679
325 728
51 769
600 803
830 865
674 912
620 919
692 950
209 270
826 956
428 589
284 532
399 981
80 154
198 275
116 333
238 410
457 556
244 636
161 810
915 994
138 337
225 342
592 676
216 812
147 824
249 527
501 595
257 652
555 889
212 384
110 436
226 503
724 781
311 867
111 877
525 894
459 932
443 524
41 541
372 579
314 707
46 719
324 853
93 869
298 921
478 967
439 493
354 526
505 631
352 909
285 325
393 597
379 739
336 783
135 914
150 169
126 320
175 686
418 852
135 919
717 937
819 938
25 235
310 507
262 577
732 973
63 882
0 309
543 574
492 911
128 985
186 343
85 382
56 494
328 549
272 591
236 721
511 798
178 843
140 864
666 985
405 469
309 603
26 743
48 769
104 770
425 932
32 290
215 401
142 602
239 632
582 690
137 761
480 943
886 967
37 308
569 712
685 713
576 865
457 975
182 543
150 831
603 835
191 915
616 960
253 982
65 985
5 345
606 609
483 612
383 911
318 984
187 188
132 361
168 467
273 628
447 664
615 678
605 772
315 817
8 909
9 925
112 480
291 509
410 572
427 610
74 746
758 865
744 867
23 928
327 587
338 748
780 890
251 268
218 425
432 434
506 814
434 828
563 936
42 77
381 759
612 847
374 897
132 901
477 921
392 965
387 574
235 603
210 697
169 729
661 858
43 642
708 795
2 868
286 874
615 999
14 180
11 418
271 580
388 760
640 822
39 194
40 227
161 282
170 381
32 383
417 692
679 802
435 839
811 851
210 862
536 871
224 879
614 887
755 925
344 804
284 989
9 122
358 865
540 940
141 244
101 289
36 500
81 710
796 857
448 898
686 904
75 292
58 447
45 582
176 850
101 219
179 454
312 663
626 826
227 801
157 250
596 609
560 665
365 887
422 949
204 232
345 352
41 769
483 776
402 785
123 128
124 372
210 490
4 499
417 518
245 888
72 945
375 960
140 296
539 725
53 728
157 798
324 878
730 881
62 140
405 619
404 508
166 829
122 925
235 533
157 711
153 160
114 412
281 416
143 549
101 792
594 855
652 875
716 877
42 933
93 196
74 616
553 726
146 252
177 506
438 599
229 628
595 789
715 805
386 827
394 931
93 654
190 892
544 905
232 995
130 221
66 890
200 225
64 252
300 340
182 387
67 699
207 703
0 835
377 640
556 975
544 998
145 447
211 686
511 711
50 877
43 305
160 472
388 821
176 903
298 938
196 213
289 440
426 455
239 480
214 488
489 559
71 562
127 644
190 813
333 885
179 903
941 972
30 434
227 517
163 617
62 732
546 844
36 539
186 676
627 693
30 728
836 839
555 878
192 216
298 722
544 890
584 899
467 941
119 656
270 694
581 699
748 750
290 757
229 394
460 516
737 775
628 931
608 948
5 215
219 440
438 803
646 652
83 672
656 786
752 832
736 911
19 109
77 558
391 652
403 833
15 915
62 101
429 465
7 467
484 626
492 731
44 366
11 676
56 378
250 541
4 652
636 833
180 280
250 307
203 469
234 494
107 602
508 747
467 757
713 760
541 769
9 830
318 856
12 948
42 557
163 562
161 617
7 812
500 881
20 932
320 957
198 208
197 369
17 379
78 670
498 746
837 848
535 926
245 727
11 186
412 449
41 711
32 731
738 840
629 898
303 416
204 476
250 511
439 684
755 830
350 864
179 850
359 929
61 103
14 189
612 641
208 742
306 889
5 401
52 558
230 399
158 421
124 700
27 720
53 783
361 901
698 947
20 218
140 350
52 421
144 469
18 748
358 779
488 916
602 952
138 358
309 529
158 558
282 778
173 817
505 509
143 515
411 581
423 659
652 660
689 804
170 683
161 778
215 837
157 307
85 354
28 408
280 448
226 553
508 591
112 632
744 940
119 971
189 907
86 213
371 518
505 795
509 795
489 491
419 597
74 800
422 857
293 899
598 977
414 445
308 543
171 559
867 940
82 681
116 885
194 940
55 286
226 824
319 858
165 300
186 622
233 805
76 174
358 632
493 716
81 859
842 860
266 863
179 925
375 746
72 366
308 387
3 580
231 695
355 777
392 793
785 846
54 880
336 728
131 369
96 443
41 450
590 627
126 687
10 255
339 417
12 521
174 532
399 607
728 745
730 786
624 820
535 821
390 971
248 378
153 472
260 647
499 652
34 740
325 783
306 841
199 984
228 267
78 649
110 855
454 925
77 421
8 445
649 670
555 853
775 856
316 861
311 940
23 167
367 549
26 656
250 711
299 905
242 416
784 954
239 337
365 753
191 834
486 873
678 905
924 929
936 940
285 434
834 915
175 396
373 542
141 636
456 777
780 905
307 511
292 550
9 755
605 798
273 322
245 557
227 567
120 679
16 419
168 941
515 542
491 559
290 731
60 889
136 490
227 521
16 749
53 819
231 869
470 971
285 432
461 485
323 578
565 632
400 704
482 736
301 740
375 764
473 861
665 902
381 568
404 591
374 761
396 904
529 804
57 379
304 415
108 441
149 452
83 477
495 597
148 621
486 648
499 658
258 753
176 756
497 884
792 897
260 990
342 699
168 812
184 818
445 909
554 992
474 795
81 939
97 602
119 786
685 818
255 854
746 960
70 509
415 969
267 698
33 822
473 824
592 836
83 226
233 266
76 284
219 350
362 679
95 717
334 805
166 876
363 926
149 490
482 635
100 787
588 721
432 728
202 771
337 565
42 727
687 763
8 401
258 541
469 598
587 623
421 696
495 749
420 804
162 944
7 192
4 312
290 383
87 446
116 805
841 889
942 974
620 647
213 869
177 950
55 317
49 526
127 602
309 689
581 696
511 772
222 787
66 860
279 901
492 974
607 981
187 982
644 993
240 457
178 649
401 884
345 909
690 945
496 948
55 970
99 139
138 239
717 957
70 125
143 373
85 433
216 467
341 633
682 733
645 816
202 397
23 487
85 526
297 636
434 745
22 136
497 510
239 576
316 643
571 692
615 780
605 813
96 189
67 318
200 581
630 832
421 933
135 990
58 563
215 884
582 945
417 950
293 331
170 587
443 979
829 956
37 182
175 211
136 452
383 492
27 818
583 819
167 487
125 509
502 586
90 598
492 648
486 736
401 848
94 221
168 972
561 986
6 152
240 556
46 820
69 71
5 497
671 701
648 736
460 741
116 806
648 942
46 149
162 220
85 340
245 558
217 694
523 796
468 965
664 966
890 998
59 110
508 799
7 941
90 469
88 502
220 546
135 620
728 828
118 895
959 963
905 999
39 76
313 472
499 765
722 921
156 759
304 889
67 984
16 591
571 680
203 977
62 442
211 815
0 25
59 504
220 506
261 525
343 592
265 649
678 823
287 842
746 872
736 974
840 980
243 802
606 839
554 842
244 260
100 444
90 787
826 847
125 266
848 909
235 347
725 881
32 972
204 995
446 706
368 752
285 828
117 833
310 935
314 551
523 558
57 570
584 596
18 677
192 832
173 855
757 941
151 946
796 949
583 607
209 283
44 310
157 772
468 826
758 830
690 935
282 790
219 792
115 423
291 631
691 698
604 866
415 889
506 546
119 470
174 668
560 808
129 840
681 874
539 881
410 896
181 368
74 375
429 551
468 484
12 567
279 642
36 725
320 763
413 812
835 841
724 916
650 994
262 355
183 580
428 658
320 718
717 751
128 269
392 400
33 640
64 896
938 981
860 992
285 336
8 345
203 619
484 847
610 899
352 962
730 971
268 443
240 537
601 702
24 750
177 259
317 669
296 864
557 933
486 974
169 356
340 382
171 611
71 778
461 874
33 882
294 910
287 992
112 138
524 969
647 990
169 496
361 642
224 710
792 995
168 192
5 445
483 484
215 510
133 691
32 757
285 819
713 821
154 937
259 417
861 921
105 245
649 843
146 896
906 926
581 996
205 407
420 707
263 721
153 276
345 510
277 526
157 541
488 564
444 601
535 760
440 995
213 654
31 659
209 694
859 895
351 464
544 780
282 562
9 756
82 874
228 947
131 466
407 690
579 700
26 786
280 898
190 900
9 903
13 68
371 950
253 389
662 703
534 736
180 629
672 824
92 266
77 523
684 716
418 941
62 219
255 294
354 382
226 477
44 507
21 562
672 717
161 790
427 899
355 935
847 956
209 246
422 647
429 707
660 709
363 412
352 497
554 600
498 751
549 882
734 915
876 962
7 972
578 988
531 991
160 319
328 882
486 968
86 196
244 297
616 800
791 961
12 517
393 591
585 624
324 625
655 825
380 922
230 981
249 637
82 669
584 610
314 835
704 965
352 401
59 436
365 450
250 471
276 472
90 702
413 752
382 912
62 973
80 718
543 908
273 394
135 637
209 575
531 675
659 721
320 937
211 396
511 541
161 562
565 576
554 599
325 819
151 205
228 238
263 351
382 384
392 468
427 525
152 604
459 658
551 707
531 742
237 839
558 857
471 933
43 392
362 525
717 718
320 751
136 210
171 491
731 736
899 968
192 413
370 580
354 674
174 883
8 962
1 190
79 561
566 603
452 624
37 918
194 936
691 947
960 970
101 973
699 984
144 405
214 610
445 884
484 502
495 746
21 778
517 801
287 905
386 913
260 919
889 934
656 971
101 995
106 131
25 309
646 658
270 799
21 163
330 389
352 445
371 506
16 508
278 530
382 674
596 839
160 858
579 993
275 292
324 742
510 909
18 56
190 223
99 387
544 615
177 220
158 557
743 770
566 835
893 968
222 444
215 445
355 456
32 467
298 819
791 867
326 890
443 969
619 977
62 350
459 589
470 643
214 564
564 724
829 876
194 540
305 901
164 902
186 942
309 344
414 768
684 791
458 836
395 838
391 875
244 914
825 964
31 705
553 718
571 870
811 898
216 941
117 121
99 574
502 641
722 745
466 811
152 866
532 883
292 946
536 988
67 200
62 440
115 721
737 856
211 904
716 961
191 973
325 434
279 305
95 725
630 785
364 825
279 826
274 858
196 231
21 282
95 495
271 677
718 751
534 911
774 932
700 993
331 968
120 525
584 606
398 737
512 858
272 404
391 658
287 780
456 843
829 847
478 886
387 908
501 953
269 985
66 998
379 772
738 980
474 631
764 872
646 875
605 892
41 51
694 743
641 826
9 850
228 572
49 674
552 682
218 774
232 792
727 933
132 305
407 582
61 774
753 781
102 899
526 912
80 95
22 121
5 510
225 581
435 584
289 792
409 813
240 344
270 770
419 495
138 565
419 750
108 364
225 699
669 970
532 668
266 715
427 894
427 712
601 787
141 833
767 864
108 964
571 983
205 366
119 390
148 538
25 603
344 662
618 789
358 830
65 331
337 380
427 596
524 907
572 896
537 975
154 751
228 896
130 556
612 626
89 784
124 993
52 523
420 566
84 634
163 790
390 861
350 995
464 997
43 361
268 436
265 456
237 458
428 459
367 515
344 556
540 664
199 697
195 723
511 769
94 975
621 639
179 256
78 466
438 785
246 887
85 912
183 970
161 463
567 801
709 875
497 909
290 972
499 646
406 682
199 699
90 144
47 181
66 287
63 328
482 486
589 646
415 853
149 199
263 391
251 545
331 666
272 748
298 861
108 927
145 966
17 57
680 920
860 998
243 246
379 409
482 492
563 940
106 369
190 430
533 556
428 588
269 635
284 668
199 719
760 818
372 827
60 841
489 852
479 864
146 476
422 523
135 527
437 478
323 653
158 727
157 769
306 835
574 866
111 989
155 171
310 366
263 646
873 911
214 916
781 916
84 920
863 958
105 985
406 571
484 826
870 920
205 945
219 232
257 391
366 407
321 502
98 416
722 819
248 955
897 995
158 888
920 983
330 476
212 665
447 978
92 334
212 340
363 449
298 583
149 624
175 815
332 902
744 961
262 319
106 448
587 667
813 892
406 920
391 499
26 528
235 529
438 554
647 796
333 805
682 983
26 770
530 797
895 939
263 997
217 270
148 462
277 674
202 688
296 767
731 873
8 876
77 888
486 492
75 550
391 589
244 620
257 646
299 678
393 749
327 759
297 342
33 377
214 781
278 628
753 802
176 925
216 972
3 271
279 361
109 385
343 418
57 424
221 457
94 556
127 586
195 708
147 718
13 840
415 878
52 888
584 893
610 893
416 917
375 970
344 975
127 142
338 677
20 936
411 421
52 557
622 676
291 708
239 865
56 338
145 540
156 546
56 661
258 711
668 766
103 932
74 495
423 588
53 745
23 797
609 836
872 960
103 218
62 289
252 410
212 520
420 529
195 795
293 968
269 666
426 756
648 968
75 151
588 589
482 911
242 281
254 349
252 572
142 579
510 884
260 297
290 492
614 679
551 741
273 808
106 197
251 443
207 537
525 610
664 867
837 909
224 360
417 571
286 681
639 702
289 732
294 809
682 870
50 111
29 317
35 463
331 482
50 538
533 603
556 689
95 800
576 830
565 943
24 591
55 764
470 861
262 935
88 400
83 473
2 817
284 883
538 959
14 629
381 683
687 740
258 769
322 931
47 368
0 533
501 651
257 709
383 736
404 747
393 750
138 779
783 819
173 315
210 348
150 496
177 944
139 416
176 426
69 429
198 531
325 745
165 212
185 332
177 371
53 434
298 473
47 554
420 689
247 889
966 978
128 482
84 733
169 831
238 896
54 91
147 226
267 410
9 454
841 934
579 952
246 614
66 842
149 348
139 387
647 914
891 920
70 474
386 579
47 832
510 848
254 869
464 875
890 905
439 961
31 453
498 960
123 293
30 325
199 376
158 523
471 541
51 711
490 719
341 761
638 767
307 798
815 904
800 960
130 975
494 661
452 719
191 734
371 844
158 245
30 53
14 280
124 386
289 442
99 543
449 667
270 747
111 766
483 847
283 987
3 317
304 324
0 347
141 403
1 424
399 583
461 681
242 918
85 165
278 522
762 836
326 327
253 374
401 414
400 468
569 596
357 598
812 832
632 865
123 564
140 732
311 961
29 248
234 378
385 526
575 614
454 756
321 776
5 848
577 858
279 956
24 338
223 605
437 802
220 844
214 893
15 973
41 48
346 481
240 662
645 754
122 865
215 352
187 389
525 569
357 784
593 816
102 942
602 993
128 331
569 606
768 847
105 857
764 960
881 971
391 464
0 566
243 575
536 653
220 814
229 322
151 366
225 411
189 443
492 534
27 713
501 619
67 696
683 818
751 872
669 874
167 930
791 940
371 417
184 535
35 573
272 750
631 791
278 797
8 215
99 303
107 372
447 573
593 645
294 735
404 799
491 852
323 871
290 873
596 894
245 916
639 922
441 980
67 996
317 370
83 553
119 643
896 947
90 222
115 292
281 303
584 609
607 822
626 965
440 973
199 210
75 275
344 420
529 556
499 589
610 724
494 748
612 826
102 893
425 936
154 957
643 981
575 987
81 241
132 313
248 370
358 431
382 433
152 451
199 490
359 519
98 608
52 727
243 753
521 801
521 948
70 958
58 966
305 392
147 477
311 631
235 689
186 757
702 787
544 842
692 920
703 923
507 935
127 952
441 964
290 974
202 247
539 730
759 814
39 989
409 511
38 849
755 903
59 594
48 711
336 819
11 852
67 411
379 798
825 840
177 844
104 694
92 715
793 951
65 293
225 297
239 358
669 764
45 160
381 587
23 673
662 689
9 176
42 471
427 606
4 257
259 371
102 584
237 676
310 690
285 722
674 740
532 766
390 786
780 823
830 925
478 987
544 992
84 406
131 448
464 646
30 722
300 382
391 660
180 189
33 607
63 640
92 233
85 288
337 480
17 656
616 764
470 786
631 867
575 887
771 944
260 949
518 950
364 441
125 795
399 822
910 926
678 999
112 380
399 643
26 730
414 776
280 907
877 961
65 269
664 936
93 295
376 490
390 643
237 762
8 768
193 788
240 804
155 852
199 862
77 557
588 646
240 689
11 941
336 434
300 520
504 559
479 627
266 334
232 374
153 582
391 588
420 662
567 948
577 582
41 753
6 99
554 860
618 976
144 357
64 572
122 903
135 260
83 503
392 626
88 641
646 660
624 719
766 883
194 961
238 252
191 289
327 381
377 399
447 563
618 651
355 671
502 704
147 717
45 945
968 974
243 450
393 495
57 739
614 753
73 172
181 192
146 204
214 293
425 459
8 497
20 563
107 579
456 671
433 674
28 706
270 773
163 810
599 860
331 893
145 936
345 962
867 966
52 245
502 612
563 867
771 891
84 983
243 283
601 639
459 765
35 663
658 765
294 906
760 910
109 288
279 392
494 677
331 736
613 851
540 867
802 887
688 889
853 969
15 994
166 768
63 822
641 847
90 444
483 502
283 614
884 962
719 984
328 542
85 384
700 755
88 965
157 409
293 486
130 552
319 582
818 821
331 873
733 920
193 987
668 989
1 605
592 622
680 682
544 823
74 498
388 683
101 732
704 793
827 883
343 622
553 687
613 811
450 887
231 349
263 423
405 598
482 666
746 751
261 802
205 946
209 987
119 316
263 464
419 749
606 894
103 459
77 696
832 846
835 934
122 179
210 452
95 500
719 820
729 831
84 870
383 873
482 873
847 876
824 921
854 906
647 919
754 954
617 810
402 832
316 971
55 82
20 540
147 553
245 564
331 648
183 677
267 691
239 758
435 836
657 848
283 887
678 890
854 910
281 917
410 947
913 959
164 560
358 576
631 744
626 847
722 938
620 949
98 99
192 630
207 662
710 879
13 980
105 523
172 882
18 234
262 794
352 876
857 888
689 975
195 291
253 330
48 528
247 841
445 848
949 990
72 151
208 275
102 648
274 661
365 679
185 904
188 982
548 994
13 413
245 471
362 712
498 764
120 478
138 865
485 874
523 888
104 270
154 672
366 945
276 313
211 346
77 857
288 526
600 785
842 890
19 238
9 256
70 302
40 517
321 536
3 677
158 933
408 988
68 335
159 341
42 558
186 592
684 744
95 749
533 804
321 871
204 897
77 411
107 644
528 694
94 240
137 374
529 662
293 666
493 791
778 810
267 896
36 971
70 978
359 924
642 965
181 630
462 639
500 730
585 917
77 245
23 522
516 663
52 696
512 794
554 803
622 974
124 142
215 345
50 493
99 604
154 725
77 727
154 800
5 837
124 952
39 111
62 296
143 328
234 338
165 382
19 410
181 413
434 561
98 604
768 829
247 835
440 897
259 920
439 716
786 881
139 918
250 933
159 191
126 718
307 772
942 968
269 534
314 603
694 773
489 785
74 872
120 967
31 115
15 442
20 459
348 624
535 685
755 850
86 869
89 598
29 580
672 718
785 852
97 372
40 521
645 723
89 838
113 988
205 329
360 389
539 749
514 764
611 852
303 918
577 690
745 819
233 863
514 872
185 396
128 534
309 566
192 752
501 789
436 855
107 142
102 435
102 486
342 581
838 954
773 987
31 236
14 448
408 454
108 655
431 700
503 718
571 733
477 861
49 85
167 522
290 648
514 874
42 245
228 252
290 467
465 516
480 576
190 605
468 612
20 765
632 779
36 786
419 800
634 891
308 918
607 938
66 992
309 347
271 970
74 419
374 792
597 800
234 858
760 906
159 915
487 928
156 814
73 831
848 884
86 93
362 478
17 528
579 602
513 617
512 661
397 688
617 778
688 835
756 903
45 329
14 524
139 543
351 588
287 615
503 687
120 712
671 794
555 841
753 887
797 928
517 948
133 360
240 529
56 677
262 690
726 930
191 994
204 330
125 474
464 660
80 746
503 824
202 934
734 994
461 514
182 574
164 931
362 967
385 461
222 469
576 632
596 712
613 836
314 841
268 594
532 989
204 219
198 292
127 321
170 327
65 482
296 732
507 843
122 850
276 295
80 498
622 648
642 793
26 217
47 630
351 721
334 863
490 697
656 743
400 951
834 994
18 24
347 603
39 766
586 776
427 893
46 624
111 716
4 765
244 833
77 105
282 513
374 633
460 709
672 725
68 738
711 798
493 877
475 906
662 923
269 949
263 589
311 684
104 747
68 413
105 564
237 622
498 800
51 887
214 899
555 969
52 411
16 495
208 550
421 557
413 832
755 865
269 422
790 810
1 409
756 850
465 551
739 772
631 795
553 824
586 871
39 877
829 962
102 609
170 759
721 997
99 242
425 540
99 866
52 933
140 219
384 520
419 591
468 704
565 865
571 920
768 962
437 967
581 984
25 533
521 608
3 248
80 320
235 344
64 350
339 371
140 442
347 634
160 661
158 696
179 755
11 757
60 835
98 917
544 678
749 800
149 820
688 841
105 158
104 730
199 200
134 280
247 397
180 448
522 530
237 609
641 704
69 741
338 750
616 751
627 767
282 810
162 891
431 963
271 370
298 477
551 566
518 692
125 708
274 794
309 835
192 846
655 927
52 105
591 750
564 781
395 784
635 911
883 989
135 244
45 276
479 638
4 660
261 712
102 974
89 144
154 495
318 581
414 876
307 605
483 641
84 680
445 768
167 797
368 832
715 863
626 956
634 771
235 835
241 939
64 238
232 440
296 479
269 482
274 494
604 608
444 702
83 718
529 975
90 977
230 316
395 439
257 464
324 531
15 834
21 71
61 349
230 424
450 541
480 632
162 771
466 851
62 864
239 943
641 965
330 982
127 502
294 854
326 860
584 968
545 979
554 998
38 172
3 183
164 229
652 658
375 800
564 888
615 890
873 942
112 943
246 987
178 456
51 528
425 563
198 625
726 824
668 827
52 857
126 957
101 350
101 442
66 544
104 799
331 974
19 228
607 783
355 794
878 889
329 945
147 503
40 567
627 638
114 678
459 774
130 240
486 534
377 607
170 623
561 728
66 780
363 821
110 173
310 407
86 423
88 468
18 750
26 971
357 838
127 871
219 897
754 953
266 958
196 254
286 764
890 992
250 769
969 979
217 743
341 792
777 794
4 875
701 935
664 940
122 358
256 426
51 541
9 865
5 962
511 605
279 626
739 798
638 815
490 862
443 907
940 961
40 801
684 877
629 907
114 363
43 793
223 398
458 592
45 690
102 293
176 408
97 579
194 744
565 758
478 788
458 839
762 851
601 922
760 926
662 975
529 603
193 547
557 558
97 644
516 709
83 726
218 765
888 985
102 331
274 338
8 414
321 483
378 494
272 508
411 523
437 525
450 614
378 677
558 727
397 771
781 802
654 869
456 886
773 887
727 888
240 923
804 975
856 984
382 520
358 758
509 708
286 317
683 685
468 793
32 911
606 712
39 936
237 613
921 938
474 966
60 397
69 420
259 518
209 547
403 636
145 867
756 925
829 955
307 409
113 706
528 739
223 813
179 830
616 970
871 988
42 696
425 765
700 779
506 950
878 969
61 196
45 407
9 758
759 844
837 884
183 960
479 590
123 331
202 545
379 605
62 995
115 997
703 804
139 308
429 460
418 676
765 932
220 944
290 911
397 934
90 100
96 415
412 475
19 572
290 736
125 291
588 658
642 901
304 969
258 365
469 619
342 697
307 711
570 772
413 980
158 411
325 432
570 656
546 759
588 997
329 407
612 776
252 947
138 963
162 177
175 185
72 329
289 341
263 428
402 438
279 468
259 571
483 586
11 592
591 597
157 605
478 679
217 730
168 757
304 841
55 874
297 996
57 119
31 329
175 346
337 358
339 720
318 775
475 821
764 874
788 886
431 913
672 937
14 106
557 888
409 892
76 111
144 203
102 622
300 665
107 952
449 623
352 768
213 295
382 526
362 894
200 984
251 415
215 497
122 700
285 783
826 829
177 891
74 970
153 319
318 699
307 933
816 953
393 508
94 552
201 618
477 722
867 936
840 964
494 512
129 738
513 790
497 837
60 202
728 819
534 873
808 931
251 969
497 962
779 963
49 382
147 473
126 553
534 666
683 713
450 781
450 802
181 812
177 814
41 887
364 927
302 978
0 529
483 768
30 819
41 250
35 312
27 388
331 534
84 552
250 798
446 845
821 926
77 933
95 937
92 958
176 256
219 289
148 639
71 703
154 746
488 753
149 984
97 142
93 231
146 350
427 435
85 277
58 765
752 812
158 857
55 183
296 442
276 453
352 510
40 585
535 906
189 969
46 984
373 549
468 642
154 718
0 314
65 486
221 556
421 727
80 800
2 803
762 811
803 860
833 862
584 894
731 974
88 127
486 666
326 780
519 999
191 442
226 473
95 539
112 576
194 311
53 432
63 549
315 559
106 629
579 644
772 813
101 140
306 555
160 577
537 662
114 667
310 945
924 999
314 429
449 535
48 541
370 677
677 748
671 886
259 891
253 897
498 957
51 258
358 565
63 607
345 837
147 937
400 626
85 674
320 687
243 773
48 887
563 966
165 288
272 393
131 898
372 913
338 512
509 631
221 682
358 755
371 814
515 882
217 799
562 810
67 225
33 328
4 646
413 738
336 745
328 783
30 336
32 492
18 580
536 586
567 608
217 747
519 823
364 840
860 868
194 877
258 887
927 964
128 293
260 636
569 670
700 952
105 123
171 489
761 897
61 231
4 663
528 770
728 783
622 836
287 860
640 882
395 954
564 985
185 686
97 704
15 732
860 890
762 839
118 848
573 966
50 684
610 712
47 752
120 894
28 455
717 725
475 760
134 898
273 278
349 532
420 533
495 616
342 862
288 340
22 348
4 391
121 403
6 574
398 856
411 996
138 431
45 472
195 505
186 418
258 471
264 510
200 697
707 741
95 746
676 836
458 851
319 512
84 682
325 828
233 333
57 656
371 692
348 719
473 722
408 850
107 124
187 253
196 654
89 754
888 916
26 694
587 759
45 319
108 383
192 402
179 426
252 476
508 597
779 865
861 938
330 360
237 435
498 514
178 670
665 808
326 868
232 476
172 549
568 818
123 214
115 351
299 519
80 672
40 820
149 210
257 499
104 539
324 555
769 798
286 970
95 751
853 889
345 401
603 689
343 852
98 303
328 367
21 703
584 712
439 791
401 837
2 860
872 970
782 991
296 350
200 411
187 879
729 948
331 492
445 876
88 484
477 672
471 711
132 279
308 574
488 610
177 692
295 705
48 739
58 573
827 913
634 920
8 166
186 290
905 998
246 365
37 387
128 486
299 780
570 798
64 864
908 918
873 968
533 975
63 377
314 420
432 722
67 199
800 872
550 946
135 141
131 197
322 530
307 541
37 543
60 555
388 568
166 352
39 540
17 743
322 808
390 881
335 359
32 441
378 580
173 594
540 744
140 767
447 867
156 868
50 961
12 98
135 249
46 585
695 869
82 317
58 540
427 569
28 426
7 757
62 792
141 914
498 937
113 454
333 708
293 610
598 702
425 774
137 792
372 700
53 938
113 176
70 266
274 319
237 343
394 560
529 566
138 576
394 628
505 708
477 726
656 730
708 806
593 885
486 893
394 902
105 916
527 919
299 924
39 940
259 944
166 955
780 998
20 145
65 534
411 699
551 782
341 834
831 849
331 899
595 953
129 964
24 274
241 710
648 731
525 584
438 630
449 678
440 732
172 367
319 661
466 898
123 916
96 979
370 378
1 379
212 382
276 705
630 812
178 886
777 886
261 894
808 902
53 828
240 533
512 577
225 696
920 950
199 996
76 532
27 683
676 942
478 547
160 582
517 608
500 749
710 859
111 174
252 267
195 631
34 520
490 624
95 672
592 762
85 300
156 327
69 465
311 540
309 556
208 675
697 699
42 888
55 271
250 557
467 812
184 910
819 981
265 507
1 57
164 273
160 276
271 317
199 318
129 364
223 409
2 599
327 623
287 678
142 700
375 751
209 770
607 819
524 979
568 587
26 104
35 302
67 342
41 157
209 788
1 892
243 258
504 611
0 689
697 996
164 332
336 561
562 617
414 483
88 626
610 894
519 905
598 954
495 960
59 171
457 537
400 642
493 744
571 950
224 389
366 507
134 613
43 695
450 769
613 839
167 928
297 620
72 690
262 701
346 904
148 922
26 119
101 232
150 356
24 512
365 575
71 163
295 453
502 626
730 770
583 783
298 981
180 524
172 542
124 602
211 481
437 614
409 739
383 757
612 768
462 838
441 840
101 897
255 910
914 949
41 511
301 520
412 535
409 570
400 641
656 739
357 754
542 882
145 940
857 949
123 269
16 272
351 423
230 470
212 560
243 679
319 690
250 727
209 799
468 847
118 859
80 872
35 978
423 997
163 513
339 692
415 979
3 378
375 514
312 652
454 755
614 773
216 846
350 440
468 502
637 919
122 454
680 692
626 704
363 760
136 376
283 547
263 658
474 708
635 736
122 758
589 765
96 907
275 946
725 730
88 97
198 742
88 793
548 807
287 823
789 976
277 382
236 588
6 98
10 294
128 635
667 678
731 757
751 800
61 869
97 952
80 616
86 721
456 935
208 991
236 997
321 578
277 763
711 772
229 808
657 859
108 911
226 921
612 956
475 910
911 974
316 981
259 506
533 566
568 759
697 833
821 910
823 924
845 939
154 500
288 693
436 979
72 310
379 813
812 846
274 577
200 862
302 863
18 274
25 835
203 222
216 413
487 530
427 609
74 764
120 802
707 835
7 846
399 938
919 949
70 291
288 385
361 392
138 480
129 655
525 679
376 833
81 845
83 921
923 975
401 510
299 544
457 552
262 582
11 622
365 781
393 800
144 954
408 903
535 910
309 420
177 546
125 958
886 987
98 139
116 233
720 818
706 988
28 176
458 811
701 843
290 942
505 966
383 974
235 566
68 752
625 991
234 274
251 397
341 440
59 315
99 416
47 438
876 884
178 967
48 258
287 326
359 368
385 433
123 893
232 330
235 556
191 732
274 748
381 814
17 26
722 828
439 838
538 621
15 289
134 762
643 861
499 875
112 358
293 584
0 688
58 936
429 566
349 695
116 715
108 731
43 965
139 182
241 859
577 935
75 115
117 141
41 471
158 471
528 570
528 656
69 707
677 750
599 842
813 900
522 928
147 957
335 368
426 454
591 747
547 886
648 911
783 938
148 959
278 487
626 642
10 910
36 104
107 127
41 243
270 283
223 307
110 315
183 370
311 493
459 499
388 535
547 575
144 619
256 758
667 821
392 826
670 851
126 937
468 956
244 990
42 411
320 553
441 655
4 658
566 689
107 704
518 720
687 726
362 802
8 848
821 906
710 939
852 941
342 376
576 943
44 72
90 405
312 499
402 600
134 629
333 715
920 944
780 999
208 324
464 588
16 750
283 788
671 788
35 810
0 247
29 271
16 404
45 453
344 457
21 513
312 573
47 600
589 652
27 735
516 741
206 776
394 808
352 848
650 915
582 935
141 260
200 297
41 365
236 351
83 717
297 833
10 906
12 227
383 441
568 685
20 58
64 410
203 598
292 659
706 845
438 846
244 919
622 968
792 973
183 317
90 601
595 619
683 720
418 757
424 813
303 387
464 652
473 672
170 685
623 685
66 868
828 930
421 558
114 299
283 365
450 711
343 942
337 963
121 136
125 233
8 510
215 657
523 696
591 748
119 230
236 263
520 808
892 900
672 957
951 965
147 154
46 318
24 404
420 429
464 709
725 749
96 853
60 415
54 281
