1000 4753 57.4543296888929 sparse
0 251 355
1 111 566
2 202 307
3 361 555
4 977 80
5 782 625
6 319 697
7 582 71
8 644 917
9 764 925
10 734 11
11 36 912
12 968 41
13 50 286
14 898 847
15 178 381
16 105 676
17 174 753
18 967 514
19 920 796
20 884 602
21 662 198
22 29 744
23 986 327
24 349 739
25 45 963
26 152 917
27 840 845
28 156 59
29 790 265
30 478 234
31 729 739
32 689 738
33 856 585
34 47 722
35 944 201
36 633 643
37 29 965
38 364 379
39 986 200
40 593 870
41 466 290
42 679 474
43 367 119
44 418 192
45 780 402
46 111 921
47 708 590
48 442 296
49 736 518
50 557 842
51 409 740
52 73 185
53 563 481
54 933 85
55 571 86
56 595 184
57 695 833
58 788 786
59 915 740
60 762 225
61 616 362
62 878 376
63 294 739
64 999 672
65 936 177
66 372 940
67 766 489
68 669 668
69 47 103
70 652 147
71 140 216
72 885 143
73 892 576
74 183 324
75 757 90
76 809 36
77 856 476
78 571 662
79 710 966
80 576 222
81 150 147
82 409 67
83 282 738
84 853 831
85 482 69
86 405 237
87 182 553
88 852 394
89 820 829
90 691 409
91 546 988
92 22 769
93 165 682
94 806 851
95 906 920
96 488 91
97 483 117
98 102 912
99 182 710
100 848 711
101 215 89
102 279 522
103 751 82
104 906 137
105 991 218
106 757 577
107 77 344
108 537 669
109 60 480
110 764 339
111 764 756
112 154 261
113 935 67
114 503 912
115 470 354
116 405 528
117 557 803
118 803 591
119 309 232
120 484 918
121 705 121
122 573 696
123 801 232
124 305 658
125 911 63
126 497 276
127 135 383
128 311 924
129 828 659
130 966 251
131 626 803
132 836 566
133 872 293
134 780 857
135 730 23
136 897 988
137 781 24
138 223 204
139 368 540
140 348 981
141 793 600
142 431 285
143 546 493
144 954 951
145 37 437
146 872 601
147 152 997
148 567 344
149 279 473
150 600 642
151 597 273
152 804 891
153 181 194
154 105 19
155 208 570
156 788 422
157 91 646
158 947 68
159 205 263
160 87 954
161 368 776
162 83 676
163 109 100
164 463 366
165 224 457
166 59 860
167 981 967
168 344 630
169 434 134
170 23 965
171 848 471
172 6 50
173 715 186
174 19 21
175 671 268
176 576 365
177 313 410
178 361 448
179 56 508
180 917 222
181 276 438
182 719 346
183 715 375
184 313 812
185 26 827
186 45 881
187 356 348
188 315 367
189 237 212
190 257 431
191 554 657
192 620 680
193 921 950
194 173 868
195 579 853
196 614 736
197 84 39
198 925 588
199 293 931
200 38 812
201 858 174
202 183 387
203 967 443
204 88 453
205 834 441
206 850 53
207 961 669
208 55 543
209 696 592
210 691 787
211 453 211
212 928 194
213 495 718
214 201 361
215 118 989
216 756 375
217 583 943
218 935 572
219 156 679
220 749 764
221 746 642
222 684 57
223 275 484
224 157 551
225 326 828
226 668 460
227 376 55
228 877 83
229 324 526
230 717 888
231 513 723
232 456 670
233 78 183
234 394 809
235 303 776
236 646 104
237 474 245
238 317 681
239 844 194
240 781 151
241 372 800
242 401 311
243 739 155
244 300 173
245 704 924
246 445 333
247 406 638
248 735 466
249 610 248
250 760 575
251 912 503
252 92 430
253 481 513
254 384 169
255 208 857
256 441 698
257 817 733
258 509 31
259 881 363
260 578 253
261 444 5
262 42 803
263 767 495
264 500 776
265 165 124
266 558 409
267 702 317
268 763 938
269 690 247
270 514 422
271 768 227
272 870 703
273 697 529
274 153 454
275 956 996
276 946 681
277 713 928
278 192 213
279 61 600
280 1000 750
281 76 165
282 277 797
283 795 395
284 237 53
285 573 932
286 645 404
287 421 113
288 275 734
289 134 430
290 706 713
291 583 863
292 875 359
293 636 581
294 496 807
295 334 669
296 944 552
297 678 810
298 245 68
299 554 650
300 562 629
301 596 504
302 702 897
303 149 402
304 788 955
305 536 821
306 161 451
307 71 226
308 428 381
309 430 443
310 617 727
311 811 259
312 109 199
313 460 932
314 589 751
315 162 170
316 703 694
317 203 413
318 176 634
319 632 540
320 570 546
321 429 294
322 162 460
323 486 992
324 180 426
325 680 47
326 398 446
327 401 179
328 992 369
329 957 847
330 973 731
331 645 815
332 882 382
333 627 637
334 132 86
335 721 63
336 884 810
337 22 717
338 564 471
339 709 964
340 630 817
341 447 70
342 245 20
343 193 470
344 705 820
345 583 507
346 717 960
347 175 4
348 210 201
349 455 320
350 451 729
351 965 688
352 584 811
353 682 308
354 478 476
355 329 834
356 337 128
357 723 523
358 255 670
359 200 783
360 779 581
361 20 917
362 314 867
363 133 984
364 711 766
365 32 524
366 867 646
367 585 424
368 397 849
369 813 121
370 102 408
371 884 644
372 389 75
373 50 663
374 633 227
375 341 27
376 553 82
377 840 501
378 46 359
379 209 987
380 535 739
381 639 982
382 288 253
383 888 48
384 721 155
385 584 737
386 296 443
387 734 778
388 76 248
389 765 365
390 593 845
391 59 765
392 147 741
393 331 104
394 86 929
395 930 496
396 181 647
397 87 298
398 108 845
399 680 228
400 47 498
401 485 680
402 250 800
403 974 825
404 618 641
405 96 884
406 320 570
407 338 579
408 977 632
409 255 43
410 348 219
411 137 640
412 404 529
413 758 730
414 834 540
415 314 296
416 494 800
417 924 976
418 366 569
419 59 18
420 136 984
421 183 532
422 550 212
423 619 627
424 801 20
425 885 693
426 530 936
427 675 305
428 913 54
429 259 69
430 345 372
431 759 794
432 64 789
433 487 865
434 325 667
435 498 430
436 918 980
437 765 853
438 282 63
439 390 506
440 688 802
441 224 963
442 531 79
443 964 74
444 804 205
445 802 14
446 701 349
447 250 81
448 995 821
449 15 8
450 486 834
451 828 902
452 5 287
453 642 515
454 497 241
455 849 821
456 306 60
457 626 532
458 27 69
459 305 889
460 839 139
461 353 244
462 192 925
463 714 619
464 89 536
465 188 109
466 678 11
467 218 199
468 940 756
469 58 20
470 982 573
471 676 744
472 29 166
473 229 12
474 885 6
475 52 446
476 617 562
477 619 412
478 720 128
479 154 47
480 159 829
481 220 483
482 100 753
483 283 517
484 452 938
485 760 856
486 125 884
487 618 336
488 460 561
489 253 261
490 283 294
491 758 899
492 485 880
493 872 467
494 441 860
495 327 474
496 879 579
497 871 740
498 98 978
499 360 7
500 965 269
501 714 392
502 838 815
503 357 716
504 143 295
505 887 21
506 19 181
507 290 806
508 34 897
509 934 17
510 871 222
511 886 917
512 824 890
513 52 74
514 605 963
515 853 112
516 61 364
517 484 111
518 437 383
519 972 560
520 700 198
521 886 574
522 607 351
523 467 294
524 289 982
525 43 253
526 637 668
527 283 157
528 574 932
529 841 919
530 824 110
531 608 910
532 583 780
533 303 322
534 554 525
535 558 794
536 560 590
537 339 392
538 479 802
539 97 499
540 313 42
541 554 684
542 829 607
543 51 230
544 402 996
545 396 854
546 964 441
547 382 300
548 954 240
549 617 474
550 387 950
551 264 172
552 773 174
553 721 923
554 73 337
555 4 419
556 1 271
557 507 572
558 357 903
559 446 88
560 341 492
561 98 195
562 647 732
563 95 866
564 927 172
565 463 438
566 97 736
567 177 317
568 437 326
569 495 821
570 484 757
571 392 399
572 74 296
573 275 892
574 779 482
575 612 308
576 201 437
577 899 165
578 676 604
579 900 515
580 655 19
581 576 969
582 583 957
583 637 17
584 840 489
585 668 676
586 545 784
587 478 520
588 681 618
589 33 497
590 867 413
591 471 823
592 2 321
593 213 66
594 916 484
595 623 563
596 425 754
597 336 797
598 143 702
599 73 163
600 726 64
601 815 451
602 764 465
603 597 415
604 64 913
605 940 294
606 262 495
607 330 753
608 924 313
609 942 535
610 362 361
611 994 397
612 315 274
613 408 624
614 816 929
615 959 48
616 2 979
617 616 507
618 483 590
619 537 88
620 809 224
621 540 41
622 193 24
623 272 712
624 663 460
625 111 631
626 840 555
627 175 171
628 954 125
629 407 865
630 514 535
631 242 384
632 558 669
633 33 842
634 293 878
635 844 717
636 637 86
637 713 476
638 372 248
639 178 949
640 13 479
641 435 661
642 421 605
643 17 372
644 257 986
645 645 195
646 221 187
647 869 586
648 238 335
649 748 855
650 507 587
651 348 219
652 262 973
653 323 876
654 895 1000
655 325 242
656 35 397
657 27 624
658 381 212
659 917 216
660 865 754
661 293 486
662 486 540
663 565 349
664 803 490
665 881 619
666 229 128
667 541 690
668 221 903
669 581 81
670 113 575
671 536 767
672 558 792
673 867 784
674 196 508
675 812 874
676 111 118
677 585 619
678 349 756
679 361 59
680 351 580
681 2 513
682 642 146
683 52 303
684 78 286
685 585 318
686 714 904
687 26 731
688 879 196
689 947 440
690 810 307
691 173 513
692 373 607
693 498 438
694 341 472
695 228 335
696 242 335
697 847 5
698 80 227
699 493 377
700 753 113
701 888 53
702 306 197
703 590 663
704 627 858
705 328 754
706 891 815
707 304 336
708 25 46
709 900 802
710 226 407
711 311 993
712 833 235
713 226 379
714 818 581
715 945 588
716 571 194
717 424 840
718 453 639
719 389 800
720 964 926
721 17 462
722 919 594
723 81 482
724 703 513
725 94 79
726 694 778
727 875 486
728 157 286
729 84 782
730 35 208
731 687 979
732 546 65
733 650 762
734 365 895
735 10 194
736 265 972
737 443 872
738 223 541
739 740 468
740 929 658
741 506 237
742 987 604
743 572 38
744 800 39
745 987 952
746 507 438
747 798 437
748 103 864
749 503 208
750 194 151
751 361 568
752 21 539
753 852 943
754 218 554
755 931 164
756 152 834
757 915 128
758 55 850
759 487 942
760 391 30
761 217 1
762 826 931
763 566 375
764 36 659
765 304 955
766 607 888
767 971 379
768 989 949
769 360 350
770 420 481
771 909 645
772 117 610
773 953 669
774 967 726
775 807 821
776 792 421
777 186 504
778 482 339
779 960 682
780 754 830
781 382 314
782 472 636
783 19 807
784 756 261
785 316 541
786 786 371
787 342 983
788 14 764
789 242 823
790 79 920
791 424 187
792 919 815
793 222 173
794 150 426
795 854 138
796 271 98
797 155 562
798 853 828
799 478 270
800 394 752
801 253 345
802 428 381
803 788 366
804 959 56
805 973 486
806 196 331
807 788 593
808 403 119
809 175 247
810 604 13
811 403 390
812 21 326
813 252 403
814 37 812
815 459 556
816 733 569
817 347 631
818 914 660
819 179 702
820 11 128
821 610 760
822 517 759
823 569 824
824 143 360
825 912 280
826 704 581
827 815 329
828 115 710
829 644 660
830 85 269
831 373 655
832 370 354
833 135 821
834 440 0
835 239 854
836 669 416
837 450 303
838 355 988
839 245 134
840 67 740
841 785 713
842 931 231
843 424 662
844 305 454
845 30 398
846 406 796
847 760 704
848 315 959
849 287 995
850 257 306
851 863 852
852 848 453
853 508 289
854 889 502
855 172 470
856 780 584
857 6 576
858 929 255
859 180 724
860 50 882
861 924 481
862 927 418
863 909 906
864 354 640
865 514 141
866 809 478
867 739 873
868 917 682
869 955 976
870 339 171
871 380 366
872 610 359
873 51 204
874 162 986
875 795 915
876 981 404
877 6 324
878 268 134
879 53 368
880 342 181
881 609 628
882 909 198
883 708 348
884 537 466
885 657 586
886 320 988
887 88 346
888 655 393
889 92 333
890 187 413
891 147 69
892 64 44
893 455 166
894 192 519
895 998 483
896 807 851
897 110 362
898 888 274
899 447 95
900 94 32
901 494 280
902 82 851
903 382 842
904 607 9
905 442 844
906 174 938
907 501 542
908 417 330
909 912 1000
910 184 24
911 607 418
912 604 423
913 273 169
914 764 551
915 158 178
916 815 962
917 959 874
918 537 567
919 759 702
920 575 327
921 565 228
922 290 342
923 868 566
924 83 918
925 218 370
926 843 484
927 584 223
928 272 99
929 885 310
930 420 579
931 208 477
932 515 197
933 454 578
934 544 164
935 756 137
936 439 609
937 313 823
938 119 660
939 732 38
940 266 666
941 36 709
942 53 868
943 419 276
944 865 282
945 291 693
946 890 309
947 749 302
948 572 978
949 268 973
950 229 984
951 983 270
952 593 186
953 921 800
954 81 379
955 225 649
956 836 874
957 391 303
958 490 256
959 261 6
960 826 344
961 119 142
962 544 399
963 882 266
964 684 857
965 486 729
966 159 545
967 343 135
968 359 710
969 159 505
970 141 475
971 502 4
972 943 357
973 771 504
974 675 530
975 720 643
976 941 208
977 783 392
978 633 342
979 428 639
980 952 597
981 920 124
982 418 651
983 92 232
984 294 247
985 194 239
986 4 182
987 958 785
988 883 760
989 181 774
990 605 147
991 872 91
992 465 969
993 787 325
994 342 894
995 246 930
996 557 491
997 334 407
998 54 547
999 383 413
410 651
308 802
285 528
200 814
94 896
116 412
796 928
535 672
79 339
419 469
607 705
847 919
56 952
363 420
84 798
652 736
168 817
360 856
736 949
106 250
203 546
281 599
745 768
648 696
41 523
156 776
19 953
208 998
187 769
790 924
226 624
383 701
592 877
126 901
810 904
368 545
335 600
418 751
488 815
656 845
186 860
929 946
52 233
148 663
248 739
786 803
437 485
911 912
584 926
37 170
180 659
652 949
67 263
424 445
97 517
476 595
60 271
73 521
140 787
224 966
503 968
102 483
261 834
757 981
225 355
61 872
191 299
138 467
446 883
559 899
259 292
62 332
417 436
100 635
294 416
353 427
253 587
35 976
15 202
330 774
351 779
44 791
435 693
207 773
615 804
83 288
107 554
68 585
455 798
80 927
348 467
563 748
36 333
198 722
382 984
274 306
99 819
594 861
522 872
496 521
336 706
480 756
141 807
339 346
564 755
516 879
315 915
693 746
622 910
306 322
117 535
307 698
142 321
79 346
125 428
295 434
308 518
74 567
1 670
518 802
356 967
77 171
277 553
92 788
228 991
93 219
196 310
210 726
76 744
551 913
547 957
200 262
245 277
333 404
454 741
47 826
581 948
263 973
140 838
75 103
319 457
313 484
648 695
166 942
898 963
53 338
7 669
70 682
423 881
614 762
0 801
65 564
234 719
262 814
711 886
870 880
603 911
45 977
246 568
526 829
610 832
48 837
603 912
195 291
222 325
84 455
572 684
166 758
674 777
769 832
274 322
442 619
184 937
117 672
641 843
55 669
610 769
224 797
182 883
107 887
143 996
123 620
558 734
12 615
394 790
817 864
378 879
394 924
715 980
53 996
149 223
30 237
312 561
132 626
765 848
674 894
639 906
358 940
377 584
63 83
20 146
113 158
485 649
435 746
807 856
713 925
47 209
28 479
136 654
494 737
40 291
496 647
197 900
467 646
283 977
455 502
80 921
843 982
10 135
451 512
191 632
46 98
362 653
104 757
333 423
297 440
242 957
3 751
698 983
9 268
315 627
33 647
407 680
207 779
133 944
48 321
397 572
524 849
62 259
301 345
138 348
73 496
22 687
664 866
477 911
481 931
735 986
118 141
216 389
179 400
28 891
685 920
174 449
209 826
887 889
115 164
581 582
302 686
276 773
49 357
318 396
298 447
644 652
738 754
65 755
787 838
171 926
225 937
217 582
695 696
547 781
404 423
298 429
294 569
400 589
533 707
276 779
646 793
247 613
495 694
176 763
322 855
99 859
168 864
61 522
217 528
571 811
386 844
781 957
213 965
4 443
32 471
187 610
541 667
95 863
860 942
131 340
337 687
373 764
67 574
78 632
773 779
74 806
611 876
324 890
630 907
217 285
314 385
3 418
578 588
696 801
147 874
286 888
429 447
367 603
557 650
397 684
360 807
142 943
460 795
506 986
331 340
36 404
433 492
474 505
11 508
416 538
118 807
740 818
812 877
662 907
135 939
792 953
497 660
187 832
707 922
586 672
89 775
77 926
186 942
210 440
146 647
134 437
541 632
227 679
48 142
369 530
545 629
680 751
832 871
527 913
979 982
215 363
282 507
378 516
450 569
706 709
506 735
691 777
771 818
404 881
421 894
67 973
537 997
317 890
494 905
25 37
138 189
6 238
195 390
238 434
644 736
337 941
691 969
414 626
167 745
395 861
777 894
487 978
130 548
459 634
230 686
473 761
749 932
57 344
246 349
470 519
535 586
452 556
289 794
730 873
3 139
45 283
121 478
185 633
604 790
368 903
343 931
454 958
504 728
180 842
150 881
853 901
571 999
11 361
631 713
251 579
158 804
111 220
284 298
24 678
241 719
229 785
654 909
183 501
245 553
223 606
546 689
126 853
579 854
154 900
496 923
34 941
644 949
376 619
273 724
747 776
666 839
366 371
296 609
138 646
437 649
13 683
266 962
62 292
482 566
21 645
20 665
377 926
35 212
640 721
270 746
719 846
797 966
230 302
145 475
12 804
554 887
558 994
263 574
234 846
247 982
78 191
294 538
349 837
42 226
348 646
76 424
270 435
342 473
336 709
243 384
171 852
150 404
272 425
158 443
130 500
472 506
66 550
341 559
405 563
118 714
156 747
648 801
488 933
500 951
54 113
233 281
580 583
38 610
223 661
163 676
758 942
182 446
77 493
376 732
684 830
627 915
55 376
395 594
205 852
545 903
717 905
642 936
799 958
7 55
487 522
450 591
418 680
365 752
185 814
107 889
477 912
827 960
39 105
213 231
215 420
443 804
783 814
610 871
65 212
152 675
148 920
198 218
368 629
119 655
218 715
155 754
799 901
349 568
287 808
660 988
259 332
78 703
424 744
19 792
367 912
27 84
149 661
212 976
104 981
185 200
207 276
173 520
529 762
115 778
51 800
136 909
290 316
586 671
607 678
493 727
242 781
718 782
523 837
214 925
128 199
251 395
456 540
207 351
186 508
251 594
299 632
461 638
176 663
172 708
212 882
554 889
355 937
237 958
63 288
444 620
398 748
200 783
592 812
604 924
921 927
171 584
167 768
659 882
521 923
254 327
641 982
502 798
352 823
563 902
114 120
250 360
126 799
691 894
98 924
512 675
560 694
198 715
512 956
134 485
152 512
275 869
647 923
406 407
236 636
146 665
649 867
333 881
52 281
95 511
301 617
203 689
379 950
181 190
276 351
38 430
30 454
430 610
553 686
36 829
137 424
96 517
307 543
568 908
220 387
442 732
659 842
291 390
284 409
321 943
184 225
181 386
147 420
77 584
233 599
671 822
41 837
141 856
38 871
197 892
809 985
53 143
108 191
238 295
78 299
192 526
521 647
364 726
430 537
19 709
436 909
108 632
343 855
87 421
416 569
359 989
678 705
109 723
709 953
432 729
405 748
185 783
126 958
338 996
786 977
119 984
177 997
36 423
51 596
42 624
727 854
16 938
342 959
403 448
108 667
388 698
44 327
451 529
27 798
756 833
133 929
269 399
205 601
421 691
77 727
631 813
45 156
82 372
587 662
293 885
441 950
278 348
50 823
72 104
29 311
625 772
389 786
307 983
218 296
267 353
124 434
84 502
20 647
0 696
250 856
508 860
347 910
422 921
153 278
242 547
306 855
16 162
52 599
54 158
40 195
212 564
415 612
601 747
531 766
819 859
273 974
247 979
25 170
17 989
109 400
376 442
293 595
477 603
288 623
459 653
818 868
462 906
106 360
245 686
357 724
299 300
131 331
136 436
122 541
117 586
538 591
351 773
45 776
33 923
307 388
690 827
787 886
815 933
33 146
270 693
388 983
108 541
574 602
334 891
85 96
89 502
495 560
514 582
573 634
40 766
367 911
215 498
148 176
232 641
34 687
314 821
388 830
321 837
524 949
839 878
147 363
189 467
613 642
709 792
389 803
251 854
734 994
76 445
146 496
101 593
572 683
458 708
90 836
479 891
641 979
137 445
150 703
328 767
84 851
233 561
209 578
158 615
41 799
497 988
204 252
98 394
237 454
453 457
244 527
75 700
539 723
262 783
944 963
843 979
100 272
633 758
716 952
574 973
132 714
20 496
674 691
675 896
127 303
141 360
24 607
567 806
324 576
362 634
582 948
234 241
429 438
362 459
33 496
184 507
153 627
94 675
317 710
166 860
227 372
0 648
740 771
533 922
675 956
277 686
303 794
292 332
264 822
27 851
106 856
118 856
317 576
569 591
67 602
711 849
842 858
133 946
252 370
248 637
663 920
687 941
438 456
618 650
602 739
120 759
117 823
700 935
274 970
150 423
527 551
88 590
137 744
831 864
113 125
161 241
171 493
196 821
250 914
901 958
24 503
525 543
240 552
466 580
402 789
98 790
327 791
127 824
77 852
487 872
898 944
87 966
201 239
361 508
93 819
391 432
50 195
212 659
524 711
169 287
398 563
319 595
619 732
548 842
166 902
748 902
41 48
356 393
264 416
244 702
440 726
621 732
2 806
469 892
825 898
463 975
344 440
243 935
538 569
264 570
605 608
274 855
133 898
242 908
741 958
40 390
157 625
22 788
341 899
516 954
613 979
718 979
160 394
428 701
371 771
144 869
251 861
30 958
87 224
342 409
48 523
73 647
300 677
125 701
445 744
842 976
371 665
112 728
805 895
166 186
170 616
112 809
614 875
35 65
574 664
106 816
480 833
180 882
676 961
659 976
36 526
237 799
2 74
108 299
34 337
410 461
458 513
179 589
461 651
407 751
437 780
511 863
130 951
113 428
89 896
27 89
107 516
769 871
165 931
27 455
283 786
152 875
677 881
383 428
174 708
649 780
38 832
24 705
163 725
322 970
124 238
81 315
364 387
22 92
118 360
13 572
56 716
524 736
798 851
543 873
73 923
110 389
663 763
515 795
642 930
221 975
89 94
132 414
262 432
61 487
72 577
413 847
420 874
278 985
193 417
283 776
142 837
578 885
653 994
46 394
494 717
68 829
391 840
61 978
409 429
165 481
467 793
710 813
202 890
187 430
152 451
160 498
320 534
620 712
529 753
199 765
740 773
523 799
113 804
57 964
159 985
210 297
317 324
219 598
79 731
568 837
96 97
443 615
419 892
803 977
528 582
308 811
802 811
841 847
116 439
319 476
339 731
430 769
230 867
94 134
273 357
111 413
9 491
715 722
485 780
398 902
600 939
286 836
740 868
417 909
293 476
623 945
347 622
589 640
380 822
34 840
411 938
163 334
298 409
412 439
319 453
52 561
2 567
217 581
285 582
529 614
457 617
3 680
144 720
695 801
767 876
836 888
106 914
110 993
191 541
384 478
383 505
365 589
632 667
447 796
485 867
758 902
777 969
245 302
329 917
10 939
282 402
123 444
20 73
184 355
231 380
284 429
286 477
394 604
453 617
510 688
218 722
543 730
887 897
48 349
284 593
421 674
244 913
421 966
5 141
306 794
335 939
81 265
150 333
125 383
265 465
184 597
253 662
150 677
527 878
338 884
411 625
167 869
522 978
33 132
151 260
375 499
161 678
627 750
117 305
422 716
250 816
601 866
134 896
231 965
532 672
120 313
462 639
493 852
576 890
631 925
180 976
329 403
78 541
149 606
80 422
83 623
91 948
156 283
22 337
183 883
304 916
258 971
13 684
710 713
706 792
11 604
376 669
380 671
631 710
737 905
153 915
413 919
20 521
328 611
461 655
644 950
570 965
117 352
637 739
30 741
421 777
274 794
246 908
46 924
151 249
38 537
260 921
415 533
542 714
841 919
109 179
6 945
827 993
379 441
36 881
175 269
172 458
515 991
22 34
143 338
641 718
447 928
630 662
80 716
190 813
524 652
368 717
87 797
143 884
198 980
57 297
90 501
276 740
333 829
507 937
872 978
98 405
349 523
487 575
753 762
18 805
490 850
238 945
532 535
730 735
240 935
123 311
297 344
294 450
575 685
313 759
133 963
613 982
185 262
179 365
585 829
43 967
673 988
104 577
564 577
139 751
140 886
154 197
210 364
405 486
248 602
276 868
139 418
515 530
451 762
397 830
643 845
52 873
363 874
849 949
191 300
296 519
598 828
451 956
196 314
189 348
543 698
741 749
227 760
572 830
548 858
611 767
690 993
182 183
38 769
406 785
27 956
69 513
848 886
183 446
278 467
272 635
17 392
136 417
267 427
516 554
451 614
47 463
314 532
514 581
17 859
77 377
387 431
59 468
294 591
189 646
472 986
50 305
119 382
407 418
217 514
93 598
408 742
486 748
495 844
689 862
307 873
41 901
153 348
208 365
113 443
204 723
283 803
343 481
557 618
324 794
4 804
247 843
187 871
775 896
196 385
365 400
209 588
94 775
53 884
27 502
634 653
660 673
688 882
180 212
58 431
89 455
626 923
625 938
879 954
193 436
459 573
263 602
562 733
212 755
32 290
268 304
629 717
391 729
825 858
218 980
216 786
633 814
566 840
574 866
31 413
0 631
776 977
188 430
460 515
146 521
310 562
48 568
483 606
37 616
200 633
366 665
201 688
214 806
246 837
523 901
26 906
557 918
156 977
76 137
348 793
15 214
165 576
436 654
0 695
48 943
811 999
118 542
345 996
6 434
557 907
260 927
274 289
153 315
113 615
232 401
195 823
24 968
388 543
103 600
643 656
214 713
430 832
284 447
266 367
122 632
35 659
171 727
524 765
417 869
124 295
7 376
433 450
352 532
500 548
148 763
138 793
157 162
171 377
583 904
87 155
80 260
415 490
164 518
352 535
336 673
683 684
103 700
596 800
54 125
249 374
457 595
232 718
255 835
789 835
323 992
178 694
192 829
306 970
264 294
545 717
605 825
157 938
43 356
457 476
644 849
144 167
471 562
257 635
506 730
429 796
662 815
816 826
618 933
306 324
141 714
470 742
72 795
852 926
81 961
855 970
65 976
655 984
173 384
502 775
45 786
267 883
524 886
62 88
202 214
220 431
369 460
177 537
166 633
148 685
471 733
566 828
564 882
287 899
232 256
6 295
289 303
375 540
172 174
57 440
378 643
128 765
716 927
736 849
587 907
365 998
161 719
390 823
109 589
102 606
413 841
216 977
41 349
33 521
365 681
164 699
228 701
535 823
936 979
68 526
132 923
73 146
38 187
31 220
267 446
526 585
505 701
145 721
577 755
46 790
81 915
884 996
298 593
134 649
727 926
309 326
123 712
621 743
224 421
197 469
302 553
352 672
681 752
404 829
149 844
491 867
277 346
524 644
451 675
372 679
695 806
11 186
138 278
606 661
4 158
88 332
714 807
513 892
892 900
249 260
758 860
31 364
209 463
73 722
594 854
516 887
389 977
416 591
410 655
651 655
115 699
219 819
536 918
122 667
632 703
311 712
5 807
473 959
763 962
322 343
256 350
333 526
225 597
258 621
483 661
406 680
186 758
711 787
9 875
115 246
197 419
460 530
18 609
55 732
155 738
47 816
696 850
127 897
235 507
35 842
429 928
20 33
93 99
242 321
450 538
14 706
724 974
202 317
53 345
437 867
633 942
277 302
54 443
188 707
584 866
762 916
143 534
321 568
237 741
232 843
345 617
36 150
144 193
280 330
243 478
404 526
463 588
549 617
144 745
164 778
349 778
89 798
614 916
84 89
570 822
601 852
824 897
16 157
171 205
11 860
718 936
825 963
482 729
181 844
305 823
722 980
3 407
12 443
196 562
622 761
216 803
583 810
811 871
15 890
674 931
393 967
250 807
671 672
235 705
652 849
123 271
297 331
388 525
309 565
49 724
235 282
50 291
264 538
488 662
67 739
555 845
612 655
882 976
95 193
454 749
72 757
27 896
360 914
706 953
409 438
101 465
532 821
182 267
165 343
512 529
35 564
493 926
902 942
897 954
484 992
13 525
410 658
651 658
310 821
849 886
887 954
472 735
207 740
342 761
672 823
425 868
107 879
284 342
223 483
343 576
752 998
30 211
720 768
629 903
299 541
508 604
33 626
114 759
159 809
371 818
41 126
176 522
455 851
604 860
930 933
628 981
78 122
55 619
42 637
626 714
345 534
452 592
656 879
889 897
468 987
534 996
374 645
661 844
12 158
35 180
78 300
289 306
382 612
233 873
65 882
612 984
208 752
29 784
241 846
711 848
608 946
494 629
490 533
38 571
929 944
107 378
332 590
169 808
613 936
933 936
310 385
149 386
192 703
7 743
577 882
27 94
176 872
716 921
866 926
548 976
188 537
81 627
86 658
481 674
0 713
291 766
19 706
454 799
648 850
508 942
78 108
31 290
200 432
208 464
117 532
720 745
343 777
518 811
385 821
524 848
597 937
642 979
29 123
86 638
652 950
305 535
33 542
378 554
63 623
535 671
680 692
777 931
851 956
759 992
233 312
579 594
589 681
106 807
762 875
147 215
416 450
109 475
47 578
423 677
266 763
160 790
691 966
664 973
21 399
126 523
486 563
969 970
126 454
565 693
838 886
350 965
179 208
85 341
311 620
239 688
144 768
898 946
73 198
82 227
647 665
687 788
608 825
180 858
571 871
234 903
149 181
119 702
584 727
35 882
352 390
220 413
78 150
230 553
484 759
670 772
128 848
295 864
253 907
146 923
878 928
107 954
41 142
71 312
287 559
500 605
397 683
336 792
14 851
397 889
878 913
188 922
161 800
713 813
692 817
817 831
16 828
87 894
162 373
235 607
497 635
191 667
432 814
482 840
451 875
103 335
128 459
363 498
395 579
91 581
346 731
799 853
430 871
930 936
32 364
404 703
750 793
199 848
767 972
22 941
742 980
112 504
640 681
422 927
297 726
15 303
591 905
370 954
210 344
336 798
405 902
816 914
894 969
101 447
382 489
435 565
20 722
30 799
43 808
598 819
244 551
296 715
87 754
325 466
367 477
399 520
495 661
40 704
704 766
411 772
271 784
322 794
650 918
350 596
179 723
30 749
249 927
45 216
28 334
50 390
114 426
241 597
110 803
398 833
787 848
796 878
898 929
421 969
657 764
277 339
205 747
201 795
231 822
643 879
160 924
870 967
98 486
134 675
578 826
152 956
355 362
247 642
478 700
0 925
514 948
453 974
326 999
125 158
263 664
431 780
462 668
305 672
390 704
405 924
695 925
825 946
166 563
191 703
7 732
60 784
101 298
22 391
301 549
358 955
204 475
8 531
141 542
319 617
629 737
765 886
856 914
855 931
194 255
228 383
336 455
438 796
328 876
217 948
430 997
464 998
438 447
114 492
4 615
561 698
321 349
158 428
777 855
104 755
940 945
944 946
668 995
110 216
310 314
45 803
584 852
54 428
663 685
577 688
567 728
554 879
718 982
100 497
272 497
488 618
247 641
67 664
584 664
168 692
185 758
718 843
698 873
452 877
896 956
682 990
178 326
528 581
33 73
142 523
638 658
264 671
478 935
48 246
253 354
177 386
285 581
122 703
247 831
212 842
392 859
801 922
674 969
312 983
202 303
115 349
63 705
111 387
1 464
281 561
41 321
306 343
92 391
175 427
346 553
186 604
717 737
315 750
130 858
436 869
298 438
153 467
855 969
313 992
459 994
184 235
438 928
84 336
438 540
791 893
222 335
256 641
214 695
732 743
246 778
134 780
908 957
409 959
561 983
325 580
586 822
64 351
121 384
400 723
232 782
164 246
145 555
487 685
673 709
107 897
853 958
139 412
228 515
410 638
638 651
417 654
211 791
355 597
218 609
557 630
830 983
633 783
419 900
124 945
49 973
275 417
120 484
490 612
375 679
257 841
59 988
601 776
845 879
479 910
865 934
94 956
270 962
464 539
771 868
710 925
473 622
469 900
321 908
736 950
21 520
321 523
206 701
100 257
120 492
229 560
98 604
555 656
474 697
278 809
738 894
176 920
220 364
388 684
351 774
63 235
164 308
151 575
305 586
377 727
164 802
692 864
422 932
927 952
64 207
79 277
82 341
343 674
92 783
714 856
263 739
102 223
532 586
304 614
92 687
2 695
33 714
665 771
22 840
551 878
230 245
245 346
161 597
557 662
334 676
299 703
14 792
276 818
773 868
169 893
167 275
536 677
579 727
168 831
512 875
206 383
111 431
409 447
637 724
336 953
56 990
58 111
9 304
470 980
322 324
420 498
471 726
410 880
651 880
93 396
475 721
589 721
669 732
781 908
171 601
132 647
327 658
521 722
126 237
67 248
49 263
62 590
537 610
382 655
377 664
499 760
683 812
377 866
52 312
19 336
63 607
102 661
614 753
500 858
564 976
418 692
334 725
711 765
289 370
493 584
110 786
116 139
109 204
274 324
13 397
239 510
218 519
307 525
65 577
47 588
513 708
140 711
519 715
943 957
362 994
31 111
613 692
13 830
493 854
202 925
381 514
243 552
400 640
278 646
54 804
38 999
50 117
184 282
43 393
242 568
587 630
360 714
174 469
192 404
144 417
300 536
519 609
442 621
576 710
439 770
244 870
708 892
321 957
179 998
202 324
235 597
628 757
454 901
320 918
608 929
173 243
303 324
392 598
673 706
190 710
740 779
801 850
97 865
36 192
35 755
794 890
213 401
441 652
449 708
309 770
463 826
349 908
31 387
268 491
316 585
45 747
384 935
242 943
755 757
702 880
90 888
20 923
162 938
221 463
506 873
268 875
630 918
125 228
92 262
69 458
318 411
377 414
266 603
666 878
209 885
710 890
14 336
143 345
46 486
378 656
699 778
303 890
19 987
60 123
156 601
265 750
145 845
434 864
171 866
602 973
253 630
404 677
522 685
140 848
842 882
441 995
142 242
17 359
298 796
5 221
99 598
512 614
405 790
256 843
124 940
80 952
44 211
201 460
509 615
58 775
686 867
703 881
72 981
152 614
45 389
46 405
66 558
447 593
470 715
752 857
110 947
953 987
5 118
211 237
554 683
194 756
481 777
575 978
387 726
745 869
588 885
522 920
966 969
31 32
4 12
262 633
126 741
773 818
94 152
145 656
496 665
733 821
61 176
234 368
174 419
152 896
150 300
510 712
706 798
295 817
230 277
300 632
53 301
441 644
761 910
308 571
307 730
571 802
694 844
765 949
168 295
35 548
64 779
245 339
207 408
27 675
312 698
32 726
577 757
130 842
639 874
491 875
517 899
237 901
648 925
378 954
690 960
206 228
468 774
825 929
716 934
402 507
664 926
99 219
409 473
75 600
730 986
139 439
528 531
504 567
755 882
286 911
49 273
213 570
631 801
38 811
605 858
56 927
949 950
15 317
219 396
55 442
148 522
561 599
153 646
743 810
304 875
576 931
198 296
338 345
85 559
587 815
477 888
251 727
546 876
552 935
26 462
503 678
46 160
225 362
190 386
398 405
395 609
186 633
601 664
692 751
280 774
27 775
483 785
659 858
952 990
104 564
15 824
854 861
629 905
354 565
463 578
183 216
135 335
175 399
369 515
305 569
87 691
421 738
741 932
21 374
554 572
212 577
695 850
803 993
289 322
301 457
78 667
530 795
421 797
746 884
38 997
44 254
52 307
94 437
317 713
594 727
406 751
512 762
5 856
595 885
543 983
72 201
320 345
50 352
129 366
119 410
307 561
271 620
119 651
340 704
169 899
0 922
298 928
837 943
54 981
301 996
74 214
18 395
100 425
180 548
455 673
82 760
572 889
26 46
293 319
135 600
96 899
275 436
534 630
26 639
224 691
84 706
415 707
197 725
613 843
348 985
701 991
382 490
523 853
77 205
364 471
285 531
421 754
326 770
879 887
178 999
105 130
118 132
141 250
127 370
330 468
217 531
378 812
423 829
6 124
194 480
198 521
397 554
142 568
466 583
101 666
574 739
291 823
295 831
395 854
203 876
86 943
175 353
239 444
15 925
755 981
24 161
168 434
109 539
132 542
102 785
753 916
575 920
219 938
784 947
134 152
90 183
12 509
279 657
618 815
579 861
41 958
262 391
200 758
117 671
541 703
49 67
444 712
679 760
548 951
781 832
284 473
232 979
189 793
88 292
666 750
229 483
179 539
201 577
441 736
687 840
252 289
20 371
455 775
35 39
12 113
165 190
161 234
428 505
516 656
469 708
366 771
551 793
41 853
77 854
702 870
894 966
85 517
522 663
758 814
472 820
437 896
717 903
71 915
563 942
44 658
299 667
133 825
6 968
519 980
383 474
96 559
283 747
347 761
246 321
452 812
378 845
240 243
101 284
271 444
225 507
236 682
769 781
648 806
434 817
97 899
33 665
735 873
48 908
195 352
513 725
698 830
294 305
306 576
79 245
23 328
283 389
32 562
119 612
355 653
455 706
472 730
465 750
303 824
223 844
517 865
142 349
181 813
696 925
88 259
122 385
230 491
626 647
502 673
239 712
747 866
56 80
6 503
551 839
232 982
461 658
398 486
428 509
82 559
635 660
676 725
736 765
512 896
344 964
222 600
52 698
719 903
26 486
674 738
727 852
837 908
642 933
782 936
106 141
364 440
391 482
40 531
339 553
496 722
87 738
358 945
131 352
492 737
244 880
554 954
80 249
68 316
178 495
511 753
187 781
193 869
414 923
434 945
150 192
659 688
354 693
161 846
25 160
172 449
94 512
199 573
728 809
779 868
385 532
376 621
597 678
691 855
801 925
408 980
15 127
177 188
485 491
105 548
9 553
598 859
356 870
274 343
252 475
505 697
563 758
403 987
254 658
386 661
290 471
234 717
822 965
128 994
138 153
241 903
163 961
73 218
248 263
285 426
405 604
179 464
115 568
350 570
205 590
231 667
741 799
799 837
702 913
49 914
601 926
522 575
783 788
20 198
542 807
489 984
122 191
219 411
65 659
960 993
83 235
70 236
51 350
296 470
146 542
558 653
344 726
426 759
713 801
203 805
768 869
139 680
765 849
633 860
233 307
192 333
209 816
588 826
546 862
282 789
754 894
85 899
48 242
3 406
199 459
481 606
589 752
254 880
17 99
330 351
597 705
202 713
11 790
946 963
36 68
216 283
186 361
69 820
907 918
386 495
514 528
444 552
299 677
516 889
18 895
840 941
240 369
523 568
251 609
254 791
488 930
142 957
302 964
29 271
407 785
472 873
803 960
206 991
210 387
115 518
669 743
425 818
576 855
487 920
205 926
932 934
247 936
4 113
670 797
378 887
59 497
354 587
565 746
325 335
414 714
226 836
134 867
362 937
288 945
233 698
300 703
419 708
695 713
602 747
396 955
2 159
5 360
166 405
491 553
472 599
548 659
408 773
302 867
215 874
547 943
929 963
782 979
416 570
395 805
319 974
229 406
149 483
426 528
361 604
497 673
166 748
81 750
1 797
275 909
839 928
243 700
815 907
4 54
491 686
677 703
291 704
711 838
590 852
761 959
188 997
76 206
157 373
79 553
73 665
167 720
369 795
67 866
675 875
940 955
597 607
196 733
1 772
157 772
48 799
624 836
796 839
501 883
282 937
18 296
517 559
161 607
52 730
527 839
523 958
947 993
396 411
285 514
72 515
619 669
433 737
774 779
392 828
860 902
98 160
489 490
268 553
93 859
146 371
34 391
96 442
449 469
741 901
166 508
641 782
502 851
205 866
458 892
554 897
231 570
19 468
433 569
516 643
177 844
324 855
58 220
334 479
246 523
423 526
488 587
806 925
227 375
407 692
195 766
28 910
839 913
53 534
331 440
132 496
446 501
555 721
153 750
136 193
433 591
715 742
304 762
525 830
674 855
510 882
894 931
108 122
75 335
646 750
134 775
750 915
189 278
13 452
391 788
144 275
15 324
511 529
234 545
14 709
372 760
254 870
211 893
322 969
419 449
320 536
491 649
564 659
450 905
441 949
755 976
102 229
213 380
54 628
542 647
678 800
489 850
831 982
187 188
353 446
29 620
465 666
858 898
488 907
286 912
150 526
54 615
214 648
78 677
525 698
333 703
390 766
307 830
44 893
146 366
264 569
538 570
322 576
479 622
230 649
373 657
521 665
247 692
628 755
793 839
368 905
815 930
529 956
230 964
216 501
358 623
278 627
729 840
263 866
534 918
709 988
213 350
368 494
398 756
510 963
494 545
16 625
650 907
743 904
138 985
155 421
584 601
665 722
110 182
210 471
551 646
66 734
666 793
127 794
92 814
482 828
780 867
148 872
317 925
289 970
40 50
119 461
2 648
648 713
564 757
800 846
848 849
193 863
481 894
64 408
161 705
152 762
112 985
389 993
525 556
333 677
652 765
41 237
208 400
264 586
89 675
525 730
39 976
296 980
496 626
464 670
42 724
32 733
503 607
613 641
803 827
92 200
118 250
266 270
324 343
25 616
401 782
131 821
207 868
405 942
383 991
652 995
445 697
546 805
83 945
301 338
180 510
181 223
406 418
154 419
450 492
516 845
285 948
880 967
786 993
13 388
329 448
205 493
16 598
180 688
74 728
428 804
405 860
306 890
528 948
224 969
866 973
96 341
223 386
153 793
577 981
30 126
265 315
394 405
284 438
380 586
429 593
239 620
348 627
653 734
64 773
596 846
361 860
663 872
725 892
547 908
63 945
642 982
736 995
293 578
527 702
57 210
139 229
32 316
289 324
72 460
673 798
696 806
372 808
643 812
532 823
529 875
228 428
144 436
41 568
423 703
475 723
100 660
84 956
90 286
94 485
433 494
182 501
336 502
18 519
362 573
602 664
74 695
509 804
852 866
281 873
604 942
588 975
340 352
157 411
222 466
428 615
510 659
623 940
177 181
340 390
152 529
562 821
706 851
519 742
92 432
60 444
579 609
593 622
29 690
205 776
71 153
437 491
98 563
775 798
213 822
599 873
188 533
151 685
473 910
613 930
85 258
307 312
331 704
109 721
54 757
586 823
476 885
467 985
166 185
150 299
164 349
152 491
377 493
642 718
162 828
370 897
176 962
160 215
99 392
179 752
71 809
613 831
31 847
248 574
696 713
726 733
763 872
44 86
568 778
24 800
602 866
153 985
400 721
351 740
198 496
204 539
507 597
305 416
301 534
71 561
490 707
262 729
537 769
336 851
936 982
725 900
70 990
182 216
3 229
127 289
374 399
154 469
218 470
281 472
97 559
160 604
60 620
214 631
109 640
247 718
237 749
8 766
416 822
689 861
379 874
300 881
75 935
199 995
627 793
77 866
825 944
107 397
84 775
357 816
545 905
678 968
192 310
619 621
474 701
871 999
71 112
204 370
87 674
371 740
3 785
142 908
108 300
20 366
505 509
187 537
493 594
422 749
203 862
11 942
240 700
765 787
82 899
526 703
826 885
485 896
301 453
618 782
889 954
281 312
303 370
321 547
345 549
326 571
188 610
638 655
391 687
683 830
11 924
813 925
297 964
392 989
149 190
134 491
410 702
651 702
114 313
197 513
343 691
36 703
202 710
829 881
224 894
872 920
711 949
352 586
400 681
613 718
523 778
747 977
66 140
574 601
425 635
131 733
451 753
522 763
502 896
739 973
146 722
914 973
176 266
82 287
256 401
169 559
360 816
150 829
717 846
454 932
494 591
186 902
31 919
46 604
337 788
544 838
164 568
353 883
14 84
27 512
518 571
226 637
563 860
89 956
391 566
222 580
255 668
503 705
566 729
354 746
790 860
573 995
41 246
429 456
347 479
384 520
176 685
207 818
111 841
561 873
409 593
49 637
52 472
376 743
618 936
103 939
468 953
608 972
298 342
692 831
85 97
124 168
149 495
355 507
50 535
379 644
311 690
55 743
98 748
262 788
0 813
693 884
397 887
125 991
453 549
77 601
107 683
210 733
685 872
154 892
367 962
295 968
159 489
388 572
642 692
15 713
265 627
357 637
235 937
106 118
121 243
549 624
441 639
255 789
266 912
373 941
170 361
107 572
225 653
206 697
381 731
375 456
193 511
36 585
7 619
399 645
525 684
310 733
188 769
127 202
16 411
94 502
128 573
192 585
778 837
189 551
195 704
719 800
202 824
786 960
488 557
91 582
858 963
490 984
253 815
949 995
101 429
492 494
178 560
125 505
205 584
145 640
560 661
351 868
807 914
422 934
598 938
150 191
1 224
544 550
424 697
571 610
461 612
432 783
297 340
392 482
70 645
125 804
490 922
696 922
357 974
858 976
564 981
214 696
400 752
537 871
317 631
81 676
174 458
82 679
121 700
377 852
627 646
83 705
533 850
30 901
165 317
537 999
10 137
109 145
131 532
555 643
532 671
262 758
89 851
281 961
278 915
343 969
29 60
89 134
2 696
526 881
37 361
811 832
410 870
651 870
763 920
850 922
860 924
65 180
365 640
171 664
655 702
698 730
574 747
14 798
6 63
551 702
296 722
199 949
206 505
102 149
631 696
371 425
377 854
343 894
401 965
305 352
580 904
32 210
380 385
293 423
425 497
218 521
325 600
379 639
84 673
191 677
212 688
76 697
113 701
366 818
537 832
684 889
163 891
516 897
322 931
41 943
848 949
798 956
264 965
457 974
96 619
645 682
432 840
185 942
777 966
178 997
631 648
87 777
374 927
242 246
43 372
794 855
139 407
792 987
93 318
219 318
156 602
286 603
193 720
454 853
643 877
869 909
249 921
295 945
605 951
727 861
805 861
6 623
190 631
116 770
142 799
816 856
267 947
380 667
0 850
997 999
301 320
120 426
128 634
854 926
656 954
265 961
74 504
13 812
838 848
533 612
104 628
128 653
434 831
874 906
237 523
400 998
689 876
122 192
260 422
114 433
320 476
231 671
241 678
452 683
368 719
199 736
242 837
525 873
270 884
837 901
357 914
873 983
270 699
2 728
276 774
433 905
287 372
177 430
441 462
329 792
550 838
662 933
691 970
201 510
481 855
749 958
345 457
465 593
233 730
20 771
658 791
130 976
156 205
122 299
182 389
481 576
521 626
324 710
140 550
658 880
61 888
633 902
266 911
794 970
115 308
150 632
115 802
124 817
35 105
591 717
162 764
65 104
142 246
661 694
748 758
278 793
683 889
764 941
85 442
293 457
113 509
269 520
400 539
556 592
50 672
323 759
344 780
317 813
292 929
380 965
336 988
859 989
442 669
165 710
772 938
33 414
61 477
52 543
618 662
211 749
375 760
571 832
214 567
224 670
771 773
322 777
808 899
539 970
354 435
235 678
49 739
477 836
84 896
828 938
748 942
132 146
691 931
474 509
610 811
26 98
287 341
3 412
382 415
392 566
130 605
258 732
529 916
422 952
83 607
125 615
589 723
308 871
802 871
88 205
265 334
366 425
5 542
545 737
371 868
795 991
0 214
776 786
38 188
68 192
303 306
394 498
392 819
244 878
328 972
235 288
93 411
921 952
168 680
4 628
508 790
337 840
174 892
128 558
711 736
72 755
683 877
599 961
194 486
227 499
573 653
412 770
557 815
71 983
393 456
229 661
422 741
603 763
388 873
203 895
246 518
132 521
647 722
47 106
113 383
330 779
584 854
52 983
189 985
525 683
720 869
193 909
301 319
432 482
312 599
246 308
274 576
181 661
540 679
507 789
246 802
66 838
264 380
28 622
342 429
439 560
631 695
137 939
233 983
268 277
71 315
268 346
183 389
452 525
180 564
208 589
674 754
779 818
500 842
78 881
93 938
105 976
501 836
219 859
135 137
112 159
61 286
344 387
176 487
72 564
156 786
786 827
575 872
593 910
238 968
84 94
321 781
610 781
875 916
16 219
9 277
186 405
475 640
202 794
49 816
427 446
140 765
199 524
680 817
47 885
793 913
143 301
388 397
56 645
39 548
166 398
142 547
13 556
272 660
554 684
647 714
17 819
403 917
318 955
292 960
370 794
618 907
523 943
231 401
467 627
315 961
168 407
414 584
580 810
274 969
314 672
545 734
219 828
171 854
124 358
294 570
68 588
702 984
204 289
125 509
368 737
798 896
568 957
338 367
200 391
78 404
650 662
447 666
437 675
508 758
831 843
272 868
48 957
189 489
41 778
634 994
6 24
7 621
629 734
666 796
455 896
3 116
7 442
148 487
453 595
118 626
276 771
503 800
871 908
222 939
357 973
448 987
19 988
530 991
159 278
305 450
61 763
456 796
736 848
151 927
186 790
543 830
713 890
456 928
11 25
707 801
97 169
233 472
179 640
475 656
666 928
607 968
387 440
172 513
40 823
846 903
415 922
391 814
873 986
34 566
259 590
59 660
206 744
572 887
21 70
31 316
450 494
443 628
722 771
110 827
92 337
49 248
291 352
129 542
138 551
499 679
401 718
139 785
104 795
214 317
741 853
247 864
781 871
71 278
229 495
274 303
263 357
109 365
9 614
342 622
602 776
111 847
641 936
60 552
602 637
576 794
308 908
802 908
252 954
61 148
78 192
68 333
186 563
199 652
691 797
668 835
124 864
714 923
292 946
605 946
400 475
720 917
343 970
295 503
738 777
94 798
30 932
14 953
674 966
256 982
82 808
573 835
560 844
248 973
386 997
25 361
214 710
319 885
166 200
253 488
257 660
294 822
657 857
488 936
1 966
31 726
680 785
879 889
278 315
94 455
325 583
29 712
66 787
23 972
131 297
86 461
630 650
273 826
648 922
751 785
577 795
9 152
624 637
348 750
747 852
412 930
367 763
825 842
105 951
158 509
61 663
665 818
672 822
549 912
284 622
69 725
407 817
832 908
325 939
645 952
284 959
51 256
258 442
143 630
384 700
437 775
241 800
166 814
475 845
812 879
43 254
11 394
359 402
408 779
212 548
689 805
378 889
226 549
601 602
652 711
855 894
415 984
223 495
547 638
570 671
56 422
162 625
199 634
502 706
15 794
192 423
314 535
525 572
524 787
559 808
242 832
890 925
182 353
75 478
290 585
186 924
781 943
621 971
435 884
608 898
915 961
120 433
514 531
338 549
536 650
609 715
597 719
57 331
202 576
592 683
15 806
553 867
568 943
108 401
238 503
542 626
717 719
252 723
554 812
106 826
378 877
192 881
259 929
592 643
681 721
116 930
238 940
159 728
788 814
190 844
87 969
34 92
290 364
31 471
453 476
291 531
271 552
531 582
166 604
435 699
331 733
664 747
398 758
675 775
447 839
556 877
356 880
322 890
211 454
546 611
56 921
182 947
25 394
405 758
274 890
254 967
26 194
65 757
312 915
508 924
525 983
33 118
467 551
203 611
72 688
108 703
153 809
557 933
135 466
542 665
3 692
187 707
563 924
131 390
416 671
34 788
145 204
398 480
270 565
416 586
155 894
121 935
11 37
217 426
537 571
279 998
25 604
401 641
86 791
254 808
463 816
277 491
529 675
386 694
123 784
92 840
777 970
58 89
195 305
271 311
10 335
230 485
10 600
155 797
506 820
748 833
165 855
355 903
72 991
387 413
36 677
564 688
467 750
425 771
200 788
685 978
488 650
709 798
306 931
934 952
185 432
81 465
165 606
64 276
409 456
268 614
775 780
750 839
368 846
477 872
650 933
746 962
316 975
251 493
273 816
74 824
122 310
165 324
196 532
198 665
61 685
594 689
275 745
705 968
225 241
210 331
459 558
213 667
659 755
59 774
493 861
214 890
610 997
535 822
61 920
111 364
169 791
725 891
653 937
377 626
305 671
2 214
546 895
486 924
908 943
306 969
380 570
577 659
393 679
567 695
703 829
101 839
5 106
47 250
36 588
23 767
888 911
886 949
125 443
294 586
322 691
500 825
542 856
290 919
52 506
61 575
127 954
233 543
430 571
564 628
126 837
18 861
293 881
427 883
486 902
493 590
176 603
179 681
9 686
65 842
111 919
663 962
462 995
589 998
43 287
344 364
469 513
265 676
21 173
19 673
73 715
47 975
91 426
408 715
214 801
48 901
155 224
475 589
455 709
845 954
120 992
152 437
311 444
257 497
366 542
53 549
644 711
545 719
512 851
265 915
820 986
51 161
430 707
543 735
321 799
11 170
146 198
231 264
67 637
487 663
317 794
665 923
455 956
86 142
86 211
58 387
347 473
187 547
292 590
147 639
15 710
464 723
408 740
782 843
35 130
117 195
5 250
547 769
55 621
238 623
256 965
173 399
420 639
800 968
280 987
290 413
198 519
510 898
692 930
638 943
242 349
290 847
259 946
39 130
428 443
115 837
56 934
132 141
241 355
67 357
229 407
379 652
77 664
25 790
567 824
652 848
434 968
157 279
160 363
338 534
200 729
418 930
670 966
66 994
24 63
297 364
134 512
314 586
528 766
184 362
241 368
223 481
476 617
508 633
456 679
131 704
57 726
560 785
2 850
155 966
65 628
485 675
646 913
39 65
169 517
311 784
349 799
533 801
396 819
475 555
139 560
431 775
132 807
216 883
25 498
520 645
843 936
303 317
415 655
573 668
402 835
614 675
776 803
440 964
80 151
451 896
832 957
412 418
470 609
440 733
516 812
289 855
953 988
54 701
151 921
308 999
802 999
6 83
42 453
239 460
341 517
20 542
264 591
222 636
84 709
224 777
238 864
103 935
29 947
428 991
844 997
314 380
117 390
547 832
165 181
384 552
273 637
314 671
531 704
603 962
65 981
145 252
344 649
135 325
14 455
103 478
383 509
435 962
14 19
94 451
675 851
327 893
699 962
888 978
364 431
428 474
493 579
297 733
300 541
706 988
285 766
58 780
237 853
320 595
198 609
289 890
734 903
534 907
100 129
133 608
21 682
284 761
387 780
605 898
308 568
568 802
59 425
550 558
481 691
729 814
707 850
686 964
309 999
548 605
862 876
684 983
169 327
550 787
303 897
349 901
118 914
175 374
377 601
395 727
432 788
403 792
423 885
441 906
430 999
90 226
13 554
600 700
667 703
190 223
536 557
229 751
588 829
748 860
447 878
538 905
427 978
10 466
156 803
13 543
851 896
865 932
54 228
302 491
342 593
146 626
198 647
625 670
110 690
368 734
140 544
35 858
858 951
782 982
330 987
397 504
362 558
49 574
73 626
346 686
94 780
758 783
51 846
683 887
492 905
189 913
263 914
716 932
857 998
610 999
18 251
74 648
42 974
12 54
19 59
27 336
152 485
551 666
636 669
425 740
326 811
180 963
568 781
787 849
81 153
61 603
563 604
0 707
644 765
769 957
110 977
192 196
190 576
473 593
378 683
518 699
563 790
250 826
178 844
613 864
673 953
360 542
193 654
778 853
96 865
88 960
201 882
209 975
284 796
872 888
21 269
154 479
255 480
218 496
419 513
595 617
591 737
97 893
931 969
16 373
12 428
157 764
188 832
320 996
42 248
294 671
546 861
316 919
116 418
231 541
333 585
242 769
542 923
139 406
385 671
713 806
828 840
426 581
23 605
229 694
950 995
306 317
400 464
409 761
288 705
518 908
815 936
293 333
101 796
110 883
61 911
414 926
342 438
797 894
757 991
273 453
220 726
824 887
831 968
68 975
276 330
316 471
632 677
486 756
355 634
5 714
349 943
11 166
156 216
225 235
442 517
248 724
348 915
712 944
73 132
401 667
279 772
239 795
549 911
190 317
506 599
609 861
606 931
130 180
3 439
142 781
141 914
518 568
234 800
88 283
22 432
426 582
71 627
7 636
363 639
94 851
286 872
780 896
187 957
561 961
704 964
300 423
594 805
6 607
320 630
644 995
128 362
272 366
642 843
23 951
95 144
315 348
650 815
797 969
468 988
5 129
135 222
566 598
104 991
15 74
80 374
185 186
114 484
147 498
105 500
333 588
594 609
263 637
277 731
352 821
30 41
73 296
300 404
351 408
51 503
207 771
268 916
149 165
122 196
122 314
46 563
621 669
388 730
409 796
736 886
465 891
605 929
374 952
867 964
831 979
496 542
691 738
418 785
93 828
208 279
207 774
343 890
879 897
331 964
123 239
56 374
122 380
388 561
57 649
450 737
538 822
203 861
244 967
204 970
28 593
158 628
275 768
162 941
160 420
618 718
748 756
760 834
