1000 4561 55.47071299343465 sparse
0 187 629
1 979 123
2 61 78
3 485 529
4 185 514
5 924 373
6 178 665
7 774 774
8 431 251
9 983 299
10 616 601
11 963 294
12 898 263
13 673 793
14 356 413
15 676 819
16 262 22
17 906 281
18 692 887
19 323 68
20 217 223
21 947 795
22 997 625
23 533 155
24 297 687
25 261 988
26 716 0
27 74 26
28 217 852
29 795 488
30 45 9
31 381 881
32 673 544
33 565 443
34 728 271
35 492 576
36 868 227
37 892 776
38 883 660
39 815 916
40 644 18
41 834 572
42 630 894
43 923 297
44 658 878
45 602 913
46 851 107
47 837 960
48 971 411
49 476 694
50 882 54
51 911 368
52 129 864
53 415 747
54 871 940
55 478 501
56 547 55
57 102 449
58 45 133
59 27 356
60 563 877
61 829 450
62 825 369
63 189 317
64 395 658
65 37 285
66 843 804
67 576 371
68 48 354
69 167 181
70 429 633
71 74 465
72 154 488
73 833 937
74 134 939
75 143 586
76 673 22
77 626 336
78 979 74
79 515 160
80 535 79
81 353 300
82 813 87
83 670 198
84 587 670
85 17 62
86 775 265
87 734 893
88 578 75
89 260 562
90 7 414
91 269 137
92 160 971
93 537 482
94 749 120
95 593 297
96 88 102
97 76 158
98 180 759
99 806 719
100 844 729
101 649 679
102 303 85
103 185 404
104 997 123
105 539 414
106 117 958
107 671 912
108 51 269
109 692 480
110 996 136
111 606 784
112 65 392
113 577 139
114 724 377
115 785 206
116 180 59
117 921 405
118 650 54
119 659 105
120 855 534
121 397 719
122 479 559
123 748 23
124 33 554
125 18 844
126 456 785
127 157 367
128 899 368
129 148 262
130 405 377
131 126 200
132 617 173
133 88 661
134 400 59
135 992 527
136 189 152
137 481 671
138 554 239
139 554 346
140 539 279
141 470 12
142 849 307
143 800 341
144 392 499
145 220 798
146 230 338
147 567 159
148 130 113
149 48 775
150 7 792
151 18 324
152 499 602
153 343 449
154 473 820
155 381 36
156 155 902
157 388 22
158 401 551
159 869 240
160 431 610
161 279 606
162 903 284
163 423 751
164 299 389
165 189 827
166 644 126
167 782 509
168 117 17
169 981 486
170 290 859
171 77 468
172 295 341
173 475 952
174 558 235
175 774 749
176 835 531
177 375 271
178 356 539
179 920 139
180 411 972
181 211 201
182 870 46
183 308 731
184 499 145
185 106 317
186 954 502
187 855 155
188 695 608
189 547 334
190 620 173
191 643 470
192 844 577
193 892 955
194 311 569
195 901 26
196 465 815
197 716 364
198 759 875
199 93 930
200 353 162
201 993 189
202 998 285
203 145 252
204 505 528
205 499 145
206 639 546
207 610 799
208 34 175
209 690 186
210 326 807
211 450 145
212 523 145
213 61 395
214 682 186
215 882 588
216 448 478
217 860 971
218 42 880
219 718 518
220 106 328
221 310 873
222 197 198
223 342 951
224 710 362
225 736 19
226 606 175
227 859 961
228 855 748
229 781 92
230 51 690
231 867 725
232 651 66
233 184 366
234 113 996
235 505 395
236 165 192
237 356 358
238 189 19
239 511 388
240 48 42
241 846 371
242 216 878
243 392 508
244 461 805
245 483 674
246 775 194
247 66 468
248 390 731
249 683 839
250 381 386
251 96 493
252 560 337
253 248 788
254 991 316
255 602 839
256 164 155
257 406 683
258 929 397
259 567 1
260 495 933
261 671 777
262 797 607
263 50 595
264 464 660
265 821 534
266 230 42
267 104 350
268 911 205
269 632 571
270 750 190
271 636 924
272 925 163
273 788 412
274 12 73
275 469 802
276 822 439
277 375 306
278 151 187
279 467 535
280 637 404
281 512 283
282 590 765
283 824 25
284 644 369
285 269 750
286 211 530
287 963 148
288 135 400
289 346 616
290 53 913
291 975 890
292 860 143
293 559 431
294 718 654
295 184 362
296 959 273
297 158 567
298 977 905
299 812 839
300 130 274
301 666 40
302 791 478
303 836 243
304 131 108
305 381 695
306 272 567
307 841 544
308 671 748
309 696 987
310 51 25
311 499 415
312 871 540
313 78 756
314 865 110
315 514 497
316 604 927
317 744 686
318 767 421
319 899 74
320 15 856
321 961 780
322 222 890
323 32 671
324 547 555
325 736 82
326 276 384
327 284 783
328 873 827
329 286 199
330 71 865
331 248 734
332 983 306
333 109 887
334 20 754
335 413 121
336 698 289
337 248 80
338 279 424
339 798 889
340 443 855
341 453 307
342 210 302
343 551 85
344 883 267
345 922 645
346 572 747
347 620 837
348 205 357
349 936 668
350 222 213
351 444 562
352 376 874
353 446 473
354 776 994
355 173 258
356 542 710
357 808 755
358 279 346
359 200 686
360 710 101
361 103 562
362 440 212
363 396 141
364 807 956
365 483 973
366 153 388
367 554 428
368 877 826
369 936 135
370 690 330
371 939 612
372 931 451
373 983 364
374 117 819
375 493 215
376 621 477
377 561 359
378 837 529
379 793 770
380 172 264
381 428 672
382 431 312
383 695 46
384 930 201
385 1 298
386 499 920
387 866 289
388 751 227
389 338 532
390 109 874
391 597 178
392 373 605
393 837 20
394 711 314
395 276 986
396 400 850
397 789 465
398 290 809
399 221 244
400 550 493
401 680 510
402 796 169
403 788 785
404 785 931
405 247 786
406 777 249
407 698 87
408 236 865
409 724 97
410 638 396
411 626 615
412 828 805
413 416 465
414 48 702
415 201 181
416 661 83
417 467 259
418 899 402
419 706 188
420 806 558
421 937 123
422 892 400
423 6 91
424 658 310
425 131 117
426 14 998
427 956 38
428 133 950
429 893 113
430 417 773
431 342 208
432 199 752
433 471 356
434 892 851
435 555 330
436 162 398
437 399 881
438 147 580
439 41 889
440 522 445
441 997 283
442 494 312
443 134 952
444 347 851
445 751 996
446 29 114
447 290 31
448 930 478
449 174 953
450 1000 520
451 181 620
452 589 911
453 106 991
454 236 156
455 981 222
456 218 644
457 648 206
458 959 419
459 482 368
460 732 899
461 467 518
462 335 206
463 72 278
464 781 869
465 88 304
466 53 699
467 791 834
468 20 858
469 829 970
470 594 397
471 88 38
472 727 366
473 787 692
474 680 939
475 62 294
476 724 868
477 717 572
478 213 155
479 321 46
480 557 828
481 552 345
482 506 796
483 642 974
484 609 657
485 265 104
486 873 773
487 83 790
488 87 501
489 416 790
490 651 489
491 385 286
492 605 797
493 751 925
494 431 66
495 884 837
496 305 288
497 217 740
498 87 255
499 125 504
500 934 635
501 733 455
502 68 887
503 801 143
504 830 570
505 336 780
506 725 978
507 19 469
508 314 247
509 809 381
510 995 391
511 211 660
512 319 832
513 38 192
514 451 536
515 200 22
516 834 721
517 430 159
518 118 846
519 86 72
520 292 497
521 609 169
522 307 608
523 264 873
524 310 7
525 281 537
526 992 35
527 434 962
528 647 670
529 471 913
530 802 255
531 269 59
532 549 939
533 137 612
534 934 376
535 3 788
536 556 434
537 848 315
538 753 665
539 860 258
540 674 265
541 47 815
542 273 997
543 639 141
544 627 59
545 285 747
546 476 588
547 203 619
548 928 5
549 218 116
550 345 681
551 608 231
552 554 488
553 537 490
554 60 468
555 96 19
556 415 201
557 483 542
558 548 340
559 68 668
560 816 644
561 388 309
562 12 206
563 962 584
564 947 831
565 373 83
566 592 554
567 473 489
568 882 201
569 800 167
570 809 1000
571 691 842
572 718 685
573 596 214
574 809 543
575 694 999
576 715 462
577 875 237
578 714 717
579 898 24
580 483 441
581 958 184
582 425 78
583 710 960
584 627 665
585 94 754
586 396 882
587 888 501
588 697 143
589 419 462
590 496 623
591 545 932
592 281 357
593 743 933
594 836 353
595 958 505
596 813 65
597 67 927
598 732 386
599 445 179
600 864 592
601 401 785
602 165 603
603 614 443
604 334 207
605 157 558
606 637 35
607 680 27
608 231 179
609 65 543
610 921 603
611 141 49
612 112 980
613 432 367
614 21 381
615 418 492
616 438 731
617 504 573
618 351 474
619 259 34
620 162 673
621 708 942
622 931 489
623 116 86
624 732 147
625 526 508
626 353 546
627 195 718
628 245 629
629 953 877
630 728 711
631 83 412
632 821 75
633 657 563
634 223 500
635 746 697
636 400 140
637 290 11
638 408 254
639 491 323
640 637 852
641 606 693
642 606 545
643 434 568
644 274 673
645 886 261
646 224 716
647 912 881
648 219 970
649 887 654
650 455 709
651 689 850
652 911 663
653 820 109
654 172 266
655 835 562
656 483 540
657 256 991
658 289 920
659 353 329
660 44 56
661 108 824
662 957 999
663 3 684
664 480 92
665 997 993
666 138 954
667 659 527
668 503 641
669 538 267
670 167 673
671 277 208
672 730 382
673 479 116
674 650 330
675 597 549
676 538 425
677 396 693
678 469 770
679 999 463
680 435 684
681 330 419
682 914 67
683 21 502
684 140 252
685 859 784
686 726 268
687 65 722
688 489 348
689 160 506
690 243 444
691 314 433
692 682 18
693 137 328
694 327 287
695 381 920
696 622 561
697 815 173
698 491 769
699 876 149
700 69 125
701 339 131
702 317 84
703 134 203
704 320 208
705 611 71
706 654 250
707 362 717
708 721 68
709 831 137
710 437 350
711 525 62
712 182 887
713 425 281
714 768 317
715 864 136
716 33 706
717 24 634
718 669 531
719 411 861
720 911 541
721 464 62
722 860 336
723 163 197
724 294 423
725 205 455
726 731 962
727 39 823
728 367 40
729 300 318
730 104 778
731 646 212
732 819 719
733 290 264
734 438 184
735 298 736
736 914 812
737 81 183
738 269 805
739 991 288
740 642 196
741 771 886
742 955 366
743 356 843
744 322 897
745 413 818
746 526 679
747 441 988
748 179 174
749 945 605
750 779 775
751 75 862
752 175 753
753 239 409
754 313 910
755 380 971
756 801 479
757 274 864
758 543 797
759 224 60
760 802 757
761 670 767
762 623 168
763 85 389
764 984 12
765 575 988
766 524 27
767 485 668
768 549 660
769 327 531
770 766 890
771 276 926
772 474 803
773 319 462
774 507 607
775 449 705
776 986 188
777 330 689
778 296 174
779 406 861
780 798 914
781 388 34
782 371 179
783 425 287
784 985 542
785 163 591
786 289 322
787 716 255
788 943 665
789 542 362
790 831 432
791 675 703
792 336 253
793 708 205
794 932 517
795 296 194
796 575 440
797 94 758
798 886 258
799 979 139
800 527 851
801 84 209
802 854 662
803 496 372
804 369 479
805 624 862
806 689 924
807 821 56
808 405 298
809 276 763
810 827 753
811 752 511
812 996 761
813 691 355
814 802 502
815 352 746
816 473 56
817 225 65
818 57 518
819 831 578
820 358 828
821 13 607
822 144 516
823 618 180
824 471 450
825 483 46
826 97 636
827 441 217
828 814 671
829 478 681
830 4 654
831 219 702
832 124 216
833 366 623
834 816 117
835 103 740
836 932 983
837 116 581
838 283 849
839 542 5
840 767 331
841 863 609
842 790 121
843 408 182
844 952 217
845 115 279
846 987 666
847 663 855
848 105 352
849 944 219
850 85 233
851 924 117
852 445 939
853 272 113
854 931 152
855 140 83
856 840 144
857 641 830
858 801 3
859 905 947
860 983 424
861 549 576
862 659 974
863 44 521
864 625 792
865 115 121
866 819 939
867 784 785
868 106 159
869 906 523
870 683 790
871 473 466
872 29 384
873 650 561
874 305 409
875 416 633
876 61 420
877 524 758
878 430 407
879 283 218
880 925 71
881 331 147
882 34 503
883 992 466
884 249 318
885 849 265
886 775 958
887 161 329
888 359 244
889 595 470
890 422 206
891 267 195
892 784 709
893 137 175
894 637 359
895 494 156
896 162 946
897 706 317
898 225 750
899 881 145
900 967 88
901 661 650
902 637 260
903 765 458
904 343 562
905 953 937
906 354 571
907 33 516
908 711 364
909 519 476
910 293 396
911 606 986
912 215 522
913 991 133
914 17 184
915 171 780
916 40 367
917 190 867
918 7 301
919 473 345
920 591 992
921 45 952
922 651 638
923 487 744
924 788 973
925 546 672
926 144 647
927 512 672
928 730 41
929 534 26
930 444 85
931 144 533
932 344 309
933 949 189
934 119 845
935 293 448
936 490 806
937 833 674
938 869 26
939 545 659
940 660 63
941 862 645
942 958 95
943 141 778
944 948 191
945 366 175
946 66 64
947 763 498
948 441 927
949 37 709
950 154 634
951 644 98
952 294 503
953 76 355
954 819 968
955 787 73
956 773 133
957 78 878
958 98 725
959 423 659
960 481 994
961 724 531
962 823 209
963 948 901
964 8 292
965 492 124
966 337 436
967 477 815
968 807 217
969 488 772
970 982 717
971 583 898
972 699 538
973 600 53
974 470 394
975 936 123
976 658 386
977 350 92
978 532 432
979 361 260
980 276 694
981 924 606
982 665 322
983 269 717
984 480 504
985 324 38
986 680 544
987 925 16
988 767 172
989 720 925
990 360 206
991 823 988
992 510 633
993 354 688
994 996 354
995 17 434
996 212 711
997 301 852
998 924 621
999 710 916
184 205
421 975
462 604
518 934
380 654
557 656
253 405
202 441
428 443
139 481
267 848
224 908
933 944
176 378
132 190
645 798
437 586
137 245
195 579
34 686
55 984
233 295
585 797
403 867
328 368
148 425
363 636
768 939
17 162
71 171
293 536
413 589
698 969
610 981
41 504
402 569
443 666
598 672
112 213
186 595
620 670
203 684
330 751
137 767
719 779
197 908
716 949
148 304
7 750
275 772
759 817
362 827
216 353
320 468
207 492
236 723
138 174
150 535
293 367
414 466
25 657
190 762
394 897
110 913
247 554
713 783
355 380
189 558
197 224
87 460
367 536
457 731
357 760
245 767
520 952
400 552
481 558
428 666
741 770
699 899
782 945
154 967
226 521
159 577
344 645
41 819
385 918
9 332
32 986
566 675
201 776
132 823
75 438
38 649
650 775
418 422
431 462
155 781
190 823
633 873
178 626
202 739
349 788
679 883
114 672
441 739
98 752
132 762
209 214
93 553
280 410
142 537
532 591
431 604
355 654
292 715
504 819
571 651
844 849
139 558
71 247
244 275
249 571
131 703
614 872
479 985
31 352
252 435
234 453
76 607
599 734
245 829
556 890
53 163
189 435
132 521
653 834
286 912
144 243
304 425
218 439
297 605
918 964
235 239
230 466
101 528
607 692
371 749
164 910
385 964
676 978
154 196
504 655
152 774
226 391
344 798
232 940
642 675
76 692
217 227
41 655
302 756
261 761
766 929
469 954
374 661
581 933
129 203
5 534
33 796
137 829
13 870
135 450
668 992
196 244
29 302
667 718
139 252
0 451
29 756
721 816
185 220
171 247
74 428
448 622
105 676
389 769
41 192
132 226
69 236
20 350
197 472
358 592
317 635
3 656
183 735
329 795
750 867
433 919
117 258
252 481
493 593
541 727
114 472
238 515
395 542
442 639
276 790
485 853
709 856
900 942
548 987
550 993
831 996
351 643
457 740
671 879
104 913
190 521
729 786
682 880
51 128
157 781
196 967
369 975
118 232
369 421
251 488
114 598
140 669
444 743
596 807
85 274
189 481
184 895
205 895
863 907
309 575
12 645
602 785
435 558
36 577
170 838
284 894
581 944
125 320
230 414
252 558
35 617
16 619
768 925
772 967
453 612
249 651
396 779
272 854
123 225
852 948
33 536
329 671
81 932
254 332
47 469
100 516
596 632
129 684
497 898
187 292
89 306
333 390
74 443
55 567
99 732
12 798
226 823
762 823
70 875
646 996
104 110
36 159
61 276
111 492
368 495
192 819
683 882
539 885
882 907
925 939
414 949
170 997
302 397
45 452
3 557
244 772
49 829
189 252
400 553
277 561
818 863
33 293
242 322
494 582
799 913
851 975
366 436
403 750
523 757
118 940
502 957
989 999
196 275
260 386
6 670
32 718
9 739
139 189
121 248
381 680
69 748
449 896
424 982
5 51
283 393
381 959
102 702
604 704
521 762
714 840
23 212
190 226
45 316
125 468
257 677
269 696
816 825
73 866
521 823
904 906
181 222
176 265
176 307
46 314
71 554
658 771
421 851
219 961
153 966
452 971
50 182
48 458
82 632
360 409
240 660
155 728
459 803
139 377
285 809
767 829
330 957
236 278
328 495
379 750
646 831
7 867
2 946
391 521
25 542
265 574
196 772
580 824
981 998
66 412
31 586
338 724
291 298
25 395
305 677
462 704
516 732
743 820
578 630
114 197
193 859
68 916
673 965
275 967
435 481
420 574
111 207
12 344
307 378
74 666
414 716
396 719
115 246
345 500
278 723
1 913
901 922
155 157
192 504
29 814
746 927
379 403
166 543
489 601
744 754
379 760
300 845
835 958
936 967
1 799
139 435
279 514
234 612
13 261
86 406
209 419
434 495
313 585
313 797
131 832
824 871
472 908
888 979
569 697
911 920
371 981
181 350
433 459
285 545
315 625
472 672
367 676
198 741
688 919
772 936
751 957
686 787
640 805
703 832
671 891
926 950
440 978
373 994
179 369
69 723
731 740
655 819
425 865
765 920
319 682
198 770
135 784
207 864
119 951
567 984
377 481
566 642
585 835
172 358
265 378
279 656
170 757
83 214
364 954
79 212
279 461
171 554
550 777
483 862
148 865
822 931
674 982
93 400
297 438
430 489
545 735
154 772
600 841
179 854
59 916
811 947
718 986
69 278
30 310
120 312
80 343
292 699
19 702
506 726
552 553
39 780
419 793
120 307
10 411
590 992
500 998
240 310
110 799
473 892
222 415
224 472
456 511
208 513
122 557
279 557
192 655
474 806
757 838
379 867
371 998
699 715
48 860
261 870
874 910
613 710
369 854
7 403
486 685
724 874
177 979
106 428
6 620
701 881
962 968
1 104
31 437
106 443
177 491
93 552
542 657
255 347
583 621
61 790
431 990
838 997
610 998
293 796
287 799
545 809
40 606
226 762
114 908
200 945
681 966
627 996
154 275
360 407
27 471
215 600
397 756
278 893
78 900
683 907
570 991
33 367
187 856
206 873
23 79
120 378
618 804
720 869
9 254
802 941
463 475
0 547
689 822
626 904
482 936
466 949
244 967
3 279
274 423
307 655
72 689
266 759
362 890
93 909
469 991
632 807
308 761
301 607
357 810
678 969
461 984
154 244
67 377
325 409
37 486
377 789
329 879
715 899
208 914
828 937
76 301
178 389
501 576
590 668
392 833
105 978
7 379
268 384
62 594
122 656
402 697
590 774
438 785
329 891
12 17
484 584
433 688
332 739
47 954
232 416
80 711
464 741
481 789
706 902
290 597
126 678
886 924
172 786
536 796
229 955
972 986
62 509
35 546
430 601
447 637
544 705
34 787
139 789
778 795
3 204
292 856
182 938
416 940
159 539
371 610
536 676
797 835
120 176
112 763
137 264
98 432
55 461
561 808
224 813
556 843
872 916
582 930
524 637
954 991
9 202
114 224
21 321
105 367
389 626
325 708
241 594
269 873
863 882
384 944
9 11
126 244
132 391
191 490
471 555
528 584
472 598
395 657
75 785
111 864
492 864
304 865
370 897
551 573
364 866
326 910
842 956
621 989
235 311
164 874
187 715
749 981
59 68
62 241
3 461
52 518
168 555
553 625
345 652
583 726
391 823
324 861
292 899
365 960
705 973
644 980
49 245
15 249
133 559
459 688
466 716
437 779
167 814
289 833
746 925
357 379
152 590
65 108
118 301
9 441
172 592
681 691
11 296
127 366
20 399
106 666
398 738
79 895
275 936
1 110
35 122
126 275
404 780
52 934
352 586
424 674
327 809
712 917
519 946
12 162
295 348
299 467
258 534
315 909
129 300
288 366
432 497
107 806
369 851
293 676
187 699
728 781
79 184
79 205
316 452
239 803
813 908
659 932
100 228
827 890
167 947
82 596
431 704
47 227
252 377
451 547
32 667
496 694
678 698
154 936
284 976
220 267
119 416
19 479
498 850
347 857
184 965
205 965
24 980
117 418
185 465
330 502
113 147
265 307
52 390
181 415
277 491
691 724
730 797
179 851
640 857
410 976
367 978
90 995
173 365
264 767
499 822
513 914
839 929
384 933
806 999
341 382
106 612
562 914
642 696
179 975
347 640
206 696
416 951
20 181
81 277
163 430
92 449
198 464
630 635
197 672
236 748
558 789
508 792
384 849
553 909
225 928
783 808
169 883
273 318
233 348
108 463
317 538
98 915
221 997
567 871
27 310
28 408
454 478
377 558
118 606
335 636
756 814
361 837
494 930
70 160
191 376
27 555
82 653
56 711
415 748
631 763
491 561
8 638
691 966
534 742
586 779
83 209
11 332
437 719
491 808
17 43
47 73
100 231
179 421
451 602
278 703
39 866
83 457
631 876
634 912
660 946
246 988
506 583
49 137
164 326
190 391
371 500
118 544
454 608
172 729
266 817
44 847
245 264
671 795
614 916
230 949
401 718
577 798
661 934
29 397
103 436
301 940
43 162
242 408
184 212
205 212
503 569
664 673
432 752
220 848
801 850
693 887
777 993
352 437
315 553
980 983
129 380
214 419
461 514
230 716
610 749
104 799
818 907
536 978
345 998
438 605
518 661
300 684
136 748
99 892
54 227
136 478
537 722
487 730
367 796
91 853
623 855
354 924
802 937
75 297
383 607
256 748
45 971
129 654
51 534
526 764
593 989
170 221
211 517
528 901
5 258
179 272
297 785
458 860
629 963
257 381
503 842
115 968
29 167
344 539
235 803
792 888
459 919
565 977
77 674
213 763
142 387
206 633
200 782
159 798
270 988
111 282
58 446
32 633
721 825
359 831
7 175
232 544
517 599
192 600
163 616
497 646
540 706
339 780
688 803
709 834
213 876
397 903
462 990
370 813
626 906
724 935
204 656
354 445
180 527
639 688
92 896
136 256
680 775
264 829
58 700
715 856
666 896
246 270
129 355
347 805
760 810
259 839
698 923
282 346
126 772
123 928
74 106
5 128
47 217
349 652
97 737
444 820
527 852
77 894
151 918
364 924
3 984
84 484
291 629
303 885
440 676
66 685
249 847
130 250
649 652
691 874
2 519
406 530
59 614
382 783
119 166
54 193
202 332
63 342
539 577
49 650
586 719
464 770
691 935
38 941
228 231
466 687
206 269
210 512
502 751
961 972
792 979
544 606
585 730
658 754
358 786
539 798
195 987
28 242
317 572
121 677
314 715
604 990
53 430
364 469
204 557
101 584
432 898
374 934
621 999
13 15
69 256
199 597
539 645
13 761
209 793
737 801
621 806
640 847
319 880
672 908
774 992
19 102
105 293
50 319
162 344
335 363
339 464
105 536
153 618
269 633
414 687
4 689
517 734
713 808
609 818
370 982
834 842
844 944
285 331
370 394
577 645
302 814
749 998
186 622
761 870
178 904
402 503
175 750
651 847
65 475
197 813
133 826
304 855
196 936
649 941
203 300
304 623
327 738
450 784
186 794
200 881
327 398
75 533
14 681
794 869
70 959
32 972
56 80
122 279
290 439
420 504
221 744
230 323
112 631
512 997
35 152
17 344
345 349
332 441
87 476
218 502
351 514
152 546
144 615
531 619
24 644
100 732
527 747
329 778
580 871
681 874
376 889
875 959
127 233
372 448
374 518
159 645
401 667
253 738
563 749
724 910
293 978
331 983
667 986
288 436
439 502
413 615
560 828
339 741
197 598
461 656
301 692
384 844
734 890
596 955
140 281
153 773
795 879
752 915
767 927
94 956
64 257
108 475
362 556
216 567
131 893
127 295
93 315
463 498
15 571
326 592
337 817
75 837
160 875
818 882
49 767
26 225
173 260
206 667
146 884
746 939
219 972
39 73
284 410
85 660
157 728
47 866
544 973
280 976
257 305
675 696
134 781
216 871
680 959
359 996
83 731
704 795
843 890
338 935
344 387
230 559
75 602
213 631
616 650
2 660
92 666
694 932
533 950
460 999
407 409
465 475
572 630
391 762
187 899
353 871
305 993
254 739
696 873
166 951
183 545
53 616
723 748
622 794
879 891
331 898
68 953
64 959
923 969
99 516
161 522
362 734
83 740
373 742
59 872
314 429
474 621
38 652
489 745
703 893
844 933
579 987
131 278
336 394
605 931
307 504
359 511
93 625
616 775
242 917
17 645
224 672
581 776
717 830
112 876
849 944
265 420
303 539
400 625
496 733
175 379
215 841
766 839
587 869
639 919
240 946
189 789
228 810
267 953
107 474
708 928
162 645
556 734
32 873
203 355
415 478
176 574
11 739
595 794
443 896
459 974
460 989
189 377
322 408
122 617
88 343
210 505
86 530
130 613
404 886
121 305
461 557
740 823
627 831
3 55
41 307
386 529
74 896
261 308
204 625
81 659
345 788
866 954
60 971
257 680
795 891
244 936
627 646
81 694
305 707
405 738
38 802
245 927
579 938
408 523
175 760
336 897
222 350
289 392
368 434
122 546
456 547
353 589
237 659
409 708
49 775
717 821
848 953
291 963
402 988
782 990
109 576
438 602
169 679
750 760
40 76
268 568
420 655
428 896
585 958
298 963
16 447
337 485
390 518
533 602
594 722
508 733
100 810
387 885
257 959
117 422
301 606
152 617
691 773
455 844
854 975
497 996
170 523
513 562
36 568
382 808
773 935
82 955
239 311
203 380
145 405
373 510
757 997
301 383
377 435
461 567
292 709
703 723
421 854
53 248
1 287
317 630
433 803
313 835
662 836
337 531
125 727
78 942
145 253
181 608
72 822
503 956
134 155
169 595
84 641
96 700
407 708
746 768
683 863
15 870
65 964
14 966
633 986
287 369
220 465
478 608
331 646
187 709
222 748
482 969
232 301
290 502
589 615
626 769
663 830
503 834
97 868
338 874
19 985
96 519
415 608
167 811
734 843
915 943
272 369
266 619
16 637
653 709
178 769
707 993
82 834
307 312
56 343
47 364
309 506
229 842
159 344
6 359
258 418
309 583
148 623
203 654
496 729
609 863
389 904
598 908
849 933
451 950
572 635
63 887
52 333
621 726
17 798
144 804
721 930
27 240
4 286
463 465
311 580
243 615
281 669
556 827
3 122
42 271
503 709
8 713
69 893
328 434
523 838
707 815
390 934
500 981
87 198
228 486
566 696
252 789
718 972
383 692
278 748
571 847
50 938
687 949
456 628
482 698
156 712
28 917
294 572
176 655
220 693
493 989
350 399
118 416
85 423
396 437
217 469
251 499
142 722
180 755
438 837
212 895
137 927
806 989
353 413
344 577
277 808
4 912
151 385
46 653
162 798
765 911
40 301
218 468
497 627
88 973
447 619
283 807
440 909
277 932
48 510
447 524
260 529
337 759
429 851
390 957
41 420
378 574
75 605
265 655
248 707
403 760
338 910
47 991
126 196
227 469
306 525
500 788
169 186
136 415
353 567
595 622
593 726
543 762
177 888
101 901
689 931
57 171
171 251
146 348
127 436
134 582
924 954
331 497
387 539
382 713
945 990
67 470
445 506
387 537
148 855
678 923
620 926
773 966
546 617
287 913
202 254
134 494
117 534
310 660
323 663
46 715
5 742
674 894
56 929
277 659
190 740
255 805
517 843
283 858
720 794
39 339
94 624
638 713
500 749
275 678
195 938
20 222
460 476
36 539
307 574
650 680
339 770
31 779
82 807
420 819
159 885
652 788
364 886
178 906
895 965
5 117
271 316
87 770
501 903
325 360
73 364
92 443
460 493
574 655
285 735
214 793
42 44
57 71
572 578
396 586
96 623
514 656
138 669
287 854
528 922
167 302
204 315
668 927
333 957
109 401
376 490
286 634
653 842
82 229
359 627
33 676
668 767
423 446
222 236
76 383
514 557
224 598
340 719
42 805
393 938
469 866
18 107
218 330
246 402
89 525
780 866
64 875
153 681
352 779
173 852
128 422
384 581
538 635
7 760
482 772
516 810
323 830
236 893
194 904
625 909
232 951
302 903
54 217
185 693
236 703
602 950
152 992
285 983
99 473
206 642
709 715
96 865
603 889
185 267
349 500
378 655
507 683
24 777
216 615
519 623
503 697
529 948
72 499
216 589
153 691
30 240
159 303
192 307
734 827
687 958
59 151
73 469
91 485
231 516
88 705
494 721
544 940
797 958
87 999
53 121
760 867
67 139
364 404
847 857
597 921
292 314
6 511
362 599
678 772
0 950
569 988
44 640
533 785
438 533
29 947
570 954
151 964
193 227
39 404
254 441
354 570
355 684
206 718
605 785
581 844
256 893
27 30
15 651
279 984
97 700
42 45
50 195
444 512
124 609
353 615
740 762
487 797
213 872
401 972
352 396
186 448
336 540
37 685
649 802
702 977
94 409
132 740
353 824
411 922
120 265
10 269
69 415
128 418
50 579
664 721
180 747
65 918
925 927
545 983
401 986
232 606
632 653
200 701
222 723
480 758
611 855
646 898
73 954
772 969
524 985
32 206
388 406
471 519
0 602
383 708
313 730
344 885
723 893
471 946
632 955
936 969
803 974
51 258
281 442
617 774
451 785
18 999
380 684
633 718
618 773
429 899
664 965
92 428
228 516
195 548
504 574
473 828
570 924
894 976
23 147
432 627
668 774
313 487
211 599
164 724
455 776
552 625
387 645
120 655
341 783
302 947
811 961
0 456
447 479
466 559
425 623
35 774
69 222
171 488
488 818
143 840
560 937
873 986
175 357
404 493
433 710
256 278
216 413
500 610
50 682
396 745
435 789
126 969
737 868
204 984
499 931
482 967
735 983
32 401
3 514
12 577
376 603
343 711
219 811
54 859
670 926
315 984
447 985
218 290
106 453
360 708
124 863
698 877
33 978
735 809
323 414
356 746
868 893
769 904
81 491
654 684
230 687
732 810
404 866
87 989
34 336
177 277
149 334
323 466
447 531
584 641
336 686
358 729
213 916
1 942
421 942
64 677
323 716
711 766
185 848
623 865
235 974
499 689
633 696
121 707
507 995
110 287
201 455
601 745
510 860
122 351
18 44
35 557
350 608
329 704
242 712
460 770
67 789
694 792
425 855
667 873
829 927
763 953
239 459
588 624
184 673
205 673
357 750
690 753
282 492
296 739
105 440
201 581
55 871
400 909
112 916
383 928
73 227
9 296
67 481
101 791
272 933
491 979
23 184
23 205
307 819
8 827
279 351
235 459
359 670
599 890
803 919
927 939
149 313
147 391
548 579
517 636
167 756
68 872
718 873
275 969
71 251
11 254
182 579
443 612
942 975
280 284
65 463
198 476
851 854
533 926
527 948
45 271
55 279
312 378
11 441
440 536
460 593
193 217
36 303
103 366
687 716
364 991
168 471
401 490
778 891
316 971
311 974
64 381
90 614
36 798
600 819
268 849
128 534
244 678
592 786
21 564
327 545
391 573
449 666
354 886
841 941
49 264
99 357
210 398
357 403
51 418
266 515
303 530
469 570
41 600
434 647
633 667
46 709
31 719
390 751
796 889
218 957
287 421
2 96
218 320
198 460
427 526
323 559
134 565
484 641
221 838
834 856
584 922
19 977
656 984
11 202
81 561
593 621
345 649
338 691
55 315
315 400
228 685
681 724
367 440
87 493
122 514
371 563
514 643
500 652
274 660
56 766
216 824
650 829
805 857
606 940
272 944
285 327
253 327
287 581
442 688
699 856
710 919
905 963
31 396
546 774
44 107
69 136
81 177
464 467
313 687
141 825
46 834
732 892
525 952
303 962
583 989
40 118
8 783
474 583
428 612
126 967
568 577
297 602
664 816
664 930
294 538
15 857
164 592
269 642
612 666
529 852
297 931
14 250
246 569
465 845
684 845
287 975
106 199
8 417
298 629
498 845
112 872
697 962
56 88
182 195
85 240
352 743
387 798
313 958
107 271
1 900
552 909
730 943
12 159
236 256
270 388
352 444
398 512
429 715
482 758
243 804
405 809
410 894
776 933
698 936
510 994
318 903
0 6
121 257
46 292
248 305
176 312
265 504
40 607
35 656
221 757
711 929
345 371
327 405
258 422
177 638
158 643
18 651
131 723
21 736
221 754
638 783
18 806
599 843
782 843
129 845
455 849
311 978
593 999
507 882
584 901
258 458
556 599
137 668
663 716
90 872
407 416
51 422
18 476
190 543
265 814
192 841
645 885
162 387
255 640
352 719
540 902
83 419
175 867
439 468
273 509
506 575
557 617
412 685
533 837
212 965
179 429
275 482
340 779
62 143
28 165
237 250
253 809
67 252
299 412
496 786
44 805
505 815
77 284
218 751
236 415
487 585
264 680
357 732
472 813
775 829
16 531
87 741
798 885
307 420
241 722
581 849
16 266
224 370
370 424
578 635
174 669
55 216
66 328
311 440
480 800
474 999
323 717
264 381
143 594
483 911
916 953
372 622
40 692
124 907
103 233
233 366
334 535
208 562
408 757
698 772
379 810
730 835
807 955
433 974
427 987
888 990
497 831
91 454
149 487
134 728
564 736
493 770
924 991
54 73
326 358
488 499
776 944
115 962
557 984
55 204
68 614
106 234
105 239
479 702
341 713
99 760
427 764
599 827
577 885
127 887
356 925
14 153
2 240
65 385
350 415
71 488
76 606
381 677
210 820
15 847
5 418
41 574
697 856
326 874
51 117
28 322
272 384
325 407
241 509
12 539
704 879
323 949
530 968
254 994
330 439
359 646
357 867
363 517
36 645
248 677
26 692
382 710
336 787
6 926
477 972
115 988
115 270
126 698
314 899
940 951
163 248
433 639
245 668
115 402
619 637
512 743
46 856
112 953
439 957
726 989
175 403
108 498
305 550
877 969
204 279
83 793
871 984
219 401
233 436
132 543
490 667
706 731
27 946
134 157
509 594
448 595
741 780
263 821
768 927
126 154
312 869
383 940
33 105
105 235
7 357
169 450
222 608
503 653
478 748
671 778
392 906
303 968
31 695
70 381
503 856
23 895
247 251
194 306
330 390
495 736
448 794
567 824
185 845
865 868
130 878
345 981
927 992
247 488
272 581
617 656
381 775
603 796
442 919
0 511
194 522
173 529
440 580
152 668
512 820
763 876
814 947
6 950
107 999
310 471
331 545
397 814
309 862
99 100
207 347
296 441
204 461
84 768
176 504
478 549
55 656
476 651
697 709
393 807
683 818
684 832
608 891
76 118
26 123
491 638
322 917
246 968
47 54
207 282
214 457
414 559
445 726
319 429
303 577
284 674
508 704
179 899
956 988
192 215
64 305
293 440
690 725
368 736
877 923
268 944
432 915
161 306
176 420
163 489
170 512
191 603
278 832
805 847
127 288
267 693
275 698
69 703
114 813
153 804
457 823
119 232
131 236
289 522
506 621
429 699
550 707
512 838
393 858
431 888
290 921
620 950
58 97
468 727
321 812
537 594
635 892
93 440
676 796
115 388
99 810
370 908
126 936
173 386
168 611
370 674
143 714
770 780
693 848
298 905
105 311
443 449
149 541
502 597
312 720
491 783
165 917
8 362
677 680
255 857
613 878
903 947
704 990
11 43
326 338
322 712
41 265
94 325
150 334
484 528
177 561
359 620
604 795
240 471
786 884
658 744
295 887
226 573
116 611
311 676
182 319
164 338
126 489
538 572
84 584
546 590
561 659
232 705
491 713
627 752
61 756
754 771
331 809
653 856
118 607
177 808
203 845
33 889
220 953
662 665
10 696
747 960
4 72
122 204
295 366
258 742
239 789
66 368
117 458
135 595
504 600
53 601
163 601
4 634
573 823
851 942
618 966
479 524
433 613
314 699
701 977
801 832
398 838
593 886
227 954
57 247
217 991
207 255
39 364
17 387
81 979
202 296
296 332
246 388
126 430
154 482
320 727
211 734
462 795
337 853
381 875
493 886
592 910
874 935
880 942
431 945
474 862
272 287
586 695
248 815
813 897
116 238
333 502
143 509
315 552
87 593
802 828
41 176
125 541
507 554
211 673
431 782
94 842
856 899
551 902
816 930
937 941
264 959
521 543
358 884
24 983
161 628
4 822
82 842
101 922
84 925
206 986
383 407
428 449
78 526
159 568
694 729
460 741
469 924
670 950
217 954
898 996
854 933
606 973
146 342
119 543
338 690
607 940
647 963
629 647
74 92
121 163
294 317
12 387
77 424
351 546
547 602
341 639
415 723
214 740
194 769
857 864
175 892
268 933
216 984
341 442
55 557
473 635
897 982
269 675
574 819
259 929
198 339
578 791
325 928
239 974
77 982
183 983
520 525
283 596
446 700
667 972
272 975
98 497
378 504
262 560
57 631
574 814
477 961
144 413
416 544
677 707
704 778
68 112
335 517
732 760
226 740
583 806
203 832
756 903
678 936
128 258
600 655
260 365
272 421
18 460
3 567
336 370
511 547
67 558
315 567
44 651
102 853
229 956
38 345
115 569
215 610
310 946
5 422
229 596
130 710
473 732
181 748
581 854
609 907
874 966
73 780
74 199
109 490
496 508
221 512
333 518
493 999
1 421
142 885
103 295
42 316
182 393
276 397
320 439
476 571
345 610
256 723
748 893
119 940
397 947
813 982
266 337
404 593
560 802
687 835
482 877
116 515
508 694
493 726
763 848
878 974
255 492
160 643
206 675
404 924
147 226
575 583
582 721
679 860
342 884
389 906
285 405
295 436
188 477
312 655
37 736
405 898
49 927
12 43
64 70
104 287
173 527
487 661
49 680
333 751
22 846
314 856
622 869
752 943
173 948
663 949
15 261
632 834
677 993
74 449
213 614
474 989
18 87
68 151
46 429
27 660
29 903
173 960
145 165
135 169
378 420
746 767
508 879
192 420
102 485
361 609
551 731
36 885
756 947
94 229
55 353
372 458
707 777
731 823
74 156
266 531
312 587
229 653
648 657
118 705
832 850
691 910
854 944
544 951
523 997
42 640
738 809
843 945
488 554
583 593
521 740
705 951
244 969
138 140
36 344
61 397
78 427
122 461
347 492
121 616
338 753
363 843
268 844
673 895
213 953
402 956
79 965
742 994
331 996
300 654
511 831
636 843
197 370
60 452
357 516
102 531
46 82
223 755
341 919
119 407
102 479
437 695
326 724
364 780
177 792
131 801
249 857
860 883
671 704
1 975
68 213
415 454
53 489
390 502
195 682
309 726
374 730
229 834
463 845
575 862
832 893
76 940
290 957
624 988
767 992
432 996
117 128
33 440
221 444
719 745
561 783
194 906
728 985
63 348
41 378
382 561
311 803
680 829
299 464
66 486
317 578
164 681
569 709
300 380
147 521
547 628
540 787
494 816
333 934
80 88
3 315
585 687
369 799
559 826
331 831
18 847
514 984
125 218
43 296
124 818
190 457
427 548
528 791
769 952
340 396
301 416
245 746
543 951
26 928
287 933
624 956
65 151
183 285
94 360
301 544
264 668
592 729
267 763
723 832
758 877
98 943
41 120
96 148
58 208
73 217
273 276
253 285
96 304
317 473
473 538
174 573
167 574
314 709
565 728
439 751
84 939
569 956
677 959
694 979
637 985
199 290
269 566
229 632
280 470
209 588
694 733
745 779
233 887
681 910
445 924
418 534
619 759
554 882
939 992
98 627
328 736
308 870
115 406
606 607
796 978
113 391
120 504
487 541
251 554
351 557
432 646
127 693
493 741
207 857
462 945
99 175
113 521
194 525
454 549
46 632
187 697
362 843
627 898
406 968
330 333
96 946
563 981
27 168
158 243
179 287
513 737
176 814
785 950
339 404
360 588
497 752
605 822
652 998
285 898
561 932
201 933
583 999
410 470
116 759
709 842
788 846
270 419
364 570
51 742
211 335
451 456
638 808
141 816
181 399
429 975
726 886
70 264
55 514
520 773
378 814
282 864
778 881
48 258
268 272
297 837
216 461
644 983
543 823
496 932
149 150
120 192
124 263
158 351
274 446
42 452
40 544
681 773
967 969
398 997
57 251
100 357
269 411
606 705
457 706
214 731
105 796
60 800
531 817
118 951
455 581
668 746
253 898
167 397
596 653
150 727
396 743
685 810
819 841
156 896
200 990
292 429
517 556
450 595
235 676
115 697
365 747
270 793
1 369
335 582
587 622
611 623
326 753
604 888
374 487
262 819
776 844
503 988
403 412
199 428
451 533
508 604
697 968
42 107
351 656
434 736
552 889
245 650
388 787
311 824
881 945
729 932
92 106
724 966
86 388
20 415
519 660
515 759
0 785
421 799
711 825
445 886
462 888
407 940
26 607
462 782
836 859
280 894
227 991
324 566
18 571
204 617
314 653
531 759
283 938
646 983
13 308
201 944
6 451
617 861
508 888
421 429
179 699
265 819
886 954
336 424
6 456
485 531
281 639
52 661
196 678
246 697
430 745
276 756
308 791
224 897
69 131
196 482
563 610
404 770
766 825
4 931
256 415
101 641
482 678
328 685
183 809
604 945
63 295
132 457
280 603
347 864
427 880
455 944
813 976
97 208
411 484
322 523
880 900
31 444
363 945
24 183
112 614
211 895
310 555
431 792
116 817
64 833
135 186
31 743
457 762
363 782
855 865
96 425
214 588
287 944
458 510
935 966
394 813
131 868
196 340
101 484
239 688
227 866
369 942
359 456
25 648
368 685
490 718
668 939
215 981
118 383
602 605
137 746
289 906
678 967
192 312
194 389
144 589
381 650
239 676
91 778
595 784
451 926
235 978
199 333
300 355
222 478
511 670
579 682
341 710
518 751
778 879
834 956
799 975
909 978
961 986
244 482
419 588
459 639
122 643
8 890
98 898
455 933
221 523
511 628
245 775
619 817
272 851
851 880
866 924
560 941
353 984
444 997
52 156
109 219
181 478
439 597
137 650
604 792
408 917
219 986
63 146
67 435
462 508
132 573
3 625
187 314
229 325
154 340
57 554
498 801
664 825
104 900
421 900
484 922
72 931
150 541
587 720
345 749
287 776
569 856
317 892
147 212
20 608
661 730
738 838
700 865
812 970
625 984
876 995
113 226
136 549
228 732
687 797
34 394
166 416
493 621
50 880
352 695
44 249
167 265
255 480
475 498
33 552
590 767
724 773
251 818
279 567
564 629
479 728
525 769
103 127
37 228
561 713
604 782
894 982
477 986
271 474
164 691
183 815
209 457
546 643
14 691
199 443
546 557
74 612
733 879
613 919
809 983
702 985
158 178
52 374
309 621
699 709
106 896
324 617
270 624
572 791
347 847
0 926
613 974
136 236
75 361
533 826
116 855
120 587
279 643
336 982
136 222
137 775
394 982
66 299
479 637
496 792
673 930
900 975
2 85
23 113
587 794
642 873
149 535
521 573
463 850
71 876
12 36
337 549
244 698
210 743
176 192
181 236
120 574
263 717
190 731
253 398
430 616
166 762
211 965
67 189
133 230
238 266
172 326
412 467
300 498
247 507
528 641
30 660
462 792
470 796
605 837
41 841
491 932
681 935
516 937
13 249
117 372
789 803
569 842
871 909
616 680
438 931
404 741
732 937
136 454
457 551
35 590
510 742
176 819
668 829
751 934
42 971
61 302
18 989
897 908
222 278
200 431
337 619
733 792
34 86
126 163
226 543
387 722
180 852
638 979
354 991
488 609
417 713
476 770
183 777
396 820
735 980
122 152
164 358
402 709
273 790
488 863
247 882
650 923
244 489
440 553
264 775
672 813
768 992
178 243
240 274
190 573
236 832
335 930
374 943
3 35
228 357
102 977
361 438
200 462
27 519
386 591
471 660
272 899
346 356
107 621
340 745
155 565
206 566
2 700
208 737
517 890
64 680
424 540
48 742
704 792
40 940
142 594
249 640
137 680
567 909
137 992
200 363
821 830
448 587
194 626
563 784
569 962
89 161
140 174
3 617
866 886
788 998
384 568
248 616
191 889
33 93
224 394
443 453
431 508
13 864
554 876
104 942
909 984
697 988
35 279
109 501
144 618
388 686
674 813
55 909
773 952
195 319
746 829
785 837
530 885
197 897
318 501
431 795
398 809
227 859
698 967
277 979
842 955
449 648
606 692
62 722
131 737
464 780
827 843
334 949
164 172
46 187
2 446
268 577
118 692
181 723
516 760
872 876
2 471
242 523
158 626
732 828
247 876
145 898
769 906
402 962
493 780
826 926
26 76
36 268
369 429
257 775
388 793
566 861
151 916
69 181
232 383
0 670
412 867
210 327
73 404
231 486
422 534
24 550
230 663
231 732
402 842
831 898
156 333
394 686
261 864
240 519
828 892
46 899
356 927
185 953
506 593
414 663
459 710
634 725
391 740
350 891
36 962
40 232
48 373
192 378
485 549
55 625
546 656
424 897
349 998
419 624
232 607
132 731
636 782
254 373
329 604
99 828
267 465
746 992
234 443
210 444
452 591
182 682
602 926
799 942
401 961
239 978
192 265
398 405
271 452
593 770
29 811
108 964
196 969
580 974
508 979
293 470
192 574
551 740
520 769
636 945
452 532
47 570
547 785
231 810
193 836
331 980
18 249
44 571
92 612
149 727
341 808
492 857
731 902
653 955
200 604
138 573
234 666
46 699
425 868
633 972
161 194
41 312
353 580
264 590
453 666
13 857
183 980
1 78
184 211
205 211
256 478
33 603
249 870
465 498
24 735
384 854
520 935
59 953
127 348
567 580
245 680
209 740
859 905
354 364
327 735
149 797
513 801
413 804
284 813
12 885
507 907
177 932
85 946
32 269
225 383
159 387
428 453
403 467
86 686
919 974
245 992
747 852
866 991
39 47
76 232
318 397
556 782
185 300
215 312
243 413
460 621
346 877
219 947
75 950
402 968
63 233
2 274
639 803
60 480
684 703
378 819
186 450
659 694
573 740
352 820
417 827
491 888
473 937
81 496
264 927
379 412
329 462
318 598
28 712
145 738
776 799
314 834
467 867
411 901
156 917
314 319
173 747
108 850
19 447
262 504
235 789
638 827
649 998
146 358
34 388
433 442
351 461
185 475
235 688
731 762
408 838
201 844
780 886
705 940
160 959
353 461
297 533
581 799
744 997
204 553
170 744
35 204
160 351
334 716
244 745
799 854
332 994
199 502
458 534
460 806
515 817
319 851
163 678
551 706
668 768
688 974
276 302
262 420
264 650
616 678
223 695
220 845
287 851
454 891
580 978
204 324
248 430
136 608
311 459
81 792
43 344
35 351
170 398
355 399
341 417
451 511
638 890
394 908
476 999
109 191
319 579
411 584
260 591
459 613
390 661
182 807
537 885
638 888
153 935
118 973
573 731
331 735
328 412
160 546
169 622
283 632
554 818
752 898
763 916
692 940
120 819
103 288
234 428
174 551
470 603
154 678
486 810
737 850
576 903
690 935
535 727
580 909
249 476
365 527
142 539
203 703
223 754
57 876
361 931
597 957
85 310
111 346
197 394
383 416
162 539
211 636
667 696
259 766
56 839
700 868
354 954
404 954
93 978
16 524
137 590
246 962
154 969
256 425
95 435
377 470
476 741
661 751
604 778
165 915
913 942
48 117
265 312
278 415
271 483
324 675
141 721
703 801
260 852
373 534
204 567
128 722
462 778
403 810
592 884
237 932
100 760
417 783
356 768
854 899
569 968
125 439
400 889
182 283
26 383
270 402
145 432
149 585
429 682
836 905
530 962
726 999
41 215
248 257
309 474
177 694
171 876
367 470
0 620
186 784
402 856
609 882
198 493
590 617
409 624
787 793
709 899
330 518
511 620
500 649
219 718
615 804
616 923
47 924
107 989
468 541
201 287
312 504
650 767
811 814
247 818
381 829
64 993
465 848
44 857
41 262
108 465
48 534
216 580
68 763
10 922
349 649
272 699
29 61
44 271
75 451
97 513
235 580
360 624
177 713
682 851
365 852
257 875
833 875
34 897
591 971
281 417
393 596
199 666
649 841
217 859
448 869
195 880
729 884
900 913
695 755
124 882
511 996
427 682
349 846
103 348
158 906
797 943
77 95
15 640
302 811
504 841
42 847
356 939
947 961
375 417
340 437
209 731
292 834
134 930
119 360
14 874
126 482
288 763
427 900
49 923
239 433
782 881
518 957
338 681
225 708
565 781
440 824
547 950
846 970
290 330
356 877
760 892
294 635
392 875
851 899
70 680
305 777
598 813
315 871
126 923
559 949
23 965
416 705
571 857
516 892
872 995
188 294
17 539
172 884
273 903
89 194
232 407
181 454
315 461
330 468
28 523
268 581
324 625
221 658
549 817
55 824
761 864
284 982
102 985
210 997
88 544
590 927
300 465
54 469
169 448
370 472
93 536
535 541
43 645
269 667
277 694
653 715
767 775
97 801
715 834
701 945
136 278
133 466
474 483
423 660
121 680
559 716
694 786
59 213
235 433
185 463
554 683
117 742
595 883
118 119
325 955
95 252
30 471
115 530
851 900
932 979
146 295
222 399
129 832
148 868
357 892
514 567
200 636
701 702
291 905
132 147
299 339
201 799
358 910
607 928
38 937
32 219
30 555
567 656
136 723
215 819
551 823
466 958
73 991
651 857
330 934
910 935
79 147
331 405
198 467
320 541
412 810
54 866
217 866
640 651
688 710
81 808
375 827
327 505
430 678
540 686
605 689
196 745
105 789
596 834
32 477
4 605
495 647
19 728
703 868
348 887
682 942
39 954
120 869
604 879
682 987
78 104
37 368
33 400
360 416
331 432
341 433
226 457
158 514
19 565
13 571
466 663
49 746
303 798
776 849
774 861
145 915
652 941
831 983
227 364
565 582
608 748
257 993
305 381
575 726
255 864
59 112
342 654
568 699
15 761
711 816
461 871
186 883
6 547
538 630
444 744
531 637
550 677
552 796
186 869
799 900
465 953
392 904
501 947
312 600
86 714
484 901
123 708
121 815
99 937
113 132
142 344
438 451
8 556
292 653
680 767
177 783
569 834
10 873
340 967
130 237
315 440
457 573
571 870
3 351
99 379
66 495
245 590
131 850
809 898
934 957
32 961
232 973
100 486
628 644
212 673
389 952
834 955
144 158
166 190
303 344
87 464
10 566
387 577
410 603
585 943
653 956
792 990
49 381
156 428
362 638
163 650
330 727
750 810
582 816
505 820
429 880
199 921
116 266
235 440
0 533
589 804
773 804
29 265
69 478
382 491
196 698
163 775
775 959
321 564
297 822
583 862
52 957
380 399
686 897
285 497
110 776
627 670
271 806
278 868
58 96
137 381
273 397
396 444
308 578
315 656
653 807
668 925
80 929
75 931
121 993
470 536
49 616
279 617
488 882
600 941
56 973
563 998
45 60
727 751
704 888
293 889
536 889
925 992
110 201
128 241
362 375
498 684
244 340
303 645
82 709
743 779
125 150
394 424
368 486
63 693
458 742
80 766
371 788
175 810
472 840
880 975
614 995
240 555
307 600
251 822
692 928
92 234
218 597
523 658
440 796
287 942
506 989
151 475
39 741
188 922
243 618
532 971
368 412
440 871
250 878
424 894
472 897
187 568
409 588
243 589
573 762
730 958
264 992
85 446
18 474
288 631
124 683
589 824
462 879
421 880
833 906
397 790
382 919
215 998
140 435
354 506
66 810
556 638
386 532
199 612
277 783
703 748
702 853
2 27
17 296
254 296
38 349
479 531
440 552
625 656
491 659
494 781
630 791
810 867
694 888
804 966
416 606
843 990
136 181
34 406
369 581
399 654
215 655
8 808
602 837
693 845
342 380
119 588
16 759
835 943
457 521
279 546
71 631
63 654
508 671
318 672
32 696
228 760
43 798
498 832
802 841
97 865
167 903
758 936
545 980
144 178
229 807
17 577
538 892
146 233
156 390
357 412
131 684
121 775
171 818
516 828
432 831
487 835
506 886
204 909
306 522
22 563
493 583
238 759
2 310
172 496
362 517
519 555
557 567
253 331
328 486
219 477
225 692
979 990
148 256
258 372
536 552
52 751
53 775
570 886
188 901
475 964
28 145
178 194
555 611
633 642
559 687
292 697
154 698
664 711
175 732
531 853
549 853
78 880
289 904
483 920
555 946
180 948
57 488
263 609
531 702
127 848
199 957
391 551
471 611
659 729
599 895
873 972
211 363
361 605
411 696
589 871
813 894
132 166
222 256
362 417
340 586
126 745
737 832
579 880
156 443
663 717
103 753
339 866
424 902
777 980
113 212
170 408
260 532
34 540
90 876
260 948
275 489
523 771
677 775
675 873
862 911
241 422
33 470
398 505
608 671
113 762
744 771
479 977
244 430
394 472
83 706
108 918
37 328
156 449
65 465
146 592
250 613
406 686
680 875
676 909
60 255
405 545
243 626
300 693
187 834
429 854
775 923
438 950
191 401
269 718
226 731
325 383
206 401
120 420
167 420
445 583
341 688
465 693
805 971
88 711
704 891
811 903
204 514
143 537
138 551
412 760
450 883
824 909
828 941
801 868
623 946
315 557
87 806
159 268
505 512
33 553
162 577
156 666
593 741
541 751
655 841
728 977
19 531
527 755
593 806
274 946
824 984
229 503
103 725
38 841
825 929
113 190
147 190
111 347
557 625
451 670
688 789
773 874
791 901
554 995
143 241
303 387
405 497
571 640
729 733
221 743
735 815
845 850
421 913
14 237
126 601
514 615
487 727
285 738
718 961
710 974
898 983
880 987
196 489
382 613
220 887
935 952
122 984
215 504
83 823
595 869
94 988
70 257
245 381
246 406
64 550
270 569
842 856
271 862
172 910
369 913
414 958
675 861
264 875
554 907
269 986
217 364
567 615
543 740
475 845
699 854
248 601
305 680
519 855
457 902
407 951
111 255
71 507
468 751
384 455
91 549
690 724
198 780
147 823
825 930
335 565
53 650
338 773
312 819
153 874
71 882
412 486
334 687
354 726
512 757
17 159
47 193
102 337
342 348
297 361
473 516
253 545
330 661
350 671
618 691
215 720
6 831
776 913
872 953
556 990
187 503
706 740
469 886
305 959
1 851
131 203
237 277
365 386
331 627
10 675
96 855
554 863
482 923
431 979
339 467
166 521
69 832
171 882
475 918
330 541
461 615
87 621
557 643
257 650
494 664
153 724
532 765
39 770
44 806
632 842
426 921
