1000 5397 59.93329625508679 sparse
0 759 109
1 477 960
2 400 418
3 130 691
4 853 826
5 98 430
6 844 595
7 602 627
8 908 718
9 801 626
10 739 633
11 158 374
12 547 850
13 313 259
14 20 369
15 79 546
16 264 71
17 926 544
18 665 238
19 220 674
20 284 132
21 627 787
22 690 325
23 324 359
24 953 638
25 301 389
26 761 965
27 107 294
28 82 127
29 254 977
30 191 593
31 131 100
32 857 168
33 129 99
34 752 867
35 736 723
36 764 142
37 413 863
38 466 438
39 811 108
40 120 909
41 980 600
42 394 170
43 315 977
44 369 932
45 853 294
46 227 533
47 237 84
48 18 921
49 696 529
50 332 943
51 308 328
52 63 808
53 722 714
54 614 219
55 20 910
56 650 204
57 601 272
58 517 308
59 104 301
60 443 554
61 81 783
62 740 976
63 845 76
64 410 976
65 37 254
66 403 716
67 166 419
68 171 611
69 230 865
70 214 586
71 323 576
72 265 382
73 28 844
74 15 931
75 98 431
76 955 7
77 214 88
78 660 9
79 789 434
80 461 917
81 485 159
82 999 526
83 496 775
84 971 171
85 566 367
86 637 835
87 216 138
88 81 19
89 119 800
90 406 180
91 468 440
92 567 343
93 185 916
94 2 402
95 322 95
96 145 248
97 362 475
98 194 208
99 130 454
100 514 31
101 744 30
102 461 820
103 724 171
104 686 158
105 920 60
106 285 466
107 196 437
108 290 590
109 421 178
110 351 154
111 187 381
112 732 578
113 376 514
114 525 726
115 656 513
116 388 398
117 258 203
118 859 708
119 892 646
120 400 920
121 898 608
122 892 116
123 682 984
124 978 568
125 10 235
126 700 506
127 336 886
128 856 375
129 558 230
130 520 378
131 888 339
132 349 11
133 214 987
134 293 73
135 300 634
136 530 731
137 762 976
138 50 122
139 513 158
140 797 237
141 492 154
142 910 871
143 832 868
144 710 371
145 871 22
146 102 725
147 268 269
148 487 668
149 950 867
150 409 575
151 477 833
152 867 847
153 773 259
154 69 938
155 412 581
156 685 714
157 921 47
158 557 179
159 36 559
160 725 817
161 62 669
162 297 390
163 535 725
164 686 110
165 871 517
166 797 327
167 649 263
168 743 365
169 406 477
170 239 929
171 75 706
172 4 619
173 17 851
174 905 358
175 258 285
176 709 333
177 803 951
178 638 924
179 177 132
180 791 769
181 351 312
182 608 750
183 408 206
184 942 37
185 296 471
186 174 175
187 228 704
188 611 887
189 850 677
190 344 510
191 88 289
192 581 655
193 973 247
194 825 789
195 673 86
196 791 431
197 17 86
198 48 704
199 124 790
200 536 669
201 97 589
202 352 89
203 594 499
204 840 602
205 137 56
206 383 349
207 50 256
208 576 872
209 358 779
210 115 934
211 175 340
212 704 927
213 211 694
214 725 958
215 29 265
216 492 639
217 763 97
218 488 948
219 300 151
220 851 230
221 959 999
222 701 792
223 36 869
224 48 804
225 783 139
226 897 580
227 779 568
228 255 195
229 517 590
230 156 304
231 841 746
232 497 674
233 76 423
234 236 875
235 204 498
236 305 755
237 22 127
238 430 799
239 792 996
240 260 116
241 866 378
242 249 999
243 185 69
244 222 889
245 969 104
246 390 363
247 492 904
248 269 103
249 167 586
250 928 579
251 259 866
252 709 551
253 663 348
254 160 922
255 916 813
256 809 535
257 561 118
258 507 197
259 543 767
260 49 101
261 548 240
262 651 858
263 671 213
264 831 844
265 380 279
266 521 233
267 876 361
268 614 902
269 570 891
270 105 737
271 590 312
272 150 245
273 92 670
274 324 419
275 686 67
276 204 320
277 374 894
278 649 677
279 401 63
280 678 336
281 680 929
282 470 529
283 280 223
284 51 593
285 669 322
286 149 559
287 703 734
288 462 855
289 794 370
290 787 281
291 46 639
292 12 942
293 810 278
294 670 931
295 832 706
296 80 808
297 355 371
298 345 267
299 284 281
300 969 407
301 470 832
302 529 715
303 140 333
304 376 22
305 649 67
306 456 729
307 920 896
308 944 448
309 126 953
310 885 485
311 366 178
312 744 437
313 486 591
314 13 512
315 147 358
316 717 538
317 602 852
318 908 603
319 507 41
320 145 486
321 127 428
322 946 47
323 601 329
324 588 33
325 946 251
326 117 139
327 674 527
328 217 601
329 66 475
330 428 542
331 753 993
332 577 897
333 305 21
334 847 860
335 425 110
336 652 195
337 743 28
338 3 967
339 464 843
340 93 635
341 217 821
342 159 113
343 60 405
344 678 369
345 17 39
346 541 555
347 130 706
348 734 36
349 910 661
350 883 595
351 216 490
352 846 65
353 858 396
354 237 907
355 215 656
356 558 416
357 848 494
358 356 664
359 836 432
360 738 291
361 290 884
362 677 479
363 133 275
364 768 479
365 248 73
366 256 511
367 239 762
368 432 26
369 738 121
370 571 527
371 894 779
372 40 323
373 754 300
374 336 408
375 369 285
376 485 340
377 744 671
378 814 451
379 217 830
380 82 628
381 712 629
382 503 860
383 616 697
384 357 516
385 569 881
386 922 512
387 869 643
388 146 473
389 267 908
390 659 305
391 440 971
392 578 645
393 464 805
394 1 505
395 736 438
396 133 971
397 956 310
398 361 466
399 653 658
400 309 26
401 158 962
402 565 771
403 883 501
404 319 726
405 809 4
406 102 676
407 436 117
408 5 674
409 875 531
410 293 677
411 897 590
412 262 945
413 722 347
414 279 816
415 642 82
416 520 926
417 947 554
418 719 757
419 811 744
420 383 215
421 264 572
422 605 828
423 908 599
424 669 99
425 471 665
426 964 696
427 902 458
428 354 986
429 724 660
430 864 760
431 368 515
432 293 10
433 235 772
434 803 731
435 898 754
436 634 260
437 333 545
438 394 838
439 957 294
440 127 799
441 217 976
442 978 633
443 201 246
444 389 221
445 675 683
446 715 259
447 920 248
448 928 316
449 461 134
450 502 865
451 722 523
452 672 934
453 803 374
454 503 897
455 349 310
456 824 492
457 671 236
458 967 80
459 759 585
460 163 440
461 102 148
462 95 91
463 994 71
464 297 638
465 420 961
466 62 248
467 863 914
468 153 679
469 244 36
470 226 577
471 905 92
472 677 6
473 862 170
474 507 624
475 146 253
476 144 118
477 614 259
478 321 576
479 565 449
480 514 791
481 224 268
482 551 795
483 899 709
484 528 404
485 725 273
486 886 228
487 530 660
488 202 481
489 545 66
490 314 173
491 237 228
492 742 400
493 48 557
494 675 151
495 915 199
496 900 308
497 362 379
498 751 360
499 875 372
500 456 911
501 719 2
502 830 68
503 628 626
504 197 989
505 323 626
506 672 140
507 837 847
508 147 127
509 978 725
510 407 251
511 830 342
512 606 641
513 516 711
514 928 748
515 843 610
516 771 614
517 293 982
518 672 847
519 363 900
520 238 358
521 50 240
522 226 480
523 618 205
524 114 221
525 118 418
526 908 96
527 365 637
528 843 796
529 353 511
530 922 135
531 246 225
532 461 172
533 298 814
534 851 270
535 478 561
536 376 583
537 475 772
538 429 874
539 871 65
540 469 479
541 47 739
542 77 54
543 639 704
544 187 818
545 274 515
546 170 952
547 922 273
548 849 445
549 720 944
550 646 435
551 561 990
552 196 165
553 184 358
554 7 336
555 764 283
556 301 199
557 740 485
558 8 586
559 478 133
560 785 885
561 16 585
562 315 595
563 697 637
564 404 534
565 906 780
566 644 29
567 904 612
568 780 265
569 166 896
570 878 345
571 238 594
572 646 941
573 832 390
574 623 306
575 666 764
576 195 285
577 100 438
578 689 446
579 693 777
580 292 667
581 62 828
582 454 57
583 834 253
584 626 233
585 139 280
586 555 211
587 213 210
588 812 703
589 181 680
590 561 902
591 992 467
592 241 588
593 660 775
594 171 499
595 243 1000
596 666 245
597 264 710
598 55 323
599 488 23
600 810 647
601 879 213
602 4 4
603 741 494
604 589 223
605 655 446
606 244 420
607 862 62
608 349 56
609 11 362
610 861 604
611 266 303
612 151 521
613 65 662
614 210 52
615 583 120
616 6 854
617 629 356
618 147 594
619 471 195
620 628 68
621 211 486
622 412 837
623 16 504
624 540 404
625 23 196
626 177 679
627 71 144
628 740 977
629 638 938
630 774 256
631 633 380
632 49 906
633 819 657
634 103 275
635 16 936
636 556 965
637 354 380
638 162 361
639 584 914
640 447 829
641 245 926
642 312 736
643 745 933
644 781 277
645 256 103
646 823 86
647 954 615
648 138 315
649 131 195
650 489 837
651 1000 49
652 601 274
653 707 267
654 138 959
655 959 616
656 958 289
657 122 262
658 50 211
659 675 611
660 310 872
661 587 594
662 105 43
663 396 651
664 419 678
665 561 714
666 908 702
667 940 488
668 576 72
669 882 550
670 931 590
671 934 403
672 429 188
673 617 792
674 851 520
675 710 188
676 445 4
677 234 912
678 651 672
679 354 899
680 303 537
681 69 922
682 272 182
683 471 687
684 100 232
685 565 386
686 405 498
687 160 248
688 248 499
689 522 305
690 410 768
691 810 231
692 76 294
693 712 609
694 565 240
695 817 907
696 462 637
697 769 751
698 612 42
699 580 628
700 784 748
701 592 811
702 484 586
703 34 354
704 720 243
705 901 672
706 532 264
707 423 547
708 68 885
709 257 66
710 27 149
711 683 624
712 391 231
713 52 349
714 869 865
715 606 962
716 585 242
717 777 382
718 433 253
719 233 780
720 811 271
721 138 883
722 237 369
723 785 567
724 952 615
725 697 682
726 798 418
727 216 1
728 270 858
729 861 698
730 567 411
731 325 95
732 313 580
733 759 485
734 849 128
735 826 465
736 690 0
737 560 533
738 992 368
739 1 144
740 704 833
741 597 714
742 563 260
743 747 394
744 419 227
745 372 314
746 887 65
747 866 280
748 717 311
749 161 715
750 745 644
751 747 181
752 863 787
753 928 124
754 671 281
755 359 272
756 812 999
757 7 402
758 118 294
759 47 462
760 267 918
761 403 809
762 529 129
763 770 658
764 125 758
765 672 349
766 475 421
767 149 802
768 5 486
769 151 866
770 689 922
771 476 771
772 224 303
773 219 312
774 347 502
775 95 465
776 872 7
777 360 564
778 316 480
779 669 612
780 620 84
781 175 360
782 843 133
783 913 18
784 250 434
785 493 530
786 623 518
787 371 413
788 126 281
789 276 957
790 319 870
791 938 696
792 476 405
793 526 347
794 881 318
795 446 296
796 339 310
797 752 257
798 860 94
799 212 487
800 859 977
801 486 261
802 642 335
803 990 477
804 144 352
805 951 456
806 623 203
807 628 321
808 54 131
809 907 227
810 258 936
811 934 127
812 143 861
813 264 181
814 997 735
815 478 879
816 339 737
817 439 88
818 334 663
819 655 382
820 741 994
821 365 118
822 135 447
823 350 674
824 76 954
825 306 14
826 346 458
827 309 631
828 565 768
829 350 717
830 192 49
831 424 319
832 317 949
833 742 324
834 264 196
835 665 690
836 29 872
837 599 975
838 912 348
839 277 524
840 100 316
841 185 606
842 777 431
843 534 321
844 847 493
845 590 168
846 105 567
847 982 169
848 973 310
849 246 567
850 634 328
851 727 433
852 224 805
853 476 924
854 754 929
855 547 296
856 339 200
857 781 107
858 814 880
859 606 182
860 936 351
861 160 864
862 763 563
863 684 867
864 466 9
865 710 25
866 876 485
867 130 17
868 585 726
869 704 262
870 936 404
871 954 939
872 313 659
873 117 197
874 346 14
875 825 780
876 415 281
877 572 852
878 353 842
879 351 845
880 127 264
881 719 91
882 316 420
883 178 12
884 662 651
885 155 154
886 789 998
887 631 586
888 729 188
889 550 966
890 690 2
891 30 84
892 256 523
893 235 646
894 395 503
895 663 568
896 845 445
897 299 888
898 599 661
899 430 484
900 874 341
901 188 648
902 843 703
903 989 671
904 441 573
905 232 159
906 536 745
907 242 905
908 103 197
909 459 431
910 844 653
911 967 239
912 992 680
913 862 903
914 474 31
915 752 529
916 639 425
917 802 261
918 938 580
919 286 260
920 849 414
921 983 965
922 788 666
923 107 720
924 635 978
925 761 194
926 622 217
927 706 833
928 521 373
929 765 52
930 692 347
931 567 244
932 336 155
933 713 911
934 148 953
935 755 30
936 579 816
937 173 47
938 860 190
939 198 888
940 24 627
941 650 682
942 343 839
943 42 234
944 116 974
945 497 369
946 752 858
947 161 878
948 44 709
949 439 603
950 394 367
951 202 590
952 302 134
953 844 720
954 313 616
955 103 855
956 952 180
957 239 762
958 682 78
959 740 484
960 490 170
961 86 192
962 566 29
963 676 687
964 172 880
965 649 361
966 477 899
967 311 144
968 206 293
969 69 728
970 58 661
971 464 556
972 176 342
973 903 864
974 694 711
975 298 477
976 389 135
977 401 534
978 554 646
979 963 503
980 732 233
981 62 88
982 664 283
983 958 622
984 639 775
985 411 411
986 197 877
987 869 679
988 574 366
989 557 62
990 899 576
991 600 597
992 852 431
993 909 979
994 592 160
995 80 711
996 146 726
997 369 876
998 784 706
999 730 225
367 957
5 75
62 628
557 959
537 771
621 799
357 844
71 478
57 652
647 724
736 890
740 927
31 33
101 337
671 870
211 972
38 91
181 455
95 731
402 828
564 977
153 630
79 196
294 452
878 879
239 886
318 423
548 896
25 162
589 626
445 963
132 874
694 931
226 990
135 464
471 526
94 757
351 799
382 450
96 475
74 635
647 655
439 656
130 928
278 941
32 473
278 678
313 702
523 806
657 880
354 907
570 900
246 950
96 272
354 677
58 689
653 869
242 595
227 723
659 779
636 889
655 983
18 457
185 975
333 400
384 529
351 621
198 948
150 155
264 507
571 592
170 641
315 804
753 811
114 136
151 301
18 596
330 707
293 720
655 724
333 825
146 923
613 970
171 995
121 567
292 635
290 644
75 577
754 982
27 59
161 613
223 836
136 163
80 500
363 585
492 743
734 782
6 204
312 395
113 431
89 440
558 561
497 637
682 813
274 882
647 983
85 988
5 577
433 719
54 926
845 994
980 999
420 444
117 228
204 515
314 623
572 629
190 774
81 141
16 709
99 822
272 475
478 732
161 970
341 379
310 866
194 875
34 946
97 398
190 529
557 603
297 637
519 679
253 765
228 834
269 332
56 336
153 568
553 781
363 788
660 790
117 834
807 850
769 861
724 983
281 452
168 498
769 812
199 440
476 508
491 531
539 607
135 827
545 839
903 912
156 974
289 453
318 567
138 808
412 810
643 854
361 897
38 909
142 973
226 411
389 760
455 796
193 911
879 942
521 943
114 163
269 385
410 580
250 918
678 941
603 959
281 294
444 712
118 729
591 803
457 596
488 621
356 730
772 773
395 851
48 74
128 241
192 392
272 687
878 942
297 497
308 805
802 850
677 907
184 322
367 433
71 732
433 957
200 487
241 499
568 630
364 733
529 774
27 758
101 935
26 137
63 352
384 431
267 499
520 722
467 913
939 986
48 55
89 199
121 318
21 673
84 847
686 894
947 964
446 653
74 292
208 385
133 441
494 506
14 609
173 616
483 666
250 670
365 709
281 770
446 869
399 884
295 902
30 951
835 963
148 232
69 234
163 302
101 348
273 406
131 570
488 799
358 823
654 934
114 302
275 958
484 624
366 892
337 348
371 565
568 644
331 820
195 958
106 185
81 960
288 339
159 493
181 796
337 935
100 319
404 642
129 694
445 835
174 838
550 916
670 918
146 270
400 825
79 842
301 339
265 375
277 519
575 593
370 737
10 750
530 753
363 880
0 217
151 650
523 926
70 951
489 989
8 483
91 909
109 672
248 645
396 654
191 692
105 157
73 173
340 380
320 388
335 407
247 454
104 494
638 781
585 788
219 967
2 985
65 207
197 891
661 991
309 654
121 423
321 525
600 633
720 917
401 934
952 967
65 215
195 424
302 513
423 567
11 638
240 645
251 728
235 799
432 825
472 890
576 968
314 394
235 621
464 827
701 936
178 629
196 842
873 908
806 926
861 947
129 261
351 522
399 678
649 873
131 900
505 954
411 990
411 423
269 590
550 605
349 705
190 384
140 691
472 736
280 765
30 841
548 992
235 351
207 466
466 521
366 688
530 811
165 409
7 512
54 523
196 726
715 837
350 411
214 549
475 687
298 755
505 827
68 841
535 971
102 301
3 347
70 470
372 598
96 687
813 834
6 515
394 623
145 776
110 932
90 109
48 635
562 732
606 784
136 906
252 316
419 434
659 711
758 788
188 268
70 328
102 393
167 436
315 638
697 700
52 224
431 529
59 840
827 954
47 365
42 90
401 546
769 947
704 980
206 246
59 758
522 799
896 992
240 248
316 451
342 476
212 770
574 807
359 896
247 966
207 521
8 666
154 681
539 746
136 302
397 439
766 792
359 992
16 365
310 403
267 570
682 834
599 914
141 960
522 621
50 832
1 218
22 280
274 374
148 425
333 432
352 502
352 607
151 339
334 507
375 755
641 810
584 926
742 931
305 415
486 601
80 853
35 53
280 285
351 488
102 640
228 813
129 931
332 590
446 704
227 862
118 902
24 983
741 868
21 984
52 296
143 334
63 502
381 563
222 579
261 694
276 773
398 826
397 848
835 941
318 411
449 559
363 657
628 820
788 880
902 953
106 975
569 964
235 488
133 504
392 699
270 923
219 952
446 485
384 774
78 472
812 861
396 944
920 992
290 568
154 824
312 851
341 852
403 866
326 461
114 513
170 677
103 888
908 961
641 677
524 684
280 930
332 385
420 712
620 780
553 972
121 411
64 465
438 622
555 644
534 747
62 820
781 972
303 648
152 714
716 931
20 952
614 830
778 975
360 373
79 726
54 806
212 933
57 477
359 548
332 639
260 981
342 508
366 545
54 584
378 735
711 779
412 789
295 953
470 592
328 951
749 996
19 355
703 713
421 849
729 902
569 947
277 997
178 572
293 917
147 175
766 909
515 610
485 653
367 719
192 898
719 957
557 733
675 888
85 685
733 959
113 384
176 413
65 521
414 533
98 587
563 711
45 747
60 904
751 925
830 937
253 965
189 987
253 280
60 330
118 953
36 225
137 331
128 499
129 586
6 610
38 766
309 396
194 528
502 646
751 888
11 315
278 399
37 538
27 634
604 716
394 768
657 788
303 804
818 823
660 897
261 931
27 191
301 650
241 353
175 611
153 644
545 892
763 922
187 213
241 267
285 390
373 555
234 244
415 620
802 807
121 350
477 652
208 269
478 562
59 191
147 299
165 403
381 693
211 781
689 843
585 880
861 964
436 477
52 581
163 906
815 966
694 716
694 742
267 900
765 930
473 938
211 553
603 733
638 804
760 810
147 919
353 920
295 588
401 654
165 674
239 756
271 323
164 424
28 627
236 642
409 669
91 766
170 810
969 995
83 771
208 877
226 350
191 634
14 703
217 857
772 968
704 999
102 151
22 176
71 562
331 628
354 641
277 679
321 822
278 835
65 943
617 965
729 987
470 571
289 717
452 770
344 765
593 984
138 260
305 620
169 686
294 770
486 809
839 892
84 956
128 353
204 610
230 648
397 656
181 745
623 768
153 797
299 919
206 950
562 954
60 971
60 707
243 830
512 898
22 285
67 460
216 474
83 537
641 907
845 859
139 141
818 872
62 331
228 682
422 701
721 769
627 808
58 843
496 794
509 814
668 989
249 618
172 940
55 74
143 507
592 849
676 864
725 963
356 624
143 858
48 292
348 935
819 965
19 213
528 752
185 778
685 988
210 309
226 423
475 880
113 894
114 906
62 137
425 683
309 934
63 607
137 628
339 640
103 675
7 699
445 725
11 781
630 797
358 818
259 828
176 930
546 934
49 327
170 354
257 615
415 780
631 819
0 857
22 930
328 571
630 644
180 700
265 755
131 794
31 476
360 485
553 638
127 679
440 767
359 920
32 938
135 954
259 402
391 465
470 849
459 862
723 862
355 893
568 917
324 962
385 590
580 872
29 242
43 517
237 710
334 714
721 812
390 982
264 334
400 432
439 848
116 787
115 327
104 506
463 651
24 655
117 813
678 835
171 969
377 429
404 816
816 829
442 983
207 215
56 263
49 316
9 600
263 457
195 275
24 647
634 657
564 707
24 724
329 759
282 785
27 788
456 844
756 886
773 968
5 233
290 555
411 567
27 840
259 906
290 293
102 339
119 387
113 529
111 553
301 640
157 184
17 417
309 944
2 116
5 525
361 660
518 863
374 882
47 77
49 126
212 549
455 745
127 790
97 826
841 951
75 233
176 748
641 760
201 846
864 914
207 943
62 214
119 349
244 354
63 798
396 934
721 947
163 513
638 972
26 62
262 518
189 729
183 744
485 869
678 884
350 610
634 788
152 334
441 504
75 525
500 853
468 626
85 92
143 264
488 522
244 939
392 978
30 70
383 543
534 583
794 900
92 988
212 281
233 343
357 456
245 458
83 480
45 534
555 568
528 875
96 880
80 966
186 552
73 616
63 646
929 935
0 369
317 422
26 628
111 781
173 836
838 860
524 873
170 907
325 911
399 941
500 966
183 444
33 476
214 628
363 758
634 758
617 631
928 945
288 301
135 505
90 672
609 703
658 943
128 267
136 513
466 943
190 431
140 917
574 850
543 941
541 969
234 251
211 638
423 670
431 774
253 802
617 802
447 809
366 839
726 842
501 865
130 945
424 958
287 974
423 990
189 910
519 997
167 596
585 657
812 947
20 219
99 388
148 683
536 777
704 869
160 927
631 965
350 990
30 249
157 322
352 539
261 742
169 899
290 917
167 982
61 296
208 332
445 941
853 966
131 267
117 531
39 646
243 937
291 940
291 970
447 547
532 619
685 730
108 732
103 751
12 877
607 746
389 907
964 986
4 152
141 559
117 682
585 758
769 964
69 244
330 564
70 571
688 892
68 249
350 423
371 435
54 604
633 910
131 174
40 210
226 318
24 442
108 562
29 595
551 636
412 641
442 655
434 700
383 741
260 891
49 252
363 475
368 676
707 977
122 526
78 566
632 681
510 712
247 853
244 907
347 996
328 470
153 555
475 657
324 698
131 838
93 254
18 263
65 466
339 650
535 702
253 344
656 848
3 468
590 639
244 677
523 859
139 960
765 965
303 315
379 852
294 572
290 720
426 791
7 503
37 622
59 634
90 183
153 290
219 490
510 718
11 804
335 817
599 864
344 930
454 966
859 994
146 995
173 223
99 321
263 336
179 342
325 447
319 599
357 674
598 713
231 953
73 223
318 350
227 459
276 772
175 299
554 609
55 635
4 507
41 655
409 674
445 678
160 740
429 750
348 865
464 872
634 880
551 889
392 898
87 905
524 908
605 916
644 917
770 933
318 670
344 819
116 985
710 739
793 928
941 963
292 338
396 401
183 420
719 852
689 855
151 288
503 512
654 944
253 285
278 445
49 451
254 569
353 573
144 413
510 744
390 754
373 833
218 853
665 868
47 645
30 68
156 287
525 577
296 581
47 709
249 841
410 872
790 897
86 262
142 307
231 430
81 559
452 572
269 639
382 650
96 657
189 902
387 910
347 923
802 965
350 567
192 699
237 739
377 750
430 752
56 806
642 816
806 859
13 919
171 198
118 295
70 592
456 735
276 968
499 570
285 765
570 794
695 858
30 328
130 484
360 555
435 565
100 599
453 717
314 768
793 843
464 954
939 964
164 195
193 325
10 381
122 471
81 532
328 592
419 700
653 704
674 844
470 951
549 643
932 967
412 760
577 775
667 979
679 997
232 425
119 705
417 918
53 287
93 569
735 896
301 393
168 413
183 672
202 731
789 810
137 820
282 971
199 767
244 986
402 482
224 581
450 815
487 978
126 451
729 953
673 984
261 266
112 459
475 585
624 730
81 139
121 226
170 412
287 418
468 589
421 592
73 836
315 781
43 832
649 908
42 109
436 584
273 613
323 807
571 849
508 885
355 901
53 974
330 977
588 998
290 630
748 833
843 855
135 872
760 907
63 539
163 665
388 822
169 894
250 423
392 512
712 744
28 808
827 872
110 311
128 573
233 577
632 708
186 885
4 264
235 522
299 611
389 641
180 697
716 742
167 754
758 840
490 932
138 237
617 850
630 917
364 959
458 463
358 527
156 963
192 978
318 990
923 995
220 583
904 971
397 448
464 505
364 557
477 584
372 713
555 797
422 936
192 512
750 763
247 815
686 899
278 543
321 577
555 630
238 761
278 963
20 240
261 706
288 815
59 692
460 822
28 461
521 658
360 748
648 758
270 764
501 890
69 251
293 644
253 930
16 134
5 321
105 322
359 378
490 556
320 594
232 683
522 688
512 699
501 736
346 737
377 763
680 839
721 861
278 884
153 917
600 922
532 960
42 311
26 331
259 482
448 496
523 584
568 797
495 809
174 267
132 304
75 321
375 745
407 817
385 877
678 963
490 967
725 974
575 984
250 990
583 720
616 836
200 978
55 632
168 743
353 499
230 585
434 588
68 618
393 640
604 694
425 696
622 761
389 810
357 866
573 920
821 976
148 216
464 580
381 711
2 787
560 858
127 660
718 744
543 835
96 363
129 716
191 840
431 894
20 967
18 167
117 283
594 612
59 788
29 789
11 111
261 586
291 613
140 630
272 880
601 938
16 47
174 570
575 579
285 802
298 375
7 392
152 507
491 587
363 634
442 647
386 667
22 765
317 877
144 930
413 930
963 974
161 273
354 389
288 640
41 647
39 857
231 419
216 696
89 767
904 949
7 991
542 662
295 729
170 760
157 783
336 806
844 866
155 904
344 965
341 544
584 806
541 948
79 378
407 449
243 614
183 712
517 789
151 640
438 761
64 391
179 508
127 519
138 627
485 704
129 742
22 748
191 758
260 808
482 828
101 929
604 931
196 378
548 735
413 833
865 890
11 553
545 688
620 698
95 202
435 514
644 720
444 744
666 791
234 907
451 915
195 305
586 694
329 775
46 892
118 987
52 61
356 685
624 685
666 705
454 815
78 890
302 906
481 968
109 183
31 342
151 393
252 451
450 650
569 721
72 722
56 926
93 939
10 429
364 603
625 658
97 774
27 692
588 902
548 920
226 250
229 313
539 798
499 900
19 187
403 409
313 535
365 645
437 680
304 874
510 876
691 917
524 649
792 909
446 980
669 990
179 885
41 983
176 280
352 646
171 948
250 318
156 835
797 980
195 415
461 627
706 742
896 920
150 707
601 809
228 531
78 736
758 880
31 508
459 516
113 774
485 797
283 834
376 945
250 417
37 438
673 701
382 815
619 960
873 961
948 969
434 998
489 668
372 703
568 720
130 793
378 896
116 950
894 977
108 421
4 528
254 546
40 721
459 723
442 724
707 904
699 978
3 406
563 693
41 724
19 893
413 498
133 595
129 604
202 821
174 860
484 928
105 184
443 481
323 574
795 831
283 556
198 969
415 424
310 427
258 960
354 760
847 956
234 354
180 419
450 454
375 455
56 523
505 562
111 638
214 643
302 665
371 752
199 764
781 804
736 865
125 943
113 977
121 990
41 124
144 344
158 586
607 798
225 857
150 904
27 363
236 404
116 497
426 509
361 790
352 798
113 190
224 296
17 386
246 497
657 758
237 808
426 912
164 958
891 981
118 189
347 749
404 829
564 894
633 922
356 484
326 508
9 516
379 544
268 639
717 743
58 855
28 138
16 248
263 596
328 841
165 866
249 286
181 375
288 650
554 703
471 746
710 808
165 357
140 153
178 268
44 519
325 547
96 585
502 607
583 691
692 840
569 861
888 925
337 929
71 437
156 445
20 248
117 491
215 521
693 711
670 724
76 184
293 568
469 709
178 294
86 422
212 452
226 567
140 568
220 601
294 629
102 650
546 654
272 657
681 824
589 901
705 987
198 995
208 317
159 561
418 579
130 624
361 728
582 914
250 411
15 493
266 706
626 901
887 991
72 162
55 292
13 298
29 412
282 535
16 645
725 835
583 917
569 939
280 344
65 125
146 171
235 594
634 692
437 777
323 850
41 442
579 593
33 342
174 499
164 506
213 589
765 802
230 303
453 573
113 686
139 762
715 924
315 972
107 460
202 608
337 865
300 870
146 969
462 981
44 120
23 297
361 389
309 401
381 429
437 478
131 496
172 558
389 677
351 688
229 702
745 796
211 804
360 833
182 868
254 934
884 941
211 315
33 508
374 637
718 876
399 445
0 36
105 746
115 786
126 327
36 369
216 425
15 846
804 972
144 168
271 574
208 590
223 616
226 669
677 760
569 769
312 842
604 926
87 552
80 247
416 454
481 576
338 635
556 682
477 716
305 780
525 822
330 904
215 943
356 479
549 933
146 347
257 762
667 805
445 974
88 662
677 810
165 844
150 536
135 580
210 654
647 670
390 850
285 930
161 291
99 577
578 605
411 670
57 716
124 417
108 478
527 663
106 778
714 973
283 531
421 571
147 611
563 659
498 717
189 295
523 604
576 772
75 775
531 834
570 838
7 898
721 964
543 678
156 725
399 835
497 950
326 476
176 833
262 863
711 884
962 989
212 294
452 629
498 743
101 865
113 564
526 753
475 788
48 632
535 785
582 817
112 862
795 876
25 882
272 363
255 565
238 640
359 735
38 792
390 802
505 872
319 914
127 997
4 334
238 393
430 435
600 910
205 662
566 698
445 884
160 222
217 369
81 449
293 583
77 243
451 603
184 783
203 786
574 802
812 964
661 699
108 954
35 287
393 537
165 669
158 845
433 852
305 958
167 457
567 670
429 725
311 856
137 886
155 949
23 51
390 807
810 907
348 929
165 310
33 462
27 585
253 617
518 740
704 797
253 819
171 923
670 990
67 107
444 510
7 192
170 389
481 772
735 844
482 936
102 288
273 340
168 492
198 541
585 648
617 807
116 246
17 250
220 486
286 618
265 876
57 436
241 570
362 578
21 593
586 931
69 986
5 775
684 908
497 787
273 970
211 276
167 477
88 542
300 671
644 797
26 820
70 841
253 850
249 951
197 260
99 320
105 471
436 596
27 657
706 855
216 232
136 665
374 787
174 900
426 903
883 937
42 976
337 501
441 595
902 987
188 332
178 452
229 474
336 523
226 670
112 252
22 253
126 362
347 468
131 499
14 554
372 554
429 563
373 644
663 664
138 710
14 757
125 215
371 430
122 530
378 548
320 612
285 850
369 881
162 882
423 918
353 992
206 297
247 416
303 638
276 972
211 303
357 403
60 535
155 707
734 798
180 875
862 915
26 643
532 672
223 708
652 716
448 838
598 692
354 810
835 974
71 108
251 361
99 460
179 476
232 487
141 532
488 594
9 633
436 652
51 796
879 997
246 297
284 561
622 640
265 745
91 792
448 860
665 741
732 954
387 987
390 574
564 686
280 802
1 853
947 986
137 239
8 514
155 536
172 561
119 567
281 572
241 573
586 604
258 619
393 771
648 788
27 880
702 971
138 981
948 995
388 594
662 867
910 987
270 995
152 264
284 493
72 520
10 693
576 773
837 924
188 317
276 576
577 822
316 915
77 614
219 932
571 951
686 977
126 316
203 370
275 424
588 953
307 973
166 511
531 587
385 639
7 661
44 679
381 750
492 851
850 965
585 634
413 748
596 754
331 886
567 990
280 390
624 928
569 986
95 134
12 208
13 299
46 366
439 448
545 680
357 735
793 945
187 597
562 827
552 905
248 365
206 497
23 637
25 72
26 214
247 500
134 709
378 726
26 854
687 880
877 936
190 437
272 585
206 745
99 775
603 915
507 714
887 895
11 972
120 277
92 323
59 648
140 720
360 797
617 819
518 927
60 282
490 856
468 749
122 753
45 794
403 844
22 390
141 449
189 633
238 690
112 693
699 991
53 156
133 242
265 298
275 305
28 326
382 454
86 518
315 553
230 363
29 441
681 708
645 709
54 716
828 906
3 923
399 963
888 999
312 492
234 677
659 693
483 705
261 716
446 797
127 897
31 462
97 529
498 833
205 937
270 969
303 972
129 266
388 460
215 466
143 714
637 787
765 819
556 834
18 56
159 284
77 365
348 501
213 626
549 854
383 941
542 981
446 999
128 570
657 684
8 791
778 826
336 926
47 248
365 469
480 482
10 516
121 610
403 674
70 849
268 332
69 379
389 412
345 602
614 937
8 435
212 214
102 238
27 648
598 703
526 746
68 951
237 260
151 382
648 804
427 866
283 919
803 979
228 283
101 501
563 779
175 919
73 581
469 614
231 875
878 997
14 94
228 491
34 560
121 670
281 933
291 380
384 437
259 480
56 584
182 741
476 885
675 751
161 198
32 782
563 884
724 918
305 424
62 549
154 632
14 713
389 897
23 25
25 274
167 584
230 788
318 918
311 932
436 982
646 798
54 859
241 900
74 338
321 460
99 525
105 526
443 587
114 665
422 673
420 744
688 799
17 918
339 393
449 532
43 50
144 176
11 211
12 385
35 418
18 436
175 481
368 582
380 613
168 717
234 728
549 770
774 778
648 840
556 856
368 864
286 612
479 730
194 752
596 982
188 208
150 330
310 357
290 373
288 538
179 552
96 788
472 865
754 869
164 881
699 898
210 934
431 977
188 639
363 687
454 853
213 355
655 670
136 259
56 457
28 462
585 687
267 838
934 944
93 964
764 996
295 434
688 839
280 965
44 277
10 377
421 470
305 566
584 604
939 947
0 225
134 248
104 675
119 121
395 492
116 637
157 746
175 772
236 816
128 900
30 470
647 918
859 926
3 996
98 186
278 383
549 628
334 858
44 50
92 271
1 391
373 748
505 818
572 924
42 183
258 266
495 601
411 610
81 619
653 754
398 774
339 815
110 821
419 875
884 963
330 971
98 443
752 875
838 900
714 913
127 277
22 413
218 416
514 565
574 652
560 695
134 731
485 748
191 788
122 798
500 815
310 844
813 905
643 933
923 969
797 999
265 510
159 558
340 613
323 617
466 658
456 674
248 709
71 777
400 874
535 904
559 960
86 317
36 857
684 873
59 363
189 387
374 497
46 849
402 906
871 921
785 971
54 56
6 350
93 546
91 540
375 796
271 807
55 836
831 876
269 877
592 951
234 986
61 224
239 331
322 458
313 474
835 884
410 464
360 653
3 749
790 942
297 950
918 990
161 171
223 632
621 688
544 852
881 958
861 986
455 755
230 758
200 232
29 517
18 584
540 899
285 982
97 190
267 353
222 418
42 672
492 717
547 656
417 670
626 749
214 820
742 855
75 99
47 240
242 441
360 446
471 753
69 939
180 194
447 486
437 529
434 697
604 806
632 836
740 863
513 906
87 179
139 258
443 576
19 589
923 996
406 613
271 652
483 729
727 883
830 883
442 903
162 274
373 485
484 730
746 798
205 867
779 884
676 914
128 920
362 605
92 843
516 750
502 798
171 273
89 296
387 610
246 637
580 827
264 858
383 898
241 920
152 973
270 347
25 374
148 696
10 763
894 899
665 906
182 984
158 994
180 434
325 656
153 720
57 742
618 841
630 720
527 823
823 872
60 150
115 362
46 688
932 952
5 99
54 477
220 534
629 715
256 723
825 874
100 914
118 483
534 720
691 720
210 944
67 321
43 428
760 789
58 793
90 311
254 401
787 985
503 887
629 924
103 104
578 851
384 894
234 939
142 149
308 667
609 757
415 958
922 998
472 566
146 764
507 858
119 987
443 491
247 450
485 555
672 744
4 752
320 822
16 469
125 521
140 583
20 645
363 648
437 732
589 749
176 765
75 822
706 931
524 961
869 980
503 991
171 406
448 656
97 431
109 532
553 804
812 955
526 811
527 818
255 371
57 574
266 586
657 687
359 726
652 742
863 927
386 403
111 972
161 406
151 450
399 503
393 650
53 725
69 728
39 782
818 827
790 879
485 980
211 230
431 564
658 961
311 420
538 622
431 686
5 822
68 901
543 963
32 734
181 755
478 954
250 567
324 668
694 706
478 777
517 832
422 877
275 881
490 952
419 953
380 970
93 986
143 152
439 547
59 585
231 434
747 794
551 837
326 885
231 295
76 322
492 498
145 607
94 609
352 746
226 918
220 938
615 994
486 495
419 588
220 691
285 807
168 833
214 854
346 370
347 406
190 778
150 949
349 666
443 687
285 754
361 760
440 764
696 949
60 155
23 162
80 218
424 506
96 524
502 539
38 540
125 625
222 740
483 791
708 836
634 840
137 214
210 396
462 542
381 659
484 685
556 813
188 269
92 793
29 810
438 878
342 885
29 133
288 450
66 664
466 684
544 767
19 901
71 954
110 967
197 237
288 382
97 384
150 564
222 927
496 547
313 971
406 995
245 463
97 113
31 326
526 530
212 643
142 714
323 802
57 271
176 285
600 763
21 182
153 293
297 374
110 490
232 513
396 546
690 761
473 782
376 793
395 842
333 874
495 956
355 589
221 921
61 89
80 815
596 869
430 528
445 543
717 726
655 918
792 945
121 250
149 307
728 897
33 326
584 596
496 838
69 907
124 918
39 225
293 534
524 657
219 682
283 682
67 822
789 832
150 977
201 380
135 562
143 695
453 511
47 614
583 747
491 834
684 880
670 983
17 990
46 235
90 420
245 811
569 812
340 406
584 716
707 971
386 979
692 758
611 772
700 998
28 260
128 511
387 515
457 869
496 900
118 231
451 557
238 622
764 923
40 254
481 491
120 519
594 621
358 663
378 842
659 884
9 922
637 950
675 999
608 874
841 901
155 330
566 620
4 714
353 359
472 501
10 563
359 573
293 630
145 783
689 793
580 818
378 456
74 632
317 701
689 706
503 884
411 918
450 966
653 980
178 281
233 525
368 914
660 728
684 961
188 385
89 764
483 987
252 327
229 346
21 701
290 797
164 494
144 498
206 637
776 783
591 805
383 868
552 885
327 895
434 953
324 989
270 996
642 829
625 943
110 976
493 561
339 382
532 559
36 751
436 754
782 798
251 907
489 962
69 354
619 672
419 697
105 783
116 297
560 946
111 211
112 316
132 400
474 487
350 515
281 549
126 603
411 669
594 799
228 905
317 936
82 979
273 995
163 259
251 389
208 639
640 650
698 780
529 894
477 926
561 940
129 706
735 992
23 497
276 553
289 573
39 734
480 771
755 796
138 891
230 972
378 992
162 374
281 629
59 657
182 673
478 680
490 682
414 728
451 959
164 275
145 539
823 829
872 954
140 293
139 559
383 678
609 713
674 866
515 910
98 552
496 570
254 654
92 685
373 797
231 902
49 115
140 644
179 186
166 289
53 418
634 684
312 743
693 779
132 825
171 270
366 522
669 674
586 716
794 838
273 380
167 390
308 427
543 741
253 390
298 455
144 492
117 556
387 705
335 449
420 510
272 524
226 610
268 629
250 724
272 788
677 939
301 382
171 541
412 677
35 697
26 886
97 894
541 995
283 491
19 626
62 643
267 794
358 872
503 779
410 818
480 537
230 576
354 939
67 111
3 273
295 419
216 487
505 527
471 539
448 547
72 606
304 608
365 614
191 657
264 714
63 746
18 754
76 783
298 796
122 811
650 815
765 850
284 940
189 953
170 244
303 840
61 199
244 251
204 350
135 410
284 558
244 641
144 743
565 752
617 765
438 879
59 880
103 925
373 568
788 840
340 970
127 879
401 944
254 964
35 974
33 205
148 487
567 610
237 891
808 981
174 241
60 564
477 604
71 680
630 691
43 789
210 824
743 851
430 875
748 930
95 952
285 965
335 976
28 981
26 239
265 455
641 789
925 999
83 393
253 631
775 822
0 881
760 897
161 948
81 258
339 450
144 765
555 917
181 265
317 385
410 597
315 648
322 783
282 330
473 734
745 755
55 223
46 470
147 481
309 546
56 596
30 618
235 688
482 701
341 719
85 730
516 763
774 826
511 900
558 940
254 947
146 996
3 146
97 169
573 726
496 747
416 853
790 878
57 931
436 457
705 791
499 838
588 922
289 498
287 579
680 732
636 837
668 962
198 970
218 247
303 781
253 807
26 177
39 502
628 643
627 710
453 726
481 773
377 922
406 923
803 805
316 327
46 351
325 439
90 444
550 578
222 593
261 604
604 859
31 205
40 309
107 488
250 647
17 669
217 881
779 895
512 991
355 626
474 702
115 126
266 694
9 763
733 915
227 256
228 587
632 635
77 645
193 656
256 674
306 683
240 365
122 734
659 895
436 926
211 648
305 698
141 762
464 818
716 926
135 818
328 849
360 869
73 224
85 793
286 846
280 850
308 870
661 887
412 907
824 944
430 953
131 241
114 259
11 303
349 387
51 455
254 721
303 758
274 826
77 830
854 933
349 987
214 331
222 575
469 727
349 791
266 801
721 955
15 159
18 336
65 658
718 795
524 880
702 904
54 336
9 515
407 559
297 787
283 813
673 936
861 939
93 947
545 975
134 365
132 608
207 658
563 725
457 754
36 217
196 359
435 483
183 510
350 669
18 982
471 798
815 853
217 929
197 981
79 312
457 584
513 665
856 932
649 961
888 980
108 135
140 290
132 333
12 382
171 613
653 748
849 892
125 207
16 240
351 366
126 557
572 715
695 913
807 965
869 982
153 373
336 457
45 583
108 827
85 624
360 644
604 742
437 774
369 857
930 965
942 997
869 999
58 376
475 524
234 389
21 575
458 651
300 738
332 877
865 935
248 952
731 952
666 987
198 613
568 691
399 711
652 931
268 269
247 382
280 413
395 743
181 298
448 848
631 916
85 928
121 387
679 790
471 811
503 898
5 343
354 412
319 489
279 817
438 997
141 258
256 456
117 587
598 840
367 852
334 913
852 957
730 988
22 344
289 511
318 724
668 780
557 915
501 935
161 380
54 436
120 465
245 753
397 860
701 877
573 992
251 897
126 959
240 952
161 995
11 67
398 529
130 685
9 204
607 646
608 731
325 809
18 869
178 188
93 244
310 386
357 409
500 538
504 546
295 987
323 988
1 80
42 110
51 181
194 231
45 293
119 318
69 341
145 746
390 765
271 855
819 916
685 928
653 982
37 997
126 252
351 594
631 802
301 450
254 309
161 340
371 514
151 815
409 866
75 343
127 361
336 584
189 588
207 692
429 763
779 887
486 938
26 549
141 619
13 147
431 437
308 671
233 775
653 797
706 801
209 816
143 913
708 955
111 315
131 448
731 821
682 905
154 210
201 284
201 340
228 556
177 695
375 876
395 959
17 226
372 692
449 960
591 979
471 530
473 601
137 643
593 673
381 779
284 291
293 555
326 627
17 670
97 778
195 881
177 239
169 398
42 420
57 584
344 631
263 675
280 748
191 880
4 194
153 691
170 789
523 845
275 415
58 706
420 856
288 966
406 970
217 225
172 291
80 454
200 513
430 565
306 771
828 868
41 918
60 977
918 983
200 302
251 354
21 422
588 633
596 653
467 695
8 705
231 752
555 833
210 254
915 959
24 41
15 201
464 562
499 573
182 828
648 972
419 998
125 658
174 794
660 942
39 63
168 176
227 516
567 918
12 936
284 380
100 489
339 538
387 567
492 842
725 884
468 901
484 945
423 724
271 850
461 961
474 696
554 713
345 891
668 698
219 813
382 966
82 124
4 143
646 857
70 249
197 345
293 691
725 941
12 269
403 427
306 537
30 571
318 610
599 676
572 770
821 932
452 933
574 982
79 359
448 794
893 901
166 290
68 328
310 409
260 462
156 543
678 725
505 732
149 973
192 200
191 363
194 419
398 778
509 912
402 936
291 340
190 398
242 517
395 557
69 677
625 710
666 729
127 878
907 939
312 959
950 985
751 999
409 844
610 990
118 588
423 610
443 968
85 130
436 574
504 595
266 931
769 986
196 312
166 453
191 598
274 787
687 788
123 924
712 718
144 280
153 360
98 491
186 649
86 673
106 784
611 919
294 933
156 941
12 450
401 504
95 608
175 773
227 915
898 978
697 998
176 344
416 590
457 653
649 885
127 942
457 982
468 996
147 283
199 296
318 647
210 681
531 813
110 856
384 977
113 169
287 575
134 645
743 842
83 259
155 564
395 578
301 815
137 854
705 729
250 350
157 471
96 684
40 569
13 755
336 859
698 962
285 344
182 402
296 440
477 574
611 773
447 911
18 926
174 448
45 720
630 980
653 999
22 754
104 164
295 998
67 525
219 556
774 894
137 177
279 304
300 308
584 652
953 987
511 573
503 699
526 798
548 844
844 896
112 227
399 543
582 599
37 640
466 692
203 737
940 970
327 362
511 570
567 724
759 775
384 777
552 587
693 750
435 752
806 845
729 910
702 949
171 970
90 976
128 131
59 303
327 451
312 557
57 694
289 726
820 886
388 612
350 670
402 701
278 725
548 866
797 869
867 883
485 999
279 368
412 517
526 539
250 655
649 684
377 725
79 735
529 778
155 977
53 377
50 428
481 531
260 627
475 634
77 709
252 915
750 922
148 474
373 630
640 761
216 313
312 364
200 392
759 768
275 865
176 253
48 338
257 668
46 799
547 809
208 268
427 667
826 882
225 369
195 620
538 640
328 893
313 904
108 464
47 469
3 626
615 668
555 720
563 750
615 845
119 910
214 933
313 949
805 979
191 466
223 581
153 980
194 430
483 514
229 535
372 609
233 759
925 980
61 440
285 574
423 647
399 779
410 827
139 158
399 563
24 349
311 444
97 686
90 744
802 819
95 821
311 976
310 674
196 735
434 902
121 918
57 167
138 197
13 283
108 505
177 756
364 842
24 903
376 928
234 379
321 388
244 389
61 581
386 417
51 611
181 206
218 500
321 775
834 905
146 406
717 842
148 200
357 548
403 669
633 763
461 908
21 86
452 549
462 662
22 802
263 806
540 909
45 496
454 500
108 592
614 709
516 723
109 744
427 805
62 854
88 867
177 886
680 892
252 895
442 912
466 634
190 680
158 859
660 879
357 896
160 946
581 955
93 677
263 926
60 949
87 240
344 413
147 531
185 545
50 679
446 754
56 859
274 637
142 152
39 217
349 483
263 584
167 652
265 712
285 748
140 797
402 868
769 955
116 206
447 495
105 539
588 729
538 815
503 659
477 931
262 317
349 567
118 666
467 714
326 342
320 460
360 568
488 688
646 734
499 920
22 982
36 103
188 262
493 558
276 781
509 791
230 880
264 528
230 804
131 860
582 864
398 431
457 704
383 835
652 694
344 802
515 600
106 688
523 716
37 288
85 356
134 400
119 423
193 439
446 457
336 494
46 621
330 686
421 732
586 742
475 758
431 777
732 777
108 849
421 892
849 951
79 364
268 385
461 508
443 531
178 715
205 243
187 355
554 598
421 839
68 70
145 352
184 458
267 511
520 773
37 277
353 548
631 765
389 789
82 803
837 889
534 917
176 498
96 634
266 742
242 789
618 846
399 512
143 560
350 387
153 485
71 505
102 537
258 586
189 600
400 608
415 698
628 854
416 889
83 906
828 936
948 970
354 986
763 998
8 118
27 230
290 360
282 540
41 670
309 824
163 868
902 910
77 87
288 393
478 505
231 528
413 765
842 851
212 854
800 993
460 525
32 601
567 647
240 709
636 715
389 728
675 980
316 603
399 725
764 767
366 799
22 144
14 372
384 398
514 666
797 917
52 73
67 99
438 538
360 630
204 387
106 545
150 777
48 836
470 841
7 887
218 966
95 967
123 214
104 336
174 496
397 547
167 574
329 577
30 592
201 618
531 682
398 894
347 995
29 170
113 398
392 487
312 733
627 961
191 207
358 505
46 545
384 564
282 707
723 915
407 976
574 617
418 697
790 997
269 317
23 374
268 572
57 604
55 681
728 790
183 311
173 581
120 679
475 684
230 276
303 553
61 764
659 887
866 896
521 684
490 813
424 881
166 293
386 409
157 526
344 617
295 633
512 661
748 869
353 896
408 940
166 373
701 828
9 910
416 966
20 490
683 696
206 831
46 839
656 911
244 964
777 977
241 511
214 770
107 606
461 808
35 998
494 675
576 687
376 689
232 696
136 828
378 920
819 930
677 986
446 596
196 717
39 798
731 967
123 452
232 474
375 510
276 520
445 563
449 817
374 826
480 906
254 939
624 988
513 683
86 701
409 990
129 158
272 443
48 681
477 742
438 942
176 360
18 653
178 770
239 820
105 458
8 729
646 782
92 855
379 986
110 219
27 303
406 468
516 600
426 814
330 894
49 895
243 342
117 905
559 762
732 827
204 910
726 920
124 250
667 803
590 877
230 968
160 579
614 883
168 289
233 321
165 386
42 444
192 487
107 621
189 705
122 746
102 771
424 780
23 796
461 873
613 995
384 686
360 704
210 401
580 597
240 905
507 528
251 660
614 727
675 925
2 950
147 491
505 580
424 620
265 796
40 947
268 317
20 682
111 722
802 930
503 678
280 819
663 823
213 901
787 950
317 332
390 436
366 621
479 624
200 665
606 722
787 826
190 894
456 896
45 900
533 942
613 948
818 954
839 975
461 476
156 278
308 591
521 625
292 632
124 655
660 679
388 775
615 780
130 792
516 862
826 975
7 978
793 988
85 323
130 376
294 549
272 684
692 788
185 826
206 455
35 156
119 350
191 585
29 641
234 641
392 661
327 786
238 301
343 577
444 672
351 892
128 174
148 513
231 588
102 622
237 627
485 630
122 782
111 804
610 910
61 270
638 648
313 696
522 784
633 902
170 441
399 659
124 670
756 800
769 939
474 978
103 369
70 421
393 480
336 596
387 633
230 475
523 994
380 406
10 459
231 729
909 985
0 39
232 302
364 395
503 661
60 702
712 755
484 792
22 833
631 850
319 864
700 875
419 902
446 748
190 826
671 860
100 962
59 230
571 893
36 925
164 415
108 571
620 668
533 728
63 734
211 773
765 807
707 894
596 926
40 934
3 589
648 880
119 189
249 328
341 433
188 590
119 610
686 707
436 716
246 745
220 747
623 759
300 805
280 807
482 906
273 923
257 994
118 430
311 490
347 764
745 831
512 978
144 253
159 314
395 733
525 775
428 832
93 934
296 955
273 347
424 494
339 622
287 725
807 982
3 270
258 532
480 650
251 677
316 862
927 946
418 974
539 646
604 652
216 683
429 693
510 755
361 907
246 985
186 587
421 680
188 877
408 948
198 408
107 522
471 607
163 828
660 878
104 888
522 892
867 937
773 972
250 983
279 608
66 690
456 866
238 537
76 157
285 617
166 644
98 687
379 719
113 777
107 799
78 865
278 898
364 915
356 988
477 694
376 843
868 906
457 926
35 377
251 760
175 968
17 409
318 655
40 681
363 840
851 959
255 973
208 422
267 573
282 904
863 933
941 974
51 299
279 335
93 354
441 546
187 589
515 633
124 647
664 683
459 693
289 743
370 786
808 891
377 381
326 462
137 549
24 670
260 710
639 715
100 864
417 990
392 991
16 77
109 619
487 513
587 834
103 494
280 617
20 813
112 915
110 952
233 329
116 374
242 504
435 666
514 791
268 590
588 700
551 715
860 870
907 986
6 9
113 437
193 447
128 453
50 519
46 522
303 585
154 708
234 760
40 769
66 829
839 849
100 989
806 994
20 95
109 420
85 484
415 566
154 635
451 733
195 780
741 898
238 438
112 516
416 636
585 840
343 757
158 258
157 539
437 562
517 595
288 622
40 654
219 240
164 369
79 395
136 402
324 620
87 645
634 648
209 690
795 801
432 874
678 898
531 919
377 998
218 454
90 712
196 364
218 391
45 511
40 812
858 913
529 977
6 411
165 456
456 548
183 718
413 743
54 931
949 971
200 216
81 762
564 777
519 790
1 500
54 694
628 886
93 401
279 582
420 672
524 687
96 758
358 829
544 861
386 866
461 885
566 890
167 926
53 963
134 333
79 717
378 844
390 930
629 770
417 979
71 536
418 575
529 777
529 826
928 988
49 362
392 503
330 535
156 575
272 649
246 787
318 983
214 281
106 366
200 474
174 671
244 760
95 248
235 366
182 383
109 444
125 466
263 523
80 538
425 664
529 686
216 702
718 801
469 830
557 851
843 928
109 976
322 463
727 830
213 893
172 284
226 409
59 598
366 680
124 724
138 739
746 783
177 854
434 875
62 886
130 356
169 431
48 154
383 399
46 421
371 528
25 637
438 640
423 655
582 676
550 819
485 833
629 837
564 904
14 343
310 548
362 550
560 854
120 997
630 999
77 240
259 302
364 378
251 414
453 498
139 532
12 590
477 596
238 771
303 788
256 862
735 866
4 875
221 993
3 995
291 408
447 601
613 940
398 787
520 553
195 506
30 286
53 429
322 651
230 657
156 678
596 704
366 975
579 984
170 234
499 511
204 600
209 761
107 784
679 879
399 898
178 924
168 930
530 956
850 982
47 243
6 387
35 700
55 708
574 754
72 784
346 785
805 870
740 946
538 966
751 980
429 445
553 722
112 723
277 879
477 523
665 828
744 876
23 181
134 240
324 489
347 626
363 684
298 745
595 789
652 807
491 813
745 876
726 896
287 963
18 446
658 684
213 749
320 775
549 820
444 856
578 916
749 923
563 963
319 989
499 794
103 999
123 294
121 349
571 841
295 910
17 411
120 538
250 669
644 691
566 736
308 803
75 329
257 489
158 604
398 686
444 718
18 54
587 905
74 154
140 220
2 497
121 724
716 806
682 967
425 474
446 555
429 711
384 778
22 965
54 57
46 70
66 306
427 548
108 680
739 808
408 970
597 642
485 754
167 263
381 884
688 975
633 987
970 995
412 441
138 462
512 678
562 777
192 383
205 462
486 534
481 611
545 778
18 806
28 33
15 284
98 531
260 542
290 583
726 735
555 748
155 777
44 832
728 907
516 922
230 315
234 361
74 681
615 762
37 339
112 381
402 480
353 570
584 859
185 882
357 378
1 416
156 418
96 649
635 681
307 871
658 908
280 982
241 992
153 999
163 402
262 422
178 639
748 754
37 761
241 838
92 928
620 958
567 983
109 311
171 347
166 555
323 652
581 836
216 229
172 408
23 455
302 487
604 845
167 869
774 975
536 977
48 223
180 231
123 281
12 317
328 355
509 514
121 515
290 691
503 711
137 756
490 834
833 930
423 983
186 508
703 757
505 823
632 824
429 963
6 226
310 667
381 725
166 833
30 901
527 536
524 634
509 903
12 482
567 655
412 832
618 951
18 477
278 503
50 517
122 539
685 793
793 855
898 941
580 954
8 987
274 497
123 549
386 669
637 882
5 329
792 928
328 421
192 503
461 649
215 692
18 704
20 731
848 860
770 863
136 868
328 901
814 912
17 979
251 379
568 583
118 705
225 751
252 862
130 988
194 264
419 430
319 582
213 597
239 628
648 657
153 704
10 112
39 352
196 395
443 475
478 536
280 754
205 830
586 845
787 882
115 895
624 945
543 974
207 684
60 785
712 876
477 982
202 279
273 291
404 410
143 467
432 469
182 543
24 567
423 669
684 788
174 870
106 882
645 952
6 121
93 170
242 412
696 702
630 704
135 732
726 992
185 688
90 532
485 568
573 717
387 729
83 136
198 273
238 339
61 541
147 772
246 831
348 890
484 766
671 805
62 239
276 481
486 747
855 931
312 578
720 747
704 888
495 938
12 332
272 634
334 695
542 891
196 896
176 373
318 387
65 692
904 977
237 981
145 157
2 246
146 273
112 451
447 656
675 704
607 776
439 911
556 967
617 988
28 31
254 396
33 461
462 476
111 520
421 562
529 564
210 721
57 807
480 828
735 920
87 186
151 480
139 619
259 665
811 956
49 915
44 997
163 200
132 432
261 855
31 179
96 443
397 496
588 600
657 692
293 747
85 843
44 428
41 250
31 461
278 512
123 572
368 599
389 660
591 667
402 673
749 764
220 809
22 850
496 860
277 878
140 925
21 936
208 936
527 954
144 819
414 852
679 897
483 953
304 368
324 566
546 569
485 644
230 687
715 889
334 973
257 989
128 992
54 167
119 411
133 546
576 585
395 603
333 608
680 774
152 913
556 932
478 827
519 879
61 969
173 224
199 270
53 445
245 530
207 634
58 801
185 839
211 968
626 996
334 467
288 500
426 666
190 777
527 827
818 829
483 902
791 912
812 986
271 988
226 417
191 648
529 680
564 899
152 528
726 743
540 785
511 794
54 845
446 982
547 911
278 974
55 154
536 564
244 569
121 647
575 673
547 747
459 915
68 286
625 739
527 872
766 945
802 982
550 631
54 652
573 896
52 89
185 366
388 488
343 713
248 731
310 896
256 357
373 446
27 475
460 488
534 691
35 725
762 960
913 973
534 794
831 950
682 952
44 127
41 417
157 458
166 498
140 555
40 955
190 975
275 566
256 844
161 940
107 351
413 492
932 976
107 111
120 500
10 711
254 769
702 785
477 806
271 843
755 876
627 981
164 305
60 313
69 389
356 928
146 541
46 592
535 707
520 772
71 827
45 570
187 626
791 903
34 160
427 992
19 597
348 736
689 801
804 840
799 892
373 413
271 802
144 833
86 863
126 915
20 932
64 120
64 428
383 512
366 849
512 884
390 965
25 297
733 842
83 114
57 323
83 102
45 131
3 171
77 248
104 263
24 318
1 465
314 493
49 603
47 830
714 858
679 878
348 881
118 910
350 918
8 349
169 564
231 700
63 782
484 793
706 843
54 129
47 134
96 230
579 740
643 770
302 868
79 896
312 603
502 746
410 823
50 127
219 248
154 292
274 297
275 348
421 478
402 665
244 728
526 607
34 927
161 408
320 488
169 977
234 341
363 524
193 547
347 589
16 614
343 703
312 726
13 796
17 124
139 449
40 708
673 828
230 840
436 523
404 597
73 708
220 720
462 808
441 810
451 862
353 900
857 929
89 955
176 390
441 641
158 762
54 263
230 638
581 708
24 912
256 915
0 929
535 949
437 536
672 712
706 716
873 885
745 950
461 462
18 523
373 653
113 707
93 721
130 730
458 811
358 827
243 883
247 288
263 704
968 972
77 179
262 268
98 272
364 456
196 743
84 811
910 922
452 924
579 927
339 966
231 435
548 573
383 665
67 388
386 427
411 515
124 983
486 547
219 834
94 703
678 711
142 913
323 965
568 980
46 488
486 583
182 593
367 597
93 861
235 892
597 957
155 971
188 629
548 726
861 955
55 616
326 649
17 667
166 720
50 789
354 361
316 557
335 559
235 612
586 706
543 884
203 479
448 570
388 577
14 598
329 623
563 678
491 682
553 773
517 810
257 845
36 888
899 977
589 996
17 423
421 545
210 546
162 637
493 846
47 87
146 198
80 391
215 658
610 669
384 680
819 850
1 247
196 492
196 573
194 700
220 917
77 937
170 939
903 983
102 382
153 446
253 574
79 743
114 828
254 861
326 873
6 910
36 39
151 238
79 492
377 563
275 620
539 776
572 837
380 940
222 287
318 349
270 541
105 607
330 899
684 943
114 200
436 806
93 907
678 974
622 997
94 343
131 511
252 693
86 188
283 299
138 461
54 596
67 638
167 653
686 774
287 835
397 838
91 899
209 236
287 445
214 452
271 477
267 496
462 627
636 639
583 644
577 759
96 873
240 967
522 594
412 595
150 971
308 979
6 990
454 590
301 622
360 413
56 436
119 666
707 949
33 179
204 411
196 453
29 504
191 684
78 698
457 806
713 840
272 873
479 484
436 604
648 781
197 808
621 892
254 986
121 204
142 255
375 712
390 748
540 766
657 840
355 841
652 855
570 860
543 868
592 893
546 944
360 980
56 104
298 712
414 719
38 899
303 363
123 628
336 675
580 823
187 893
307 913
37 120
403 667
343 759
680 778
427 896
83 482
189 483
201 493
336 506
277 538
211 576
475 576
134 608
159 623
166 717
272 758
738 860
491 919
845 926
497 985
698 989
62 123
106 839
466 524
180 528
271 742
840 880
20 905
92 130
285 413
56 494
311 712
262 740
294 924
40 154
44 465
587 813
586 859
265 444
288 454
9 459
439 496
301 538
276 638
282 702
633 729
624 793
130 843
259 868
316 959
248 967
754 807
543 898
387 423
598 609
271 617
458 753
376 795
206 796
778 839
34 933
22 360
191 372
492 726
34 740
9 750
592 841
694 855
640 815
760 832
519 878
204 633
57 926
6 669
92 689
748 765
236 829
154 309
56 167
253 413
359 842
78 305
187 367
215 372
24 426
439 447
481 587
318 669
265 718
255 752
102 761
185 784
384 826
337 890
187 957
202 976
114 232
185 274
113 330
82 417
545 849
55 173
331 549
446 630
276 722
354 728
263 869
10 922
902 998
629 639
57 855
31 885
866 992
181 297
71 421
387 600
230 781
660 997
410 505
390 617
79 733
444 755
692 880
429 974
555 653
182 665
536 707
244 810
286 841
391 853
154 944
701 984
244 379
425 487
516 693
631 807
622 878
194 507
184 651
533 660
562 680
353 453
28 710
671 838
225 925
2 169
230 272
188 422
331 756
767 812
721 986
487 699
588 910
555 980
284 340
522 545
258 261
78 501
236 533
82 591
287 593
664 696
823 827
298 919
161 969
343 525
12 650
277 438
109 449
11 525
555 704
453 743
265 831
711 895
295 922
341 986
55 338
54 457
297 745
396 824
897 907
267 920
782 938
448 900
54 586
460 594
27 598
445 711
42 821
40 964
24 423
417 423
12 701
510 795
559 817
152 255
498 748
735 842
467 858
27 96
196 548
212 572
182 575
65 625
2 637
544 719
711 725
364 735
326 908
730 928
901 951
484 988
20 134
7 399
80 416
403 456
249 470
307 714
75 759
185 774
67 781
307 467
722 773
569 934
882 975
533 790
437 839
274 398
263 436
53 697
754 850
809 938
813 967
23 206
325 397
146 749
123 820
544 986
213 468
475 649
746 776
24 791
761 878
24 918
42 932
69 964
63 145
521 692
168 748
284 846
405 935
