1000 4127 52.20153254455275 sparse
0 171 357
1 254 366
2 260 383
3 745 250
4 808 840
5 982 294
6 218 632
7 44 117
8 453 22
9 579 450
10 737 352
11 201 512
12 643 133
13 666 705
14 757 532
15 482 660
16 968 530
17 196 396
18 919 837
19 284 187
20 712 441
21 323 195
22 630 294
23 242 589
24 809 824
25 989 208
26 780 952
27 738 440
28 928 646
29 702 480
30 716 305
31 152 74
32 358 111
33 597 292
34 270 973
35 273 764
36 542 604
37 467 381
38 931 677
39 997 221
40 632 150
41 627 208
42 974 7
43 546 934
44 705 727
45 375 471
46 122 303
47 749 482
48 239 133
49 475 184
50 816 476
51 784 928
52 283 613
53 37 800
54 767 762
55 753 313
56 181 44
57 816 200
58 885 911
59 787 253
60 930 813
61 276 589
62 968 6
63 377 858
64 733 847
65 585 348
66 557 755
67 587 753
68 75 721
69 469 538
70 874 41
71 788 731
72 857 566
73 280 865
74 223 548
75 541 922
76 338 331
77 809 744
78 846 618
79 510 474
80 812 777
81 908 899
82 772 414
83 561 66
84 172 157
85 786 428
86 919 181
87 427 414
88 85 991
89 447 609
90 554 628
91 839 513
92 631 616
93 407 939
94 823 838
95 181 149
96 163 451
97 135 319
98 838 72
99 21 562
100 83 855
101 195 295
102 156 602
103 599 656
104 565 25
105 245 913
106 891 747
107 463 829
108 536 704
109 44 342
110 356 905
111 46 981
112 744 209
113 635 149
114 367 85
115 376 636
116 689 206
117 86 623
118 75 620
119 755 425
120 455 166
121 180 64
122 174 977
123 627 733
124 519 112
125 433 854
126 597 16
127 214 312
128 112 434
129 643 941
130 783 5
131 668 426
132 821 177
133 559 806
134 230 223
135 380 233
136 937 59
137 493 673
138 645 499
139 951 65
140 400 857
141 633 548
142 343 637
143 705 580
144 943 828
145 240 449
146 695 774
147 978 142
148 283 430
149 641 240
150 586 260
151 885 202
152 381 272
153 65 259
154 543 784
155 193 456
156 434 827
157 179 243
158 47 173
159 282 946
160 913 967
161 229 406
162 49 153
163 175 171
164 607 235
165 127 17
166 526 971
167 849 430
168 328 40
169 728 692
170 683 452
171 909 938
172 527 920
173 461 170
174 43 215
175 37 475
176 645 324
177 981 223
178 740 411
179 468 290
180 761 291
181 188 898
182 682 341
183 57 410
184 845 761
185 135 134
186 964 378
187 473 192
188 595 769
189 806 872
190 334 654
191 501 143
192 950 853
193 441 719
194 302 297
195 769 588
196 281 183
197 734 411
198 719 499
199 933 416
200 406 820
201 616 0
202 167 275
203 148 797
204 62 989
205 699 31
206 389 102
207 76 399
208 210 343
209 60 423
210 424 750
211 61 609
212 976 96
213 573 62
214 918 984
215 848 404
216 45 191
217 946 303
218 233 506
219 544 336
220 547 440
221 523 97
222 124 237
223 457 162
224 872 944
225 740 248
226 260 98
227 532 485
228 614 288
229 404 635
230 712 94
231 461 363
232 38 722
233 931 394
234 62 438
235 500 517
236 970 192
237 596 585
238 385 246
239 633 152
240 968 308
241 534 997
242 770 119
243 770 762
244 528 48
245 606 330
246 976 77
247 959 999
248 219 3
249 963 102
250 586 743
251 636 86
252 424 494
253 856 828
254 987 68
255 669 404
256 23 205
257 635 931
258 888 137
259 332 321
260 561 97
261 337 648
262 639 147
263 291 495
264 944 796
265 777 112
266 885 6
267 223 49
268 478 797
269 214 281
270 297 536
271 898 645
272 889 4
273 237 151
274 775 633
275 901 875
276 93 640
277 227 519
278 36 576
279 911 116
280 929 422
281 703 571
282 957 263
283 8 673
284 768 243
285 582 142
286 735 45
287 102 635
288 88 325
289 535 985
290 456 290
291 565 90
292 861 111
293 528 412
294 209 466
295 974 236
296 839 351
297 565 556
298 701 506
299 625 854
300 736 560
301 964 819
302 100 214
303 668 654
304 981 890
305 247 472
306 885 643
307 37 872
308 356 803
309 574 932
310 771 397
311 153 634
312 511 343
313 226 586
314 186 445
315 823 524
316 422 529
317 68 192
318 344 888
319 493 54
320 631 778
321 914 923
322 871 797
323 871 779
324 337 392
325 928 311
326 480 852
327 211 317
328 828 811
329 49 886
330 743 507
331 810 264
332 440 879
333 677 731
334 877 225
335 787 999
336 798 294
337 680 874
338 291 198
339 126 654
340 229 687
341 449 489
342 241 361
343 133 361
344 177 646
345 807 521
346 797 460
347 234 870
348 8 601
349 71 806
350 255 380
351 917 989
352 541 605
353 941 681
354 372 536
355 986 473
356 174 562
357 374 502
358 50 527
359 914 668
360 731 321
361 909 254
362 376 22
363 932 532
364 37 692
365 527 652
366 60 735
367 862 441
368 846 127
369 805 878
370 529 8
371 369 788
372 927 585
373 814 428
374 590 669
375 688 743
376 553 953
377 97 344
378 298 560
379 471 693
380 459 185
381 63 179
382 800 154
383 182 921
384 350 123
385 670 486
386 117 880
387 544 35
388 115 406
389 559 105
390 577 247
391 625 812
392 874 905
393 915 81
394 469 222
395 614 196
396 51 697
397 212 978
398 615 447
399 152 638
400 722 16
401 576 930
402 791 192
403 83 166
404 642 218
405 94 187
406 332 672
407 751 646
408 155 277
409 451 455
410 285 960
411 296 941
412 466 856
413 122 294
414 699 702
415 10 281
416 637 921
417 516 557
418 272 10
419 480 748
420 673 73
421 204 158
422 902 19
423 364 131
424 670 969
425 658 490
426 548 393
427 643 184
428 578 17
429 715 918
430 153 923
431 436 399
432 10 845
433 29 37
434 535 856
435 142 241
436 93 441
437 378 874
438 659 716
439 192 959
440 879 132
441 590 553
442 539 201
443 424 448
444 101 314
445 838 845
446 606 834
447 251 41
448 4 284
449 276 293
450 885 808
451 712 157
452 372 246
453 551 180
454 238 539
455 66 383
456 369 921
457 621 92
458 617 186
459 929 738
460 220 311
461 92 881
462 963 297
463 862 182
464 380 450
465 507 257
466 180 595
467 744 988
468 180 425
469 149 759
470 318 147
471 612 704
472 535 297
473 753 370
474 931 333
475 840 643
476 442 756
477 878 753
478 961 726
479 621 51
480 447 98
481 748 323
482 491 978
483 837 651
484 468 318
485 278 884
486 871 100
487 377 562
488 923 175
489 100 679
490 812 720
491 205 681
492 807 518
493 721 807
494 875 581
495 356 285
496 855 158
497 74 378
498 273 460
499 458 765
500 525 872
501 870 752
502 613 487
503 645 975
504 54 824
505 644 746
506 926 896
507 441 14
508 937 942
509 285 752
510 560 63
511 962 41
512 293 671
513 50 579
514 955 501
515 259 749
516 66 772
517 652 995
518 353 903
519 669 87
520 84 177
521 877 180
522 781 252
523 906 497
524 678 469
525 888 33
526 185 140
527 996 544
528 520 534
529 156 25
530 21 411
531 559 254
532 661 899
533 545 972
534 645 948
535 612 495
536 885 539
537 984 618
538 558 894
539 38 829
540 59 668
541 133 708
542 809 581
543 386 730
544 748 45
545 767 431
546 35 370
547 651 2
548 383 239
549 674 100
550 132 320
551 203 1000
552 947 747
553 897 156
554 455 712
555 742 289
556 956 777
557 213 155
558 82 329
559 755 410
560 849 45
561 112 447
562 901 541
563 356 411
564 168 546
565 302 688
566 850 43
567 545 398
568 900 978
569 65 868
570 920 912
571 551 821
572 732 935
573 603 632
574 86 697
575 194 574
576 830 744
577 582 951
578 672 472
579 625 901
580 645 214
581 229 5
582 925 842
583 776 507
584 984 307
585 379 228
586 589 916
587 163 27
588 45 238
589 191 56
590 444 320
591 154 263
592 677 714
593 156 740
594 739 317
595 351 606
596 872 579
597 31 362
598 360 968
599 644 302
600 939 604
601 868 78
602 472 381
603 755 26
604 806 18
605 222 612
606 88 39
607 632 923
608 15 117
609 438 418
610 984 799
611 540 864
612 12 203
613 19 350
614 442 250
615 961 288
616 107 660
617 905 403
618 890 438
619 893 223
620 190 263
621 369 115
622 478 948
623 303 179
624 995 435
625 481 703
626 134 842
627 498 698
628 495 469
629 901 949
630 589 140
631 822 374
632 933 713
633 498 767
634 60 842
635 619 122
636 49 957
637 822 531
638 221 666
639 186 58
640 903 64
641 511 962
642 817 90
643 521 60
644 710 80
645 958 678
646 136 857
647 865 286
648 515 342
649 117 356
650 558 83
651 604 672
652 92 791
653 307 744
654 149 791
655 682 627
656 275 276
657 154 317
658 72 989
659 297 417
660 306 753
661 389 835
662 378 941
663 24 725
664 344 212
665 694 455
666 581 472
667 446 731
668 148 930
669 642 321
670 283 508
671 81 653
672 689 998
673 747 436
674 682 622
675 824 644
676 795 237
677 165 217
678 461 751
679 516 733
680 297 380
681 763 154
682 520 320
683 380 714
684 818 284
685 796 926
686 630 418
687 993 778
688 815 122
689 412 512
690 922 767
691 670 555
692 878 589
693 277 780
694 876 897
695 365 740
696 168 166
697 333 99
698 7 633
699 932 526
700 357 945
701 606 532
702 215 556
703 832 341
704 305 213
705 686 710
706 126 728
707 315 724
708 170 277
709 426 272
710 101 849
711 687 769
712 843 389
713 45 33
714 690 954
715 358 720
716 423 236
717 501 566
718 967 171
719 203 109
720 250 473
721 901 105
722 461 445
723 298 289
724 749 586
725 601 23
726 24 828
727 519 323
728 510 535
729 117 843
730 919 831
731 465 71
732 666 498
733 95 784
734 855 246
735 398 786
736 228 900
737 893 707
738 197 471
739 567 633
740 167 967
741 209 1000
742 270 950
743 828 743
744 139 594
745 980 856
746 831 427
747 540 296
748 478 485
749 979 123
750 791 736
751 628 391
752 993 360
753 245 282
754 490 612
755 848 295
756 444 197
757 949 574
758 961 347
759 942 242
760 922 905
761 401 593
762 548 270
763 305 502
764 614 708
765 434 156
766 235 430
767 161 378
768 776 577
769 825 377
770 188 637
771 480 544
772 84 967
773 761 819
774 818 346
775 164 137
776 666 825
777 300 108
778 284 213
779 395 840
780 815 494
781 273 538
782 840 711
783 223 779
784 354 695
785 355 973
786 90 210
787 591 106
788 28 867
789 119 94
790 194 641
791 446 267
792 356 516
793 472 700
794 351 171
795 99 724
796 979 676
797 585 302
798 406 725
799 60 876
800 955 856
801 581 948
802 67 339
803 405 388
804 871 476
805 839 193
806 360 991
807 66 662
808 28 786
809 253 228
810 733 548
811 220 249
812 177 136
813 70 518
814 237 495
815 12 220
816 694 308
817 678 825
818 70 227
819 322 657
820 422 763
821 127 573
822 267 379
823 884 915
824 366 610
825 772 816
826 382 309
827 479 909
828 946 472
829 290 551
830 679 152
831 528 831
832 489 478
833 932 427
834 509 358
835 901 284
836 580 174
837 421 591
838 519 899
839 789 186
840 387 386
841 777 648
842 543 399
843 699 217
844 579 88
845 640 322
846 999 697
847 627 673
848 776 634
849 785 248
850 486 317
851 106 485
852 511 472
853 671 223
854 113 729
855 629 972
856 661 761
857 719 488
858 948 112
859 330 121
860 556 949
861 567 957
862 266 299
863 587 893
864 209 124
865 65 849
866 961 987
867 726 745
868 463 552
869 378 658
870 701 887
871 392 685
872 928 887
873 394 214
874 174 773
875 429 894
876 484 492
877 742 400
878 534 132
879 708 155
880 223 164
881 547 743
882 51 864
883 352 104
884 394 708
885 310 807
886 856 214
887 688 596
888 934 165
889 422 989
890 717 20
891 417 830
892 236 29
893 457 417
894 565 107
895 480 546
896 99 935
897 230 639
898 546 432
899 999 926
900 820 692
901 251 73
902 85 335
903 86 87
904 129 815
905 413 569
906 603 990
907 60 130
908 249 994
909 341 207
910 616 207
911 549 862
912 646 83
913 199 793
914 807 274
915 760 93
916 786 44
917 426 812
918 926 792
919 499 583
920 906 526
921 874 3
922 828 414
923 614 651
924 269 236
925 708 85
926 799 264
927 390 814
928 823 321
929 607 459
930 704 425
931 454 915
932 931 475
933 156 911
934 293 76
935 385 398
936 131 62
937 890 489
938 665 398
939 235 601
940 415 81
941 76 882
942 752 671
943 139 159
944 439 285
945 321 35
946 500 401
947 684 966
948 984 478
949 927 427
950 804 199
951 495 907
952 604 850
953 507 49
954 52 356
955 539 398
956 409 345
957 27 282
958 364 668
959 160 739
960 94 320
961 746 362
962 984 247
963 628 686
964 106 922
965 184 865
966 409 96
967 889 82
968 681 920
969 966 40
970 74 950
971 11 729
972 213 513
973 2 277
974 65 7
975 100 98
976 89 437
977 806 976
978 227 486
979 889 197
980 478 956
981 989 540
982 213 109
983 552 916
984 130 548
985 192 413
986 119 588
987 974 592
988 700 848
989 888 636
990 848 671
991 882 29
992 859 787
993 310 178
994 908 910
995 241 896
996 352 285
997 448 27
998 882 209
999 415 866
36 352
274 848
771 895
40 239
560 566
576 743
567 842
669 845
79 852
309 401
54 243
345 492
40 113
83 510
97 550
305 720
682 727
577 801
113 239
110 518
494 596
202 708
495 996
311 399
312 648
58 823
842 955
593 959
511 969
176 669
631 769
120 223
113 262
266 272
471 764
451 879
19 196
404 580
37 602
655 674
376 860
833 949
214 351
135 585
472 747
3 225
416 607
589 639
176 845
59 849
644 925
355 948
280 949
522 849
436 976
127 327
2 350
426 567
71 750
192 800
280 833
664 909
178 197
363 699
18 730
551 741
567 955
42 62
189 369
127 460
59 522
203 654
402 839
389 894
400 890
151 979
190 261
415 448
135 548
524 578
558 902
315 637
598 785
379 793
623 993
8 997
120 173
199 280
86 488
288 558
770 790
255 938
525 991
129 534
238 548
529 587
285 630
570 760
448 973
40 262
652 733
306 989
151 998
239 262
18 582
661 779
426 842
288 960
622 980
260 291
477 501
502 535
126 725
2 822
220 898
527 981
49 187
260 389
392 694
121 639
475 483
257 607
494 692
430 668
163 696
634 865
168 945
173 223
360 594
546 597
194 723
526 812
415 973
46 413
653 660
143 281
462 615
540 807
506 872
748 876
32 883
611 911
444 960
455 497
434 611
146 711
569 799
421 557
625 793
95 526
27 673
84 696
592 705
506 760
230 925
242 265
291 650
204 658
719 982
67 250
528 728
257 416
248 581
276 287
258 440
307 788
426 955
395 458
288 902
251 912
331 914
473 961
38 353
302 786
260 894
327 460
481 594
628 832
198 857
331 926
81 994
403 520
199 833
41 910
55 481
256 612
178 877
395 910
74 702
425 732
117 118
170 665
773 825
266 921
76 259
596 692
449 862
548 585
87 609
32 621
218 814
179 290
776 817
84 95
241 289
350 822
378 829
57 950
11 972
240 462
202 408
51 685
247 866
840 935
570 994
296 703
122 740
300 810
190 819
430 933
142 261
58 392
321 570
582 730
69 771
199 949
75 983
83 213
385 425
385 732
159 742
129 257
914 926
43 75
238 452
286 544
128 561
193 667
294 738
155 314
19 338
13 438
213 510
452 548
195 768
775 812
748 832
706 854
847 963
271 306
5 584
88 658
210 820
183 209
746 922
119 545
714 947
557 880
10 961
814 978
271 989
121 589
171 629
119 673
95 812
860 861
197 877
69 895
663 971
736 995
244 643
6 897
23 939
979 998
135 238
1 342
317 381
519 549
90 739
1 350
408 591
539 726
841 848
75 172
405 520
385 578
379 625
230 644
409 722
392 823
291 844
246 254
13 592
344 770
84 163
212 249
218 277
159 410
106 477
278 513
260 650
374 651
232 663
499 678
424 947
321 994
32 384
8 507
398 929
70 991
323 992
12 262
326 412
420 519
55 594
376 861
569 882
177 295
483 675
402 950
896 964
507 997
364 396
159 411
292 486
56 639
279 721
703 774
329 799
116 843
676 849
795 854
832 876
488 888
200 891
684 914
319 953
295 962
760 994
119 559
408 708
799 882
377 902
558 960
178 559
272 921
4 94
209 234
173 380
463 521
626 646
312 834
274 841
136 139
81 760
69 868
683 884
434 911
277 972
25 39
104 428
135 452
263 670
414 705
828 932
124 221
155 738
595 824
864 982
56 589
33 797
66 881
322 992
187 380
193 554
263 763
171 321
103 374
150 390
138 425
284 522
79 628
215 712
562 920
103 923
4 24
49 380
63 437
240 584
475 675
461 941
39 177
384 423
70 525
536 562
22 599
334 619
307 882
827 951
446 952
109 954
291 389
251 457
577 861
719 864
940 966
23 313
315 345
333 375
628 852
503 855
59 926
289 533
559 877
35 693
433 713
94 445
338 778
270 829
166 289
58 694
53 808
801 861
504 539
423 621
343 649
103 651
334 998
35 509
597 613
468 985
25 177
133 571
333 592
500 611
612 815
291 894
156 917
821 986
15 137
82 310
167 367
288 444
160 568
449 656
626 729
373 746
605 939
415 957
22 228
158 381
315 492
356 564
506 570
543 683
710 729
648 834
200 927
799 941
360 481
717 919
869 958
353 645
83 650
156 891
33 228
82 559
614 791
309 801
17 985
105 995
87 431
74 454
318 518
166 641
417 717
671 807
261 819
313 939
902 960
140 999
41 395
81 570
202 591
276 671
160 214
170 524
82 545
625 627
140 779
344 790
284 849
290 944
118 211
322 450
569 941
643 953
293 955
903 975
619 998
12 113
67 188
111 204
59 676
809 924
20 930
523 937
322 323
1 2
196 338
41 404
217 462
345 637
410 742
50 780
558 802
406 819
484 850
249 858
43 860
868 895
158 216
48 273
190 406
438 592
803 840
81 506
167 746
476 499
117 276
1 822
709 944
307 329
222 435
802 902
264 918
256 815
332 875
401 801
785 806
385 524
102 744
29 857
771 868
155 294
207 455
434 500
37 231
210 476
214 568
41 580
238 585
504 634
100 710
100 865
760 872
43 983
212 246
569 865
126 428
166 533
77 743
147 749
609 893
73 485
180 555
401 586
431 609
97 657
148 659
599 669
273 880
384 883
380 756
447 892
142 190
38 359
5 462
85 545
512 565
419 678
647 755
198 298
390 531
452 585
791 944
91 315
120 380
648 727
531 762
789 975
476 678
145 766
697 883
217 325
77 750
321 760
694 823
257 534
46 550
316 689
772 970
82 85
24 94
49 173
5 240
422 525
373 922
60 144
308 371
34 410
272 422
72 596
492 637
293 842
839 950
436 561
339 616
421 880
117 287
56 121
158 162
510 650
195 724
761 837
384 859
459 552
260 844
891 917
12 40
82 119
43 376
128 436
351 568
469 593
544 603
489 616
621 883
6 605
599 845
119 178
99 278
68 366
35 515
522 676
338 704
585 873
865 882
235 728
46 97
244 387
110 456
376 533
310 559
309 577
384 621
19 623
545 673
13 705
709 791
543 798
7 907
668 933
110 318
393 640
95 775
554 793
798 884
521 979
129 416
32 423
314 468
206 966
218 978
744 986
77 576
704 778
288 377
258 553
197 559
509 660
554 667
138 732
458 910
661 927
244 953
207 497
381 520
231 602
129 607
60 730
645 796
205 890
503 517
240 615
541 706
695 715
476 820
218 972
377 558
217 615
236 718
526 775
524 665
591 708
849 926
662 700
79 832
60 918
299 952
601 967
266 422
123 505
84 526
95 696
105 736
781 829
21 993
12 239
59 284
331 684
653 707
312 727
84 775
200 917
45 464
106 501
296 774
84 812
650 844
216 381
160 629
252 689
712 769
787 844
21 909
522 926
125 999
401 577
5 615
597 954
30 360
292 368
317 520
309 586
491 638
456 662
358 813
86 888
336 914
703 928
183 207
410 411
573 923
131 255
60 264
149 404
293 567
176 599
389 650
432 726
546 954
199 233
9 666
115 869
329 882
325 474
100 569
486 601
550 657
397 741
30 816
697 859
174 256
160 351
196 623
336 684
449 723
215 922
803 935
422 991
264 556
372 600
151 619
338 623
340 638
172 838
217 240
648 682
27 119
184 576
200 661
505 856
802 954
95 163
489 574
425 578
144 582
20 665
683 715
417 728
670 763
357 792
832 852
640 967
538 983
506 994
277 454
170 578
157 620
200 779
469 959
483 990
144 301
610 687
333 705
34 742
598 806
63 140
216 317
24 328
651 847
804 937
58 994
88 204
223 380
174 588
579 607
586 863
871 884
448 957
598 700
109 802
788 882
128 976
266 991
104 387
462 584
543 695
120 765
0 767
651 923
16 981
356 575
416 579
377 649
81 872
44 375
417 528
628 748
405 786
307 799
143 887
519 912
55 180
55 360
151 521
509 653
543 884
837 905
333 438
72 494
57 132
134 809
43 172
101 269
342 350
614 716
646 729
135 873
844 894
403 405
46 444
334 886
96 314
181 383
397 551
428 725
223 765
634 882
381 403
109 597
206 621
267 892
270 378
88 772
3 284
145 305
429 572
57 805
174 216
10 473
456 518
70 566
329 569
484 590
270 781
132 805
471 963
41 458
779 891
442 453
77 490
545 559
111 636
144 730
68 795
744 821
31 936
377 960
177 962
444 558
114 883
26 51
83 291
273 557
103 573
151 334
276 616
620 708
305 978
261 406
823 994
79 227
140 661
372 757
71 77
95 421
312 682
227 852
656 862
337 870
536 920
81 321
340 491
161 766
253 445
349 504
56 587
91 637
184 743
116 853
309 860
126 201
25 236
50 346
379 554
52 61
81 275
102 466
463 496
667 678
424 714
745 800
124 878
581 892
650 894
386 461
801 860
407 942
173 187
435 591
414 592
658 772
290 791
305 814
571 831
561 976
297 441
821 984
119 197
478 552
466 575
288 802
198 330
492 780
838 951
70 560
282 615
459 632
476 667
715 784
690 918
185 943
172 983
122 439
21 704
63 779
298 857
486 967
101 127
29 198
59 331
252 341
287 616
137 627
44 705
463 805
533 860
628 876
162 907
265 915
774 928
957 973
232 366
539 634
720 814
847 923
482 980
546 613
21 623
482 641
354 792
18 144
6 790
47 330
44 414
78 475
424 503
827 931
213 650
349 652
631 712
282 759
58 81
30 594
202 620
63 661
721 967
144 192
125 332
178 673
434 831
309 861
636 970
272 991
145 720
19 778
277 814
500 911
699 920
20 27
167 215
29 298
208 327
375 711
787 894
393 967
216 256
28 359
427 458
627 793
407 841
577 860
764 963
509 515
421 526
419 633
203 904
344 399
57 402
235 528
109 613
29 665
439 740
786 818
389 844
570 872
152 238
194 449
149 580
313 605
619 979
18 60
71 490
139 511
29 524
55 555
68 574
12 635
441 701
249 749
490 750
444 902
167 922
90 352
130 604
100 634
498 720
656 723
720 978
317 405
354 487
569 634
779 927
886 998
184 501
226 901
457 912
540 671
533 861
578 732
213 844
674 887
363 920
36 90
311 344
456 700
761 905
324 563
49 120
118 276
293 898
294 978
11 277
323 477
616 671
347 995
503 534
125 156
323 501
420 549
38 645
21 664
753 862
805 886
234 976
686 751
107 412
266 525
212 749
133 154
166 241
101 327
111 658
559 673
614 709
747 762
711 856
309 983
921 991
274 407
706 795
676 926
329 941
241 533
192 582
588 818
504 865
548 873
39 295
94 328
205 400
291 510
379 627
472 682
201 725
799 865
626 904
778 924
32 114
188 250
152 452
100 461
233 617
554 625
411 742
580 853
19 993
293 426
397 439
299 446
286 603
401 860
782 900
684 926
338 993
65 245
302 405
292 440
150 531
98 642
287 671
284 676
575 702
438 705
500 838
44 867
431 893
139 246
32 697
407 848
393 721
783 913
651 963
401 983
114 206
140 437
419 499
578 665
859 883
132 950
413 550
134 811
115 824
242 915
383 933
537 987
409 443
100 941
232 971
85 373
179 484
115 229
271 359
490 743
171 994
233 280
43 309
700 785
128 388
416 534
555 594
367 618
345 780
605 897
131 938
246 249
138 385
232 396
97 413
152 495
534 607
197 673
219 727
123 764
119 877
332 999
13 333
171 570
314 738
683 798
404 910
44 333
171 508
307 569
301 610
631 774
722 893
158 317
329 788
49 223
317 786
432 788
83 844
183 234
225 284
376 801
661 891
183 455
724 768
401 861
638 897
107 326
296 631
454 702
215 746
305 498
319 643
843 853
470 859
502 929
117 211
14 330
469 874
420 912
784 958
207 209
41 427
219 682
14 810
81 823
534 855
526 864
125 891
156 200
413 444
425 524
153 588
7 608
142 819
796 846
541 854
717 895
59 914
523 920
532 968
272 525
53 539
568 629
538 863
107 156
27 178
2 342
383 430
391 446
376 577
321 629
93 662
210 667
300 724
371 735
666 929
39 962
213 291
267 447
509 693
490 900
735 927
475 990
98 560
185 775
310 877
830 879
281 887
712 922
139 969
896 970
160 171
27 197
74 277
341 748
696 775
53 504
109 546
384 697
490 782
164 910
9 929
60 582
224 629
187 756
404 853
179 944
196 993
521 998
162 381
157 677
296 769
184 992
34 159
321 506
22 669
174 818
275 872
423 883
219 648
453 836
101 460
331 849
235 876
309 376
34 908
31 121
137 379
543 715
22 845
32 859
321 508
584 615
386 646
459 690
580 910
696 943
335 977
353 359
461 569
472 762
574 795
440 553
490 576
269 620
374 923
814 972
131 170
28 271
232 364
317 403
683 695
680 822
336 926
66 67
427 580
114 621
457 635
212 254
165 529
396 540
293 946
192 745
196 778
87 893
187 394
43 401
377 444
504 726
27 545
660 707
514 828
754 919
96 155
4 445
303 655
117 671
486 721
334 734
173 765
6 770
717 771
377 802
57 839
869 871
455 954
972 978
290 484
144 800
729 904
334 979
264 301
151 463
23 605
872 994
339 399
30 555
26 685
472 727
291 787
269 460
98 601
347 736
656 753
47 857
287 339
280 617
91 780
330 857
169 414
136 511
101 708
210 798
654 874
286 890
882 941
757 987
44 592
199 617
478 632
40 635
53 726
118 287
370 387
331 676
75 860
463 979
83 260
127 269
20 170
45 357
10 481
375 592
147 718
269 753
29 578
315 780
321 823
361 835
96 468
526 696
248 892
417 919
136 393
496 521
204 772
497 954
28 38
85 119
258 279
294 314
132 382
234 436
72 692
186 758
100 799
43 861
521 553
682 747
654 904
127 208
557 864
16 527
270 670
875 999
552 556
728 771
260 787
696 812
48 864
66 250
58 321
395 427
331 522
98 566
113 635
141 701
524 732
516 733
224 823
683 871
151 886
891 927
282 962
56 529
337 532
14 583
368 688
174 815
510 844
10 360
444 550
655 887
120 187
184 323
148 498
424 517
257 579
600 757
670 781
342 822
89 837
79 876
855 906
665 930
25 295
526 557
146 375
286 400
163 421
16 514
769 774
563 935
152 996
406 784
179 791
75 838
817 988
169 942
282 295
173 756
140 891
211 513
313 702
684 755
473 877
728 895
469 654
447 901
144 264
381 405
84 421
157 591
142 595
262 635
552 690
348 698
389 787
734 886
874 913
470 993
4 189
642 688
81 694
285 836
82 178
102 311
21 338
66 154
323 450
488 553
516 652
489 671
683 784
228 797
512 819
209 976
119 310
387 510
432 539
92 573
635 787
212 858
422 921
406 958
32 206
368 496
363 562
717 728
331 336
164 390
290 590
137 625
593 706
91 492
101 620
461 799
153 818
672 947
166 376
310 473
598 662
480 731
179 850
375 856
376 401
517 855
11 218
29 385
237 441
416 532
364 540
95 557
349 733
295 759
269 811
463 886
617 949
314 985
163 526
679 881
150 164
123 471
275 506
424 534
398 686
875 931
482 622
302 818
777 859
253 328
75 538
267 589
319 731
343 767
103 847
549 912
777 934
871 958
46 960
604 916
713 974
337 988
779 999
177 236
492 583
449 753
120 756
431 803
749 858
91 345
440 486
353 632
471 651
586 801
330 583
277 978
115 142
251 519
233 833
802 960
64 988
22 33
125 412
152 548
375 705
84 943
228 599
443 609
239 635
474 758
457 787
582 800
620 811
82 877
525 921
197 930
190 958
17 468
77 80
125 140
13 414
842 898
104 126
222 302
75 376
138 535
174 612
289 641
435 677
461 710
542 768
788 799
735 820
132 839
238 873
100 882
538 911
233 949
181 965
860 983
86 553
82 673
275 694
378 781
523 932
775 943
368 440
218 454
451 830
19 704
243 750
371 927
206 940
450 992
9 220
239 427
208 460
723 862
22 176
132 402
356 466
217 474
438 505
118 671
520 786
727 850
718 888
556 918
613 954
738 978
641 980
41 164
311 339
178 545
235 771
539 865
852 876
261 958
463 998
155 468
99 513
455 546
49 756
219 312
273 421
292 601
626 710
789 903
33 150
29 170
220 293
85 346
360 555
79 748
382 839
68 396
184 477
42 969
174 317
387 643
514 699
171 823
841 942
23 61
187 223
406 565
634 799
333 856
296 928
86 979
178 310
404 427
260 510
345 583
304 745
367 746
129 855
429 870
567 898
354 357
341 409
129 503
48 557
180 594
78 675
623 704
630 787
87 803
522 914
849 914
429 968
62 969
87 443
6 638
186 752
682 850
157 202
459 478
138 502
313 575
743 782
812 864
789 936
115 958
78 483
194 656
727 747
697 777
137 793
170 930
310 545
149 164
97 444
349 516
136 640
421 864
392 994
101 202
479 725
602 946
85 310
253 322
525 640
562 699
778 809
471 847
17 161
47 198
94 253
75 309
27 559
508 570
400 603
631 703
576 782
149 853
320 856
60 301
53 349
320 391
81 392
282 462
481 555
180 481
320 505
204 636
258 721
752 758
181 933
172 951
694 994
160 508
283 364
424 672
136 969
332 412
229 869
898 955
281 300
15 379
145 498
35 660
191 878
865 941
440 721
276 807
421 812
18 192
361 619
386 710
48 880
41 149
46 657
303 674
200 735
270 763
245 845
566 991
538 611
630 635
290 709
14 300
396 574
130 603
245 797
254 969
900 990
58 570
454 781
252 316
167 373
201 547
10 594
163 812
317 818
216 612
361 759
182 816
611 831
311 770
341 876
614 944
383 668
157 708
630 836
714 968
4 328
279 393
253 450
108 679
235 895
107 268
244 510
470 623
502 666
382 688
772 896
193 210
145 294
83 387
20 673
394 756
6 939
590 944
704 993
440 496
54 750
495 826
203 874
514 932
26 977
48 982
328 445
533 641
556 690
423 859
58 224
364 663
609 722
171 760
215 769
142 824
748 852
427 910
244 319
62 511
193 798
805 950
395 404
70 422
556 610
166 482
577 586
242 681
275 994
40 427
163 775
308 927
706 959
279 440
24 445
124 191
71 243
276 339
208 342
37 431
85 559
395 580
622 641
515 693
526 719
603 916
75 401
113 427
646 710
298 732
591 620
710 865
183 530
573 739
399 770
131 930
16 363
42 511
3 522
532 579
38 632
268 633
499 667
104 725
100 729
499 820
647 835
194 862
790 897
917 927
891 999
339 489
312 850
755 928
454 972
58 171
139 254
269 327
90 365
9 398
709 716
570 823
617 833
675 990
367 804
102 399
16 699
346 373
123 438
183 497
307 865
480 940
333 505
7 162
673 877
535 929
193 793
61 378
170 385
162 403
333 414
264 690
636 772
727 834
146 856
716 873
74 972
704 909
275 760
80 184
186 233
158 403
508 629
281 691
703 769
487 905
560 991
70 266
142 406
221 878
501 992
289 376
30 481
192 301
218 305
161 350
318 437
552 632
114 697
874 959
11 978
368 486
254 511
47 583
638 790
389 878
336 928
221 389
421 696
21 794
267 901
143 300
298 385
106 690
565 819
213 260
659 680
382 681
386 729
420 925
586 983
600 987
68 232
193 476
122 551
70 640
210 678
556 687
390 762
569 788
152 826
514 948
376 983
157 435
221 643
206 883
5 217
188 320
245 669
285 787
180 336
408 413
517 672
2 680
218 720
443 722
769 922
886 979
838 983
210 499
549 925
27 930
20 197
166 860
262 427
158 520
528 717
374 847
279 858
28 353
223 756
764 847
539 882
684 928
165 587
366 663
651 764
37 893
794 909
54 71
69 235
418 447
831 911
284 926
142 958
140 200
171 224
258 292
366 516
70 601
535 701
58 760
719 812
278 348
95 864
80 328
239 458
31 639
80 743
541 795
83 244
209 436
80 576
588 815
593 874
9 898
532 607
349 634
417 895
420 644
141 691
743 750
637 780
751 938
161 985
325 462
408 620
601 640
221 650
43 801
923 963
106 323
268 499
193 678
307 634
281 810
30 55
104 213
154 571
24 825
437 999
715 884
163 943
221 260
70 921
550 960
94 189
122 397
110 437
203 469
43 533
538 586
419 667
192 730
437 779
489 807
629 823
544 916
375 867
480 966
564 984
251 479
560 601
617 618
267 639
301 800
396 807
619 886
553 888
82 197
74 313
4 369
307 432
138 578
325 835
162 216
0 343
564 575
217 584
296 712
352 739
735 917
413 960
877 961
408 435
565 707
417 771
649 902
306 359
206 423
437 518
36 739
460 753
380 765
648 850
380 394
104 510
353 796
897 939
246 969
194 259
179 590
196 704
826 996
294 305
49 394
387 428
230 549
108 627
633 679
346 780
561 851
603 890
409 893
828 948
434 571
585 664
496 805
197 545
31 789
37 946
870 968
2 161
363 514
587 639
535 666
469 706
716 791
401 863
618 949
205 286
246 511
634 726
321 872
178 930
332 931
302 317
419 476
131 686
235 748
68 854
579 863
452 873
63 999
139 249
129 424
72 536
394 614
396 663
277 702
458 836
273 864
676 914
485 995
164 404
214 629
761 824
285 894
92 923
132 496
400 544
74 575
131 665
523 699
623 778
477 992
40 458
579 586
550 649
419 679
250 881
602 893
135 152
81 171
406 512
664 704
622 827
870 988
107 125
33 245
83 389
224 392
366 396
382 402
106 459
115 595
355 624
426 898
519 925
676 950
481 961
658 970
258 496
3 555
510 643
809 811
130 916
902 954
946 955
112 225
385 665
487 761
726 788
328 992
251 420
374 573
409 609
360 816
145 978
383 439
525 566
265 688
357 689
333 711
238 716
150 762
539 788
760 823
784 871
538 838
25 962
263 498
566 601
627 679
17 767
58 275
139 393
621 697
541 593
413 657
636 658
103 739
662 785
606 974
35 653
96 738
176 245
554 678
621 859
197 310
215 367
682 834
387 953
102 986
150 228
458 580
64 773
39 236
213 387
207 388
164 395
375 438
276 489
540 574
660 693
240 758
497 802
730 918
629 994
500 538
256 588
226 934
193 379
222 591
215 631
19 21
77 184
104 370
343 377
497 546
43 577
251 635
85 673
576 750
11 814
144 918
139 212
5 282
133 831
563 840
545 877
544 890
878 894
712 746
70 272
508 760
86 151
137 365
521 886
158 256
384 470
667 820
244 370
573 651
408 657
283 698
110 700
355 828
219 472
503 947
398 502
473 559
499 633
181 736
106 737
3 849
240 325
264 610
548 716
504 882
109 558
521 805
207 976
219 747
125 875
27 877
349 539
325 615
650 787
401 538
431 602
29 732
304 899
20 29
88 111
307 941
53 516
302 520
587 589
227 628
633 678
301 745
605 790
574 807
294 814
262 830
329 865
397 908
920 937
686 938
292 967
275 392
409 748
290 850
558 954
209 455
83 643
292 721
632 737
667 798
741 908
631 922
656 924
172 538
667 793
388 976
661 999
66 188
46 288
251 549
111 772
125 779
516 808
61 829
395 836
717 868
192 872
279 967
488 979
437 661
366 795
235 832
108 881
124 389
404 458
195 542
634 788
479 912
569 710
18 800
557 812
12 830
418 892
176 182
258 486
121 587
107 917
501 576
782 990
115 261
209 530
525 560
275 582
470 794
678 820
630 894
622 931
204 970
48 226
455 597
523 804
611 838
142 869
255 930
640 991
457 479
171 568
316 905
3 112
343 550
466 744
102 821
172 860
97 960
20 178
509 707
377 497
225 555
84 557
640 721
450 730
616 807
571 911
386 941
776 988
99 348
388 561
69 728
156 779
583 780
381 786
500 831
424 855
309 863
800 872
134 924
541 959
253 992
113 458
97 649
788 865
174 381
549 644
259 996
83 104
225 522
11 738
220 842
154 881
83 894
34 411
257 532
309 538
163 557
15 627
58 629
647 734
528 771
226 777
15 793
724 810
798 820
827 838
681 839
67 881
28 989
359 989
132 463
388 436
374 471
219 834
211 278
318 456
753 811
665 857
149 910
710 941
0 208
207 234
263 270
216 520
255 686
356 702
167 712
157 811
257 855
217 282
491 790
341 832
984 986
275 570
570 629
519 644
634 710
294 720
668 740
311 790
664 794
109 902
895 919
794 993
249 254
112 284
215 373
157 408
628 722
114 384
201 428
386 626
374 963
135 664
289 860
31 56
346 545
364 807
103 963
64 493
43 538
324 680
71 743
493 773
532 870
528 895
355 514
167 618
779 917
931 951
111 970
553 979
526 982
189 445
574 854
461 865
183 976
44 169
241 641
122 741
863 983
299 391
350 680
298 330
172 376
46 408
146 493
389 510
86 521
150 797
18 275
97 343
93 456
496 553
220 567
185 812
770 897
43 166
536 596
285 635
423 794
784 884
3 59
229 761
399 790
590 850
901 934
10 55
452 495
280 618
11 74
158 174
447 581
110 662
518 700
726 808
457 844
123 250
100 386
202 435
398 666
756 765
605 770
444 802
330 810
261 869
56 267
759 962
414 438
279 553
290 614
311 744
798 871
864 880
57 886
180 360
147 858
126 479
162 520
377 550
237 297
59 336
375 414
100 504
489 540
439 551
288 649
146 867
88 970
909 993
618 804
13 963
69 717
143 810
289 861
964 970
533 577
117 616
574 616
57 676
221 291
646 904
125 917
23 702
601 721
693 885
65 219
147 249
374 739
597 802
403 907
704 924
61 939
649 960
228 245
301 556
466 770
220 955
668 964
27 82
304 800
228 845
210 543
77 243
136 246
50 492
31 589
376 641
501 743
470 777
21 778
118 807
534 947
48 421
181 430
178 473
307 539
15 625
286 644
632 645
143 691
264 730
255 751
465 762
391 776
590 956
310 961
155 985
25 718
842 946
702 972
235 417
279 486
193 625
351 629
657 708
185 789
634 941
28 306
135 716
89 754
214 866
127 753
438 963
74 218
247 351
258 368
494 536
221 894
95 943
334 361
156 412
78 692
707 715
695 884
517 947
803 956
801 983
508 994
22 245
259 495
48 719
533 801
4 825
195 300
98 486
228 669
722 832
141 441
329 461
418 581
6 344
530 546
166 861
932 937
461 964
162 317
177 759
771 919
156 999
27 47
125 200
164 580
28 600
606 713
222 786
618 833
349 865
585 909
367 922
391 952
819 958
386 964
114 966
129 968
0 657
722 748
300 768
275 823
50 91
84 185
104 244
285 389
230 519
298 524
586 607
643 650
341 689
670 829
227 832
602 834
661 917
363 523
463 553
75 861
778 993
214 247
58 506
695 798
360 961
70 967
861 983
21 196
305 766
231 431
180 522
419 554
429 714
730 800
117 807
216 818
452 996
59 684
102 356
94 369
321 392
101 408
129 579
28 645
13 375
338 924
105 485
489 541
638 770
216 815
484 944
834 946
71 576
202 657
3 180
160 321
672 714
455 802
454 814
450 918
416 968
443 464
287 489
20 524
276 540
224 568
152 585
452 664
123 856
351 866
710 904
375 505
113 830
784 869
652 904
848 942
79 235
131 524
40 630
539 808
140 927
236 295
269 708
488 718
190 869
558 649
43 838
260 878
82 373
261 595
265 681
85 922
288 550
523 562
574 671
365 739
510 894
621 966
206 384
230 420
359 737
716 756
577 906
145 161
105 347
335 467
190 512
258 521
571 611
439 741
593 854
54 867
461 882
483 900
497 902
673 930
624 948
622 951
184 322
60 556
267 581
143 724
210 735
294 766
434 538
619 734
409 832
274 942
812 943
153 957
211 276
322 477
289 482
413 591
423 697
403 786
546 802
80 243
124 260
63 318
138 524
529 639
609 803
95 880
503 906
175 234
240 474
105 742
529 936
18 450
298 578
67 123
60 192
116 580
182 669
585 716
13 44
262 458
165 606
691 887
344 491
43 641
625 667
250 764
246 858
158 907
172 641
444 649
526 880
87 935
738 972
306 475
334 521
152 709
287 807
225 849
726 882
236 888
826 956
812 982
322 501
419 625
422 640
339 671
85 746
489 795
438 856
425 502
242 688
582 872
567 946
29 425
257 503
359 645
123 320
402 676
421 775
165 936
382 950
23 74
197 473
645 846
303 847
524 857
432 882
322 328
213 389
554 627
1 680
364 971
227 235
98 292
213 428
60 450
12 549
301 582
77 782
393 858
443 893
207 436
171 506
336 522
466 605
308 735
363 757
140 156
155 978
504 569
329 634
195 274
534 714
747 797
543 871
99 358
97 377
216 403
170 425
518 662
379 667
461 729
229 824
877 930
121 267
334 463
231 484
502 701
720 766
18 918
594 961
239 630
435 708
341 722
534 968
222 677
190 784
140 332
183 546
265 642
95 719
54 77
115 190
129 532
169 705
179 709
44 711
78 989
15 365
156 661
438 764
22 797
112 843
213 894
121 529
464 563
310 673
374 764
711 867
11 454
734 998
20 119
298 425
476 554
497 597
521 619
307 726
399 744
434 838
436 851
63 927
156 927
893 946
805 998
50 345
594 816
38 271
505 592
308 661
185 696
252 443
65 797
239 830
557 982
100 329
288 413
87 722
107 891
733 904
337 968
59 180
147 212
366 574
47 673
321 694
504 808
80 750
726 865
755 914
493 988
242 382
114 423
214 508
158 612
389 630
244 650
625 679
572 714
531 747
246 749
700 806
145 814
506 823
182 845
500 951
947 968
577 983
584 758
697 934
248 267
347 485
131 578
409 628
477 690
11 702
430 740
308 885
356 984
231 590
863 952
766 985
73 347
488 521
425 535
124 894
0 17
240 282
78 306
557 696
397 740
695 784
235 852
551 908
144 745
306 990
86 998
20 131
27 665
570 694
217 758
41 853
892 901
97 408
109 455
12 457
13 505
392 570
101 657
66 679
263 720
195 848
586 861
370 953
840 956
161 342
301 730
377 954
146 333
151 488
43 586
263 781
493 817
161 822
301 918
180 926
177 282
218 294
354 689
738 814
405 818
566 921
369 445
586 860
11 294
6 313
190 565
220 666
60 690
259 723
694 760
92 237
529 589
767 985
256 317
641 860
775 864
608 907
109 497
653 693
515 783
469 854
433 974
171 214
313 466
250 471
78 596
113 630
151 805
135 909
744 984
200 999
224 321
284 331
523 536
299 579
216 588
145 148
160 224
220 426
241 482
78 494
37 609
368 642
834 850
316 868
140 875
686 929
615 962
123 963
430 964
827 980
29 47
125 326
647 684
40 830
5 962
163 677
557 719
24 80
373 545
393 601
139 858
30 180
213 244
209 497
537 600
203 626
828 833
1 161
24 253
109 288
324 659
515 660
224 694
491 770
523 828
229 837
675 841
243 867
294 972
731 997
102 575
245 599
575 605
402 681
623 909
59 225
473 481
174 786
44 438
506 508
591 677
292 688
717 754
257 968
202 269
97 288
292 496
11 564
346 746
348 513
801 906
352 919
731 953
356 744
102 770
543 784
349 808
587 936
54 80
220 227
252 409
311 466
459 556
539 569
548 664
635 912
930 938
23 52
70 98
176 228
87 409
183 436
297 701
459 737
476 798
573 847
868 919
288 954
936 975
931 980
145 155
12 251
26 335
517 534
363 536
237 573
20 857
721 858
372 987
151 553
275 730
213 787
460 862
588 957
838 911
256 381
46 558
494 562
179 614
75 801
63 200
68 364
562 596
670 814
261 824
478 846
336 849
96 985
180 225
69 316
437 456
456 598
36 919
265 382
53 634
143 674
37 834
191 223
241 376
239 395
82 473
393 486
125 661
16 757
193 820
735 891
392 760
148 766
13 123
139 640
213 725
719 775
384 794
38 796
402 805
427 853
340 897
230 915
833 932
18 264
46 377
341 443
118 513
129 947
50 373
172 500
440 521
606 903
44 146
33 599
564 702
854 959
692 989
80 992
106 184
394 716
466 790
406 869
664 993
76 996
24 189
398 535
478 645
171 392
588 612
154 633
670 720
117 986
123 188
462 474
486 640
371 695
763 781
427 830
220 852
675 900
114 940
932 949
173 191
326 332
316 341
21 470
457 519
416 586
235 628
515 653
24 773
715 798
231 834
10 877
286 925
192 304
541 574
31 587
356 821
193 884
226 982
199 618
497 649
145 738
344 638
211 671
75 586
324 935
273 982
95 185
96 294
257 586
281 724
477 737
383 740
69 876
75 951
38 737
505 764
498 766
338 809
659 822
18 301
343 388
331 734
180 284
172 309
50 315
116 404
313 454
438 471
381 818
227 876
163 880
475 989
49 191
211 287
238 709
193 419
238 495
124 650
373 712
707 784
306 483
540 616
15 754
419 793
623 794
426 946
646 965
57 382
423 470
703 755
89 761
683 958
102 344
432 504
292 642
343 657
629 760
742 908
364 366
408 550
536 699
505 711
129 714
606 936
327 753
715 871
465 472
87 840
63 891
282 361
477 576
369 685
551 740
325 758
543 820
684 849
813 851
861 906
836 910
559 961
55 336
202 413
359 632
14 768
216 786
45 792
217 835
828 949
68 489
491 897
560 921
200 371
522 684
762 797
91 804
46 902
297 417
235 717
421 719
525 967
498 670
86 718
675 848
285 878
85 178
186 199
83 221
100 307
352 365
158 405
268 419
285 453
193 499
210 554
268 678
170 732
468 738
331 755
337 817
385 857
863 911
180 914
121 936
29 330
234 530
264 552
710 799
564 821
442 836
607 855
381 907
575 939
607 968
216 405
514 523
31 529
90 573
372 692
820 917
153 174
649 767
76 826
332 827
6 23
33 390
283 396
353 478
213 479
326 500
192 506
472 531
525 601
472 648
498 659
703 712
251 787
613 802
487 824
172 827
180 849
58 872
728 919
702 939
207 954
221 244
364 574
668 896
517 906
154 831
550 902
783 874
178 961
366 971
40 395
205 420
57 463
76 495
428 510
86 619
155 766
309 533
506 800
27 85
4 253
718 749
824 869
544 915
52 939
72 637
734 755
55 961
30 182
76 194
162 608
88 636
410 908
224 994
105 159
84 864
409 876
1 208
263 305
388 497
261 512
497 558
503 672
49 765
592 856
578 857
147 888
914 928
934 945
260 285
503 714
552 918
248 447
334 805
784 819
275 321
367 373
103 471
312 484
115 761
712 774
60 800
264 582
615 759
277 781
526 943
370 428
377 455
661 735
64 825
452 909
284 914
386 933
421 982
73 995
302 435
112 402
236 488
315 583
261 784
728 868
287 986
170 255
75 641
387 650
83 787
834 955
884 958
941 964
17 314
172 401
164 458
530 597
506 694
305 738
336 755
582 918
123 333
388 649
218 670
462 758
664 873
654 913
61 313
287 399
297 528
399 616
432 634
93 875
12 912
772 964
461 646
128 234
23 454
75 533
341 628
805 979
128 207
425 665
218 738
498 814
168 934
185 975
294 468
207 546
75 577
144 610
205 644
274 675
301 687
299 776
424 968
79 220
89 229
136 249
279 292
9 502
221 510
602 609
2 659
184 782
504 788
472 797
728 876
903 907
536 937
347 965
101 208
36 365
72 542
23 575
470 697
788 941
166 980
14 198
504 652
739 923
185 526
93 700
746 769
599 816
324 840
138 141
100 349
431 443
227 528
466 564
461 634
8 731
13 847
71 900
197 961
316 354
81 629
262 630
536 692
805 839
121 719
501 737
394 791
112 839
383 736
487 792
118 540
221 953
67 320
117 339
222 408
72 562
20 578
50 583
566 604
198 665
574 706
14 47
147 236
40 285
252 357
198 385
69 417
6 491
227 666
468 767
554 798
431 840
811 924
560 604
414 867
136 254
198 524
550 558
234 561
501 782
18 872
20 877
338 909
26 467
305 670
170 857
302 403
307 504
26 572
190 595
413 708
699 757
453 878
851 976
302 381
266 566
235 868
132 886
74 356
278 358
205 544
337 776
198 810
333 867
601 991
191 221
124 291
116 427
493 711
477 743
74 781
167 804
731 940
440 967
685 977
12 427
63 518
508 866
119 930
618 937
166 172
287 311
286 916
699 932
431 935
66 133
13 303
277 305
351 508
534 579
371 661
179 465
344 466
451 681
677 696
138 701
465 747
61 781
238 996
372 562
487 595
524 930
69 528
96 561
68 663
553 721
203 913
14 345
933 964
92 103
8 319
46 591
118 616
181 668
218 781
64 870
303 963
396 971
907 975
95 982
106 992
75 166
253 323
201 479
283 540
478 556
484 727
50 746
314 766
763 829
19 924
168 362
590 709
399 466
260 630
665 732
92 674
676 839
128 851
463 619
19 809
225 843
259 826
229 871
23 897
194 996
120 191
169 407
317 588
277 720
10 30
63 110
113 395
346 583
593 654
298 665
68 706
352 754
4 773
577 855
84 880
903 936
532 534
176 816
115 871
716 944
210 884
7 903
133 188
339 344
171 351
149 395
196 470
164 531
508 568
282 584
376 586
603 604
392 629
555 816
416 855
27 857
114 859
743 900
455 902
500 983
157 269
257 424
394 465
258 488
542 637
544 644
3 676
101 753
595 761
489 854
644 915
17 766
496 979
514 981
68 516
493 825
37 87
241 861
229 958
83 428
81 508
768 810
951 980
576 992
71 80
126 213
312 472
583 637
753 924
349 726
539 799
256 818
14 492
148 680
520 818
239 285
258 463
100 539
452 716
140 917
98 967
412 999
358 513
625 678
160 866
101 591
124 643
213 643
484 682
465 531
13 764
372 494
823 872
771 876
85 877
777 883
86 236
43 289
92 655
373 769
678 793
396 489
401 533
264 687
557 775
384 777
35 783
827 875
291 878
710 882
93 889
