1000 6214 64.77653896280658 sparse
0 741 456
1 211 15
2 285 538
3 680 798
4 251 780
5 573 319
6 183 902
7 459 660
8 884 650
9 693 839
10 432 23
11 152 16
12 203 223
13 130 867
14 559 828
15 671 922
16 245 512
17 23 352
18 255 497
19 447 221
20 659 68
21 781 647
22 978 639
23 163 6
24 619 29
25 18 940
26 280 958
27 468 357
28 34 655
29 920 227
30 698 250
31 682 756
32 387 17
33 984 966
34 207 455
35 634 704
36 746 654
37 298 238
38 929 154
39 582 324
40 783 80
41 320 65
42 65 39
43 493 992
44 32 377
45 49 780
46 622 734
47 373 384
48 134 174
49 219 459
50 169 102
51 952 443
52 70 682
53 454 565
54 840 394
55 203 710
56 676 88
57 732 613
58 402 865
59 662 626
60 77 579
61 590 147
62 38 710
63 162 56
64 464 142
65 241 473
66 739 694
67 489 686
68 328 786
69 130 90
70 96 921
71 33 843
72 489 238
73 942 71
74 558 85
75 723 149
76 236 16
77 322 448
78 292 215
79 677 82
80 118 907
81 590 116
82 734 69
83 375 748
84 445 308
85 140 452
86 556 893
87 886 875
88 275 374
89 746 571
90 777 485
91 883 100
92 746 612
93 884 370
94 259 893
95 482 699
96 375 587
97 320 468
98 916 855
99 305 609
100 605 53
101 844 25
102 91 439
103 378 472
104 181 160
105 770 226
106 307 751
107 593 492
108 825 172
109 474 295
110 79 163
111 951 406
112 785 993
113 838 549
114 675 230
115 110 821
116 519 347
117 752 493
118 10 17
119 530 862
120 247 524
121 33 171
122 965 65
123 549 728
124 640 492
125 153 797
126 57 806
127 856 536
128 875 474
129 239 92
130 51 838
131 566 280
132 494 26
133 278 30
134 102 826
135 934 824
136 608 932
137 175 976
138 263 158
139 150 735
140 598 733
141 130 142
142 423 88
143 855 85
144 774 192
145 656 67
146 426 671
147 231 813
148 441 552
149 72 839
150 771 214
151 824 573
152 650 684
153 681 671
154 446 136
155 260 794
156 948 940
157 856 234
158 338 810
159 514 626
160 301 962
161 319 966
162 63 220
163 183 87
164 743 970
165 524 222
166 158 77
167 499 918
168 684 786
169 893 834
170 906 104
171 269 771
172 106 964
173 331 244
174 475 181
175 870 55
176 480 114
177 681 296
178 152 745
179 516 68
180 252 895
181 511 10
182 106 771
183 328 187
184 818 147
185 220 499
186 72 95
187 398 127
188 355 60
189 166 969
190 788 244
191 236 583
192 124 986
193 787 914
194 497 14
195 893 754
196 728 333
197 908 109
198 346 87
199 407 458
200 778 839
201 816 469
202 839 229
203 423 465
204 373 87
205 543 595
206 40 219
207 191 480
208 27 240
209 213 671
210 650 18
211 617 682
212 545 335
213 590 803
214 488 623
215 491 402
216 588 899
217 177 466
218 695 313
219 216 254
220 483 588
221 27 331
222 688 771
223 118 808
224 738 446
225 906 147
226 157 279
227 293 156
228 277 191
229 997 225
230 771 446
231 424 763
232 532 385
233 446 104
234 421 417
235 788 603
236 17 597
237 282 952
238 956 125
239 831 656
240 980 135
241 303 589
242 882 821
243 629 227
244 950 372
245 99 239
246 603 369
247 844 995
248 478 105
249 965 578
250 873 339
251 916 279
252 770 290
253 288 897
254 707 339
255 101 646
256 99 382
257 245 582
258 724 304
259 876 690
260 726 496
261 824 560
262 396 257
263 299 322
264 199 503
265 741 383
266 705 248
267 638 424
268 151 370
269 114 804
270 601 266
271 278 946
272 231 939
273 842 245
274 268 29
275 117 390
276 169 375
277 655 188
278 791 164
279 576 562
280 320 360
281 478 780
282 949 922
283 432 785
284 382 450
285 228 56
286 726 983
287 298 134
288 824 980
289 459 693
290 398 750
291 178 977
292 883 944
293 750 16
294 475 329
295 698 512
296 827 0
297 827 96
298 144 365
299 591 529
300 875 280
301 392 556
302 62 460
303 118 573
304 872 545
305 201 875
306 374 151
307 29 720
308 372 242
309 294 809
310 729 485
311 421 322
312 809 675
313 412 32
314 7 622
315 1 870
316 809 643
317 634 44
318 766 220
319 876 146
320 706 447
321 948 570
322 661 168
323 278 311
324 352 239
325 130 905
326 511 226
327 215 325
328 427 90
329 966 554
330 550 155
331 888 50
332 961 225
333 965 443
334 668 886
335 836 81
336 820 708
337 80 242
338 808 770
339 178 980
340 965 887
341 71 349
342 299 160
343 337 222
344 408 314
345 75 295
346 122 153
347 68 880
348 236 94
349 562 919
350 274 697
351 586 207
352 585 529
353 38 142
354 713 493
355 676 275
356 10 894
357 248 90
358 562 668
359 878 577
360 857 941
361 924 954
362 710 590
363 626 815
364 138 964
365 333 190
366 174 640
367 832 482
368 387 146
369 559 16
370 491 619
371 709 639
372 794 307
373 143 719
374 133 793
375 499 106
376 616 882
377 629 755
378 234 65
379 959 300
380 81 40
381 514 16
382 747 531
383 15 355
384 929 452
385 441 703
386 521 266
387 501 928
388 590 684
389 436 556
390 264 351
391 107 431
392 238 149
393 858 412
394 303 419
395 485 533
396 166 700
397 124 80
398 41 992
399 733 411
400 499 193
401 178 13
402 597 854
403 139 88
404 301 192
405 636 308
406 195 808
407 203 853
408 204 542
409 402 881
410 599 859
411 424 177
412 16 220
413 989 740
414 947 291
415 525 424
416 452 413
417 985 71
418 789 193
419 525 539
420 11 59
421 946 210
422 6 469
423 226 198
424 542 231
425 361 472
426 575 730
427 339 737
428 643 855
429 670 400
430 537 474
431 246 304
432 108 261
433 239 275
434 38 70
435 899 171
436 446 160
437 975 369
438 375 46
439 317 343
440 47 360
441 577 4
442 333 535
443 461 344
444 354 490
445 951 347
446 132 660
447 748 407
448 682 670
449 40 91
450 593 784
451 7 564
452 37 907
453 68 294
454 814 176
455 261 608
456 900 708
457 305 828
458 947 455
459 80 515
460 511 48
461 699 511
462 587 524
463 695 144
464 253 770
465 667 662
466 464 918
467 802 863
468 860 50
469 828 407
470 888 596
471 523 447
472 979 547
473 30 533
474 313 590
475 183 623
476 514 509
477 901 95
478 892 947
479 486 51
480 80 331
481 624 235
482 838 432
483 4 998
484 584 995
485 663 361
486 919 920
487 815 472
488 288 340
489 34 113
490 448 452
491 170 301
492 793 42
493 178 434
494 10 864
495 837 825
496 355 159
497 826 313
498 586 828
499 684 140
500 772 888
501 367 918
502 627 592
503 695 29
504 619 571
505 877 586
506 277 111
507 504 910
508 463 495
509 985 901
510 80 329
511 265 306
512 223 892
513 640 695
514 40 250
515 163 686
516 279 616
517 308 591
518 271 65
519 720 574
520 202 195
521 143 197
522 801 689
523 222 84
524 995 207
525 565 346
526 927 13
527 797 916
528 125 55
529 36 343
530 953 991
531 267 112
532 614 564
533 105 496
534 730 139
535 664 976
536 542 883
537 800 509
538 108 988
539 703 731
540 377 825
541 46 137
542 749 452
543 275 171
544 246 966
545 481 158
546 915 815
547 71 276
548 36 735
549 35 818
550 752 279
551 308 148
552 337 546
553 136 886
554 275 831
555 298 21
556 595 688
557 938 79
558 988 754
559 660 863
560 67 190
561 195 686
562 870 480
563 286 541
564 142 784
565 626 520
566 814 104
567 222 948
568 493 865
569 318 480
570 498 962
571 840 105
572 863 756
573 697 790
574 650 148
575 662 746
576 413 864
577 482 82
578 168 866
579 38 770
580 154 379
581 866 812
582 243 133
583 500 926
584 740 150
585 615 46
586 479 382
587 975 13
588 136 893
589 617 594
590 113 25
591 238 106
592 304 473
593 649 829
594 517 615
595 926 854
596 5 475
597 428 646
598 255 889
599 323 479
600 212 218
601 999 917
602 397 197
603 622 531
604 665 591
605 773 616
606 495 504
607 305 345
608 692 723
609 641 759
610 202 228
611 290 197
612 716 249
613 837 948
614 655 117
615 858 523
616 365 951
617 418 350
618 514 114
619 245 556
620 80 845
621 752 450
622 944 692
623 959 19
624 601 101
625 87 542
626 985 463
627 252 905
628 825 590
629 72 647
630 377 759
631 279 720
632 578 145
633 511 837
634 339 465
635 714 621
636 114 742
637 147 821
638 820 559
639 881 203
640 912 228
641 113 407
642 505 828
643 426 30
644 491 647
645 408 129
646 326 446
647 156 363
648 475 86
649 239 699
650 344 320
651 531 182
652 637 483
653 935 227
654 53 386
655 604 254
656 315 607
657 933 668
658 965 641
659 395 945
660 834 853
661 730 202
662 250 80
663 733 591
664 284 806
665 574 931
666 100 352
667 269 934
668 882 883
669 930 367
670 522 568
671 274 134
672 975 223
673 62 439
674 758 746
675 957 809
676 499 262
677 640 45
678 404 782
679 573 510
680 637 124
681 176 664
682 735 318
683 779 548
684 165 994
685 789 512
686 119 302
687 185 861
688 407 648
689 642 818
690 961 468
691 248 393
692 389 426
693 675 871
694 94 961
695 473 386
696 813 131
697 309 858
698 244 671
699 390 273
700 498 71
701 197 888
702 154 795
703 182 161
704 33 518
705 530 427
706 549 651
707 879 854
708 652 600
709 428 703
710 712 211
711 889 562
712 724 995
713 259 425
714 974 545
715 652 761
716 947 470
717 301 873
718 971 139
719 737 309
720 328 732
721 238 399
722 750 726
723 102 640
724 887 17
725 231 448
726 703 272
727 111 605
728 128 329
729 120 13
730 15 471
731 12 403
732 473 179
733 124 855
734 351 164
735 393 622
736 433 12
737 296 946
738 967 255
739 336 323
740 917 539
741 848 611
742 924 552
743 144 219
744 699 402
745 995 745
746 563 125
747 976 617
748 924 298
749 7 571
750 786 864
751 194 169
752 616 728
753 168 763
754 830 357
755 599 929
756 675 712
757 430 268
758 349 544
759 229 344
760 804 331
761 16 481
762 152 698
763 417 624
764 247 935
765 395 1
766 800 568
767 182 589
768 436 430
769 974 124
770 495 915
771 450 682
772 176 914
773 385 919
774 603 820
775 912 813
776 903 998
777 859 275
778 212 739
779 339 639
780 481 826
781 545 9
782 271 813
783 678 531
784 978 63
785 172 779
786 596 127
787 389 407
788 914 177
789 663 474
790 811 536
791 790 19
792 775 2
793 769 429
794 792 715
795 133 537
796 455 781
797 969 926
798 464 68
799 755 76
800 889 888
801 432 696
802 745 472
803 680 660
804 131 380
805 848 509
806 873 309
807 460 928
808 326 721
809 66 629
810 187 673
811 309 778
812 702 768
813 610 815
814 93 492
815 511 348
816 499 974
817 222 266
818 775 959
819 127 390
820 25 677
821 771 694
822 318 211
823 131 403
824 620 565
825 129 674
826 461 711
827 208 574
828 805 549
829 177 501
830 363 189
831 781 327
832 132 802
833 963 681
834 495 976
835 394 343
836 763 363
837 510 202
838 621 730
839 168 299
840 349 487
841 875 127
842 254 739
843 356 559
844 609 774
845 723 835
846 434 330
847 401 580
848 431 38
849 254 890
850 409 483
851 761 703
852 323 794
853 151 953
854 68 60
855 443 349
856 36 616
857 180 84
858 682 946
859 917 566
860 673 654
861 875 827
862 151 38
863 682 84
864 335 361
865 53 823
866 489 856
867 439 885
868 237 835
869 260 23
870 658 365
871 17 631
872 632 436
873 612 155
874 586 520
875 129 106
876 301 284
877 271 315
878 695 157
879 708 88
880 986 668
881 365 157
882 737 142
883 319 20
884 253 745
885 443 377
886 30 8
887 800 955
888 686 150
889 541 416
890 929 334
891 152 276
892 935 26
893 986 689
894 309 89
895 970 832
896 380 846
897 174 541
898 665 74
899 519 493
900 320 874
901 476 449
902 104 50
903 826 628
904 231 768
905 449 463
906 181 390
907 312 363
908 101 398
909 530 833
910 546 437
911 238 361
912 1000 222
913 904 255
914 439 163
915 759 40
916 362 299
917 722 885
918 429 79
919 818 152
920 556 201
921 980 345
922 983 379
923 31 572
924 962 585
925 317 482
926 807 828
927 399 996
928 822 53
929 896 524
930 328 735
931 867 913
932 568 626
933 662 37
934 712 246
935 734 508
936 480 928
937 234 955
938 558 413
939 468 215
940 657 963
941 739 287
942 554 448
943 807 381
944 715 377
945 499 111
946 109 828
947 677 414
948 47 192
949 530 240
950 519 854
951 429 656
952 508 256
953 346 408
954 433 818
955 523 270
956 364 521
957 147 475
958 12 86
959 443 957
960 175 402
961 720 403
962 185 788
963 296 132
964 73 346
965 584 548
966 747 812
967 92 745
968 298 730
969 816 981
970 660 996
971 779 469
972 78 373
973 194 916
974 660 625
975 654 1
976 852 542
977 767 622
978 590 271
979 273 64
980 639 927
981 563 546
982 183 828
983 623 248
984 164 754
985 932 252
986 456 90
987 83 7
988 395 1
989 985 755
990 932 387
991 692 239
992 104 0
993 249 968
994 279 897
995 629 857
996 166 218
997 454 890
998 313 784
999 325 903
765 988
153 448
295 461
104 703
598 849
480 510
387 583
125 702
569 925
59 974
518 979
174 732
491 839
287 963
291 339
720 930
20 145
137 291
201 487
2 563
558 989
129 348
542 621
546 775
341 964
544 993
261 638
46 838
462 874
163 857
229 912
142 328
77 646
816 834
386 955
137 339
214 370
167 770
184 919
612 934
375 945
474 517
569 599
12 610
170 197
402 410
352 462
241 517
472 714
752 838
180 849
79 863
223 269
94 598
183 365
415 705
444 840
94 849
226 891
299 352
56 79
422 596
317 677
255 723
504 824
532 824
842 884
26 237
148 389
299 462
388 556
496 734
485 870
181 381
180 598
599 925
553 588
451 749
345 453
115 946
237 271
105 318
227 342
586 695
56 863
127 976
811 998
94 180
30 266
266 934
134 946
534 882
436 914
249 924
150 318
128 562
413 745
167 583
29 640
577 648
709 801
116 815
323 877
288 969
46 752
20 898
605 977
17 383
650 739
584 882
280 907
268 298
504 532
268 647
668 800
774 813
0 542
73 557
87 668
253 994
191 257
359 505
374 832
352 874
176 248
129 357
69 403
10 643
682 719
422 730
803 860
242 861
115 134
243 481
167 507
353 541
643 848
68 852
292 478
268 580
124 652
136 755
240 718
568 866
753 984
149 620
180 627
275 819
465 860
274 869
133 274
241 474
506 531
98 595
730 761
597 951
139 178
167 387
4 464
193 527
502 589
187 645
99 656
357 662
448 803
496 881
499 888
5 39
170 477
12 600
507 770
299 874
0 224
309 664
417 784
596 730
466 807
804 819
285 378
315 494
35 513
633 642
511 877
306 881
463 888
142 918
676 952
58 576
266 612
10 736
153 803
490 905
175 468
83 630
609 715
720 808
328 918
427 930
137 189
260 310
159 594
97 599
537 685
558 745
385 801
878 888
145 898
69 397
691 721
108 454
463 499
442 552
565 603
105 150
329 714
570 816
404 611
427 720
583 770
270 978
16 120
26 271
80 325
97 569
348 591
439 607
61 632
298 647
286 712
552 758
75 534
100 585
132 194
270 655
172 694
224 542
0 621
596 761
240 769
81 786
30 991
34 49
3 168
348 357
377 609
533 814
374 564
272 567
437 922
151 261
51 333
51 458
385 709
463 878
593 689
481 983
127 615
22 658
122 784
465 803
260 354
87 800
325 588
13 733
219 817
267 872
906 960
62 307
821 851
314 871
165 326
141 346
168 573
539 608
305 701
819 823
910 942
119 950
94 627
590 729
6 772
567 937
306 368
323 511
258 719
57 92
413 558
129 591
600 610
313 643
332 672
690 716
396 762
808 930
745 989
428 995
852 998
289 771
681 810
400 837
396 515
228 611
387 770
222 812
446 825
790 828
570 834
97 925
189 291
703 751
79 898
260 935
181 194
224 621
151 638
30 934
67 95
27 443
329 472
740 742
664 782
535 940
11 23
470 505
152 513
45 579
534 584
379 414
221 529
342 551
29 653
271 667
458 716
641 908
424 949
178 984
144 418
10 848
280 864
627 849
130 865
68 998
237 737
223 832
115 223
311 344
297 566
561 810
311 846
526 892
550 941
399 961
473 704
718 769
618 945
146 951
168 222
399 447
276 580
413 989
705 889
422 761
197 477
569 592
369 781
742 859
734 881
75 882
429 947
113 976
17 529
297 571
604 708
104 751
524 912
592 925
785 962
266 991
867 997
58 409
363 813
42 380
171 464
467 750
69 875
312 522
192 538
580 647
43 834
256 908
279 965
90 971
31 222
435 788
202 273
189 339
598 627
129 662
363 689
564 702
49 725
515 762
272 937
544 937
208 514
679 874
386 952
507 583
272 764
753 785
0 802
23 401
307 548
196 682
334 693
758 843
480 964
4 155
153 465
392 582
97 592
184 696
160 737
300 777
476 899
349 665
397 403
103 425
448 465
227 551
375 618
559 693
697 717
169 242
125 564
75 584
151 628
364 853
587 623
262 699
194 381
474 656
230 793
348 523
86 536
287 551
298 580
275 804
615 805
233 986
280 439
889 938
199 203
115 269
139 373
24 585
275 641
517 656
126 865
210 975
297 335
581 861
54 469
138 543
276 647
157 202
488 607
578 687
113 261
157 273
258 682
56 898
6 973
310 354
102 391
32 765
415 889
275 908
32 988
271 737
16 18
156 282
30 612
575 715
238 769
501 773
638 828
229 524
78 611
289 826
269 832
772 973
384 458
387 507
99 517
453 547
179 700
127 304
242 581
442 758
448 860
53 148
510 964
160 161
554 782
641 823
81 624
359 711
71 130
268 276
175 331
91 477
371 635
140 752
443 855
549 865
249 321
129 523
428 559
3 573
498 774
153 860
633 950
362 519
357 591
450 844
705 910
466 936
64 154
629 809
43 816
165 949
692 787
319 841
717 900
352 965
431 511
317 585
339 684
458 690
275 823
425 840
276 906
245 337
213 450
366 475
97 634
248 648
433 817
759 911
176 945
114 991
425 444
614 680
643 736
169 861
133 869
607 907
143 335
345 547
230 621
577 700
697 900
633 909
648 986
476 606
766 828
256 275
455 516
57 635
407 687
367 487
863 898
207 217
348 662
462 679
6 701
235 605
234 768
298 804
770 936
937 993
13 553
325 553
592 599
313 848
615 976
655 983
26 737
807 936
551 963
77 97
99 241
228 543
583 936
560 948
669 990
4 171
53 389
165 424
341 480
661 710
308 324
304 976
440 529
409 576
421 653
608 756
499 878
299 965
125 374
282 797
542 802
535 970
94 994
50 163
294 443
238 718
411 914
321 924
952 955
289 385
113 638
137 684
564 832
403 875
201 367
176 375
179 460
99 474
306 496
244 669
251 748
310 802
427 808
68 811
439 907
279 981
729 992
277 322
122 417
61 786
302 673
880 893
387 936
130 149
248 375
135 546
222 573
846 855
555 883
744 961
434 449
263 488
252 550
597 688
374 702
648 798
50 857
63 862
965 981
360 613
471 705
108 919
934 991
24 317
223 374
332 421
280 607
42 854
540 896
509 601
599 634
305 687
811 852
26 160
63 166
17 221
185 264
164 286
519 663
291 684
358 706
213 774
160 237
359 470
167 936
631 968
674 722
385 826
173 324
177 355
125 832
528 902
889 910
696 919
369 441
333 458
241 656
196 254
19 939
248 945
243 983
10 313
341 510
133 555
378 662
638 766
158 852
189 853
118 886
223 946
187 368
269 374
166 403
309 457
155 782
343 822
261 828
622 833
177 218
57 663
521 743
667 764
641 819
11 862
655 978
743 996
305 407
229 672
22 747
264 829
464 904
719 941
671 963
46 377
87 707
82 799
117 802
987 992
113 127
144 150
237 667
636 967
103 284
132 381
31 575
386 676
268 804
406 962
502 504
378 523
352 679
545 732
210 933
227 287
30 726
573 812
324 343
44 440
791 792
316 903
258 941
20 79
173 343
354 461
449 489
230 542
211 556
80 588
97 646
577 798
771 801
203 850
147 868
208 412
212 525
322 574
226 839
290 630
44 654
373 762
385 771
106 968
256 972
804 823
162 206
634 646
640 653
362 663
281 796
580 804
552 843
83 290
415 471
504 589
425 634
531 671
621 802
702 832
166 857
864 907
140 426
506 671
492 791
140 838
92 977
215 586
479 700
31 812
213 813
4 904
406 982
91 170
132 181
64 545
248 577
416 768
309 782
283 796
760 831
231 283
61 873
677 933
688 951
798 986
227 543
209 561
117 935
244 990
350 631
363 774
310 935
233 328
327 759
326 949
139 984
263 323
909 950
37 78
73 122
95 289
245 432
174 545
263 607
377 715
7 771
28 820
66 851
89 663
372 831
380 854
764 937
154 436
287 671
46 140
249 329
228 404
206 412
326 837
749 923
38 225
159 370
77 634
304 711
414 748
85 957
134 223
321 329
172 538
366 681
215 695
266 726
178 753
735 763
642 780
702 785
634 840
48 346
423 520
383 529
119 536
214 644
95 826
227 963
462 965
295 354
637 832
856 871
335 571
454 919
207 264
117 310
334 559
833 893
230 971
188 438
340 509
423 600
169 707
165 837
626 690
151 766
437 921
269 946
597 763
135 775
84 846
368 881
155 171
206 208
51 384
78 404
48 521
575 609
92 663
638 790
415 910
125 637
391 641
149 865
247 288
225 435
265 447
155 464
143 571
284 692
34 725
632 746
617 835
76 869
464 884
623 892
341 972
1 76
244 445
397 528
585 677
189 684
617 855
672 912
134 269
72 326
126 549
490 768
744 947
62 548
71 549
146 597
520 600
665 755
199 850
380 902
471 910
244 437
460 479
653 985
156 797
207 829
121 948
17 440
55 561
261 766
451 923
676 955
598 994
213 498
333 690
818 887
105 190
54 393
64 436
384 716
632 786
168 812
439 864
88 390
404 822
722 851
642 909
239 316
226 491
515 681
445 890
35 152
130 549
524 672
617 846
315 356
196 719
301 847
293 915
131 978
146 801
79 145
569 634
518 662
365 822
740 929
354 935
278 454
108 184
849 994
68 158
238 240
257 619
72 676
372 760
688 763
183 822
612 991
287 342
566 571
683 828
49 65
70 80
192 364
123 426
304 615
332 653
209 810
736 848
203 905
159 214
117 260
292 360
11 401
89 519
299 679
125 785
430 899
72 952
20 56
90 117
199 284
132 479
502 708
200 750
377 838
27 855
708 974
785 984
370 594
512 701
78 822
863 879
341 440
390 488
342 543
622 657
26 667
138 671
24 677
658 747
146 771
15 858
41 894
606 899
106 930
211 513
460 700
612 726
306 734
459 814
833 880
675 895
382 935
624 786
397 875
944 961
17 44
91 197
138 392
554 664
51 690
590 902
590 992
248 986
86 349
357 523
13 588
428 593
440 654
265 944
221 383
174 400
489 541
155 664
505 711
251 913
910 938
336 522
236 856
111 990
107 679
163 166
276 298
236 314
469 482
99 516
363 593
637 702
65 725
224 802
96 847
198 204
14 498
740 859
368 645
566 696
621 793
420 958
211 388
106 811
180 994
355 726
289 801
45 126
523 591
145 677
520 751
599 840
819 908
949 952
577 986
92 605
574 680
253 717
261 790
515 810
498 813
707 861
50 166
27 586
431 877
129 378
183 404
582 591
135 675
648 700
51 716
38 788
758 956
964 972
178 373
652 789
522 794
726 934
386 949
481 655
231 678
439 739
295 783
377 844
150 418
263 439
80 553
650 916
276 960
666 964
734 830
29 985
18 65
24 100
113 151
84 311
156 361
500 750
35 211
162 337
44 383
411 436
132 460
152 465
305 512
39 525
479 798
741 903
634 925
352 981
59 708
236 749
659 773
390 911
459 625
502 824
154 914
206 948
331 468
370 644
855 885
142 233
160 271
12 520
47 787
20 863
839 891
662 979
874 965
18 120
3 222
5 525
311 617
495 660
283 678
127 805
91 841
490 901
640 913
342 963
701 973
913 985
627 994
16 185
203 490
567 764
654 972
376 995
402 498
568 950
21 316
393 482
333 626
523 662
40 799
711 859
71 865
447 961
78 228
262 308
106 720
169 775
506 963
235 977
172 192
497 760
270 983
189 364
75 463
176 648
649 698
239 903
449 958
188 198
191 619
686 728
81 746
376 410
116 212
218 254
285 523
591 662
357 378
256 641
293 792
236 923
21 977
210 677
27 294
336 794
107 874
263 877
317 933
56 145
480 666
445 669
102 673
313 736
683 766
461 783
651 837
119 909
265 961
328 986
255 629
231 290
239 312
348 378
278 418
357 531
169 546
309 554
134 620
227 671
561 681
429 744
300 806
115 832
35 838
633 866
58 896
445 921
144 318
265 399
256 819
75 878
32 313
420 434
439 488
180 512
444 634
341 666
419 670
668 707
537 790
580 819
589 824
580 906
918 986
124 789
94 253
196 258
184 454
353 489
252 372
375 577
191 827
28 871
808 968
121 353
27 695
14 909
900 999
219 610
400 732
688 735
642 950
440 964
182 967
110 560
90 685
687 701
667 737
278 919
531 591
314 856
34 207
101 468
509 797
744 944
794 821
330 632
265 836
360 931
466 997
373 396
431 433
130 620
20 677
146 688
356 452
377 752
113 790
103 444
259 456
356 494
544 567
321 742
35 752
250 806
507 936
225 319
193 500
543 611
261 628
256 666
767 827
365 830
408 897
31 168
138 227
282 486
195 572
866 950
720 968
410 995
143 297
214 594
182 636
59 860
22 880
457 554
532 589
495 926
326 952
101 296
418 454
647 804
298 819
488 877
233 918
858 940
753 962
162 560
457 697
9 845
7 951
218 258
100 317
55 778
284 425
393 469
430 471
122 557
43 570
457 664
538 694
31 715
627 764
709 771
564 785
447 793
522 821
443 846
901 905
823 908
930 968
666 972
30 114
510 666
161 737
542 793
210 317
257 455
344 846
171 884
434 958
887 969
616 659
332 738
351 920
145 933
260 802
151 828
323 488
395 606
67 289
77 592
629 723
322 888
491 891
949 955
69 166
502 532
260 461
272 544
733 946
61 81
206 514
209 698
77 599
582 671
544 764
771 826
464 842
200 926
492 928
471 942
274 555
135 595
242 775
225 788
496 830
780 866
29 421
299 603
512 849
528 862
145 863
430 942
98 169
219 433
71 494
287 506
159 644
628 741
466 770
20 933
72 939
252 941
580 960
521 996
375 648
268 819
640 985
234 416
479 577
362 635
321 859
329 924
682 941
124 565
374 637
611 822
335 928
705 938
247 969
601 797
695 885
217 957
0 310
32 438
81 632
367 805
251 985
326 424
459 533
46 609
574 614
119 633
628 638
164 712
631 842
651 920
706 932
136 980
309 998
79 879
559 995
0 230
365 734
434 854
91 143
84 109
495 581
512 627
223 637
421 672
381 781
569 840
702 962
860 974
145 317
57 362
335 566
884 904
531 582
304 929
705 942
184 278
34 217
419 476
216 755
633 780
154 233
312 316
172 364
515 561
66 821
56 879
233 248
224 320
220 370
217 493
138 582
21 605
27 885
407 982
342 404
365 404
176 577
120 619
146 709
256 804
830 881
381 460
512 598
11 729
689 813
493 960
402 995
103 199
396 561
344 835
82 879
48 141
64 176
5 212
260 295
343 365
358 388
186 449
77 569
408 827
642 866
786 873
29 913
162 948
232 889
35 46
528 590
383 440
441 781
840 925
15 980
188 204
6 305
333 716
641 804
183 734
126 130
86 216
190 318
304 359
437 445
107 462
372 497
526 623
285 662
290 678
177 726
685 790
462 981
717 994
289 709
444 956
26 993
31 539
801 826
103 840
309 852
64 914
134 149
330 746
657 833
809 856
144 278
216 376
323 431
361 478
303 727
299 981
216 349
205 594
113 615
44 731
24 210
93 250
444 599
271 764
103 850
672 738
224 230
7 289
520 610
113 828
330 651
88 691
331 724
436 732
669 890
283 954
621 971
152 211
1 401
501 616
746 786
687 982
142 986
380 987
764 993
50 403
424 920
599 646
242 707
940 970
251 414
90 537
508 606
92 635
234 692
553 733
580 823
762 825
442 843
794 851
137 853
488 907
754 943
125 962
845 966
112 969
805 976
568 633
139 753
63 857
261 976
30 355
628 766
800 931
65 185
404 543
713 721
564 753
701 772
576 867
469 943
771 951
467 660
234 787
691 911
37 173
143 175
242 546
550 719
391 908
668 931
106 998
411 602
37 822
567 993
152 153
12 219
410 498
627 667
577 945
620 946
807 959
440 972
244 922
376 402
337 432
400 651
691 713
66 722
539 756
766 790
164 818
96 843
187 306
200 467
223 564
176 986
182 269
253 598
532 603
709 826
503 933
12 423
319 435
357 518
908 972
176 618
607 864
236 871
532 965
111 244
109 294
255 446
249 472
7 597
136 665
470 711
475 767
181 781
442 956
41 198
603 824
492 915
166 397
387 570
233 648
700 798
921 922
802 971
272 993
683 790
23 862
763 951
279 352
377 575
305 578
205 670
416 695
249 714
396 810
311 835
658 880
105 144
113 304
44 529
361 486
345 510
77 925
604 974
133 979
129 531
269 564
710 991
593 995
309 811
150 190
38 435
236 451
179 479
31 608
273 777
542 971
402 774
76 274
368 496
288 613
7 644
90 802
889 942
20 317
288 887
648 945
147 155
185 207
77 394
97 840
213 844
778 904
57 371
253 849
174 939
832 946
874 981
7 146
312 336
415 938
726 991
182 374
169 581
592 646
61 746
311 855
620 865
489 958
292 931
108 278
106 427
152 448
26 544
499 574
569 646
216 665
702 753
602 830
508 905
747 924
114 266
535 858
804 908
590 987
49 207
167 466
254 682
217 829
710 934
375 700
18 185
436 545
548 579
52 629
350 649
379 748
183 830
4 884
326 400
59 604
461 935
738 985
337 547
399 744
221 440
156 486
609 838
186 854
938 942
531 963
146 385
380 590
171 842
609 844
41 188
214 220
96 301
224 399
191 455
143 468
69 528
463 534
313 765
224 793
450 813
467 926
274 979
313 988
739 916
176 233
707 800
112 818
632 873
318 418
394 646
439 650
630 678
366 810
62 820
173 822
323 876
768 905
54 943
360 478
341 529
635 663
407 701
589 708
106 808
101 928
21 36
133 518
462 603
390 759
559 593
262 757
322 878
384 690
428 693
102 302
174 436
34 493
357 506
56 614
371 803
98 135
138 228
403 528
348 531
308 699
231 796
471 889
592 634
100 677
229 332
94 512
141 875
87 98
180 253
138 342
570 583
446 723
515 825
574 888
397 902
268 906
222 575
342 671
321 714
631 884
357 979
158 998
15 334
241 516
274 518
301 843
291 853
47 953
117 971
487 971
0 320
183 343
299 565
723 727
57 977
219 600
799 915
295 935
115 374
322 499
531 662
382 683
713 725
666 728
711 740
95 771
638 976
126 149
279 299
147 406
59 465
345 480
586 885
748 890
732 939
88 488
121 541
578 701
134 733
711 742
575 756
562 805
212 815
271 993
664 998
84 294
139 636
390 877
637 982
237 993
125 223
479 648
798 918
435 639
199 692
9 693
42 987
194 460
179 577
551 671
115 733
754 760
230 802
777 806
120 185
275 298
243 655
401 862
617 885
647 906
660 926
552 956
227 404
466 583
253 627
73 784
391 823
135 895
933 975
225 841
453 510
378 518
347 620
115 637
235 766
429 870
201 971
51 111
53 220
63 528
499 614
373 636
543 671
428 689
98 707
263 739
406 785
539 812
75 888
842 904
536 950
107 299
352 603
139 762
198 894
333 384
248 618
516 656
416 885
646 925
119 568
269 637
898 933
529 964
155 309
31 573
125 753
457 782
840 956
3 812
564 984
409 867
407 578
564 637
203 768
770 807
12 996
444 569
344 617
396 681
683 685
222 715
450 774
854 902
679 981
610 996
63 163
327 431
791 915
84 344
398 483
571 696
729 987
253 999
500 527
258 550
152 756
664 811
67 826
70 325
263 511
732 914
165 952
158 457
197 841
443 885
576 896
129 285
83 427
395 476
55 649
723 809
603 874
802 935
415 942
512 973
209 681
266 710
613 887
465 974
131 270
297 696
280 488
271 544
553 578
616 773
294 855
162 514
575 608
152 860
107 352
257 827
444 925
213 363
326 676
13 325
181 460
721 911
228 342
140 377
365 496
287 531
13 578
502 604
607 739
739 864
628 903
615 929
400 939
676 949
197 225
54 482
279 532
367 562
495 861
555 869
263 876
105 418
25 452
342 611
171 664
252 719
64 732
430 910
178 636
171 904
468 928
376 428
478 486
339 853
209 649
612 710
554 868
699 916
232 938
182 564
223 702
258 726
354 802
722 821
256 823
165 920
36 977
165 400
516 517
505 741
677 898
300 913
82 915
117 382
55 396
387 466
60 625
272 667
54 754
349 755
276 804
667 994
412 514
364 538
423 610
115 620
152 803
134 832
717 999
34 65
332 524
421 640
59 803
457 852
407 868
570 936
399 944
807 997
72 165
227 228
282 340
139 396
4 147
136 216
196 218
373 515
310 542
358 556
169 595
51 626
4 782
268 823
0 117
39 212
321 472
451 473
194 479
270 481
275 580
565 652
252 831
170 841
88 907
149 946
237 544
425 599
154 645
626 716
574 873
711 929
637 946
419 981
285 348
458 626
28 629
102 641
506 894
254 944
843 956
182 223
137 364
453 480
183 496
568 642
501 659
0 793
254 258
513 756
237 764
255 809
121 560
155 904
117 354
6 578
392 671
303 795
371 860
726 941
473 923
378 979
467 500
67 644
192 694
689 774
28 856
85 391
163 523
527 887
332 912
613 969
16 65
71 149
335 468
416 490
462 565
40 566
67 771
410 774
340 797
235 628
151 790
88 911
40 492
183 611
264 408
506 591
400 545
96 735
534 878
84 443
298 728
355 991
63 403
544 667
253 900
268 275
285 357
248 700
520 703
178 785
667 993
90 230
85 217
161 237
64 248
111 333
313 438
279 462
736 765
248 798
306 830
775 861
679 965
736 988
21 312
255 825
742 929
5 131
38 238
125 269
183 342
266 355
232 415
429 485
206 560
348 582
103 634
647 819
166 862
332 985
146 289
166 528
278 696
7 67
101 175
310 461
350 698
829 957
26 161
824 965
14 213
334 428
33 530
157 639
639 640
609 752
513 838
729 862
680 873
205 932
588 733
36 371
487 537
432 547
155 554
272 627
962 984
127 261
267 429
656 779
147 782
565 874
268 960
49 185
89 382
98 546
700 945
224 310
75 499
11 590
70 694
583 807
658 833
755 980
962 982
504 603
293 791
829 897
801 951
116 232
90 487
298 823
590 862
0 971
653 672
526 724
50 875
543 551
89 683
26 764
978 983
318 661
368 734
399 793
233 798
831 836
174 914
940 980
55 209
224 447
178 564
167 807
267 947
308 343
477 557
277 574
218 682
280 739
74 746
699 757
180 764
199 768
55 810
537 828
685 828
729 902
114 934
803 974
364 684
46 715
244 921
395 419
86 119
433 511
446 515
514 547
182 832
2 120
154 176
215 415
97 444
45 549
506 582
306 645
782 868
64 174
215 416
546 595
249 747
359 859
42 902
36 66
282 361
170 557
165 651
168 715
171 811
162 245
89 362
126 579
294 815
704 761
8 259
76 285
61 330
466 507
337 514
50 69
57 519
9 559
513 752
568 780
664 852
350 968
68 106
260 382
386 424
104 520
174 837
667 937
373 984
112 887
578 982
89 92
269 702
387 807
251 300
813 844
294 846
166 875
173 308
68 309
29 332
204 438
488 511
6 687
637 733
426 752
84 855
848 918
72 949
112 288
295 310
42 434
371 448
347 452
117 542
416 586
57 605
31 609
227 611
32 643
506 662
157 777
680 786
402 813
4 842
200 966
689 995
341 654
619 827
162 208
349 536
414 738
149 347
95 385
97 425
129 582
378 591
403 857
795 897
11 63
326 386
6 512
594 644
113 805
28 809
477 841
792 915
793 971
304 505
154 545
79 614
571 841
409 896
109 676
466 867
60 303
199 490
390 607
30 710
153 756
374 785
593 813
119 866
778 884
790 976
216 410
87 169
253 667
475 681
117 685
114 710
296 791
427 968
305 973
322 463
681 762
179 375
275 666
175 724
409 773
472 924
603 965
108 418
282 509
72 837
750 926
88 607
470 859
13 80
46 575
546 861
714 924
127 929
37 611
106 631
192 684
218 726
35 756
666 804
449 854
653 913
412 948
151 976
158 540
414 985
71 315
129 518
367 537
578 588
657 658
111 922
430 476
299 532
310 621
504 965
352 565
650 864
36 92
778 842
523 857
118 420
110 541
4 664
127 711
639 788
343 830
686 891
138 963
3 31
115 149
64 233
186 489
85 493
443 586
86 665
232 705
329 742
171 782
463 882
480 972
291 364
363 498
46 844
835 846
58 867
587 892
711 976
622 893
363 995
90 201
37 343
35 556
92 362
233 577
218 719
597 771
98 775
511 876
135 169
292 361
275 391
186 434
119 642
94 667
255 727
133 883
102 908
478 931
424 952
702 984
528 729
199 905
545 914
323 390
522 851
197 557
546 675
254 719
229 738
358 932
138 287
597 735
389 847
374 946
159 205
638 683
432 686
643 765
140 844
643 988
218 355
129 506
113 766
312 821
87 931
52 62
153 371
72 386
160 667
653 738
567 973
149 549
120 563
180 667
550 682
232 815
275 972
49 217
448 756
28 314
465 513
468 724
98 800
284 850
192 853
614 863
0 260
222 539
127 638
150 661
624 680
108 696
470 741
84 757
33 797
649 842
327 911
520 996
735 847
175 335
474 516
60 727
106 171
3 689
446 762
610 817
837 949
646 953
92 235
46 513
124 603
170 225
73 417
392 591
117 621
3 9
90 621
113 628
406 702
159 706
762 810
193 887
263 907
787 953
869 979
217 264
201 482
392 543
10 765
328 798
185 829
796 954
10 988
339 364
144 454
201 537
557 784
674 851
876 877
317 898
125 982
279 874
420 449
434 489
184 566
447 621
423 751
158 811
307 820
424 837
45 865
110 948
564 962
292 486
304 805
416 901
256 341
90 542
107 565
320 542
91 571
357 582
297 928
36 57
199 234
408 619
595 775
684 853
15 940
399 621
328 645
424 955
647 960
263 280
125 406
220 594
323 607
443 617
554 697
722 794
723 825
27 846
518 869
244 890
363 428
431 759
312 794
287 543
365 611
23 729
284 787
732 837
272 973
425 646
359 976
203 284
539 575
563 619
142 645
443 695
94 764
177 258
128 367
425 569
101 724
24 933
407 512
183 551
220 670
894 979
3 593
303 625
321 740
715 838
2 619
492 792
486 800
395 508
427 630
440 480
279 504
285 518
504 708
27 815
320 947
702 982
581 707
837 939
301 389
16 619
158 309
163 403
99 455
399 542
176 545
167 570
575 838
823 960
98 668
647 728
324 822
510 972
129 979
71 126
165 386
111 437
364 694
279 824
493 906
70 172
110 346
614 898
131 955
685 971
410 428
446 681
497 754
234 490
128 805
57 89
76 133
421 985
768 901
856 923
207 957
445 990
111 669
537 683
253 697
13 946
466 959
543 963
215 232
1 285
348 506
654 731
363 844
326 939
394 953
947 961
125 984
33 156
394 713
256 964
310 320
246 525
226 686
473 749
47 864
612 941
74 81
21 235
154 248
53 395
450 498
404 551
345 686
31 756
302 814
239 522
38 718
276 819
22 833
798 848
187 881
878 882
447 944
501 999
562 615
301 758
561 762
88 721
298 906
14 119
460 577
83 678
14 774
505 859
850 905
654 964
457 998
179 648
344 699
81 873
381 479
210 585
252 682
301 956
24 975
107 652
271 937
842 968
715 844
894 963
63 397
390 691
47 692
151 741
624 746
431 817
518 894
28 52
369 381
320 399
316 605
127 790
7 801
147 904
114 355
390 511
447 542
362 604
454 696
660 707
41 883
263 650
437 669
140 556
9 593
144 661
620 733
425 925
235 316
242 495
463 574
87 595
631 649
132 700
457 717
556 752
588 772
675 775
537 971
143 566
114 612
396 825
879 898
774 995
577 618
445 922
7 95
134 374
230 447
363 450
440 510
126 620
134 637
52 820
614 888
19 72
74 179
189 192
130 347
342 365
340 601
17 654
359 741
99 779
607 877
379 890
578 733
410 813
534 888
10 32
463 584
304 740
565 824
263 390
348 518
352 532
171 309
233 645
264 897
235 903
103 203
78 343
490 508
513 556
284 634
320 744
764 849
584 878
73 892
78 183
480 529
532 565
591 671
838 844
326 955
161 271
142 798
391 819
228 822
628 828
311 443
168 575
575 812
234 885
0 399
406 407
391 673
379 738
285 979
77 425
29 639
92 371
790 805
34 185
63 401
185 408
74 624
561 649
298 666
618 700
551 734
106 852
196 944
375 986
171 998
216 402
574 878
36 635
421 788
285 869
365 881
143 928
426 838
600 996
402 428
116 525
499 534
211 752
581 775
674 794
666 908
645 914
837 920
663 977
14 402
92 519
179 618
131 655
387 816
936 997
110 353
145 585
47 835
114 243
72 400
37 404
241 455
138 551
419 606
320 621
93 669
382 685
48 743
265 744
374 753
281 780
608 812
196 836
37 876
613 931
26 937
700 986
813 995
206 337
482 487
785 832
380 992
510 529
138 531
292 613
256 654
471 899
320 961
44 972
677 975
0 90
35 140
377 450
299 824
355 934
678 954
529 654
179 945
44 221
281 283
32 736
625 795
142 187
210 503
507 568
607 650
215 705
305 772
320 802
172 853
772 853
287 894
568 997
506 518
449 541
122 623
774 844
419 899
330 920
994 999
0 354
245 547
3 715
380 528
447 836
667 849
432 891
114 277
366 446
21 522
426 556
94 717
143 841
350 842
50 63
91 319
320 354
127 359
154 411
195 456
752 844
648 918
60 923
818 969
670 981
177 405
261 683
193 818
7 385
120 408
507 536
36 605
176 700
250 754
464 782
666 819
414 890
692 953
224 961
437 990
55 515
280 650
105 661
739 907
40 915
77 953
205 279
738 912
502 974
63 69
110 121
25 356
316 522
598 764
586 815
820 871
791 928
72 955
748 985
183 227
42 886
64 945
39 131
40 297
456 622
763 847
91 175
331 477
45 548
151 235
343 404
550 612
16 264
243 277
325 772
593 774
682 831
920 949
859 929
533 957
316 977
107 124
162 412
595 707
178 762
7 214
187 328
361 530
392 531
268 728
631 808
12 817
646 840
155 868
866 909
811 930
709 951
936 959
224 971
41 979
858 980
900 994
71 620
471 901
143 477
154 986
459 704
570 770
88 280
131 386
178 396
598 667
373 825
497 831
592 840
187 204
46 426
518 531
58 540
78 543
231 630
605 663
165 676
692 768
497 806
36 821
647 823
506 979
351 481
276 823
780 950
594 670
539 722
652 872
366 515
61 624
103 692
196 941
345 432
442 563
519 635
223 733
827 897
132 179
184 571
243 351
708 824
748 913
317 975
11 528
138 611
275 647
510 686
380 729
77 840
40 928
79 933
884 968
52 255
73 477
153 513
464 664
629 856
271 272
247 613
430 705
346 875
828 976
116 294
262 324
221 341
147 554
507 807
719 831
661 934
836 943
929 976
695 855
183 881
289 951
348 979
379 445
272 512
417 557
81 680
2 16
355 612
487 685
69 902
14 950
227 506
697 999
136 349
207 493
508 901
251 379
6 588
146 763
807 867
846 885
585 933
945 986
902 987
112 164
68 457
371 465
531 894
148 395
376 559
623 784
90 310
526 587
510 728
537 805
243 270
44 341
618 648
583 816
165 955
78 365
181 479
49 493
770 997
203 234
480 728
175 928
21 821
681 825
98 242
252 258
199 425
257 516
649 884
693 995
17 341
2 442
549 579
589 604
383 731
237 937
256 298
273 300
143 331
239 741
222 608
100 624
328 648
594 706
211 838
566 919
274 285
462 532
463 614
649 778
194 781
368 411
496 551
506 551
302 730
864 953
298 960
147 464
527 818
49 264
35 388
59 448
326 651
68 664
392 751
181 369
387 834
622 880
531 979
388 426
161 616
457 900
344 916
221 964
559 689
121 206
222 609
799 879
862 902
385 951
130 494
367 615
271 627
249 742
660 861
576 997
78 173
363 402
107 603
480 686
334 995
34 264
578 772
767 897
780 954
216 536
598 717
176 798
180 272
346 521
361 776
32 848
59 371
615 790
83 930
90 935
283 290
59 502
471 938
641 972
866 997
19 174
113 359
147 407
284 444
70 588
553 772
148 847
1 23
73 170
154 187
14 633
715 752
586 855
724 892
59 153
21 903
859 924
24 441
448 513
365 551
637 785
127 151
197 319
115 564
568 909
41 518
362 371
271 994
600 817
48 104
30 177
159 220
117 224
76 378
138 506
13 637
436 645
383 654
612 661
567 667
512 687
411 732
319 788
809 871
789 872
277 888
693 917
421 524
546 581
332 640
408 829
686 839
134 865
643 918
934 941
425 956
148 301
111 458
9 573
20 614
254 485
41 555
20 585
139 785
595 895
804 960
122 892
479 986
697 994
115 125
126 134
245 743
660 750
512 764
438 765
793 802
368 830
425 850
87 861
777 913
811 968
438 988
123 140
447 744
215 901
145 210
200 500
835 855
190 252
310 382
93 393
186 541
238 557
533 625
202 639
593 693
554 717
19 732
575 752
556 838
378 869
249 859
390 907
654 908
659 959
819 960
21 92
0 447
721 725
550 726
344 855
155 884
780 909
274 378
735 951
481 978
487 805
284 840
13 134
70 347
140 388
256 391
19 411
260 542
6 553
139 564
624 632
580 641
499 680
83 720
253 737
533 795
98 861
1 869
503 975
38 197
39 246
442 444
578 637
421 738
843 847
304 859
379 921
543 582
764 994
406 637
48 703
555 979
157 300
154 328
720 811
816 936
209 366
615 711
85 823
490 850
374 984
84 617
397 862
406 868
455 517
376 755
19 757
717 849
312 903
313 918
203 508
42 590
728 839
173 876
836 944
902 992
23 63
142 204
253 271
145 614
193 750
845 917
178 702
469 754
568 770
50 397
587 784
95 801
822 830
416 905
500 917
760 943
872 947
429 961
448 974
54 93
351 424
474 552
322 680
753 778
435 841
13 115
115 182
504 604
202 777
597 801
475 810
457 811
443 815
576 954
904 962
64 375
190 550
352 824
40 82
68 427
198 438
16 563
424 651
169 668
618 746
737 764
418 919
171 968
334 980
785 982
177 254
91 331
293 492
282 601
140 609
261 615
719 726
96 758
595 800
583 834
261 304
603 652
805 929
834 936
147 982
778 984
390 431
351 655
704 730
497 777
742 924
545 945
637 962
305 982
367 482
325 733
29 788
486 797
625 814
69 857
17 964
392 423
323 439
631 720
316 741
329 859
299 504
372 550
35 575
564 636
114 726
491 728
565 965
65 207
27 617
714 742
530 776
715 812
27 215
201 230
429 944
376 980
366 561
302 761
153 974
197 238
117 537
411 645
442 840
11 992
101 331
14 410
175 477
373 753
277 878
505 976
136 376
465 756
142 848
22 893
85 102
117 230
91 335
109 443
139 515
322 873
452 494
382 519
168 609
540 678
201 685
154 732
320 789
2 18
20 210
21 239
16 408
307 579
427 811
353 948
430 679
67 385
241 563
488 739
5 978
93 990
71 347
409 501
395 670
336 821
103 956
371 974
73 197
354 382
111 384
138 404
285 591
324 699
344 757
492 799
570 807
804 906
327 491
314 749
727 809
68 930
190 418
491 686
678 796
353 449
495 707
640 788
7 826
759 877
345 964
782 998
460 798
863 933
234 284
288 360
232 525
340 595
728 804
413 893
230 487
227 531
357 671
115 702
388 752
562 929
218 941
183 228
174 411
251 640
15 693
528 875
659 927
388 513
60 809
324 830
527 613
207 725
201 805
433 877
602 881
83 231
35 377
140 450
114 481
156 530
552 563
33 601
309 697
561 698
329 740
36 851
631 930
930 998
65 713
596 704
645 881
65 120
322 614
464 778
493 957
44 964
224 260
415 430
403 862
536 909
636 984
306 602
37 228
213 402
228 423
504 565
308 602
151 683
488 864
326 920
155 811
65 264
170 319
430 606
132 798
529 972
178 374
363 410
315 452
66 539
518 555
453 686
109 757
366 767
461 789
765 848
882 888
566 928
848 988
922 990
212 232
196 265
230 399
467 495
354 783
295 789
375 798
782 811
403 902
823 906
203 692
460 781
635 803
266 941
109 952
184 297
274 883
355 405
432 453
456 657
428 813
550 934
4 309
97 394
121 412
128 615
819 972
672 985
737 994
498 995
737 999
408 767
512 772
571 919
737 993
215 889
27 116
137 192
368 602
171 631
269 733
780 796
604 824
573 845
747 880
69 141
382 461
179 798
208 948
125 178
7 370
191 408
279 589
581 660
760 836
179 381
142 648
296 792
135 242
279 679
29 251
334 376
453 514
505 628
444 646
342 734
328 848
532 874
90 260
185 725
17 731
478 776
748 806
890 921
594 932
226 432
88 439
209 515
536 568
551 611
298 641
8 657
300 748
600 751
46 211
225 477
59 635
756 803
374 962
453 964
91 225
486 668
79 677
61 680
768 787
18 49
507 570
615 638
460 648
532 708
80 733
511 759
429 872
160 993
494 549
266 661
359 742
147 962
130 134
120 264
55 762
325 853
350 884
658 893
157 913
739 876
380 434
567 627
367 685
251 806
304 742
486 931
0 935
89 605
549 620
85 641
406 753
227 365
9 428
396 446
49 713
395 899
310 971
26 272
324 365
295 382
518 523
691 759
870 947
56 499
2 552
64 986
237 272
518 591
388 706
113 711
707 775
14 813
462 824
127 828
513 860
635 860
291 567
74 618
595 668
545 837
95 644
331 892
409 997
89 235
77 444
168 689
52 723
444 592
178 182
260 621
451 704
100 145
476 508
278 584
56 933
260 320
6 407
20 879
205 981
122 587
584 661
88 394
221 480
523 531
361 797
682 836
657 880
167 997
40 335
31 377
228 551
424 676
7 709
474 843
582 963
589 974
635 977
886 987
24 145
179 248
208 337
233 375
221 510
104 521
223 620
268 641
102 814
499 882
944 947
661 991
323 433
20 503
540 576
56 680
521 703
546 707
8 741
753 832
263 864
69 163
6 325
248 545
232 586
557 892
577 918
890 990
459 473
627 937
239 336
64 411
70 553
116 586
294 586
153 608
527 750
428 774
565 783
513 803
52 809
146 826
109 846
190 202
248 328
229 421
193 467
142 154
187 233
9 334
337 345
224 354
467 527
343 611
296 928
269 620
252 760
523 582
603 679
288 818
8 239
46 556
167 568
55 681
196 831
256 268
337 453
7 688
35 465
304 470
438 643
88 713
163 348
72 424
75 661
582 662
147 664
768 885
233 945
804 972
327 511
23 590
666 686
354 789
154 174
302 391
517 552
22 657
573 715
749 856
32 188
38 319
390 439
187 496
337 560
440 666
674 821
733 832
650 907
39 978
177 266
371 663
182 702
125 182
250 497
342 506
180 717
327 839
427 998
643 798
695 815
9 168
101 492
113 505
156 509
331 526
510 547
654 673
687 772
132 781
308 830
86 950
102 823
305 868
188 883
406 904
131 949
18 563
125 946
144 190
94 272
150 278
211 465
304 638
537 638
425 692
544 737
473 761
330 786
265 793
439 877
234 905
232 910
507 997
644 771
448 608
565 679
406 687
155 998
14 642
68 720
584 888
819 906
159 932
190 273
37 324
394 592
455 656
334 917
173 365
296 492
352 504
144 584
525 815
602 914
262 916
704 923
837 952
396 984
104 141
2 241
204 328
274 662
268 666
89 766
38 769
199 787
503 898
532 981
275 276
186 397
450 609
213 689
688 801
82 863
215 885
720 998
27 84
389 395
715 756
417 769
272 849
87 242
341 345
151 359
8 470
158 664
95 709
169 800
635 974
185 217
191 516
277 873
298 908
178 962
170 238
127 505
444 758
653 788
488 911
645 918
128 929
192 339
279 670
191 767
101 791
106 884
106 842
605 903
669 922
184 418
152 838
857 862
188 894
9 917
339 567
455 619
235 638
149 733
835 916
485 944
48 996
143 170
140 211
38 240
256 480
374 636
342 822
420 886
294 311
145 503
392 506
15 535
325 578
359 740
124 783
868 982
138 423
131 424
354 542
531 551
319 571
18 592
330 618
18 725
485 744
286 818
187 914
630 930
151 505
359 628
367 971
248 479
119 507
547 686
390 721
280 953
225 238
517 563
13 620
669 921
573 966
858 970
163 285
595 675
41 133
149 269
270 405
204 645
129 671
591 979
86 507
137 567
73 623
29 738
321 747
368 914
192 291
141 403
318 710
12 751
311 757
108 144
180 305
523 979
86 410
241 552
493 725
688 771
485 947
832 962
90 382
88 759
34 829
242 595
545 618
689 844
564 946
287 582
478 613
553 687
475 827
415 901
541 948
109 955
535 980
455 474
375 545
3 575
571 928
114 983
38 170
1 378
348 392
220 395
91 468
227 582
335 696
650 835
151 903
281 642
605 766
628 976
379 985
115 126
90 367
341 453
256 580
53 847
305 849
579 865
854 987
237 994
201 562
624 873
28 62
134 182
160 544
152 556
29 672
200 845
246 870
685 935
110 141
90 224
3 609
622 658
9 689
89 977
42 992
113 537
348 671
637 687
608 715
215 471
59 589
10 798
186 902
109 386
209 396
221 453
66 608
472 742
60 856
664 868
744 870
340 895
30 941
570 959
351 983
148 220
431 488
432 743
7 763
508 850
158 896
421 912
284 953
237 253
13 687
155 842
82 293
183 543
316 628
251 653
66 674
141 703
782 852
203 901
442 925
834 959
78 342
227 392
167 536
168 593
103 599
35 609
180 701
440 731
444 850
538 853
798 945
45 967
327 433
272 598
19 602
545 651
338 674
314 923
149 223
102 275
327 390
279 603
536 633
474 779
388 838
254 870
680 888
248 918
793 961
247 360
163 378
513 575
93 754
857 875
534 879
151 304
524 738
312 851
285 857
487 562
328 577
258 612
254 265
14 450
466 570
152 752
426 844
156 340
561 778
186 380
480 547
235 683
721 759
231 954
687 973
237 627
290 709
629 820
73 238
305 598
628 790
87 486
702 946
20 24
50 141
81 330
82 503
511 607
937 973
52 307
96 552
301 552
253 764
189 772
267 789
71 356
279 419
423 543
474 563
156 601
68 630
422 704
630 720
445 748
83 808
778 962
263 431
117 461
128 482
79 503
50 523
105 550
96 763
359 929
233 436
603 783
167 816
228 365
342 496
512 567
174 651
271 567
289 644
682 726
499 863
508 899
20 100
507 866
968 998
235 261
258 355
277 499
302 533
353 560
572 581
56 677
419 679
158 697
86 755
550 831
69 862
650 876
145 879
414 913
10 918
658 924
399 947
48 110
397 590
91 297
414 445
284 646
397 857
129 163
33 282
133 378
85 533
573 575
250 890
498 909
865 946
512 994
235 663
94 271
277 481
256 510
266 550
289 597
638 685
493 823
580 908
676 939
400 949
58 954
764 973
18 264
341 383
39 405
614 624
157 640
205 706
292 800
22 924
133 285
187 411
306 411
464 631
580 728
578 973
261 537
4 554
251 738
261 741
391 804
261 805
239 259
155 457
47 617
366 825
824 874
616 927
907 953
42 186
100 441
156 478
668 861
165 939
540 954
751 996
256 440
87 660
126 946
375 479
293 503
141 521
641 666
446 810
479 848
503 863
251 890
101 335
162 547
778 785
90 793
464 811
438 848
124 872
614 878
204 918
306 365
86 402
309 464
55 698
4 778
673 908
209 475
660 668
399 836
231 281
261 359
3 363
297 468
340 486
602 734
58 773
735 779
235 828
80 853
710 878
679 899
877 911
814 957
589 965
147 171
140 513
441 585
496 602
74 786
280 390
213 410
302 422
169 495
745 893
394 907
297 919
107 965
3 845
784 892
853 973
211 358
338 572
585 624
4 868
319 477
80 347
139 182
208 547
470 742
795 829
74 100
220 389
25 398
462 504
673 730
536 770
639 913
621 961
57 235
219 423
499 584
442 599
498 689
348 857
327 877
548 967
170 331
426 450
217 725
756 838
598 868
542 961
597 709
758 840
100 210
129 392
345 514
541 560
442 569
425 592
539 674
194 700
66 794
420 854
590 854
661 878
657 893
671 894
899 942
0 961
126 269
294 695
372 719
698 810
701 849
115 865
142 313
384 626
64 648
647 666
685 766
173 183
228 671
182 946
251 777
517 779
297 841
187 918
176 436
567 772
319 639
528 854
179 194
180 271
117 295
108 319
106 464
378 857
163 875
373 967
832 982
88 263
183 324
205 370
132 577
392 703
350 808
499 879
762 984
257 408
503 677
381 700
338 794
629 871
939 952
360 969
46 152
64 618
133 662
404 734
638 805
585 898
680 898
268 908
230 310
228 392
152 608
273 639
538 684
629 727
714 740
677 863
41 204
79 317
400 424
150 454
382 537
46 756
459 795
614 873
35 153
378 531
734 822
634 953
121 162
604 635
754 831
746 873
341 908
64 645
423 703
177 719
695 768
286 858
488 876
463 879
102 256
694 853
743 891
431 911
400 920
142 248
14 536
519 604
627 701
691 725
849 868
546 895
728 964
42 420
359 615
284 768
292 776
215 815
568 867
174 326
402 689
557 769
93 890
369 460
218 485
342 531
482 562
242 660
30 661
536 665
517 843
294 885
832 984
42 449
138 591
402 593
664 697
848 986
58 997
45 182
532 604
473 625
595 861
551 881
721 906
127 562
200 660
2 517
46 450
331 557
318 612
154 648
226 728
866 867
437 890
302 459
689 715
67 801
314 820
662 869
308 916
73 331
636 753
574 786
367 790
708 860
363 609
210 898
542 935
507 950
257 563
63 590
311 699
136 940
320 447
314 451
134 564
79 680
401 729
831 941
184 319
186 353
121 489
654 666
598 701
505 742
609 756
810 825
338 926
651 949
45 130
120 257
4 811
756 860
104 392
335 492
354 621
186 875
177 991
76 401
287 404
116 443
142 643
608 722
651 732
97 103
417 623
605 628
103 646
644 706
636 762
649 810
167 834
687 868
351 873
430 889
411 939
766 976
143 197
85 207
47 280
176 328
406 564
521 751
728 891
216 980
41 438
168 539
163 591
606 901
179 181
69 186
27 416
80 172
47 234
262 344
187 436
870 944
5 246
128 384
219 431
175 571
410 593
177 682
278 882
705 901
63 902
319 919
176 179
183 306
392 520
394 634
474 758
583 997
241 257
79 499
80 772
514 948
79 82
385 597
435 640
545 939
98 340
38 421
442 474
453 529
444 552
245 560
468 571
448 635
588 687
627 717
236 809
163 862
431 876
589 932
372 941
816 959
159 670
227 734
19 914
55 139
27 311
202 454
177 612
154 945
125 134
55 842
72 174
108 202
1 274
420 489
349 507
102 533
105 612
610 743
498 844
171 852
512 868
360 887
98 895
177 941
599 956
383 964
216 995
380 397
511 817
543 822
805 828
836 961
224 744
107 942
927 959
243 978
55 984
259 336
205 419
107 430
35 448
363 559
11 902
177 934
26 567
417 587
362 708
130 946
139 967
131 212
91 557
688 709
446 727
17 972
528 992
104 423
697 782
281 954
850 956
72 109
302 596
783 789
347 865
164 887
111 445
537 766
1 11
78 227
267 652
476 679
113 683
609 689
232 695
551 894
16 49
112 247
250 300
100 369
261 505
520 521
556 706
704 749
565 789
382 802
548 820
615 828
627 973
405 978
19 400
2 474
513 608
638 741
264 957
908 964
300 497
150 710
146 735
323 759
247 776
478 800
685 805
135 861
869 883
127 367
196 550
639 653
662 671
80 694
625 704
258 266
56 463
12 743
488 759
770 816
88 877
37 183
279 502
412 560
305 627
40 696
539 715
110 162
320 429
427 852
100 933
703 996
128 201
218 405
605 635
336 851
852 930
50 104
59 152
375 460
323 739
258 934
275 960
42 118
311 885
436 939
539 573
142 577
770 866
903 977
23 992
130 315
46 388
89 635
161 667
49 829
37 365
261 685
260 783
807 834
175 297
104 346
163 397
410 689
314 809
327 817
494 865
233 914
867 936
106 309
2 257
277 463
488 650
685 802
21 851
397 854
247 887
144 919
391 957
51 990
109 311
405 485
808 811
768 850
536 866
154 918
260 971
355 983
377 426
579 967
325 364
203 416
531 543
220 644
476 670
321 711
610 751
52 825
451 856
129 857
914 939
935 971
585 975
106 664
21 57
450 689
835 885
347 356
25 483
537 615
343 734
891 996
276 493
418 661
370 670
122 769
666 823
662 894
393 943
482 943
419 965
35 715
29 435
189 567
177 196
74 460
433 610
632 651
187 734
112 286
154 368
357 392
18 619
614 786
152 974
313 328
296 468
73 526
153 635
105 710
63 875
337 948
104 996
30 258
363 715
719 836
318 934
831 943
5 270
118 434
26 627
575 844
896 954
189 973
221 345
59 362
152 388
62 579
693 845
178 967
61 574
493 580
262 602
328 643
120 191
373 446
245 514
178 515
15 559
372 682
376 693
785 904
77 284
173 404
128 487
506 543
34 713
363 377
411 545
334 593
256 647
145 680
824 981
196 252
70 364
536 583
63 729
519 783
61 351
237 567
139 702
231 709
840 850
123 388
627 737
564 982
8 456
347 494
20 680
674 812
632 920
291 937
172 189
13 223
641 673
48 751
293 799
795 814
552 840
6 853
680 863
380 886
782 904
707 931
683 935
404 963
464 968
126 182
76 518
631 698
171 554
178 778
6 567
116 695
396 778
461 802
807 816
335 841
580 666
160 764
38 841
166 902
9 966
205 220
80 364
341 728
178 832
184 841
692 850
661 882
290 427
466 568
351 651
50 703
256 728
222 756
272 772
227 822
503 879
614 879
68 83
28 236
139 374
326 732
392 963
371 977
182 984
862 992
387 997
554 998
193 613
151 615
366 396
246 485
103 569
346 703
235 741
331 335
252 497
234 695
134 702
450 752
783 935
6 272
456 572
554 852
76 979
204 368
368 436
70 452
200 495
219 520
318 550
871 923
122 238
55 373
186 958
94 305
359 638
382 828
621 935
228 287
17 480
294 617
714 859
504 874
170 175
582 751
119 780
102 819
738 748
5 116
56 317
352 419
10 479
245 521
140 715
450 838
749 871
124 874
324 916
675 989
512 578
283 630
221 654
394 691
42 729
68 171
270 351
162 432
468 477
387 536
603 981
183 287
154 375
344 443
180 567
496 645
287 734
241 843
823 972
77 103
245 345
254 836
271 849
123 556
101 143
86 376
377 513
770 834
676 837
19 436
292 668
728 819
357 894
26 994
56 82
126 223
39 270
189 538
365 543
35 608
94 697
553 701
112 712
55 884
775 895
43 959
85 960
362 974
374 982
254 941
421 435
127 740
925 956
148 508
259 657
405 870
222 377
410 559
72 732
615 740
752 756
769 784
439 876
607 876
581 926
33 361
502 603
588 701
793 943
506 523
480 654
117 683
640 738
511 911
11 166
238 417
30 550
544 627
272 701
687 733
223 785
90 790
879 882
541 958
278 318
442 517
409 540
225 639
347 733
806 890
875 902
339 937
634 956
504 981
124 295
554 598
463 680
739 835
105 934
123 358
24 369
446 629
226 743
604 783
463 863
88 864
479 945
405 983
115 130
124 299
280 394
568 583
436 602
113 685
398 694
40 791
673 814
85 829
476 981
10 438
17 510
271 598
277 710
258 831
26 253
641 647
899 901
502 965
324 602
421 913
373 561
233 700
537 976
202 418
382 663
74 700
673 731
372 754
241 779
334 858
789 947
701 982
219 996
464 998
275 341
98 675
276 728
606 905
569 956
349 387
710 726
304 790
609 812
226 996
637 753
835 864
180 973
205 214
116 215
114 661
573 689
505 740
393 754
215 768
576 773
201 793
295 802
85 814
330 837
438 883
353 958
854 958
241 442
376 498
787 885
107 981
477 571
103 925
213 377
287 392
66 448
345 529
410 536
573 593
249 740
588 853
180 868
645 986
55 178
64 400
84 835
176 918
199 444
124 462
73 769
360 800
34 960
342 392
124 461
56 503
169 660
275 728
195 775
93 806
820 856
228 963
269 636
242 668
330 873
23 528
137 772
194 369
229 653
366 762
591 857
94 868
8 903
388 932
10 132
125 139
96 474
227 496
404 830
42 528
926 966
773 999
315 549
139 778
696 841
757 846
323 907
224 935
4 998
127 537
342 582
399 802
756 812
411 830
899 910
338 495
402 536
528 857
66 522
76 555
94 701
720 852
144 882
641 960
275 964
86 167
282 478
287 496
40 571
185 619
345 666
554 900
841 919
127 628
598 697
308 822
540 852
109 855
806 913
406 984
27 109
141 397
415 586
512 667
628 683
143 696
673 761
185 897
206 245
197 331
267 870
411 881
682 944
231 385
427 631
296 724
22 249
173 611
465 635
181 700
517 758
205 965
66 153
203 425
286 535
349 583
588 973
19 262
202 300
608 609
712 818
400 436
376 593
689 693
317 863
424 978
616 999
351 632
472 740
182 753
434 886
132 736
391 814
800 861
95 146
4 406
211 860
74 375
301 442
68 540
632 680
168 845
554 849
137 937
60 236
64 577
636 832
180 937
142 176
53 301
66 371
197 435
232 471
471 476
238 477
135 707
374 733
309 868
433 876
737 937
644 951
491 817
16 207
405 655
520 743
131 952
618 986
111 690
113 741
364 772
167 866
56 888
273 913
317 503
394 569
75 879
876 916
144 184
132 648
535 712
49 721
377 813
439 916
246 938
812 966
137 973
41 506
378 506
52 548
22 622
663 683
75 710
345 728
377 756
469 793
487 793
554 811
613 818
455 827
89 828
489 854
269 967
65 592
249 658
534 661
155 852
738 913
67 214
167 349
446 475
498 593
597 644
522 722
407 849
652 874
15 917
277 991
21 66
90 683
396 753
291 772
4 106
291 973
30 218
224 265
88 323
428 498
433 600
505 638
510 654
563 758
68 782
629 825
695 901
721 960
627 993
147 309
652 783
809 820
656 843
877 907
374 967
168 377
245 453
558 675
173 916
336 338
201 469
152 575
473 596
360 668
269 785
113 929
589 603
640 672
753 904
41 274
45 307
330 351
12 433
407 598
394 599
74 632
524 653
96 656
96 779
313 798
758 847
34 957
367 976
423 996
106 350
190 372
176 479
404 496
470 628
416 787
194 798
406 832
817 839
438 918
414 921
766 977
161 999
45 149
94 237
67 709
450 715
207 897
311 916
13 347
207 408
358 426
376 774
85 819
257 767
634 692
120 827
788 841
35 860
564 967
188 313
69 346
387 568
471 606
168 608
287 611
250 669
254 744
604 860
479 918
300 985
6 13
58 501
55 753
119 770
139 962
369 585
422 673
770 867
625 923
68 968
114 322
491 647
308 757
795 957
591 963
557 623
479 643
641 654
612 719
100 898
330 400
630 808
316 821
248 436
264 725
173 830
697 849
70 853
234 901
826 951
183 963
734 963
199 416
257 517
402 559
400 952
407 973
35 803
373 810
686 964
883 979
172 325
160 999
106 155
290 385
271 999
18 34
159 358
211 426
142 438
722 812
357 963
528 987
921 990
272 994
15 136
165 351
374 406
419 462
465 708
473 730
329 747
551 822
18 925
13 70
134 347
297 492
290 801
773 867
61 920
64 328
182 373
439 511
300 640
496 822
231 826
218 870
1 63
165 174
711 741
283 780
269 865
419 874
94 900
176 914
31 46
153 539
179 986
78 138
36 316
5 405
399 429
470 740
617 787
906 911
512 937
406 578
195 581
404 671
553 946
105 252
275 906
119 167
204 306
513 609
573 609
423 611
108 639
34 721
736 798
609 813
372 836
712 970
667 999
94 554
208 560
194 736
204 894
323 911
217 960
60 459
219 226
71 452
275 654
111 716
487 790
351 978
381 441
475 561
608 803
132 848
89 935
355 941
460 945
243 991
54 250
373 681
19 326
274 357
240 417
382 790
507 816
787 835
247 292
158 630
495 750
278 566
214 597
516 779
1 862
344 650
2 758
128 393
36 663
377 689
416 692
915 928
568 936
808 998
233 545
350 720
241 758
630 852
24 898
740 924
62 967
29 157
65 217
320 461
8 505
166 523
50 528
365 602
409 659
309 717
501 900
13 149
122 526
415 695
539 851
854 886
55 904
180 237
600 703
332 913
336 572
741 766
586 768
754 806
35 426
213 593
519 683
490 692
413 833
447 943
74 945
90 354
43 387
407 637
276 641
127 766
303 897
2 925
279 932
143 319
448 539
139 825
47 907
430 938
280 323
323 327
180 407
220 419
376 665
712 858
394 925
97 284
79 463
562 976
78 324
529 731
529 666
416 855
94 737
382 766
109 815
245 891
7 159
80 578
145 624
182 637
462 652
214 670
385 688
81 100
67 146
319 696
484 665
