1000 6935 67.97793759742936 sparse
0 780 173
1 223 733
2 389 804
3 883 924
4 39 172
5 65 800
6 469 671
7 369 864
8 293 578
9 427 712
10 516 766
11 898 535
12 460 392
13 786 610
14 609 201
15 797 685
16 398 24
17 705 762
18 724 164
19 26 322
20 546 312
21 304 790
22 904 89
23 617 62
24 194 785
25 671 384
26 96 537
27 832 857
28 446 681
29 120 701
30 142 992
31 263 968
32 287 322
33 182 177
34 946 26
35 352 855
36 651 122
37 98 271
38 435 937
39 637 196
40 185 69
41 608 349
42 667 306
43 377 737
44 608 676
45 724 886
46 344 563
47 295 126
48 582 670
49 209 184
50 750 690
51 444 403
52 514 505
53 108 952
54 147 361
55 159 841
56 479 959
57 386 140
58 514 191
59 239 561
60 52 724
61 519 671
62 823 618
63 173 570
64 903 470
65 701 934
66 711 877
67 241 603
68 735 774
69 105 262
70 250 457
71 691 588
72 931 803
73 220 627
74 403 591
75 189 405
76 606 93
77 111 304
78 466 372
79 764 667
80 613 426
81 376 343
82 250 453
83 827 634
84 202 517
85 908 626
86 451 698
87 69 49
88 917 856
89 499 815
90 503 125
91 573 565
92 60 213
93 530 100
94 292 166
95 371 707
96 975 783
97 428 490
98 383 604
99 826 958
100 314 818
101 475 499
102 311 215
103 620 76
104 277 994
105 577 881
106 43 869
107 849 950
108 253 126
109 208 35
110 648 937
111 171 610
112 72 608
113 882 517
114 923 19
115 520 300
116 554 447
117 822 669
118 254 188
119 252 549
120 220 363
121 668 918
122 297 625
123 399 474
124 167 798
125 381 536
126 110 92
127 578 792
128 521 330
129 579 684
130 53 292
131 487 749
132 401 106
133 160 585
134 28 250
135 493 579
136 462 648
137 688 169
138 933 261
139 268 64
140 933 850
141 844 159
142 802 25
143 577 532
144 229 781
145 499 921
146 227 37
147 32 602
148 574 270
149 921 213
150 262 972
151 518 565
152 700 849
153 624 214
154 941 949
155 14 529
156 594 297
157 405 301
158 596 46
159 628 218
160 481 212
161 155 273
162 745 520
163 395 19
164 251 940
165 944 213
166 955 837
167 430 940
168 766 74
169 966 910
170 840 621
171 549 519
172 797 100
173 290 965
174 162 76
175 239 205
176 421 95
177 754 205
178 976 589
179 310 238
180 377 519
181 242 386
182 840 509
183 353 354
184 623 649
185 344 613
186 767 734
187 645 526
188 162 589
189 830 97
190 73 403
191 862 230
192 102 598
193 230 374
194 565 215
195 857 559
196 443 331
197 232 663
198 91 953
199 994 887
200 465 799
201 820 875
202 861 543
203 811 279
204 551 262
205 720 360
206 334 852
207 208 906
208 205 330
209 719 720
210 136 501
211 708 286
212 523 268
213 234 52
214 382 955
215 475 496
216 801 193
217 214 649
218 933 60
219 394 575
220 54 85
221 226 988
222 420 721
223 209 511
224 205 402
225 180 997
226 603 461
227 722 119
228 155 592
229 534 587
230 321 901
231 202 693
232 89 513
233 921 590
234 472 993
235 388 913
236 316 290
237 409 512
238 975 145
239 518 232
240 895 865
241 158 634
242 407 230
243 854 310
244 531 445
245 310 862
246 590 802
247 314 909
248 629 51
249 726 335
250 984 487
251 694 765
252 562 159
253 43 329
254 208 732
255 663 813
256 382 222
257 951 812
258 121 425
259 824 681
260 723 429
261 987 464
262 657 393
263 402 744
264 619 51
265 361 567
266 430 323
267 649 277
268 183 777
269 980 563
270 394 681
271 310 475
272 333 413
273 434 738
274 805 850
275 134 207
276 850 857
277 670 881
278 570 640
279 391 763
280 984 720
281 302 228
282 32 823
283 525 779
284 209 141
285 582 129
286 180 956
287 975 391
288 260 831
289 105 999
290 188 382
291 623 422
292 23 526
293 210 610
294 551 355
295 806 196
296 49 565
297 772 782
298 6 583
299 728 7
300 471 680
301 424 992
302 155 839
303 820 968
304 19 414
305 104 261
306 855 677
307 868 158
308 586 595
309 736 67
310 818 887
311 362 748
312 124 635
313 628 238
314 88 642
315 796 836
316 694 340
317 555 355
318 858 692
319 451 335
320 68 597
321 895 281
322 44 525
323 495 7
324 755 747
325 870 482
326 415 925
327 561 152
328 998 95
329 735 388
330 81 765
331 478 731
332 36 684
333 530 149
334 738 999
335 967 454
336 280 186
337 521 298
338 650 192
339 168 735
340 705 219
341 793 968
342 432 688
343 928 344
344 974 931
345 612 657
346 571 177
347 473 876
348 337 587
349 535 996
350 164 987
351 238 50
352 167 849
353 466 639
354 525 68
355 690 315
356 795 221
357 448 728
358 401 169
359 386 969
360 382 379
361 640 429
362 631 246
363 922 576
364 394 797
365 915 843
366 393 925
367 265 933
368 403 58
369 550 199
370 625 136
371 416 181
372 796 863
373 119 441
374 214 438
375 794 594
376 792 9
377 587 551
378 416 802
379 795 235
380 108 421
381 867 421
382 159 348
383 299 383
384 14 231
385 600 705
386 510 229
387 81 957
388 605 699
389 917 694
390 782 320
391 436 516
392 232 440
393 174 901
394 270 379
395 735 901
396 826 391
397 920 332
398 43 152
399 257 377
400 51 928
401 9 59
402 810 442
403 520 255
404 390 558
405 170 79
406 917 441
407 172 466
408 265 783
409 850 704
410 276 524
411 968 678
412 41 269
413 115 404
414 732 270
415 713 173
416 230 219
417 687 410
418 750 691
419 305 576
420 568 655
421 800 584
422 113 213
423 945 409
424 365 970
425 610 638
426 248 541
427 998 386
428 556 630
429 175 807
430 494 143
431 801 168
432 822 672
433 41 542
434 776 914
435 972 220
436 847 285
437 977 278
438 668 545
439 856 131
440 903 658
441 631 586
442 770 973
443 530 199
444 907 845
445 57 653
446 393 621
447 301 300
448 892 20
449 765 230
450 161 14
451 641 55
452 409 393
453 158 993
454 310 86
455 960 542
456 318 781
457 768 346
458 96 144
459 734 476
460 512 79
461 357 62
462 897 809
463 580 34
464 970 120
465 197 317
466 712 835
467 839 631
468 808 454
469 172 538
470 342 962
471 150 528
472 65 855
473 165 267
474 960 776
475 172 544
476 631 153
477 58 581
478 431 321
479 372 414
480 776 854
481 505 452
482 950 22
483 333 809
484 668 433
485 476 826
486 650 242
487 478 521
488 812 143
489 301 413
490 767 677
491 108 710
492 846 366
493 759 146
494 512 385
495 230 925
496 520 101
497 670 890
498 380 383
499 488 554
500 864 631
501 574 496
502 562 32
503 717 326
504 405 400
505 672 88
506 394 900
507 710 428
508 815 217
509 942 414
510 717 460
511 519 819
512 850 423
513 530 104
514 141 129
515 645 463
516 478 611
517 482 294
518 283 941
519 608 9
520 583 814
521 485 789
522 481 594
523 340 546
524 307 202
525 949 542
526 437 380
527 107 916
528 34 730
529 644 925
530 147 640
531 509 906
532 874 538
533 582 55
534 193 788
535 612 107
536 961 570
537 830 675
538 296 165
539 730 626
540 911 434
541 371 82
542 712 605
543 647 596
544 602 61
545 847 803
546 773 649
547 713 533
548 680 700
549 509 914
550 261 997
551 581 486
552 268 688
553 911 343
554 544 133
555 673 244
556 26 840
557 582 38
558 832 462
559 222 826
560 875 709
561 206 46
562 665 582
563 408 551
564 712 597
565 757 422
566 409 271
567 432 74
568 835 207
569 660 717
570 626 359
571 227 461
572 490 236
573 521 204
574 429 537
575 541 176
576 226 352
577 15 995
578 202 582
579 804 115
580 554 1000
581 20 570
582 48 486
583 505 715
584 370 698
585 924 499
586 147 833
587 765 932
588 366 933
589 130 43
590 279 973
591 442 819
592 928 343
593 64 636
594 944 222
595 844 868
596 352 297
597 400 759
598 724 710
599 536 458
600 868 904
601 49 722
602 589 789
603 419 305
604 175 888
605 750 968
606 543 672
607 224 31
608 907 646
609 892 303
610 770 767
611 339 401
612 686 395
613 102 61
614 780 759
615 659 95
616 436 152
617 385 434
618 315 800
619 44 890
620 238 724
621 870 997
622 698 246
623 732 147
624 736 720
625 884 982
626 242 131
627 274 853
628 426 219
629 524 785
630 757 715
631 24 524
632 219 825
633 544 701
634 912 775
635 644 727
636 406 818
637 35 701
638 367 466
639 632 440
640 982 924
641 792 241
642 73 494
643 325 541
644 956 679
645 738 678
646 541 441
647 242 834
648 10 943
649 330 923
650 561 350
651 483 974
652 4 94
653 989 895
654 589 1
655 940 129
656 292 755
657 281 831
658 163 163
659 813 79
660 937 438
661 957 530
662 653 214
663 752 263
664 721 500
665 912 265
666 553 523
667 537 321
668 196 436
669 486 940
670 990 300
671 552 988
672 350 703
673 20 950
674 289 639
675 700 702
676 612 278
677 899 43
678 250 204
679 799 636
680 887 854
681 20 802
682 391 427
683 551 628
684 109 365
685 102 519
686 41 23
687 991 525
688 334 958
689 345 154
690 830 994
691 258 848
692 636 349
693 920 36
694 547 203
695 160 637
696 282 420
697 582 594
698 877 222
699 549 931
700 429 927
701 352 447
702 511 432
703 878 863
704 840 552
705 189 134
706 929 394
707 296 118
708 292 940
709 248 930
710 908 429
711 413 248
712 370 651
713 66 539
714 723 257
715 45 561
716 320 176
717 191 250
718 324 201
719 675 99
720 53 162
721 992 398
722 386 842
723 256 597
724 827 297
725 132 573
726 136 818
727 676 619
728 517 151
729 426 495
730 973 631
731 697 550
732 543 140
733 563 150
734 86 108
735 348 734
736 132 760
737 87 953
738 724 18
739 618 649
740 692 761
741 436 851
742 615 505
743 658 115
744 101 256
745 631 88
746 299 176
747 932 138
748 37 127
749 52 967
750 264 572
751 415 709
752 536 482
753 723 283
754 984 569
755 600 615
756 730 420
757 716 885
758 503 887
759 118 242
760 70 420
761 545 238
762 691 347
763 583 350
764 449 634
765 11 710
766 456 121
767 920 516
768 155 526
769 858 633
770 923 402
771 958 807
772 901 736
773 397 967
774 203 256
775 813 601
776 381 672
777 253 313
778 223 201
779 639 713
780 196 516
781 8 199
782 726 310
783 186 78
784 504 893
785 931 425
786 205 859
787 990 776
788 575 5
789 897 379
790 704 330
791 627 440
792 571 749
793 2 565
794 171 138
795 709 618
796 829 28
797 243 499
798 291 725
799 338 57
800 196 600
801 231 771
802 330 265
803 657 991
804 781 399
805 903 503
806 931 600
807 763 76
808 792 376
809 259 989
810 519 410
811 722 509
812 1 806
813 932 310
814 469 160
815 682 867
816 122 729
817 961 397
818 861 362
819 252 838
820 823 479
821 402 975
822 100 796
823 458 723
824 985 308
825 495 138
826 532 948
827 936 421
828 138 183
829 68 846
830 671 639
831 532 855
832 26 199
833 172 201
834 763 404
835 504 257
836 661 176
837 511 297
838 367 674
839 696 103
840 329 607
841 855 814
842 311 184
843 473 350
844 407 243
845 240 758
846 683 359
847 975 780
848 249 358
849 750 385
850 214 410
851 671 820
852 536 904
853 529 290
854 925 616
855 185 254
856 826 620
857 588 594
858 125 314
859 3 400
860 764 80
861 514 419
862 120 756
863 644 749
864 465 547
865 425 487
866 890 652
867 147 475
868 789 794
869 582 997
870 779 725
871 991 832
872 947 672
873 450 67
874 144 565
875 365 521
876 689 302
877 481 232
878 130 884
879 54 375
880 595 644
881 55 195
882 491 875
883 384 465
884 787 209
885 349 461
886 80 277
887 47 304
888 114 762
889 933 353
890 55 516
891 366 377
892 354 448
893 379 5
894 431 106
895 557 409
896 950 341
897 863 970
898 135 491
899 780 833
900 761 911
901 156 183
902 779 650
903 100 531
904 260 951
905 579 128
906 327 755
907 458 474
908 849 599
909 128 953
910 403 781
911 5 12
912 21 268
913 495 749
914 207 138
915 582 384
916 77 446
917 59 761
918 843 457
919 552 361
920 892 638
921 388 770
922 137 552
923 221 267
924 899 905
925 189 57
926 768 428
927 415 782
928 413 480
929 696 287
930 29 182
931 991 461
932 529 325
933 757 48
934 657 522
935 955 670
936 761 843
937 855 435
938 840 160
939 663 817
940 340 904
941 434 149
942 963 880
943 790 518
944 637 24
945 114 919
946 460 881
947 160 884
948 860 999
949 940 510
950 886 255
951 649 767
952 823 790
953 935 680
954 217 172
955 920 83
956 777 711
957 775 265
958 200 559
959 629 743
960 334 132
961 733 625
962 347 725
963 354 59
964 68 213
965 383 440
966 689 579
967 904 706
968 525 507
969 239 976
970 455 989
971 146 352
972 229 822
973 748 652
974 360 223
975 823 887
976 878 115
977 261 880
978 165 622
979 387 946
980 34 359
981 728 876
982 830 482
983 512 884
984 899 843
985 855 428
986 444 831
987 591 411
988 13 382
989 128 705
990 748 610
991 971 73
992 446 354
993 536 278
994 763 662
995 467 352
996 389 446
997 806 385
998 689 436
999 930 443
50 418
343 592
69 305
115 337
266 478
292 631
308 857
701 892
327 733
101 215
117 432
96 847
24 534
559 632
285 905
539 961
60 601
241 695
168 807
62 856
284 914
616 941
70 82
294 317
93 513
198 737
255 939
31 150
94 538
308 697
807 860
141 938
97 865
461 963
133 188
55 302
213 351
360 498
463 557
251 740
369 694
184 739
639 791
261 931
310 975
430 825
79 994
428 683
97 729
471 768
153 159
34 482
171 666
296 715
16 163
38 167
216 295
423 509
540 710
305 744
469 475
697 857
283 629
84 780
758 784
546 902
294 919
500 769
168 860
617 965
843 995
785 827
146 607
379 641
317 919
937 985
252 327
554 732
512 985
387 737
69 744
269 754
717 855
26 903
188 228
316 762
279 921
527 945
820 982
385 388
317 650
711 844
531 549
542 564
131 913
92 964
452 504
47 707
45 757
729 865
559 972
365 444
550 809
872 935
444 984
350 453
259 537
862 888
965 996
313 362
239 386
174 405
432 537
851 939
133 228
2 364
257 771
660 999
196 319
119 426
470 688
667 932
29 989
277 497
165 594
95 584
518 708
252 733
40 783
664 811
644 935
735 962
54 971
84 223
6 300
259 432
406 540
617 682
509 827
71 966
199 653
66 757
773 821
670 824
128 932
155 292
472 829
115 837
758 983
136 353
279 597
572 877
36 743
248 264
117 537
302 586
345 739
706 770
170 467
93 496
337 837
210 898
144 801
621 948
443 573
810 861
343 889
214 979
79 490
496 513
164 709
632 972
230 247
344 640
288 819
255 851
80 291
198 387
244 646
647 819
45 981
455 525
175 678
23 264
109 561
209 598
155 631
294 650
359 773
357 823
592 889
52 968
55 352
337 853
37 69
9 222
17 251
127 602
505 719
538 746
260 756
644 872
99 303
37 305
375 421
161 473
38 700
691 819
112 320
299 738
124 429
411 644
655 747
716 842
224 850
910 927
211 929
784 983
108 626
558 918
117 259
201 310
8 419
402 468
580 671
180 875
685 903
591 986
145 549
501 551
648 673
94 746
83 467
455 661
9 751
201 975
241 530
120 576
276 595
565 926
248 451
110 529
440 608
736 862
40 925
187 934
617 996
249 503
20 667
680 703
179 281
610 614
235 366
222 751
242 844
512 937
260 507
246 602
393 604
167 700
17 740
355 876
88 365
394 399
333 728
406 999
212 403
530 695
542 795
702 861
272 611
427 721
717 774
130 887
111 978
115 853
24 268
39 338
184 345
258 380
102 524
173 590
397 592
361 639
240 680
425 739
503 790
545 841
382 971
246 520
865 928
241 978
381 985
853 993
202 532
244 599
223 780
531 784
885 892
347 946
356 379
233 363
83 856
170 856
570 692
326 700
398 720
316 790
233 806
776 838
866 920
4 930
870 956
18 415
397 553
322 890
164 904
650 919
23 103
48 129
235 506
116 646
232 685
660 785
440 866
701 885
343 397
318 409
55 586
525 661
746 842
762 846
725 874
356 884
872 953
49 954
214 359
157 603
654 788
58 573
505 615
874 922
120 193
88 444
268 534
21 618
635 779
176 894
29 491
406 710
423 827
186 870
757 981
1 254
23 544
417 612
278 420
263 597
297 610
76 535
287 817
498 891
123 928
196 266
208 465
90 825
411 935
682 965
306 318
37 744
211 753
329 849
434 900
56 651
492 818
474 847
787 847
604 947
490 994
509 785
127 246
302 352
196 478
598 624
28 342
164 367
45 66
102 281
10 283
274 372
523 643
414 714
333 732
414 753
270 776
801 845
695 978
365 984
30 453
405 783
258 373
158 557
122 674
403 835
360 891
799 963
158 544
67 723
185 840
425 880
863 959
75 224
23 248
104 550
27 595
103 745
315 899
597 921
680 984
212 993
546 994
62 83
195 202
109 607
118 678
615 719
175 778
146 213
96 474
172 579
96 787
876 929
25 262
274 315
175 416
21 456
158 533
808 997
31 590
627 691
181 193
50 645
758 882
533 557
553 592
528 601
209 624
191 698
608 920
53 198
146 351
184 425
354 460
343 553
150 590
332 637
524 718
361 791
660 827
467 856
638 883
66 981
88 140
359 821
806 854
22 955
381 512
288 691
240 703
273 357
278 428
4 720
293 800
77 858
62 170
322 433
516 522
114 693
367 709
190 760
150 809
31 904
832 930
125 180
46 265
219 404
46 523
443 694
585 767
234 970
181 399
1 620
123 883
59 119
186 324
54 382
418 645
389 967
221 969
647 972
28 86
599 646
353 764
13 375
58 443
27 276
781 832
828 901
40 405
236 447
370 476
145 531
282 556
100 618
608 866
347 882
97 928
973 994
785 999
374 392
463 502
374 668
774 855
736 888
35 206
288 647
74 219
296 477
128 667
503 782
364 910
83 170
19 253
291 361
380 413
445 593
195 704
287 721
152 466
291 791
298 793
705 794
277 815
524 842
705 914
381 937
43 311
45 395
25 612
586 726
910 921
480 936
495 709
581 793
104 809
804 834
92 881
638 885
367 904
863 951
18 623
349 671
225 350
142 376
320 477
441 543
569 635
378 636
60 528
26 685
242 711
578 800
565 834
37 886
109 146
345 425
298 581
102 718
136 764
467 769
682 996
358 371
135 522
214 773
7 35
456 618
558 820
230 940
140 365
404 563
416 778
837 853
567 873
134 912
12 51
44 345
362 486
349 580
433 715
681 812
338 836
585 949
461 799
319 992
883 996
367 518
73 293
98 446
264 544
62 775
85 854
91 377
311 735
80 791
63 133
14 153
729 928
531 758
159 313
369 443
158 463
478 603
423 817
160 877
867 898
85 920
902 994
85 608
322 631
615 743
53 909
412 912
378 927
78 995
548 675
558 982
131 331
252 346
90 430
79 546
483 618
291 639
356 641
406 660
269 536
56 669
489 696
375 775
561 925
4 398
356 508
89 511
630 956
48 420
621 625
355 790
41 570
859 988
62 467
442 605
10 629
519 654
584 672
727 830
399 848
491 989
469 768
297 868
889 896
12 78
533 544
502 557
481 702
767 949
396 997
288 657
716 746
292 322
359 424
100 483
106 619
53 737
644 953
540 999
463 533
434 587
104 590
116 599
266 603
232 903
150 904
774 923
992 995
386 572
414 663
284 705
658 901
167 326
564 795
783 925
961 990
484 998
333 554
169 640
247 649
647 691
406 785
423 785
304 859
216 884
163 893
138 665
95 672
569 779
585 805
31 809
719 839
480 899
587 900
50 490
421 775
762 790
767 805
718 842
345 880
20 932
86 342
143 377
186 630
336 746
899 936
649 940
559 647
178 754
507 756
331 823
348 840
741 986
0 431
392 571
624 630
549 784
725 922
27 201
194 694
327 732
170 769
279 910
258 413
275 422
411 872
366 979
72 257
194 369
59 426
372 480
444 680
423 706
540 785
125 875
635 959
79 973
204 993
63 188
263 279
242 628
234 651
212 835
316 846
326 366
650 763
635 863
76 103
222 273
418 490
2 636
744 759
49 778
393 947
256 974
592 896
391 574
677 693
39 153
82 392
101 487
321 609
338 662
784 882
638 892
343 896
597 910
672 962
881 964
531 983
88 984
261 335
264 451
225 453
313 486
200 521
508 568
193 576
732 733
42 876
330 917
935 953
240 984
169 344
113 532
278 683
509 770
539 795
507 998
30 350
364 378
127 520
249 790
118 175
214 424
79 902
73 217
197 217
543 562
212 853
389 953
827 999
132 176
373 380
440 920
111 188
295 508
146 561
71 564
202 704
882 983
149 165
102 179
75 290
134 412
145 669
479 682
536 754
770 827
834 849
775 856
295 884
359 979
116 244
239 403
486 555
627 657
423 770
78 843
663 957
578 958
250 261
44 388
712 838
196 992
213 607
391 729
773 979
38 326
94 336
240 444
436 724
459 510
70 571
321 665
566 711
547 731
719 743
710 785
150 969
319 995
460 496
702 810
103 544
561 607
158 264
287 427
341 442
312 530
739 880
134 384
351 607
80 639
33 658
305 759
491 816
176 567
712 776
39 159
88 240
125 404
230 649
576 848
170 908
74 98
479 617
244 702
509 706
477 715
69 759
473 855
809 969
599 752
141 307
61 606
34 114
6 136
40 174
51 526
318 560
448 677
237 729
699 826
499 864
11 113
111 228
292 433
39 662
203 724
174 783
833 901
539 990
469 471
630 870
553 889
266 319
11 532
364 636
282 681
584 838
755 857
625 897
709 904
562 966
178 536
638 701
538 842
153 313
275 828
99 107
148 204
296 433
424 470
82 571
297 614
430 728
770 785
319 478
461 541
308 755
107 897
679 902
9 342
509 660
834 926
689 960
42 355
369 575
149 594
632 647
397 889
378 910
588 979
314 593
204 761
816 989
70 392
433 631
189 659
475 768
331 913
232 642
395 757
193 848
211 876
3 924
26 232
46 348
216 431
23 451
467 500
173 518
121 529
201 595
3 600
324 610
418 630
416 678
249 782
335 931
795 961
337 993
103 264
28 300
366 506
150 550
41 763
883 965
397 813
918 937
6 28
306 537
555 622
173 708
425 755
518 904
186 956
215 487
433 713
546 973
563 574
601 637
113 805
572 835
468 558
598 675
31 969
166 257
316 355
137 415
159 662
716 718
278 880
253 887
152 815
530 978
14 159
81 183
238 464
89 485
135 499
327 554
409 560
443 575
554 733
76 745
804 808
162 811
509 817
144 845
75 850
713 890
438 934
140 166
437 670
728 825
352 586
590 809
133 874
879 980
160 572
143 666
637 765
363 806
547 811
205 249
520 602
398 748
164 495
364 927
130 412
12 526
119 750
497 815
43 263
243 436
50 630
494 810
86 823
395 981
206 245
170 500
714 753
33 833
63 475
573 694
118 336
32 447
106 472
288 627
322 713
417 998
710 999
429 534
209 675
156 676
94 842
242 256
224 290
548 569
582 642
723 750
658 794
661 949
178 269
540 660
233 854
23 158
124 268
9 357
336 538
172 659
538 716
374 571
515 639
183 891
218 955
140 444
281 524
247 940
103 248
581 715
407 867
115 932
104 150
627 819
319 843
80 987
44 48
71 562
33 901
201 372
171 968
252 732
535 745
16 893
86 300
315 480
379 508
78 992
50 79
9 273
327 346
185 348
244 481
316 503
111 800
2 910
760 916
250 931
303 341
315 372
195 532
71 542
252 575
493 623
115 667
342 751
10 913
781 930
2 378
565 756
531 852
816 862
31 173
80 361
193 399
114 482
678 778
753 782
142 796
151 229
97 391
471 475
214 588
524 746
379 884
733 905
439 976
115 993
111 241
15 259
237 391
459 664
218 693
72 771
471 922
753 929
545 952
843 992
111 133
295 356
177 449
431 488
386 573
622 714
59 750
752 968
53 387
306 409
169 653
597 927
311 962
456 906
168 933
321 950
526 992
110 121
406 827
93 460
539 542
575 694
697 755
549 758
239 761
19 887
364 921
420 428
324 614
25 846
9 86
79 418
216 508
219 563
7 722
301 821
20 853
215 907
386 403
124 534
303 690
34 693
395 900
665 950
645 973
33 49
27 274
340 622
367 708
706 827
137 836
270 838
621 897
41 692
374 850
455 536
337 667
4 881
819 972
403 993
121 497
435 594
83 679
29 816
566 844
307 938
159 362
239 573
366 588
36 615
486 662
346 733
580 869
337 932
248 944
15 432
186 614
540 827
918 982
79 645
728 732
584 776
210 867
479 965
361 484
239 572
214 821
273 823
505 839
302 726
285 733
309 933
595 975
63 228
642 890
14 39
295 431
317 763
145 784
184 880
13 775
309 807
915 987
60 637
657 691
541 963
20 115
204 212
216 356
490 546
213 561
276 703
386 835
355 929
807 933
135 151
20 337
236 802
239 835
804 997
248 544
44 739
549 852
182 982
211 414
126 734
305 886
150 173
222 357
181 394
165 435
615 745
181 848
500 920
0 216
269 455
153 662
542 961
703 984
606 633
528 637
490 645
97 237
24 429
207 495
31 550
262 612
46 643
13 679
546 679
524 716
11 767
487 864
123 865
48 880
590 904
109 925
405 925
881 930
293 578
488 579
112 593
710 827
508 884
201 274
200 485
355 503
333 575
449 641
111 695
43 735
468 820
517 837
228 874
386 877
420 880
69 886
766 894
897 948
63 958
560 967
222 263
417 507
515 791
564 966
383 394
274 480
832 881
90 496
270 584
96 771
625 948
641 957
369 573
296 581
438 731
422 759
463 788
120 848
63 874
755 880
31 104
43 279
36 370
13 421
390 457
89 521
90 728
23 745
433 890
263 921
235 326
307 439
490 902
921 927
663 714
8 750
778 954
15 117
237 865
645 994
129 385
103 451
265 523
394 848
744 886
735 906
21 100
240 365
402 558
235 588
227 623
94 716
782 790
820 918
123 996
638 996
187 438
417 484
640 653
228 725
657 819
24 124
155 433
243 724
502 788
4 832
699 852
627 977
550 590
62 679
211 782
474 787
188 874
132 894
327 905
878 947
95 962
115 128
129 388
346 575
656 798
653 942
212 337
383 489
88 680
26 713
44 129
66 152
44 385
78 526
423 660
365 680
892 965
731 966
86 357
331 357
166 771
169 942
772 967
549 983
498 504
420 606
403 761
430 814
1 845
274 899
101 907
155 322
157 566
265 404
91 697
660 710
346 369
379 449
360 452
210 471
112 477
208 576
504 682
713 715
505 743
449 884
690 948
550 969
31 164
141 439
353 516
525 536
133 725
502 533
544 557
200 591
194 761
528 765
25 417
227 839
638 965
43 95
628 844
279 927
452 498
387 749
66 815
20 128
168 309
460 513
582 890
143 171
452 526
309 860
50 994
44 184
125 563
58 575
710 770
130 886
961 973
102 842
98 219
129 420
114 448
295 568
83 769
721 817
391 865
617 883
600 924
268 429
15 490
254 620
437 824
109 213
378 591
296 713
473 717
672 735
474 771
706 785
336 842
244 861
902 973
285 327
327 333
360 504
40 561
856 908
301 970
980 988
265 348
327 575
162 664
636 722
39 836
720 930
951 959
852 983
259 306
451 944
356 449
464 655
646 702
514 794
671 869
397 896
27 975
253 980
336 524
63 578
331 583
212 837
679 856
918 985
509 999
210 768
490 973
837 993
260 510
481 599
882 946
112 192
74 446
252 554
189 579
668 850
85 866
768 922
779 959
539 973
228 978
205 329
456 483
790 876
475 958
651 970
104 173
67 293
204 403
370 535
75 668
628 711
205 762
804 926
199 942
701 965
418 994
120 181
43 597
52 752
67 73
226 791
196 995
420 683
771 847
214 366
151 499
347 758
128 337
272 489
63 469
396 492
479 498
164 518
103 535
237 574
126 613
355 762
658 828
667 853
631 890
567 894
284 954
324 630
115 212
6 353
424 773
706 817
691 977
147 298
64 406
513 554
310 595
418 598
415 623
418 624
62 908
76 544
351 561
518 590
448 693
329 834
237 928
666 968
288 972
17 68
48 278
559 819
43 962
249 316
93 354
85 440
329 756
294 763
11 805
641 884
485 986
6 86
554 728
264 944
55 726
263 273
310 372
159 486
591 741
469 780
384 781
324 870
275 901
424 979
304 988
736 816
279 311
57 358
326 506
211 714
256 844
91 857
883 928
519 944
904 969
821 979
91 308
48 345
180 237
153 362
410 426
507 510
318 537
860 933
488 938
205 316
157 478
50 598
15 956
23 76
314 445
9 823
763 919
123 638
64 805
324 624
333 733
727 795
221 809
610 868
174 925
235 979
720 881
411 953
27 310
139 351
50 624
482 693
173 904
398 930
97 123
368 567
439 938
172 189
186 610
330 888
188 978
91 143
136 300
334 605
508 641
424 688
36 719
519 788
565 804
592 813
95 838
177 884
525 949
589 613
837 932
157 266
226 551
689 716
158 248
306 432
354 496
598 630
113 202
147 477
503 762
500 866
252 333
292 890
467 908
109 351
53 945
148 156
68 324
31 518
170 775
179 802
418 956
10 131
160 386
106 556
118 778
672 838
557 788
150 164
348 419
72 634
784 852
190 879
708 904
291 987
66 395
114 677
219 265
117 306
547 664
616 814
816 888
171 501
106 829
835 877
335 660
188 725
205 790
372 899
97 907
241 312
192 320
186 624
804 849
614 870
617 892
763 915
2 921
153 338
159 338
575 733
814 825
620 845
494 861
311 921
2 927
462 984
895 987
42 267
107 303
211 355
279 364
205 503
539 564
651 669
444 703
232 890
147 581
540 770
384 832
0 493
90 513
463 654
501 666
123 729
481 861
698 950
50 956
441 562
145 758
343 813
868 952
16 368
207 393
361 515
511 629
661 687
595 703
769 920
573 575
71 727
99 341
262 417
487 499
15 537
284 626
451 745
182 820
128 837
883 892
717 923
72 462
162 547
769 856
44 880
119 410
313 662
575 728
817 827
191 950
21 483
273 751
42 929
56 234
95 270
0 295
259 409
260 565
485 591
549 669
232 713
770 789
85 806
512 918
542 966
140 984
260 998
43 921
463 544
281 718
646 861
328 991
286 350
426 750
266 992
598 645
454 707
713 903
201 276
287 423
336 678
71 795
392 850
608 854
433 581
270 751
475 874
656 906
853 932
469 958
564 961
326 979
267 486
31 367
694 761
892 996
64 325
222 342
239 443
87 613
58 694
459 811
468 918
224 668
32 777
769 908
24 144
409 537
371 616
649 688
663 753
37 759
5 822
883 885
831 983
135 516
706 789
500 908
83 117
401 652
455 687
718 746
347 784
282 812
408 845
523 875
252 905
554 905
895 915
33 954
196 603
346 694
667 837
566 603
81 891
583 913
914 954
490 956
20 993
37 77
74 404
191 568
479 611
100 657
449 663
617 701
590 708
95 735
632 819
865 907
558 937
584 962
403 572
196 843
161 855
412 887
204 853
766 941
468 982
23 533
68 610
311 906
626 914
315 936
352 947
259 318
188 800
141 488
569 863
646 895
64 585
226 639
790 846
267 362
479 504
93 554
83 775
531 882
813 896
367 495
475 922
794 914
53 527
591 636
322 715
139 213
252 285
144 408
386 443
555 662
312 695
366 700
575 732
223 797
408 801
775 908
379 957
906 962
599 702
332 765
90 333
143 501
179 524
455 754
73 800
612 846
611 891
372 975
221 550
386 761
403 853
614 868
392 668
99 690
169 199
673 749
479 996
120 208
402 918
478 992
18 137
212 239
147 320
354 513
355 782
779 863
166 871
542 990
9 28
330 822
34 218
80 226
51 452
360 479
35 722
95 776
449 957
81 360
27 372
333 430
203 436
49 175
84 469
187 742
65 121
28 136
312 314
144 534
236 596
484 639
756 834
0 884
518 709
333 825
814 941
617 638
122 840
701 883
371 941
158 502
216 568
456 656
294 667
532 704
388 779
632 786
92 832
822 888
909 945
22 976
90 93
406 509
301 773
325 918
125 237
58 369
64 540
475 780
181 850
503 876
510 998
125 265
36 476
509 540
124 726
616 766
7 206
113 325
21 656
249 762
244 810
239 877
198 909
48 388
424 588
267 676
543 727
516 764
205 846
263 910
701 996
121 277
248 745
224 374
257 474
245 627
579 659
636 927
250 335
83 500
438 562
276 680
559 786
758 852
636 910
57 132
462 634
509 710
396 808
423 999
285 535
212 761
389 872
294 932
120 290
296 320
373 413
100 456
264 533
627 647
362 676
769 866
263 751
244 752
424 821
133 978
444 462
588 649
458 734
574 864
332 445
150 518
269 525
560 772
471 874
479 891
193 224
328 464
463 519
89 200
112 314
55 429
181 576
123 965
15 79
154 344
207 604
96 257
62 375
470 588
481 646
650 667
86 751
686 911
30 289
557 654
565 849
384 912
60 917
805 949
52 171
737 749
679 775
469 922
302 429
504 526
306 560
561 783
455 949
484 515
446 712
63 800
476 836
915 919
782 929
13 62
11 202
68 297
615 839
782 876
19 980
73 197
129 606
155 793
732 905
164 969
13 990
51 78
400 673
218 677
247 708
380 760
113 767
646 810
810 895
809 904
800 978
44 425
222 823
50 973
485 521
357 751
62 769
20 837
2 722
284 794
116 895
743 745
64 999
58 386
153 486
285 554
429 586
54 684
87 686
290 850
85 233
513 732
511 831
729 907
855 923
200 986
564 990
835 993
183 360
642 685
30 225
130 253
83 432
288 559
209 630
770 817
316 876
103 158
111 530
132 541
407 668
270 712
457 808
741 946
56 970
194 346
365 462
115 517
131 583
364 597
317 667
556 681
452 682
210 685
71 731
739 755
757 815
275 833
828 833
479 892
5 330
194 443
238 655
720 748
275 759
878 945
479 701
172 860
358 941
86 222
10 521
524 538
562 727
67 750
427 817
335 999
389 440
542 727
660 770
553 789
203 957
270 342
243 609
400 619
250 687
682 883
362 662
148 676
1 801
596 802
662 836
756 926
440 953
148 993
158 519
199 640
408 656
264 745
469 874
99 897
152 981
297 324
358 616
129 633
519 557
272 701
658 705
551 742
525 767
131 823
753 876
588 940
691 972
87 220
111 293
82 374
94 524
587 605
344 653
133 800
272 479
47 538
237 563
400 749
128 294
48 606
89 629
61 633
192 725
278 755
422 828
658 833
205 849
553 896
59 958
418 973
58 160
150 367
51 504
647 657
370 743
325 805
553 813
535 905
217 293
118 416
337 517
322 582
320 593
521 629
173 809
419 840
274 310
264 557
171 752
402 820
684 971
145 983
123 237
371 628
490 630
352 786
369 761
190 380
48 385
18 493
116 752
15 902
150 221
52 487
152 757
193 850
220 734
527 878
100 206
504 617
36 745
52 101
231 254
363 536
451 544
413 684
406 770
5 917
47 960
120 399
477 581
311 597
269 687
179 718
661 767
473 774
24 801
500 856
21 408
72 474
183 498
43 584
88 703
544 745
317 915
854 920
175 954
467 775
495 904
317 932
300 342
262 361
163 368
352 604
59 723
385 779
789 818
412 886
414 929
431 938
347 983
795 990
399 576
571 668
380 916
528 917
489 611
601 765
743 839
78 319
167 366
471 898
182 202
36 505
273 597
650 915
885 965
438 966
396 512
368 541
496 554
257 847
130 912
841 952
325 982
98 185
52 215
102 716
330 862
868 899
63 111
278 425
131 521
47 94
254 339
621 690
58 728
363 854
590 969
332 601
263 927
636 986
218 991
263 311
81 498
536 661
510 664
240 924
5 282
287 509
269 661
117 679
133 922
624 675
63 922
601 917
181 224
296 322
193 394
136 516
198 527
74 563
124 586
397 609
419 643
467 679
31 708
454 799
808 834
756 849
176 873
768 898
372 936
635 951
118 954
378 986
19 130
182 325
84 475
714 929
276 975
112 147
166 365
283 511
414 782
168 172
256 711
569 959
953 967
329 565
514 658
501 752
707 960
12 992
230 245
295 379
138 594
429 726
285 732
634 772
33 794
768 874
9 263
173 367
214 470
499 522
340 555
188 578
588 688
609 813
835 837
13 902
650 932
12 995
70 374
260 417
147 296
6 342
383 696
49 833
145 852
160 573
128 853
195 908
267 555
507 612
470 649
102 746
690 897
49 416
472 619
706 710
272 892
140 240
20 650
31 709
225 286
211 503
164 708
505 745
737 909
144 972
761 993
22 218
239 694
152 851
785 817
526 995
40 109
2 279
62 421
242 566
531 669
184 755
549 826
622 929
198 945
558 985
15 994
125 219
212 386
180 404
46 419
348 523
83 537
13 546
502 654
63 725
4 781
766 814
77 886
612 998
176 368
274 975
249 355
318 432
359 588
685 713
58 239
66 277
419 750
706 889
800 958
0 177
334 442
283 521
211 622
336 716
571 797
254 845
13 856
375 856
521 913
300 353
442 587
64 710
646 752
292 715
83 908
75 374
410 797
541 799
835 853
771 871
155 581
288 632
583 633
198 749
428 880
271 885
30 909
262 484
14 313
630 645
8 723
484 791
376 796
879 988
770 999
72 166
414 622
573 761
172 807
928 996
117 467
218 482
649 708
534 801
27 315
48 739
387 400
604 786
252 369
135 229
90 554
111 578
381 710
28 751
228 800
120 224
36 535
472 556
389 644
443 761
278 606
21 906
68 251
95 311
14 338
501 742
624 956
47 108
973 990
190 413
66 466
59 67
140 257
226 515
362 555
484 612
624 645
340 714
464 747
84 958
104 969
31 221
160 239
365 703
423 710
93 732
527 737
510 756
25 762
6 764
727 966
228 241
133 578
574 729
178 730
559 691
564 727
584 735
366 773
726 822
324 956
718 974
114 218
128 317
125 523
423 540
600 703
768 780
556 812
391 487
484 507
375 679
426 797
462 841
373 916
356 568
367 590
123 617
69 77
197 231
214 235
216 379
383 399
536 806
556 829
283 913
140 942
23 557
102 336
209 418
450 589
322 642
245 657
441 755
391 864
294 915
88 166
203 641
406 423
48 425
409 432
135 864
378 921
101 391
264 463
433 477
452 479
59 578
631 715
766 825
682 892
527 909
903 922
35 245
345 388
70 797
315 868
86 331
129 345
167 773
145 826
886 887
124 302
117 318
260 329
47 454
133 475
569 675
432 679
394 696
320 715
161 717
90 732
282 829
667 919
391 928
919 932
885 996
113 182
193 290
352 429
477 713
3 107
189 439
262 846
56 145
138 321
325 558
222 597
609 665
146 925
23 944
39 313
512 558
274 595
52 666
403 837
457 849
808 849
610 870
549 882
730 935
819 977
49 284
341 605
182 704
337 403
395 434
206 483
66 497
62 500
147 715
548 779
377 857
306 866
813 889
155 890
55 947
312 978
667 993
98 265
192 312
286 453
517 835
303 897
60 332
342 357
72 365
313 676
129 880
554 575
894 941
50 209
395 587
481 752
32 236
173 550
148 761
715 793
758 831
190 916
780 958
76 285
15 546
595 600
381 918
506 588
164 590
685 898
20 294
377 697
276 841
624 870
414 957
57 689
235 700
60 765
431 884
338 476
103 615
873 894
42 316
249 457
39 476
264 519
363 525
103 533
43 672
503 753
795 830
737 945
758 946
740 951
858 971
167 979
86 273
549 699
77 305
285 370
485 511
33 705
238 747
127 792
552 798
497 529
176 766
342 823
41 915
607 925
400 648
170 679
466 851
26 922
38 366
345 755
28 823
55 124
108 707
441 857
790 929
166 942
226 291
215 391
7 506
209 548
197 552
682 701
339 736
400 737
795 966
352 726
672 776
128 919
92 930
152 277
276 310
0 488
319 603
383 611
451 615
540 706
150 708
316 782
602 792
466 815
15 870
228 922
94 118
430 766
20 317
141 431
570 763
76 264
428 606
12 843
177 356
308 377
327 728
466 981
756 998
345 420
377 666
95 751
373 867
608 953
45 152
292 581
256 628
306 769
42 790
786 972
417 756
861 895
307 976
100 245
211 790
826 852
506 700
525 754
76 905
17 209
150 709
481 810
402 926
832 964
85 500
402 512
553 609
492 997
267 313
131 357
404 574
67 578
292 793
503 929
432 467
229 683
666 752
337 835
89 283
11 585
265 643
428 697
33 828
421 856
789 889
244 895
887 912
679 994
137 338
301 359
273 331
359 366
359 470
247 518
180 563
132 567
572 573
173 688
155 715
687 754
771 787
355 846
274 936
204 239
214 326
268 339
389 560
568 698
631 713
636 741
738 933
422 744
398 881
347 741
622 753
647 786
496 825
404 875
407 898
45 900
188 922
262 291
290 382
182 532
418 870
233 536
71 543
128 650
606 683
660 706
671 826
822 862
257 871
643 875
402 982
91 229
498 611
298 715
84 797
599 861
117 409
391 563
167 821
129 278
8 348
467 537
149 698
281 842
237 875
292 713
68 740
300 823
58 333
14 346
280 411
76 533
582 631
645 675
389 772
389 935
33 284
209 324
115 403
333 513
548 635
617 885
422 964
260 926
18 227
5 681
4 748
762 876
162 943
251 951
67 800
548 598
144 632
708 709
49 118
1 231
188 241
44 420
551 752
777 848
604 878
677 955
175 336
761 835
534 632
595 680
341 690
386 694
751 823
823 913
562 731
9 270
451 505
23 535
585 661
577 673
632 691
228 695
496 732
433 793
254 801
335 827
403 877
504 891
213 925
302 947
278 345
420 425
525 687
220 748
742 934
543 966
272 383
511 521
689 842
162 459
194 573
498 682
719 745
313 555
907 928
226 501
465 576
546 645
447 802
532 805
396 818
50 870
274 276
172 488
144 559
500 608
158 654
116 702
642 713
402 937
217 231
439 488
341 587
538 718
226 742
784 946
42 211
49 678
831 882
641 663
504 965
113 585
688 708
326 773
240 276
364 722
252 728
396 804
201 315
194 575
638 682
46 125
223 469
227 493
180 523
416 774
720 832
642 903
591 927
43 222
381 540
378 597
14 662
115 835
452 891
79 956
308 441
158 451
239 369
282 472
171 551
212 572
174 589
82 696
355 753
678 954
219 446
394 489
262 570
618 657
683 697
728 733
588 773
550 904
332 528
185 712
49 914
4 92
48 184
54 290
158 788
26 890
308 428
188 475
419 523
209 645
462 680
287 706
45 815
5 829
715 890
700 979
14 194
144 268
192 314
368 461
143 551
61 583
581 631
140 680
277 757
440 872
265 875
716 960
335 785
8 840
629 913
791 987
186 418
104 904
46 404
22 677
497 757
616 894
154 169
164 173
279 378
291 484
2 597
584 751
178 806
33 914
546 990
27 703
339 816
23 463
551 666
346 732
577 749
281 802
108 284
252 694
336 718
428 755
46 840
28 353
91 666
98 404
346 443
291 515
631 793
82 797
865 883
158 944
506 979
232 322
438 547
311 672
118 746
618 906
293 978
296 298
224 392
384 412
458 720
143 742
476 743
849 926
207 709
494 919
546 961
652 748
936 981
340 415
147 593
64 660
535 743
669 826
145 882
370 905
79 679
343 789
203 379
683 880
204 337
347 531
552 620
73 723
526 843
210 903
798 906
221 225
292 296
90 460
306 500
709 969
815 981
248 519
46 875
703 924
538 707
584 712
296 793
693 955
78 196
76 370
151 522
50 546
97 574
41 650
21 657
494 702
321 813
105 852
349 869
117 902
396 985
464 991
266 995
834 997
72 140
28 357
535 544
83 259
53 289
28 764
207 786
325 820
685 890
319 526
295 641
402 985
8 122
50 186
245 247
198 400
138 437
192 477
329 507
335 509
248 533
292 582
24 632
531 699
485 741
90 766
260 834
517 853
267 876
393 878
781 881
387 909
401 911
43 751
784 831
705 954
15 50
168 659
411 730
204 835
568 938
106 282
329 804
253 879
97 215
65 395
15 418
507 565
503 846
120 850
138 950
281 336
139 454
431 493
440 854
391 907
107 625
94 718
112 445
440 500
458 514
353 522
116 551
240 600
68 614
661 754
576 777
794 901
890 903
13 83
11 195
11 363
257 365
452 617
231 620
42 762
33 778
592 789
660 817
478 995
620 801
242 974
932 993
429 632
348 643
278 697
63 768
471 780
491 862
108 914
147 793
961 994
182 558
123 682
583 823
28 222
222 270
48 428
455 767
608 872
468 926
133 958
278 308
413 760
760 879
470 979
39 486
78 494
534 559
611 701
293 723
385 959
97 101
84 768
368 873
704 908
76 248
63 471
118 538
418 546
531 826
107 690
273 927
640 942
234 301
125 574
474 634
388 635
440 967
296 631
154 640
731 811
626 954
132 368
188 695
732 825
568 884
76 158
228 578
692 846
267 929
198 289
382 858
638 928
255 951
318 967
214 688
349 826
614 956
308 683
824 896
685 922
600 975
900 981
321 436
486 622
401 686
94 707
119 723
736 822
428 857
642 916
186 297
288 408
372 595
514 705
612 762
895 919
95 263
327 369
260 459
126 514
324 598
423 721
161 759
44 779
815 851
229 428
360 611
109 783
432 902
72 96
199 344
356 957
1 144
74 265
289 387
72 444
370 745
648 749
268 801
609 950
157 196
131 283
290 576
475 578
38 773
188 958
73 578
436 609
471 725
122 185
177 216
210 232
133 469
535 615
79 630
229 697
406 706
212 517
387 527
730 872
230 708
166 444
228 530
263 357
306 467
375 990
504 996
201 480
262 692
258 916
112 296
71 438
191 508
539 546
248 557
26 642
98 712
513 728
27 841
555 929
416 954
300 583
205 612
90 814
513 825
379 568
116 861
573 877
731 934
61 300
305 422
405 561
141 568
216 641
360 682
471 685
278 739
728 814
272 891
416 923
235 940
57 941
223 958
38 979
539 994
36 839
130 134
113 195
11 949
92 134
226 361
80 515
8 643
70 696
152 939
93 333
215 729
138 813
659 860
368 963
288 977
706 999
333 496
389 608
77 744
184 830
101 864
115 204
194 204
133 241
185 265
98 348
382 465
183 611
48 633
15 679
64 767
487 968
51 992
139 146
200 378
25 484
232 582
430 732
209 740
101 729
831 852
117 856
38 56
137 623
385 635
270 672
425 857
223 426
294 494
287 827
436 950
138 165
314 320
285 346
308 425
186 598
665 813
543 830
249 846
148 853
116 481
510 811
554 825
562 564
564 731
611 892
325 937
196 526
296 890
20 919
208 382
92 384
189 488
430 496
289 737
55 786
278 857
239 993
502 544
475 725
50 902
582 916
7 940
138 149
345 385
410 750
740 863
490 870
329 612
25 692
351 925
361 998
350 909
295 938
534 972
223 475
249 876
20 212
25 316
333 346
122 419
69 422
185 446
178 455
24 559
265 563
326 588
55 604
614 630
280 644
211 663
441 697
122 723
613 734
164 809
72 847
522 864
645 902
346 905
466 936
250 949
102 974
37 130
171 377
443 728
447 777
273 279
525 585
399 696
140 771
237 404
35 483
476 535
107 600
647 977
242 371
537 679
416 717
308 880
930 964
167 235
310 434
449 714
389 866
194 239
34 677
780 797
398 832
6 61
46 185
186 209
136 342
369 386
333 443
205 457
338 486
15 630
378 722
453 909
928 965
339 989
343 706
770 889
273 342
123 180
14 362
335 423
347 485
496 728
659 807
471 903
619 829
388 959
47 746
466 757
574 865
3 897
655 955
155 296
210 407
854 866
8 119
243 321
60 330
203 390
538 689
418 902
299 933
107 948
4 964
501 968
599 968
639 987
20 204
303 442
260 612
751 776
683 857
221 904
367 969
20 156
167 214
0 356
730 854
276 600
518 649
669 784
38 821
387 945
538 960
39 362
462 545
420 739
205 782
309 738
35 940
20 148
374 407
271 701
537 769
85 769
533 788
857 880
618 656
390 724
160 835
142 933
49 658
180 265
408 657
272 885
83 902
193 208
612 756
97 883
658 914
570 915
303 948
902 990
311 584
101 968
206 230
361 417
160 443
429 559
369 733
543 755
683 755
608 769
753 790
468 937
250 661
266 843
37 858
18 177
57 371
177 379
381 396
152 497
220 652
722 741
119 797
366 821
161 858
215 865
182 943
26 725
117 769
228 475
644 730
161 774
208 777
599 810
762 782
116 810
352 878
544 944
24 972
95 222
116 226
177 340
431 508
276 984
956 994
313 338
363 455
430 554
284 658
145 699
689 746
300 764
532 767
241 800
232 898
124 352
58 572
322 581
778 833
494 895
62 117
12 452
403 573
592 706
210 922
81 157
148 212
222 279
134 832
478 843
801 972
88 462
227 719
487 907
844 974
240 595
447 596
38 669
216 938
820 943
645 956
277 529
43 910
417 846
86 136
69 161
216 488
418 675
710 789
569 951
215 968
68 186
252 443
421 704
420 755
522 764
700 773
265 840
674 840
680 841
318 866
72 984
498 617
330 736
65 757
258 760
485 882
421 908
384 930
117 170
636 921
426 958
189 976
83 306
379 663
450 925
104 221
304 760
75 193
319 517
859 980
46 219
404 523
57 616
50 675
101 865
226 987
120 465
502 519
702 895
289 909
64 113
209 251
254 268
300 331
149 435
109 450
11 525
25 570
107 621
259 679
272 696
689 718
92 720
440 769
786 819
302 878
357 913
786 947
61 420
487 574
96 871
515 742
381 789
729 883
245 940
290 971
802 974
152 255
306 440
216 449
210 469
354 502
346 554
394 576
131 629
695 800
260 849
768 867
271 892
297 899
297 952
454 963
116 987
862 989
515 998
10 331
335 406
76 451
449 508
176 541
219 574
555 714
124 736
388 739
326 821
93 825
697 880
123 885
759 886
709 977
431 568
795 973
495 969
83 375
414 449
89 831
329 926
10 89
73 111
40 213
248 463
410 643
279 735
402 804
55 878
91 171
84 426
81 596
420 633
608 806
88 942
454 960
547 966
110 497
52 599
54 858
481 907
85 363
939 951
145 347
220 401
188 469
159 555
105 831
215 864
123 892
757 900
293 958
955 991
28 270
58 430
133 695
128 843
177 415
421 679
490 679
298 477
173 470
281 746
249 753
415 836
656 845
286 909
182 918
946 983
425 697
208 848
432 856
817 889
10 583
344 942
173 969
75 120
211 249
17 324
259 467
468 512
102 538
17 624
48 683
597 751
393 786
217 800
730 806
80 915
88 924
466 939
79 961
179 974
245 977
361 987
479 638
577 648
340 662
59 410
542 562
725 768
397 789
479 885
179 236
44 278
30 286
167 301
519 544
347 549
177 641
486 676
190 684
32 848
491 888
206 940
902 961
188 293
161 305
45 466
446 776
339 862
479 883
680 924
129 739
494 843
304 879
376 933
317 494
521 591
563 875
422 901
352 393
12 494
243 818
111 874
30 53
120 394
181 696
509 721
251 863
373 898
946 986
94 102
56 167
7 235
734 748
717 833
229 308
539 645
714 957
57 960
63 978
204 386
93 728
492 789
571 850
58 877
311 910
586 947
167 359
326 359
275 658
385 792
396 937
841 984
38 235
177 295
454 461
149 665
567 766
657 972
40 146
190 258
329 417
14 476
364 591
445 637
725 903
207 947
955 976
480 981
182 195
137 340
310 600
408 618
382 684
200 927
519 533
327 694
121 815
116 501
117 546
126 589
302 604
247 688
378 741
657 977
155 713
206 722
119 958
92 422
366 424
551 599
64 785
866 953
203 243
228 312
490 624
42 692
590 709
692 763
620 798
49 901
273 910
614 952
598 956
710 985
35 100
141 295
408 456
76 615
20 763
813 824
153 836
316 929
430 513
128 517
432 769
257 787
180 928
408 972
65 110
488 493
10 511
431 579
626 705
714 782
471 867
184 388
223 571
556 619
43 906
84 471
157 596
100 627
359 688
469 725
573 728
287 770
6 823
204 837
579 860
898 903
367 977
8 46
188 530
687 949
720 964
45 65
300 357
654 944
111 312
47 626
262 639
473 759
237 883
645 961
937 982
34 991
215 481
174 561
469 578
248 615
256 371
295 449
79 539
370 615
542 830
99 948
144 254
552 674
419 723
373 760
599 895
333 905
67 217
192 228
41 317
170 375
356 431
289 453
295 488
415 493
104 518
24 845
710 937
315 952
630 994
26 322
103 505
160 814
440 935
329 457
310 480
23 615
674 723
159 836
192 874
396 402
389 411
342 776
659 796
684 858
679 973
229 522
685 768
467 920
600 680
102 802
553 818
815 939
36 76
852 882
833 954
347 986
263 364
54 413
398 458
330 601
610 630
594 665
61 683
157 711
414 876
262 998
459 507
220 613
518 809
608 935
255 466
663 782
452 965
468 985
103 557
192 593
501 599
184 278
249 329
185 419
52 481
196 517
23 519
257 634
518 688
111 725
268 736
586 878
306 920
452 992
26 210
167 506
405 589
592 609
22 655
370 836
309 839
735 921
943 982
77 161
65 497
41 156
227 309
333 369
381 406
126 458
42 503
245 691
392 696
49 705
377 742
92 781
302 786
617 928
298 433
381 558
822 917
180 638
739 830
62 432
68 624
179 842
231 339
682 885
317 895
94 960
409 967
205 355
170 432
257 462
276 545
56 549
536 687
553 706
514 828
98 840
164 221
128 993
990 994
131 273
432 546
156 763
691 786
56 826
703 841
181 290
45 497
506 940
31 495
178 525
9 597
490 598
123 701
112 715
399 850
132 941
744 964
434 975
45 277
224 576
19 912
276 372
34 448
766 873
294 895
483 906
688 940
94 689
688 979
667 763
126 174
9 300
439 579
569 740
761 853
847 871
62 902
820 937
9 331
403 517
71 539
40 607
127 629
533 654
539 727
103 743
229 857
180 883
591 910
806 920
457 997
63 293
170 421
443 572
64 949
134 964
578 978
25 205
247 367
140 462
285 476
343 609
180 729
330 816
384 881
539 902
513 905
865 996
127 283
144 647
457 804
833 855
155 298
425 428
0 623
290 668
213 783
131 200
478 566
470 708
25 361
493 579
58 814
259 902
627 972
495 977
211 555
151 666
113 704
173 709
158 745
149 950
208 290
26 296
566 628
214 700
170 920
103 944
227 415
26 471
235 773
110 803
658 954
372 434
457 503
134 781
71 830
838 962
72 88
164 207
141 216
24 254
118 524
155 582
568 641
212 667
234 669
872 967
821 970
181 392
170 537
263 735
283 792
492 808
36 836
779 951
91 151
46 180
80 262
257 444
311 456
5 472
139 607
29 862
178 233
360 526
888 917
531 946
167 970
180 574
281 716
753 957
25 998
238 328
1 339
222 584
572 761
692 762
638 875
320 581
633 792
700 821
19 412
221 590
2 591
360 617
27 680
199 871
13 961
67 119
13 170
190 304
142 659
595 841
260 484
537 856
736 989
438 543
482 677
756 804
467 866
482 991
122 348
230 518
510 565
450 561
230 588
622 662
769 775
437 813
61 428
26 433
438 441
432 490
38 506
407 571
470 773
768 903
375 908
73 978
625 690
217 695
457 782
632 801
588 821
212 877
286 393
184 420
477 593
495 518
17 598
206 618
145 651
22 693
694 733
42 846
156 204
75 392
80 484
160 628
665 698
390 957
664 731
491 736
407 780
249 849
465 923
36 103
151 171
35 230
129 425
52 499
581 713
651 826
700 946
386 993
817 999
100 288
310 315
178 363
626 707
176 941
233 525
332 593
26 874
368 894
871 942
117 490
12 504
316 612
748 930
88 257
500 537
451 719
287 785
874 903
141 976
669 758
573 835
285 333
672 712
69 858
38 970
148 194
128 494
333 573
559 801
101 481
272 498
456 735
262 791
534 845
856 902
259 956
211 316
866 967
441 727
794 828
228 958
768 958
494 995
94 108
5 556
145 946
9 43
133 293
267 355
16 461
168 579
358 628
47 716
702 752
383 848
684 879
388 880
682 891
287 896
291 915
484 510
256 566
408 647
704 775
531 831
217 978
603 992
51 995
38 214
214 301
123 391
425 543
582 713
151 864
71 961
167 669
473 923
798 962
849 997
380 684
95 712
787 871
540 937
221 286
235 359
240 462
263 584
634 771
273 921
777 923
148 403
27 545
83 546
104 708
578 723
223 768
514 901
429 972
325 985
194 252
93 430
232 433
425 441
210 475
27 480
266 566
455 585
201 600
272 617
365 771
705 783
82 850
233 920
38 301
325 532
385 633
459 756
465 777
9 95
129 184
324 418
377 441
2 483
0 508
125 643
17 951
746 960
16 963
518 969
214 506
747 955
75 181
40 351
256 358
15 409
327 443
58 761
246 792
58 825
517 932
68 209
280 787
367 809
322 903
874 958
166 984
540 985
517 993
585 999
24 339
261 660
258 867
58 194
26 715
318 440
537 560
714 876
57 894
126 220
264 535
433 582
678 746
22 747
93 905
868 936
610 956
180 643
349 651
483 657
76 743
580 826
101 499
377 501
133 530
140 703
408 819
628 877
887 980
243 492
426 723
46 98
138 435
579 807
681 917
33 275
162 731
423 789
249 929
8 59
8 410
341 434
228 469
229 499
451 519
86 583
325 585
611 617
622 663
82 668
333 694
513 733
161 744
342 764
117 500
94 678
287 889
413 916
13 973
402 565
452 996
0 18
265 419
517 843
622 876
248 505
45 936
194 386
540 789
557 944
321 397
147 445
859 879
537 902
83 421
346 573
293 695
91 755
272 965
399 489
6 583
562 795
623 839
150 495
8 523
338 555
672 906
842 960
13 994
403 443
390 782
390 808
384 964
59 293
306 967
927 986
186 490
570 846
57 176
43 273
191 436
13 467
174 514
183 596
279 636
440 644
206 657
137 662
590 688
542 731
132 766
509 789
371 814
416 855
305 858
598 870
706 896
366 940
524 974
304 980
37 161
37 412
524 678
320 445
817 896
547 934
181 383
498 526
671 699
498 965
251 255
259 490
492 512
327 513
89 591
357 597
118 842
563 864
402 997
639 998
157 319
361 612
262 762
785 789
794 954
50 324
338 362
136 522
462 703
255 815
134 887
679 990
241 293
400 527
247 588
352 632
281 678
187 731
423 889
27 899
202 908
41 919
808 926
884 957
218 448
670 896
485 946
163 963
89 986
207 286
47 689
105 699
41 294
603 711
335 817
789 827
458 828
562 830
227 860
846 876
212 932
727 961
119 223
197 293
163 461
81 603
583 606
682 928
851 951
926 997
266 526
62 537
430 575
297 870
480 975
15 186
153 555
631 642
59 84
388 420
446 764
10 792
96 166
81 266
200 511
68 868
579 938
58 252
315 595
433 642
180 865
8 67
224 399
285 513
597 735
426 780
14 836
476 905
143 968
39 137
12 319
340 414
478 517
65 529
144 620
271 638
735 798
178 854
315 975
322 477
60 491
233 608
423 427
245 483
610 952
405 514
132 616
303 621
363 661
565 808
192 922
280 935
945 947
759 964
65 66
228 293
133 471
499 516
164 550
388 569
48 755
463 944
276 315
70 668
217 241
170 306
249 390
99 442
307 488
414 503
254 534
358 689
53 749
375 902
14 486
267 622
146 783
669 970
103 463
173 649
322 793
202 805
201 899
507 926
610 624
3 625
324 868
123 875
79 117
448 482
177 663
320 713
157 844
470 940
111 217
160 403
108 538
59 800
605 900
908 920
707 746
109 405
26 477
611 682
487 729
726 736
279 962
421 990
512 997
184 543
259 560
440 560
51 682
507 834
368 893
18 340
405 705
263 962
79 432
435 437
343 770
457 834
281 974
277 981
13 539
477 793
274 868
28 273
219 348
276 444
118 626
369 728
121 757
329 808
223 407
8 426
375 467
720 781
858 886
59 223
417 510
264 654
322 685
512 710
200 913
792 959
646 987
128 995
536 854
108 954
331 521
406 585
113 949
441 966
151 968
354 533
357 583
630 675
230 688
669 700
180 219
156 267
43 270
38 359
311 364
125 391
248 535
717 778
774 778
80 895
222 921
481 968
15 306
517 572
506 722
112 312
559 627
124 632
403 694
134 886
644 967
373 407
330 528
339 534
98 563
424 649
398 781
711 974
97 180
58 732
111 958
6 9
58 346
129 428
432 500
459 565
9 584
138 609
430 616
316 692
63 780
564 830
545 868
660 931
209 956
747 976
521 986
888 989
79 598
507 849
201 434
25 507
99 621
614 624
611 965
190 980
97 996
29 339
107 341
251 569
563 729
385 739
635 740
259 769
459 926
144 288
245 288
97 487
286 495
227 505
62 546
170 866
471 958
222 331
235 649
670 813
381 492
375 546
514 734
699 784
43 927
938 976
0 449
176 616
336 778
560 866
480 900
451 533
318 769
123 907
153 194
405 794
7 245
14 369
318 389
314 530
7 636
446 838
239 853
543 857
207 977
301 979
722 986
181 374
45 434
351 783
606 880
180 391
307 568
209 569
608 644
443 733
275 744
533 745
679 769
708 809
64 827
443 877
705 901
810 919
549 946
15 973
725 978
297 315
279 751
92 412
204 694
381 770
42 782
875 883
650 895
15 83
84 407
500 775
137 476
27 600
629 792
70 850
574 928
542 973
79 990
177 493
559 657
11 661
133 768
592 770
77 130
201 703
576 850
74 125
81 478
71 547
434 442
478 526
597 636
381 818
84 119
28 331
385 420
465 473
292 642
56 700
822 829
751 838
372 900
64 937
77 971
66 121
87 126
15 645
369 732
92 744
227 807
117 994
133 192
269 363
215 499
1 268
95 279
151 487
335 540
187 562
141 579
264 615
548 624
86 270
292 298
32 394
119 419
763 932
893 963
982 985
1 24
93 285
106 400
410 419
266 517
451 535
95 597
255 740
675 740
200 741
329 846
432 956
11 233
340 486
352 559
103 719
251 851
818 997
342 353
272 360
271 410
65 605
775 902
188 312
190 373
263 378
172 493
101 574
272 682
49 794
575 825
497 981
211 267
61 278
130 305
886 912
656 735
263 823
551 968
786 977
36 137
177 431
586 822
469 898
499 968
699 983
425 683
432 994
336 416
205 417
37 422
81 452
135 487
57 541
119 578
93 733
120 777
79 870
517 995
104 164
144 429
74 574
434 605
346 728
11 325
148 337
247 470
79 624
19 879
434 480
39 555
268 632
67 674
130 744
708 940
305 964
270 446
40 450
250 455
76 557
312 593
206 627
741 882
703 975
26 768
392 797
709 809
433 903
69 130
179 336
253 412
71 441
533 535
694 728
363 767
429 786
723 800
608 967
264 502
611 696
268 845
617 891
356 663
359 700
920 953
52 151
21 288
624 740
329 762
712 840
67 958
67 122
110 277
203 356
518 550
47 842
854 872
555 876
726 888
3 240
289 350
103 370
194 403
69 473
259 546
468 565
491 601
551 646
17 675
29 736
598 740
553 770
409 772
422 833
209 870
510 926
762 929
515 934
820 985
459 998
100 408
494 650
430 941
538 678
525 805
85 872
26 898
661 805
12 861
339 888
85 953
206 247
166 847
866 872
63 84
348 404
443 732
543 739
539 830
51 843
546 856
247 977
595 984
287 660
11 704
607 783
402 834
578 874
137 227
16 567
325 767
388 792
66 900
66 936
704 943
364 986
299 309
89 882
444 924
562 934
93 327
184 385
239 575
306 608
177 714
591 722
42 753
721 827
444 841
251 939
413 971
257 984
7 230
38 651
280 872
365 942
200 629
204 667
616 825
589 925
188 192
67 197
6 331
147 433
52 501
6 516
280 847
525 806
416 833
140 871
422 881
10 200
191 321
6 357
381 402
78 452
315 545
459 547
798 845
37 887
874 978
261 999
142 168
78 266
64 381
689 707
548 863
408 559
899 952
54 75
87 401
161 465
73 695
139 707
205 756
195 775
611 885
154 924
164 977
23 505
40 589
185 674
86 353
252 573
125 729
921 962
56 531
184 727
253 988
173 247
280 474
393 495
229 516
475 800
663 929
151 516
9 776
602 959
340 449
308 543
425 830
277 851
360 965
94 626
388 633
191 665
77 684
462 771
259 856
898 922
902 956
156 993
45 480
214 649
165 665
724 957
58 327
325 381
421 467
743 836
13 79
90 354
461 893
71 990
454 541
203 663
8 674
261 687
39 370
385 569
250 585
258 684
388 425
166 474
3 703
385 880
862 917
222 927
25 291
363 532
524 689
575 905
434 981
338 340
320 433
330 491
517 667
468 804
134 881
2 986
26 192
242 358
183 383
305 473
318 500
219 523
87 589
197 620
489 701
465 774
219 875
29 888
296 903
152 936
338 370
84 571
635 675
335 721
389 920
843 932
38 946
61 129
2 263
126 405
544 654
412 744
470 821
480 868
64 918
0 938
19 988
149 191
65 277
15 318
223 471
153 476
451 557
499 574
386 575
387 673
87 734
458 748
269 806
754 806
460 825
69 964
729 996
565 997
61 136
235 424
144 819
649 979
541 567
398 734
44 755
318 772
205 834
340 836
763 987
355 414
35 506
192 530
251 624
757 936
117 956
79 259
133 312
187 441
284 778
274 841
669 852
781 964
109 174
215 574
426 578
45 587
504 992
202 325
548 830
509 889
91 441
298 631
301 651
321 698
256 718
12 810
345 830
638 865
124 559
586 604
627 632
42 676
271 696
288 786
784 826
473 858
716 974
290 374
669 983
115 148
275 305
685 725
137 743
854 935
47 336
148 362
55 393
53 400
233 455
174 613
156 667
197 674
210 780
783 794
310 900
232 922
598 994
8 185
78 478
465 971
61 353
289 749
710 817
527 947
512 540
200 636
178 661
102 678
675 779
333 814
512 818
523 840
273 913
297 936
825 941
901 954
924 984
108 118
221 350
174 450
517 877
5 888
237 907
730 953
128 212
177 623
548 645
14 694
221 709
773 970
642 898
170 259
55 632
159 676
875 885
203 508
575 761
59 797
546 956
490 961
791 998
2 311
104 367
32 383
345 428
188 471
364 483
177 508
536 730
548 740
345 779
544 788
456 798
512 820
335 949
412 964
69 275
245 618
456 657
143 697
508 698
370 719
540 817
679 908
464 955
541 960
132 461
406 817
224 848
385 863
195 421
335 585
59 780
508 938
620 656
391 404
277 466
42 555
408 632
237 638
632 657
375 704
685 874
406 937
244 968
572 993
183 272
325 512
759 828
286 969
512 982
52 244
43 364
210 373
451 743
407 768
222 910
494 932
325 406
395 480
285 575
171 599
585 660
268 726
17 863
645 870
539 966
73 241
67 426
11 455
363 754
77 759
86 131
9 279
44 635
175 774
935 967
192 296
49 626
156 650
483 722
122 750
343 817
118 281
546 775
508 957
312 725
420 697
215 752
427 509
129 683
511 882
80 116
159 267
470 518
268 559
222 776
347 831
740 851
668 867
132 873
225 969
842 974
70 271
308 420
393 945
274 952
830 966
32 399
20 403
179 447
271 489
23 502
1 534
537 546
566 596
251 598
417 639
397 706
174 794
371 844
739 857
442 900
715 903
34 955
656 962
492 985
152 395
848 850
800 874
113 982
570 987
148 313
265 446
460 554
0 579
99 625
707 716
308 739
245 819
744 858
598 973
185 219
94 281
342 584
251 635
179 716
578 750
120 382
232 471
500 854
906 921
168 227
183 479
244 494
505 535
735 838
685 867
259 870
467 902
326 946
74 185
331 342
301 424
55 534
224 571
68 630
272 638
619 648
167 651
179 746
730 754
74 764
672 798
395 815
315 841
143 857
487 865
311 927
597 962
776 962
208 971
132 358
187 515
2 35
48 61
62 259
124 339
156 362
204 369
366 470
490 539
148 667
794 833
721 931
693 991
14 252
216 493
490 537
274 545
366 649
124 862
653 871
865 965
940 979
158 535
186 645
494 646
204 676
300 751
656 801
485 831
740 939
456 962
102 118
159 194
234 349
207 367
404 446
291 570
194 327
316 329
221 495
33 514
325 540
485 629
267 662
706 721
694 732
417 762
875 928
115 294
334 341
288 618
571 780
774 833
533 944
603 844
460 873
3 154
187 377
634 847
2 7
200 283
530 800
280 953
281 538
251 675
582 685
588 700
720 734
25 790
182 805
592 817
357 927
12 196
92 398
75 407
101 752
211 762
549 831
722 910
220 686
484 756
406 985
210 642
188 768
922 958
166 199
532 585
555 753
388 863
919 987
33 175
27 240
263 270
287 335
305 412
184 441
4 458
96 634
535 719
448 796
262 507
489 892
263 342
369 403
100 691
11 182
141 189
236 281
298 320
370 733
586 786
408 798
406 805
235 821
443 835
395 936
830 961
655 976
442 690
783 914
536 949
177 957
230 977
190 988
251 324
302 534
90 575
444 771
931 999
182 468
252 513
294 810
243 950
96 280
143 308
1 552
17 569
669 699
688 773
400 945
630 973
498 996
699 758
264 788
961 966
429 736
33 416
22 439
64 985
108 139
0 379
495 708
43 838
189 938
538 626
355 692
318 920
253 886
95 342
318 467
58 733
285 745
88 771
386 853
780 867
259 994
82 271
186 868
602 951
81 504
470 590
517 603
316 753
647 801
306 856
13 908
222 311
90 327
16 541
174 705
65 981
624 994
77 887
687 931
547 564
488 659
394 850
474 871
52 907
659 933
655 991
299 376
259 500
321 553
212 573
65 587
248 654
86 764
726 862
365 924
215 928
229 278
229 377
124 888
114 955
537 956
708 969
4 384
335 710
25 329
367 550
227 743
399 777
381 785
18 836
465 855
56 301
501 646
228 471
511 520
97 563
245 649
678 842
420 857
30 198
142 807
537 866
65 900
58 403
718 802
5 812
761 877
745 944
124 144
170 195
306 389
41 987
441 739
396 834
100 906
534 586
663 884
581 890
692 915
486 929
268 972
69 412
167 588
569 598
340 663
512 789
85 935
277 939
270 962
882 986
166 462
391 499
112 581
476 615
440 806
180 885
294 337
75 382
354 557
390 663
534 726
209 490
76 463
414 555
763 895
669 946
45 121
230 367
108 705
210 874
279 906
125 928
451 463
230 470
572 837
324 740
506 741
52 864
336 954
789 985
123 125
329 503
139 561
666 742
200 910
175 923
591 946
346 476
378 485
619 673
310 703
337 761
541 894
637 917
307 698
262 316
153 346
264 505
432 560
75 576
475 898
53 453
354 463
244 551
0 568
115 650
143 752
609 889
872 920
140 924
910 986
219 237
55 559
283 602
612 849
854 953
82 489
545 680
12 702
240 841
302 393
141 508
476 662
428 739
92 759
455 806
253 912
101 928
788 944
518 977
233 269
181 489
127 511
347 591
408 620
550 708
202 767
72 787
496 905
85 908
438 811
68 598
473 744
845 972
76 476
339 491
84 578
437 594
419 674
90 733
476 745
119 780
729 864
778 914
208 923
870 994
272 996
543 564
368 799
543 697
194 733
551 791
118 284
159 476
545 595
477 890
105 983
92 305
77 382
291 417
46 563
153 676
232 715
681 829
95 906
886 964
44 606
602 629
40 705
43 776
83 920
226 646
128 763
406 789
100 819
11 64
115 317
68 466
292 477
250 525
17 610
500 679
433 685
301 700
85 730
496 733
535 733
193 777
185 838
782 846
184 857
669 882
985 997
103 285
325 710
78 810
837 843
778 855
789 896
450 607
95 921
891 965
249 414
390 503
377 551
609 724
672 751
1 408
58 554
204 573
727 739
260 804
477 903
37 964
46 74
347 669
377 755
516 864
750 958
341 900
934 966
408 691
239 837
156 853
511 983
392 407
549 651
222 300
258 407
327 496
520 831
458 881
184 308
77 473
35 636
129 792
0 141
191 295
348 446
303 625
302 632
446 840
772 953
396 468
83 866
740 959
7 366
97 638
290 848
232 296
327 573
337 650
409 866
745 905
172 933
545 984
405 450
290 465
542 543
570 650
28 776
775 990
63 241
7 483
303 587
178 687
697 739
317 810
564 973
42 249
520 629
638 729
956 973
97 125
54 208
83 318
367 649
526 682
329 790
205 876
261 949
407 471
543 795
108 336
135 353
123 479
175 717
427 896
805 999
94 175
338 415
311 751
41 262
125 865
68 870
193 465
243 553
385 606
154 625
572 694
395 497
232 631
780 898
532 908
398 964
38 145
64 335
327 370
193 374
184 779
457 790
574 875
228 768
111 475
504 611
35 247
193 392
293 750
6 751
814 894
310 899
778 923
24 55
53 350
641 724
589 783
237 864
444 942
17 255
239 337
214 940
570 762
742 791
520 792
29 312
74 348
643 840
89 913
628 974
271 272
728 905
76 505
231 552
261 721
397 818
493 860
600 897
167 946
166 240
26 320
162 510
414 790
42 486
44 569
572 628
263 672
233 730
465 848
563 865
806 866
799 893
103 905
304 916
972 977
369 554
578 780
726 878
161 923
275 964
818 985
431 439
163 567
540 585
495 604
35 618
437 665
21 798
595 924
811 934
89 347
352 534
204 572
99 587
278 633
241 725
346 761
729 875
3 99
317 337
544 615
477 631
473 833
117 560
438 742
441 830
617 865
269 949
204 443
233 754
268 862
287 343
2 741
132 963
51 360
273 378
430 460
20 517
79 537
248 719
340 753
469 800
789 817
137 839
468 943
124 972
900 975
329 998
276 365
251 548
349 699
342 838
69 92
782 957
192 241
430 443
268 586
429 801
317 987
99 434
54 465
59 63
24 302
217 552
160 694
572 853
380 867
514 914
559 977
109 139
414 641
175 746
434 757
129 779
645 795
288 801
365 841
72 871
722 927
560 953
116 968
172 439
51 617
609 818
966 990
244 501
29 530
430 573
485 758
721 785
261 827
745 839
770 896
751 921
548 959
100 656
91 683
355 714
24 726
331 751
752 861
204 932
594 950
381 999
58 835
610 899
421 943
466 480
229 666
255 863
885 928
314 332
156 692
217 723
17 548
336 626
24 736
115 761
142 860
279 357
419 426
592 824
58 90
486 836
679 961
14 370
0 415
362 622
594 698
88 276
42 570
618 627
23 743
866 908
157 992
124 822
192 903
51 498
50 539
283 583
307 747
496 766
92 886
826 983
79 186
175 281
194 313
211 340
252 370
444 595
226 599
371 711
673 737
506 773
236 777
284 783
524 802
89 131
118 716
417 791
181 208
38 234
93 252
62 306
29 314
56 349
37 473
78 504
185 523
382 576
23 654
534 736
175 833
18 839
892 928
201 936
587 981
283 331
276 462
370 505
24 586
287 592
230 627
78 861
603 995
195 363
191 379
343 423
91 428
404 643
599 666
639 742
169 924
50 961
86 263
203 449
235 470
318 608
534 647
10 127
308 345
166 653
328 655
17 851
111 922
700 970
101 237
232 292
326 424
379 431
261 509
105 520
465 717
232 768
529 803
468 834
383 891
291 895
107 924
97 965
611 996
125 348
70 489
309 505
72 680
347 700
739 779
86 913
481 494
360 996
54 77
163 541
227 615
104 688
343 824
345 857
192 978
221 367
30 737
684 760
92 912
483 921
612 790
866 935
443 554
171 742
327 825
258 898
291 998
82 181
596 603
439 659
397 665
256 802
16 873
481 895
899 981
275 473
42 622
545 703
480 757
708 977
311 483
345 683
374 797
758 826
413 879
170 902
143 151
301 326
191 356
327 430
381 468
217 530
366 688
165 698
503 849
27 952
47 139
194 212
167 234
417 515
388 606
381 706
449 753
284 901
702 907
282 917
352 972
932 995
148 239
312 320
410 523
75 571
573 732
664 934
723 958
59 419
271 643
608 730
707 842
354 554
530 989
389 409
385 425
307 431
36 451
283 520
616 628
949 999
153 267
392 399
417 849
469 867
70 223
346 370
483 656
536 767
759 833
358 974
489 885
220 398
283 485
250 660
587 757
509 931
84 210
215 237
546 630
646 968
181 668
612 692
543 731
108 746
192 715
97 864
518 940
323 354
