1000 5794 62.51399843235114 sparse
0 22 821
1 139 880
2 14 128
3 787 246
4 86 476
5 629 481
6 754 863
7 91 946
8 178 456
9 341 50
10 222 976
11 413 896
12 183 785
13 417 895
14 960 608
15 153 22
16 165 690
17 846 678
18 696 618
19 401 260
20 776 353
21 129 42
22 302 458
23 502 345
24 584 840
25 420 276
26 186 279
27 453 493
28 793 289
29 233 624
30 212 493
31 525 759
32 877 789
33 172 520
34 106 118
35 867 112
36 396 936
37 446 146
38 411 643
39 799 881
40 962 405
41 598 511
42 299 126
43 438 799
44 929 55
45 923 660
46 661 891
47 69 772
48 565 909
49 293 500
50 419 287
51 286 586
52 933 692
53 180 97
54 608 305
55 5 774
56 574 46
57 833 965
58 140 569
59 206 113
60 73 342
61 15 250
62 132 66
63 665 324
64 674 911
65 237 861
66 413 733
67 792 557
68 500 289
69 643 282
70 619 675
71 204 750
72 199 358
73 890 282
74 945 97
75 1 819
76 17 107
77 507 724
78 295 963
79 807 63
80 619 740
81 892 702
82 560 723
83 192 208
84 910 223
85 370 510
86 86 288
87 213 316
88 437 506
89 540 510
90 486 790
91 838 404
92 755 959
93 431 846
94 519 473
95 844 903
96 232 249
97 717 131
98 688 223
99 565 718
100 591 523
101 751 812
102 974 999
103 32 994
104 912 140
105 620 763
106 280 227
107 596 907
108 58 611
109 14 425
110 940 10
111 725 917
112 464 901
113 930 908
114 98 407
115 638 356
116 293 52
117 595 286
118 377 144
119 384 349
120 713 621
121 287 300
122 852 786
123 776 959
124 26 555
125 619 392
126 307 658
127 9 382
128 801 387
129 122 526
130 641 479
131 592 444
132 945 427
133 402 915
134 454 396
135 502 11
136 39 292
137 361 637
138 847 169
139 812 609
140 195 655
141 418 628
142 306 687
143 203 668
144 430 258
145 420 794
146 740 220
147 844 532
148 833 386
149 354 956
150 305 947
151 481 358
152 700 884
153 649 736
154 717 735
155 247 368
156 778 637
157 562 863
158 677 939
159 694 741
160 755 394
161 954 72
162 542 808
163 646 565
164 700 485
165 66 856
166 290 86
167 815 503
168 871 285
169 603 261
170 391 899
171 803 560
172 89 109
173 584 609
174 850 597
175 143 574
176 720 492
177 218 650
178 350 507
179 256 48
180 481 564
181 660 881
182 501 642
183 208 178
184 927 392
185 511 52
186 114 778
187 719 284
188 351 793
189 573 444
190 979 890
191 80 206
192 915 818
193 113 34
194 896 157
195 408 784
196 802 199
197 304 779
198 296 510
199 226 790
200 140 198
201 213 148
202 626 373
203 820 4
204 26 453
205 514 984
206 3 877
207 434 177
208 405 206
209 102 961
210 724 647
211 287 496
212 346 154
213 12 563
214 247 11
215 590 679
216 726 497
217 722 427
218 260 260
219 486 394
220 689 752
221 341 765
222 58 495
223 432 299
224 853 509
225 846 259
226 384 770
227 216 583
228 683 40
229 761 181
230 462 300
231 640 377
232 275 114
233 836 18
234 406 385
235 380 93
236 420 949
237 12 48
238 817 312
239 973 775
240 550 873
241 130 140
242 626 50
243 327 745
244 549 199
245 831 637
246 482 6
247 121 696
248 480 240
249 849 1
250 293 833
251 146 662
252 568 630
253 188 751
254 201 791
255 765 802
256 572 109
257 512 455
258 827 572
259 619 695
260 617 672
261 119 587
262 318 906
263 228 566
264 15 812
265 697 632
266 550 237
267 156 536
268 241 481
269 502 95
270 297 200
271 366 247
272 595 399
273 465 204
274 794 478
275 710 190
276 674 391
277 161 284
278 379 30
279 823 900
280 909 69
281 676 566
282 409 905
283 410 499
284 532 685
285 301 207
286 402 974
287 368 872
288 484 652
289 175 465
290 835 318
291 108 178
292 725 1000
293 140 644
294 441 692
295 957 419
296 525 531
297 617 878
298 808 524
299 392 745
300 274 921
301 173 368
302 580 619
303 985 755
304 732 351
305 386 11
306 131 446
307 337 545
308 137 991
309 489 700
310 552 646
311 654 775
312 322 681
313 769 826
314 269 205
315 385 864
316 707 773
317 486 791
318 889 240
319 983 9
320 551 636
321 84 142
322 221 188
323 251 639
324 704 537
325 25 829
326 922 334
327 263 486
328 312 578
329 521 88
330 854 794
331 912 42
332 173 505
333 386 365
334 870 266
335 61 721
336 156 40
337 6 212
338 767 333
339 541 414
340 440 646
341 256 28
342 559 879
343 535 654
344 754 991
345 408 359
346 667 368
347 86 675
348 548 995
349 211 93
350 381 20
351 166 695
352 127 727
353 766 207
354 641 917
355 501 668
356 624 116
357 958 160
358 915 845
359 284 83
360 173 544
361 322 157
362 123 278
363 726 141
364 647 818
365 0 703
366 55 50
367 403 827
368 984 894
369 391 738
370 120 359
371 175 149
372 381 627
373 418 510
374 921 834
375 260 831
376 832 418
377 262 40
378 552 708
379 309 38
380 131 71
381 342 395
382 99 532
383 582 617
384 983 22
385 255 922
386 104 460
387 940 746
388 939 885
389 622 503
390 365 1000
391 597 43
392 290 845
393 833 561
394 404 820
395 412 946
396 185 728
397 237 217
398 495 38
399 363 907
400 895 755
401 72 549
402 62 25
403 901 493
404 545 771
405 9 978
406 247 353
407 501 880
408 19 116
409 639 690
410 495 8
411 41 351
412 110 850
413 345 587
414 957 618
415 377 151
416 807 561
417 564 679
418 926 587
419 647 475
420 469 573
421 876 922
422 977 124
423 296 877
424 640 361
425 661 654
426 807 871
427 910 173
428 942 632
429 810 571
430 378 551
431 212 727
432 944 355
433 559 31
434 338 704
435 815 489
436 423 673
437 747 418
438 981 58
439 785 906
440 601 763
441 778 745
442 672 336
443 82 518
444 72 534
445 160 951
446 513 365
447 410 455
448 598 937
449 285 634
450 531 362
451 584 65
452 756 279
453 228 489
454 584 252
455 31 700
456 890 322
457 405 921
458 152 220
459 504 651
460 911 737
461 47 888
462 878 118
463 786 919
464 671 659
465 965 0
466 339 964
467 887 250
468 857 954
469 854 219
470 169 414
471 629 238
472 961 820
473 445 988
474 539 856
475 608 75
476 1 281
477 391 613
478 850 43
479 933 25
480 116 279
481 915 151
482 558 795
483 242 841
484 606 440
485 373 771
486 997 150
487 921 102
488 936 688
489 866 605
490 80 883
491 848 263
492 288 233
493 736 407
494 96 325
495 957 358
496 552 247
497 507 30
498 40 193
499 271 108
500 856 353
501 900 359
502 989 878
503 246 902
504 210 395
505 377 745
506 297 66
507 148 369
508 1000 265
509 199 679
510 381 889
511 271 661
512 767 420
513 232 137
514 276 341
515 121 953
516 675 40
517 261 9
518 426 129
519 257 233
520 179 318
521 585 657
522 706 734
523 474 948
524 366 48
525 242 874
526 113 440
527 682 987
528 442 16
529 954 443
530 731 824
531 489 458
532 876 403
533 143 521
534 762 886
535 591 271
536 27 815
537 180 543
538 816 425
539 965 213
540 334 217
541 9 448
542 968 661
543 757 783
544 545 146
545 952 564
546 334 440
547 567 113
548 569 982
549 63 725
550 33 714
551 990 448
552 212 694
553 278 682
554 940 319
555 413 666
556 711 920
557 727 731
558 61 9
559 908 608
560 535 308
561 833 157
562 363 600
563 878 613
564 902 925
565 275 745
566 379 934
567 626 314
568 196 532
569 161 846
570 340 140
571 454 332
572 75 734
573 940 718
574 576 804
575 291 654
576 508 203
577 564 694
578 771 771
579 411 598
580 486 575
581 805 579
582 785 822
583 831 967
584 672 249
585 109 854
586 300 689
587 531 806
588 71 899
589 770 941
590 364 483
591 802 108
592 419 464
593 530 590
594 438 118
595 593 416
596 732 469
597 368 202
598 807 765
599 353 197
600 613 108
601 66 619
602 297 151
603 53 54
604 458 152
605 51 749
606 698 482
607 460 116
608 538 247
609 978 863
610 825 151
611 231 761
612 187 204
613 744 441
614 169 132
615 747 76
616 392 109
617 16 414
618 905 934
619 806 326
620 349 418
621 932 303
622 938 43
623 960 455
624 222 404
625 897 233
626 659 886
627 681 594
628 98 120
629 132 103
630 468 703
631 256 752
632 585 67
633 500 142
634 841 132
635 450 751
636 591 192
637 364 625
638 422 952
639 877 469
640 403 800
641 942 766
642 27 463
643 840 886
644 315 727
645 246 757
646 23 662
647 943 843
648 922 572
649 947 879
650 851 70
651 469 225
652 793 331
653 748 623
654 537 593
655 71 438
656 412 736
657 807 393
658 56 894
659 821 344
660 286 802
661 490 654
662 398 117
663 435 627
664 661 851
665 475 963
666 748 493
667 0 587
668 943 134
669 239 104
670 553 541
671 861 863
672 2 659
673 756 589
674 61 842
675 43 399
676 311 119
677 292 503
678 290 902
679 741 224
680 157 926
681 798 661
682 153 537
683 178 609
684 839 683
685 154 627
686 906 399
687 572 268
688 966 937
689 283 113
690 916 421
691 608 550
692 40 606
693 82 901
694 845 724
695 92 189
696 92 893
697 83 340
698 399 602
699 201 993
700 909 763
701 997 656
702 834 604
703 416 537
704 653 314
705 384 225
706 151 305
707 475 247
708 683 196
709 279 703
710 135 0
711 399 834
712 449 318
713 180 802
714 636 196
715 961 404
716 627 377
717 679 806
718 73 964
719 3 681
720 695 56
721 338 401
722 746 674
723 635 466
724 488 894
725 448 51
726 447 334
727 399 254
728 55 731
729 556 163
730 37 0
731 659 764
732 624 707
733 146 468
734 340 395
735 857 470
736 152 48
737 403 148
738 196 834
739 942 839
740 532 636
741 585 939
742 828 981
743 893 408
744 707 174
745 254 805
746 138 691
747 447 354
748 708 836
749 137 555
750 583 53
751 891 520
752 747 198
753 350 848
754 625 924
755 544 747
756 799 685
757 561 454
758 180 833
759 221 709
760 454 321
761 252 13
762 777 789
763 452 615
764 883 106
765 281 882
766 635 958
767 800 946
768 388 205
769 672 956
770 504 344
771 935 392
772 214 581
773 754 269
774 25 475
775 494 765
776 729 312
777 673 896
778 276 750
779 882 238
780 170 627
781 700 995
782 767 142
783 466 59
784 886 705
785 393 997
786 364 766
787 140 83
788 851 815
789 971 411
790 581 653
791 538 838
792 796 450
793 10 594
794 84 830
795 428 511
796 515 132
797 705 959
798 859 982
799 390 345
800 197 132
801 475 922
802 30 78
803 175 574
804 484 492
805 349 123
806 637 62
807 462 12
808 778 559
809 372 108
810 899 952
811 616 252
812 226 394
813 861 898
814 109 625
815 533 152
816 420 468
817 701 938
818 473 563
819 211 27
820 290 956
821 979 45
822 788 158
823 246 749
824 522 711
825 231 974
826 614 879
827 107 511
828 818 287
829 356 161
830 605 244
831 798 475
832 154 234
833 454 946
834 927 349
835 357 486
836 616 76
837 119 932
838 875 287
839 964 563
840 561 521
841 232 642
842 68 977
843 244 94
844 464 215
845 834 822
846 299 716
847 283 885
848 525 535
849 280 146
850 765 769
851 415 122
852 715 40
853 0 220
854 857 671
855 905 532
856 39 885
857 317 800
858 433 700
859 542 879
860 107 946
861 762 783
862 144 800
863 824 927
864 547 214
865 682 317
866 346 89
867 988 338
868 338 387
869 267 267
870 141 195
871 608 974
872 756 471
873 230 795
874 771 613
875 606 182
876 588 906
877 221 298
878 491 371
879 296 635
880 95 672
881 810 411
882 142 7
883 685 775
884 735 796
885 144 639
886 167 170
887 164 365
888 619 606
889 372 80
890 845 39
891 654 582
892 269 580
893 551 248
894 841 592
895 164 797
896 686 441
897 882 444
898 121 843
899 941 42
900 964 377
901 175 587
902 137 439
903 169 108
904 85 853
905 241 793
906 509 779
907 118 103
908 430 390
909 502 501
910 432 235
911 934 317
912 224 922
913 283 592
914 772 104
915 981 376
916 179 151
917 648 831
918 530 892
919 23 369
920 411 233
921 387 558
922 538 515
923 326 36
924 795 712
925 807 602
926 865 675
927 4 222
928 476 341
929 831 604
930 71 340
931 696 629
932 378 210
933 679 435
934 866 121
935 198 923
936 228 617
937 113 720
938 13 566
939 387 528
940 155 620
941 635 356
942 672 814
943 602 428
944 136 146
945 350 774
946 117 11
947 256 376
948 707 699
949 168 998
950 153 36
951 182 307
952 61 272
953 325 952
954 278 708
955 638 526
956 615 114
957 181 806
958 648 186
959 796 69
960 288 690
961 611 34
962 929 5
963 976 254
964 85 148
965 674 432
966 629 60
967 65 108
968 379 972
969 996 799
970 242 182
971 786 186
972 907 144
973 582 62
974 155 543
975 668 459
976 101 275
977 78 560
978 449 111
979 816 899
980 590 42
981 480 981
982 112 163
983 106 475
984 349 902
985 267 668
986 229 768
987 148 95
988 702 412
989 919 736
990 909 674
991 352 853
992 512 737
993 163 964
994 524 327
995 221 853
996 613 266
997 197 944
998 850 217
999 670 606
90 317
40 715
496 893
381 734
451 632
23 770
302 383
57 583
227 772
60 930
702 929
115 941
66 656
49 677
267 682
297 826
200 870
622 899
265 931
213 938
70 260
164 606
236 638
765 847
451 973
296 848
11 13
171 416
412 585
146 679
202 716
647 739
592 816
713 957
225 491
335 549
366 603
168 838
371 916
853 927
469 998
52 488
274 831
543 861
336 950
16 351
62 380
181 626
565 778
709 954
115 424
46 626
214 761
89 922
753 991
521 790
58 175
712 760
933 965
632 973
321 964
142 586
288 661
19 727
721 734
578 850
554 911
600 956
682 974
190 368
256 547
83 612
199 873
293 885
478 890
104 972
166 359
133 457
81 784
51 913
118 415
82 99
299 369
367 394
362 480
360 537
685 940
424 941
267 974
279 979
391 980
49 211
130 419
232 499
381 721
119 799
571 726
318 779
611 986
135 410
593 654
590 835
176 216
0 536
228 516
184 771
645 823
270 285
198 677
232 689
367 711
180 818
475 836
107 876
511 985
460 989
122 330
173 383
34 628
734 868
806 966
128 657
241 944
0 325
236 395
461 856
211 677
17 684
248 707
78 820
139 925
29 936
336 736
381 868
854 926
35 934
750 973
76 408
10 825
306 902
896 933
356 956
429 581
8 289
182 459
564 618
347 880
301 887
11 282
517 761
218 869
710 882
179 377
106 492
561 610
388 649
616 662
549 728
337 853
240 859
46 181
310 320
204 642
373 795
278 350
318 467
266 496
60 697
452 773
337 927
305 350
485 786
88 795
174 894
49 198
14 414
416 429
631 823
242 966
318 625
717 942
481 972
173 302
154 557
624 812
420 818
240 342
461 658
40 789
571 760
18 931
25 50
226 485
154 522
273 844
449 879
266 893
425 464
162 587
109 617
631 645
588 693
669 843
651 844
873 905
768 932
169 996
108 601
294 858
67 171
0 264
104 481
56 750
430 921
520 951
395 638
335 728
143 509
697 930
451 750
545 839
155 947
736 950
586 960
159 220
180 580
311 731
110 962
607 978
5 130
642 774
133 282
436 555
715 789
667 793
212 829
250 392
264 536
137 637
462 934
358 374
258 393
35 462
79 959
401 977
579 698
484 943
447 592
221 945
13 282
39 426
693 696
597 932
553 960
319 384
2 408
499 689
231 716
259 732
462 764
46 777
467 779
803 901
171 429
439 463
518 851
17 854
608 893
412 898
364 917
594 978
750 980
246 410
448 741
438 821
432 495
445 993
341 377
37 604
529 623
544 815
97 363
283 373
356 600
477 698
811 830
41 100
63 442
159 522
42 676
702 894
65 525
619 652
718 842
77 992
167 435
496 608
721 868
629 907
15 950
18 265
170 510
214 517
325 536
455 550
632 750
67 808
458 832
621 911
172 628
111 556
459 661
130 723
583 742
58 749
850 861
811 996
132 295
398 497
489 563
787 987
202 231
131 484
116 506
726 760
40 295
165 674
394 711
571 712
399 984
155 406
180 420
401 444
299 505
549 572
417 577
44 622
504 624
419 723
380 787
578 861
595 943
896 965
33 332
523 665
64 777
244 864
386 983
91 376
212 570
538 881
140 143
268 453
423 847
235 889
199 905
67 416
117 535
611 645
418 648
295 715
341 761
480 976
291 982
437 493
53 903
145 195
157 240
190 502
169 535
266 608
490 696
63 704
189 757
685 885
894 929
714 958
75 264
369 505
515 860
352 937
597 599
588 658
686 743
423 765
625 779
169 811
326 834
73 838
209 860
709 960
231 424
685 780
7 860
71 253
402 558
738 758
504 812
124 213
119 333
400 700
712 726
295 789
177 841
543 850
786 945
5 723
762 861
705 932
252 302
157 342
518 594
182 661
275 744
242 806
585 898
627 999
183 322
99 378
84 625
447 816
151 878
30 453
282 457
126 575
313 582
507 887
56 980
38 141
110 479
780 940
198 211
391 961
368 502
195 640
57 742
713 895
82 378
149 466
125 716
235 809
342 859
258 429
141 663
208 768
900 915
124 938
194 972
142 312
192 374
35 764
36 566
420 580
272 595
372 637
169 830
379 923
101 255
372 477
391 750
626 777
18 120
355 459
12 713
376 538
95 643
174 702
354 754
36 457
552 759
150 820
50 223
255 762
580 818
44 899
745 905
859 918
204 541
532 743
247 746
158 769
95 813
602 849
662 851
151 928
238 619
355 661
553 985
21 193
174 489
554 621
56 973
629 987
65 995
252 320
371 614
145 640
474 791
633 796
432 834
29 841
636 875
51 892
360 974
416 581
490 693
15 336
446 450
343 740
657 881
142 960
132 529
490 588
788 845
678 847
63 865
202 424
138 561
378 577
543 578
605 728
751 855
837 860
892 913
466 953
7 209
502 609
248 651
15 882
43 145
91 148
479 622
108 692
665 981
287 315
310 343
267 360
62 787
163 891
479 899
120 931
78 150
36 395
443 444
533 682
131 943
12 254
170 282
238 290
251 293
5 419
306 526
123 589
578 762
618 810
131 189
105 440
320 740
168 334
300 385
188 945
252 383
335 572
171 581
407 724
471 811
127 919
611 823
34 907
73 168
34 172
214 341
535 687
570 805
323 841
658 856
255 861
165 904
17 926
202 941
895 957
94 257
133 170
120 265
88 373
537 568
291 695
644 846
135 497
341 517
340 663
575 879
139 929
683 780
527 781
725 783
87 877
182 288
264 325
467 625
45 990
267 533
509 552
494 697
181 777
77 824
86 976
194 481
175 749
70 259
179 341
235 616
454 687
228 720
726 747
288 459
394 640
639 735
616 809
4 983
437 512
387 641
631 778
523 833
319 465
54 567
482 574
431 759
804 909
85 178
572 728
597 768
862 895
125 202
278 305
269 329
240 474
454 535
565 631
620 721
544 729
495 900
174 929
645 986
705 768
226 786
333 799
528 807
479 962
414 428
263 772
775 906
9 923
25 144
375 483
556 817
954 960
27 88
135 246
59 349
259 409
162 482
65 483
209 515
255 543
42 689
424 716
296 922
150 953
836 966
196 971
115 202
227 263
191 695
663 763
326 911
449 575
543 762
246 807
92 123
169 454
553 709
353 752
59 800
935 997
0 75
115 231
369 656
515 837
910 920
710 946
12 957
164 176
166 506
511 575
360 682
2 76
95 279
56 433
522 557
309 630
646 672
330 788
129 827
203 233
116 379
185 398
194 427
273 651
797 817
233 249
44 331
359 506
287 510
56 451
442 865
614 916
629 787
670 840
973 980
129 533
374 739
334 838
231 941
243 644
283 795
684 854
749 974
36 133
588 696
322 970
20 338
385 503
386 526
299 656
678 765
242 961
11 133
201 513
885 940
560 994
382 443
279 643
293 685
672 719
229 752
204 774
435 831
594 607
316 883
167 298
511 553
184 686
178 835
11 170
334 491
278 524
413 562
230 712
365 719
683 901
362 976
199 986
137 372
185 497
216 666
310 740
31 755
230 760
382 827
454 830
371 886
12 895
886 916
716 941
846 954
961 980
268 327
66 369
427 481
215 521
139 702
535 996
33 267
252 310
201 800
101 884
409 732
764 934
101 313
333 345
67 429
651 707
345 799
446 878
258 416
23 446
446 770
233 890
80 105
54 117
160 493
569 758
221 786
794 904
259 260
5 389
38 555
258 581
553 586
571 747
146 752
376 881
251 885
144 910
581 925
286 968
56 391
253 396
257 531
437 613
474 859
266 864
48 876
485 945
277 706
415 829
387 989
239 303
31 404
101 530
762 850
104 194
288 355
334 467
384 821
594 851
220 883
193 946
312 586
666 872
830 996
143 177
29 323
326 554
92 589
541 642
619 659
140 177
32 330
109 541
219 878
274 435
56 632
254 713
115 716
112 801
89 840
154 159
129 382
106 519
374 647
21 736
840 922
571 928
451 980
46 64
709 846
664 917
848 922
614 903
33 360
99 577
404 755
681 756
158 817
526 902
585 904
172 967
276 346
157 474
381 620
320 343
4 386
400 460
682 749
596 872
925 929
176 606
686 690
21 62
66 299
212 361
295 529
643 813
727 920
483 995
391 973
255 313
140 509
71 431
6 534
33 537
475 632
221 243
44 280
217 493
258 894
74 487
234 908
106 314
23 151
147 224
113 388
348 548
620 734
286 785
505 786
197 857
667 938
430 939
406 947
903 987
471 830
134 908
21 950
220 522
361 570
85 939
39 979
19 25
610 634
300 678
287 991
13 133
125 272
225 334
70 409
267 537
477 579
112 724
156 874
254 957
537 974
217 988
199 254
301 507
562 637
171 808
238 828
200 458
410 497
533 974
393 429
9 524
42 602
28 828
792 831
653 874
32 122
445 680
412 904
586 709
806 836
41 389
160 437
247 937
315 510
841 936
364 942
882 946
399 510
7 718
411 919
896 975
26 277
33 682
223 712
292 781
729 815
126 879
639 897
90 906
683 940
229 971
632 980
823 986
391 451
67 581
543 884
31 992
73 334
397 519
516 720
720 852
157 859
31 906
558 730
128 881
361 602
423 678
125 231
89 296
475 966
25 223
360 568
176 596
530 748
674 794
317 906
366 402
395 457
226 505
443 827
75 325
211 327
119 345
182 355
393 416
215 417
451 475
745 873
553 954
331 622
15 736
523 801
912 935
234 345
170 457
217 613
321 628
338 652
460 700
294 436
421 564
415 737
800 916
117 169
226 299
11 457
37 518
561 634
90 775
628 907
770 994
13 170
485 505
75 536
118 737
23 928
173 252
57 468
461 588
490 658
782 822
570 829
674 904
508 963
419 975
933 975
690 743
252 790
616 851
229 353
74 161
217 437
611 631
546 620
306 733
375 745
679 752
444 977
42 232
171 258
33 568
549 605
391 632
213 667
472 739
267 749
62 736
796 815
117 996
110 465
52 573
441 578
148 657
658 693
151 770
192 358
367 640
567 704
84 318
396 431
331 479
190 609
478 650
10 699
16 746
118 829
665 833
586 846
279 863
758 957
873 986
21 336
382 444
373 703
702 925
280 331
218 519
564 810
715 900
51 328
463 589
317 775
281 891
684 926
36 236
175 261
404 482
484 595
123 767
85 835
441 850
756 924
208 932
643 979
458 870
634 934
126 312
98 708
805 809
143 552
215 790
662 809
866 889
540 599
646 719
42 849
240 918
58 261
220 316
418 559
85 590
537 682
275 708
358 739
208 920
965 975
573 989
905 986
195 226
178 590
575 985
40 132
20 652
550 728
371 800
72 301
284 824
242 836
824 992
215 260
88 283
135 398
346 424
166 689
387 573
614 800
809 889
103 405
312 434
131 595
176 666
597 705
132 715
389 955
358 647
274 792
468 798
40 900
822 971
64 158
390 785
705 920
770 928
793 938
359 499
489 894
599 932
120 210
23 878
731 883
846 960
234 333
503 525
255 582
262 678
351 746
530 884
26 951
95 979
572 605
18 627
421 813
673 874
293 940
208 705
141 340
260 409
384 465
138 610
271 705
15 710
23 994
270 314
142 553
281 627
231 346
60 494
33 974
164 216
13 457
160 512
216 596
676 689
715 771
703 795
670 848
737 851
780 885
18 999
39 439
233 478
785 968
403 751
377 761
501 834
436 858
19 920
700 989
38 663
596 666
82 755
891 999
335 550
91 881
106 285
496 687
687 893
331 899
353 971
126 142
33 533
122 788
19 144
146 353
21 380
71 396
285 492
166 499
457 566
468 583
601 692
442 704
416 808
586 954
475 973
170 399
37 594
863 979
203 249
38 340
482 587
71 611
64 626
294 630
209 718
289 733
89 848
704 865
494 930
427 972
80 440
47 605
472 647
197 660
117 687
518 978
241 982
70 215
82 577
565 823
254 873
149 953
917 942
426 979
944 982
380 987
199 611
542 701
290 659
477 637
152 777
627 891
101 543
132 690
172 907
96 519
248 844
86 952
149 968
525 995
188 221
286 395
370 507
323 511
335 605
286 638
296 670
153 731
187 776
432 900
787 907
503 912
760 928
136 952
242 391
133 566
518 737
686 771
310 790
142 846
726 928
272 943
448 754
40 771
188 786
770 878
861 884
77 309
398 410
14 428
235 662
683 685
287 753
495 915
921 939
52 990
29 177
223 230
163 281
171 393
215 577
34 629
181 664
357 668
359 689
778 823
670 922
58 974
107 448
360 803
100 840
96 218
290 619
349 669
251 746
61 927
378 824
44 161
353 679
80 153
44 479
488 573
532 686
162 791
591 914
292 344
387 460
402 603
733 902
703 939
183 201
306 386
326 432
161 438
165 490
449 511
417 521
91 538
559 563
25 727
463 767
589 767
535 830
499 843
490 904
960 985
488 990
109 204
379 506
314 519
596 613
518 662
334 779
284 378
342 474
439 534
53 59
145 394
98 584
36 638
132 789
48 342
255 884
39 279
130 389
238 652
767 863
400 989
236 286
242 475
7 515
141 579
139 581
551 623
372 698
645 778
27 795
71 986
45 488
477 562
553 575
652 659
520 706
724 801
628 964
210 265
141 477
617 675
964 982
492 519
713 758
311 883
385 912
50 144
147 393
377 517
184 690
742 798
27 804
101 861
882 950
545 648
907 987
48 107
417 790
213 793
57 798
660 857
706 951
188 485
223 760
284 343
212 415
365 455
343 459
512 613
643 671
380 736
212 805
429 925
277 951
15 21
156 681
95 863
53 349
144 727
262 984
7 837
390 968
86 480
495 834
30 268
115 346
378 417
406 514
399 566
421 618
565 645
142 709
541 774
766 871
407 918
631 986
662 737
537 803
535 811
144 920
738 995
247 352
255 578
368 609
104 668
182 740
31 775
717 883
650 890
165 794
961 966
166 232
236 457
350 524
216 606
132 623
459 740
199 745
84 779
583 798
738 957
126 586
250 660
169 687
76 802
475 806
342 918
747 928
308 949
439 979
24 157
168 491
323 936
111 817
801 833
106 270
382 401
340 436
252 521
100 691
549 550
411 930
78 953
175 803
454 811
228 852
128 148
92 344
148 376
380 629
489 702
538 792
393 894
110 899
134 219
285 314
53 987
73 467
660 745
600 836
318 334
299 485
141 698
809 866
328 913
454 996
282 510
174 563
238 659
499 669
258 929
471 996
116 359
232 359
239 641
632 836
87 951
38 436
220 731
692 793
613 872
96 397
346 442
454 496
70 732
232 849
19 50
372 562
450 770
434 644
933 988
34 241
34 321
284 417
392 423
126 449
221 485
708 744
433 750
638 833
524 889
118 212
133 395
401 443
326 621
131 757
527 769
283 816
448 876
167 274
214 377
705 727
129 749
771 900
554 834
161 899
154 220
226 369
151 446
11 510
113 564
127 617
481 668
258 702
587 791
167 831
94 909
834 911
81 990
46 354
422 486
35 634
412 794
695 982
91 657
129 682
620 868
433 980
230 571
483 525
431 552
255 850
245 929
349 843
250 375
104 427
110 622
64 181
49 327
375 392
37 607
156 653
315 711
544 796
714 875
215 259
322 397
279 426
161 622
189 943
323 985
62 987
896 988
641 700
245 702
769 797
689 849
741 876
37 207
28 238
116 377
60 411
222 443
189 484
284 577
538 657
340 763
603 802
410 807
454 893
21 946
239 969
175 974
42 499
393 581
107 826
210 931
775 992
326 501
149 566
475 750
172 321
461 490
475 600
80 732
496 864
699 949
133 510
183 612
155 812
45 52
69 704
611 905
755 992
43 195
64 354
94 531
61 853
878 928
523 981
340 555
581 808
130 975
36 282
302 320
23 450
493 512
113 649
89 670
327 677
107 754
209 837
139 894
511 960
513 669
271 727
747 760
723 975
4 222
139 245
16 251
93 367
45 428
391 475
314 492
300 503
190 649
455 719
107 741
469 779
451 836
707 844
750 961
253 431
403 639
210 653
582 762
174 258
148 881
83 183
38 372
332 533
69 996
61 476
302 790
611 873
87 520
116 166
769 817
236 833
805 866
201 916
205 981
309 355
9 379
314 397
326 456
93 711
364 717
8 733
429 808
346 941
328 413
270 492
118 662
59 669
192 739
608 864
162 574
640 711
151 747
361 829
235 866
864 893
226 945
183 970
12 253
323 449
531 804
493 988
949 993
189 595
158 797
330 845
715 915
965 988
285 540
159 557
293 780
320 790
633 815
177 936
533 749
159 316
246 398
58 682
175 901
380 907
510 984
246 497
207 604
157 791
585 794
177 509
460 573
690 771
40 915
169 471
418 545
541 617
101 762
188 857
789 900
931 999
177 323
310 521
365 550
309 824
315 991
210 722
295 771
587 906
912 997
609 649
493 613
653 673
602 676
588 856
237 802
812 947
299 786
118 805
671 813
142 954
382 977
321 982
276 988
43 640
489 929
522 948
120 653
626 664
310 417
280 487
395 566
628 967
327 453
683 803
630 858
173 888
37 978
159 883
312 960
83 322
441 598
179 761
616 889
820 953
260 521
267 332
284 355
287 399
457 638
376 657
387 700
402 730
513 800
58 803
290 828
397 970
62 336
59 513
125 595
247 880
129 267
101 582
422 668
754 766
519 869
894 925
170 287
84 467
332 568
229 822
712 928
314 970
170 315
226 640
528 725
699 825
287 984
59 201
298 435
260 732
72 887
473 981
526 983
450 994
205 348
117 454
16 509
851 978
164 596
713 738
107 297
570 676
99 755
398 783
703 921
354 626
364 664
336 882
373 939
614 944
251 685
599 768
658 696
383 790
827 983
105 311
182 343
384 438
38 477
604 607
562 698
184 715
48 741
712 747
713 862
675 919
258 925
227 936
463 979
168 225
113 618
511 879
870 886
735 897
581 929
126 511
295 623
599 829
491 838
575 960
575 586
283 592
505 656
500 659
195 394
432 554
647 649
319 821
142 434
69 567
529 789
527 797
316 884
768 920
391 966
254 986
114 526
142 575
426 643
151 219
171 298
529 551
232 676
781 797
118 809
645 905
465 962
320 383
293 814
262 423
596 606
518 607
141 763
132 771
789 915
708 958
13 510
578 598
252 740
335 455
784 926
62 950
34 964
58 267
67 298
351 509
244 729
116 923
53 614
22 546
261 749
231 276
343 355
32 788
836 973
161 821
147 298
196 353
24 574
206 856
800 903
404 906
242 980
100 389
232 843
495 867
803 974
170 566
62 629
569 738
736 787
240 791
709 985
141 372
298 416
283 939
243 945
137 562
241 629
74 668
766 769
300 847
474 918
145 367
162 404
291 870
441 924
565 954
129 974
266 454
540 597
230 726
509 759
673 808
186 862
116 179
62 193
95 421
165 461
421 468
118 570
208 597
126 960
36 170
40 184
19 271
187 452
195 485
39 534
461 693
21 882
59 903
629 903
185 329
232 669
533 827
296 840
898 904
154 948
668 972
125 424
88 703
583 767
429 894
64 152
93 394
265 464
151 571
138 634
826 876
254 895
862 957
308 993
265 999
389 419
192 647
140 780
366 802
615 914
322 612
184 743
209 842
369 485
475 980
126 553
152 556
579 663
352 746
360 749
565 846
743 897
874 925
15 946
610 822
445 997
404 587
814 885
200 291
241 628
332 682
844 910
557 948
65 375
360 533
421 810
48 859
296 909
291 964
606 975
641 989
275 752
313 762
66 505
483 745
566 968
244 266
201 371
150 466
91 532
54 535
628 629
127 675
266 687
345 908
836 956
139 429
313 530
279 813
614 886
179 214
67 258
351 396
64 556
439 589
118 616
223 726
363 744
392 765
57 767
432 771
187 773
391 836
456 838
727 910
627 931
821 899
64 817
81 926
294 555
487 764
676 805
249 890
806 961
325 674
354 777
581 894
779 998
343 417
581 702
153 732
787 903
746 937
306 983
86 362
28 452
86 494
456 501
302 521
141 555
175 682
41 840
448 871
651 910
782 914
137 477
598 762
491 828
691 955
167 224
133 236
36 286
277 362
32 400
279 439
277 520
70 521
47 572
283 703
680 837
718 860
449 985
680 993
168 467
458 612
315 753
300 820
106 218
251 351
199 645
50 727
222 774
66 858
121 869
901 940
42 361
72 504
415 570
7 842
383 888
664 942
433 973
784 990
559 648
200 832
840 848
217 896
909 922
772 936
332 537
805 829
274 872
867 915
123 344
40 529
455 646
487 668
272 716
463 863
302 310
218 492
362 706
369 786
467 838
200 886
241 907
271 932
56 961
899 962
27 373
19 705
53 800
48 918
337 498
428 542
158 556
431 611
280 622
375 660
109 675
484 723
143 841
321 967
462 972
48 240
248 273
332 360
99 417
316 522
105 731
61 337
104 487
445 515
473 665
499 849
57 863
89 909
464 931
622 962
166 676
304 776
386 902
429 929
371 944
586 985
546 721
455 728
224 735
37 851
403 855
886 944
172 964
28 619
389 723
269 796
140 841
794 898
55 264
154 316
165 658
261 814
432 911
153 311
179 517
345 747
9 866
54 996
31 77
132 184
304 338
550 605
96 869
58 901
214 819
758 895
125 941
518 604
115 442
594 604
518 616
555 858
612 886
993 997
229 782
556 797
772 901
591 959
197 221
68 230
136 476
462 634
361 676
224 751
408 802
62 907
446 994
191 291
415 805
225 828
46 152
105 153
219 446
155 514
26 520
338 619
529 715
468 742
300 765
772 803
165 856
342 876
193 882
208 910
183 916
505 945
475 956
98 275
544 547
223 571
386 655
1 585
216 872
174 393
133 399
241 614
378 755
525 765
103 842
548 871
747 908
125 943
163 955
36 968
336 380
81 460
68 560
311 717
94 804
26 877
19 910
717 917
139 174
391 433
82 824
139 258
6 313
368 649
184 900
43 394
14 418
320 521
415 662
608 687
117 811
553 846
492 869
73 456
457 510
46 664
516 852
594 662
135 807
877 951
289 332
684 756
254 905
193 950
152 181
383 521
569 898
952 976
175 267
178 307
39 463
109 642
267 568
188 226
148 500
3 773
750 836
920 932
122 845
710 950
357 486
63 567
204 617
41 691
18 210
281 324
190 388
511 586
609 647
385 678
649 739
503 765
197 778
225 838
243 846
297 876
780 901
514 947
961 973
184 295
20 619
69 811
850 884
501 686
281 999
202 272
150 300
104 462
255 530
1 569
602 689
430 703
193 710
495 771
431 823
572 937
616 737
576 864
424 442
465 479
455 549
460 784
392 847
583 863
470 902
696 904
733 983
10 997
115 125
181 354
357 422
396 759
771 789
260 790
91 128
184 432
270 540
503 847
331 962
201 322
129 443
225 469
356 836
466 968
198 327
30 332
252 343
463 534
245 681
429 702
619 828
687 830
434 846
250 857
752 971
12 71
247 347
318 469
290 500
4 827
262 847
472 969
22 211
128 538
434 586
586 644
4 655
635 656
163 691
42 166
142 644
346 716
665 801
450 878
416 925
276 965
147 167
207 208
490 585
256 600
363 782
407 859
34 944
144 223
197 243
152 626
295 690
622 821
778 846
490 856
690 897
848 909
687 996
71 254
207 273
282 395
467 491
312 575
114 655
676 849
832 870
302 888
680 935
883 942
451 961
475 961
315 367
193 380
66 635
754 876
1 898
221 505
67 393
244 576
791 859
139 874
227 901
123 463
308 515
246 528
265 627
124 667
32 700
441 861
645 873
164 975
126 985
202 346
39 643
426 439
380 950
111 152
307 328
58 360
27 816
307 430
222 444
366 558
237 603
684 694
193 736
354 766
349 800
725 807
792 881
532 897
371 903
85 283
499 676
359 843
954 985
168 456
279 463
59 614
370 697
551 789
644 954
695 964
370 494
428 559
151 726
88 816
225 779
656 858
176 872
310 383
1 412
282 566
372 579
485 640
717 748
512 792
506 923
15 193
83 458
524 923
85 430
117 567
599 705
183 886
12 862
63 115
74 422
488 542
120 627
280 899
54 69
220 311
637 698
159 731
444 827
312 846
741 871
135 185
225 467
65 503
227 803
604 978
28 652
395 833
73 318
249 478
502 649
398 807
71 823
857 945
632 961
395 968
526 655
100 670
468 810
373 816
449 913
724 918
778 954
332 974
253 254
191 498
305 524
133 638
106 869
442 941
489 559
170 984
906 992
195 299
30 568
124 793
119 234
158 354
265 425
409 425
4 443
388 647
565 709
755 824
598 850
831 872
171 925
748 942
875 958
443 977
225 998
52 81
20 128
247 251
433 451
491 779
736 882
34 967
836 961
374 472
53 787
146 275
175 360
254 611
21 710
326 495
251 780
221 857
888 891
245 925
914 959
243 434
272 484
121 514
460 641
207 737
21 787
525 847
539 963
568 974
413 637
267 803
749 803
59 843
375 905
11 315
110 331
291 944
89 94
112 407
148 538
140 552
495 554
521 577
585 696
448 766
243 786
563 894
432 915
178 939
614 987
244 636
71 645
471 714
134 747
762 884
295 900
173 320
184 501
334 625
452 776
468 863
323 575
473 638
38 698
741 754
439 767
597 829
606 896
25 910
41 955
307 413
297 626
511 709
386 733
245 854
836 980
9 278
16 396
224 435
22 49
194 462
8 470
473 833
648 839
251 940
567 941
311 942
966 980
184 834
150 262
110 319
273 576
393 702
77 775
203 890
425 931
237 366
533 537
165 585
232 602
37 737
682 803
328 892
360 901
393 929
153 220
234 799
438 899
181 297
242 750
5 41
50 712
235 805
9 889
217 596
604 633
117 830
392 660
158 777
157 918
629 944
870 982
145 226
291 321
644 709
609 739
48 448
316 717
526 733
109 127
12 199
221 226
195 367
165 588
568 682
254 738
654 740
415 809
174 925
916 944
256 956
42 570
47 728
761 819
196 822
263 892
230 928
435 792
511 841
689 843
142 985
3 28
27 283
193 336
441 543
396 552
220 557
172 629
536 674
411 697
338 776
361 805
601 814
361 849
81 989
515 993
11 36
147 258
95 671
648 855
311 364
212 599
77 755
99 824
313 861
309 992
377 506
142 511
26 706
480 706
833 981
841 985
17 245
236 566
631 905
115 567
148 659
795 816
771 834
217 933
284 310
155 624
663 698
28 773
578 884
946 950
128 376
414 418
189 339
271 540
565 644
532 690
63 941
566 984
680 997
16 143
241 291
529 690
70 790
516 806
118 851
185 269
183 371
239 387
36 399
357 481
295 551
69 584
512 881
162 906
25 920
879 985
256 632
290 652
159 948
283 447
503 678
78 466
356 475
312 553
441 762
643 863
926 990
139 156
20 304
63 346
284 459
226 656
365 672
215 732
624 947
116 341
250 423
262 765
173 790
446 928
106 397
253 611
273 707
97 744
903 916
82 417
432 501
72 87
399 457
487 972
54 169
174 245
667 692
391 806
537 901
823 905
456 911
276 933
146 229
3 353
77 630
205 665
0 674
439 863
29 227
414 542
471 584
570 602
242 632
303 641
71 759
579 763
577 790
8 902
795 939
253 986
431 986
16 247
288 340
165 412
390 466
469 491
500 501
177 552
433 632
329 796
370 887
382 749
13 315
127 411
409 464
222 642
79 650
355 740
540 932
632 966
242 451
161 487
412 490
415 616
115 704
550 719
612 832
349 903
110 384
313 543
537 749
513 843
707 910
298 393
63 424
134 878
745 986
56 475
197 565
27 592
104 764
784 854
201 970
72 520
14 545
339 757
73 779
569 957
964 967
196 229
179 506
388 609
576 651
555 663
143 759
5 975
375 995
179 359
43 367
742 767
200 982
669 689
563 702
50 230
320 417
292 527
531 909
879 913
44 74
407 474
35 650
743 771
556 777
418 839
79 890
764 972
68 994
80 259
4 526
38 579
343 661
359 676
515 680
72 812
247 351
262 399
45 542
341 819
561 822
813 979
510 566
574 587
271 597
64 769
685 814
131 272
161 280
55 75
69 169
544 633
336 710
145 711
636 714
14 839
792 872
323 879
685 901
470 504
490 674
694 784
445 837
286 390
286 473
469 625
320 654
165 696
280 764
616 805
101 850
809 851
662 889
628 982
570 809
153 159
141 436
3 452
467 469
277 480
6 530
404 574
79 591
461 696
644 778
582 861
273 910
451 966
784 989
318 998
420 763
577 824
276 424
184 495
431 645
313 884
683 885
825 997
236 282
149 390
206 461
382 533
623 789
303 969
47 186
546 734
607 851
34 982
437 988
163 627
636 729
235 851
156 925
83 886
284 309
42 359
217 512
438 622
185 783
626 826
617 919
120 999
74 280
256 451
683 772
576 844
698 921
242 973
101 578
292 797
199 823
524 866
758 995
71 199
216 324
88 592
661 740
704 941
381 546
558 603
241 964
297 354
496 535
591 634
867 900
26 87
143 351
155 504
301 504
256 544
332 733
151 760
456 834
644 960
46 297
462 487
548 741
336 787
693 856
241 371
303 387
368 388
83 397
387 400
20 659
7 693
54 704
660 905
5 955
294 340
456 500
351 552
373 592
309 661
275 679
17 694
343 790
416 894
241 321
282 399
192 472
221 644
227 683
593 740
24 791
181 826
83 832
289 902
628 944
491 998
13 36
20 160
342 791
406 812
522 883
16 140
48 157
209 308
107 354
73 491
456 621
22 677
435 735
594 737
388 739
94 757
158 766
298 808
112 833
676 866
245 894
94 922
802 967
513 970
308 445
286 566
535 893
301 470
69 471
81 488
477 663
495 715
635 775
164 896
52 989
113 688
498 927
510 991
148 532
472 609
547 600
454 608
621 834
814 940
197 945
44 110
99 215
77 284
24 342
236 473
144 707
345 726
611 778
754 826
722 948
124 401
30 289
107 342
248 576
257 804
385 847
834 900
262 300
376 532
580 593
36 149
316 557
550 572
717 731
111 797
520 877
384 899
128 160
55 536
312 644
681 684
483 738
262 953
750 966
239 472
664 777
58 129
134 151
375 525
566 638
368 688
412 696
354 826
59 916
907 944
358 388
224 639
80 731
744 752
579 921
160 217
99 284
263 568
358 649
245 684
297 754
166 843
408 967
52 542
81 854
185 410
9 506
565 611
201 614
687 811
92 767
679 773
375 873
194 934
594 616
612 870
78 300
70 425
269 607
73 621
254 758
568 803
708 714
66 226
225 318
147 416
5 484
318 491
614 629
365 646
29 772
813 863
746 880
495 911
236 968
934 972
377 379
298 429
269 633
293 746
966 973
153 409
257 909
709 778
100 955
130 955
454 471
235 524
484 757
465 821
271 920
86 136
16 552
783 807
759 823
432 867
747 878
736 987
82 284
445 935
40 495
776 865
183 800
13 112
24 240
128 512
47 549
31 587
200 612
404 992
63 69
271 768
354 448
79 478
245 489
128 659
229 679
482 791
755 906
638 968
224 298
426 534
317 587
204 655
150 678
696 837
67 925
282 315
59 371
183 513
560 770
902 983
163 999
43 93
17 756
511 954
260 425
436 663
199 713
195 786
179 843
483 873
175 940
241 886
44 487
321 695
445 949
174 429
58 537
607 633
385 765
176 324
77 378
418 428
24 474
90 587
165 693
199 957
32 192
215 378
415 851
699 993
592 795
355 824
563 929
34 987
289 306
315 394
569 713
184 789
782 971
85 373
22 327
51 449
173 521
543 582
655 675
132 686
250 745
769 781
483 905
547 956
76 967
18 464
440 574
9 116
562 579
573 641
411 675
8 306
112 523
12 873
256 973
274 298
461 674
581 874
588 904
162 474
244 496
58 533
12 758
31 824
693 904
138 998
85 307
355 630
690 715
501 771
69 117
392 483
195 656
67 673
650 764
376 792
615 852
30 33
121 218
288 309
72 406
139 416
310 459
158 527
512 657
17 784
498 853
748 884
248 910
692 938
217 965
111 534
175 537
160 613
400 641
252 654
168 779
693 837
359 377
315 399
312 709
131 723
674 856
901 974
61 136
25 230
53 629
208 727
465 899
562 921
211 268
274 666
199 631
207 844
800 886
6 39
168 318
174 581
664 717
497 807
598 861
241 987
449 553
147 751
46 826
530 543
393 925
757 943
183 397
499 513
336 946
294 309
43 317
207 518
164 666
645 745
152 748
492 540
283 590
40 690
823 873
771 915
15 62
349 513
65 765
727 932
160 304
218 397
232 513
591 610
282 638
190 688
1 696
424 704
398 725
52 784
737 829
805 889
862 898
787 950
50 760
591 782
34 787
385 820
43 90
168 290
413 430
31 482
200 695
316 731
46 754
513 849
758 862
561 934
261 940
425 999
68 707
173 310
95 426
156 722
288 763
738 895
270 602
284 740
582 845
257 757
72 155
671 788
705 910
29 140
188 197
195 369
319 438
424 567
140 683
506 689
389 691
287 711
276 716
88 804
318 838
569 862
814 880
244 893
12 986
165 325
212 602
65 738
564 813
671 845
163 888
569 895
261 977
984 991
252 417
699 997
300 423
636 864
631 954
203 478
24 826
134 234
244 608
515 718
101 748
528 783
295 915
416 929
443 983
8 332
512 538
470 887
870 944
3 196
320 459
36 510
664 748
520 887
481 487
662 805
695 870
93 315
499 506
547 632
1 680
634 764
407 801
140 351
473 523
343 577
378 992
310 577
43 635
585 674
140 251
80 311
240 407
73 625
212 676
175 683
501 743
33 749
779 838
615 959
256 475
462 481
23 560
509 841
187 865
467 998
147 171
73 225
66 294
334 469
600 632
173 654
412 674
140 685
403 735
611 745
38 763
244 815
466 820
27 909
767 979
625 998
470 507
132 551
122 598
384 622
359 669
179 819
306 470
595 757
171 894
749 901
357 427
125 484
431 509
385 525
23 571
567 996
270 361
773 776
104 934
504 947
31 90
149 150
139 171
19 223
149 399
195 505
354 769
842 860
0 55
60 370
9 350
84 427
243 505
466 566
482 755
92 797
798 810
44 962
82 992
928 994
11 395
242 516
414 559
581 673
298 831
51 879
300 912
40 623
39 95
189 272
231 272
52 460
384 479
343 521
456 554
42 805
280 479
501 532
104 357
151 450
480 494
479 821
616 866
803 940
516 966
31 82
115 276
18 425
27 531
257 339
215 409
617 642
455 672
727 768
497 783
96 877
658 904
241 916
873 957
8 30
87 406
499 602
302 654
631 873
157 876
549 937
494 976
82 404
24 297
215 310
471 535
38 637
240 876
553 879
140 936
723 943
903 944
778 986
33 129
38 137
182 320
301 520
138 194
31 317
351 352
372 555
575 709
250 765
114 902
241 903
669 800
777 817
138 469
388 502
277 832
713 873
278 889
590 939
124 444
320 593
46 158
224 403
81 573
288 740
600 966
92 463
361 599
431 631
642 655
20 657
737 809
652 828
290 838
333 908
129 444
474 587
340 661
540 705
683 936
12 738
64 754
258 808
606 933
711 991
323 553
465 622
416 702
419 965
153 259
92 292
195 711
103 718
400 784
610 934
421 643
269 783
314 322
451 547
17 681
710 736
302 740
108 793
85 921
488 989
736 946
655 983
13 93
396 509
657 659
711 753
146 773
166 179
259 521
316 543
11 566
442 567
3 679
626 754
537 772
574 791
228 806
44 821
201 886
245 926
61 952
11 287
111 589
383 654
686 897
263 936
888 999
623 715
28 290
288 343
25 712
653 722
413 921
299 945
944 964
613 988
7 588
806 980
6 101
118 235
114 306
258 489
144 651
152 664
427 668
386 827
681 924
28 338
285 519
201 669
182 310
412 569
11 399
606 666
547 729
109 774
97 782
151 712
154 883
419 933
35 972
11 112
66 195
13 395
309 459
118 518
430 562
243 778
903 907
202 276
149 286
630 635
525 912
880 937
196 998
40 551
213 692
64 111
289 470
404 775
570 866
662 978
172 241
6 582
234 747
510 753
729 796
3 828
530 861
571 770
276 896
181 917
694 924
72 624
279 767
546 835
565 986
30 327
359 379
170 395
161 479
419 606
693 860
23 219
275 363
222 827
482 906
92 111
161 331
56 836
835 939
258 298
47 335
166 379
250 483
297 664
54 687
253 713
554 867
138 934
312 954
271 599
397 612
293 683
137 698
401 827
461 904
307 921
731 942
147 429
595 716
640 786
547 815
738 873
419 896
321 907
723 965
229 275
193 402
415 597
265 653
729 864
419 955
270 519
31 162
147 435
451 600
432 715
740 790
808 925
17 81
415 599
600 806
65 847
253 895
81 694
684 784
591 822
434 960
24 482
374 649
71 873
251 880
14 559
243 565
468 618
222 983
231 442
433 497
160 657
335 937
823 954
339 595
71 631
98 146
44 438
86 697
433 961
854 990
56 242
164 324
178 430
523 638
613 666
498 695
171 929
200 944
321 944
72 507
322 513
184 532
512 872
45 81
113 190
196 561
284 661
568 772
458 886
177 985
53 371
18 653
658 674
632 806
421 863
124 977
5 131
145 485
194 668
251 814
22 198
14 648
746 885
653 931
849 970
315 984
16 293
335 347
358 472
329 547
55 605
39 863
129 175
139 393
185 433
426 463
156 756
503 935
944 987
130 484
485 656
43 711
110 821
69 865
276 941
610 971
546 590
145 635
604 851
256 356
352 572
273 604
188 640
825 912
392 857
347 937
159 311
137 413
319 479
344 589
580 763
2 802
284 320
98 744
527 817
403 897
370 930
569 585
89 100
282 287
186 352
95 468
194 764
143 780
377 819
83 870
673 925
294 656
551 715
180 848
684 924
245 563
208 599
473 785
613 792
96 106
111 158
24 162
204 222
144 230
206 325
114 370
232 506
212 597
156 673
417 824
333 868
488 784
754 871
307 939
413 477
243 485
212 809
682 827
312 879
169 496
441 557
578 582
124 692
639 751
108 814
68 248
455 605
694 926
334 998
83 200
29 449
339 450
285 599
550 646
611 759
660 778
250 847
142 879
35 104
156 245
175 533
126 709
293 880
77 82
182 284
122 400
6 439
98 679
7 696
597 920
151 994
464 999
311 316
16 352
29 511
279 671
631 745
168 828
454 864
380 903
74 438
90 635
556 769
153 883
81 400
286 457
533 733
451 806
496 830
227 892
11 93
144 248
40 432
543 598
366 730
219 770
755 775
517 819
538 831
666 831
93 145
229 363
69 535
244 544
197 644
261 685
490 794
546 868
140 940
437 596
346 865
650 934
58 940
519 970
547 973
263 537
196 610
177 780
34 380
780 803
445 860
907 967
29 143
82 215
333 381
576 608
199 738
749 827
768 910
199 375
266 535
114 386
345 571
85 703
6 748
859 876
278 923
432 621
395 473
195 635
167 735
253 759
319 899
428 990
199 483
397 492
288 630
140 885
357 972
129 983
11 236
260 417
357 539
383 740
741 766
729 875
186 895
132 900
35 194
79 233
448 548
468 564
638 785
41 130
6 426
440 482
116 517
410 528
14 542
453 568
120 673
681 722
417 740
263 803
54 811
449 841
696 856
169 893
50 910
612 916
100 922
191 982
188 243
125 346
12 611
23 760
3 146
215 252
15 380
415 518
426 582
630 661
353 822
829 932
69 830
557 850
133 315
301 370
123 439
635 858
437 872
571 878
72 951
372 413
205 523
227 537
317 635
392 745
464 948
171 702
113 810
362 832
723 933
573 990
166 377
226 394
80 409
500 532
447 590
93 640
139 681
207 768
636 830
680 860
596 896
198 307
419 484
79 914
316 942
935 993
179 379
341 379
164 419
470 624
219 928
372 663
678 820
236 523
152 817
53 916
753 984
45 414
266 576
530 582
501 911
10 912
138 196
178 198
13 236
4 306
129 360
374 388
91 500
423 525
436 630
141 637
580 654
166 669
41 670
33 803
308 860
45 559
233 650
237 730
158 754
645 759
86 930
13 287
177 511
533 568
638 665
593 670
175 685
584 708
631 709
722 756
506 866
354 876
19 208
139 489
450 560
37 633
344 781
742 863
586 879
830 893
319 962
74 104
362 494
202 595
579 637
585 693
32 845
238 338
285 361
414 545
382 682
686 834
883 884
164 933
149 984
311 440
210 464
694 854
598 924
185 246
70 464
654 670
347 746
157 826
768 829
837 993
529 771
395 785
267 901
199 253
52 387
13 566
74 622
229 744
661 763
340 858
808 874
218 877
388 564
560 687
98 958
369 945
230 707
698 763
283 835
133 984
188 505
418 563
426 671
630 824
791 918
50 920
682 901
88 939
573 700
42 212
50 726
664 826
210 948
783 978
750 806
221 299
312 511
227 568
295 686
2 967
108 977
133 287
506 676
254 745
495 789
144 844
513 916
26 96
156 210
35 487
106 540
264 674
220 717
333 734
504 887
180 296
393 489
576 707
342 826
256 836
806 973
878 994
125 276
460 488
259 577
288 663
196 752
188 753
267 827
457 833
772 892
650 959
503 995
530 717
201 349
129 401
237 402
276 442
205 548
347 549
313 578
760 770
393 808
347 814
77 906
19 932
153 440
197 631
462 650
236 785
681 874
33 289
298 581
310 654
696 860
197 250
338 452
338 659
415 768
399 991
112 282
70 417
290 456
604 737
91 743
68 770
74 899
477 921
256 329
129 332
430 698
375 765
16 885
66 485
252 593
58 683
414 701
281 955
219 450
481 764
26 832
58 382
222 382
330 598
171 673
686 715
527 766
360 772
587 775
691 840
593 848
892 936
561 971
13 399
364 731
540 768
18 891
603 967
361 415
324 606
192 700
49 268
247 293
65 392
132 743
246 783
547 796
809 829
471 958
269 978
535 567
181 754
631 759
266 830
414 839
778 905
480 952
253 957
886 982
606 965
953 984
53 380
126 434
180 593
869 877
600 973
60 86
310 355
260 464
328 562
268 677
573 784
356 806
575 954
534 979
525 678
754 777
373 447
123 583
534 589
114 675
879 960
336 987
107 157
455 572
623 690
217 872
129 977
29 985
630 992
251 509
206 658
67 139
18 281
224 393
196 469
615 720
1 837
552 841
284 992
218 314
670 691
23 747
522 731
632 956
113 368
222 401
113 421
346 704
523 724
589 863
956 966
223 727
907 964
219 747
580 848
150 385
423 503
341 506
84 539
475 547
598 694
690 789
243 857
316 861
628 987
182 763
193 787
426 845
406 504
255 598
158 626
628 787
407 791
62 903
322 916
844 920
220 948
160 988
309 858
261 901
23 68
351 431
68 760
718 837
691 891
856 904
558 946
272 339
413 698
230 747
724 859
143 323
174 416
379 517
392 525
340 579
270 599
37 662
111 777
584 811
763 818
334 828
631 846
567 865
166 866
919 930
449 960
140 293
299 640
23 726
241 870
626 917
84 469
304 493
285 602
105 732
468 813
219 908
0 165
305 528
73 911
356 966
346 988
371 612
81 684
167 792
297 917
21 987
99 992
77 355
428 488
486 668
40 686
256 729
603 730
449 892
822 914
184 915
311 917
329 398
197 745
582 884
376 897
83 970
316 530
176 613
513 689
252 888
35 561
319 622
254 645
246 725
25 760
145 299
339 446
53 736
660 873
123 742
806 956
118 361
290 491
19 768
336 819
165 898
565 960
312 985
404 440
71 552
501 554
128 652
745 823
208 271
330 400
238 500
434 505
165 536
116 761
483 765
149 785
296 804
656 786
343 378
396 611
204 675
144 705
146 744
709 823
270 849
384 962
5 100
172 380
120 464
68 608
259 790
369 858
99 404
577 755
582 850
866 923
11 638
109 919
71 905
236 665
351 759
402 946
56 966
406 624
576 815
723 896
143 936
716 943
221 369
500 619
60 919
618 813
29 892
261 974
161 422
300 525
754 769
224 855
545 855
323 913
717 884
358 671
429 673
377 843
322 886
566 953
614 787
827 977
392 678
828 838
157 297
302 343
287 367
142 449
495 501
50 571
449 586
452 679
29 683
521 740
223 747
367 753
685 803
781 817
263 901
385 935
62 946
759 954
12 396
153 522
616 978
256 750
691 888
382 974
356 547
130 606
659 828
53 62
267 382
64 797
714 830
313 850
373 921
107 240
371 870
146 971
13 638
293 351
173 593
225 625
472 641
172 787
457 968
367 991
71 713
385 825
68 928
83 96
31 99
78 385
259 417
373 430
82 440
332 453
177 683
607 796
752 822
490 898
350 923
262 820
57 123
143 251
35 610
349 614
212 737
607 783
24 859
429 874
636 958
279 421
27 447
398 528
274 538
477 555
260 577
364 883
49 178
269 398
430 579
130 965
382 983
38 294
491 625
48 826
481 934
890 959
96 314
4 382
27 703
261 803
726 878
468 767
160 881
228 966
953 968
99 440
322 519
671 979
245 756
123 863
136 930
827 974
846 985
67 147
144 208
193 558
376 735
261 885
137 141
188 195
31 378
88 447
184 529
747 799
254 862
54 941
325 856
164 872
169 567
170 236
161 384
222 386
46 556
302 593
502 647
414 648
530 762
696 898
126 954
228 242
379 524
588 674
510 711
726 770
747 770
241 787
270 970
126 137
6 152
329 633
518 809
92 817
867 911
590 816
20 238
280 462
394 485
238 491
561 591
345 712
451 956
613 896
41 89
297 342
352 396
342 407
280 650
440 731
85 795
786 857
210 874
186 937
36 984
975 988
75 206
208 737
253 823
207 910
9 235
215 320
227 360
117 496
565 660
657 792
726 799
256 815
733 827
235 415
34 62
387 488
168 625
178 677
432 686
33 733
316 850
117 893
870 916
130 933
169 266
289 453
54 454
118 599
535 608
416 673
412 693
515 842
10 935
70 577
590 592
207 851
487 934
29 263
184 326
15 819
191 964
140 323
96 492
891 955
167 171
284 288
438 479
371 513
588 837
753 857
745 995
303 573
400 573
553 644
41 723
45 784
77 99
80 99
215 284
94 296
299 635
253 645
631 660
709 759
720 806
625 838
397 869
10 949
706 976
375 423
235 518
248 608
255 441
570 599
109 655
222 655
343 824
83 916
33 58
157 162
162 317
55 325
219 339
275 353
261 382
439 643
179 669
646 692
494 706
629 736
65 745
284 790
437 792
344 797
426 863
726 908
645 954
167 416
145 656
126 846
120 874
12 905
651 920
125 131
383 593
192 641
388 688
98 714
173 740
63 231
187 584
351 937
644 945
423 984
68 712
180 763
410 783
614 907
67 167
99 259
259 425
118 597
445 699
470 733
610 782
375 847
669 849
804 922
819 950
172 982
873 995
288 294
84 334
272 941
137 312
101 316
92 556
186 572
296 580
483 660
361 689
115 865
90 162
117 471
216 613
297 777
447 795
89 804
154 850
565 905
826 917
860 993
400 694
200 241
149 395
209 445
291 628
36 833
780 936
195 945
366 967
418 855
568 901
450 928
272 424
313 426
585 588
480 832
130 896
399 953
106 970
679 971
250 753
737 768
536 794
133 286
202 567
678 984
51 413
434 709
325 794
405 842
415 932
134 345
136 411
202 442
48 474
174 559
655 774
301 812
634 822
606 872
363 914
728 937
640 945
164 965
737 978
533 983
90 992
602 805
286 833
818 848
662 866
95 439
340 477
1 490
380 628
177 759
66 786
880 885
489 925
476 927
0 206
126 323
207 594
16 759
795 804
457 984
54 115
131 339
190 647
440 755
621 838
588 860
328 879
76 237
296 593
735 831
749 977
801 981
950 987
182 309
654 848
263 360
745 778
134 928
612 970
130 164
320 355
30 537
29 913
207 651
78 149
97 275
211 453
53 669
804 848
320 577
242 600
326 771
334 456
557 578
347 601
139 673
752 782
714 811
91 897
201 903
396 986
188 394
23 712
175 780
244 875
449 936
5 943
737 805
687 864
910 932
137 555
182 593
509 780
291 886
759 986
9 305
462 561
152 158
235 737
388 618
541 675
335 880
713 986
4 444
329 497
247 572
471 636
58 685
345 760
756 854
119 868
876 918
692 977
143 431
138 462
507 520
294 635
674 696
208 844
681 925
300 953
633 978
72 947
633 729
89 757
67 874
171 174
343 383
16 431
312 449
396 746
42 866
172 944
602 829
681 854
62 882
758 898
530 942
8 453
47 794
45 926
140 759
478 959
317 992
284 521
506 843
217 276
333 721
135 783
217 606
617 655
428 701
769 777
674 898
202 943
3 971
725 978
188 991
225 290
347 572
99 732
532 771
138 822
314 849
208 273
34 291
42 506
543 557
186 794
16 937
392 753
147 894
723 955
282 984
54 63
226 367
557 722
35 280
47 536
851 889
326 900
41 922
434 954
105 574
563 648
340 698
483 847
253 351
193 366
95 463
438 465
422 487
116 499
310 593
354 741
448 826
540 829
351 885
23 230
135 528
645 660
575 841
151 908
799 908
748 917
744 958
601 977
10 993
130 131
200 371
512 596
67 894
524 809
570 849
907 982
84 998
322 371
183 614
694 756
170 991
168 238
373 590
426 813
1 904
834 915
371 987
35 138
135 433
315 457
313 534
454 636
604 796
470 812
569 995
79 203
3 225
225 238
215 343
347 455
194 487
495 621
194 634
369 635
4 642
399 753
587 755
601 880
913 936
542 990
158 181
261 401
77 404
129 537
45 573
800 843
790 888
74 972
60 136
262 287
261 682
679 744
735 751
139 808
412 862
304 865
493 896
191 200
178 283
306 655
4 733
48 297
570 616
597 727
440 732
648 751
158 781
133 833
471 875
885 901
207 920
71 957
14 701
157 574
39 582
472 649
172 987
52 428
331 487
350 889
874 929
476 952
277 976
167 393
887 951
59 987
53 201
261 293
378 521
1 693
363 752
825 935
41 419
301 624
182 654
62 172
115 272
57 421
601 646
215 302
175 382
66 436
291 458
314 602
394 753
230 770
775 824
662 829
166 849
107 859
424 865
253 873
557 883
223 928
28 491
411 494
307 562
505 640
712 770
406 877
263 913
552 985
385 423
98 471
266 636
421 671
442 716
538 735
282 833
299 858
738 905
28 225
92 439
638 801
901 936
322 800
423 991
525 738
553 841
111 439
295 495
147 855
4 774
476 853
151 230
37 273
111 463
343 654
649 688
162 755
477 763
780 814
678 953
87 277
73 326
283 430
296 818
129 261
221 434
443 533
147 581
231 595
560 608
21 629
618 688
502 739
64 766
36 785
54 830
200 916
67 929
865 941
209 993
446 560
582 598
38 858
182 340
65 423
146 452
483 503
350 528
227 841
361 540
199 660
778 960
128 619
78 678
579 703
957 986
105 364
661 663
236 801
879 892
97 914
6 111
33 175
94 189
43 226
25 271
69 442
534 556
423 753
175 814
521 888
176 896
273 920
17 924
949 997
565 586
601 793
51 263
251 347
79 615
427 625
64 664
577 732
197 786
706 887
46 917
905 957
80 82
66 145
83 371
287 457
487 622
170 638
777 826
447 835
547 836
401 938
243 954
800 987
584 996
78 262
324 627
122 700
256 796
247 885
133 968
576 633
95 767
511 936
695 944
307 677
254 823
676 829
120 425
956 973
176 975
394 991
4 129
149 262
213 401
332 749
277 877
166 923
380 946
116 214
606 613
119 908
759 985
617 774
713 905
301 951
142 243
262 466
820 825
308 837
563 854
435 872
323 892
89 257
341 359
208 415
141 562
235 570
22 620
28 659
365 728
46 817
22 835
511 846
71 895
957 995
470 526
201 612
74 481
154 441
116 689
376 743
313 748
53 336
304 442
399 466
35 481
179 499
349 499
253 552
321 629
639 690
146 708
48 754
442 776
149 457
108 646
261 601
251 683
402 802
533 803
171 874
549 880
6 255
189 257
96 322
340 372
90 404
297 448
333 747
118 768
676 809
834 867
191 870
21 907
310 378
331 478
591 650
294 661
607 662
241 695
830 875
722 924
164 217
386 443
395 523
152 534
95 564
197 645
314 869
686 900
886 903
385 997
194 357
302 417
547 750
560 893
87 155
188 367
32 460
493 596
556 626
74 821
724 833
738 862
275 958
160 338
328 449
243 586
509 746
432 789
198 268
25 707
329 783
378 790
73 554
274 613
760 878
413 913
545 559
496 576
164 613
324 666
226 243
61 498
379 761
576 893
293 347
128 437
370 706
201 843
119 381
372 436
91 792
223 799
94 848
359 866
53 907
362 952
589 979
73 84
317 404
112 457
307 835
840 909
250 991
270 397
91 659
421 798
736 903
561 998
1 758
20 776
15 787
65 912
795 921
570 662
122 694
134 726
700 784
199 895
9 166
25 705
132 915
462 610
120 722
823 846
156 929
154 543
576 729
3 752
390 953
704 996
215 383
310 661
102 688
