1000 4000 51.92301994298868 sparse
0 252 342
1 138 872
2 227 128
3 977 625
4 375 965
5 139 323
6 439 514
7 603 731
8 0 839
9 703 52
10 754 85
11 854 792
12 381 343
13 487 710
14 176 224
15 96 734
16 820 751
17 517 393
18 998 744
19 507 439
20 647 346
21 991 33
22 264 128
23 145 547
24 424 462
25 973 403
26 698 886
27 427 263
28 613 10
29 83 458
30 434 338
31 947 6
32 0 746
33 744 658
34 342 860
35 176 837
36 970 725
37 518 144
38 919 180
39 710 868
40 483 68
41 853 827
42 666 520
43 285 540
44 750 760
45 404 149
46 831 402
47 399 313
48 39 343
49 237 565
50 421 969
51 957 17
52 98 67
53 834 624
54 635 349
55 641 927
56 704 413
57 685 747
58 503 798
59 992 806
60 980 482
61 44 51
62 497 530
63 535 46
64 179 788
65 679 72
66 441 174
67 224 624
68 422 181
69 878 962
70 700 333
71 498 123
72 443 1
73 90 31
74 58 6
75 292 101
76 9 912
77 974 569
78 712 441
79 930 379
80 582 78
81 698 828
82 573 224
83 296 886
84 492 183
85 237 265
86 74 457
87 1000 347
88 149 961
89 221 503
90 141 715
91 319 489
92 582 816
93 628 767
94 607 54
95 659 109
96 640 991
97 655 429
98 134 257
99 477 326
100 99 896
101 221 29
102 570 355
103 237 172
104 98 547
105 222 584
106 165 544
107 687 177
108 62 60
109 324 668
110 468 821
111 443 427
112 54 777
113 437 145
114 287 35
115 733 872
116 775 668
117 520 273
118 415 618
119 134 719
120 32 290
121 647 156
122 342 777
123 204 554
124 974 229
125 501 995
126 932 866
127 655 122
128 124 334
129 11 55
130 758 535
131 611 250
132 673 737
133 812 208
134 585 327
135 792 511
136 769 424
137 434 193
138 476 217
139 413 178
140 774 730
141 125 24
142 596 522
143 755 568
144 897 955
145 70 891
146 605 147
147 50 162
148 841 236
149 95 79
150 83 793
151 123 576
152 671 171
153 744 489
154 22 733
155 702 683
156 872 206
157 105 346
158 175 129
159 666 885
160 19 651
161 276 638
162 267 662
163 921 870
164 506 635
165 106 264
166 496 186
167 990 548
168 100 831
169 972 442
170 674 192
171 236 861
172 168 813
173 317 146
174 872 343
175 942 945
176 547 878
177 157 58
178 159 518
179 572 639
180 499 365
181 651 161
182 133 638
183 152 27
184 504 838
185 881 406
186 987 766
187 152 839
188 135 446
189 248 491
190 617 130
191 444 562
192 416 852
193 731 741
194 135 192
195 322 941
196 241 594
197 289 479
198 436 395
199 8 748
200 727 903
201 283 791
202 462 421
203 163 41
204 52 303
205 584 53
206 6 79
207 213 421
208 702 246
209 692 413
210 805 323
211 368 299
212 890 512
213 840 780
214 920 145
215 117 283
216 317 178
217 572 838
218 836 592
219 173 3
220 889 533
221 626 569
222 547 653
223 889 228
224 78 16
225 624 425
226 109 750
227 241 567
228 155 20
229 189 187
230 266 37
231 727 650
232 766 134
233 52 325
234 834 322
235 285 463
236 3 103
237 589 938
238 318 253
239 405 83
240 367 525
241 745 469
242 472 679
243 473 259
244 37 56
245 623 379
246 891 690
247 491 785
248 355 549
249 15 954
250 730 713
251 800 173
252 924 694
253 858 781
254 404 250
255 644 784
256 718 916
257 660 66
258 981 313
259 632 786
260 965 452
261 21 378
262 347 72
263 284 101
264 440 494
265 572 502
266 21 598
267 127 147
268 346 410
269 26 160
270 511 926
271 115 885
272 36 417
273 506 888
274 812 529
275 610 833
276 432 536
277 826 315
278 652 534
279 421 58
280 975 199
281 160 900
282 392 156
283 240 24
284 554 746
285 725 296
286 174 952
287 477 232
288 124 82
289 262 952
290 796 269
291 203 186
292 486 388
293 182 433
294 781 891
295 152 133
296 622 686
297 950 347
298 31 257
299 136 252
300 644 173
301 218 212
302 647 205
303 132 285
304 483 959
305 315 254
306 264 522
307 714 797
308 569 129
309 40 634
310 931 561
311 201 497
312 799 321
313 313 977
314 702 220
315 644 792
316 745 344
317 874 569
318 959 473
319 971 332
320 825 327
321 607 873
322 220 274
323 79 778
324 810 465
325 908 49
326 670 779
327 958 114
328 694 931
329 399 627
330 687 866
331 454 365
332 265 589
333 354 674
334 890 893
335 866 360
336 779 830
337 835 801
338 727 982
339 175 323
340 731 601
341 312 536
342 866 388
343 461 686
344 192 210
345 33 864
346 438 385
347 919 766
348 396 203
349 974 361
350 748 852
351 593 773
352 524 130
353 524 758
354 469 98
355 927 205
356 584 107
357 213 393
358 203 929
359 616 949
360 630 842
361 731 501
362 557 865
363 964 371
364 674 943
365 433 874
366 68 920
367 484 492
368 215 325
369 496 10
370 661 681
371 496 45
372 729 723
373 511 206
374 580 865
375 671 127
376 24 121
377 672 805
378 310 646
379 929 514
380 327 96
381 321 54
382 57 215
383 328 740
384 57 826
385 165 281
386 569 850
387 418 767
388 910 132
389 202 326
390 997 398
391 64 474
392 143 461
393 899 147
394 697 644
395 554 286
396 757 627
397 727 85
398 589 576
399 275 303
400 197 18
401 318 433
402 841 782
403 579 777
404 877 735
405 338 39
406 393 129
407 435 153
408 693 855
409 877 995
410 600 822
411 663 198
412 780 990
413 585 221
414 19 356
415 909 930
416 761 676
417 110 44
418 661 407
419 827 898
420 518 355
421 205 183
422 386 385
423 393 685
424 196 561
425 702 400
426 970 766
427 617 523
428 502 767
429 804 965
430 265 510
431 248 264
432 635 487
433 566 779
434 893 413
435 865 975
436 998 597
437 235 299
438 480 679
439 51 13
440 282 899
441 94 647
442 898 866
443 712 590
444 207 752
445 425 212
446 921 808
447 799 158
448 730 451
449 707 845
450 124 500
451 89 291
452 443 647
453 772 454
454 958 477
455 693 552
456 667 553
457 256 730
458 596 347
459 205 682
460 178 903
461 469 871
462 11 236
463 274 163
464 192 273
465 34 584
466 344 51
467 686 754
468 359 57
469 308 990
470 901 22
471 866 234
472 232 391
473 697 288
474 921 269
475 468 99
476 446 765
477 778 157
478 45 998
479 184 533
480 398 330
481 132 784
482 556 819
483 195 836
484 259 438
485 451 633
486 129 89
487 361 385
488 83 6
489 420 206
490 56 120
491 777 369
492 998 740
493 640 603
494 312 573
495 903 342
496 984 410
497 66 851
498 474 884
499 269 604
500 296 381
501 287 996
502 272 917
503 931 47
504 5 701
505 999 722
506 105 510
507 897 188
508 439 705
509 494 662
510 66 287
511 927 784
512 800 692
513 454 486
514 434 241
515 713 331
516 173 344
517 61 77
518 105 113
519 984 969
520 21 333
521 599 754
522 27 496
523 856 195
524 518 562
525 925 260
526 289 754
527 645 990
528 246 374
529 613 773
530 673 219
531 771 785
532 556 95
533 441 895
534 469 980
535 467 432
536 936 223
537 702 870
538 710 248
539 798 102
540 489 130
541 338 167
542 747 233
543 824 84
544 83 344
545 655 115
546 450 982
547 852 466
548 589 546
549 71 196
550 502 36
551 1 348
552 338 182
553 581 504
554 157 21
555 241 584
556 378 44
557 112 764
558 38 288
559 824 949
560 122 597
561 41 478
562 225 579
563 764 164
564 39 140
565 590 802
566 186 552
567 311 401
568 253 960
569 391 125
570 483 842
571 380 368
572 639 363
573 926 816
574 797 178
575 162 251
576 412 931
577 657 576
578 452 168
579 685 731
580 759 736
581 694 607
582 470 369
583 475 299
584 221 615
585 732 783
586 427 407
587 964 586
588 7 546
589 39 328
590 286 713
591 786 138
592 879 130
593 578 557
594 292 58
595 192 764
596 626 521
597 257 784
598 499 638
599 703 46
600 606 338
601 821 477
602 217 12
603 853 512
604 194 670
605 680 805
606 213 800
607 145 251
608 518 49
609 68 254
610 463 683
611 770 932
612 422 495
613 639 667
614 321 473
615 920 525
616 843 182
617 862 659
618 76 812
619 859 960
620 475 479
621 491 993
622 951 232
623 981 80
624 19 461
625 201 430
626 461 631
627 483 665
628 888 129
629 190 839
630 600 189
631 529 255
632 775 782
633 86 293
634 702 491
635 517 536
636 26 338
637 454 300
638 509 648
639 519 814
640 228 452
641 497 116
642 338 773
643 988 246
644 595 991
645 233 511
646 544 989
647 980 400
648 381 903
649 733 344
650 815 539
651 4 109
652 642 898
653 697 722
654 223 815
655 921 887
656 163 73
657 763 363
658 892 586
659 16 527
660 625 26
661 664 975
662 777 225
663 236 471
664 234 876
665 721 284
666 153 397
667 878 591
668 63 586
669 379 134
670 853 963
671 869 843
672 918 957
673 41 376
674 587 673
675 556 655
676 424 542
677 750 934
678 600 190
679 75 661
680 179 346
681 549 45
682 996 204
683 93 817
684 891 283
685 397 383
686 42 809
687 837 643
688 917 324
689 404 976
690 772 286
691 577 305
692 260 237
693 441 898
694 264 445
695 472 382
696 453 923
697 34 42
698 931 259
699 444 755
700 759 287
701 950 920
702 534 187
703 119 6
704 165 722
705 660 492
706 390 182
707 228 110
708 56 687
709 977 360
710 583 46
711 495 527
712 16 968
713 708 655
714 558 181
715 277 817
716 728 833
717 791 600
718 213 828
719 577 454
720 235 972
721 550 905
722 342 852
723 596 0
724 872 762
725 699 936
726 601 743
727 29 210
728 258 113
729 890 678
730 620 242
731 297 732
732 365 55
733 800 814
734 583 379
735 996 816
736 406 1
737 351 687
738 161 159
739 326 14
740 338 849
741 984 547
742 281 641
743 866 962
744 78 656
745 550 481
746 720 505
747 475 383
748 525 13
749 10 955
750 210 187
751 173 238
752 515 83
753 887 637
754 562 611
755 539 478
756 987 843
757 55 934
758 630 590
759 931 684
760 56 867
761 806 948
762 919 634
763 224 53
764 228 129
765 668 296
766 117 514
767 27 823
768 833 976
769 726 454
770 375 990
771 723 468
772 322 768
773 483 109
774 387 459
775 541 188
776 426 0
777 620 759
778 472 543
779 344 42
780 198 7
781 934 436
782 107 756
783 821 327
784 908 917
785 272 22
786 117 988
787 657 943
788 133 488
789 577 852
790 783 408
791 128 285
792 647 986
793 496 769
794 547 821
795 514 73
796 618 249
797 405 256
798 587 490
799 479 632
800 969 652
801 552 888
802 947 994
803 178 332
804 754 758
805 550 382
806 457 464
807 702 775
808 573 398
809 678 36
810 329 501
811 41 142
812 118 741
813 623 4
814 390 58
815 802 62
816 864 824
817 69 361
818 551 543
819 524 291
820 421 69
821 217 565
822 804 575
823 952 788
824 77 935
825 859 274
826 72 837
827 349 123
828 345 525
829 826 329
830 867 453
831 283 82
832 32 858
833 19 875
834 94 802
835 949 451
836 17 76
837 384 207
838 277 266
839 504 940
840 685 696
841 87 227
842 988 376
843 681 297
844 797 679
845 67 663
846 516 595
847 461 585
848 326 967
849 40 417
850 679 627
851 648 114
852 368 930
853 20 249
854 371 412
855 248 539
856 15 490
857 281 416
858 931 420
859 674 967
860 243 459
861 905 653
862 56 470
863 360 493
864 894 255
865 533 601
866 921 69
867 160 811
868 801 31
869 266 392
870 164 722
871 134 5
872 519 128
873 512 966
874 431 962
875 846 62
876 649 672
877 727 482
878 300 837
879 885 89
880 509 413
881 879 921
882 397 965
883 714 323
884 227 5
885 283 953
886 190 651
887 917 682
888 324 341
889 281 295
890 437 297
891 12 604
892 283 905
893 288 525
894 287 815
895 681 366
896 528 665
897 624 654
898 497 133
899 42 298
900 548 341
901 975 249
902 716 347
903 830 701
904 831 84
905 216 711
906 821 614
907 189 826
908 928 851
909 535 364
910 249 161
911 246 812
912 853 177
913 299 594
914 101 892
915 726 430
916 735 199
917 809 932
918 260 398
919 224 390
920 890 967
921 804 218
922 723 644
923 483 382
924 433 903
925 752 297
926 653 262
927 220 80
928 519 599
929 352 562
930 322 40
931 922 424
932 803 90
933 273 522
934 724 961
935 476 622
936 968 4
937 815 660
938 14 529
939 427 686
940 677 791
941 536 819
942 748 60
943 891 927
944 76 895
945 965 835
946 886 524
947 173 892
948 756 591
949 981 504
950 715 816
951 674 768
952 206 952
953 88 72
954 242 276
955 287 625
956 993 384
957 418 853
958 719 347
959 247 412
960 525 404
961 289 344
962 246 76
963 330 982
964 606 636
965 322 956
966 204 550
967 155 900
968 473 787
969 962 229
970 906 508
971 284 479
972 275 730
973 832 98
974 571 191
975 144 108
976 596 41
977 454 327
978 5 737
979 475 817
980 129 272
981 718 673
982 678 601
983 408 224
984 895 528
985 172 11
986 648 215
987 288 917
988 650 207
989 521 128
990 119 8
991 398 407
992 765 680
993 104 467
994 114 471
995 312 768
996 328 34
997 956 571
998 179 970
999 576 477
630 678
704 870
354 475
2 764
872 989
703 990
213 402
228 554
320 829
192 957
564 811
659 938
533 693
902 958
238 305
349 709
695 747
291 421
343 610
451 633
62 711
302 988
352 989
18 492
320 783
303 791
272 849
123 966
318 454
49 227
406 569
527 792
44 804
100 914
84 166
531 632
722 740
448 769
846 928
281 967
197 971
96 527
249 749
98 299
783 829
352 872
122 642
416 992
105 562
251 574
483 629
161 742
679 744
9 599
236 651
525 698
167 741
254 797
345 832
440 892
210 312
120 558
516 680
468 732
226 782
428 793
121 181
421 750
619 670
405 779
292 923
127 545
543 904
57 467
520 636
71 641
205 710
328 725
291 750
702 775
131 796
545 851
95 545
231 922
145 944
619 743
730 796
183 228
164 598
25 647
445 489
183 554
220 984
75 263
255 315
242 438
377 605
34 722
90 119
515 883
472 919
747 923
110 979
219 985
32 199
113 407
39 537
208 538
386 789
679 845
172 867
986 988
869 918
930 996
540 898
61 244
288 486
484 694
96 792
391 862
466 779
306 933
29 86
299 607
592 628
265 553
427 596
222 675
482 794
446 573
557 782
693 924
842 956
68 139
67 584
339 803
220 946
474 525
242 610
858 931
946 984
74 439
149 953
196 555
276 676
399 889
772 995
250 372
752 795
71 898
302 986
198 346
125 621
485 626
476 699
715 894
234 320
32 978
274 650
799 935
234 277
123 424
234 829
127 851
496 647
59 735
558 899
993 994
371 550
266 891
279 820
695 923
85 431
400 780
224 488
422 685
521 726
215 791
176 801
613 876
204 899
616 912
794 941
52 953
405 996
93 777
533 924
71 540
509 627
745 755
41 816
206 836
357 919
622 969
199 978
28 813
483 907
126 163
11 253
34 740
361 746
326 951
848 965
56 209
316 649
69 743
124 969
277 320
306 430
289 568
246 729
131 730
202 535
292 747
95 851
460 947
85 954
255 259
7 726
169 260
252 759
50 874
602 884
700 925
20 54
52 149
217 386
82 413
330 408
170 411
66 578
98 607
285 665
506 766
348 837
212 946
226 812
661 859
120 899
133 921
277 783
516 803
69 920
539 932
892 987
242 343
368 389
25 496
690 700
435 743
670 743
415 784
765 843
744 845
689 882
629 907
791 980
56 425
403 433
70 515
582 695
233 589
164 638
333 737
374 789
512 844
643 901
248 929
303 980
259 315
405 466
132 579
522 856
881 943
431 954
424 566
458 600
61 697
95 127
298 853
17 960
424 966
45 282
181 300
185 434
663 860
252 887
144 920
326 940
313 469
461 498
48 636
234 783
710 976
277 829
229 291
63 681
249 712
680 803
381 930
904 973
349 363
35 629
598 638
474 698
759 887
865 928
379 615
150 834
226 557
438 627
244 697
712 749
14 751
769 771
605 940
649 958
89 645
430 933
351 403
54 572
771 877
390 956
31 51
275 410
658 667
406 669
582 747
217 789
377 940
541 552
198 586
48 589
207 625
579 653
569 669
450 788
370 876
195 965
138 287
251 447
683 834
703 871
215 303
171 664
37 352
491 657
292 695
553 798
497 826
281 947
43 893
893 933
871 990
150 323
332 499
330 537
126 908
848 963
548 593
394 713
57 132
91 810
116 992
477 563
168 683
450 766
641 773
529 777
270 839
271 914
200 256
367 620
462 853
98 980
411 988
57 579
502 987
260 835
37 872
405 930
235 971
116 416
452 485
264 513
92 565
91 614
540 641
562 821
543 973
466 468
93 529
140 580
435 619
177 656
22 728
230 785
324 601
459 604
781 858
502 892
515 902
103 910
761 917
215 980
37 989
176 362
214 388
11 402
209 425
589 636
654 718
493 758
313 848
53 906
714 974
197 235
229 421
26 537
331 582
210 783
212 970
640 860
127 375
555 562
642 772
247 793
212 984
68 137
435 670
781 931
205 976
188 392
186 426
227 555
575 607
163 655
364 787
561 862
641 898
587 997
253 402
47 480
108 517
363 709
556 732
575 751
72 776
123 821
35 907
51 936
161 955
94 976
798 999
107 152
742 955
515 958
581 982
141 990
390 647
429 761
721 801
408 449
70 883
121 300
63 608
637 890
649 902
302 411
101 602
438 610
154 978
408 537
536 622
366 824
626 935
58 247
153 361
390 496
618 683
639 941
313 963
183 203
242 627
354 773
345 833
78 915
779 996
177 203
213 253
174 335
492 505
422 571
264 612
606 654
2 707
559 761
475 773
626 799
846 865
554 985
193 372
123 566
566 966
247 968
77 997
281 460
523 912
415 943
118 329
441 744
473 843
880 960
69 435
523 616
50 689
448 771
714 775
153 877
582 923
588 938
11 213
49 562
556 814
117 819
467 951
5 128
374 386
388 393
782 812
384 826
713 922
520 589
286 998
33 231
20 572
497 760
155 981
92 410
141 703
440 987
105 555
707 764
457 972
35 483
263 831
307 950
83 440
266 465
357 472
137 489
534 546
479 566
69 619
366 757
78 769
918 959
73 224
362 386
262 468
444 595
265 798
85 322
81 449
293 625
53 687
420 909
228 985
414 636
93 259
100 271
156 523
49 555
709 842
361 877
604 886
101 283
231 713
602 780
671 816
105 821
347 511
414 551
483 718
947 967
86 391
77 587
28 723
784 943
42 278
107 170
114 785
547 830
613 897
821 966
111 202
65 257
337 402
351 521
351 529
375 545
227 562
28 660
49 821
482 941
153 241
6 264
736 776
124 901
447 574
261 673
611 677
739 996
61 108
355 536
117 631
23 106
66 68
66 137
69 144
343 438
150 618
661 792
163 908
590 972
210 320
232 591
154 199
204 558
509 638
686 767
71 773
349 842
78 448
440 502
48 520
618 834
713 981
15 226
477 591
550 608
640 663
647 956
146 190
81 950
445 983
89 311
203 554
400 602
510 633
62 635
598 799
229 750
212 220
11 337
142 427
137 445
447 477
151 560
583 637
588 659
75 831
141 871
289 885
114 230
214 393
247 428
339 516
393 628
144 672
31 936
299 980
381 996
152 170
262 466
468 779
781 835
338 934
14 344
204 510
136 790
239 820
70 902
216 552
184 570
466 732
221 758
424 821
448 915
39 408
132 467
12 480
832 833
155 840
716 950
105 196
258 319
180 420
450 506
734 808
17 880
213 337
280 682
521 777
71 872
26 39
95 375
568 720
43 933
489 983
260 318
66 407
469 501
348 706
540 773
210 829
129 836
543 932
275 360
196 562
122 772
147 811
165 215
340 443
106 479
398 593
590 731
204 233
240 828
4 882
18 505
438 509
472 528
124 643
241 771
544 817
757 824
60 949
615 970
261 414
157 544
660 813
779 930
322 954
731 972
513 620
48 233
388 628
513 806
86 862
241 877
152 181
74 224
410 565
371 608
317 667
128 157
203 228
210 277
365 533
106 566
222 896
508 939
60 454
580 804
872 898
245 572
58 639
41 671
179 675
55 787
381 405
407 578
571 685
384 686
559 917
411 986
97 418
522 561
307 585
495 688
634 746
312 783
26 330
45 406
134 458
690 925
30 977
970 984
60 318
313 965
29 993
362 374
94 205
259 529
468 556
467 579
283 884
83 892
100 944
143 948
99 977
719 999
6 276
39 330
325 503
27 514
414 520
27 797
15 812
229 344
39 449
381 466
124 622
345 760
654 911
940 951
358 952
460 967
411 530
328 364
409 435
376 651
189 663
39 115
93 255
158 295
163 442
451 510
7 521
391 561
339 680
139 706
306 855
180 923
466 996
38 507
134 691
526 731
756 945
469 963
185 342
241 448
142 553
620 806
269 811
805 909
114 594
362 801
71 989
521 529
382 549
384 618
441 679
253 724
762 861
70 958
216 541
134 600
126 655
37 898
57 951
353 428
223 471
635 711
557 812
390 842
379 970
120 204
48 414
73 417
269 564
447 591
515 649
670 768
362 789
325 866
901 969
364 859
769 915
685 991
90 870
746 877
437 954
35 187
147 269
219 554
452 626
227 821
753 861
883 902
718 907
92 217
77 741
318 835
503 866
206 236
348 489
449 716
101 763
306 893
348 983
49 105
278 456
376 564
527 661
241 769
486 975
473 665
608 795
50 882
201 894
165 980
129 206
196 332
25 390
111 535
332 555
509 598
363 842
743 920
883 958
898 989
18 186
147 564
346 586
15 782
116 844
466 930
732 779
169 835
172 907
494 913
231 981
446 511
702 714
389 803
101 884
219 228
33 416
443 581
317 658
331 695
262 732
394 850
29 391
217 482
292 582
726 777
115 350
166 373
141 417
422 487
74 488
142 548
520 551
500 567
189 645
90 704
4 770
581 850
112 323
12 571
69 670
307 807
641 872
422 991
80 205
148 471
68 489
456 577
268 854
463 910
732 814
914 944
615 984
304 534
162 742
694 860
33 922
35 172
365 693
94 710
647 842
108 244
219 780
511 823
618 826
530 986
265 999
897 964
105 227
189 430
449 537
487 571
6 612
296 613
432 705
629 718
638 896
788 994
32 154
534 621
282 669
878 894
331 346
429 559
111 586
946 970
183 985
161 162
44 580
594 831
760 832
706 837
10 942
137 139
297 319
110 570
228 871
365 957
472 959
52 417
232 477
283 602
381 779
530 988
260 454
73 488
364 725
400 985
208 314
150 683
248 828
394 922
129 244
455 456
299 575
524 635
850 982
301 344
326 377
109 378
370 613
282 706
19 880
102 900
92 482
316 657
844 937
316 958
38 355
490 564
393 592
175 701
301 750
435 920
366 944
479 966
295 975
570 979
195 848
739 930
927 962
254 983
780 985
745 999
77 167
291 344
101 400
336 733
467 807
708 845
484 860
341 893
510 899
607 980
27 254
1 271
180 292
40 371
129 697
87 709
375 851
900 909
255 326
642 995
88 286
384 497
634 877
308 356
490 811
875 904
218 906
106 178
312 320
369 550
201 715
536 969
240 248
175 672
641 989
44 193
135 274
610 627
528 869
71 352
201 597
551 636
599 809
340 948
526 995
310 997
196 227
10 397
637 977
160 309
282 406
170 530
376 811
285 925
152 300
99 583
141 183
339 389
224 439
176 721
164 799
352 898
102 458
251 477
119 812
839 873
246 887
528 919
963 965
243 287
43 341
45 569
64 595
159 652
102 734
723 813
729 887
763 927
64 172
403 565
485 935
81 408
113 578
404 724
223 864
430 893
517 953
854 991
553 999
295 738
454 835
496 956
350 716
256 725
546 874
25 956
869 959
43 306
277 312
236 376
351 433
405 468
235 694
331 747
857 918
499 955
144 415
57 653
693 696
405 739
297 349
297 363
145 760
773 898
528 918
526 972
156 223
192 365
242 509
561 624
56 915
687 937
326 605
325 470
662 921
335 342
207 357
606 718
193 250
322 464
510 558
711 778
485 799
805 808
554 871
769 877
815 932
598 935
98 303
387 476
217 374
321 374
152 411
334 442
385 464
3 800
312 829
684 864
204 589
62 778
717 822
186 492
49 855
66 139
481 557
191 676
244 836
696 924
121 152
256 328
219 400
184 639
132 653
323 834
370 840
857 869
170 988
159 330
477 574
304 839
649 883
426 823
183 871
193 580
382 727
415 672
735 756
559 768
193 804
191 847
191 276
156 471
98 575
387 699
42 705
319 709
155 713
263 728
383 772
98 791
168 826
653 840
561 856
904 932
144 943
108 953
484 959
179 222
267 295
392 788
487 854
233 899
96 661
153 746
810 828
709 956
98 165
139 489
639 794
227 855
472 918
807 951
37 71
330 449
298 462
123 479
196 584
683 826
365 924
586 991
210 234
314 530
55 652
678 974
230 283
315 326
80 356
145 366
343 508
278 596
233 636
465 668
431 838
780 884
630 974
56 78
215 451
285 473
314 538
614 810
187 867
149 288
319 349
237 359
322 437
178 479
268 487
36 505
351 565
45 669
369 748
78 771
239 814
729 861
285 883
316 902
44 585
81 605
344 750
469 848
793 968
66 113
49 196
180 582
381 594
624 856
784 881
838 889
290 690
787 859
622 901
837 983
100 145
378 742
922 981
87 349
302 530
89 189
164 509
431 692
259 777
29 862
168 834
239 279
93 315
326 467
617 687
9 809
807 940
173 541
153 771
322 431
196 499
414 673
179 754
465 891
675 896
672 920
84 373
395 691
373 702
58 793
64 867
304 873
349 956
170 302
344 421
297 709
648 852
398 548
180 747
334 784
124 280
52 288
291 301
142 596
33 981
232 563
206 651
540 872
968 979
473 765
353 793
334 881
597 911
449 950
932 973
136 453
385 575
707 728
384 767
262 779
119 870
589 899
775 974
139 348
217 794
855 933
220 970
141 228
45 139
348 445
445 514
139 282
14 575
343 627
352 641
81 716
265 745
577 758
351 777
165 791
593 818
395 819
236 836
474 864
689 874
296 876
33 992
424 479
356 532
533 696
253 337
403 521
389 680
715 878
172 187
619 768
766 788
35 867
109 333
231 394
367 513
168 618
555 821
361 634
754 865
392 994
450 994
156 507
137 578
568 885
876 897
315 377
68 407
607 751
409 920
217 362
241 453
103 750
25 842
422 854
279 814
58 428
174 495
282 569
105 584
54 600
4 689
429 768
468 814
815 868
125 873
459 905
145 914
434 931
132 951
542 662
351 726
585 807
707 927
98 215
61 517
80 532
115 537
388 592
627 638
643 969
514 983
543 815
484 857
543 875
68 445
442 655
119 704
634 771
448 877
378 955
9 65
142 265
262 380
97 225
45 407
608 681
254 514
415 881
512 903
203 985
122 995
88 998
598 627
405 732
8 767
87 842
441 845
861 887
177 183
17 292
26 408
300 411
40 795
525 864
715 911
115 200
209 418
334 655
91 197
41 337
262 381
539 543
462 727
499 913
86 993
102 134
36 492
6 513
6 676
673 817
645 855
301 421
13 438
93 521
50 546
298 558
221 577
144 743
619 920
363 956
101 780
919 959
763 962
183 219
107 411
244 517
632 804
165 451
493 577
180 695
531 804
669 827
500 869
58 968
173 216
203 656
286 952
26 159
376 490
233 520
511 573
220 615
430 645
372 653
68 706
80 710
383 731
435 768
810 863
83 987
844 992
53 218
283 785
296 897
540 989
300 302
141 554
753 762
797 983
23 178
313 501
37 540
461 570
559 670
679 708
689 770
217 410
273 498
326 807
383 995
54 245
165 299
284 353
529 726
382 841
189 860
952 998
550 748
227 332
0 528
508 610
197 614
33 116
215 633
87 319
44 531
123 562
514 797
867 907
397 942
660 976
577 982
188 994
68 578
372 580
212 615
655 784
400 884
164 935
280 969
111 198
92 275
439 488
401 567
7 777
661 787
57 807
240 863
1 967
368 437
288 975
255 529
547 601
306 645
522 659
814 820
207 919
120 298
69 409
42 456
109 737
609 841
792 859
315 940
510 609
24 612
48 673
24 806
524 846
82 974
40 354
474 684
158 738
420 900
717 906
413 974
112 150
363 647
283 763
687 906
130 143
734 805
45 113
61 129
246 252
207 293
299 303
25 363
303 385
433 565
513 612
142 798
627 799
684 825
913 955
17 180
354 641
94 660
108 697
739 779
371 795
55 359
139 407
44 632
124 682
617 753
585 804
770 882
805 960
429 917
165 303
230 594
364 661
535 806
11 816
60 260
133 574
509 799
567 857
442 908
22 263
30 331
622 698
289 720
102 805
26 200
169 318
33 396
386 482
475 641
439 697
566 821
692 838
430 855
694 857
331 923
665 925
29 994
255 940
18 36
103 421
467 653
617 729
344 751
191 778
58 979
486 518
361 771
299 791
292 880
126 442
15 557
728 764
638 799
760 826
343 939
255 951
47 211
484 640
681 710
472 869
423 939
334 943
615 946
68 348
85 437
149 517
563 591
172 629
556 779
120 510
389 516
424 562
323 618
618 686
346 695
608 752
874 882
509 896
17 909
179 964
169 496
112 686
262 405
250 653
63 795
621 873
403 529
496 842
857 959
539 973
332 913
110 968
78 209
499 555
414 589
140 804
760 944
13 242
40 475
207 640
413 678
2 728
459 886
67 196
355 507
63 550
457 590
383 642
63 748
264 806
890 977
300 988
316 515
458 734
80 94
412 429
116 512
255 777
156 912
81 377
105 424
161 499
466 556
99 637
90 812
635 818
497 832
170 986
49 123
498 533
70 649
409 743
17 805
341 828
625 640
380 827
476 968
189 306
81 307
260 781
549 841
190 851
121 127
241 361
79 363
161 378
307 605
304 621
311 645
12 47
105 123
198 331
11 724
373 775
257 809
48 817
594 930
369 371
255 377
3 436
352 540
37 641
483 654
579 840
471 864
576 924
583 977
11 41
38 214
234 312
573 908
284 433
606 911
603 946
888 961
432 596
285 700
207 959
16 213
165 633
720 952
428 968
57 326
125 534
413 630
89 663
40 752
828 863
512 937
75 380
106 424
92 794
767 832
114 930
725 934
28 976
13 343
65 599
606 907
149 486
149 518
204 633
27 890
176 374
172 483
345 497
651 836
522 938
454 949
170 300
93 351
207 472
447 563
649 657
1 281
176 386
18 426
323 782
506 788
417 953
73 141
4 852
436 587
654 907
17 923
443 982
24 264
346 582
214 628
247 979
562 966
184 979
394 981
788 993
1 187
323 557
563 574
674 675
498 693
45 706
743 768
526 772
835 858
522 624
205 681
5 339
488 703
504 978
22 764
65 809
489 837
180 909
396 948
26 256
360 410
43 430
139 445
261 551
64 606
385 607
487 685
75 728
267 738
542 916
488 990
358 460
235 484
365 461
13 610
355 622
33 713
93 726
416 844
610 939
268 567
102 909
717 948
562 584
268 401
154 504
427 548
135 650
85 692
374 801
218 822
175 415
22 910
49 966
536 698
92 789
631 819
885 987
215 299
288 518
315 529
233 544
576 874
735 945
430 971
23 151
92 386
117 395
22 463
289 502
308 532
303 607
386 794
815 904
838 954
91 971
321 789
52 108
55 364
640 694
608 748
655 908
718 911
138 373
278 427
559 619
367 711
605 950
45 68
256 677
213 724
198 202
103 291
340 396
221 493
469 965
379 984
342 434
61 836
52 73
49 332
77 436
30 480
461 533
918 919
741 997
138 166
275 565
555 584
402 724
446 823
2 22
133 251
341 494
285 515
177 554
212 603
72 736
512 992
286 358
529 565
250 580
442 671
337 816
43 855
659 856
527 859
524 928
21 936
73 990
201 995
755 999
346 747
399 838
377 951
0 961
195 313
251 563
384 683
385 980
417 990
394 581
298 609
746 771
24 774
585 950
694 959
179 674
576 882
765 926
464 575
605 807
164 896
40 550
385 791
8 832
698 864
670 920
184 941
702 974
431 437
482 639
296 674
337 733
59 756
796 926
69 943
235 614
719 798
288 953
16 402
475 540
509 610
316 883
158 975
188 993
115 449
201 526
340 581
677 934
307 940
605 951
831 962
614 971
481 782
21 51
84 138
486 656
252 729
641 752
539 904
121 375
310 615
156 616
538 665
196 821
650 822
502 885
221 398
104 506
368 803
828 929
87 956
500 961
26 115
46 342
169 454
489 514
202 586
251 591
79 297
144 435
354 540
231 396
164 627
410 789
760 833
539 591
189 971
228 990
187 629
331 977
336 350
17 420
52 486
482 565
166 702
708 744
607 791
697 836
209 915
396 922
318 949
528 959
177 228
583 890
493 982
108 149
149 417
103 463
357 528
264 620
35 718
104 766
275 789
745 798
524 818
500 857
624 862
70 895
467 940
183 990
381 468
665 700
548 818
771 915
719 745
835 931
426 492
525 622
663 694
573 823
66 489
62 524
315 605
198 695
764 910
164 928
104 151
229 301
71 354
73 703
270 273
217 275
52 517
48 551
144 619
222 638
76 833
44 140
71 475
24 513
586 685
489 706
313 885
425 915
315 951
124 536
169 781
144 881
419 917
707 962
105 966
871 985
38 393
597 715
730 926
450 993
170 181
206 244
163 334
321 360
525 536
200 677
553 745
579 951
468 996
228 703
307 716
875 973
5 303
259 326
61 439
120 589
598 626
434 858
127 190
22 75
181 411
204 451
357 625
461 693
499 742
761 768
328 787
550 795
367 806
481 867
728 962
730 986
39 200
133 662
341 810
473 883
87 258
114 381
131 413
193 653
660 723
685 854
522 862
357 959
68 113
220 317
118 485
159 537
452 799
157 817
611 917
731 995
25 169
63 371
856 938
68 282
269 376
212 379
54 458
470 503
50 576
531 585
417 703
219 871
92 403
86 561
183 703
482 789
314 916
58 941
885 965
575 980
127 181
100 366
98 385
197 430
83 502
123 227
14 229
187 907
203 219
137 348
165 609
64 907
296 370
155 394
155 653
115 716
518 975
48 261
178 450
142 593
409 619
39 716
153 769
19 960
107 181
611 761
292 331
173 827
646 873
181 375
168 497
20 895
694 971
349 647
491 790
451 791
106 966
392 993
81 330
122 383
324 453
233 558
622 643
299 751
144 784
5 791
111 806
246 861
134 900
80 976
170 314
229 738
319 363
208 530
309 845
665 883
598 896
59 945
347 823
844 903
2 910
121 190
51 503
178 788
176 789
110 184
311 479
102 600
233 817
500 918
24 111
119 226
284 403
40 608
395 631
464 751
728 831
725 859
825 864
895 902
189 933
656 975
305 838
740 878
198 991
538 542
240 929
847 935
5 516
147 549
425 895
409 670
245 734
681 748
58 184
137 407
558 589
42 596
85 838
270 873
484 918
920 943
824 944
182 441
288 656
5 803
727 853
506 994
67 105
339 368
243 583
275 321
400 554
401 614
645 663
647 709
628 879
62 367
202 747
554 990
399 437
145 497
539 815
190 356
304 546
484 663
297 688
171 718
840 981
125 304
146 308
427 432
217 565
483 606
22 707
106 123
471 523
139 578
497 618
202 695
271 944
73 108
133 148
59 186
97 209
120 233
92 433
118 452
405 556
261 636
247 639
69 672
381 739
713 850
908 945
1 947
159 408
672 943
246 759
133 616
821 855
759 861
880 923
137 983
288 417
153 448
233 510
267 518
626 627
403 726
333 423
382 609
73 74
316 491
19 535
362 721
632 733
276 778
471 825
384 832
574 921
262 930
391 993
266 309
427 553
8 833
70 843
773 872
53 937
217 941
0 368
273 461
401 857
468 930
227 966
60 169
223 507
116 937
113 139
20 245
177 288
202 292
143 340
9 397
232 447
343 509
457 526
280 622
629 654
198 685
198 747
265 755
315 777
195 885
413 730
520 899
15 119
190 545
636 673
554 703
36 426
40 773
723 976
299 385
150 557
531 733
384 760
139 837
673 849
79 858
69 881
114 996
155 250
226 323
686 826
629 867
309 891
5 157
155 370
203 400
226 481
393 507
327 623
525 684
346 685
457 731
805 900
73 953
167 997
259 351
3 587
526 590
14 607
165 607
729 753
30 890
894 911
225 418
335 495
290 700
466 739
148 921
452 610
594 785
328 859
866 879
49 424
91 863
39 350
66 445
433 482
332 562
752 773
672 784
164 846
47 890
909 960
23 566
272 673
445 837
112 618
408 716
186 823
826 834
155 231
8 345
433 521
200 537
310 587
572 600
452 935
23 479
383 526
323 683
729 759
345 767
359 787
592 879
341 933
574 591
494 929
645 933
334 415
418 425
350 449
507 523
602 763
165 841
674 897
415 920
674 964
130 135
152 302
96 859
195 987
150 168
141 203
386 801
173 552
220 603
255 605
595 606
368 680
152 988
478 712
39 81
250 981
386 410
177 486
121 545
262 556
20 600
576 648
576 696
195 963
224 990
261 272
524 865
42 455
245 458
88 786
420 805
58 110
524 711
26 449
444 905
25 349
150 384
242 508
324 547
193 585
218 667
634 705
194 738
121 851
843 883
638 935
228 400
347 446
480 571
153 634
423 737
188 788
148 825
569 827
481 834
557 834
534 874
869 919
65 95
48 204
473 538
63 752
665 843
1 914
162 955
138 243
132 326
448 453
701 784
572 895
416 512
452 939
292 960
81 537
84 702
178 766
235 860
332 955
300 986
176 273
78 425
365 498
128 544
276 612
197 694
415 701
224 703
682 969
111 346
12 422
208 473
278 577
146 630
855 893
86 994
76 249
380 381
147 490
377 807
328 934
355 969
182 560
294 611
246 617
546 621
438 638
298 899
443 455
208 665
371 752
895 958
773 989
262 996
224 417
215 607
44 372
451 609
822 906
201 911
81 940
267 975
732 996
725 787
247 353
363 390
389 437
43 494
399 954
189 197
110 247
84 578
532 752
132 840
120 853
271 967
264 276
307 377
548 553
169 647
643 682
278 705
630 714
633 791
91 235
287 373
231 416
198 582
551 589
30 637
390 709
121 146
73 439
343 452
243 514
498 570
609 633
678 714
558 853
692 954
571 991
75 594
30 47
95 257
585 632
321 652
76 749
372 804
238 838
483 867
743 881
743 943
807 950
506 993
391 522
487 991
12 685
636 899
282 407
187 483
102 808
741 949
416 981
766 994
148 156
211 480
204 520
789 794
597 894
698 969
7 351
339 385
7 529
17 747
107 300
242 452
25 709
371 748
501 885
699 968
202 346
87 363
455 577
74 697
840 876
594 996
78 241
270 304
200 328
200 725
23 766
413 796
366 914
105 332
263 380
168 384
490 517
146 678
202 806
398 758
554 780
399 961
392 450
98 751
261 849
241 915
573 945
889 954
27 983
174 234
130 361
283 400
56 418
254 445
303 451
178 566
125 646
82 678
497 683
396 717
253 816
778 847
617 861
774 863
164 865
67 886
136 915
115 408
67 555
71 752
349 390
221 548
99 582
446 908
627 935
221 278
204 636
311 663
289 987
148 523
214 592
78 877
903 937
14 301
93 326
266 668
131 926
77 310
263 594
385 751
340 922
7 93
363 496
189 640
587 741
241 746
731 772
789 801
614 863
619 881
598 928
230 962
60 835
275 374
526 597
452 627
59 823
509 935
309 744
287 514
251 616
600 691
576 693
655 701
103 764
6 778
559 743
152 375
815 875
221 456
31 503
48 544
150 686
381 732
517 836
285 843
576 852
443 948
264 367
175 784
410 482
634 769
150 782
384 834
639 979
787 792
379 946
181 302
82 630
309 679
312 690
517 697
398 754
400 763
420 923
107 530
239 569
549 727
103 301
259 377
220 379
633 899
457 905
640 959
451 980
498 696
270 721
114 739
155 922
202 923
757 944
36 186
140 193
92 351
275 386
120 520
245 600
274 603
377 950
486 953
518 953
933 971
28 94
675 754
406 827
91 828
218 317
223 355
321 386
69 415
89 430
145 824
235 401
222 754
427 798
589 817
722 878
30 99
415 655
754 928
45 66
70 285
548 596
318 781
519 802
469 885
135 601
596 705
193 807
475 898
144 409
372 579
144 670
222 674
249 757
57 940
99 180
164 222
116 396
314 411
278 455
369 608
403 777
100 824
696 874
185 931
408 950
153 453
53 617
681 795
354 898
843 926
219 602
571 854
167 949
248 341
228 780
345 384
121 411
259 565
719 755
230 763
240 810
582 977
603 984
121 170
180 331
261 520
96 644
89 855
627 896
308 352
67 562
602 985
166 775
70 473
48 899
346 923
2 103
362 794
698 901
497 944
107 121
26 328
58 353
146 356
164 626
13 627
826 832
752 872
251 921
438 598
243 637
252 861
498 924
9 257
244 439
279 556
537 716
481 812
262 814
534 873
848 885
501 963
68 983
232 539
485 627
99 331
0 399
233 414
42 432
32 504
509 626
606 629
201 772
431 889
259 940
386 941
126 945
613 964
183 417
283 780
25 858
303 575
558 609
747 880
796 986
137 706
150 826
541 827
507 912
855 966
145 271
174 342
227 424
256 934
752 989
852 882
563 916
940 950
263 962
107 314
140 372
216 463
82 714
145 757
635 778
376 836
555 855
732 930
242 939
64 444
186 505
570 639
856 862
418 895
860 971
5 215
59 426
197 810
346 991
206 376
141 488
259 951
706 983
101 230
194 267
85 464
284 521
336 531
576 689
218 717
79 931
9 942
770 963
1 100
280 536
397 599
493 850
417 871
145 345
79 495
27 637
302 730
119 782
370 897
813 976
12 211
162 378
473 515
133 523
458 572
37 702
197 933
183 400
567 869
292 420
259 521
479 821
619 943
453 769
273 801
626 847
181 190
225 245
258 297
362 482
547 603
597 654
197 893
93 951
181 988
82 131
56 448
140 512
167 587
68 837
883 925
352 773
265 818
317 984
144 175
260 496
298 510
368 516
458 691
445 706
433 794
535 880
92 941
730 988
165 510
5 680
562 855
325 879
625 919
4 50
27 243
181 545
574 616
380 831
437 889
893 971
172 481
533 576
42 634
293 666
203 871
691 900
0 437
173 463
38 536
184 794
641 795
598 846
41 253
139 983
113 282
70 316
310 658
17 695
57 193
115 330
546 689
906 937
189 235
227 499
206 697
115 256
123 855
12 487
29 561
660 710
294 419
52 518
422 586
56 769
466 814
169 858
484 869
604 905
41 402
317 946
14 291
417 488
426 511
465 588
603 650
684 698
223 523
80 681
141 177
233 633
303 633
274 822
515 843
260 858
564 651
612 806
108 224
113 406
254 489
544 589
597 606
300 630
657 958
193 467
208 542
314 542
172 606
391 624
304 696
28 710
815 973
37 84
146 300
221 427
667 753
536 901
750 910
180 960
95 190
178 311
353 433
359 644
23 104
89 306
379 454
530 538
502 568
600 734
434 781
565 794
438 799
672 802
713 840
581 922
617 937
394 982
310 379
612 676
298 727
17 19
193 579
199 504
284 726
181 851
61 74
246 404
69 768
767 826
599 942
39 159
176 217
140 250
15 323
30 346
282 348
268 422
64 481
10 539
265 548
535 586
272 624
300 678
258 709
273 721
347 724
579 807
114 831
112 834
319 842
235 857
694 918
850 922
860 959
681 976
61 206
245 418
381 831
297 495
223 536
361 769
357 918
926 986
183 656
453 790
195 852
881 920
189 311
433 529
429 611
493 964
37 166
532 795
923 960
90 226
374 410
352 532
257 599
601 603
520 673
254 837
515 895
530 926
306 971
271 281
284 351
399 431
136 448
239 556
562 566
172 718
652 787
345 826
875 879
30 582
454 781
773 795
584 886
91 893
810 893
358 998
91 341
638 675
242 799
160 891
451 899
316 925
981 992
307 326
79 349
239 406
166 578
89 479
123 555
474 622
358 947
107 988
141 224
254 348
535 620
515 665
202 880
568 952
434 830
341 929
108 836
118 626
171 654
710 723
132 807
782 834
297 842
550 681
352 752
633 980
403 482
402 816
34 878
533 957
292 535
290 662
409 768
137 514
221 596
63 710
189 855
885 892
190 308
293 392
497 767
676 778
308 989
171 483
484 971
215 385
152 530
589 673
762 887
21 623
285 690
130 153
146 181
575 791
174 829
113 137
292 346
432 798
763 884
862 993
184 461
380 466
520 558
553 596
230 831
250 840
785 884
4 963
532 989
250 992
259 410
223 525
105 566
336 632
143 717
82 775
461 924
73 149
6 191
155 372
13 508
485 598
449 605
558 633
413 714
265 719
609 853
846 935
114 283
250 416
108 439
198 535
577 581
242 638
323 686
359 792
695 880
209 895
525 969
143 443
241 634
329 452
58 570
445 797
137 138
280 355
96 359
406 407
138 514
175 519
444 606
120 636
497 686
46 790
458 900
808 960
185 335
474 536
354 752
16 253
130 746
207 860
231 992
19 202
250 579
95 121
258 349
307 449
13 509
527 787
2 927
147 376
438 508
435 559
684 688
430 663
501 848
645 966
148 223
129 236
39 256
285 649
663 971
31 470
256 537
580 632
189 694
779 814
754 846
624 849
61 953
41 213
188 293
214 507
280 643
550 752
163 784
636 817
198 923
928 935
823 945
141 985
766 993
61 224
203 780
14 299
107 302
448 634
551 673
239 732
500 888
38 388
521 565
728 910
350 950
310 984
15 90
7 296
417 486
174 688
33 155
55 159
301 692
438 452
672 701
70 765
121 302
485 847
180 880
117 243
214 327
92 374
33 394
177 417
207 484
429 670
185 830
4 848
201 878
54 895
35 64
112 384
42 427
510 589
242 598
205 660
231 340
396 416
286 460
128 791
83 878
418 572
89 860
421 910
553 818
25 79
247 476
248 494
67 499
50 534
65 545
499 584
242 626
669 706
53 717
657 790
824 914
456 982
758 982
111 991
142 999
257 545
84 775
175 802
10 932
302 678
670 761
177 985
135 324
298 382
5 385
350 537
553 755
412 761
670 881
662 916
625 959
594 962
436 997
99 890
307 951
221 593
755 798
160 845
257 851
63 205
217 321
351 410
490 518
37 773
143 822
420 960
501 568
210 690
651 811
443 850
532 872
25 260
128 303
174 320
167 436
295 486
332 494
302 630
235 663
535 747
475 752
37 775
58 794
583 819
774 854
657 902
161 913
294 917
764 927
889 961
152 986
403 410
265 427
749 757
142 818
682 901
234 335
489 578
759 800
416 922
65 397
197 306
192 533
556 820
388 879
166 287
253 404
405 594
293 640
524 778
22 831
812 870
150 481
472 625
596 798
126 334
331 586
383 590
595 704
291 738
278 432
428 639
89 966
87 297
306 341
269 490
420 582
40 641
581 713
374 721
438 896
280 901
433 941
655 943
93 403
361 448
110 461
349 496
128 516
527 644
26 725
686 832
308 872
171 911
638 928
184 273
6 367
119 557
269 727
464 954
810 971
391 994
57 372
447 616
421 738
213 816
768 917
61 73
46 185
423 508
113 569
585 716
553 719
183 780
476 793
584 821
197 860
6 620
433 726
612 774
161 332
99 420
14 421
359 527
618 767
150 226
79 434
233 451
437 464
4 576
535 695
508 699
14 750
414 817
382 853
598 865
84 898
555 966
103 229
285 538
326 579
222 598
44 807
734 909
82 730
398 818
145 832
799 847
742 913
728 927
309 465
126 573
687 753
859 934
10 232
380 468
49 499
531 580
19 755
230 884
220 310
205 532
595 870
198 292
500 528
347 573
532 681
102 691
496 709
227 306
424 555
639 793
693 957
16 140
204 298
382 462
242 485
50 770
362 941
108 417
64 483
264 676
822 948
293 357
169 390
1 460
289 501
499 562
491 649
335 829
754 964
321 362
410 529
79 709
704 812
649 925
52 141
190 300
49 306
109 742
364 792
318 379
197 484
344 575
186 735
140 992
120 609
155 579
626 638
96 787
261 817
591 932
131 986
195 469
453 771
173 380
198 422
171 629
78 634
681 752
76 757
16 903
808 909
556 996
136 241
228 417
347 426
250 804
57 840
20 458
218 687
488 871
101 927
27 445
644 646
665 690
677 725
262 827
625 860
44 250
235 430
105 499
295 518
574 662
470 866
294 350
87 390
451 558
419 559
544 633
481 683
336 716
237 721
25 781
480 890
567 918
121 988
164 438
332 584
224 697
73 871
179 896
609 899
473 926
114 405
215 510
525 901
372 981
19 620
108 129
7 284
84 287
322 368
138 445
658 753
455 982
116 231
158 267
327 388
307 467
556 736
420 747
260 931
875 932
467 605
746 769
285 958
134 395
204 544
805 880
133 912
485 610
558 636
759 762
273 570
653 951
75 173
128 215
321 410
23 450
110 639
89 640
586 695
101 785
354 795
82 796
289 892
760 914
56 97
127 152
14 464
204 609
391 856
208 926
255 467
8 686
444 704
21 31
22 103
43 227
115 294
44 307
256 364
370 394
236 564
45 578
445 578
259 605
438 626
64 654
683 686
66 706
160 708
282 837
372 840
720 885
290 921
446 945
1 35
133 447
93 565
380 594
408 605
565 789
734 900
177 975
232 251
427 593
712 757
515 925
965 987
66 84
285 902
55 859
799 928
28 205
281 358
485 509
200 611
123 645
100 760
7 403
374 482
601 830
453 915
758 964
259 275
464 607
35 654
315 360
160 504
436 741
137 837
