1000 4650 54.57105459856901 sparse
0 336 594
1 855 994
2 452 762
3 522 407
4 671 729
5 265 270
6 718 686
7 856 489
8 668 752
9 15 682
10 64 67
11 264 731
12 4 236
13 258 993
14 809 190
15 346 992
16 498 399
17 276 987
18 148 455
19 766 796
20 96 892
21 291 869
22 434 278
23 633 483
24 921 101
25 87 620
26 500 234
27 119 979
28 522 105
29 687 505
30 180 716
31 113 437
32 561 130
33 653 600
34 623 267
35 372 28
36 225 547
37 121 422
38 632 868
39 286 229
40 989 493
41 229 835
42 396 176
43 171 100
44 35 541
45 217 69
46 629 290
47 789 35
48 996 980
49 948 864
50 299 121
51 349 546
52 432 507
53 248 213
54 788 475
55 258 233
56 795 761
57 826 823
58 603 872
59 423 334
60 10 446
61 659 647
62 920 300
63 350 658
64 404 285
65 647 403
66 940 750
67 465 129
68 745 956
69 850 798
70 851 30
71 709 384
72 14 294
73 781 916
74 510 716
75 683 380
76 873 209
77 360 397
78 679 710
79 177 859
80 360 663
81 508 874
82 677 495
83 809 883
84 366 527
85 806 535
86 628 686
87 199 332
88 123 903
89 99 442
90 482 517
91 121 662
92 273 494
93 642 248
94 626 869
95 510 745
96 166 772
97 515 746
98 797 939
99 357 207
100 236 115
101 773 593
102 824 113
103 951 833
104 68 132
105 515 903
106 387 169
107 681 927
108 349 595
109 820 271
110 678 726
111 755 377
112 841 869
113 297 949
114 451 625
115 565 321
116 236 548
117 360 76
118 868 616
119 948 675
120 961 175
121 55 215
122 778 144
123 896 808
124 605 823
125 268 435
126 942 130
127 176 784
128 267 784
129 153 151
130 826 837
131 116 764
132 136 133
133 675 383
134 949 941
135 523 627
136 707 201
137 251 223
138 641 933
139 621 763
140 297 817
141 592 363
142 330 890
143 622 236
144 476 781
145 901 997
146 977 29
147 103 788
148 355 361
149 714 6
150 119 490
151 128 544
152 685 901
153 980 751
154 338 650
155 184 236
156 127 498
157 511 326
158 216 540
159 410 896
160 759 2
161 15 879
162 299 514
163 639 290
164 768 576
165 255 386
166 349 636
167 374 241
168 5 297
169 783 547
170 77 408
171 221 396
172 70 417
173 660 668
174 228 184
175 639 127
176 759 248
177 427 354
178 687 353
179 92 218
180 388 52
181 936 919
182 672 907
183 177 34
184 761 271
185 772 328
186 98 864
187 972 47
188 552 40
189 212 847
190 472 103
191 130 114
192 45 55
193 554 421
194 169 639
195 950 801
196 719 327
197 696 829
198 258 341
199 77 154
200 787 943
201 609 780
202 789 219
203 677 589
204 853 881
205 890 388
206 364 397
207 432 619
208 869 772
209 913 765
210 412 595
211 38 488
212 549 831
213 282 492
214 713 222
215 472 362
216 114 378
217 271 472
218 915 759
219 196 45
220 120 358
221 941 386
222 374 854
223 426 478
224 276 164
225 346 231
226 857 548
227 401 668
228 503 324
229 944 615
230 567 593
231 615 542
232 665 500
233 517 94
234 345 568
235 571 950
236 296 473
237 826 351
238 437 451
239 419 963
240 967 501
241 318 37
242 884 174
243 376 957
244 535 171
245 48 199
246 149 230
247 98 32
248 193 271
249 413 907
250 223 809
251 331 827
252 787 626
253 137 968
254 779 610
255 677 685
256 950 798
257 647 408
258 636 405
259 917 101
260 852 37
261 419 827
262 428 408
263 547 163
264 915 185
265 359 959
266 299 142
267 172 957
268 995 848
269 682 688
270 696 188
271 942 123
272 370 18
273 704 790
274 215 333
275 634 139
276 725 724
277 289 651
278 857 799
279 480 395
280 776 830
281 722 868
282 628 314
283 522 410
284 268 17
285 418 150
286 159 890
287 349 68
288 224 725
289 765 182
290 270 112
291 264 53
292 135 101
293 638 748
294 512 543
295 476 101
296 758 133
297 670 660
298 221 531
299 306 937
300 378 594
301 449 514
302 541 570
303 956 414
304 7 265
305 901 68
306 498 503
307 35 492
308 414 355
309 812 451
310 905 698
311 619 650
312 503 380
313 51 552
314 921 466
315 266 392
316 155 826
317 415 134
318 719 830
319 403 76
320 157 533
321 481 668
322 86 587
323 390 986
324 56 369
325 750 597
326 827 902
327 456 993
328 771 806
329 876 341
330 355 289
331 439 544
332 641 274
333 577 953
334 265 826
335 33 435
336 879 233
337 629 739
338 790 746
339 704 977
340 836 96
341 314 382
342 713 764
343 109 526
344 525 120
345 895 182
346 965 729
347 798 869
348 821 2
349 258 512
350 355 868
351 138 114
352 357 541
353 637 223
354 780 311
355 772 16
356 926 972
357 539 166
358 515 182
359 99 70
360 466 899
361 124 932
362 323 704
363 73 919
364 179 702
365 294 835
366 860 787
367 928 742
368 552 144
369 83 766
370 480 187
371 239 906
372 484 725
373 794 445
374 562 4
375 947 745
376 224 319
377 38 128
378 475 794
379 870 158
380 684 714
381 22 833
382 606 920
383 725 182
384 196 534
385 507 8
386 531 916
387 614 729
388 904 24
389 895 984
390 891 123
391 17 744
392 18 110
393 909 95
394 412 409
395 78 687
396 805 938
397 215 201
398 666 317
399 768 903
400 238 273
401 547 674
402 292 300
403 65 746
404 849 459
405 944 753
406 262 842
407 191 692
408 415 365
409 760 256
410 597 90
411 498 226
412 611 874
413 396 491
414 908 870
415 749 99
416 7 135
417 889 294
418 455 271
419 529 458
420 360 92
421 94 426
422 306 68
423 951 741
424 744 268
425 456 979
426 874 932
427 194 264
428 658 567
429 454 375
430 680 881
431 508 174
432 28 329
433 666 193
434 552 105
435 881 983
436 93 463
437 391 743
438 318 453
439 139 658
440 503 674
441 181 527
442 694 253
443 478 699
444 254 1
445 881 680
446 788 500
447 283 737
448 152 655
449 314 913
450 512 82
451 709 986
452 514 314
453 722 368
454 749 892
455 765 332
456 239 964
457 916 375
458 106 59
459 316 117
460 820 249
461 163 879
462 850 874
463 350 724
464 89 917
465 417 929
466 764 736
467 677 316
468 639 497
469 84 458
470 918 782
471 305 215
472 146 797
473 647 493
474 144 447
475 143 323
476 517 450
477 203 710
478 177 269
479 325 215
480 705 641
481 824 597
482 90 557
483 86 763
484 70 564
485 757 367
486 237 309
487 765 126
488 806 982
489 978 581
490 370 172
491 897 520
492 880 713
493 883 950
494 439 881
495 426 399
496 891 861
497 969 850
498 758 154
499 363 222
500 3 924
501 661 485
502 431 843
503 612 474
504 34 137
505 744 578
506 768 457
507 118 861
508 13 944
509 796 89
510 482 641
511 738 425
512 619 704
513 530 941
514 531 745
515 745 637
516 184 861
517 903 121
518 281 875
519 867 115
520 821 18
521 639 707
522 557 196
523 443 406
524 273 51
525 457 823
526 438 922
527 747 35
528 335 178
529 388 695
530 566 276
531 465 147
532 388 473
533 597 371
534 771 576
535 307 636
536 166 667
537 282 488
538 129 966
539 31 956
540 923 888
541 288 630
542 197 460
543 625 721
544 578 406
545 867 231
546 849 727
547 480 637
548 69 462
549 527 886
550 416 77
551 302 426
552 657 859
553 444 438
554 636 682
555 242 32
556 939 322
557 205 558
558 206 768
559 208 886
560 893 848
561 138 220
562 104 844
563 568 346
564 584 799
565 365 806
566 861 146
567 680 849
568 751 303
569 111 346
570 800 869
571 981 711
572 354 28
573 460 519
574 3 185
575 801 252
576 958 966
577 795 658
578 221 137
579 937 553
580 826 391
581 846 217
582 955 988
583 720 941
584 231 963
585 294 694
586 644 951
587 434 920
588 797 97
589 197 509
590 954 215
591 10 850
592 152 599
593 347 718
594 754 417
595 969 569
596 488 2
597 845 957
598 450 502
599 786 285
600 887 761
601 986 535
602 814 519
603 638 579
604 422 173
605 864 811
606 187 730
607 706 410
608 632 88
609 31 804
610 201 696
611 854 114
612 664 660
613 963 577
614 317 287
615 755 700
616 546 81
617 912 126
618 225 659
619 335 981
620 694 103
621 210 636
622 616 37
623 873 670
624 653 597
625 396 712
626 430 240
627 453 209
628 586 99
629 820 675
630 478 575
631 650 496
632 327 521
633 50 548
634 705 350
635 204 915
636 550 746
637 730 189
638 521 318
639 209 134
640 695 73
641 661 289
642 884 164
643 517 736
644 479 458
645 925 641
646 669 617
647 57 83
648 126 969
649 340 641
650 869 886
651 13 68
652 962 205
653 707 838
654 445 673
655 987 288
656 798 389
657 688 528
658 194 838
659 572 324
660 960 656
661 415 382
662 675 761
663 506 438
664 890 693
665 693 909
666 422 667
667 828 563
668 813 60
669 797 620
670 839 933
671 877 754
672 258 459
673 141 988
674 535 622
675 38 972
676 958 433
677 443 72
678 165 826
679 152 202
680 746 75
681 184 99
682 760 795
683 262 53
684 699 481
685 835 858
686 743 133
687 176 214
688 581 116
689 75 732
690 784 163
691 641 350
692 327 345
693 871 723
694 113 768
695 293 176
696 731 232
697 995 338
698 583 75
699 178 815
700 325 227
701 199 653
702 447 748
703 518 865
704 826 653
705 227 544
706 700 908
707 521 942
708 109 105
709 74 934
710 462 123
711 397 61
712 577 417
713 107 5
714 303 331
715 394 943
716 566 487
717 460 779
718 309 138
719 186 744
720 893 707
721 236 436
722 171 885
723 292 90
724 537 702
725 699 394
726 800 537
727 276 190
728 789 427
729 275 692
730 740 578
731 578 309
732 556 46
733 845 421
734 771 42
735 567 740
736 534 704
737 472 251
738 453 809
739 770 953
740 27 780
741 793 44
742 249 453
743 348 445
744 331 299
745 989 551
746 613 709
747 154 890
748 289 605
749 710 218
750 515 776
751 0 539
752 134 49
753 852 226
754 484 825
755 823 935
756 763 273
757 344 600
758 814 583
759 370 31
760 654 339
761 7 141
762 348 906
763 493 719
764 993 567
765 321 798
766 722 117
767 117 718
768 952 732
769 639 437
770 351 38
771 487 74
772 670 389
773 410 702
774 90 436
775 582 37
776 742 546
777 690 840
778 282 209
779 931 733
780 434 459
781 939 98
782 89 194
783 339 960
784 314 659
785 820 327
786 214 749
787 117 389
788 207 726
789 281 805
790 110 82
791 393 72
792 181 8
793 241 191
794 595 947
795 691 414
796 911 779
797 322 656
798 918 832
799 298 121
800 715 438
801 311 653
802 826 152
803 887 302
804 594 22
805 519 732
806 646 741
807 858 563
808 184 376
809 701 633
810 163 909
811 921 141
812 401 421
813 328 840
814 987 530
815 180 812
816 357 312
817 755 283
818 253 404
819 806 73
820 466 561
821 433 755
822 57 988
823 771 763
824 83 860
825 449 642
826 436 358
827 969 958
828 248 425
829 98 785
830 635 156
831 623 411
832 171 852
833 421 395
834 540 582
835 319 988
836 828 763
837 212 87
838 752 265
839 328 275
840 857 372
841 390 672
842 87 622
843 852 792
844 447 680
845 425 941
846 159 352
847 806 223
848 569 124
849 769 878
850 478 152
851 570 515
852 38 796
853 498 846
854 727 468
855 486 440
856 288 618
857 344 704
858 30 26
859 518 47
860 752 423
861 43 967
862 337 992
863 59 76
864 598 30
865 17 635
866 896 779
867 488 946
868 239 643
869 96 65
870 677 514
871 900 681
872 790 955
873 535 398
874 352 318
875 732 892
876 713 748
877 839 392
878 189 504
879 751 981
880 919 806
881 520 263
882 867 590
883 905 150
884 470 387
885 447 638
886 567 651
887 810 717
888 934 275
889 21 922
890 717 716
891 38 960
892 52 997
893 391 366
894 777 903
895 809 721
896 919 858
897 120 425
898 867 349
899 689 397
900 409 737
901 567 421
902 995 675
903 663 927
904 518 683
905 548 567
906 511 255
907 511 619
908 762 814
909 843 306
910 475 733
911 555 269
912 886 927
913 602 984
914 225 722
915 735 634
916 50 44
917 102 96
918 792 25
919 638 284
920 997 74
921 144 218
922 420 434
923 594 779
924 519 142
925 283 219
926 37 703
927 458 509
928 11 365
929 432 962
930 228 304
931 256 547
932 770 150
933 810 363
934 315 382
935 846 887
936 42 147
937 121 633
938 513 993
939 396 970
940 883 290
941 914 795
942 380 528
943 824 397
944 409 284
945 467 884
946 820 813
947 830 815
948 316 572
949 621 486
950 836 872
951 668 487
952 457 374
953 895 331
954 284 916
955 510 366
956 894 760
957 144 809
958 880 284
959 758 162
960 420 444
961 625 693
962 385 174
963 719 805
964 275 672
965 482 343
966 172 873
967 451 596
968 957 684
969 863 11
970 523 752
971 205 381
972 810 930
973 841 563
974 421 147
975 622 972
976 97 88
977 439 370
978 927 25
979 365 600
980 66 266
981 311 294
982 469 937
983 373 384
984 49 858
985 689 588
986 929 134
987 645 129
988 309 822
989 343 527
990 332 782
991 771 314
992 435 722
993 658 800
994 932 350
995 247 443
996 566 412
997 312 41
998 997 331
999 468 851
50 799
341 934
347 570
291 683
25 842
184 756
195 256
3 283
164 534
33 624
37 897
288 914
429 952
36 705
724 736
35 759
699 815
77 206
24 259
213 537
505 730
313 633
887 895
369 483
473 631
538 648
285 974
190 295
510 547
526 587
643 805
825 885
65 257
211 307
66 405
131 694
286 747
214 749
95 97
601 814
64 944
106 962
375 423
255 269
147 829
359 869
112 950
297 612
416 761
38 94
19 682
163 919
209 218
85 726
69 843
594 860
561 921
580 943
175 987
244 357
78 380
495 833
235 333
463 593
67 710
784 801
940 958
126 271
70 260
69 278
248 427
665 706
108 757
675 861
600 956
188 732
417 940
241 997
79 516
654 844
647 863
501 951
697 998
4 110
204 462
115 659
470 796
302 905
86 961
512 746
133 772
816 874
191 351
498 959
98 396
176 409
185 455
456 584
509 588
452 638
539 891
157 228
26 411
58 412
253 538
417 803
75 133
263 357
375 405
238 780
784 797
424 838
66 375
383 637
278 843
861 891
468 473
18 474
86 554
173 612
480 809
804 864
57 947
15 862
399 894
513 707
423 768
901 996
92 213
262 495
291 524
154 649
79 832
204 935
614 981
51 352
141 533
366 843
589 878
396 972
917 976
72 168
367 779
354 991
377 504
116 705
47 741
177 826
296 487
46 163
259 393
595 613
242 642
316 678
461 722
0 757
32 848
122 932
922 960
97 970
308 408
778 925
35 272
111 485
97 643
573 927
946 947
742 995
158 298
339 451
112 462
436 469
517 617
166 649
10 863
822 892
301 927
486 930
53 137
572 770
725 899
515 915
47 918
332 919
39 925
358 431
293 806
609 852
598 927
514 970
811 986
98 200
407 610
266 718
421 774
319 791
712 901
92 537
672 742
581 753
372 763
89 774
184 838
46 919
461 966
36 116
398 467
468 631
253 648
544 712
63 80
65 258
19 328
524 683
619 862
42 962
150 156
152 665
276 890
42 106
36 158
170 172
159 249
257 258
95 643
8 662
216 787
797 801
708 917
21 518
252 669
458 869
57 946
286 461
158 705
711 791
227 841
479 700
541 856
675 891
301 598
302 834
409 838
329 898
881 906
328 908
372 910
82 951
722 966
203 985
28 233
301 573
192 916
880 941
712 996
390 517
336 545
472 957
55 137
27 648
600 671
278 366
157 452
578 639
200 872
23 949
826 977
165 315
112 685
197 777
512 961
498 932
803 940
293 337
180 711
119 968
173 297
445 623
157 638
590 652
756 817
279 884
504 936
82 232
175 275
233 450
135 674
286 722
272 759
193 901
426 912
246 921
667 973
140 988
0 108
177 308
144 378
359 458
319 550
519 611
43 681
748 856
580 877
530 911
239 929
721 995
496 560
292 351
439 448
346 768
251 813
232 951
110 380
24 393
184 817
544 996
492 693
81 703
567 777
29 870
417 958
117 287
242 345
387 543
576 827
756 838
114 885
73 894
462 935
470 941
126 986
405 423
278 605
31 897
191 292
61 612
375 768
531 850
755 972
57 130
327 425
30 364
389 435
606 719
84 942
685 950
185 991
29 82
477 610
71 725
209 796
511 860
462 950
66 423
410 628
197 653
461 747
152 182
145 389
298 705
492 720
664 720
258 831
661 833
593 857
317 974
790 976
300 979
63 154
244 263
66 367
419 476
318 653
465 845
688 848
135 907
525 738
97 805
238 553
174 793
668 819
262 833
95 970
31 89
69 366
228 452
246 561
2 702
79 966
275 987
113 299
379 566
220 569
489 595
296 686
310 720
796 866
503 949
193 996
184 409
363 709
226 807
201 923
360 945
262 523
490 962
23 468
379 642
28 344
232 501
469 548
489 613
232 631
607 795
186 824
376 930
15 619
501 631
328 682
554 961
96 127
364 407
664 871
30 606
702 821
312 955
56 338
94 412
310 664
445 664
545 753
75 772
95 805
516 832
3 873
877 943
98 972
429 977
206 983
117 420
348 520
342 876
78 110
87 274
262 394
97 514
163 332
363 464
248 478
473 501
144 717
670 755
790 917
99 499
319 711
659 731
285 317
334 406
177 408
476 663
601 745
572 759
359 790
394 812
721 828
614 839
539 861
414 896
796 941
376 486
27 538
36 298
745 764
477 788
384 441
44 633
152 706
84 352
32 368
274 376
83 570
514 643
394 833
89 421
204 650
108 979
112 204
543 746
932 959
516 966
31 37
408 661
454 875
834 905
807 973
136 270
61 297
678 699
691 760
288 788
275 830
271 986
154 797
323 939
643 970
632 989
243 265
101 534
653 777
337 806
114 825
795 899
23 473
394 495
403 689
481 758
625 773
184 424
106 490
136 749
409 756
74 763
121 245
50 459
10 647
539 675
607 725
535 801
619 835
202 847
775 864
98 872
208 366
617 811
440 904
115 731
514 805
315 818
283 873
101 164
209 470
427 478
628 688
722 747
310 871
154 166
83 347
657 870
252 254
511 594
85 602
679 921
67 531
35 572
107 903
101 254
337 387
512 543
636 735
75 899
935 950
671 956
828 995
165 818
500 889
359 976
140 365
138 586
178 634
396 755
24 781
817 838
74 805
811 883
52 301
73 399
495 523
217 672
176 838
884 952
238 960
77 983
16 279
346 423
91 439
448 536
337 543
614 744
459 799
630 820
835 862
232 870
19 908
788 914
952 977
424 817
544 901
146 187
200 396
52 598
373 728
45 837
112 935
185 354
529 625
2 717
617 986
82 501
272 572
509 819
13 17
309 373
228 638
333 794
437 900
455 991
82 870
514 636
445 871
741 918
132 351
160 355
69 605
303 676
585 729
682 908
690 932
866 956
775 804
215 952
367 375
414 496
225 499
460 575
465 587
66 779
204 950
34 332
232 473
47 734
644 855
622 864
803 958
44 313
367 405
217 537
286 810
740 852
377 936
765 990
672 995
16 312
263 368
424 756
209 956
413 532
208 671
573 598
63 649
50 718
169 726
200 739
521 543
133 899
521 961
352 989
143 353
4 380
365 988
132 191
114 207
11 447
325 505
535 541
385 596
122 690
727 778
402 981
51 989
46 332
409 424
471 479
261 502
375 779
140 789
429 884
237 933
746 961
729 964
177 977
387 746
265 783
116 931
663 855
739 872
426 493
86 512
189 658
600 866
631 951
264 345
186 507
512 521
495 661
621 701
759 770
718 799
2 821
316 957
59 177
253 673
39 778
606 788
218 796
568 817
805 970
236 537
410 698
489 764
678 815
780 960
254 669
214 696
4 78
105 386
152 430
71 453
223 780
558 786
180 791
772 899
744 981
41 189
139 201
102 340
105 549
381 591
224 695
296 932
708 976
216 220
158 384
186 562
463 857
50 266
296 498
95 514
362 857
757 979
61 173
277 541
227 666
768 779
266 799
747 810
218 956
832 966
867 982
27 253
158 557
208 600
345 642
182 665
745 814
468 949
482 484
74 643
289 959
390 617
378 717
273 963
90 306
242 379
284 444
75 725
618 868
280 908
225 700
619 783
218 367
174 397
23 631
721 742
607 899
286 966
325 730
329 953
215 965
116 158
423 779
725 795
818 828
808 971
407 477
508 539
107 665
66 768
136 214
38 412
89 436
473 951
107 182
89 469
462 685
182 903
355 918
171 971
226 973
183 219
31 421
399 454
167 499
109 460
63 166
507 562
163 641
695 727
209 866
790 869
92 217
90 573
734 741
277 801
22 418
465 526
459 718
408 826
845 929
78 269
215 429
122 487
576 582
259 781
308 826
470 866
123 941
53 55
51 234
249 465
122 498
500 508
563 659
492 664
546 693
147 694
190 710
125 828
564 923
471 925
130 947
10 192
313 484
81 549
462 650
119 660
405 768
605 843
70 969
125 995
29 232
251 988
139 293
116 298
464 709
694 829
396 872
34 919
321 440
76 545
364 610
561 679
629 704
243 715
602 726
469 774
239 845
138 903
763 910
344 924
213 217
122 296
244 358
36 557
568 991
59 308
23 503
130 685
549 703
191 708
587 845
84 989
197 318
367 423
29 657
31 774
708 790
526 845
812 922
650 935
869 976
388 978
176 184
487 686
529 773
53 793
330 816
529 841
123 880
4 8
58 94
218 470
493 912
35 770
553 780
93 143
428 603
471 700
913 975
101 325
194 448
285 604
33 646
193 712
458 790
40 240
155 687
508 889
92 349
277 535
414 540
603 624
649 797
550 791
641 919
213 236
222 350
39 471
86 521
126 811
26 906
34 46
104 199
30 477
654 666
27 673
471 778
405 779
71 899
243 939
46 282
436 548
470 880
408 893
173 255
535 784
786 788
238 922
239 939
346 375
164 505
346 571
441 589
142 762
595 764
56 823
866 941
415 680
628 698
531 710
179 782
235 794
257 831
744 839
674 907
648 673
369 829
207 885
326 935
366 605
609 740
553 922
441 878
145 435
79 461
259 517
32 688
667 758
454 849
280 328
487 932
408 977
8 806
523 833
249 587
76 336
320 441
434 616
597 670
237 785
130 946
553 960
129 132
170 421
103 497
453 634
429 826
747 966
550 711
675 822
176 424
54 446
332 641
527 734
443 763
535 797
617 883
318 963
217 236
386 513
384 589
541 748
399 849
468 501
538 673
398 760
483 829
477 914
78 255
28 450
552 567
516 658
215 884
840 898
298 384
521 554
115 563
68 739
271 781
49 497
545 581
696 749
128 789
754 853
822 861
192 863
642 883
277 964
3 16
139 337
299 449
364 477
390 519
203 624
722 810
65 831
90 927
750 970
176 756
340 611
893 983
51 84
60 335
93 353
47 355
387 512
259 617
316 699
338 823
434 848
308 893
796 956
839 981
80 154
134 181
357 368
197 567
477 606
484 633
624 646
668 741
172 421
384 557
154 784
588 819
68 879
22 944
354 455
288 477
33 603
498 686
85 169
136 637
599 756
255 297
20 464
125 672
224 727
330 744
367 768
288 786
281 875
93 332
355 734
798 880
118 882
798 896
421 897
690 959
604 974
269 380
268 497
82 684
557 705
295 710
422 723
521 746
52 927
83 326
151 343
136 383
232 468
42 604
71 607
125 742
535 856
359 917
29 951
813 988
418 737
450 771
277 784
134 827
208 843
368 848
849 894
394 922
69 947
71 75
107 152
42 490
209 600
292 708
98 755
183 792
33 203
99 225
163 282
16 283
30 407
287 420
225 479
133 725
686 766
334 789
562 824
736 904
826 952
511 800
67 850
352 942
200 972
66 218
32 434
38 552
134 576
24 617
153 346
414 560
100 578
378 738
622 804
41 250
372 443
393 517
354 599
618 701
79 722
678 832
29 684
679 687
74 736
276 876
661 977
765 988
34 93
109 575
289 690
107 706
724 904
377 392
369 403
54 506
24 517
595 745
517 811
840 877
858 916
122 959
67 190
196 634
465 715
65 772
658 832
720 871
10 916
473 949
403 483
321 510
82 631
79 658
308 661
76 753
89 897
734 918
678 957
416 504
505 534
525 754
715 939
5 400
244 431
394 661
436 774
154 801
233 344
182 430
693 720
262 922
656 943
131 147
75 178
108 234
37 421
516 722
504 761
59 826
15 835
392 416
221 457
279 312
209 367
618 621
550 677
483 694
86 746
409 817
0 234
273 342
74 372
498 690
732 775
272 770
172 774
703 853
218 866
73 200
164 325
461 516
180 759
719 788
271 811
131 829
636 970
422 997
4 806
208 956
173 554
362 593
692 714
162 213
512 554
8 110
338 466
386 707
397 793
560 896
336 753
466 823
208 866
543 961
73 98
34 163
142 449
322 484
658 699
182 706
742 828
20 186
23 501
218 600
580 656
164 730
63 797
305 393
247 458
194 536
76 581
246 679
461 832
796 880
496 896
494 945
660 968
87 376
255 612
402 614
666 844
625 900
1 435
260 969
39 55
127 815
716 851
180 319
193 544
744 874
228 965
398 641
719 786
439 536
247 713
807 882
870 951
623 664
207 825
373 506
30 719
656 933
702 992
184 599
316 815
62 888
675 892
780 922
55 925
30 788
830 987
35 180
357 358
661 893
883 986
289 498
487 498
162 632
556 994
74 95
30 610
555 683
543 806
123 866
91 937
296 959
114 967
108 300
88 361
203 428
205 457
62 556
262 661
217 742
763 805
744 816
517 883
585 964
517 986
364 606
203 646
20 88
80 166
223 238
12 304
310 492
249 526
68 583
567 653
295 771
382 794
230 834
623 871
330 874
786 914
705 931
83 950
670 972
308 977
566 642
204 685
148 983
38 58
559 635
175 830
234 948
141 563
643 763
290 799
607 800
425 929
161 591
725 772
575 847
658 815
460 847
208 278
234 352
445 720
52 223
270 383
218 405
733 877
49 896
0 979
560 798
508 891
457 994
325 534
37 89
167 225
173 269
147 369
155 427
236 438
80 649
401 724
458 752
81 853
0 948
81 105
72 304
255 380
257 772
621 868
193 873
520 918
727 925
812 960
207 967
227 529
293 543
262 812
28 434
310 445
97 750
600 796
667 807
461 810
821 900
131 483
284 555
102 611
620 640
120 652
6 890
104 936
209 941
900 992
82 473
369 694
287 770
67 295
354 568
257 769
454 894
803 953
525 999
271 617
188 775
393 781
449 954
266 459
147 483
577 629
628 848
8 293
104 377
322 482
386 549
126 617
540 896
50 290
334 365
316 472
381 609
351 708
347 849
401 904
458 976
74 97
24 271
270 433
291 555
428 624
74 724
98 739
330 839
390 883
9 926
299 954
586 975
853 999
269 297
52 573
192 647
177 661
681 837
16 884
419 663
401 886
410 688
218 779
769 831
316 832
754 999
54 373
610 788
408 833
2 144
293 387
140 765
586 903
153 423
362 585
251 765
318 777
631 949
468 951
22 64
7 404
717 738
384 878
480 915
439 937
833 977
370 431
430 665
170 774
684 854
66 209
344 434
36 931
34 143
151 320
321 547
434 688
685 935
438 743
162 537
127 699
534 730
95 763
599 817
715 845
290 723
597 755
49 103
92 236
321 443
394 523
393 617
220 787
785 909
279 952
207 210
213 349
558 719
357 924
654 825
189 516
620 766
80 841
861 892
326 950
415 487
392 504
169 534
114 547
438 551
298 557
102 588
467 641
658 678
246 687
649 801
488 872
139 923
278 947
355 527
201 564
437 625
577 704
95 750
292 790
547 825
671 866
195 880
338 895
62 417
519 566
671 693
723 799
869 917
684 951
301 331
61 646
613 764
649 784
282 919
221 303
736 805
702 910
254 325
36 384
377 416
91 448
233 616
50 723
741 819
411 906
274 930
495 977
224 266
430 552
672 721
843 947
45 219
346 405
124 564
661 826
242 883
733 943
244 368
331 820
686 932
489 745
774 897
430 567
103 195
132 292
59 408
357 431
96 472
523 553
46 641
239 715
125 721
234 757
256 880
872 972
773 992
168 304
505 776
730 776
783 862
10 869
216 569
123 605
258 769
126 781
69 208
243 323
455 568
446 602
229 645
230 905
73 972
4 662
283 663
148 692
176 696
876 890
687 921
137 925
580 933
378 754
570 849
133 178
70 520
568 756
800 854
666 841
289 932
360 494
415 766
631 870
467 760
541 801
73 396
274 486
356 576
298 589
265 619
123 798
474 897
470 956
31 474
94 552
116 557
384 705
476 855
400 930
164 169
66 346
159 494
101 505
185 568
331 573
226 667
190 771
772 795
123 796
192 858
686 959
599 991
223 413
127 472
401 736
365 789
365 406
566 611
112 650
26 737
601 764
15 783
326 972
789 988
92 162
95 372
279 429
31 436
29 501
502 525
812 833
242 264
429 523
483 689
402 714
392 761
99 479
252 577
171 818
722 832
3 312
25 322
445 492
100 639
241 770
606 786
103 798
510 825
277 856
523 884
547 885
945 999
131 369
435 493
62 803
56 836
247 869
380 890
368 924
821 992
194 701
270 749
582 827
356 582
475 846
710 850
501 870
244 924
90 301
14 847
140 334
356 389
209 405
241 422
444 555
326 670
309 728
326 755
37 787
117 791
707 867
863 916
197 963
156 343
390 393
269 612
191 917
898 953
259 271
142 350
387 521
244 522
51 632
496 650
139 806
495 812
33 428
535 649
277 797
19 823
292 917
204 326
548 774
421 469
337 521
184 568
137 793
345 883
153 375
281 653
69 946
362 463
644 663
430 706
166 797
758 973
181 540
509 668
702 717
88 747
377 761
157 965
41 406
159 465
155 478
312 884
193 283
153 768
682 823
739 879
822 891
431 924
54 309
349 537
159 587
223 598
28 616
55 778
795 800
215 279
74 904
215 977
24 986
37 474
262 553
127 558
337 746
622 775
71 133
210 300
154 535
492 546
450 616
270 637
37 774
137 778
636 805
809 915
873 996
42 285
259 390
239 465
123 470
152 903
824 984
100 290
21 365
378 525
443 910
387 806
177 429
111 453
630 967
71 634
481 667
53 778
346 779
605 947
104 504
284 524
361 538
396 670
365 813
65 133
96 719
783 835
125 818
526 982
263 522
636 643
434 628
415 686
266 695
300 757
699 957
223 960
192 651
20 824
57 69
345 379
49 540
516 559
47 668
808 846
13 456
472 678
230 302
139 387
453 725
449 762
521 806
188 859
372 643
82 657
695 778
76 345
370 627
97 763
48 827
114 510
3 663
514 750
738 754
133 795
817 991
83 112
3 193
218 375
254 534
369 689
65 769
75 795
523 952
357 522
71 795
724 805
390 811
665 903
97 636
355 741
263 924
103 256
453 485
426 670
727 793
507 824
322 842
773 900
410 608
44 751
370 850
654 885
349 931
53 397
160 527
202 575
79 678
530 731
16 955
653 963
259 986
10 359
86 543
41 658
110 662
510 885
296 415
125 551
227 773
53 174
14 202
106 604
637 749
662 806
240 814
176 817
26 881
338 887
23 951
646 985
112 130
90 598
511 607
110 806
145 356
358 370
440 443
407 536
884 977
579 613
610 914
165 171
140 251
19 280
672 828
539 889
15 265
20 363
468 503
481 669
554 746
866 880
113 954
39 137
155 246
283 312
194 439
490 528
664 693
580 733
566 802
450 859
881 911
495 922
53 925
761 936
554 612
85 667
424 568
289 637
372 805
199 936
164 254
408 495
842 937
256 470
579 595
646 809
706 875
24 126
31 469
74 514
571 768
101 252
32 263
79 286
215 312
112 326
43 351
536 701
535 748
178 760
547 907
51 942
650 950
455 485
379 883
394 960
43 292
400 486
63 784
218 941
6 269
153 405
389 493
89 548
352 632
233 771
773 841
321 844
249 845
177 952
83 685
411 737
282 760
344 368
281 454
101 669
459 723
717 821
787 897
256 941
570 950
815 957
571 968
155 248
371 635
57 685
284 291
215 826
93 919
523 977
23 232
74 443
326 462
47 520
360 526
311 554
242 566
232 657
53 727
643 736
144 738
721 818
523 922
955 965
575 599
101 730
465 929
77 148
321 654
514 735
166 757
148 893
106 285
214 442
343 482
340 519
260 520
524 555
158 589
329 840
580 840
443 844
337 512
99 528
359 708
594 728
616 732
264 883
510 907
25 937
130 950
517 519
284 683
195 941
506 728
473 870
259 305
336 581
205 840
487 959
76 242
253 267
233 434
570 685
122 686
86 173
472 699
209 779
374 804
312 873
88 464
249 494
109 599
606 610
613 745
933 943
14 690
666 825
692 874
187 920
794 975
381 984
117 180
429 495
102 509
523 661
200 755
364 788
100 837
366 866
929 939
262 960
371 559
79 189
666 773
95 910
416 936
239 323
421 436
288 610
559 722
16 873
2 910
348 918
604 962
942 989
361 648
40 814
148 206
86 311
41 334
241 572
466 615
810 966
624 985
221 994
121 179
125 217
422 524
214 637
366 671
243 783
28 924
472 815
24 390
75 634
431 850
263 358
195 470
728 860
458 917
83 935
798 941
138 382
158 441
99 490
364 536
288 606
150 343
32 344
188 374
391 740
785 933
781 986
97 372
470 600
264 642
237 840
428 985
150 436
366 600
616 698
764 814
417 953
882 973
133 257
180 550
508 675
354 817
258 772
407 788
506 860
315 828
209 671
537 672
409 696
836 843
399 875
387 961
217 995
5 55
52 331
699 832
794 913
72 432
99 700
191 790
492 871
83 894
234 979
390 566
75 607
340 819
508 861
251 365
309 404
714 981
502 999
177 893
33 985
99 167
71 178
214 270
247 359
20 507
595 601
477 719
698 775
568 838
732 859
448 937
481 973
82 468
330 614
577 669
825 844
4 293
178 453
361 464
406 518
390 611
29 631
645 660
92 672
396 739
552 777
820 967
281 318
282 398
342 662
105 703
347 950
360 982
163 398
110 269
261 525
159 526
407 606
22 626
501 684
667 726
404 733
520 741
215 955
88 286
253 361
198 486
360 587
282 691
424 696
843 946
559 966
74 970
89 172
126 259
286 516
533 563
426 597
471 727
666 885
42 974
178 467
479 528
223 532
1 597
218 671
499 700
563 731
62 940
276 615
180 272
561 687
261 738
78 890
367 956
280 682
265 715
442 749
298 931
24 305
583 706
374 775
420 791
429 833
755 872
383 959
134 356
279 523
626 627
347 685
73 739
79 747
140 813
863 869
265 939
571 902
6 276
479 499
493 597
350 762
80 797
66 470
494 502
4 521
476 644
606 914
546 671
132 708
446 726
617 781
350 813
692 934
637 959
74 910
587 982
405 470
409 599
240 601
232 684
541 784
368 434
383 749
320 384
340 588
402 744
833 922
210 967
271 517
39 700
656 728
117 770
102 802
902 968
440 510
696 838
10 976
770 997
57 278
441 557
189 559
136 696
737 906
327 929
346 367
293 662
341 692
414 798
313 482
494 587
208 605
144 750
71 772
63 801
18 31
85 446
568 599
52 413
339 583
296 766
59 977
166 979
2 378
168 432
475 569
460 753
873 901
209 375
643 724
599 838
84 632
105 707
220 846
818 995
189 250
6 615
180 770
849 875
891 892
702 900
278 946
262 977
390 986
757 948
294 302
21 406
317 604
175 608
429 661
698 732
496 798
165 828
171 828
647 916
79 316
265 862
684 870
90 294
296 690
164 776
197 273
113 449
16 663
407 701
247 752
178 772
432 928
591 984
56 466
297 480
473 503
533 544
418 626
32 628
516 678
660 902
333 913
331 927
495 952
62 953
952 965
57 605
286 832
73 849
863 976
129 351
117 711
219 792
826 833
800 860
321 904
325 915
251 565
121 782
347 894
161 984
289 383
73 454
196 568
237 580
24 811
366 836
66 153
153 571
111 594
95 636
527 680
501 949
157 955
123 278
126 517
73 872
11 914
643 750
61 311
78 521
123 560
122 289
344 450
151 482
662 876
292 976
298 441
480 515
96 558
319 677
259 811
358 924
299 783
160 918
108 948
218 423
351 917
408 429
203 603
39 727
546 887
110 890
625 992
524 997
239 425
283 476
325 515
287 572
553 644
588 668
368 688
585 784
674 834
83 849
381 852
87 930
413 942
941 956
647 976
5 402
13 584
711 759
107 138
11 288
49 414
88 810
625 841
581 847
359 863
546 895
306 927
526 929
138 182
211 548
57 843
89 170
198 376
297 554
48 576
236 672
502 738
106 974
263 431
543 554
11 729
477 786
329 803
385 859
340 509
120 590
765 789
308 833
103 896
158 931
873 955
127 957
295 450
249 715
801 964
669 758
367 796
75 453
276 466
316 658
213 672
471 695
752 790
285 962
565 990
379 390
359 752
668 918
105 513
108 166
112 570
482 633
815 832
6 255
110 255
293 521
494 526
250 658
273 662
169 776
66 796
877 933
845 939
70 348
18 897
366 947
162 349
119 645
688 698
570 894
237 898
234 989
162 236
265 323
8 337
196 453
255 554
79 559
133 607
194 621
492 671
397 687
514 736
297 809
771 859
656 877
206 893
518 954
784 964
172 335
98 894
409 575
649 757
39 53
178 196
8 380
1 389
367 470
130 570
306 573
460 581
600 693
695 718
127 719
539 822
321 825
701 868
752 869
615 890
200 894
80 227
245 782
189 832
69 836
110 876
658 966
282 641
398 691
35 711
137 727
680 734
840 943
39 479
107 583
188 616
635 810
661 812
177 833
209 880
342 963
910 992
233 295
298 349
390 642
487 690
406 789
706 903
953 994
180 572
354 756
166 801
14 802
47 819
747 832
338 836
468 870
889 891
123 366
178 398
607 772
546 836
833 952
176 202
266 290
353 433
516 747
534 776
833 893
279 955
494 999
276 342
214 383
29 473
160 734
199 782
136 433
48 582
169 602
756 991
185 485
496 540
583 665
298 878
103 880
220 475
44 484
61 554
166 784
801 856
109 909
83 462
235 513
208 836
0 300
47 527
166 535
844 885
234 300
262 429
443 654
224 718
558 788
405 796
51 948
191 976
61 255
128 334
528 695
553 855
587 929
661 983
282 332
217 349
365 518
623 720
171 808
708 869
126 883
97 910
93 163
40 601
643 910
180 287
414 650
116 349
32 357
326 396
137 397
139 543
176 575
479 925
885 967
276 380
310 693
101 758
430 777
671 796
495 826
850 924
81 945
682 963
88 507
392 651
513 867
451 879
294 306
116 384
506 594
96 815
63 841
56 895
423 571
98 670
374 732
573 820
65 899
4 269
190 677
506 854
143 332
558 606
229 613
288 719
715 929
130 347
80 529
500 539
310 623
714 744
281 777
351 790
429 965
442 696
287 759
665 875
312 965
662 993
74 440
238 644
364 719
208 796
765 813
228 955
520 969
18 37
326 570
748 948
894 972
65 75
223 301
273 318
370 531
340 668
171 721
178 725
517 781
16 855
940 953
3 955
10 458
520 668
700 925
661 952
541 797
204 496
370 411
495 553
595 814
647 869
273 876
408 952
348 969
117 319
112 347
287 422
328 823
140 406
462 496
297 646
639 681
637 696
17 835
43 837
237 877
173 961
388 969
608 987
125 315
102 519
610 701
773 844
411 881
96 957
909 958
354 785
443 904
909 940
62 958
379 519
250 815
148 874
202 460
434 698
440 736
4 337
226 882
629 887
124 201
201 293
394 553
487 588
230 674
323 715
320 878
674 886
532 960
452 965
480 646
294 905
73 83
271 393
383 498
398 919
99 962
3 476
277 585
612 646
685 947
43 191
172 469
135 510
277 729
200 488
110 521
318 567
524 723
256 796
138 975
8 78
17 113
239 243
196 467
252 515
254 515
331 598
127 678
514 724
626 737
575 756
479 778
113 783
569 787
690 802
161 889
257 899
600 941
366 956
311 961
194 592
2 992
129 191
17 456
440 547
231 603
492 623
372 702
534 758
421 787
642 811
481 882
693 956
310 779
736 763
3 279
437 821
32 924
844 992
198 274
544 873
421 548
141 659
402 839
278 866
763 904
393 986
241 287
267 673
77 893
506 511
223 553
616 628
378 750
49 798
102 819
155 921
255 521
503 631
34 641
238 262
326 347
333 382
147 472
98 488
149 527
267 538
295 677
472 694
144 702
669 704
487 766
453 899
908 963
46 93
0 166
68 200
281 430
359 647
541 964
425 982
572 997
401 440
531 974
225 471
396 488
229 660
79 699
80 857
805 910
395 926
83 204
6 380
467 634
529 666
650 685
440 724
677 771
410 848
616 859
178 899
605 946
283 996
202 289
305 388
394 408
130 462
107 586
610 618
115 638
525 717
206 812
651 916
392 936
135 547
445 693
695 925
184 991
655 998
574 761
287 791
750 805
515 809
344 848
566 883
803 909
845 982
334 988
254 758
224 793
597 972
358 522
689 767
61 809
184 354
200 399
184 575
396 597
227 625
227 654
170 787
330 981
3 996
21 142
170 324
173 521
344 616
594 800
250 558
447 585
585 801
511 854
650 912
4 255
15 323
309 506
435 597
86 612
634 725
257 795
379 802
264 811
374 864
709 891
223 922
87 486
523 960
208 209
37 216
190 531
349 705
195 798
223 927
128 140
47 160
279 283
291 422
131 472
133 634
45 681
635 722
309 733
523 812
692 816
763 970
738 999
111 656
96 699
193 419
45 555
929 982
380 876
826 884
262 952
14 289
55 400
308 429
326 685
144 754
565 765
87 846
542 878
133 258
173 311
280 347
778 793
195 796
113 835
263 848
719 914
106 317
498 637
269 890
396 894
85 973
30 288
400 427
529 857
556 953
262 408
209 423
453 607
326 650
560 650
636 736
732 804
219 837
732 864
123 208
335 548
158 878
962 974
177 495
115 530
172 548
644 780
68 872
251 990
248 400
165 198
395 689
509 741
149 160
171 315
190 450
8 876
324 928
148 934
884 955
437 463
239 526
367 600
480 612
93 641
437 773
16 215
86 387
141 544
185 599
356 827
605 866
59 893
137 174
89 474
91 536
260 668
78 806
361 810
544 831
709 861
205 898
250 334
424 599
55 793
651 858
347 399
307 548
321 885
407 914
65 795
124 923
256 405
238 523
250 699
224 778
279 855
30 914
495 960
19 56
18 150
316 516
536 610
654 773
777 963
671 843
380 521
461 559
239 587
183 752
23 82
75 257
308 495
341 551
495 884
283 955
884 965
735 970
201 337
83 399
391 926
657 951
110 293
281 706
668 734
188 804
177 215
447 729
826 893
346 968
6 78
69 130
280 570
542 721
46 398
14 581
176 599
365 765
218 768
503 769
512 806
612 809
271 883
779 956
287 997
319 420
636 724
598 780
684 800
843 866
318 908
551 934
162 989
190 233
362 784
47 348
746 806
425 867
277 748
151 156
107 430
212 703
131 767
235 913
592 937
163 467
179 561
130 605
514 763
720 779
237 943
825 967
5 39
84 234
68 339
148 341
539 892
465 939
147 957
1 145
78 173
15 243
42 317
156 320
235 382
111 455
144 525
281 567
311 612
178 691
589 705
458 708
198 714
97 736
627 737
636 750
73 755
117 759
440 763
753 847
111 860
712 873
4 876
836 895
527 918
728 943
371 954
408 983
35 287
434 450
587 715
731 911
739 972
988 990
81 999
37 170
28 295
34 353
602 667
614 714
692 744
80 784
906 911
232 949
337 961
31 170
98 399
488 739
507 747
278 836
868 964
123 209
199 504
553 812
170 897
382 412
196 455
290 459
426 650
28 32
88 186
356 435
451 583
488 597
519 617
76 642
293 746
875 894
283 901
638 965
394 983
61 480
269 554
516 699
23 769
712 831
63 857
312 952
291 723
812 983
103 268
647 651
422 683
87 808
56 887
393 519
71 111
161 381
485 656
164 758
670 935
8 342
161 500
809 985
288 558
55 727
22 737
700 778
380 806
781 811
419 855
436 897
88 461
320 589
288 407
4 543
399 570
489 601
294 630
155 679
189 699
256 798
651 863
260 348
155 397
188 698
28 771
734 819
600 843
614 874
379 611
725 800
90 820
123 843
6 480
254 481
647 917
84 413
68 451
238 812
283 855
197 281
199 377
108 649
290 718
527 741
872 879
127 316
96 606
262 884
529 900
119 902
61 269
252 325
202 409
375 470
193 476
252 481
269 521
529 593
560 605
517 642
419 716
2 738
759 791
21 813
816 839
525 853
233 859
834 907
949 951
308 952
83 972
110 276
448 701
9 865
69 123
101 169
120 264
188 864
66 956
273 993
285 531
79 815
639 837
241 524
245 574
3 901
358 411
0 649
493 670
724 763
614 816
645 871
339 879
218 880
280 946
125 236
36 589
617 642
237 656
585 797
611 802
34 282
27 361
169 446
556 888
210 979
295 531
608 628
677 711
629 895
33 61
236 551
134 582
407 618
133 691
30 786
216 897
670 912
20 709
373 860
821 910
31 172
150 469
254 505
446 506
212 564
189 815
863 917
410 434
392 647
252 704
159 845
698 864
667 882
466 895
735 923
77 934
685 946
372 970
394 977
251 350
292 359
243 619
604 627
95 736
92 742
169 758
77 812
710 974
874 981
174 578
21 954
678 966
463 625
267 648
393 811
225 839
227 844
417 909
67 974
170 216
98 326
239 327
471 528
11 585
683 723
358 850
198 930
528 718
533 831
366 946
189 966
169 667
45 683
208 218
463 529
219 555
503 716
607 860
530 881
4 890
10 917
689 926
418 944
526 945
197 993
18 156
409 568
123 600
380 662
152 875
394 893
840 933
19 963
81 386
601 613
179 245
118 481
293 512
246 478
5 486
306 598
54 728
185 785
362 797
294 834
144 910
16 952
279 977
649 979
391 403
415 588
52 780
233 924
123 956
360 999
415 509
281 849
78 276
73 326
344 357
376 400
229 489
375 571
726 758
532 780
138 794
481 807
222 813
58 382
437 529
273 653
700 839
43 132
36 349
126 393
411 627
537 742
185 817
135 834
495 893
237 909
329 909
248 930
31 787
342 890
535 964
893 977
768 968
8 139
487 509
657 684
317 710
420 711
387 735
0 748
511 795
433 830
263 344
356 493
63 535
539 709
224 799
36 441
546 720
758 807
76 264
195 405
117 572
114 654
530 659
174 727
680 766
569 846
119 871
323 929
194 937
57 112
77 341
412 552
351 681
10 790
717 910
826 965
99 106
278 600
70 668
724 735
305 781
461 507
320 343
283 419
333 513
492 600
594 607
287 711
523 826
280 849
32 244
345 811
784 856
800 899
726 973
351 976
534 726
691 772
29 468
20 562
59 661
85 758
122 802
735 805
155 561
533 691
526 715
133 760
35 791
626 944
457 953
437 992
50 224
119 310
329 417
553 833
616 848
443 992
10 247
156 436
56 682
20 361
180 420
324 432
226 491
373 594
532 743
222 565
119 571
442 641
735 736
267 810
3 855
469 897
587 945
120 126
306 644
377 647
417 888
333 975
81 360
238 394
517 566
2 372
510 654
367 866
51 108
44 307
542 589
86 255
154 277
805 904
833 960
66 256
315 341
207 666
274 971
8 993
58 124
83 130
5 137
215 228
130 278
205 329
282 467
355 520
382 586
603 646
292 681
208 693
441 705
148 816
425 845
430 903
853 945
492 956
104 708
372 992
64 330
105 360
286 559
586 794
516 815
742 818
97 724
114 210
28 368
197 552
264 590
428 657
184 696
208 546
278 671
839 874
898 909
146 920
638 955
736 970
833 983
312 429
18 542
133 453
953 958
593 625
190 850
87 971
186 984
86 297
294 820
560 880
836 887
570 935
816 981
265 835
549 853
663 873
35 117
206 394
362 729
77 743
472 829
737 881
247 916
291 997
289 296
313 322
517 611
616 688
367 720
328 946
140 990
95 144
57 366
315 551
345 566
460 599
467 691
375 796
104 917
209 256
152 281
379 517
102 566
314 676
242 811
434 924
49 268
45 291
310 367
37 436
128 447
21 449
243 465
408 523
489 579
557 589
470 671
159 715
671 720
833 884
634 899
797 964
113 619
631 657
413 780
0 51
38 430
91 395
332 398
231 428
150 474
2 900
45 100
551 743
69 866
466 887
558 914
61 86
42 99
169 505
331 630
511 725
395 767
671 836
115 141
399 972
73 347
221 676
623 704
488 755
301 820
458 863
316 966
172 324
540 560
74 636
419 644
559 658
677 791
470 798
109 847
819 918
317 962
422 459
208 470
528 700
80 801
455 817
326 894
315 934
57 950
654 992
28 190
361 709
399 739
142 813
485 594
861 889
187 978
16 429
203 809
135 886
254 915
284 997
416 574
533 712
643 735
694 767
779 796
364 914
528 962
146 978
438 537
547 654
217 721
500 891
301 306
501 503
286 507
71 511
104 647
281 665
75 760
238 855
547 967
308 983
67 317
21 334
189 406
462 560
462 570
531 604
279 663
282 731
565 813
144 821
559 832
132 917
5 930
165 971
305 978
182 552
610 719
55 471
145 493
449 518
460 545
234 632
622 698
780 812
21 988
61 624
383 696
154 757
1 488
479 695
164 726
254 730
733 840
583 875
259 883
467 919
532 922
60 211
162 217
158 349
152 552
348 741
793 925
57 280
130 280
170 469
490 499
641 760
739 894
405 956
288 364
559 810
208 941
94 124
591 609
869 916
254 577
206 743
143 919
128 250
420 459
31 548
437 593
433 749
583 879
255 890
96 131
112 496
655 697
235 707
262 826
277 868
497 896
172 897
181 912
836 946
18 89
125 165
110 337
217 438
73 570
122 588
141 691
608 698
470 779
575 838
28 848
541 868
714 874
785 991
222 251
90 331
431 531
430 653
501 657
272 711
95 724
252 758
105 867
832 957
965 977
78 297
686 690
633 751
578 837
597 912
266 528
71 485
111 511
193 663
718 723
396 399
316 507
348 355
30 536
167 700
698 848
52 90
237 329
546 600
43 639
337 662
403 740
797 856
585 857
78 876
56 328
271 390
231 468
17 584
12 574
10 651
129 679
336 958
205 221
166 300
292 458
0 535
275 608
114 666
640 680
511 728
295 850
693 871
26 370
135 440
372 514
264 652
236 742
466 890
803 898
406 988
76 379
250 406
398 634
213 742
426 755
209 768
729 784
181 827
403 829
612 961
54 602
534 669
558 815
332 353
101 481
78 662
205 877
428 646
777 993
37 172
201 387
142 518
32 616
631 684
163 760
206 934
207 547
98 597
88 722
347 935
78 554
877 898
403 926
124 412
638 659
262 780
790 863
452 881
59 429
7 491
461 658
352 948
694 957
533 996
583 739
247 790
62 994
683 997
172 436
711 770
67 285
126 390
242 390
3 419
426 435
115 452
455 599
286 635
189 678
854 860
329 940
334 518
454 706
243 845
24 883
7 602
75 691
361 747
357 848
405 941
130 204
195 209
198 315
167 330
170 335
37 469
139 564
38 567
69 671
285 710
580 728
713 752
535 757
498 766
640 766
325 776
366 796
707 938
105 945
910 970
602 973
110 342
137 400
317 531
127 786
519 883
185 933
618 964
258 533
410 616
173 646
489 814
823 908
603 985
362 447
204 560
491 579
111 185
226 602
519 642
173 380
717 754
829 957
5 981
387 554
181 576
772 831
360 867
785 898
259 519
509 680
273 777
79 810
59 944
724 970
703 999
66 195
63 227
297 311
244 344
41 516
64 626
277 649
625 666
130 843
216 846
192 869
496 935
66 941
730 985
89 150
174 224
216 421
880 896
179 921
490 604
131 689
292 752
696 756
311 886
328 963
120 986
579 745
836 947
279 965
363 889
255 480
1 493
101 515
499 528
182 586
594 656
600 779
452 955
488 972
341 714
634 760
557 931
632 948
121 980
206 341
424 442
371 518
579 601
78 612
383 686
299 762
153 779
769 949
93 442
347 462
368 522
152 567
407 719
661 922
707 982
269 480
69 600
325 669
658 722
217 828
139 993
21 140
8 273
224 290
302 674
689 694
675 709
97 735
241 759
200 879
245 936
60 307
229 595
880 956
367 671
321 763
362 801
516 810
466 876
714 934
806 961
97 144
218 256
634 772
510 844
243 862
114 321
386 867
266 723
542 742
38 124
222 261
264 379
173 480
231 851
948 989
88 363
235 386
329 457
252 534
703 754
760 772
120 811
91 842
427 930
605 941
59 952
59 64
123 218
295 344
195 497
838 991
99 471
444 683
625 857
252 915
820 927
255 961
465 982
85 226
361 363
423 470
238 598
386 703
313 751
443 805
299 835
215 523
299 619
598 644
164 669
66 866
104 976
142 299
153 367
135 401
106 528
65 725
613 814
413 960
285 490
465 494
379 617
267 635
403 694
501 769
748 801
797 857
843 956
499 962
635 966
675 889
542 995
176 214
57 570
142 954
64 418
264 986
364 701
201 993
723 997
411 431
291 444
200 670
115 911
349 672
426 935
131 957
185 196
86 337
8 543
169 730
647 790
274 808
643 904
720 956
358 368
305 517
63 529
461 678
578 681
623 693
419 901
103 941
945 982
157 215
213 438
296 588
322 633
729 801
292 869
11 128
44 211
256 375
129 292
125 438
427 687
11 786
848 924
45 183
238 495
152 583
541 649
96 694
588 741
430 875
337 923
485 933
234 942
562 957
206 661
212 853
888 940
91 194
266 727
96 786
755 935
818 971
127 250
75 258
211 335
123 496
110 543
521 612
26 627
623 629
533 659
509 734
381 740
449 783
176 847
867 938
64 167
368 431
315 721
198 402
223 573
546 664
10 858
392 863
31 150
63 362
70 388
65 691
323 862
424 991
77 394
401 674
473 684
331 967
586 913
336 345
436 474
608 622
692 981
50 422
39 695
796 798
758 882
632 942
164 252
444 524
174 639
165 721
199 245
122 415
8 521
213 632
262 279
249 360
260 388
55 397
136 442
316 461
422 799
532 812
872 894
258 899
952 955
645 968
196 991
0 856
431 522
238 532
289 686
551 818
670 872
567 993
171 995
407 448
186 464
156 474
443 643
523 780
201 806
379 811
507 832
540 912
278 956
752 976
68 73
32 410
191 359
536 621
23 870
293 923
241 284
57 347
154 541
204 670
378 702
257 725
83 755
354 838
387 923
130 935
856 948
310 968
85 534
473 657
318 682
173 809
363 891
181 356
196 398
118 807
311 512
177 262
96 678
458 713
551 828
25 91
86 269
308 394
394 429
540 650
139 662
160 741
599 785
770 791
372 904
43 129
131 403
316 562
422 770
497 798
369 852
784 857
596 859
5 925
642 986
26 358
267 361
320 557
390 781
695 793
347 454
225 528
66 600
102 668
265 762
698 804
41 815
279 495
559 747
364 448
572 711
774 787
64 816
547 844
177 884
803 888
162 931
529 992
115 157
4 276
272 287
421 474
515 577
118 623
552 653
372 736
51 757
531 924
330 944
600 720
71 800
154 857
204 570
709 889
702 763
846 971
138 152
197 430
177 523
100 681
382 975
372 440
16 476
487 680
677 710
46 731
703 945
315 995
46 143
123 195
236 349
343 484
47 509
574 936
29 854
309 446
173 512
461 635
458 647
81 754
166 841
73 875
502 945
261 999
474 542
610 786
655 888
