1000 4824 56.88585061331157 sparse
0 880 818
1 835 373
2 626 642
3 157 626
4 389 777
5 646 25
6 27 51
7 397 747
8 444 24
9 711 301
10 210 200
11 863 472
12 143 786
13 478 568
14 972 733
15 561 777
16 502 728
17 160 194
18 271 291
19 190 580
20 113 660
21 713 541
22 22 559
23 654 657
24 713 129
25 382 739
26 565 675
27 342 71
28 125 379
29 109 175
30 653 95
31 695 628
32 363 118
33 749 798
34 850 87
35 721 624
36 602 969
37 886 758
38 856 262
39 680 990
40 57 27
41 729 311
42 502 342
43 791 227
44 623 707
45 93 998
46 430 541
47 235 459
48 147 574
49 542 202
50 121 675
51 744 735
52 799 619
53 60 666
54 880 886
55 69 28
56 257 191
57 669 611
58 467 908
59 548 143
60 524 659
61 302 614
62 489 469
63 513 310
64 213 732
65 47 872
66 634 451
67 240 988
68 646 798
69 193 359
70 848 56
71 548 506
72 509 691
73 137 780
74 180 996
75 451 67
76 54 720
77 141 236
78 992 655
79 821 442
80 10 951
81 505 846
82 367 717
83 799 968
84 186 923
85 551 857
86 984 559
87 451 742
88 779 486
89 987 919
90 807 598
91 301 212
92 773 36
93 657 636
94 41 896
95 668 657
96 684 246
97 243 851
98 279 503
99 828 377
100 121 55
101 212 231
102 743 125
103 677 119
104 287 575
105 820 392
106 128 402
107 369 802
108 631 506
109 963 711
110 219 868
111 688 393
112 995 280
113 354 989
114 103 454
115 961 86
116 257 154
117 456 297
118 839 533
119 699 528
120 874 472
121 252 637
122 535 129
123 399 172
124 684 229
125 590 434
126 917 951
127 831 75
128 496 784
129 150 813
130 756 96
131 918 259
132 728 449
133 51 748
134 853 971
135 558 718
136 713 910
137 581 852
138 989 646
139 973 197
140 570 836
141 7 605
142 751 370
143 910 758
144 632 845
145 709 426
146 91 135
147 749 219
148 146 227
149 822 630
150 800 295
151 535 356
152 716 829
153 498 557
154 559 846
155 192 841
156 951 138
157 439 853
158 937 670
159 624 396
160 96 608
161 875 486
162 907 6
163 507 443
164 259 901
165 781 354
166 69 703
167 660 833
168 567 690
169 833 1000
170 275 12
171 478 51
172 544 690
173 652 603
174 222 435
175 319 605
176 156 82
177 402 614
178 857 228
179 182 679
180 413 495
181 403 380
182 797 550
183 196 304
184 60 590
185 520 314
186 387 711
187 269 780
188 766 527
189 923 877
190 990 152
191 429 588
192 807 296
193 347 345
194 62 548
195 43 342
196 874 607
197 326 85
198 708 805
199 904 259
200 592 807
201 745 536
202 112 511
203 295 235
204 620 382
205 775 266
206 524 525
207 376 2
208 280 955
209 304 38
210 760 766
211 316 256
212 419 276
213 266 643
214 210 51
215 194 689
216 249 702
217 154 78
218 306 526
219 0 895
220 644 104
221 606 828
222 635 945
223 156 409
224 309 119
225 268 65
226 849 174
227 494 295
228 236 144
229 148 640
230 886 108
231 188 245
232 257 670
233 98 684
234 405 853
235 508 391
236 498 309
237 685 601
238 450 867
239 929 705
240 857 411
241 512 324
242 356 284
243 773 989
244 336 35
245 272 135
246 677 795
247 276 881
248 424 838
249 329 614
250 763 544
251 246 816
252 837 832
253 972 567
254 196 417
255 924 945
256 757 385
257 199 798
258 903 316
259 631 857
260 12 617
261 514 605
262 374 248
263 428 276
264 292 88
265 262 521
266 559 134
267 704 853
268 793 891
269 12 904
270 856 704
271 100 460
272 57 970
273 712 211
274 385 629
275 582 973
276 838 729
277 428 344
278 299 1
279 163 403
280 153 153
281 666 820
282 245 235
283 256 542
284 427 98
285 657 396
286 732 505
287 83 959
288 971 107
289 900 249
290 976 270
291 126 954
292 600 150
293 846 679
294 770 178
295 817 709
296 190 791
297 876 349
298 202 332
299 936 69
300 226 371
301 980 565
302 184 460
303 568 624
304 516 744
305 150 957
306 34 373
307 655 373
308 444 817
309 28 961
310 407 392
311 276 917
312 271 526
313 672 893
314 944 838
315 913 469
316 2 415
317 526 759
318 568 531
319 821 702
320 120 612
321 929 372
322 361 185
323 725 908
324 805 182
325 819 528
326 15 897
327 419 94
328 423 770
329 915 476
330 329 760
331 617 29
332 668 149
333 918 937
334 297 91
335 857 693
336 411 984
337 805 488
338 647 966
339 126 255
340 635 766
341 20 47
342 802 67
343 779 885
344 271 375
345 102 283
346 925 179
347 690 336
348 94 780
349 952 959
350 427 211
351 447 879
352 872 553
353 902 574
354 588 698
355 886 695
356 664 472
357 440 320
358 474 948
359 970 458
360 227 458
361 638 895
362 558 699
363 60 972
364 338 427
365 85 983
366 347 760
367 690 82
368 920 697
369 376 815
370 745 66
371 661 407
372 836 861
373 867 563
374 529 259
375 958 716
376 227 611
377 946 851
378 515 643
379 648 585
380 780 987
381 229 608
382 432 343
383 61 237
384 706 467
385 982 510
386 581 706
387 903 400
388 616 177
389 945 628
390 511 378
391 119 10
392 476 49
393 197 63
394 457 677
395 702 735
396 703 372
397 748 166
398 347 114
399 312 353
400 556 385
401 318 756
402 437 570
403 673 863
404 468 146
405 284 92
406 788 857
407 452 956
408 535 311
409 641 952
410 348 859
411 603 842
412 23 414
413 716 752
414 531 256
415 33 216
416 581 571
417 226 150
418 798 94
419 891 307
420 765 649
421 770 427
422 349 862
423 909 119
424 784 9
425 48 255
426 56 877
427 56 596
428 543 598
429 105 200
430 886 779
431 500 188
432 511 540
433 26 524
434 659 509
435 411 361
436 61 810
437 972 804
438 447 984
439 502 46
440 536 599
441 569 442
442 933 52
443 403 352
444 946 268
445 594 342
446 22 458
447 546 283
448 422 478
449 396 834
450 749 655
451 675 623
452 877 239
453 971 922
454 492 317
455 766 19
456 262 831
457 472 65
458 792 753
459 406 771
460 463 573
461 394 611
462 379 445
463 522 923
464 270 792
465 255 589
466 222 849
467 450 582
468 629 389
469 182 901
470 972 378
471 960 236
472 351 614
473 691 971
474 330 589
475 354 207
476 936 65
477 249 133
478 588 681
479 869 162
480 913 767
481 966 14
482 359 834
483 488 980
484 56 97
485 115 47
486 451 422
487 256 830
488 582 954
489 217 766
490 483 749
491 453 973
492 15 587
493 235 809
494 318 663
495 21 502
496 948 210
497 871 210
498 589 904
499 235 606
500 403 927
501 985 915
502 841 215
503 226 98
504 719 209
505 585 214
506 175 259
507 265 699
508 56 93
509 247 815
510 448 1
511 839 83
512 343 924
513 790 956
514 452 923
515 66 781
516 253 886
517 125 880
518 943 4
519 3 363
520 804 986
521 488 646
522 438 711
523 597 919
524 878 904
525 360 987
526 26 598
527 131 890
528 317 848
529 749 957
530 4 67
531 40 159
532 795 982
533 525 512
534 761 727
535 720 60
536 366 573
537 898 18
538 261 589
539 813 551
540 102 795
541 600 729
542 901 864
543 621 715
544 333 262
545 910 134
546 811 233
547 705 498
548 445 199
549 620 128
550 542 194
551 322 292
552 710 426
553 212 848
554 108 112
555 451 223
556 11 36
557 909 731
558 694 592
559 366 471
560 153 554
561 471 379
562 367 216
563 307 957
564 865 757
565 532 138
566 745 952
567 118 215
568 21 619
569 837 336
570 150 935
571 267 406
572 486 117
573 48 368
574 294 704
575 230 255
576 767 707
577 749 755
578 431 29
579 182 414
580 684 49
581 971 133
582 645 894
583 813 8
584 94 793
585 303 171
586 519 228
587 280 201
588 901 66
589 151 398
590 562 502
591 168 573
592 720 153
593 843 741
594 964 664
595 672 991
596 431 397
597 461 630
598 793 888
599 58 166
600 409 422
601 302 817
602 265 900
603 937 109
604 508 125
605 758 115
606 988 380
607 347 319
608 306 798
609 524 802
610 468 424
611 811 977
612 414 239
613 430 441
614 42 740
615 704 183
616 419 854
617 942 175
618 500 932
619 2 709
620 149 73
621 239 914
622 847 275
623 118 285
624 171 819
625 649 759
626 340 366
627 256 55
628 399 744
629 418 879
630 387 426
631 449 552
632 564 727
633 866 79
634 730 981
635 795 971
636 393 982
637 302 852
638 374 784
639 360 720
640 606 900
641 801 421
642 314 269
643 293 325
644 732 864
645 22 631
646 201 21
647 132 511
648 505 726
649 817 19
650 374 964
651 213 256
652 358 519
653 336 469
654 378 932
655 371 868
656 709 495
657 238 600
658 177 785
659 225 247
660 776 515
661 219 763
662 237 666
663 306 793
664 346 13
665 584 838
666 52 685
667 703 255
668 412 259
669 906 15
670 639 817
671 716 439
672 943 214
673 571 827
674 136 809
675 961 210
676 442 873
677 202 85
678 939 354
679 531 694
680 626 724
681 402 919
682 701 786
683 11 987
684 421 837
685 363 273
686 283 879
687 77 27
688 521 226
689 156 148
690 10 112
691 478 322
692 217 229
693 64 306
694 916 68
695 914 452
696 224 489
697 221 998
698 954 635
699 442 415
700 988 336
701 148 9
702 321 317
703 475 683
704 647 868
705 411 186
706 456 796
707 725 883
708 439 187
709 581 565
710 933 436
711 488 517
712 17 12
713 798 144
714 562 0
715 946 295
716 442 895
717 230 390
718 784 972
719 908 162
720 535 460
721 217 959
722 847 961
723 888 105
724 112 961
725 234 291
726 201 190
727 68 784
728 19 845
729 572 56
730 22 476
731 514 191
732 311 407
733 701 120
734 170 481
735 469 444
736 722 21
737 790 196
738 528 581
739 509 476
740 22 584
741 833 858
742 131 670
743 926 252
744 502 626
745 725 26
746 546 480
747 920 187
748 301 229
749 785 861
750 331 212
751 847 823
752 926 495
753 613 562
754 42 644
755 139 647
756 867 823
757 214 937
758 845 857
759 7 658
760 211 454
761 296 592
762 458 327
763 764 125
764 697 229
765 825 271
766 213 169
767 798 341
768 210 505
769 578 141
770 230 420
771 53 726
772 537 195
773 8 685
774 98 277
775 336 812
776 801 936
777 102 908
778 500 383
779 815 588
780 722 988
781 131 146
782 817 350
783 20 548
784 652 351
785 544 473
786 582 277
787 688 862
788 343 105
789 702 351
790 569 252
791 257 545
792 157 48
793 75 981
794 451 546
795 576 162
796 829 98
797 970 861
798 362 442
799 172 892
800 618 751
801 716 49
802 507 959
803 678 603
804 289 904
805 640 103
806 196 1000
807 617 244
808 862 135
809 485 150
810 204 414
811 763 316
812 361 500
813 338 913
814 60 172
815 713 404
816 738 189
817 522 859
818 695 1
819 256 570
820 703 950
821 149 146
822 959 164
823 309 461
824 412 285
825 762 723
826 352 566
827 612 947
828 842 917
829 463 495
830 144 529
831 0 902
832 773 784
833 27 615
834 821 776
835 69 147
836 548 1
837 562 720
838 358 880
839 282 385
840 989 600
841 452 111
842 892 986
843 959 440
844 322 304
845 497 159
846 936 716
847 366 246
848 869 1000
849 432 148
850 71 0
851 646 59
852 651 141
853 832 976
854 673 780
855 335 329
856 757 915
857 623 913
858 81 46
859 179 812
860 880 626
861 506 417
862 124 786
863 692 934
864 969 3
865 20 307
866 300 35
867 286 337
868 956 362
869 286 548
870 452 821
871 728 339
872 55 844
873 793 762
874 778 997
875 128 526
876 108 111
877 123 202
878 654 893
879 904 167
880 729 355
881 398 589
882 328 264
883 382 130
884 665 31
885 635 967
886 460 788
887 867 500
888 864 913
889 293 126
890 326 601
891 396 885
892 15 13
893 43 59
894 709 835
895 652 816
896 975 596
897 683 720
898 492 452
899 997 340
900 22 69
901 980 208
902 614 54
903 233 964
904 893 842
905 190 392
906 125 623
907 807 191
908 641 85
909 275 627
910 479 342
911 546 723
912 847 326
913 122 213
914 627 915
915 766 733
916 716 676
917 412 822
918 168 549
919 789 483
920 43 821
921 494 325
922 467 61
923 559 972
924 465 616
925 531 601
926 957 922
927 488 719
928 184 569
929 318 660
930 696 671
931 860 755
932 704 919
933 338 231
934 298 814
935 285 370
936 357 7
937 191 815
938 573 639
939 233 953
940 618 295
941 22 613
942 123 650
943 228 709
944 654 514
945 324 43
946 419 727
947 811 394
948 334 42
949 126 662
950 682 854
951 435 646
952 653 347
953 993 618
954 492 943
955 47 314
956 680 587
957 688 209
958 221 298
959 295 350
960 896 375
961 620 962
962 853 849
963 938 812
964 290 564
965 368 384
966 227 534
967 504 429
968 677 155
969 709 462
970 111 916
971 192 397
972 262 207
973 39 826
974 818 251
975 670 325
976 69 660
977 649 582
978 183 740
979 968 350
980 497 903
981 453 447
982 750 948
983 751 397
984 356 460
985 954 480
986 341 698
987 879 820
988 604 160
989 449 395
990 19 832
991 688 333
992 48 494
993 998 136
994 757 541
995 140 271
996 428 42
997 246 880
998 754 581
999 498 646
145 552
554 876
251 509
712 892
0 987
171 392
586 688
268 598
494 929
410 422
248 684
283 791
379 977
272 363
376 381
374 414
7 628
16 648
489 661
230 723
515 727
347 991
299 476
484 508
277 382
220 805
534 825
784 952
372 741
176 217
89 501
135 837
567 913
857 914
83 635
547 656
608 663
406 749
209 866
601 934
550 772
101 692
544 882
440 925
564 931
833 941
905 971
264 334
280 689
736 745
384 969
465 538
416 709
456 487
164 602
76 771
568 941
381 499
113 525
631 794
599 814
529 566
496 672
719 879
457 922
920 973
566 982
114 271
499 657
250 994
219 831
150 192
109 375
428 440
361 582
217 620
434 944
86 301
184 427
345 774
568 833
315 329
243 380
273 504
247 686
746 785
237 803
689 821
632 837
244 948
269 326
82 639
492 740
351 676
534 915
49 550
1 99
63 185
295 319
6 341
47 360
39 595
500 681
55 687
280 821
175 890
253 301
44 543
540 584
262 847
454 921
12 73
203 748
177 461
537 669
254 810
159 468
49 772
284 327
264 405
308 870
706 886
212 263
162 669
140 673
458 873
582 878
529 982
126 255
223 279
222 409
260 568
152 894
324 907
105 947
516 997
376 499
575 659
346 747
243 874
742 949
78 138
143 480
122 565
520 532
372 758
398 788
700 899
255 333
236 454
100 485
238 676
787 950
521 999
466 553
945 948
365 793
380 874
77 148
265 312
65 426
543 680
88 919
354 386
131 743
634 780
624 859
199 289
825 915
260 941
292 988
135 632
332 968
53 976
11 120
532 635
903 939
270 335
635 718
877 913
352 373
50 742
22 783
127 511
235 778
758 962
257 296
204 468
520 611
176 620
389 698
486 699
229 755
212 824
481 864
104 964
228 417
517 527
134 722
605 763
285 371
330 401
34 511
583 649
535 801
551 844
40 55
144 259
239 368
435 443
187 464
133 614
568 645
381 657
741 758
57 803
338 885
777 970
223 589
390 778
512 813
320 906
136 323
269 831
861 967
238 351
428 925
859 937
942 949
756 987
438 491
19 928
664 936
181 310
474 890
30 220
168 362
237 558
136 932
403 950
185 241
90 779
141 260
348 584
279 589
276 593
496 675
124 764
135 911
728 990
201 994
334 405
251 493
206 533
242 685
702 844
239 846
670 895
139 901
314 377
211 642
20 949
235 390
442 476
249 890
578 996
57 451
493 509
548 708
256 983
175 249
10 726
252 751
469 799
85 154
172 679
618 954
643 867
8 578
0 756
567 877
50 949
23 95
131 199
453 926
120 161
63 241
126 333
234 616
714 836
140 665
569 912
20 942
59 266
341 556
167 281
221 411
254 579
343 598
296 658
137 665
552 671
431 731
73 862
163 967
86 253
211 882
244 945
159 204
227 236
83 532
71 590
129 674
526 740
281 895
840 896
597 924
107 369
145 671
725 958
140 154
306 573
454 691
532 718
344 839
642 882
171 922
344 935
237 956
558 956
559 984
219 269
258 419
83 513
162 537
83 611
651 659
24 733
809 845
392 922
63 236
423 545
403 787
26 168
219 326
588 694
260 833
121 213
268 343
338 409
171 457
30 805
185 408
839 935
528 637
83 718
380 718
246 854
647 875
526 941
492 526
210 577
376 657
179 215
225 627
188 660
132 671
607 855
30 908
453 501
340 625
291 724
536 826
13 460
460 467
380 532
475 562
38 622
513 635
720 785
326 831
560 918
303 938
867 959
885 961
182 539
871 880
470 606
345 623
361 878
161 887
803 956
142 256
164 516
409 885
89 453
216 507
830 875
837 911
691 921
755 942
735 981
32 398
392 457
360 760
74 806
236 921
591 928
869 964
4 638
3 229
172 362
524 888
16 927
188 994
59 565
532 611
248 616
351 716
576 825
645 833
721 903
337 919
56 972
868 979
7 25
20 50
99 105
96 124
45 365
354 478
498 523
348 540
91 748
174 770
141 941
827 961
328 459
228 477
407 491
575 651
665 673
315 695
526 833
420 450
611 635
513 718
75 922
721 939
486 610
616 684
251 487
260 645
188 250
299 442
44 680
462 798
62 898
399 959
378 999
346 617
498 640
404 809
224 889
261 925
487 509
520 635
363 793
163 898
684 917
214 393
402 467
139 675
655 838
25 628
737 907
157 238
293 335
614 771
34 633
6 893
608 934
190 993
330 366
446 730
781 821
313 878
645 941
304 317
4 459
211 544
102 605
511 796
805 908
241 921
54 524
336 636
429 877
530 900
596 989
60 378
267 787
263 824
213 909
92 455
212 668
311 804
648 927
11 161
173 379
516 602
672 675
123 705
702 855
632 911
840 953
83 520
107 638
267 894
6 900
358 954
57 173
51 534
332 852
678 868
167 895
42 921
257 937
693 955
57 237
394 703
68 895
587 972
798 984
135 362
275 488
12 862
465 819
21 119
59 122
231 506
130 605
675 901
347 789
863 932
61 175
180 448
110 466
104 761
652 812
220 908
531 599
357 762
36 961
546 974
137 140
175 474
601 608
411 665
259 704
300 717
558 803
687 858
820 863
538 819
207 936
201 250
191 402
141 492
659 692
440 738
975 991
579 971
141 568
206 432
429 567
755 949
196 860
5 884
202 647
40 687
751 756
193 855
248 917
449 917
157 616
299 694
610 735
691 910
612 668
274 461
422 838
157 676
476 694
451 803
738 925
141 526
311 602
544 642
465 657
68 670
198 682
644 707
243 718
266 769
617 822
750 933
36 275
232 662
624 937
124 957
254 971
744 999
236 241
324 737
9 41
42 241
131 289
80 309
424 455
321 678
20 742
118 325
181 435
31 451
178 502
51 577
156 581
462 630
101 659
53 666
691 762
916 930
209 945
372 962
810 971
388 988
82 186
43 546
48 560
534 576
973 990
37 430
102 763
316 412
234 449
37 564
48 591
523 640
96 667
767 782
396 789
611 853
75 457
97 466
304 648
596 699
272 793
769 795
359 843
436 920
241 454
110 553
155 553
62 739
765 974
699 989
23 93
157 248
58 514
722 853
173 977
27 197
16 304
168 386
696 768
339 995
362 837
153 432
378 744
96 764
165 767
81 817
640 857
429 913
112 290
67 697
623 774
742 942
526 568
46 794
134 853
350 548
402 631
51 825
647 830
55 858
265 283
191 467
129 624
283 312
251 456
456 509
6 556
380 635
202 875
802 954
764 957
741 962
653 984
39 473
279 579
247 602
46 631
329 752
174 760
599 835
249 472
305 570
676 716
579 810
375 846
222 885
14 375
63 408
395 413
593 931
267 950
227 454
133 771
341 900
51 915
63 454
193 626
216 943
383 425
93 451
72 679
721 757
307 784
552 815
210 832
84 469
600 630
622 765
145 815
141 833
461 881
828 888
935 959
52 90
34 127
168 354
125 441
116 477
154 673
32 883
663 934
185 236
433 495
393 677
234 684
470 868
76 166
177 274
428 738
340 800
532 874
910 921
222 961
137 154
261 440
178 497
422 655
61 761
629 891
789 991
13 153
178 452
720 746
513 776
361 914
347 975
188 201
168 478
245 889
168 172
42 910
417 766
275 923
132 969
285 307
322 475
245 477
243 532
19 591
199 743
280 781
127 796
222 827
28 106
116 228
115 288
410 838
893 900
409 961
226 479
76 614
282 659
164 311
8 510
106 589
263 668
442 694
731 772
556 892
252 962
358 407
572 604
287 793
542 904
579 905
273 764
361 857
174 360
247 516
475 750
260 526
312 791
386 837
93 95
91 587
34 796
296 859
323 932
14 109
91 203
26 478
71 533
325 539
463 618
292 769
540 862
613 981
164 621
236 691
645 754
32 788
531 814
37 143
591 918
380 520
329 695
103 733
169 853
296 937
362 386
277 435
12 674
346 719
99 947
671 969
287 365
157 684
273 957
872 973
8 996
137 411
237 451
244 664
221 665
36 827
291 305
222 338
308 706
261 744
726 766
473 820
346 879
1 105
63 227
116 245
234 248
77 339
94 426
560 591
395 897
63 921
160 320
601 663
602 804
98 312
357 382
551 642
742 755
735 898
108 944
520 718
521 744
569 782
257 859
700 979
122 266
171 439
310 596
47 760
265 791
50 233
97 487
410 655
745 801
164 997
65 94
548 555
629 676
556 712
343 749
619 773
433 783
98 265
166 666
45 793
695 710
368 846
757 939
522 946
26 362
36 488
282 575
24 592
323 707
22 740
67 903
249 474
616 629
101 651
551 702
791 819
294 397
617 747
146 835
289 452
481 518
56 587
286 656
689 781
697 806
397 816
121 909
50 942
643 959
486 981
449 684
331 902
200 221
541 543
460 631
423 723
302 734
152 198
866 945
29 429
706 870
177 881
70 127
52 149
230 423
369 482
500 654
538 657
189 542
257 658
341 530
444 743
747 879
918 928
7 459
246 682
370 535
686 804
718 874
254 905
183 958
26 172
111 396
141 740
571 839
762 910
640 914
135 386
674 862
341 893
872 920
898 967
386 478
704 878
387 960
288 581
193 607
377 797
173 803
668 824
94 326
471 675
495 730
163 861
518 864
576 915
155 937
88 337
607 702
582 704
71 746
235 861
810 905
307 952
904 987
623 995
392 439
402 460
636 650
289 743
580 884
37 931
164 247
277 443
465 499
154 665
252 758
197 788
620 792
628 946
31 35
348 727
252 741
710 843
170 278
167 670
57 956
920 990
287 363
241 408
175 761
247 804
513 532
195 573
223 579
541 680
403 704
851 908
560 830
814 835
25 82
312 869
142 880
667 764
770 810
523 857
751 962
314 963
152 267
277 357
350 555
350 708
292 795
362 911
83 380
190 581
294 737
270 293
42 454
525 650
137 673
436 727
842 848
492 941
229 942
61 249
444 715
142 983
143 557
313 582
386 632
759 773
104 869
208 563
658 859
906 942
486 989
378 521
281 670
685 847
581 993
157 351
564 593
590 746
156 822
436 973
359 985
561 989
47 174
342 418
266 565
122 604
565 604
511 633
503 677
654 681
651 692
789 880
61 890
0 904
338 961
246 281
363 365
410 482
231 651
262 685
111 815
362 679
144 704
611 718
109 846
64 943
610 981
462 984
610 699
584 727
369 449
97 456
473 595
504 816
728 973
602 997
382 435
158 594
602 686
3 755
302 760
174 810
687 850
582 914
57 93
719 747
101 231
261 738
402 794
33 832
755 906
148 913
471 672
577 915
952 975
12 129
286 547
459 628
618 802
479 808
865 955
181 443
283 819
117 357
348 515
6 530
705 708
166 771
41 871
545 719
55 850
795 988
76 133
108 434
185 454
384 656
550 731
598 749
680 800
653 823
495 992
139 496
58 716
786 790
284 841
844 855
472 890
454 910
272 287
520 874
185 921
248 449
11 887
138 953
195 955
470 979
20 233
364 798
85 140
16 490
486 613
600 613
483 802
132 384
243 635
486 735
53 754
541 800
896 953
25 186
407 438
213 232
69 298
37 480
70 511
186 639
361 704
417 477
146 554
229 906
183 298
471 496
362 632
282 692
613 699
736 801
682 854
789 871
551 882
761 964
31 237
321 868
641 947
629 716
475 933
106 223
285 468
22 492
144 670
120 887
501 926
276 295
248 308
351 629
79 641
200 673
740 941
252 372
424 583
73 674
391 701
129 859
335 355
462 559
234 629
25 639
575 692
287 724
315 752
20 755
85 817
582 857
639 986
60 999
273 615
643 702
238 716
65 872
144 411
92 424
88 660
99 782
607 844
431 845
791 869
253 896
279 905
618 980
97 997
132 552
70 633
1 782
488 923
5 331
366 401
561 778
559 798
678 979
97 110
135 168
343 406
131 444
374 447
78 594
146 876
739 898
436 515
507 574
559 812
409 827
104 538
602 621
756 962
852 968
430 480
136 707
460 794
110 997
197 334
452 497
318 590
279 971
350 705
630 798
203 211
487 493
513 611
68 281
422 482
292 549
423 603
384 671
514 716
504 764
520 853
218 869
832 873
7 946
132 145
46 402
261 428
386 541
616 676
10 692
77 913
61 909
101 575
91 750
717 770
227 921
354 362
313 403
504 615
467 631
141 645
562 847
198 894
247 997
290 444
427 526
310 600
559 653
117 762
59 769
94 269
127 342
408 447
232 507
267 644
49 731
130 763
27 948
283 966
260 492
217 792
164 804
89 926
115 299
31 803
655 891
666 976
24 102
523 914
209 948
272 309
382 443
85 137
111 371
497 502
54 542
430 564
155 624
168 837
40 850
29 877
490 927
167 950
58 980
144 167
224 334
148 567
534 577
515 584
414 586
492 833
173 451
449 616
308 684
827 885
307 468
358 618
720 739
382 762
399 867
597 951
615 957
119 547
348 862
283 869
71 206
291 570
529 634
40 858
594 698
899 979
270 276
75 392
138 594
516 686
192 765
488 827
584 862
272 365
397 592
350 612
399 626
414 447
211 748
645 759
557 846
504 957
239 375
384 547
43 737
191 881
820 932
4 7
155 466
339 623
268 749
222 914
64 978
31 57
34 70
10 101
144 221
499 538
369 638
309 683
635 874
396 880
182 325
229 949
68 246
111 285
38 452
243 520
97 553
77 567
360 696
10 766
42 691
830 918
116 417
310 435
344 571
418 796
135 172
255 349
13 467
432 533
516 621
84 757
834 873
95 930
103 332
270 355
214 646
252 756
761 890
75 171
292 388
225 405
521 597
227 691
531 835
54 888
664 948
754 976
57 558
406 598
104 819
740 833
301 896
544 933
956 977
2 93
322 562
421 641
64 661
62 163
174 254
147 504
118 539
414 688
784 975
730 992
2 23
259 411
523 827
847 933
752 985
102 130
530 556
250 660
404 845
155 859
234 917
44 541
242 544
169 611
490 648
482 775
474 826
143 430
49 688
625 854
136 863
1 947
276 319
158 368
399 935
130 370
544 551
207 664
544 685
47 696
147 816
791 966
580 801
4 107
71 318
486 596
113 650
200 665
62 735
625 800
549 805
463 980
83 776
496 901
379 956
209 244
709 753
3 906
751 987
185 227
381 465
169 520
28 589
156 603
124 667
756 904
82 986
769 988
660 994
650 654
173 956
195 306
38 765
21 201
361 640
851 902
308 917
68 854
26 354
464 509
432 711
151 390
492 568
164 686
198 246
267 403
380 513
306 519
374 586
380 611
472 474
115 476
358 491
566 634
121 662
568 754
754 833
246 895
160 906
679 911
48 918
562 933
167 403
51 413
87 490
262 562
510 578
181 596
163 720
266 795
323 856
248 870
616 917
282 972
239 557
458 915
297 960
527 970
410 528
216 232
159 285
407 514
656 969
637 686
572 809
426 872
757 903
867 935
894 950
173 237
163 739
36 885
172 911
513 520
608 775
658 937
13 631
231 692
134 848
308 886
413 577
69 905
321 960
42 236
225 264
101 282
175 472
354 541
115 603
526 645
416 753
71 785
190 822
581 822
399 855
210 873
234 891
42 185
124 273
128 609
100 620
50 755
27 945
626 965
358 514
596 600
117 691
711 829
211 933
93 173
121 232
304 490
525 636
0 751
83 243
57 379
157 629
107 482
396 815
140 411
367 580
545 879
210 915
199 452
364 732
736 818
201 286
87 522
238 616
370 801
549 852
768 966
600 699
856 982
42 63
33 210
68 340
309 363
296 624
399 643
59 795
294 816
851 884
699 981
30 103
251 464
220 549
728 920
374 688
83 853
870 886
293 319
621 757
228 766
604 809
170 866
148 877
75 996
142 165
157 234
592 615
5 851
38 178
12 658
27 788
176 792
84 799
485 858
278 866
313 361
355 368
288 603
241 691
633 723
751 758
273 816
354 837
103 852
276 931
227 241
197 264
404 572
474 761
254 770
527 777
590 785
238 629
222 857
787 894
64 489
268 406
535 745
601 775
41 811
341 892
148 339
242 882
471 901
528 601
560 928
4 628
424 649
119 656
139 672
260 740
229 742
748 750
277 762
107 775
882 933
109 239
182 250
307 371
624 658
615 816
572 841
778 861
436 872
681 891
819 964
210 458
459 638
577 825
157 870
660 919
137 221
150 765
344 959
166 233
105 641
427 833
610 989
4 328
7 328
189 377
95 451
49 586
314 797
866 948
621 997
221 670
358 802
556 900
456 493
365 724
13 794
878 914
51 210
26 386
579 589
688 772
52 779
313 787
684 870
104 465
444 471
358 483
184 526
422 528
242 551
442 588
214 677
72 703
40 893
437 963
362 478
502 546
379 803
657 819
172 837
117 263
218 312
383 415
257 624
601 637
587 748
72 927
244 936
72 172
106 279
476 588
221 673
568 740
77 995
270 319
76 666
69 300
186 628
97 251
299 588
341 712
538 761
739 785
671 815
498 857
405 889
134 169
294 324
58 351
22 433
127 633
230 633
72 648
334 889
144 895
181 965
57 977
60 72
90 149
411 673
827 914
87 946
224 264
121 499
338 595
313 704
473 780
479 879
230 545
328 628
717 810
430 931
454 762
73 129
98 218
37 557
672 747
439 457
496 617
663 775
635 776
403 878
421 983
376 465
339 774
464 934
233 949
483 491
60 679
688 731
67 939
368 557
540 727
604 845
827 857
536 881
186 946
549 988
197 398
151 400
643 844
83 874
803 977
17 148
42 151
254 279
233 742
139 822
158 239
126 349
193 399
512 654
642 844
247 311
336 438
169 848
244 866
103 968
145 969
31 558
464 663
80 683
467 794
728 872
552 969
135 354
162 518
541 632
482 655
85 673
427 740
740 783
404 849
697 903
762 921
463 954
606 979
121 376
303 428
366 638
135 679
543 800
230 808
265 869
43 974
204 307
44 354
242 607
301 840
685 882
97 509
480 557
168 679
575 725
562 750
165 782
128 886
547 969
51 576
102 592
496 747
517 777
731 845
103 220
133 515
157 308
451 956
610 967
451 558
458 832
140 200
97 516
624 674
548 705
318 709
617 719
545 723
29 781
732 839
508 893
27 244
211 551
464 608
447 786
352 353
66 356
267 707
304 911
100 792
544 847
30 851
369 917
353 373
200 411
138 698
371 468
257 489
202 830
606 868
540 674
224 788
62 829
224 405
296 489
545 603
551 607
140 221
339 345
206 711
610 898
26 938
60 172
156 288
857 878
754 941
56 116
449 482
63 691
18 725
506 995
121 381
213 662
67 721
458 834
473 863
644 894
297 912
78 953
686 997
236 408
1 569
231 659
539 779
748 933
228 245
319 335
42 390
399 702
243 513
354 543
436 584
311 621
168 632
253 840
327 841
191 460
274 472
203 587
234 655
413 682
346 822
467 924
367 535
343 856
819 869
664 945
433 992
391 485
381 538
739 746
483 954
96 957
209 278
356 434
128 490
212 612
588 633
167 704
533 711
586 731
696 760
635 853
626 855
349 926
48 928
839 959
265 966
24 103
7 186
201 660
177 191
653 798
532 853
129 862
672 901
61 474
351 616
560 875
304 927
290 471
471 743
281 950
586 772
241 910
364 984
167 259
257 493
535 580
354 632
577 832
622 974
233 976
16 72
431 772
220 852
68 167
741 751
754 759
861 898
704 950
952 991
585 587
462 600
521 924
147 273
448 613
17 877
561 910
84 570
216 662
555 708
223 971
872 990
197 224
261 378
139 617
163 735
264 889
223 905
19 918
427 941
394 951
69 971
117 227
357 691
775 934
53 166
127 418
488 523
73 540
156 617
85 665
529 718
592 733
86 896
236 910
439 922
791 964
735 967
250 998
506 651
360 770
347 871
320 942
110 155
208 311
321 387
193 702
305 724
414 790
637 934
235 967
347 396
60 521
282 651
550 688
533 746
524 828
703 927
150 205
221 259
744 925
538 964
224 398
533 590
838 891
744 924
507 943
6 40
153 738
782 912
110 516
441 720
184 740
77 877
153 460
152 644
404 841
398 883
111 307
118 352
315 710
813 838
611 874
634 982
182 188
159 307
159 371
346 496
311 516
518 669
447 790
142 871
616 891
347 952
515 540
517 970
4 25
259 361
311 686
324 713
610 861
717 971
815 983
31 93
617 879
488 961
235 561
276 564
129 658
401 663
65 728
566 856
20 906
25 946
615 968
464 493
158 698
386 911
170 209
238 248
225 334
466 487
394 522
247 637
203 642
26 679
713 763
760 770
528 934
298 958
962 987
479 719
463 802
210 534
617 672
906 949
128 317
290 715
535 736
745 818
541 837
111 145
120 315
68 625
317 648
613 735
93 803
168 911
450 916
553 937
165 256
75 284
16 317
22 526
697 721
329 985
466 997
30 367
103 367
270 593
187 663
521 703
154 817
551 855
294 907
242 847
580 851
270 295
569 767
47 770
492 783
390 861
91 972
898 981
15 317
346 672
248 676
474 536
611 722
533 739
43 907
151 241
556 893
9 991
310 630
242 844
215 943
0 430
582 640
589 905
621 939
204 285
3 320
259 582
263 612
121 657
262 668
367 733
372 751
571 770
805 852
409 914
498 914
275 961
38 974
229 320
87 328
31 95
113 636
337 660
699 735
708 849
873 915
288 993
111 552
60 744
249 761
723 808
275 827
456 464
133 727
718 776
14 846
530 893
262 933
456 934
377 963
310 965
617 675
320 755
441 785
653 812
338 827
243 611
6 892
345 995
254 760
23 451
25 459
243 529
390 561
299 603
870 917
701 792
717 905
369 775
994 998
123 322
4 369
183 725
484 893
858 893
29 913
310 443
100 217
119 286
330 663
255 926
160 184
242 262
516 804
592 816
571 935
786 940
784 991
45 287
473 634
6 712
313 950
20 229
224 245
237 379
172 386
124 504
342 511
555 612
73 658
257 661
296 661
571 717
167 787
103 805
702 867
954 980
812 984
843 985
597 999
322 750
260 754
844 882
871 991
185 447
458 534
679 837
55 893
188 286
333 349
464 487
376 538
18 643
756 758
546 765
340 854
538 909
283 964
65 326
58 358
8 392
303 440
464 601
374 790
760 810
281 854
904 962
21 286
276 335
389 594
528 775
237 977
223 254
339 567
259 670
513 982
36 222
39 338
251 466
58 618
470 678
475 847
123 849
9 347
25 366
182 660
651 725
565 845
761 909
347 784
431 809
344 867
291 970
386 543
29 567
262 612
100 858
606 899
182 994
94 219
513 529
666 771
589 971
92 370
118 373
256 880
385 985
13 402
77 506
91 585
550 586
74 697
42 778
554 781
527 799
129 937
145 384
139 471
297 569
588 723
465 761
529 780
342 796
226 808
634 820
902 908
648 911
157 917
0 962
187 608
328 886
117 454
435 596
191 631
317 911
753 977
120 329
438 483
156 545
384 552
17 726
597 744
153 206
161 329
295 593
648 679
153 711
505 790
136 820
700 868
313 932
218 964
789 975
102 397
260 759
86 840
187 509
593 834
184 833
396 871
156 190
248 629
169 722
568 759
704 787
94 831
22 194
146 781
33 198
105 240
17 280
349 453
45 724
455 745
633 796
91 933
430 987
581 603
508 900
502 907
3 942
718 982
167 246
161 315
610 613
672 743
9 871
34 230
676 684
195 693
499 819
854 895
300 905
707 932
293 295
238 684
331 851
160 427
128 706
35 450
226 502
403 582
61 104
415 425
134 842
333 926
396 991
75 327
107 449
35 558
82 628
191 461
477 503
427 568
625 680
310 699
379 753
195 865
811 871
781 876
936 948
494 986
427 492
12 540
99 569
51 395
486 600
194 783
45 363
44 386
328 706
485 792
367 801
323 863
702 959
184 194
53 233
130 418
169 532
364 653
34 723
182 779
39 780
165 811
566 820
847 882
729 902
197 945
40 341
318 416
466 493
172 632
366 639
336 650
234 676
642 748
724 793
841 849
274 881
407 954
629 684
157 716
105 782
310 989
43 205
692 726
226 497
393 646
643 855
546 907
339 913
62 981
144 281
466 509
449 655
666 754
611 776
233 942
152 950
356 384
102 733
325 337
456 601
7 82
259 403
431 550
181 600
134 611
104 791
458 825
818 884
924 951
774 995
733 968
92 342
306 412
418 511
101 726
279 810
315 985
368 375
780 820
17 913
312 964
117 212
36 409
546 737
707 787
150 811
698 953
197 405
149 779
500 891
258 297
63 447
35 237
187 251
355 557
123 708
40 712
203 750
566 780
393 792
388 795
513 874
259 878
62 967
502 974
661 978
43 147
158 389
97 493
185 691
529 856
651 958
485 620
300 971
489 978
75 578
485 687
78 698
465 909
199 444
340 680
409 857
73 348
33 577
166 976
88 188
58 676
423 719
767 811
126 842
198 854
31 930
58 954
465 964
302 360
458 577
317 609
359 710
210 825
460 924
592 968
295 335
293 355
629 681
461 472
674 859
36 923
15 200
28 223
380 529
231 575
356 944
148 506
5 902
203 933
328 946
194 433
407 483
452 502
268 856
196 353
13 432
12 624
507 662
152 787
118 887
203 972
287 291
27 398
262 544
408 921
163 610
533 785
347 880
402 881
570 970
922 996
19 48
8 171
408 454
321 470
336 491
135 541
173 558
431 688
254 717
440 744
544 844
572 845
705 849
8 75
26 135
155 257
281 403
7 638
8 922
303 925
87 927
703 999
44 478
826 890
472 536
436 540
344 717
31 956
117 236
401 608
252 987
21 547
243 634
720 898
197 948
181 277
411 670
566 718
286 994
394 521
720 967
448 981
29 146
104 175
192 205
456 466
561 596
59 604
329 710
236 762
505 807
399 839
225 866
389 896
1 240
246 670
54 189
551 643
332 733
203 882
662 943
575 958
256 421
549 769
606 700
666 773
41 880
20 976
21 994
26 60
266 292
227 408
412 446
446 495
476 603
596 613
571 732
397 763
75 841
693 865
261 999
314 437
115 442
294 713
455 736
644 787
465 791
484 900
848 853
595 885
239 355
317 490
154 411
538 791
100 176
50 229
151 235
151 778
748 882
49 431
482 528
111 789
40 892
23 930
218 265
119 434
338 473
351 514
431 586
489 658
44 800
654 813
722 828
136 856
16 911
189 314
698 896
834 931
193 965
58 238
136 313
432 738
448 829
206 318
805 851
12 859
493 937
782 947
24 968
446 992
148 995
206 590
330 608
345 693
441 746
468 784
184 941
770 971
929 986
196 373
323 644
492 645
204 784
577 873
477 889
2 95
151 185
97 247
198 281
297 419
348 436
230 588
242 642
478 938
924 999
254 302
245 405
49 505
695 752
122 769
690 900
15 609
308 616
727 920
99 240
187 493
16 679
693 774
364 823
187 934
128 304
226 324
172 354
120 695
370 745
514 954
312 966
144 403
364 462
319 593
722 848
357 910
748 972
321 979
93 237
96 273
357 824
172 478
273 667
659 725
73 584
325 660
28 279
5 580
584 674
470 700
378 925
642 933
487 934
209 225
151 408
358 438
598 856
143 564
406 741
724 970
100 391
216 574
220 851
36 338
184 492
561 610
48 830
26 837
696 966
286 660
761 869
300 344
195 519
513 566
174 579
404 604
418 605
192 622
456 637
499 909
855 959
176 393
551 685
776 828
0 252
109 368
104 474
19 560
732 935
707 856
33 152
98 283
104 283
42 408
493 553
519 573
146 599
285 784
747 822
490 886
178 974
118 182
4 366
391 687
123 883
226 907
52 420
530 690
658 978
393 503
54 758
174 302
470 899
217 393
390 400
613 630
152 682
98 869
281 894
205 974
45 272
56 282
263 357
246 625
131 715
67 806
117 824
116 889
403 894
191 924
326 426
131 452
46 467
262 475
313 863
510 996
129 296
761 819
148 231
25 638
174 717
268 776
643 935
298 300
628 639
596 610
166 614
7 639
442 669
735 861
657 909
54 962
38 289
54 904
459 946
192 767
201 998
46 460
544 748
413 897
177 951
138 840
57 95
35 451
233 666
528 686
418 763
495 783
482 838
158 846
787 878
466 937
630 984
286 384
222 523
302 579
354 680
570 724
150 767
675 822
612 824
30 852
238 870
147 294
603 694
711 739
721 806
259 895
778 910
17 77
156 423
176 677
565 769
70 796
585 889
189 904
630 965
356 969
558 977
524 542
39 820
875 918
515 920
210 413
214 627
21 656
17 689
778 967
61 213
561 699
819 966
37 593
178 546
137 200
41 347
788 883
192 974
72 999
532 776
101 506
243 566
405 627
522 703
694 723
91 211
211 750
42 762
116 766
312 819
512 838
513 853
344 399
379 558
410 637
615 764
529 820
868 899
41 991
880 991
695 843
697 939
48 320
416 428
379 451
489 493
203 544
381 819
232 909
681 716
734 768
30 549
632 679
616 870
83 169
119 201
251 553
469 570
9 667
550 795
687 893
63 910
65 973
553 997
377 542
64 216
452 622
387 710
99 767
2 173
40 556
62 720
478 837
87 886
104 890
17 567
645 740
46 191
64 215
248 351
181 382
157 449
283 465
318 533
109 594
170 627
500 650
616 716
147 737
580 745
675 747
711 794
382 910
243 982
823 984
80 269
208 939
820 982
156 993
228 503
850 858
716 891
234 238
43 324
518 537
24 605
119 944
66 125
394 597
397 615
628 638
92 649
417 726
474 964
323 982
461 536
580 736
638 775
117 921
12 296
283 538
739 967
81 85
70 342
240 387
434 547
496 822
249 929
108 356
90 539
478 543
652 826
640 827
742 906
574 986
107 366
132 421
658 661
496 743
281 787
98 791
191 794
323 820
880 983
436 990
65 269
82 366
361 403
316 446
505 550
486 561
715 743
759 833
534 873
107 917
443 965
346 545
132 815
759 941
79 240
1 297
361 523
494 574
245 585
515 614
658 674
346 675
84 721
3 949
9 975
607 626
914 961
138 389
487 553
676 891
221 895
150 974
135 478
163 785
311 997
42 227
204 445
626 959
234 369
487 601
169 635
71 720
668 847
186 986
10 56
77 231
178 289
560 647
258 715
35 803
208 903
713 907
549 908
678 960
6 55
131 471
81 609
430 756
256 815
564 834
419 912
123 350
19 381
307 396
62 711
545 808
472 826
878 950
822 993
204 371
61 538
193 844
538 869
142 396
479 497
331 884
115 581
178 622
422 637
200 670
529 635
334 788
38 199
121 465
537 588
741 749
139 190
509 553
242 702
786 807
204 952
198 267
372 406
433 730
469 757
227 762
718 853
839 867
390 910
578 922
41 789
223 810
423 879
600 989
19 376
107 459
213 499
388 505
466 516
42 561
455 583
70 649
629 655
69 717
153 794
146 814
18 642
570 799
300 810
167 267
323 566
192 811
627 866
72 378
235 400
194 427
579 770
211 844
468 952
23 57
22 141
245 417
484 690
18 867
667 957
181 989
647 734
122 845
895 950
174 971
133 166
296 493
386 680
115 694
20 320
278 664
144 665
217 677
642 702
83 722
410 775
517 799
565 809
612 847
640 878
1 912
392 996
109 158
156 346
261 521
356 547
451 977
289 497
184 568
232 943
559 652
598 776
790 807
832 834
79 337
181 630
493 661
504 667
607 685
526 754
262 882
61 929
56 91
212 357
260 427
378 440
776 856
822 901
710 985
215 662
498 827
523 961
435 965
286 969
442 537
282 587
399 607
427 645
281 682
741 756
750 847
211 242
92 583
97 686
29 835
536 890
770 905
780 982
695 985
65 990
324 502
121 538
205 546
512 563
514 618
264 627
553 859
844 867
936 945
190 288
527 570
254 589
209 664
354 911
685 933
278 945
357 443
426 728
1 767
72 911
61 472
364 630
90 182
442 518
480 564
393 620
92 745
391 850
79 947
389 953
829 981
68 144
46 180
22 184
86 385
116 585
272 683
372 756
54 828
167 894
240 947
148 429
734 760
29 814
367 908
857 961
339 506
500 514
388 549
642 685
603 723
300 770
285 952
789 952
29 280
56 766
175 909
542 987
74 305
71 739
491 954
380 982
24 332
27 334
392 578
467 597
462 653
156 719
580 818
17 821
514 980
804 997
153 631
38 502
10 659
227 910
42 235
12 348
265 819
135 304
234 351
351 684
143 846
302 696
605 713
579 760
29 821
529 874
126 926
478 541
483 618
33 682
34 808
10 282
380 566
12 584
698 840
84 305
332 615
103 908
32 197
110 469
187 601
247 621
796 808
72 362
336 407
8 457
214 503
479 545
428 744
585 750
189 797
423 808
360 810
367 851
855 867
682 894
185 910
188 919
457 996
183 506
72 521
62 610
559 630
242 855
317 632
265 696
199 419
13 924
31 173
259 640
520 722
679 927
289 444
234 482
55 485
136 644
132 656
508 690
739 829
751 904
381 909
613 989
250 286
141 427
217 485
361 498
409 595
804 813
825 873
590 720
160 942
211 685
360 768
276 834
68 221
203 282
192 569
335 593
616 655
230 694
418 713
598 741
427 754
784 789
180 829
192 912
165 947
79 105
491 514
322 705
80 831
399 844
155 296
295 576
544 750
10 231
21 250
11 315
222 361
449 629
15 632
369 684
621 721
206 746
520 776
595 780
313 914
143 931
692 972
565 795
591 830
574 929
56 585
124 615
110 621
514 681
302 810
457 841
227 374
388 852
23 31
291 365
357 435
249 494
553 624
404 708
626 732
731 809
376 819
261 924
175 964
552 983
137 259
244 278
22 427
71 432
36 523
314 542
232 574
205 765
284 849
670 854
758 987
58 407
500 629
342 649
350 668
758 904
542 962
307 975
27 209
154 221
251 257
267 281
442 481
485 701
428 709
654 891
617 901
10 17
238 308
144 361
380 634
526 783
621 903
320 949
213 376
112 444
122 572
500 716
685 824
129 155
488 498
250 539
18 958
356 656
370 736
39 885
117 910
4 917
358 980
635 982
158 375
0 542
565 572
382 691
153 261
634 874
707 894
376 909
245 334
54 372
35 420
295 458
311 563
548 612
614 619
330 639
512 650
776 853
817 980
600 981
276 293
522 927
80 272
88 286
144 582
370 605
259 665
452 743
897 930
852 988
372 598
152 281
39 634
9 789
486 898
428 938
144 950
171 996
77 429
130 535
477 766
308 449
257 509
209 627
304 632
183 651
722 888
259 281
307 347
213 381
24 397
96 504
340 541
328 638
668 685
63 151
125 159
197 244
220 367
487 637
15 673
514 676
621 804
142 815
211 847
664 866
644 950
435 989
487 997
220 332
177 472
186 522
330 638
455 649
372 749
704 857
449 891
622 912
47 302
18 551
230 603
395 682
760 768
243 780
509 934
807 940
246 340
6 508
581 617
348 674
719 822
277 910
727 973
145 983
245 264
395 577
150 622
309 793
600 798
704 914
154 200
26 303
336 525
168 541
522 628
772 795
175 826
809 841
259 950
557 564
411 704
614 727
3 742
706 917
462 613
340 670
24 763
314 904
65 920
270 931
659 958
83 529
528 608
633 694
267 313
344 732
735 739
246 894
129 257
134 520
375 557
588 669
363 683
112 715
206 739
619 759
767 912
139 346
51 458
129 540
576 577
14 239
213 657
413 854
265 964
287 970
324 546
59 550
735 829
351 891
459 917
168 938
25 328
254 360
56 417
595 820
685 844
465 869
151 921
394 999
209 264
43 502
506 659
386 679
205 811
61 964
826 881
322 933
27 32
137 144
56 228
308 328
370 455
187 456
413 534
343 644
131 672
423 694
722 842
403 895
832 915
480 963
390 967
296 978
104 312
61 494
815 880
456 997
11 79
362 541
506 692
397 737
98 823
13 261
66 371
145 371
269 426
99 641
539 660
281 704
670 704
505 772
646 792
415 814
48 875
327 883
806 903
26 911
95 916
890 964
288 299
7 366
146 484
187 487
257 553
53 645
13 738
422 775
484 835
561 861
179 229
152 246
73 624
161 695
811 880
625 897
93 379
29 599
266 604
179 742
161 752
208 804
292 852
110 164
67 208
207 244
333 524
235 610
268 741
307 991
397 504
720 861
829 898
707 950
117 382
285 396
276 458
478 632
291 777
304 837
197 209
171 578
307 789
247 456
434 656
138 896
97 155
19 499
222 582
397 605
13 711
738 744
302 768
266 988
34 342
417 503
19 657
163 235
135 317
316 519
545 617
26 632
640 704
298 725
610 778
528 838
255 842
165 880
79 919
87 628
251 934
357 454
371 815
750 882
11 329
369 410
364 559
332 592
543 625
100 687
326 728
592 763
389 840
50 906
981 989
469 527
587 750
422 813
215 978
482 638
636 654
304 679
678 700
841 922
394 927
180 812
717 839
704 895
35 916
193 959
99 165
65 219
24 367
255 453
116 587
562 612
74 721
422 891
374 408
224 585
375 594
258 678
388 769
391 858
647 918
529 532
412 573
458 576
47 768
722 776
202 271
277 310
332 549
458 593
456 686
801 818
794 829
31 916
451 930
776 982
778 989
181 699
631 711
141 754
0 758
554 835
93 930
268 372
503 627
648 703
364 965
165 983
59 292
34 418
218 652
330 775
737 816
467 881
10 972
189 524
153 533
16 703
331 729
666 759
515 973
97 164
218 283
60 362
10 417
637 775
49 795
672 822
104 218
55 341
2 451
371 552
626 702
142 789
218 791
137 498
713 737
885 914
247 528
366 663
122 795
18 844
548 849
513 856
197 889
566 932
421 947
596 630
188 539
180 559
505 795
110 799
445 940
327 996
306 316
404 431
136 566
191 597
248 706
73 859
144 878
808 879
27 264
456 553
187 661
340 895
274 951
162 442
16 87
340 543
13 191
313 857
60 938
83 982
735 989
3 48
115 156
533 720
635 722
147 764
676 870
82 946
212 262
378 428
416 440
443 596
650 681
141 759
159 784
429 814
521 951
2 57
60 168
188 325
147 397
658 862
182 998
110 487
262 824
809 849
136 982
234 308
382 561
172 648
555 668
317 837
835 876
240 960
277 596
612 705
644 749
214 792
339 877
2 938
55 391
537 694
290 743
849 883
89 349
76 619
387 695
363 724
59 772
366 775
380 853
328 917
856 932
79 421
92 736
248 369
430 557
190 617
140 817
249 826
61 465
91 475
230 511
369 655
609 673
508 858
472 881
352 887
35 930
116 972
69 279
369 459
310 486
562 705
241 447
542 756
754 773
554 821
43 294
20 53
123 548
100 701
294 763
719 808
275 885
844 959
359 385
227 447
104 909
225 503
63 374
378 679
425 693
59 845
547 944
170 225
72 304
209 334
702 882
486 967
409 473
566 635
219 728
413 915
87 459
38 546
174 571
222 640
395 854
35 57
133 348
198 413
155 493
423 588
135 648
179 755
53 759
561 762
178 765
582 787
637 804
264 866
157 891
174 905
802 923
473 932
407 618
579 717
329 887
147 205
377 437
97 602
511 723
751 834
712 893
48 906
592 605
391 792
638 917
227 414
222 488
270 564
84 621
163 746
619 771
264 788
377 904
426 973
194 740
772 845
563 813
182 201
72 394
187 489
457 572
111 671
332 805
94 872
484 876
892 893
402 924
816 957
405 477
176 485
300 571
239 594
684 706
821 876
278 948
461 951
70 588
669 694
313 707
416 738
139 747
545 747
724 777
81 154
22 941
32 224
241 390
382 596
399 732
573 955
23 173
196 352
438 636
174 696
343 707
732 823
83 134
444 672
241 762
409 863
801 884
325 919
904 963
967 981
85 411
410 449
358 463
153 467
38 497
484 554
523 582
137 640
30 733
136 787
9 811
684 891
50 976
396 983
73 296
132 547
3 591
310 613
77 623
497 747
789 815
93 956
608 637
163 981
24 130
78 389
369 422
448 462
29 689
490 706
234 838
497 879
909 929
35 998
7 87
167 221
80 326
80 363
213 538
319 576
87 706
367 805
122 809
355 846
733 852
6 858
593 873
788 889
357 921
53 76
145 396
607 643
541 911
620 677
646 701
482 917
480 931
130 342
6 484
413 825
315 843
256 871
594 953
932 982
123 562
419 622
366 628
55 712
265 768
17 29
21 558
502 737
287 777
99 912
105 165
39 409
2 478
396 552
662 909
555 705
383 774
33 894
284 922
440 938
582 950
703 951
659 972
149 293
259 313
187 401
7 522
323 529
177 536
18 575
457 578
334 627
201 656
60 703
5 818
557 931
585 972
169 380
303 416
167 854
488 885
767 947
301 953
178 226
236 447
536 652
696 734
688 790
734 830
410 891
93 977
231 995
449 638
344 643
652 653
277 691
397 713
425 774
596 981
318 753
47 810
943 978
371 396
288 476
146 508
436 728
675 743
40 900
671 983
20 160
117 277
422 449
54 741
68 800
62 861
248 891
213 929
382 989
68 200
24 615
152 707
634 718
661 943
256 947
247 487
412 519
11 695
155 799
338 914
21 188
152 403
103 592
597 703
60 261
254 300
192 782
95 803
410 813
179 943
942 976
45 291
349 501
409 523
368 594
456 608
897 916
153 925
310 382
252 406
104 657
175 929
251 937
450 576
508 876
61 121
287 309
301 385
334 398
509 601
13 46
184 260
131 419
570 777
334 945
66 108
69 183
141 184
313 323
333 453
407 802
78 840
165 871
169 874
822 879
49 414
213 465
134 828
530 892
957 968
408 414
506 575
62 785
626 935
188 337
75 439
34 588
380 776
396 784
414 786
253 953
277 989
144 200
201 547
56 692
317 927
338 863
284 883
264 945
172 378
249 536
150 569
233 755
142 767
486 861
156 879
35 956
645 976
373 539
106 579
546 622
401 639
421 671
199 715
111 784
142 811
712 850
27 866
857 885
398 889
188 998
17 429
674 937
508 554
709 738
53 773
589 810
222 878
450 930
277 561
289 672
226 879
928 966
619 666
6 687
586 790
101 972
351 980
641 983
30 580
606 678
426 777
713 796
268 828
333 842
315 887
411 895
805 902
489 937
198 950
256 396
378 597
94 728
318 746
105 767
343 776
508 835
327 849
249 909
167 198
99 297
392 510
325 887
716 980
3 20
514 629
43 765
549 795
390 921
90 998
213 494
403 707
206 785
654 838
185 374
456 516
272 724
531 690
65 831
84 939
645 773
491 802
194 992
15 304
284 457
655 813
276 873
566 874
925 999
66 159
516 553
294 592
415 599
366 608
500 636
184 645
376 662
614 666
459 706
620 876
863 878
111 880
396 952
600 965
72 135
257 466
487 686
480 846
51 873
884 902
420 916
234 716
565 731
374 786
563 804
566 863
242 933
509 937
213 507
504 592
251 601
56 726
242 824
284 996
238 514
110 602
308 676
400 778
727 862
30 332
275 523
501 797
55 892
15 911
37 276
487 516
62 533
588 603
10 651
212 685
532 722
262 750
529 776
17 781
493 859
334 866
176 876
785 898
580 908
494 909
12 937
311 939
431 548
69 579
528 663
630 699
69 810
152 167
132 286
206 738
633 808
473 885
60 303
177 402
112 471
154 609
621 686
22 833
68 682
544 702
419 715
178 199
143 239
303 378
798 823
150 912
16 128
95 173
83 566
87 648
359 695
282 748
372 828
18 702
197 866
878 932
146 531
295 915
118 337
440 709
189 926
532 982
193 443
448 559
406 644
656 671
112 700
169 718
542 758
892 900
874 982
353 860
215 216
179 662
530 712
231 726
515 771
378 703
285 815
259 857
781 877
830 928
554 620
173 753
30 902
305 970
176 554
3 19
33 413
230 479
180 613
46 829
217 876
459 886
472 929
21 956
16 172
153 440
925 938
234 422
371 784
780 874
110 456
466 859
670 950
98 696
295 825
158 355
479 747
644 856
484 858
367 884
299 423
49 790
378 924
76 233
256 641
329 843
33 873
149 196
175 536
113 563
120 752
511 808
642 847
234 870
132 983
16 135
80 219
550 565
498 582
240 641
714 729
