1000 5060 58.83026432033091 sparse
0 809 47
1 173 637
2 173 928
3 143 529
4 302 377
5 976 629
6 218 337
7 378 969
8 135 831
9 241 348
10 510 591
11 938 721
12 642 268
13 651 564
14 633 384
15 137 6
16 916 86
17 92 960
18 889 194
19 902 483
20 439 508
21 63 364
22 934 379
23 825 269
24 869 336
25 532 194
26 576 145
27 774 416
28 895 309
29 266 828
30 729 836
31 694 718
32 897 452
33 189 791
34 153 344
35 765 557
36 837 456
37 731 188
38 440 663
39 232 485
40 192 459
41 671 300
42 698 916
43 198 691
44 556 253
45 639 333
46 177 400
47 173 478
48 244 461
49 205 960
50 279 201
51 87 484
52 862 799
53 181 304
54 976 669
55 831 615
56 544 836
57 902 552
58 265 586
59 732 24
60 516 792
61 808 440
62 119 599
63 845 516
64 543 576
65 101 673
66 617 558
67 0 970
68 832 638
69 814 464
70 256 240
71 576 268
72 673 113
73 431 932
74 576 987
75 189 949
76 882 189
77 212 210
78 999 670
79 50 475
80 695 881
81 56 177
82 133 605
83 960 426
84 482 882
85 655 787
86 370 868
87 115 714
88 37 902
89 311 121
90 525 71
91 349 212
92 519 678
93 174 221
94 318 168
95 830 422
96 45 908
97 820 757
98 820 513
99 754 204
100 441 506
101 657 320
102 450 510
103 593 681
104 653 892
105 108 408
106 45 548
107 226 738
108 391 772
109 154 88
110 472 757
111 687 530
112 55 563
113 64 982
114 532 634
115 500 882
116 425 314
117 946 610
118 894 538
119 466 134
120 105 36
121 753 893
122 438 478
123 372 72
124 7 441
125 121 868
126 339 985
127 594 94
128 892 832
129 689 139
130 864 131
131 488 305
132 212 902
133 549 759
134 775 676
135 731 428
136 448 29
137 911 694
138 850 846
139 500 500
140 249 598
141 823 124
142 148 470
143 49 944
144 801 830
145 365 334
146 969 562
147 104 249
148 737 936
149 612 212
150 408 709
151 411 682
152 975 424
153 622 714
154 302 556
155 738 764
156 695 426
157 467 569
158 791 487
159 210 362
160 990 264
161 377 311
162 806 991
163 602 886
164 589 827
165 788 700
166 66 23
167 186 919
168 301 940
169 99 452
170 460 974
171 855 889
172 24 695
173 840 216
174 966 273
175 652 49
176 840 403
177 797 56
178 701 854
179 833 840
180 774 237
181 770 147
182 269 627
183 756 952
184 325 815
185 900 230
186 663 840
187 165 459
188 903 170
189 526 964
190 729 2
191 745 236
192 757 56
193 961 158
194 374 513
195 710 551
196 184 817
197 318 941
198 527 133
199 402 57
200 554 513
201 395 754
202 388 369
203 404 64
204 929 870
205 531 453
206 139 650
207 854 126
208 699 957
209 72 116
210 811 0
211 624 240
212 806 915
213 792 662
214 812 976
215 468 594
216 486 372
217 226 566
218 72 642
219 416 398
220 261 90
221 166 880
222 572 368
223 532 304
224 375 386
225 494 555
226 80 881
227 871 341
228 290 482
229 188 888
230 477 156
231 277 273
232 662 436
233 60 717
234 553 118
235 442 739
236 597 895
237 966 631
238 159 104
239 544 758
240 67 577
241 255 402
242 637 702
243 498 176
244 945 417
245 99 540
246 569 581
247 259 929
248 408 674
249 339 805
250 873 818
251 633 580
252 770 94
253 481 989
254 666 301
255 677 25
256 393 976
257 123 764
258 893 87
259 509 157
260 671 977
261 697 283
262 754 997
263 756 96
264 300 173
265 455 98
266 20 86
267 367 411
268 25 339
269 771 87
270 87 641
271 365 939
272 928 28
273 704 487
274 898 335
275 681 38
276 772 214
277 789 579
278 5 960
279 338 477
280 895 641
281 469 214
282 627 242
283 779 301
284 713 87
285 830 330
286 848 892
287 878 544
288 154 815
289 351 956
290 707 289
291 650 552
292 933 199
293 390 321
294 931 708
295 19 995
296 469 489
297 716 389
298 799 940
299 565 622
300 349 870
301 303 550
302 47 871
303 418 957
304 323 412
305 539 699
306 535 246
307 182 740
308 258 669
309 597 704
310 64 318
311 151 71
312 708 51
313 464 561
314 641 428
315 194 633
316 684 6
317 676 86
318 991 975
319 47 122
320 292 982
321 599 546
322 513 184
323 272 222
324 113 366
325 695 17
326 982 15
327 289 982
328 643 655
329 947 807
330 400 742
331 927 187
332 860 182
333 759 231
334 270 301
335 485 491
336 949 372
337 926 122
338 644 222
339 551 231
340 778 5
341 65 610
342 839 85
343 590 267
344 441 592
345 921 786
346 862 418
347 28 308
348 640 535
349 503 972
350 689 744
351 218 239
352 711 128
353 420 605
354 478 872
355 403 812
356 877 77
357 337 970
358 594 328
359 736 363
360 208 653
361 8 292
362 604 510
363 527 409
364 762 833
365 291 646
366 275 302
367 431 500
368 961 971
369 648 387
370 974 258
371 252 807
372 320 589
373 262 153
374 340 664
375 821 979
376 405 237
377 645 477
378 998 617
379 78 573
380 232 793
381 852 717
382 387 596
383 796 206
384 253 213
385 352 305
386 963 773
387 889 144
388 146 438
389 991 323
390 958 97
391 810 431
392 182 452
393 250 171
394 491 638
395 473 379
396 11 438
397 68 329
398 925 756
399 180 917
400 125 761
401 274 734
402 847 953
403 604 69
404 643 597
405 412 49
406 382 187
407 971 955
408 565 133
409 64 535
410 53 942
411 697 96
412 382 583
413 769 421
414 219 304
415 640 410
416 301 226
417 268 818
418 339 27
419 418 313
420 524 818
421 681 342
422 333 822
423 87 41
424 18 742
425 337 853
426 962 273
427 884 451
428 503 592
429 509 603
430 52 597
431 102 667
432 241 149
433 686 78
434 716 201
435 973 976
436 232 438
437 30 891
438 617 795
439 805 610
440 407 262
441 165 834
442 777 673
443 412 26
444 523 997
445 990 322
446 996 520
447 677 990
448 12 989
449 899 759
450 969 242
451 701 90
452 571 237
453 576 309
454 562 399
455 1000 144
456 783 966
457 844 817
458 21 668
459 904 315
460 334 373
461 259 982
462 960 983
463 646 75
464 608 853
465 641 958
466 772 275
467 13 564
468 817 75
469 175 610
470 688 328
471 611 9
472 496 918
473 993 363
474 903 37
475 72 557
476 582 991
477 179 875
478 8 232
479 195 41
480 580 998
481 762 176
482 240 596
483 954 698
484 471 607
485 426 180
486 174 704
487 863 687
488 7 169
489 428 223
490 981 78
491 229 523
492 182 738
493 70 647
494 306 573
495 203 231
496 153 928
497 682 126
498 267 154
499 133 571
500 253 521
501 400 796
502 968 584
503 505 734
504 72 0
505 399 39
506 686 146
507 950 843
508 870 674
509 130 386
510 753 803
511 418 643
512 756 696
513 463 105
514 71 935
515 722 208
516 446 755
517 65 480
518 718 978
519 960 22
520 573 602
521 269 20
522 76 369
523 57 935
524 377 254
525 361 293
526 499 486
527 406 153
528 107 349
529 133 586
530 754 176
531 935 109
532 517 757
533 125 951
534 150 193
535 805 579
536 836 825
537 693 530
538 951 668
539 620 71
540 745 880
541 523 525
542 676 827
543 664 551
544 469 226
545 853 939
546 875 850
547 976 276
548 721 15
549 920 198
550 502 240
551 226 174
552 207 252
553 948 968
554 525 663
555 631 857
556 891 835
557 416 462
558 462 689
559 804 75
560 438 170
561 794 285
562 397 1
563 773 552
564 198 494
565 305 162
566 110 446
567 674 575
568 605 576
569 663 561
570 307 466
571 685 967
572 916 962
573 740 188
574 791 603
575 903 622
576 728 511
577 717 140
578 582 153
579 816 313
580 883 673
581 35 505
582 153 332
583 587 329
584 913 746
585 996 497
586 999 561
587 37 496
588 45 832
589 535 764
590 18 324
591 536 433
592 780 419
593 760 721
594 333 370
595 644 685
596 116 905
597 44 293
598 62 150
599 751 955
600 94 659
601 940 243
602 741 823
603 867 755
604 873 436
605 479 397
606 488 175
607 539 476
608 303 259
609 420 748
610 9 149
611 708 844
612 28 878
613 886 777
614 546 195
615 910 437
616 259 887
617 436 221
618 249 849
619 696 752
620 66 319
621 822 960
622 299 776
623 26 892
624 225 861
625 469 576
626 48 115
627 70 377
628 474 964
629 475 835
630 247 941
631 382 289
632 35 606
633 757 452
634 295 906
635 466 526
636 513 783
637 380 312
638 179 984
639 884 740
640 642 869
641 150 390
642 404 664
643 9 524
644 820 922
645 265 531
646 175 113
647 162 129
648 989 829
649 25 365
650 926 95
651 136 268
652 636 675
653 542 391
654 582 493
655 1000 167
656 332 226
657 838 601
658 125 907
659 372 17
660 777 727
661 870 677
662 169 922
663 294 161
664 787 192
665 41 58
666 168 427
667 886 885
668 566 428
669 753 708
670 452 720
671 722 705
672 907 431
673 413 875
674 110 392
675 694 574
676 865 91
677 392 186
678 960 426
679 385 511
680 289 245
681 522 985
682 355 479
683 115 604
684 968 882
685 605 592
686 503 44
687 7 252
688 582 370
689 235 257
690 670 317
691 537 18
692 595 21
693 945 616
694 45 61
695 297 419
696 148 490
697 528 151
698 977 560
699 212 562
700 169 284
701 353 157
702 519 74
703 494 1
704 291 162
705 679 434
706 646 466
707 261 426
708 119 787
709 460 295
710 699 622
711 126 846
712 366 739
713 255 0
714 521 764
715 45 558
716 568 922
717 3 344
718 863 793
719 415 605
720 918 630
721 7 696
722 333 1
723 322 560
724 716 684
725 758 378
726 563 614
727 906 97
728 462 344
729 577 257
730 651 788
731 450 503
732 252 969
733 839 208
734 606 436
735 26 988
736 586 979
737 390 593
738 800 831
739 181 276
740 935 268
741 816 987
742 3 385
743 511 307
744 880 590
745 358 727
746 493 547
747 211 962
748 467 280
749 923 563
750 112 463
751 229 986
752 467 680
753 37 993
754 331 158
755 49 956
756 903 285
757 430 784
758 619 487
759 608 876
760 183 562
761 186 199
762 693 17
763 913 725
764 977 260
765 604 344
766 610 929
767 999 755
768 183 198
769 113 392
770 603 253
771 691 570
772 534 450
773 871 983
774 887 363
775 821 825
776 832 686
777 216 419
778 131 772
779 734 143
780 253 18
781 760 748
782 234 998
783 638 600
784 799 171
785 396 580
786 832 720
787 118 42
788 585 891
789 79 926
790 718 679
791 618 443
792 523 1
793 398 391
794 369 234
795 784 654
796 583 989
797 161 804
798 319 702
799 449 423
800 682 556
801 185 436
802 250 864
803 501 550
804 553 220
805 494 866
806 773 164
807 220 867
808 352 110
809 625 958
810 993 76
811 769 103
812 366 303
813 959 722
814 990 670
815 309 441
816 469 731
817 138 796
818 718 871
819 781 455
820 29 440
821 497 438
822 920 395
823 851 370
824 286 453
825 282 371
826 446 336
827 716 846
828 76 147
829 823 682
830 688 26
831 520 123
832 212 846
833 569 938
834 817 207
835 350 811
836 774 209
837 831 681
838 294 214
839 834 447
840 32 272
841 606 529
842 339 155
843 505 134
844 216 890
845 507 529
846 780 608
847 913 416
848 549 824
849 821 547
850 464 149
851 862 17
852 34 963
853 493 809
854 562 484
855 156 731
856 337 588
857 122 499
858 619 274
859 976 26
860 528 429
861 452 448
862 680 781
863 87 909
864 196 188
865 259 216
866 646 214
867 423 11
868 379 517
869 368 702
870 749 472
871 730 387
872 381 858
873 887 450
874 212 789
875 726 680
876 725 262
877 178 61
878 723 708
879 800 577
880 466 874
881 664 682
882 340 576
883 376 472
884 920 442
885 911 158
886 506 966
887 422 788
888 880 149
889 698 17
890 986 576
891 169 538
892 686 958
893 134 232
894 820 380
895 296 289
896 803 796
897 212 27
898 298 633
899 325 250
900 981 260
901 993 405
902 610 534
903 795 482
904 399 949
905 394 544
906 791 153
907 220 629
908 614 115
909 184 626
910 790 645
911 116 549
912 778 698
913 569 519
914 254 893
915 434 838
916 307 842
917 203 886
918 858 743
919 942 489
920 795 878
921 582 117
922 137 314
923 460 337
924 86 249
925 42 206
926 712 780
927 966 627
928 542 65
929 29 456
930 757 23
931 820 472
932 458 705
933 236 691
934 514 420
935 223 513
936 996 351
937 42 562
938 375 296
939 180 551
940 694 908
941 459 753
942 45 390
943 537 368
944 14 456
945 263 240
946 767 565
947 544 285
948 207 641
949 29 656
950 435 275
951 603 657
952 785 31
953 387 87
954 380 993
955 337 752
956 583 44
957 373 843
958 135 458
959 302 605
960 236 771
961 66 978
962 133 305
963 329 371
964 104 109
965 134 203
966 196 74
967 924 853
968 583 161
969 970 787
970 947 319
971 751 886
972 1000 488
973 473 934
974 524 915
975 572 313
976 10 559
977 298 993
978 17 439
979 828 455
980 775 520
981 675 888
982 43 939
983 743 566
984 378 574
985 396 142
986 942 903
987 499 5
988 336 658
989 24 350
990 60 906
991 939 806
992 624 0
993 191 33
994 55 331
995 773 519
996 536 518
997 236 449
998 476 231
999 404 324
83 678
389 445
144 738
307 492
325 762
310 620
476 796
980 995
20 100
320 327
508 661
674 769
325 889
128 556
460 594
161 637
663 704
761 768
427 873
671 878
211 282
257 400
134 442
370 764
174 426
764 900
237 927
437 623
85 730
594 963
382 737
205 772
143 410
113 961
124 396
665 694
353 719
675 771
762 889
715 937
133 239
41 254
334 366
373 498
776 837
24 227
218 493
724 790
276 836
535 879
460 963
453 975
183 599
404 783
467 976
111 537
154 301
65 431
117 693
52 718
396 978
167 399
49 747
62 683
194 868
841 902
158 903
703 987
27 592
615 672
90 702
384 865
349 886
102 731
70 945
252 269
27 413
116 419
10 428
358 583
319 626
411 451
74 476
2 662
374 988
199 203
476 480
157 625
74 796
370 900
728 923
121 971
171 286
129 506
624 807
616 914
143 982
481 530
410 523
532 714
173 733
225 746
829 837
790 875
578 968
329 991
489 617
146 698
299 726
611 827
338 866
35 946
679 868
540 971
151 248
157 313
746 803
754 842
18 76
225 803
544 998
591 860
757 887
42 940
479 993
37 573
78 814
252 811
571 892
36 979
61 391
295 448
140 482
434 515
581 587
596 658
35 563
375 741
214 375
60 636
100 731
480 796
36 839
100 102
776 829
160 900
922 962
585 972
412 984
295 735
631 938
88 96
26 578
522 627
106 715
69 931
839 979
543 569
243 606
406 677
5 237
29 417
397 620
222 688
32 873
165 912
5 927
124 978
163 236
558 752
762 830
387 888
174 547
736 796
410 982
184 422
265 513
350 619
84 354
248 642
162 741
724 875
28 459
239 589
795 910
565 663
377 706
71 729
255 830
268 989
20 102
130 207
67 278
413 592
194 679
112 715
339 804
525 812
277 879
615 884
20 367
457 536
431 600
257 778
213 795
325 830
812 938
760 939
261 290
100 367
163 759
491 935
240 379
310 397
74 480
214 741
436 997
281 544
34 582
143 755
13 291
10 429
368 462
143 523
444 681
514 789
360 948
820 978
264 565
399 662
20 731
735 753
574 846
490 810
354 880
40 392
178 611
487 661
198 831
315 909
284 451
13 569
512 669
856 882
473 936
428 429
169 566
400 778
249 835
326 859
320 977
476 736
236 788
132 844
199 405
317 433
595 652
74 736
412 737
201 330
368 435
468 559
751 782
56 848
2 399
32 427
88 437
292 549
331 549
508 580
288 797
208 892
112 937
437 612
516 941
397 994
215 484
368 553
101 690
292 331
352 577
264 663
293 637
16 650
830 889
255 275
580 661
160 764
161 812
844 917
110 941
734 791
275 830
416 838
382 412
221 477
21 522
514 523
565 704
589 714
71 343
139 526
291 543
25 614
448 735
54 814
826 923
252 263
612 623
385 812
701 842
297 871
59 548
264 704
316 762
327 977
260 447
426 547
94 565
412 785
737 785
120 787
598 828
323 865
106 937
525 938
563 946
293 999
700 739
712 745
188 885
458 949
48 997
217 699
410 755
523 982
11 294
216 395
435 462
129 497
487 508
21 627
593 669
461 732
263 811
230 850
365 898
541 996
191 333
335 526
133 589
88 623
16 727
761 864
86 872
527 985
0 177
385 525
499 529
536 775
603 918
929 944
218 270
618 802
649 989
83 152
126 357
152 678
119 850
229 917
161 938
96 990
62 82
402 545
121 540
190 548
315 948
14 369
179 536
316 325
1 909
485 560
398 584
500 645
520 726
421 470
439 574
65 600
212 644
55 657
386 969
2 167
229 477
72 497
79 517
337 531
291 569
313 625
471 992
310 994
277 535
568 685
465 809
820 929
547 764
716 833
57 118
296 335
403 539
105 674
521 780
269 811
162 214
180 333
92 554
672 847
200 913
670 932
26 408
355 501
555 640
392 801
481 806
321 902
620 994
161 293
405 505
258 727
343 729
94 754
30 827
768 864
235 516
254 690
541 845
519 859
558 932
7 256
22 336
268 590
709 748
755 852
124 944
531 650
383 664
771 800
637 812
860 934
69 979
109 238
370 450
105 769
547 900
637 938
247 630
243 322
174 370
203 405
351 495
575 720
178 827
872 957
168 197
351 552
41 690
172 721
169 750
174 764
372 856
672 884
363 934
891 939
118 287
160 370
379 475
496 662
115 805
354 805
279 682
232 705
566 750
591 772
213 910
184 249
208 571
260 571
170 628
109 311
167 662
577 779
181 806
944 978
154 494
26 968
83 244
263 269
139 335
244 678
8 711
30 602
907 948
142 958
567 771
163 788
204 967
567 569
316 889
419 999
156 705
255 762
728 826
84 880
84 115
147 924
106 112
138 179
314 415
249 422
318 435
112 475
270 493
324 528
215 625
593 660
82 683
198 697
509 769
90 928
755 982
370 547
295 753
713 780
396 820
199 505
396 944
284 411
238 646
382 785
698 890
469 909
132 917
187 392
341 430
443 505
186 542
13 543
242 595
321 841
281 998
108 201
112 240
160 547
530 573
356 676
213 442
427 604
831 843
443 867
94 264
120 423
543 800
200 996
789 863
931 979
258 356
368 407
347 590
214 621
358 765
534 965
395 605
785 984
82 529
375 621
62 529
449 584
343 770
362 841
153 242
162 375
234 408
370 426
433 451
462 553
179 775
708 778
430 632
367 731
666 801
245 911
410 514
532 589
270 600
151 642
219 793
49 75
371 417
569 800
255 325
450 764
502 890
784 906
291 348
251 404
289 357
608 680
604 873
37 434
32 615
426 764
624 832
50 838
586 890
174 900
259 697
480 736
58 140
2 496
471 692
142 696
84 805
567 675
478 687
363 860
488 610
650 727
189 886
323 945
381 786
595 881
142 187
255 316
177 559
302 612
442 795
670 816
422 835
497 506
509 641
154 723
316 830
380 874
99 276
47 187
240 475
280 575
205 591
646 647
636 714
494 723
144 775
251 783
567 800
99 836
303 904
300 425
929 978
339 452
274 459
330 609
509 674
452 729
4 825
584 763
101 254
323 384
11 813
708 817
383 834
86 300
411 433
407 435
346 604
470 690
806 906
328 652
80 981
223 743
615 847
123 953
372 494
99 573
631 812
22 822
1 315
373 432
246 520
495 552
525 631
189 681
44 729
202 224
276 333
664 836
256 954
95 176
25 322
102 367
235 670
301 723
299 520
454 653
524 794
633 870
66 321
373 393
66 568
675 800
450 900
671 724
738 775
803 845
772 860
181 906
717 989
897 993
306 339
95 391
44 452
37 515
546 556
283 561
347 597
654 854
820 944
583 975
52 250
243 259
288 441
230 606
236 759
134 213
271 289
146 502
285 579
91 656
586 698
701 754
691 792
124 820
733 834
198 843
146 890
479 897
235 941
512 912
44 306
50 323
822 847
682 883
45 101
59 190
449 613
383 836
134 912
877 966
51 517
380 960
104 981
232 314
67 448
30 611
416 680
523 755
530 806
807 832
255 889
223 947
737 984
44 339
161 631
125 711
268 717
102 635
96 437
603 639
583 765
746 845
453 583
388 958
77 495
405 443
446 585
455 655
464 759
55 68
54 78
16 258
106 409
349 681
426 900
180 276
76 332
122 367
326 519
631 637
131 743
33 874
548 889
301 494
317 411
364 602
32 672
116 999
510 602
53 700
103 309
464 555
228 570
257 708
259 843
807 844
408 921
36 931
88 990
221 229
409 475
323 838
501 887
363 653
224 793
653 943
750 958
128 250
148 599
296 731
57 749
693 927
393 432
166 504
143 514
235 609
239 714
523 789
134 795
12 858
608 899
35 983
382 984
372 882
209 626
946 983
393 498
40 801
178 818
13 251
70 323
491 500
161 525
277 574
723 882
130 888
582 922
7 954
372 959
115 354
342 468
466 561
202 793
816 941
393 551
275 762
664 784
633 819
597 840
205 860
70 865
449 639
143 852
260 892
865 945
792 987
36 69
189 349
369 415
447 571
205 607
457 775
797 817
607 854
41 101
137 294
315 360
371 380
487 580
521 713
483 813
119 230
129 352
388 666
344 353
79 587
93 768
211 770
616 802
570 824
173 834
94 842
366 895
702 928
385 938
61 69
241 707
359 871
362 902
128 546
250 556
351 689
294 763
452 804
821 934
148 183
8 288
96 623
436 777
288 817
681 886
231 895
44 71
240 430
94 663
590 717
778 817
50 865
724 878
656 899
66 902
61 979
157 215
54 538
442 912
59 930
5 378
481 573
93 761
695 815
112 379
376 440
294 483
570 815
80 818
818 827
439 846
32 884
63 98
238 647
624 802
799 861
86 957
275 325
29 371
138 536
511 642
57 287
276 383
498 704
28 756
317 451
138 546
512 593
448 753
11 763
184 835
95 839
671 875
52 457
529 683
396 929
6 9
196 441
179 457
203 505
13 567
104 640
280 720
601 740
807 917
75 747
591 934
347 361
160 174
108 501
363 591
88 612
502 698
852 982
209 319
161 385
201 609
420 848
85 862
170 253
237 693
145 161
48 436
37 530
390 531
503 532
815 824
127 921
692 956
212 298
216 605
402 621
253 628
614 804
543 567
268 649
324 769
103 951
110 516
325 548
387 885
277 946
28 274
398 449
358 453
324 674
110 816
152 901
69 903
639 918
47 142
6 159
224 267
282 338
302 437
324 509
435 553
408 578
69 839
735 852
479 877
117 927
463 539
532 636
565 754
729 770
671 790
315 907
2 75
282 770
770 858
477 917
407 553
196 797
615 873
33 196
64 246
31 350
55 439
432 498
607 772
111 800
680 945
272 474
322 606
752 932
176 346
145 637
276 664
359 725
333 836
124 929
358 975
175 463
342 676
400 708
418 722
381 918
590 989
39 48
493 600
618 624
360 907
637 999
40 47
525 637
195 771
211 338
56 420
515 573
345 991
153 309
127 403
14 415
283 466
58 482
376 489
516 609
304 695
250 718
784 806
61 839
492 855
745 869
847 884
669 912
903 931
340 952
40 187
337 650
593 781
239 532
195 537
29 618
242 652
70 689
475 715
660 781
275 889
80 940
215 344
1 469
150 151
72 317
70 384
172 458
863 990
66 251
60 420
122 557
227 774
155 781
77 864
134 165
259 322
43 486
434 573
421 690
99 333
426 740
362 758
352 779
759 788
314 791
909 948
47 392
307 855
696 857
574 879
3 891
550 998
177 468
134 512
672 873
940 981
789 990
80 178
227 274
166 423
81 598
259 606
298 644
94 704
621 741
256 904
340 930
4 963
47 696
122 731
719 737
177 952
566 958
18 188
132 229
535 574
760 891
253 349
218 600
362 654
499 911
755 961
377 758
562 867
507 967
498 663
99 530
53 739
180 836
37 99
11 483
129 577
195 675
613 718
635 731
472 973
548 762
229 844
100 122
235 816
875 878
472 974
145 293
73 303
130 387
627 942
77 761
537 800
816 932
318 407
251 568
258 676
898 959
514 982
76 188
102 296
187 388
208 518
410 852
79 929
61 95
0 559
552 689
60 714
133 714
630 732
195 800
389 936
284 433
106 475
46 666
540 818
323 680
732 751
697 843
60 853
203 953
50 384
334 895
26 921
392 666
839 931
46 641
611 818
311 877
384 945
348 543
32 604
391 839
0 952
231 334
385 637
226 863
652 881
117 237
230 243
92 305
699 760
703 792
7 904
127 908
893 965
180 191
24 274
250 457
450 601
660 912
234 921
182 365
231 366
352 497
603 613
589 636
240 715
344 719
372 723
225 845
654 913
467 937
293 419
0 468
99 481
697 831
805 880
930 952
165 442
399 496
119 513
432 551
443 562
165 660
113 753
278 852
240 937
293 938
523 990
593 912
323 416
454 668
228 824
596 863
802 914
188 331
112 409
72 411
160 426
382 719
569 771
725 871
39 935
790 878
188 387
231 608
427 615
96 523
77 351
138 457
584 639
182 898
445 936
47 564
562 659
481 664
461 782
302 623
38 511
131 709
649 742
91 794
278 448
315 469
390 490
16 531
114 554
409 715
555 759
139 845
343 858
730 862
7 289
275 312
161 999
198 259
327 461
747 751
293 812
669 878
874 960
391 979
20 122
198 234
12 282
270 431
146 586
328 595
113 755
459 756
348 902
187 958
628 973
196 288
229 399
407 462
181 481
349 628
274 774
200 854
75 167
8 441
296 526
483 538
802 807
753 852
318 368
345 398
341 632
461 751
441 797
373 704
624 844
277 846
157 225
160 450
183 456
591 668
649 717
693 720
514 755
116 826
819 903
475 937
149 211
231 680
251 685
298 621
427 672
187 801
176 894
329 969
72 129
298 456
410 789
514 863
155 926
225 313
321 568
660 669
457 718
355 887
214 456
93 495
31 878
152 244
352 506
136 867
608 895
31 671
33 797
442 910
440 950
877 993
71 770
61 819
868 905
439 535
416 656
175 275
13 348
487 776
423 787
145 812
66 841
514 990
845 996
440 524
500 935
268 994
132 167
141 207
167 229
41 261
484 625
137 763
96 982
105 509
308 933
111 195
268 347
174 450
442 512
111 543
669 671
188 888
361 840
422 425
18 549
171 667
209 828
62 499
458 721
664 806
294 813
108 330
364 510
126 289
18 332
277 563
436 707
531 727
77 768
19 32
67 295
256 303
71 452
174 740
719 785
680 838
564 935
506 577
67 735
306 804
629 853
21 942
17 961
319 598
723 856
145 385
426 450
4 594
712 955
245 475
38 752
317 463
381 487
425 916
230 259
349 444
318 462
101 470
310 597
100 635
337 727
13 800
312 830
687 840
244 847
862 926
649 942
709 950
226 990
142 388
133 532
250 546
390 650
628 886
908 921
563 980
275 316
187 666
937 976
164 464
581 643
313 746
304 815
81 925
95 346
4 460
165 512
99 515
517 587
449 603
344 625
291 800
619 926
494 959
446 972
420 853
821 860
885 888
391 592
353 737
501 757
748 950
20 635
24 774
486 855
290 876
184 916
69 158
66 348
35 277
101 421
272 519
553 572
52 613
467 715
487 837
88 302
199 443
222 454
248 511
558 670
823 894
17 514
225 625
109 646
201 712
131 748
51 750
639 763
766 809
158 931
745 955
403 956
753 961
7 271
251 291
100 296
218 341
41 470
376 524
188 549
689 945
209 964
297 359
636 853
191 876
422 916
122 296
139 296
279 570
123 203
293 631
373 663
282 858
320 461
192 930
563 995
6 414
543 771
479 966
913 996
240 341
416 608
95 979
217 482
122 861
551 864
563 983
36 61
181 530
516 757
619 862
331 885
30 364
189 444
44 804
99 191
215 313
69 391
75 399
37 481
200 541
291 567
413 633
398 763
516 816
447 892
30 178
12 211
408 968
50 416
541 803
244 822
624 917
210 340
544 617
70 680
534 768
234 831
439 879
329 345
332 733
25 804
560 850
684 986
144 179
149 338
361 590
520 685
158 819
378 927
123 199
149 282
66 291
163 464
344 484
411 497
306 550
79 581
246 726
664 834
199 953
437 990
485 527
75 662
242 881
3 911
582 962
569 675
5 693
281 617
670 941
38 248
60 589
456 599
282 866
699 939
273 576
416 899
238 311
150 330
13 404
258 650
685 783
873 884
21 994
162 456
139 541
602 827
253 886
707 997
82 499
385 631
686 702
232 706
503 714
776 786
512 875
34 922
905 984
9 159
192 269
98 849
232 415
117 502
38 558
31 619
597 620
157 746
688 765
448 852
149 866
211 866
144 896
112 430
330 712
732 782
618 807
494 882
775 896
102 122
51 169
280 580
300 872
61 931
44 947
353 382
167 496
204 507
17 533
439 657
179 738
635 746
706 758
69 819
328 881
679 905
1 948
604 672
211 858
208 260
200 654
117 720
264 754
494 856
190 889
134 910
156 232
226 302
96 612
418 659
147 893
107 960
13 66
168 634
485 677
348 841
696 958
175 255
353 785
38 151
197 357
36 95
157 344
127 539
450 547
348 569
438 730
640 759
565 842
67 852
207 888
59 889
786 918
518 571
322 614
176 823
548 830
191 276
312 433
345 449
254 470
505 659
90 686
409 937
277 439
23 561
376 617
162 621
45 690
108 887
65 270
237 378
96 410
352 411
486 492
115 880
110 235
143 789
150 248
50 264
137 580
61 592
165 593
496 658
266 665
278 735
261 876
190 930
222 943
60 532
643 976
715 976
215 428
313 635
838 865
114 299
269 559
99 664
481 836
512 878
879 946
42 80
383 784
8 817
738 896
39 564
512 671
140 182
454 688
356 727
227 823
132 399
428 484
257 817
295 852
852 961
21 397
245 409
144 536
11 584
524 631
266 694
187 696
716 788
777 801
244 884
444 886
379 430
135 633
49 638
552 739
49 751
606 850
209 598
312 889
271 904
26 234
72 506
204 986
347 994
5 117
20 296
343 452
260 465
40 564
251 569
516 670
113 852
17 113
561 579
230 843
116 293
854 913
695 824
259 831
106 467
452 770
535 849
537 543
186 640
138 775
692 992
254 261
544 550
527 677
231 945
165 669
314 734
132 807
578 921
361 597
38 642
592 819
135 156
66 685
413 819
81 828
651 893
785 905
772 934
777 997
59 312
136 443
329 507
376 794
503 816
109 877
360 909
907 909
300 957
345 613
362 913
96 143
115 472
181 779
347 840
39 997
138 250
72 451
191 515
496 533
186 555
527 560
542 611
740 756
495 761
706 791
419 826
523 852
819 870
673 872
73 904
71 947
42 981
10 64
197 289
86 425
322 697
379 715
19 873
818 971
195 983
284 312
321 362
246 568
339 614
680 899
247 914
417 618
629 805
969 991
989 994
1 206
106 240
312 325
363 454
54 483
342 559
153 595
75 638
236 766
17 789
430 937
536 738
534 761
169 958
3 857
849 879
530 664
651 700
695 707
142 750
774 823
158 980
410 990
420 636
546 667
207 676
94 701
395 728
45 765
30 818
106 976
19 427
158 995
44 343
375 402
52 536
339 729
449 763
623 990
36 391
178 542
440 631
707 824
563 879
307 486
93 534
388 566
491 645
216 728
46 801
505 867
548 930
394 484
522 528
114 726
381 776
267 793
213 829
846 879
194 905
335 731
284 317
604 615
336 822
481 906
96 302
613 639
641 769
712 869
306 452
427 884
324 522
354 629
296 635
545 644
663 754
618 832
167 917
205 934
651 962
982 990
190 325
370 601
312 762
205 821
426 601
541 746
147 651
11 398
72 433
341 493
125 596
481 784
400 817
302 990
16 337
310 347
609 757
750 857
425 957
545 621
512 660
522 942
24 28
96 514
68 657
654 758
8 797
221 917
88 982
192 952
329 386
428 625
464 640
235 932
154 372
499 683
652 951
556 967
18 185
119 265
41 290
108 609
246 685
625 746
181 784
391 819
379 937
59 325
250 536
590 994
278 295
497 577
598 626
431 493
185 549
518 892
222 653
543 675
656 794
198 408
53 414
43 933
270 341
70 351
180 383
404 567
419 637
21 649
668 860
143 961
180 466
353 511
505 562
105 566
621 644
364 738
658 863
882 984
51 79
225 428
264 498
316 548
51 857
350 862
439 910
640 981
99 434
39 491
511 719
844 914
11 137
165 213
157 484
429 484
603 718
214 298
312 548
13 783
229 807
672 822
410 961
128 967
789 982
118 749
319 828
535 846
404 685
314 706
279 883
846 910
841 913
35 980
402 773
25 243
142 392
314 705
113 735
96 789
24 823
1 360
99 180
88 523
495 768
530 779
530 836
332 888
482 907
313 344
114 429
502 586
313 803
399 917
212 920
507 991
388 392
84 472
77 551
305 554
557 861
213 912
18 331
135 413
286 667
342 356
85 438
203 443
175 539
498 565
134 669
638 747
668 772
35 995
68 439
283 579
753 755
355 757
97 786
772 821
669 875
48 707
856 959
98 158
252 559
229 662
194 682
157 803
142 857
27 391
190 762
119 843
337 885
786 837
218 431
76 549
517 581
302 588
243 697
661 776
388 801
538 814
786 829
70 231
144 364
245 379
602 611
456 741
83 901
678 901
111 569
125 658
661 837
63 849
664 906
686 987
341 379
80 611
327 732
593 878
54 237
43 360
352 451
276 481
616 618
145 938
3 696
591 821
609 941
172 949
207 387
394 429
165 829
10 225
29 802
32 847
371 960
140 217
381 639
502 693
575 744
735 755
835 957
173 332
24 285
456 621
77 93
8 125
22 244
296 367
221 399
347 620
405 867
143 990
597 994
53 582
587 643
196 874
947 975
312 451
151 511
430 715
236 716
59 762
27 819
191 836
508 837
346 427
208 447
535 657
412 719
415 791
93 864
743 947
182 959
64 520
174 601
605 799
523 863
27 633
102 335
537 576
335 635
239 636
116 709
98 903
454 943
184 425
508 776
656 838
237 538
200 607
477 844
573 836
5 54
177 192
28 227
40 666
222 765
453 947
192 263
130 676
361 687
16 356
193 655
629 880
679 883
306 947
242 309
389 473
641 674
537 771
609 887
76 888
328 951
433 463
164 848
192 252
375 456
691 987
467 643
704 754
111 771
308 365
110 503
518 599
592 633
386 767
784 834
139 996
370 740
116 950
145 999
202 219
275 433
293 525
244 615
266 626
225 635
487 829
196 832
346 839
35 879
653 934
938 999
321 913
317 497
13 771
19 919
177 269
255 312
65 493
590 597
355 915
838 945
210 952
178 186
379 409
244 672
31 724
653 860
97 918
416 945
535 946
304 460
604 839
461 977
59 192
337 390
247 732
669 781
150 869
346 873
451 497
262 518
616 634
15 787
79 944
206 431
601 764
529 911
397 522
345 584
668 734
587 929
12 254
30 510
150 609
204 684
50 704
441 711
108 757
568 783
573 806
516 887
412 905
115 974
386 991
4 304
24 459
390 810
79 820
80 827
742 989
113 143
72 352
367 557
381 603
71 453
443 659
717 742
549 885
832 917
98 931
223 975
42 208
7 357
163 555
384 838
135 871
176 391
286 644
284 352
161 419
522 674
194 883
120 166
77 384
445 473
489 544
446 586
584 613
402 644
241 825
635 845
629 915
641 666
408 697
136 405
404 569
36 604
58 182
246 299
114 394
145 525
253 681
293 385
520 568
276 573
526 607
593 671
495 689
27 725
625 803
557 883
735 961
617 998
251 567
583 688
966 993
104 555
121 818
631 999
106 379
91 406
280 508
234 697
108 712
219 799
193 455
230 560
89 565
507 648
153 652
676 727
264 838
304 963
21 989
113 410
93 893
130 141
25 339
314 369
590 649
732 747
363 772
58 959
27 61
406 527
386 398
512 790
419 950
75 496
39 500
373 551
630 747
381 837
700 962
188 292
50 393
225 541
409 581
406 701
363 821
167 844
680 865
7 303
108 355
55 574
512 724
271 357
109 647
288 711
547 740
477 807
126 954
126 977
135 297
155 510
222 583
12 770
45 254
535 563
536 718
145 202
214 402
197 634
116 923
605 934
808 953
215 429
281 489
393 704
149 770
10 803
766 833
780 897
493 949
247 616
473 901
709 923
227 459
112 467
399 477
281 550
96 863
574 910
99 383
276 530
294 584
428 803
802 832
524 938
73 973
185 601
110 670
320 732
89 754
170 973
10 215
235 330
384 393
240 409
262 599
371 618
221 662
607 996
7 126
141 342
10 484
524 525
659 722
534 893
50 945
172 233
18 885
347 989
391 413
394 554
485 617
388 750
391 931
363 943
105 324
82 469
201 501
77 552
4 695
568 902
742 942
403 463
503 589
591 653
575 693
755 789
33 288
442 669
635 803
65 218
227 285
321 348
262 456
182 482
251 543
138 556
491 564
465 766
89 808
76 885
140 907
757 941
365 959
301 645
164 438
609 670
626 828
131 923
612 990
156 297
301 372
491 699
241 777
596 789
22 847
97 896
673 915
819 931
716 766
558 816
243 843
412 882
68 910
132 477
123 505
903 979
219 224
2 229
254 290
157 428
241 436
447 518
461 630
247 634
50 663
627 674
670 752
747 782
175 830
378 890
350 926
253 444
740 764
48 824
454 591
616 624
139 635
686 691
415 734
450 740
802 844
847 873
807 914
478 925
178 981
854 996
264 373
64 726
123 808
154 882
47 958
903 980
168 320
17 410
45 421
507 684
264 842
132 914
125 226
224 460
58 494
17 523
250 613
132 624
157 635
166 665
205 668
68 837
634 914
857 958
111 291
170 349
33 380
337 387
485 489
383 733
834 836
502 927
3 939
903 995
88 410
64 428
83 884
678 884
217 491
591 607
528 674
616 844
445 970
537 569
400 855
355 957
41 421
3 499
179 546
304 594
615 822
416 865
95 894
54 927
12 41
137 483
240 632
25 697
17 755
217 760
141 906
624 914
767 969
459 970
195 567
226 596
397 597
419 631
133 636
106 643
654 841
517 929
63 287
481 779
729 947
138 171
514 961
65 87
441 477
5 814
709 826
29 916
856 984
61 413
290 470
281 606
363 668
46 777
213 837
80 104
148 208
168 247
182 308
211 343
16 390
64 429
236 464
404 568
103 652
261 690
166 694
297 725
306 729
657 744
528 769
377 791
374 798
243 850
71 858
201 887
278 982
522 994
812 999
163 640
89 663
25 259
333 515
509 528
318 553
496 596
86 673
67 753
522 769
495 864
530 906
351 384
367 635
216 923
207 342
254 421
423 504
10 625
843 850
902 913
538 927
88 143
168 327
155 619
358 688
47 801
42 892
826 999
129 411
163 766
526 845
42 148
58 217
167 221
348 362
380 417
397 528
171 546
280 661
347 717
567 783
616 807
34 962
205 854
15 120
195 576
381 661
679 682
778 797
371 874
291 902
700 922
93 965
353 412
57 744
335 845
103 153
263 284
373 565
608 656
686 703
311 787
477 832
536 896
523 961
345 386
425 835
758 841
61 903
395 923
107 492
533 658
131 223
267 304
398 639
537 675
758 791
181 811
513 850
449 918
104 940
921 968
60 239
107 307
169 517
482 699
59 830
89 842
772 854
613 918
175 317
324 641
653 668
669 724
729 804
818 940
268 397
106 581
13 675
205 363
278 755
832 844
389 970
677 985
96 226
128 138
343 453
109 966
18 292
223 453
52 603
446 698
99 806
542 827
425 872
618 914
608 945
268 310
440 489
398 613
779 806
736 809
576 870
686 928
646 966
232 377
273 537
324 627
137 661
413 725
736 833
606 843
87 855
296 861
601 900
55 535
176 839
539 908
795 912
65 206
51 566
464 788
167 477
406 485
292 601
111 675
232 791
680 895
632 937
469 948
716 974
765 975
52 128
378 502
330 745
158 870
121 920
27 135
183 298
188 332
117 575
71 339
282 343
333 383
154 645
193 331
175 433
540 827
14 314
430 475
294 538
604 847
475 911
920 971
76 185
298 375
291 771
605 821
19 884
288 708
453 765
559 811
471 956
105 169
336 473
465 571
23 579
68 829
144 457
846 946
69 95
392 564
142 566
224 594
231 689
682 868
657 879
91 899
379 911
574 946
622 955
266 319
110 532
696 750
399 844
465 892
226 789
806 836
351 945
183 262
76 331
116 637
688 943
21 620
37 779
868 883
311 966
173 383
255 548
393 663
50 680
53 922
40 997
190 316
244 336
347 397
40 436
85 542
186 611
150 642
653 688
129 779
285 823
422 957
71 975
112 976
942 989
49 167
111 576
228 815
95 604
301 882
218 949
2 49
515 530
277 849
50 70
185 292
45 358
457 546
93 552
530 784
487 786
412 856
666 958
357 977
961 982
170 303
241 695
708 797
729 858
150 235
383 481
454 860
649 994
40 142
3 245
150 670
82 206
573 779
663 842
191 434
234 578
669 790
381 829
427 847
21 268
36 346
434 530
766 788
784 836
405 953
898 988
251 348
76 387
291 404
204 667
627 769
707 777
276 834
98 980
701 985
230 322
119 560
483 814
137 508
498 551
268 620
89 704
474 851
179 250
34 324
222 358
35 535
721 949
105 641
419 709
38 932
645 935
5 502
651 739
259 850
946 980
576 995
239 503
526 541
139 607
415 705
31 790
237 814
417 916
229 624
201 745
539 956
92 114
17 143
121 148
333 466
56 164
261 470
368 572
206 600
608 838
393 865
18 888
41 45
205 526
705 706
278 753
774 822
60 848
886 973
195 543
21 310
221 441
245 499
402 741
146 749
333 876
651 922
138 286
12 338
183 518
287 744
70 838
457 896
928 956
246 321
148 518
66 569
49 630
34 641
428 746
201 757
763 813
408 831
821 861
528 922
648 969
123 405
275 548
587 944
457 738
165 776
165 795
795 846
542 862
52 556
279 815
111 273
607 654
691 703
419 938
818 981
34 528
534 864
312 411
5 538
536 546
542 730
569 783
745 798
310 590
321 685
541 913
946 995
256 271
528 627
270 683
290 690
514 852
100 335
21 528
658 662
256 289
423 694
71 306
313 484
119 606
592 725
292 885
125 221
320 357
627 649
235 757
344 785
365 988
177 252
72 463
381 508
319 610
441 817
68 213
606 697
213 776
40 777
478 840
60 133
176 604
257 855
19 615
170 886
740 900
440 938
143 278
30 540
8 708
794 899
150 201
113 295
111 567
180 664
346 672
808 842
168 357
31 881
2 132
215 225
66 404
50 565
533 596
584 603
184 622
131 728
442 829
202 267
66 783
348 800
39 436
44 770
822 884
825 963
819 979
5 78
260 518
333 573
656 680
76 733
701 808
9 825
165 837
568 841
245 857
351 865
238 877
510 926
289 954
0 210
197 271
237 502
97 603
574 657
436 801
870 903
403 908
126 320
70 416
406 985
573 664
10 746
551 761
798 988
414 739
440 794
374 869
360 933
828 964
111 348
36 427
286 545
661 829
738 920
691 928
367 679
424 721
242 328
172 424
88 514
392 777
410 863
77 865
604 884
309 951
392 958
98 995
258 531
467 632
329 648
685 726
312 317
112 632
132 662
142 666
686 792
154 856
151 869
803 996
191 466
384 551
409 587
134 593
273 870
127 234
190 830
689 865
838 899
89 94
113 514
113 523
66 543
84 629
139 746
93 351
394 428
269 468
13 568
384 689
614 697
545 773
135 870
58 154
116 728
238 966
508 829
1 907
39 40
72 284
356 474
137 538
212 621
104 759
829 912
202 999
243 281
332 387
330 516
49 782
364 827
882 959
277 983
88 226
49 732
37 836
758 902
576 980
113 982
212 286
34 509
383 806
25 606
559 952
904 954
68 776
333 664
237 720
795 829
932 941
53 962
149 452
778 855
202 293
249 425
78 538
397 627
526 821
272 859
112 341
87 400
195 569
477 662
570 695
83 847
678 847
107 933
251 321
445 547
477 624
398 813
877 897
116 161
506 779
720 927
258 337
187 564
145 631
171 644
181 664
107 401
447 465
433 497
145 594
388 641
384 680
96 755
880 915
228 279
275 317
47 388
191 573
590 620
429 625
565 701
675 710
563 849
323 608
379 683
607 860
719 984
10 114
10 157
291 537
155 593
411 577
165 786
294 398
469 529
311 646
26 697
394 752
88 789
37 806
134 829
229 832
144 920
419 923
217 939
224 963
426 970
627 994
0 342
105 388
633 903
26 908
376 950
349 973
485 985
630 751
52 138
2 221
137 487
50 498
192 811
441 832
704 842
289 904
630 914
37 276
197 320
62 379
110 636
52 775
127 408
309 652
677 701
128 718
895 899
469 760
666 777
489 998
560 677
126 197
103 242
462 572
439 795
397 989
119 259
122 335
87 431
288 778
406 794
466 876
357 954
32 346
29 380
305 503
158 633
34 53
92 394
248 869
120 504
547 601
403 692
499 891
79 978
537 567
287 749
469 907
604 979
233 424
452 614
401 622
61 176
240 245
249 916
158 979
526 996
798 869
154 959
702 831
345 969
632 715
472 886
20 335
46 388
169 388
46 509
528 582
588 612
105 627
423 665
709 728
485 850
55 879
182 907
189 974
190 340
221 658
483 763
546 967
314 377
134 875
737 905
9 414
291 675
372 898
295 755
215 353
218 430
33 441
549 601
551 768
42 818
346 823
699 891
814 927
723 959
192 312
45 470
208 940
768 965
201 235
389 547
132 616
967 991
69 98
141 468
581 929
354 472
417 802
64 803
362 854
36 903
343 947
343 975
249 622
14 765
327 357
363 605
291 783
244 901
505 953
186 981
106 430
110 714
603 786
74 833
13 111
213 512
643 715
163 716
449 718
350 878
662 917
6 53
448 755
829 910
112 245
193 292
215 394
81 488
43 492
503 636
414 689
143 735
22 774
788 833
291 841
200 845
654 902
595 951
897 966
675 983
502 749
572 773
552 700
31 875
578 908
667 967
66 362
298 402
384 416
221 496
570 682
437 982
49 399
116 631
167 747
332 834
59 340
268 597
658 789
260 809
503 941
174 970
313 428
145 460
284 497
339 550
135 592
748 998
76 173
146 446
286 546
110 757
61 158
268 361
364 540
387 727
211 729
298 741
517 750
295 961
623 982
37 191
18 387
91 416
37 577
199 659
299 685
706 734
193 885
136 505
80 540
139 803
276 806
21 324
264 393
171 545
638 751
540 920
126 327
200 362
95 592
625 635
139 731
495 739
62 911
395 799
564 696
375 773
427 839
150 932
824 997
193 337
526 772
52 179
197 327
440 617
524 812
699 935
397 590
560 606
556 667
91 677
274 756
142 801
189 833
718 918
614 968
346 979
225 429
128 457
405 562
298 599
707 815
799 821
695 825
46 159
267 460
457 556
538 720
643 937
276 515
341 683
36 873
857 911
632 949
26 198
129 451
105 522
70 552
143 753
91 524
556 718
48 777
512 795
300 916
560 985
88 863
510 896
833 974
48 228
40 388
404 543
196 817
199 867
300 422
468 676
582 700
68 795
234 843
133 503
100 557
178 602
83 822
678 822
644 920
63 931
87 257
322 843
382 856
892 940
219 267
10 394
252 468
16 474
192 559
309 595
70 608
241 997
185 331
744 749
276 784
395 826
713 897
181 573
528 620
499 760
13 902
55 910
43 948
194 279
50 373
442 593
459 774
893 924
275 463
323 689
488 925
887 941
8 196
232 369
67 755
102 139
132 221
64 299
226 437
258 474
335 541
236 555
522 620
472 628
392 696
268 742
2 747
221 844
301 856
355 872
330 887
285 894
95 931
249 957
42 104
312 316
291 568
206 909
201 516
344 737
594 825
73 170
177 342
114 428
353 484
560 617
134 660
752 816
513 843
346 847
382 882
499 939
33 960
50 94
78 237
334 414
430 467
350 671
557 799
178 540
528 962
130 332
103 595
522 649
386 813
216 943
411 506
83 615
615 678
127 956
755 990
1 82
97 381
481 515
375 545
405 659
351 761
330 869
463 908
673 957
310 989
231 323
47 666
16 676
230 697
33 817
17 863
59 316
278 410
37 333
366 608
236 833
148 940
14 45
104 163
291 321
659 867
338 770
51 587
711 817
887 915
516 932
20 557
251 902
329 967
189 253
162 298
33 307
151 558
574 795
55 846
442 875
914 917
336 936
138 144
43 307
541 607
274 970
383 530
164 555
150 712
330 757
2 917
437 523
72 577
530 577
540 611
243 614
346 615
218 632
489 677
140 699
743 748
619 878
145 963
204 556
432 704
185 740
143 863
299 951
610 626
413 871
265 850
526 635
3 760
767 813
177 930
198 243
420 629
526 731
609 816
602 926
547 970
735 982
746 996
206 683
584 813
94 838
732 977
263 779
802 917
884 919
392 436
18 733
148 971
398 991
76 292
236 640
226 658
391 894
175 403
180 561
501 609
189 628
390 727
461 747
80 186
12 343
114 520
453 729
175 762
515 836
40 48
137 584
208 599
388 696
92 752
472 805
460 825
433 830
724 881
25 306
226 612
704 838
646 877
56 60
45 583
512 781
524 899
761 965
771 983
419 440
306 614
142 169
0 340
365 374
417 622
356 650
282 729
138 738
796 809
131 826
501 835
374 898
408 908
353 984
620 989
46 392
19 672
361 717
90 831
490 859
75 132
77 689
351 739
117 749
169 857
151 932
162 262
58 301
68 508
49 662
538 693
135 705
642 869
303 954
130 342
434 481
533 789
654 996
310 522
263 559
61 633
2 658
628 681
709 743
348 758
754 808
696 891
454 934
740 970
132 630
217 645
156 871
839 903
333 434
97 660
180 834
607 913
234 968
117 378
113 448
250 775
382 905
489 950
217 500
168 289
308 360
348 567
451 577
324 582
221 711
117 890
820 942
141 559
164 759
106 587
710 771
580 837
668 934
362 377
52 546
42 571
29 624
376 677
734 758
580 776
618 844
801 997
130 258
533 662
27 871
564 891
684 967
0 192
206 270
231 416
212 545
110 609
141 784
84 973
870 995
119 243
62 270
718 775
153 881
403 921
810 859
737 882
126 271
35 574
691 956
181 263
59 275
102 313
198 322
94 498
230 513
14 688
796 833
107 874
155 350
235 887
104 186
145 224
419 812
28 970
181 252
247 461
78 483
524 656
663 838
714 853
78 378
264 416
310 528
598 610
523 623
378 693
355 835
673 880
835 916
67 982
525 999
128 204
259 614
759 766
249 955
401 960
336 970
339 343
138 667
36 176
211 452
839 873
217 935
168 977
430 493
384 495
150 745
781 912
116 938
798 955
967 986
89 264
229 496
284 577
527 701
550 748
187 750
779 811
565 838
827 971
280 744
35 846
797 874
391 903
117 146
66 246
188 337
2 533
573 577
677 794
71 804
602 818
231 899
341 937
4 241
348 537
115 629
83 672
672 678
567 710
215 746
737 856
383 906
632 976
70 77
281 322
311 479
472 880
179 896
863 982
267 594
557 731
125 863
593 875
64 225
190 312
458 493
581 944
17 982
23 466
2 477
137 639
128 667
410 735
186 827
337 888
849 980
627 989
414 552
186 730
176 979
334 608
141 676
551 865
84 974
410 753
341 475
33 492
181 577
59 952
140 959
651 924
85 186
175 316
175 325
346 391
213 439
73 628
396 742
429 803
378 814
819 839
406 842
313 845
789 961
717 994
196 380
22 83
63 118
18 173
171 179
277 657
619 671
22 678
128 991
132 802
179 920
79 396
255 433
70 495
228 500
30 542
155 660
210 851
206 469
322 804
517 820
216 826
308 898
91 94
192 284
281 560
381 580
40 696
419 728
555 981
136 199
235 558
13 685
414 700
136 703
118 744
590 840
409 911
110 932
348 568
68 574
85 619
493 632
351 768
74 444
489 560
581 715
5 890
330 501
442 660
566 674
298 545
168 630
617 950
156 314
258 342
157 429
13 537
542 640
74 681
578 697
130 727
116 748
544 748
501 915
26 127
542 555
563 574
514 596
20 679
626 694
420 714
698 749
566 769
515 876
790 881
901 936
886 974
392 997
12 101
179 286
668 791
79 169
207 356
215 719
621 773
891 911
234 928
364 971
344 382
202 460
12 866
757 915
132 247
360 469
379 632
476 809
230 831
795 837
254 858
335 861
130 885
78 927
501 957
160 601
109 964
753 982
80 640
432 663
90 691
335 821
566 857
910 912
128 345
388 509
664 733
200 841
468 952
808 985
869 988
177 340
544 606
973 974
77 393
11 449
349 472
68 661
178 940
339 947
101 261
52 449
75 751
733 784
781 878
174 445
102 526
192 548
251 800
636 848
531 885
837 910
129 317
11 538
138 718
476 833
106 245
214 644
28 774
538 813
532 816
442 837
585 919
51 958
870 980
811 906
801 958
30 971
399 747
398 969
317 352
711 797
43 107
90 234
81 610
21 674
510 738
497 779
177 811
367 868
126 256
335 367
45 369
226 514
609 712
62 206
64 541
575 580
550 804
413 870
890 927
268 942
79 124
85 350
281 485
503 670
377 705
286 920
631 950
10 313
148 456
189 472
25 550
603 763
147 965
89 498
58 645
123 659
215 803
336 901
222 975
611 981
59 255
409 517
202 594
228 645
55 744
180 876
683 911
301 959
13 321
116 440
875 912
528 994
74 189
198 230
376 406
379 499
91 838
731 861
165 910
648 991
144 510
607 668
240 683
404 771
452 947
23 173
87 233
58 372
333 481
185 756
584 918
83 336
62 341
420 589
364 611
226 623
336 678
429 726
119 831
448 961
91 701
160 740
105 750
741 773
130 188
207 258
192 340
411 463
47 857
82 909
0 269
720 744
257 797
296 845
302 863
308 907
267 963
311 993
263 352
401 798
9 334
216 363
333 530
214 545
19 604
597 687
328 783
304 824
364 896
503 932
238 964
55 277
578 614
616 630
680 689
89 701
88 755
213 846
776 912
35 195
139 225
107 380
263 451
128 613
137 280
127 463
264 701
166 787
522 989
385 999
407 572
580 720
93 739
510 781
660 786
453 858
142 564
529 760
736 766
67 143
36 158
171 212
440 525
193 531
490 531
543 783
908 968
139 200
272 326
130 356
323 393
329 398
240 467
44 550
221 807
351 864
148 892
71 211
122 635
165 781
468 811
137 813
216 934
184 957
849 995
19 118
253 973
125 441
234 702
354 915
756 970
321 654
596 662
605 728
54 813
837 912
275 451
341 715
639 786
197 977
81 319
393 565
953 985
179 718
983 995
9 241
742 978
200 321
123 418
369 421
108 745
99 784
364 920
482 948
371 832
592 894
174 389
162 402
212 402
352 433
536 556
221 596
399 658
509 666
151 670
539 692
280 693
878 912
697 968
51 409
410 437
212 456
344 511
404 675
271 303
601 756
846 983
225 996
232 734
132 832
378 586
36 819
616 917
596 990
38 150
23 283
175 312
366 414
280 487
484 719
151 752
310 840
175 889
980 983
248 558
335 607
436 824
271 954
104 236
292 450
51 581
397 649
97 718
400 797
95 823
110 853
367 861
525 899
48 935
739 962
556 991
409 643
122 799
96 852
37 664
124 742
668 854
785 882
52 918
427 979
60 110
136 203
270 430
282 452
199 562
617 677
100 679
334 689
134 837
487 918
80 971
729 975
139 205
143 437
382 511
371 622
369 705
459 740
203 867
835 872
27 95
207 332
256 357
514 533
304 570
2 638
415 706
626 964
103 328
44 223
230 485
332 885
517 944
136 987
30 80
517 566
69 592
242 951
264 323
426 445
128 536
303 628
12 690
563 846
240 911
671 912
312 930
491 939
942 978
175 992
62 240
54 378
330 670
339 770
186 464
379 529
187 566
442 776
631 794
148 540
335 746
587 820
157 845
37 181
377 734
404 800
108 835
541 854
420 805
323 351
509 522
48 564
39 645
388 769
657 849
393 864
543 902
568 726
607 821
533 863
346 894
430 976
380 832
872 915
102 746
104 766
510 827
638 782
38 394
385 524
386 584
410 623
440 637
135 725
135 819
105 958
71 223
22 274
336 847
190 255
225 484
143 623
376 631
294 639
203 659
662 844
934 943
417 960
35 849
446 890
103 305
245 715
91 754
29 832
849 946
341 600
353 625
168 732
74 809
161 524
832 874
12 261
145 419
451 463
444 480
391 633
541 635
487 639
375 644
648 684
136 686
639 718
233 721
149 729
552 761
13 841
805 853
40 958
576 983
868 984
371 802
62 469
322 550
184 417
347 649
134 790
287 849
758 854
258 387
540 602
9 366
245 529
422 622
555 788
221 832
183 208
71 282
218 458
80 542
11 639
689 739
591 854
660 878
51 245
129 284
279 824
532 853
324 922
0 930
552 945
606 998
177 263
156 415
175 471
193 549
299 554
28 740
327 782
279 868
693 890
198 921
511 737
21 769
469 499
198 606
159 777
121 212
331 387
218 683
693 749
671 781
661 786
243 831
2 844
609 932
401 933
935 939
252 284
626 665
521 897
58 898
748 923
85 926
581 937
161 440
345 556
307 874
805 974
276 434
331 601
456 644
593 724
454 734
367 905
923 999
202 637
206 315
108 516
490 650
204 546
150 558
108 955
285 561
481 577
53 651
619 730
20 905
250 345
776 795
781 926
695 963
11 386
278 523
338 858
251 841
56 853
605 861
335 996
177 210
92 503
269 952
723 984
141 181
24 579
10 726
120 311
389 426
301 500
387 531
243 544
226 711
64 746
641 801
687 925
933 948
3 529
340 548
134 776
91 842
152 884
779 906
763 918
688 975
141 811
94 373
451 506
317 539
155 669
113 789
293 826
848 853
495 865
155 878
8 221
68 487
557 679
500 699
440 812
304 825
395 934
950 999
269 284
328 404
160 445
457 613
662 747
43 855
208 465
398 603
279 679
5 720
620 840
919 972
201 955
25 452
92 558
247 844
770 866
879 983
39 228
223 306
524 637
582 641
691 692
17 852
73 256
224 304
43 315
152 336
53 552
466 579
620 627
566 696
350 730
364 818
527 850
41 858
727 888
739 922
532 941
136 562
173 664
387 676
58 699
101 765
454 772
296 821
540 940
308 948
488 598
305 309
348 377
196 477
117 538
179 556
556 613
685 902
429 746
284 811
385 895
69 633
38 670
546 718
247 747
324 397
143 448
297 705
789 852
32 919
61 346
49 461
26 614
56 805
786 912
82 270
406 489
388 674
109 787
27 894
341 949
49 132
125 477
345 718
657 846
618 916
64 996
194 367
630 782
319 964
842 985
275 284
89 373
406 560
198 578
380 618
605 860
237 890
836 906
82 911
30 926
936 970
230 281
201 355
75 630
434 836
98 979
22 672
14 734
613 763
201 869
115 973
20 313
297 421
50 656
273 705
274 823
529 939
255 992
283 285
409 467
394 558
406 754
149 968
159 414
229 441
438 464
226 523
435 572
509 582
327 630
494 645
366 680
776 910
840 924
210 930
195 946
598 964
827 981
158 839
187 857
726 951
234 259
263 577
102 557
383 573
691 702
396 942
667 986
89 220
