1000 4000 52.392747589718944 sparse
0 569 393
1 565 633
2 749 967
3 456 833
4 482 525
5 596 993
6 882 527
7 412 293
8 675 687
9 478 808
10 899 147
11 812 595
12 614 34
13 746 364
14 721 125
15 524 441
16 228 533
17 271 744
18 538 671
19 401 573
20 24 161
21 983 387
22 726 708
23 537 556
24 569 477
25 761 9
26 251 891
27 330 100
28 694 755
29 44 463
30 512 427
31 435 966
32 620 61
33 787 444
34 306 145
35 917 632
36 910 951
37 794 297
38 748 353
39 791 878
40 230 440
41 446 156
42 639 327
43 642 703
44 274 979
45 213 959
46 110 56
47 99 810
48 418 847
49 412 741
50 897 38
51 45 897
52 634 472
53 378 350
54 694 899
55 802 292
56 433 739
57 999 419
58 704 927
59 507 760
60 866 506
61 700 996
62 29 703
63 940 448
64 971 640
65 892 657
66 50 467
67 333 376
68 587 738
69 835 525
70 500 732
71 30 147
72 51 829
73 810 526
74 667 185
75 537 474
76 991 798
77 665 550
78 501 471
79 261 77
80 643 25
81 912 18
82 472 237
83 261 737
84 318 809
85 553 882
86 521 198
87 204 949
88 679 32
89 229 921
90 122 620
91 834 836
92 673 477
93 964 723
94 502 667
95 192 878
96 272 594
97 844 843
98 810 287
99 898 114
100 413 84
101 635 656
102 892 412
103 289 395
104 312 157
105 283 992
106 666 462
107 909 111
108 977 605
109 315 100
110 214 125
111 285 632
112 901 171
113 100 878
114 749 138
115 617 542
116 668 588
117 264 791
118 134 358
119 912 862
120 798 482
121 168 763
122 329 313
123 297 457
124 296 881
125 647 884
126 573 135
127 674 102
128 283 371
129 602 413
130 211 341
131 873 548
132 905 228
133 968 880
134 364 131
135 548 1000
136 659 289
137 74 774
138 104 11
139 483 329
140 486 617
141 875 98
142 969 672
143 683 958
144 224 997
145 936 261
146 774 188
147 722 442
148 111 55
149 474 522
150 1000 595
151 36 153
152 493 802
153 862 867
154 405 205
155 757 590
156 148 185
157 89 648
158 445 910
159 625 980
160 52 948
161 73 843
162 194 853
163 531 921
164 108 172
165 248 241
166 471 305
167 155 379
168 232 819
169 101 768
170 887 366
171 228 749
172 339 277
173 781 980
174 219 872
175 501 995
176 354 562
177 615 892
178 804 550
179 870 210
180 382 401
181 654 990
182 251 962
183 215 223
184 682 859
185 656 670
186 126 201
187 959 734
188 797 734
189 866 901
190 732 458
191 655 123
192 811 857
193 419 505
194 283 341
195 901 45
196 875 461
197 357 917
198 191 211
199 395 926
200 221 257
201 913 692
202 688 326
203 686 955
204 760 819
205 934 970
206 41 556
207 709 849
208 217 881
209 657 32
210 341 591
211 836 642
212 631 719
213 508 637
214 320 521
215 793 608
216 406 796
217 135 966
218 102 826
219 926 281
220 463 229
221 391 621
222 599 445
223 15 956
224 721 586
225 111 48
226 261 705
227 578 163
228 816 350
229 117 997
230 978 911
231 473 428
232 519 225
233 379 87
234 502 772
235 751 373
236 864 102
237 89 304
238 856 546
239 640 413
240 647 195
241 846 319
242 537 92
243 960 999
244 135 903
245 877 603
246 931 828
247 887 3
248 482 504
249 685 810
250 996 266
251 306 505
252 789 789
253 196 376
254 87 858
255 881 886
256 691 517
257 887 786
258 361 470
259 411 933
260 981 852
261 272 255
262 304 939
263 354 826
264 386 962
265 22 973
266 168 510
267 498 946
268 61 610
269 450 200
270 429 258
271 242 239
272 404 990
273 138 288
274 468 265
275 76 364
276 833 850
277 326 1000
278 572 751
279 693 886
280 818 485
281 372 668
282 760 267
283 257 542
284 286 123
285 997 687
286 713 460
287 236 528
288 328 494
289 446 46
290 568 59
291 948 185
292 295 364
293 663 726
294 688 449
295 999 830
296 275 314
297 908 124
298 626 64
299 404 731
300 178 226
301 960 85
302 69 562
303 325 37
304 30 74
305 205 153
306 176 487
307 626 257
308 655 506
309 534 512
310 329 182
311 431 169
312 827 46
313 777 157
314 623 352
315 6 31
316 23 596
317 421 334
318 326 564
319 787 277
320 645 622
321 568 918
322 807 153
323 520 58
324 408 732
325 642 940
326 187 286
327 608 290
328 1 698
329 375 993
330 438 996
331 940 933
332 800 883
333 376 7
334 94 57
335 396 876
336 535 591
337 441 914
338 866 44
339 251 556
340 951 272
341 829 314
342 835 188
343 263 109
344 15 687
345 801 752
346 691 199
347 432 204
348 63 303
349 676 332
350 87 333
351 219 697
352 180 626
353 303 109
354 541 80
355 824 907
356 471 674
357 813 363
358 290 810
359 199 968
360 40 193
361 44 336
362 941 306
363 455 214
364 572 380
365 452 630
366 120 676
367 868 801
368 161 366
369 199 604
370 916 276
371 657 203
372 570 740
373 285 793
374 153 195
375 662 648
376 456 517
377 744 834
378 745 265
379 291 977
380 25 544
381 129 508
382 325 867
383 556 497
384 379 334
385 326 163
386 651 776
387 726 137
388 49 141
389 659 859
390 475 199
391 701 117
392 412 337
393 1000 933
394 744 208
395 627 402
396 857 230
397 775 452
398 983 101
399 701 940
400 985 502
401 799 817
402 470 268
403 0 405
404 292 549
405 823 297
406 378 292
407 54 288
408 560 258
409 29 653
410 591 774
411 17 603
412 232 825
413 254 12
414 154 743
415 925 375
416 919 513
417 138 904
418 73 753
419 765 273
420 982 488
421 163 722
422 161 873
423 184 196
424 839 61
425 503 192
426 78 982
427 74 431
428 290 762
429 411 65
430 211 684
431 142 648
432 832 954
433 948 101
434 854 223
435 86 376
436 776 800
437 25 523
438 585 985
439 356 43
440 291 522
441 265 117
442 196 976
443 961 332
444 783 19
445 619 605
446 401 384
447 633 327
448 140 474
449 277 758
450 839 653
451 8 472
452 817 977
453 63 482
454 908 999
455 80 778
456 206 707
457 686 512
458 931 473
459 191 794
460 623 811
461 335 767
462 994 293
463 535 828
464 458 656
465 22 261
466 751 566
467 995 250
468 55 114
469 440 352
470 486 561
471 464 328
472 46 131
473 196 717
474 615 772
475 921 752
476 972 606
477 803 614
478 702 254
479 247 493
480 746 52
481 728 316
482 335 665
483 344 424
484 458 643
485 587 118
486 903 219
487 591 616
488 524 948
489 547 249
490 437 16
491 828 538
492 540 751
493 616 820
494 226 413
495 826 149
496 683 439
497 241 268
498 703 368
499 269 665
500 574 402
501 652 726
502 538 827
503 776 890
504 834 333
505 948 701
506 936 812
507 116 207
508 769 18
509 440 59
510 853 518
511 738 156
512 86 546
513 316 577
514 925 604
515 825 734
516 434 858
517 616 670
518 211 606
519 120 100
520 662 525
521 221 238
522 964 180
523 183 40
524 58 352
525 346 847
526 515 126
527 718 582
528 244 427
529 947 344
530 946 378
531 46 101
532 117 922
533 623 51
534 246 500
535 715 685
536 227 45
537 748 865
538 114 448
539 838 191
540 923 517
541 547 867
542 156 195
543 360 692
544 867 272
545 721 652
546 757 135
547 319 331
548 133 505
549 27 253
550 501 767
551 955 553
552 723 902
553 867 944
554 839 580
555 795 399
556 419 247
557 373 888
558 955 685
559 664 947
560 876 268
561 155 771
562 523 568
563 274 36
564 603 225
565 891 653
566 658 845
567 180 660
568 40 793
569 785 822
570 890 104
571 308 963
572 842 709
573 715 902
574 921 665
575 224 128
576 691 359
577 230 341
578 925 730
579 693 880
580 114 224
581 763 584
582 157 593
583 350 293
584 834 611
585 784 584
586 438 67
587 492 311
588 946 225
589 119 924
590 242 328
591 736 715
592 863 555
593 574 116
594 493 156
595 810 341
596 506 430
597 740 186
598 951 271
599 375 647
600 544 243
601 385 224
602 230 78
603 120 422
604 743 456
605 780 173
606 432 962
607 15 338
608 947 171
609 435 710
610 937 650
611 770 96
612 792 838
613 640 647
614 245 988
615 619 663
616 1 313
617 30 974
618 398 73
619 534 835
620 589 820
621 232 302
622 603 527
623 916 548
624 305 381
625 801 724
626 336 153
627 703 310
628 929 412
629 333 87
630 7 663
631 706 23
632 137 900
633 428 36
634 801 699
635 936 789
636 124 533
637 586 868
638 51 425
639 236 832
640 543 463
641 935 664
642 202 840
643 295 658
644 174 428
645 942 301
646 316 183
647 566 995
648 546 117
649 629 684
650 315 983
651 166 627
652 372 342
653 654 705
654 378 359
655 705 508
656 253 551
657 921 651
658 233 285
659 994 209
660 908 327
661 910 232
662 228 224
663 676 312
664 339 918
665 403 552
666 756 900
667 323 170
668 432 55
669 254 752
670 975 257
671 838 100
672 841 620
673 156 537
674 370 871
675 222 188
676 385 156
677 715 696
678 842 884
679 835 891
680 999 456
681 870 366
682 852 488
683 163 264
684 321 146
685 204 450
686 563 113
687 362 298
688 811 626
689 373 845
690 512 61
691 720 504
692 857 6
693 814 234
694 622 637
695 48 60
696 863 543
697 242 611
698 181 631
699 665 935
700 105 187
701 133 63
702 802 947
703 66 97
704 50 755
705 230 381
706 592 64
707 340 990
708 969 619
709 29 441
710 177 4
711 303 15
712 32 932
713 956 686
714 978 31
715 189 276
716 873 458
717 722 207
718 619 818
719 844 496
720 223 297
721 609 313
722 975 170
723 515 11
724 875 808
725 122 610
726 91 21
727 951 745
728 893 866
729 676 765
730 714 568
731 30 812
732 353 277
733 562 103
734 60 433
735 265 488
736 638 12
737 37 825
738 957 652
739 901 710
740 957 461
741 797 261
742 795 373
743 699 348
744 974 780
745 524 49
746 339 608
747 21 323
748 797 393
749 444 695
750 473 97
751 810 565
752 495 608
753 288 677
754 527 584
755 178 678
756 94 40
757 26 279
758 932 961
759 813 118
760 421 83
761 249 900
762 437 520
763 978 984
764 584 820
765 55 218
766 81 995
767 964 945
768 332 572
769 866 974
770 325 259
771 7 984
772 990 230
773 960 79
774 318 738
775 112 847
776 799 133
777 123 191
778 104 909
779 129 764
780 700 816
781 630 784
782 658 307
783 199 806
784 938 235
785 528 400
786 654 164
787 50 532
788 150 123
789 243 519
790 17 316
791 718 808
792 960 734
793 462 767
794 5 324
795 541 293
796 537 499
797 825 541
798 893 135
799 133 955
800 455 15
801 708 585
802 329 63
803 84 932
804 501 724
805 797 26
806 178 889
807 985 10
808 145 404
809 219 501
810 759 327
811 858 654
812 886 225
813 470 559
814 297 603
815 715 437
816 692 883
817 590 250
818 803 36
819 77 330
820 394 30
821 806 112
822 617 856
823 355 304
824 470 392
825 95 562
826 729 370
827 365 714
828 344 88
829 128 223
830 117 307
831 222 663
832 724 649
833 670 914
834 324 229
835 604 533
836 187 979
837 104 533
838 310 972
839 859 111
840 55 490
841 561 863
842 150 881
843 216 300
844 325 217
845 197 887
846 746 213
847 428 282
848 691 54
849 283 554
850 549 306
851 636 36
852 278 4
853 467 871
854 23 994
855 575 195
856 278 560
857 891 696
858 663 571
859 798 155
860 377 640
861 273 608
862 266 257
863 205 385
864 994 677
865 94 409
866 447 984
867 507 827
868 912 658
869 429 627
870 97 402
871 487 757
872 981 897
873 533 924
874 919 440
875 996 901
876 174 90
877 440 102
878 831 135
879 860 45
880 376 660
881 173 507
882 827 444
883 232 580
884 44 837
885 65 245
886 186 760
887 347 834
888 304 542
889 160 496
890 710 639
891 15 733
892 126 721
893 3 825
894 152 62
895 817 839
896 856 574
897 658 802
898 514 258
899 597 296
900 408 754
901 930 601
902 805 155
903 619 187
904 695 520
905 714 376
906 365 477
907 804 535
908 499 149
909 509 235
910 486 626
911 526 782
912 8 270
913 199 120
914 339 231
915 618 724
916 134 939
917 812 920
918 110 876
919 525 769
920 786 286
921 900 914
922 219 280
923 202 79
924 862 165
925 593 442
926 6 39
927 320 910
928 39 439
929 467 315
930 772 574
931 330 937
932 999 157
933 459 150
934 476 615
935 740 884
936 35 443
937 200 225
938 841 456
939 138 803
940 48 907
941 272 92
942 198 8
943 775 634
944 836 995
945 99 984
946 181 540
947 50 994
948 307 320
949 530 304
950 726 406
951 538 77
952 1000 520
953 581 78
954 515 618
955 826 939
956 143 993
957 483 146
958 873 128
959 902 461
960 864 735
961 655 822
962 817 99
963 190 718
964 947 739
965 370 672
966 686 183
967 310 21
968 171 659
969 396 812
970 978 204
971 45 15
972 147 159
973 617 354
974 560 970
975 552 523
976 499 794
977 671 393
978 5 936
979 463 204
980 116 688
981 904 124
982 470 269
983 268 160
984 236 563
985 264 826
986 90 803
987 589 525
988 276 337
989 886 379
990 732 71
991 734 460
992 700 329
993 523 467
994 147 536
995 529 255
996 539 619
997 829 880
998 27 575
999 59 19
340 598
187 792
402 982
46 148
558 713
532 589
322 902
190 991
374 542
244 417
463 502
279 816
579 816
274 402
244 632
196 716
493 718
163 873
297 981
299 324
65 565
417 632
143 203
342 539
491 797
545 832
354 951
281 965
274 982
224 527
381 548
31 606
620 764
256 904
108 476
234 550
362 645
352 698
339 656
394 846
158 337
416 540
928 936
266 881
514 901
168 412
42 447
279 579
301 773
622 835
338 879
473 963
165 271
555 748
261 862
709 936
314 973
132 661
32 298
30 596
489 600
222 925
148 225
859 902
256 457
479 534
463 619
29 66
137 455
727 964
599 860
396 434
517 615
385 667
238 696
720 843
865 870
282 419
849 856
552 573
315 926
50 195
46 225
265 617
412 639
460 718
100 760
747 790
70 804
258 906
194 988
343 441
509 586
71 151
155 581
4 149
359 442
114 546
323 690
147 815
502 619
509 668
281 880
53 654
140 910
319 920
567 968
673 994
174 208
316 411
132 486
59 550
205 758
26 761
759 821
687 823
571 838
322 859
594 908
711 967
37 55
55 98
16 287
465 549
317 392
442 836
49 324
544 560
283 656
323 745
604 991
678 679
367 724
53 652
90 725
318 768
152 976
686 733
326 715
113 918
709 928
140 934
13 235
39 332
0 500
101 613
621 720
236 839
95 845
404 849
388 472
32 533
110 575
186 777
527 801
350 819
285 864
51 940
384 652
336 754
72 884
263 887
188 625
166 929
228 595
73 907
293 501
535 677
629 828
13 38
219 370
278 372
156 374
294 496
190 604
131 696
217 799
682 719
453 840
99 107
211 450
460 493
238 592
584 672
593 686
287 789
574 868
657 868
47 986
215 477
186 507
805 818
99 981
141 236
93 792
616 794
592 696
82 220
25 508
559 699
638 734
834 844
457 904
93 187
583 823
650 838
369 518
43 653
17 83
91 97
22 591
131 592
202 992
75 640
327 899
679 997
242 354
366 980
140 752
253 863
49 299
240 371
156 542
99 570
588 784
363 979
59 234
14 387
464 484
583 687
187 964
390 979
97 276
54 279
107 297
310 646
183 662
224 801
80 851
599 880
525 887
911 919
170 989
485 593
228 357
0 364
58 399
298 533
27 629
476 708
426 766
309 796
471 929
34 104
202 349
310 667
586 668
10 798
880 965
45 87
581 930
5 438
428 449
168 639
187 727
576 743
422 842
49 900
498 905
37 920
269 979
678 997
128 292
737 884
404 888
80 736
212 915
792 964
107 981
574 657
172 732
91 276
444 508
389 566
291 608
574 641
352 651
580 829
96 861
99 297
456 473
385 626
610 641
427 734
232 909
594 957
622 987
104 684
727 792
167 368
400 420
365 484
289 509
230 872
41 933
20 151
33 397
477 688
459 783
790 794
527 730
72 737
541 841
971 999
69 491
486 661
646 667
731 737
269 363
270 556
401 569
522 722
495 878
658 922
910 934
27 109
109 353
498 576
330 866
178 907
34 684
242 951
282 378
834 914
183 937
20 71
283 339
104 385
17 449
351 430
121 561
429 618
162 642
795 850
164 700
898 995
655 691
651 698
872 875
795 949
798 981
275 435
658 720
655 904
585 930
80 209
521 662
444 805
75 993
44 105
408 489
468 531
115 835
110 913
46 334
53 384
250 467
610 657
747 794
799 916
108 708
470 813
54 816
621 843
266 889
9 152
183 521
85 541
141 570
146 605
607 747
178 751
249 780
826 905
432 955
47 218
313 605
22 677
583 732
616 790
359 836
547 948
908 957
98 405
351 456
318 513
138 726
562 754
92 106
198 423
83 669
626 684
339 984
45 359
256 655
289 668
465 912
198 937
246 506
291 522
513 768
346 966
659 970
690 745
220 363
105 379
170 681
505 713
334 756
835 987
239 395
252 436
621 658
104 667
881 889
545 890
821 962
406 687
55 920
131 238
148 334
68 372
44 379
507 580
210 746
277 707
607 794
739 857
550 871
832 890
557 674
91 895
199 259
505 558
569 612
101 615
648 686
507 777
720 922
883 984
348 407
609 749
151 388
60 510
577 590
593 733
355 917
241 341
358 373
385 684
116 858
328 344
95 806
404 856
706 953
341 405
145 598
652 654
197 664
136 782
490 800
730 801
486 812
13 826
554 896
567 755
121 886
512 825
306 889
223 265
532 778
15 30
188 345
269 347
241 504
443 529
23 562
202 663
64 738
465 757
700 777
27 828
638 928
882 938
145 340
100 618
265 771
297 798
79 941
149 376
135 647
479 735
663 782
497 658
17 669
225 756
37 98
147 190
319 741
69 797
771 854
216 969
86 425
192 895
489 995
200 521
130 577
139 471
54 579
126 593
450 811
701 894
743 992
190 286
100 429
40 528
142 558
517 649
641 657
142 713
383 796
806 845
850 949
74 966
312 424
39 503
474 781
600 995
225 334
310 385
468 472
12 533
522 608
726 756
376 762
534 789
132 812
343 941
627 992
69 510
224 730
43 212
322 495
48 516
172 583
457 655
35 657
633 668
355 679
119 728
7 847
276 895
759 962
456 963
87 359
341 504
379 838
149 248
780 791
292 624
844 914
68 278
198 300
41 311
66 453
533 851
71 388
206 380
301 433
349 663
507 829
636 837
65 868
860 880
610 738
742 748
147 286
139 587
752 910
757 912
59 919
38 235
120 280
59 871
306 881
843 922
897 961
308 520
107 570
277 650
468 703
643 753
592 896
752 934
213 954
755 968
531 703
498 743
640 993
161 254
115 622
271 662
759 776
16 789
74 371
122 547
289 633
613 694
28 729
357 742
429 760
230 875
179 434
467 772
141 839
85 841
664 927
537 935
681 989
721 899
656 984
208 845
4 248
380 437
581 585
286 991
137 418
11 477
271 521
210 768
265 854
664 931
671 962
49 56
117 373
114 511
15 596
501 653
19 665
64 708
77 858
313 859
426 945
766 945
309 975
37 319
571 650
467 670
617 854
798 958
189 255
55 319
203 399
415 530
54 573
281 599
589 778
73 797
234 871
589 916
214 251
62 344
361 524
103 624
648 733
139 929
659 772
209 851
710 942
316 998
626 667
63 740
133 872
438 647
568 731
14 391
378 419
322 776
55 405
99 798
699 833
565 868
73 491
275 524
466 581
201 739
31 866
147 991
284 441
166 587
495 902
797 907
734 928
204 377
408 600
574 610
202 627
490 633
179 812
155 930
29 936
303 967
143 559
88 209
324 900
284 353
126 485
379 571
375 613
394 717
776 859
300 937
839 958
364 500
607 790
186 829
12 851
212 501
401 612
714 807
776 821
356 464
357 595
109 629
235 826
512 837
229 945
234 976
145 219
74 240
319 419
475 578
394 597
385 646
503 666
616 747
201 857
752 954
543 965
223 978
78 993
387 511
263 525
289 586
534 735
499 753
386 781
63 874
466 930
211 672
543 827
71 472
46 756
666 935
251 440
148 756
658 843
185 375
494 528
60 682
304 695
172 770
776 902
200 497
507 700
6 131
414 421
144 614
293 653
250 670
687 732
178 797
184 389
506 635
11 215
114 387
43 649
101 694
327 721
632 842
290 953
296 988
192 276
325 559
418 704
286 815
200 922
122 948
365 869
234 919
566 961
636 994
169 455
615 649
429 668
218 775
255 728
142 738
302 512
586 760
422 806
299 900
93 964
203 559
148 701
223 617
193 762
243 763
492 919
400 952
430 456
325 699
66 840
898 909
10 981
101 517
233 618
221 860
917 955
480 990
206 998
184 579
430 831
671 839
436 569
427 638
449 669
510 719
641 868
578 964
113 254
24 383
179 396
440 888
270 847
98 920
954 996
45 442
166 471
46 701
532 916
10 112
410 474
667 684
736 851
165 862
550 919
638 936
25 444
151 472
128 624
409 630
126 686
60 719
36 758
176 768
849 888
491 907
349 992
257 367
164 777
262 571
104 626
629 802
933 957
266 306
121 414
570 981
485 686
290 706
814 861
29 928
251 288
202 743
213 910
10 297
74 786
419 920
521 937
103 128
73 178
155 466
379 650
717 846
228 504
76 744
759 878
552 935
204 436
6 696
50 81
145 370
363 390
332 503
625 634
75 796
661 812
220 979
69 73
269 390
384 654
612 895
257 724
641 738
433 773
211 811
88 848
497 922
108 150
95 162
98 319
347 363
43 501
618 760
617 771
95 208
77 520
204 569
673 946
101 185
283 287
147 604
186 700
9 976
504 595
344 630
413 852
702 955
705 863
587 929
143 399
215 688
605 859
8 185
180 446
22 535
320 613
381 636
38 826
637 841
142 864
549 912
599 965
106 294
93 727
621 922
219 645
160 712
215 585
206 787
488 873
481 627
156 777
647 974
194 292
335 557
336 562
186 580
509 633
406 823
417 842
218 986
56 324
418 455
650 707
441 941
515 625
555 742
184 816
312 818
302 825
234 911
237 348
549 757
156 972
15 993
72 161
267 488
236 570
236 671
145 784
498 826
262 931
17 428
317 469
244 532
171 669
674 689
615 694
452 944
323 951
165 662
153 678
444 818
610 868
575 913
104 646
479 789
303 802
229 956
383 975
6 60
83 449
244 589
613 615
424 879
214 888
361 747
335 674
35 868
219 340
63 458
242 648
437 787
96 814
656 856
309 383
225 701
29 709
244 842
174 845
606 866
365 464
538 603
182 614
139 166
183 198
178 491
281 543
331 767
111 861
153 255
29 453
192 612
263 689
760 877
34 385
297 570
35 610
284 343
314 447
219 598
499 643
212 653
510 696
561 779
283 789
167 808
793 871
386 897
734 936
455 986
493 620
854 947
196 959
154 347
404 440
72 731
534 809
190 815
217 916
874 959
86 232
250 462
429 586
627 663
525 689
732 823
550 976
165 521
156 186
4 376
93 505
279 573
11 584
638 709
40 494
457 520
339 856
97 895
722 932
421 963
712 978
286 294
129 395
58 573
386 729
242 733
254 775
711 852
497 862
741 920
432 452
584 688
320 694
355 997
122 823
236 958
417 589
154 601
209 736
42 782
12 32
137 169
95 174
200 271
186 374
388 468
417 532
155 585
8 653
597 717
597 846
283 856
125 389
380 787
165 261
74 346
184 566
598 670
447 721
522 970
590 621
111 643
40 685
163 488
165 497
460 781
188 515
345 625
238 896
99 141
84 358
301 398
423 542
414 561
406 583
185 613
593 648
608 722
349 743
463 867
526 908
602 923
662 937
176 318
313 902
214 288
194 296
118 368
101 375
87 442
238 510
201 574
32 706
661 784
237 830
619 867
249 897
217 956
564 817
70 871
192 332
280 719
38 810
435 870
689 887
82 274
169 779
617 947
909 995
336 996
340 670
751 797
54 833
365 934
66 936
796 975
127 191
511 546
591 677
273 830
260 295
401 895
126 227
62 328
67 624
281 860
27 353
88 631
548 889
44 182
82 363
401 436
106 496
287 656
136 663
576 905
206 302
101 649
683 715
458 740
237 819
283 849
495 859
772 970
639 985
210 513
607 616
152 867
731 884
99 958
184 207
282 319
765 885
702 917
927 931
107 798
59 70
390 425
39 192
37 405
382 525
122 583
558 641
203 699
89 761
214 440
271 497
567 698
140 954
237 350
352 369
248 376
361 607
56 609
15 640
98 741
524 819
603 865
59 911
775 918
475 964
238 491
35 514
331 758
223 771
508 805
479 809
806 842
240 903
81 195
81 247
184 279
272 329
219 362
54 552
406 732
485 733
360 765
802 828
29 840
56 900
550 911
716 959
438 974
332 997
355 678
143 699
333 820
254 918
192 997
110 305
548 636
189 678
223 712
407 757
570 958
663 992
396 812
24 640
1 996
266 673
294 815
911 976
429 509
65 657
161 884
42 314
211 688
32 851
691 904
712 940
118 167
69 238
283 984
54 58
140 213
34 284
252 401
287 534
313 546
532 632
23 754
298 851
427 865
628 874
448 889
698 968
411 998
75 383
278 410
310 626
573 816
815 991
731 893
97 153
128 194
345 515
472 531
589 632
789 809
271 862
322 878
510 682
578 727
553 769
770 834
511 597
5 647
565 657
620 718
11 751
141 958
56 299
150 476
445 487
129 500
256 520
65 574
11 585
668 760
876 923
66 928
910 954
31 330
247 692
656 849
104 310
515 572
100 586
34 667
313 322
286 604
374 777
715 922
276 997
12 80
16 283
6 510
44 614
340 645
69 719
825 837
129 925
323 354
185 649
641 713
348 819
200 658
426 947
351 473
778 803
603 870
221 599
690 951
358 985
94 213
300 423
186 542
672 688
751 907
36 205
137 704
509 760
339 883
159 181
138 756
232 600
16 656
432 702
475 727
671 759
349 782
603 808
605 902
573 935
14 114
133 260
481 992
210 318
127 391
11 554
349 576
291 722
670 772
502 867
347 979
374 423
79 602
11 688
153 728
766 947
431 968
34 626
408 817
16 984
320 375
82 402
320 445
1 487
387 546
211 584
131 896
380 998
230 393
573 579
303 711
318 888
91 192
43 293
146 313
477 584
172 687
354 733
228 742
570 798
697 861
408 995
413 563
578 739
377 537
113 778
958 981
770 914
745 951
152 234
289 490
598 645
576 992
165 200
183 271
304 531
495 776
30 785
111 814
172 823
109 828
458 959
447 973
162 174
95 422
373 428
58 552
305 575
554 584
518 697
55 741
238 797
733 953
103 292
50 338
303 439
308 457
244 778
856 888
215 943
232 995
142 285
92 294
287 339
169 418
392 469
743 905
5 159
176 210
220 269
94 356
448 548
540 623
256 691
213 752
240 786
570 839
696 896
241 405
398 773
431 651
43 915
194 948
338 424
693 741
287 809
372 492
83 226
278 492
493 764
20 388
387 391
491 510
346 717
709 734
447 782
412 985
64 142
79 343
434 812
496 815
339 849
776 878
716 938
355 955
82 982
726 999
24 75
129 222
445 694
568 737
227 855
6 238
117 358
124 382
585 751
513 814
326 843
282 920
10 958
397 604
636 673
494 705
277 838
563 852
393 875
526 648
289 800
12 298
220 390
565 574
905 950
249 961
135 974
777 829
651 968
126 648
369 698
491 751
100 877
16 339
326 683
12 736
313 776
326 922
296 948
133 230
586 633
189 679
697 883
69 907
649 653
134 676
554 751
414 779
266 946
212 293
471 587
484 910
860 965
168 985
115 987
362 443
80 533
45 836
878 902
264 329
275 350
481 810
561 886
815 950
125 177
76 295
440 849
10 99
98 341
341 595
565 811
312 879
292 988
231 596
552 666
450 672
558 738
249 791
42 721
62 891
197 557
484 869
262 927
423 937
137 986
384 392
202 576
536 602
252 569
35 574
517 613
105 650
113 775
542 777
16 809
637 822
381 889
58 203
264 272
69 696
732 770
781 897
484 934
381 994
3 9
3 516
421 473
750 877
232 898
520 904
35 565
242 686
66 709
518 883
266 994
52 106
656 789
535 545
412 642
517 694
452 702
430 755
361 819
559 833
262 838
600 898
305 913
778 918
102 989
322 605
225 726
361 790
439 802
105 838
197 931
336 954
161 218
153 276
356 484
261 497
130 590
429 633
533 706
495 759
461 774
35 901
200 662
132 784
114 313
6 592
126 733
604 815
255 921
311 933
682 938
460 961
332 355
469 471
525 674
435 865
881 946
867 976
446 654
821 878
261 271
279 552
352 567
298 706
29 734
357 748
737 893
7 406
64 476
529 530
713 738
589 799
275 819
201 868
492 911
68 915
284 941
548 994
146 597
160 617
501 915
571 931
572 960
164 186
100 233
92 308
280 682
497 720
642 783
65 811
351 831
162 845
722 970
419 741
671 821
13 905
290 354
179 486
59 492
356 749
580 777
632 778
207 780
633 800
489 898
352 968
82 979
153 189
346 371
187 578
365 910
946 994
253 705
417 778
459 886
196 938
90 431
477 943
631 848
96 697
532 803
87 836
673 881
892 980
183 200
272 330
330 606
633 820
96 856
594 933
2 173
541 619
554 592
273 683
350 524
100 668
354 690
9 867
147 294
128 988
187 505
55 341
324 609
349 627
42 973
207 579
142 641
639 642
457 691
59 976
796 993
36 331
707 838
290 951
398 433
144 442
494 863
133 875
265 947
287 984
117 985
195 338
311 347
70 550
233 828
23 336
212 649
185 653
718 764
586 877
83 171
708 738
505 792
458 874
416 623
329 707
460 620
497 621
582 651
276 678
646 844
590 988
340 370
188 634
578 792
310 844
417 916
297 958
371 966
218 254
595 742
523 942
35 65
14 511
266 548
370 598
491 696
354 745
381 837
353 941
948 988
539 924
733 951
26 208
101 320
340 362
64 610
66 734
15 75
117 449
196 682
168 783
516 853
342 924
153 997
64 108
259 337
477 585
328 630
322 759
202 782
302 787
321 873
291 970
366 431
134 626
201 641
414 892
876 894
283 404
183 675
671 878
482 965
381 448
718 781
21 57
20 360
434 539
758 767
160 803
543 880
142 505
259 606
563 711
656 883
245 896
351 963
43 185
97 192
217 229
296 590
85 637
567 651
804 871
213 996
373 449
164 507
152 550
537 666
332 679
589 803
600 909
427 928
657 738
493 822
244 916
166 982
99 236
146 394
224 466
131 510
497 521
626 646
229 766
312 805
4 813
177 822
754 954
370 645
919 976
75 78
34 353
173 452
422 632
153 679
334 726
37 741
231 824
715 843
632 918
826 950
788 972
201 505
556 847
460 897
18 94
155 224
68 410
4 470
386 474
147 950
718 961
162 208
174 642
420 680
510 797
279 833
414 886
569 895
561 939
852 967
430 473
122 687
23 975
220 274
399 699
60 69
269 311
443 645
590 720
552 816
107 141
50 247
48 335
140 365
253 368
53 392
432 553
362 598
383 640
58 833
189 921
662 675
523 710
250 772
640 796
59 804
503 935
374 972
286 496
357 504
535 591
168 642
682 716
769 944
8 43
80 88
84 373
232 425
206 437
111 499
466 527
588 661
746 768
532 799
307 817
44 838
287 479
169 986
35 641
420 952
344 409
448 538
230 767
377 791
100 509
482 543
420 740
244 918
232 489
404 513
435 524
310 684
428 774
112 798
839 878
688 943
352 518
239 977
102 628
57 680
513 888
754 996
109 284
166 402
505 578
27 802
427 870
421 892
679 917
280 938
141 671
466 730
149 762
251 888
82 909
975 987
199 264
29 451
535 832
542 972
183 300
163 321
281 482
60 696
235 905
318 404
26 89
20 472
552 579
526 594
353 629
644 685
12 706
596 785
743 826
26 174
47 455
179 539
204 612
415 628
200 715
208 761
149 813
389 961
786 966
42 349
92 457
354 648
646 684
51 712
10 107
122 172
14 546
194 547
145 588
425 594
428 669
58 143
299 609
487 694
451 709
205 331
282 741
87 89
503 537
374 829
146 846
44 571
165 183
307 327
16 534
466 585
256 308
37 419
156 423
405 504
72 568
63 628
177 637
326 720
644 808
124 927
138 225
399 559
470 562
185 615
50 879
197 927
328 891
526 957
15 78
120 397
455 704
519 788
125 833
160 223
93 713
339 789
759 902
393 767
129 239
242 323
415 529
300 542
238 554
530 628
735 789
672 811
207 816
816 833
523 894
505 964
696 797
718 822
39 997
78 248
130 253
348 361
207 377
21 530
580 700
412 783
757 790
77 116
45 182
75 309
82 390
140 484
105 614
627 743
325 833
590 843
228 341
306 448
574 738
598 784
200 937
588 970
259 264
144 359
83 428
105 571
11 672
84 887
510 592
36 921
41 957
348 350
215 581
384 823
362 529
618 668
477 672
508 818
221 869
776 962
237 407
198 542
486 784
0 129
162 422
859 878
152 911
417 422
121 459
49 609
613 649
198 675
335 689
513 746
405 920
924 958
493 781
512 787
422 845
878 962
29 638
587 949
593 953
233 429
353 441
156 507
142 610
423 675
24 796
223 854
549 885
213 934
252 345
193 376
374 507
450 688
226 753
619 841
102 874
86 909
332 917
871 976
7 270
37 341
491 592
305 675
582 725
429 820
205 243
119 246
117 428
205 454
209 533
137 568
145 661
141 981
881 994
85 321
73 751
550 793
563 967
30 231
313 511
541 637
424 671
121 779
65 857
515 960
197 199
160 265
312 338
362 370
266 381
204 401
170 415
93 558
577 621
404 656
255 678
338 692
518 698
635 744
723 745
205 767
713 864
876 913
751 930
452 955
493 961
147 496
362 660
173 702
371 786
99 839
692 879
632 916
934 954
373 985
498 992
119 255
31 272
430 567
145 670
150 708
161 775
415 989
505 641
198 662
519 701
47 775
340 784
13 810
92 496
95 642
34 646
568 704
799 956
52 92
551 623
246 635
490 668
132 179
558 610
686 953
162 806
611 821
495 924
307 564
548 673
283 440
558 574
178 585
472 703
148 726
432 769
432 917
576 977
334 701
112 924
33 120
45 144
6 416
109 802
576 826
3 853
214 404
272 606
542 829
417 918
270 274
220 402
93 578
381 673
451 936
47 939
354 686
382 887
244 422
350 830
84 263
460 474
155 527
245 672
384 687
58 699
25 805
208 806
558 864
107 958
69 178
220 347
300 374
91 401
289 429
342 434
242 690
46 726
408 795
67 292
431 567
201 578
871 919
795 995
135 438
475 635
42 663
759 859
97 997
52 308
372 410
389 579
6 623
715 720
215 930
430 963
343 353
185 517
577 705
752 754
33 882
178 930
777 972
39 612
908 933
342 495
460 764
779 939
70 234
8 535
291 588
554 672
200 720
548 881
354 953
166 274
388 531
116 801
719 938
96 111
262 379
512 636
439 820
440 856
63 959
151 360
79 441
352 582
369 651
513 849
689 969
155 215
357 555
161 737
217 945
17 226
107 433
117 669
410 781
207 279
159 438
392 652
456 755
56 793
234 793
548 837
842 918
838 931
198 521
586 618
145 645
485 953
399 833
3 48
268 316
242 526
399 573
392 654
592 797
209 848
489 909
125 566
482 643
497 843
498 977
220 982
462 670
610 713
393 872
653 915
69 682
288 906
265 978
596 993
226 499
370 560
648 951
31 259
258 288
8 293
149 470
463 541
292 547
361 794
389 816
146 859
788 876
369 883
427 936
240 966
65 201
262 664
574 713
756 999
176 513
300 683
34 983
502 541
8 677
195 879
485 648
467 659
285 713
191 786
322 821
636 825
464 869
69 592
174 761
125 822
564 855
768 888
464 910
158 259
116 320
53 446
480 508
556 601
573 666
97 678
276 679
531 695
579 833
38 905
167 253
8 375
183 423
215 584
132 588
546 611
192 678
293 729
913 923
164 972
277 571
353 684
695 703
141 798
144 836
729 897
10 924
284 983
319 405
333 439
44 650
15 785
673 889
160 940
432 944
45 89
60 238
198 374
202 481
436 612
368 808
371 903
564 903
121 421
78 596
130 843
482 880
553 955
179 342
39 666
267 873
704 891
48 969
163 267
71 468
235 950
314 721
464 749
763 767
554 797
434 693
375 694
96 849
649 915
30 993
54 399
339 404
55 419
0 785
148 894
192 679
798 839
734 865
61 143
652 823
513 856
204 252
522 659
54 184
89 208
192 401
416 458
507 542
755 963
425 979
91 153
73 280
157 366
201 657
721 973
397 991
172 406
229 426
533 736
221 880
407 465
571 707
277 379
284 684
727 744
786 903
522 932
7 317
207 791
280 882
317 384
770 844
47 161
77 256
141 297
384 406
43 517
66 638
332 678
47 169
187 475
335 516
285 558
224 581
91 612
617 712
546 776
216 900
521 922
156 164
38 481
597 605
495 821
889 994
389 822
567 831
95 842
856 984
207 537
492 550
718 897
315 971
241 595
180 654
233 760
886 963
488 974
270 402
6 540
572 634
265 712
616 757
583 770
536 923
66 451
450 584
680 740
746 814
787 840
476 901
827 965
96 883
308 904
189 355
46 894
77 904
778 916
515 634
24 925
304 926
58 279
28 293
441 575
632 806
566 822
270 982
695 999
396 560
117 168
275 361
80 298
529 660
431 698
299 827
32 953
189 997
60 131
201 558
878 958
413 536
32 80
182 379
459 561
455 568
377 569
276 612
304 703
663 743
417 806
700 829
502 841
884 893
218 939
5 974
895 997
226 351
78 640
104 284
160 426
645 660
440 735
42 136
431 725
156 829
473 755
475 792
708 901
131 623
557 689
550 804
565 857
509 877
566 897
125 184
113 244
350 435
462 467
189 553
79 563
194 590
489 817
821 902
951 953
12 209
82 269
113 632
494 685
156 700
670 784
584 896
675 937
350 361
490 509
779 892
441 983
837 994
228 241
574 857
798 924
878 924
396 544
143 181
13 498
45 614
588 670
396 693
481 743
618 820
88 851
425 908
9 234
66 427
64 641
122 732
717 966
90 157
211 477
658 862
383 987
17 171
347 390
349 447
529 645
200 843
382 927
61 203
577 843
225 894
151 468
396 539
343 575
659 722
523 923
214 318
96 339
279 389
190 397
77 457
317 471
234 492
283 534
491 554
369 582
486 588
201 713
204 791
272 866
857 868
275 870
740 874
171 886
425 909
547 988
69 280
92 286
159 325
427 538
174 639
336 752
274 847
161 986
917 997
34 310
36 553
65 641
369 697
64 864
674 887
616 912
192 569
463 841
572 625
208 642
319 378
495 539
839 962
105 277
73 510
245 584
821 859
109 941
47 137
424 818
538 865
803 940
686 951
414 963
105 182
24 222
92 256
206 316
29 427
482 599
327 817
230 331
352 431
399 552
199 557
424 962
39 355
10 570
590 658
236 798
847 982
302 998
7 392
235 742
9 793
203 833
381 881
94 910
68 474
23 309
242 593
554 696
505 727
348 757
104 983
181 559
560 812
318 849
473 886
771 947
41 269
240 346
568 884
113 161
144 182
52 222
407 549
249 566
90 582
189 728
795 898
59 152
195 247
154 556
509 618
376 813
402 847
780 897
271 937
602 941
263 969
16 479
70 492
523 536
130 705
747 757
588 772
605 776
331 921
500 925
91 997
130 621
170 660
378 478
251 735
174 806
407 885
848 990
154 311
370 661
545 677
290 733
405 741
489 795
130 863
69 131
180 483
245 554
546 605
421 886
498 950
138 148
209 298
268 411
90 651
92 655
286 691
610 708
577 720
123 735
789 984
129 364
202 498
437 840
342 902
553 921
383 993
300 521
296 621
327 447
537 552
289 760
738 864
70 919
739 960
220 270
200 326
799 945
458 540
58 559
35 738
855 903
85 163
143 325
201 565
158 853
464 934
322 342
386 460
549 765
671 958
190 294
658 715
945 956
395 977
39 537
347 556
242 745
217 589
582 698
491 719
454 758
229 799
349 498
505 574
547 823
200 862
260 872
125 816
527 581
48 689
293 915
111 753
627 782
695 971
77 308
46 519
652 687
290 745
402 898
382 674
11 930
351 755
524 607
639 783
244 806
306 809
490 820
171 473
132 145
154 269
242 290
145 362
428 461
8 501
250 598
343 602
701 756
4 762
797 896
146 902
451 928
608 970
84 461
511 605
18 213
37 282
557 664
73 719
30 78
106 308
94 464
565 641
262 650
56 749
898 982
752 996
46 138
250 340
460 822
738 868
152 871
366 892
780 961
302 837
668 820
283 883
781 961
617 978
611 990
421 456
25 480
65 610
375 615
447 663
134 684
59 793
73 120
266 448
33 604
130 720
78 796
210 814
58 816
620 822
491 896
292 948
88 736
449 774
546 859
194 624
62 630
179 661
355 702
236 981
493 897
11 178
33 555
332 612
179 924
138 999
207 249
501 729
926 971
469 929
184 961
793 976
53 317
405 595
497 662
39 679
318 746
143 833
638 865
465 885
34 109
60 196
107 236
227 485
148 519
249 729
136 307
152 919
264 606
112 608
233 629
344 891
408 898
172 914
27 134
86 390
326 658
520 858
125 279
113 417
136 447
410 620
500 785
160 947
247 338
353 828
378 920
26 124
131 491
206 512
178 554
565 610
8 649
334 695
427 709
586 750
37 810
802 967
929 982
297 433
43 615
528 685
404 768
668 800
819 830
251 404
125 579
474 718
205 763
242 953
836 956
386 961
577 988
691 991
72 254
54 699
403 709
136 349
520 655
215 751
905 977
102 170
588 598
255 679
535 890
200 621
871 911
309 993
61 181
191 391
109 684
809 881
220 909
726 971
288 440
306 685
407 790
134 233
203 325
165 658
514 708
635 727
421 755
509 800
755 831
475 739
348 747
85 873
13 950
89 182
7 556
410 764
502 764
370 784
600 817
281 827
759 839
274 898
817 899
601 914
532 918
439 828
573 833
502 911
1 18
306 548
390 594
184 780
324 827
276 332
236 878
448 881
117 412
377 436
79 536
131 554
665 762
235 810
646 834
89 845
114 605
196 719
97 724
152 793
768 814
207 935
37 595
456 831
839 981
431 755
503 917
678 917
427 603
271 658
27 684
435 819
39 895
751 896
463 911
790 912
72 986
114 611
445 613
162 639
82 898
39 917
695 926
186 972
41 594
283 888
136 202
32 209
9 550
313 597
96 656
524 747
228 748
470 754
611 776
466 801
814 856
429 877
271 922
536 942
6 69
106 286
476 514
499 831
667 844
279 935
138 334
71 360
24 993
698 755
402 929
236 962
611 962
112 981
98 419
67 547
801 858
298 953
304 468
96 513
113 532
296 547
227 593
514 657
332 666
388 703
651 725
69 751
16 883
332 895
108 901
579 935
430 968
157 268
162 412
84 525
243 758
135 175
340 588
323 723
162 783
310 834
642 845
396 486
379 614
459 642
118 808
294 991
276 401
185 694
17 774
842 845
342 396
171 456
587 982
782 992
181 203
134 828
311 979
38 498
543 599
566 718
492 804
857 960
30 640
447 899
227 903
96 984
43 101
17 117
112 297
226 669
649 694
633 760
16 946
199 337
302 380
217 532
204 537
220 556
514 610
190 691
377 780
219 784
110 923
155 943
496 977
253 494
618 633
355 432
668 877
431 980
64 558
326 621
263 674
248 762
440 656
197 674
311 676
716 719
348 790
735 809
120 882
783 886
82 270
28 386
305 423
340 462
278 474
536 563
111 697
505 739
470 752
677 832
254 884
849 984
501 649
407 819
67 103
68 212
356 365
368 863
358 428
939 986
290 323
140 464
474 493
245 514
234 804
816 935
453 936
236 424
168 459
132 396
36 454
112 486
637 764
808 870
74 903
771 978
249 386
257 475
558 657
400 680
528 705
120 719
744 792
578 857
716 882
732 914
620 637
187 713
440 789
474 915
146 322
192 503
280 510
115 520
67 654
407 747
98 241
146 511
540 551
377 612
713 792
318 856
72 893
235 498
856 861
157 980
3 152
19 176
123 288
42 327
392 446
58 579
734 870
402 587
462 598
155 730
365 752
611 759
92 904
364 785
97 367
201 610
697 984
443 530
64 713
476 738
187 744
176 746
672 896
650 931
54 935
522 588
275 865
5 135
82 232
142 574
521 658
60 716
482 753
131 797
728 921
869 934
160 978
320 615
374 580
318 814
307 899
165 922
77 115
268 302
426 617
286 655
91 678
374 700
71 531
898 949
467 598
136 627
196 874
11 896
889 946
87 182
174 412
139 469
68 492
361 616
764 841
166 847
787 998
91 367
460 566
253 577
268 998
334 703
562 752
123 251
93 285
104 353
363 556
354 593
114 597
337 606
375 649
97 679
504 681
764 822
375 890
539 902
589 918
679 955
719 797
521 862
867 911
55 282
493 566
454 769
482 860
410 460
568 893
42 202
949 995
19 221
361 407
850 899
395 973
112 291
273 326
258 483
322 539
547 583
6 719
538 870
171 963
467 970
24 975
905 992
184 249
175 267
525 557
60 592
252 612
257 635
626 676
413 711
453 734
452 769
701 876
788 913
810 920
744 964
31 264
434 486
370 544
187 558
236 297
340 467
775 986
261 658
6 682
706 733
304 315
185 320
132 370
96 404
67 483
92 520
539 693
574 739
584 811
408 850
453 928
348 524
38 743
558 792
155 801
54 125
576 663
721 782
152 463
414 473
219 660
716 874
407 912
35 245
132 560
480 631
287 735
47 254
215 672
24 309
277 329
566 579
657 713
477 751
610 901
477 554
560 661
390 909
463 976
102 415
444 480
537 573
596 640
214 849
342 859
161 918
27 284
233 439
34 441
313 495
421 561
55 595
110 602
439 629
266 636
117 639
317 652
193 665
91 724
400 740
13 743
463 764
36 769
861 883
433 981
518 651
757 794
134 385
60 491
521 715
506 744
746 860
519 894
526 686
222 500
317 654
518 984
113 589
102 716
238 751
729 781
317 929
112 179
171 449
209 631
309 640
505 738
13 742
585 688
25 818
247 879
533 953
44 262
41 347
62 409
477 581
245 592
312 692
469 824
107 839
121 939
89 174
199 335
283 479
386 501
176 665
521 675
310 914
274 929
945 947
750 957
102 959
308 655
300 662
440 534
434 560
690 723
600 795
300 829
113 842
121 963
94 484
480 611
73 238
314 395
359 614
116 730
235 748
695 756
856 883
377 935
425 957
394 605
263 382
11 581
384 583
826 992
67 128
119 153
156 198
239 496
334 519
7 687
621 715
114 776
337 853
120 938
100 633
172 834
356 910
100 289
157 725
509 750
495 839
451 840
662 862
278 919
213 484
116 527
575 602
406 652
426 803
167 863
446 469
442 614
576 627
495 671
907 930
39 276
86 594
700 972
803 916
164 374
86 600
342 693
588 659
372 915
165 937
823 948
8 101
405 544
577 863
682 882
477 930
784 970
303 629
218 918
562 954
27 233
221 281
434 544
346 597
85 619
379 707
696 719
581 751
124 761
544 812
297 839
572 857
94 954
319 693
558 868
583 948
156 300
154 363
523 876
657 901
274 909
52 925
269 933
585 943
495 962
356 609
355 503
415 660
127 848
767 872
196 882
41 979
484 752
346 786
169 939
17 373
285 505
91 569
387 597
455 779
814 849
162 168
207 389
375 517
102 681
291 784
566 816
775 842
406 847
822 961
439 967
568 986
27 34
311 363
804 919
136 327
303 563
490 586
200 261
28 501
542 580
446 652
296 658
315 695
526 750
566 780
618 877
347 601
478 717
108 738
38 742
840 936
72 218
443 462
159 559
671 776
762 813
730 858
402 909
422 918
847 929
502 976
270 363
232 390
235 555
775 939
53 180
207 566
831 968
622 975
64 657
300 715
635 964
50 692
93 142
132 434
23 470
212 517
417 799
808 865
260 875
75 975
343 983
118 435
13 481
714 773
78 231
222 395
620 841
341 920
112 958
39 678
3 867
39 935
33 280
412 459
373 669
181 325
293 386
409 411
238 719
581 943
758 763
53 823
638 870
51 160
306 381
152 502
241 544
188 572
502 620
534 656
678 895
495 958
932 970
237 273
110 343
341 357
219 661
581 730
390 933
1 336
439 618
47 72
55 241
141 424
110 441
312 444
199 606
537 612
370 660
659 670
542 700
324 749
636 889
609 900
730 904
877 933
192 355
99 433
219 560
517 653
453 787
70 793
403 936
223 947
334 999
156 580
67 652
757 885
403 928
909 982
266 809
9 871
656 888
82 347
418 568
102 196
41 390
116 445
93 475
122 652
114 859
510 907
940 978
155 477
98 504
274 587
495 605
291 659
584 751
505 864
245 565
547 624
280 907
53 67
153 192
97 401
183 497
33 748
364 973
87 144
243 454
450 565
712 803
546 902
24 987
222 239
55 504
108 514
698 831
378 846
18 996
113 218
32 290
316 380
352 755
244 799
437 998
487 996
178 238
423 662
481 663
570 671
410 718
378 741
673 837
162 842
706 851
713 868
287 883
427 453
505 610
715 937
54 207
274 556
227 686
77 730
32 736
619 764
587 795
768 849
42 899
602 913
1 954
97 612
772 784
659 932
14 127
213 356
175 488
526 733
862 922
423 972
115 308
31 337
182 359
394 511
164 580
596 824
190 950
255 997
79 284
12 290
410 493
48 216
60 280
114 391
382 557
142 657
273 715
651 755
214 768
