1000 4472 54.45181356024793 sparse
0 904 534
1 494 793
2 418 503
3 120 971
4 974 469
5 423 785
6 237 420
7 769 656
8 561 401
9 110 825
10 182 536
11 168 824
12 318 619
13 345 894
14 193 445
15 137 243
16 850 433
17 949 277
18 96 489
19 161 979
20 712 674
21 294 539
22 936 943
23 940 177
24 367 726
25 233 716
26 900 775
27 600 24
28 702 402
29 711 400
30 489 787
31 666 882
32 507 8
33 875 252
34 993 630
35 459 978
36 408 801
37 446 680
38 785 467
39 867 426
40 732 942
41 99 450
42 952 379
43 684 377
44 948 949
45 160 951
46 971 313
47 735 200
48 833 567
49 656 240
50 656 474
51 201 860
52 275 340
53 546 55
54 875 144
55 843 215
56 267 673
57 374 61
58 438 704
59 455 939
60 877 815
61 815 763
62 269 537
63 53 989
64 819 564
65 865 446
66 837 163
67 142 977
68 937 244
69 170 113
70 996 265
71 268 489
72 100 394
73 79 271
74 918 691
75 157 638
76 540 215
77 457 851
78 629 962
79 331 137
80 385 833
81 505 152
82 428 353
83 106 524
84 183 651
85 90 819
86 15 885
87 460 293
88 8 162
89 980 83
90 658 677
91 161 942
92 14 284
93 881 893
94 523 155
95 572 262
96 608 424
97 148 744
98 968 707
99 53 465
100 45 75
101 678 134
102 301 681
103 153 398
104 266 415
105 980 834
106 968 68
107 929 980
108 502 120
109 3 767
110 331 634
111 153 82
112 851 206
113 441 488
114 936 217
115 72 416
116 733 419
117 402 401
118 790 139
119 792 666
120 245 380
121 258 996
122 483 810
123 10 521
124 968 470
125 142 872
126 148 596
127 638 826
128 176 590
129 597 721
130 689 277
131 549 406
132 476 467
133 605 444
134 251 895
135 960 600
136 61 704
137 491 166
138 791 601
139 170 71
140 60 278
141 849 783
142 379 106
143 302 694
144 812 716
145 977 313
146 882 627
147 332 379
148 325 606
149 699 84
150 867 802
151 398 139
152 247 15
153 363 322
154 723 893
155 59 740
156 915 455
157 814 248
158 935 742
159 455 247
160 982 47
161 720 691
162 614 838
163 589 529
164 992 441
165 290 507
166 477 578
167 227 541
168 200 851
169 901 384
170 946 945
171 54 872
172 126 50
173 163 346
174 467 706
175 211 864
176 920 252
177 660 507
178 370 924
179 201 728
180 442 29
181 331 962
182 440 613
183 407 943
184 656 485
185 443 522
186 74 374
187 11 934
188 622 965
189 357 330
190 244 487
191 766 80
192 65 134
193 71 859
194 199 766
195 869 222
196 433 745
197 393 55
198 937 133
199 509 707
200 511 194
201 87 267
202 415 245
203 970 68
204 775 612
205 868 761
206 932 687
207 60 914
208 586 595
209 676 983
210 901 445
211 446 131
212 31 136
213 847 188
214 34 667
215 404 806
216 89 274
217 793 170
218 934 298
219 198 1
220 838 365
221 804 817
222 883 744
223 660 176
224 72 222
225 314 185
226 597 51
227 591 422
228 372 299
229 674 137
230 31 607
231 609 117
232 278 323
233 166 271
234 703 482
235 267 237
236 255 462
237 198 888
238 469 735
239 405 269
240 305 294
241 925 464
242 125 901
243 646 471
244 703 148
245 588 605
246 470 717
247 491 684
248 384 302
249 945 384
250 668 521
251 897 182
252 372 149
253 473 747
254 865 756
255 153 442
256 161 857
257 650 14
258 747 608
259 570 918
260 831 720
261 396 844
262 201 291
263 902 566
264 590 872
265 421 486
266 567 70
267 286 203
268 606 328
269 882 640
270 486 464
271 26 525
272 233 319
273 155 498
274 22 557
275 332 455
276 196 886
277 55 96
278 618 866
279 419 568
280 861 820
281 2 776
282 768 215
283 499 817
284 8 893
285 495 538
286 707 835
287 512 437
288 134 384
289 207 115
290 420 169
291 815 938
292 105 801
293 261 742
294 19 59
295 593 915
296 655 770
297 15 34
298 466 787
299 368 922
300 996 101
301 826 575
302 461 884
303 523 761
304 634 689
305 735 108
306 669 88
307 806 810
308 185 905
309 409 256
310 163 225
311 573 777
312 751 310
313 169 5
314 972 887
315 92 895
316 464 770
317 832 64
318 614 621
319 338 70
320 30 176
321 3 232
322 355 394
323 624 707
324 76 419
325 334 649
326 419 189
327 482 820
328 428 303
329 416 60
330 865 334
331 361 891
332 19 950
333 577 43
334 19 226
335 160 565
336 266 344
337 78 220
338 33 241
339 38 806
340 847 928
341 376 201
342 287 851
343 603 123
344 753 898
345 972 511
346 9 407
347 102 51
348 862 293
349 435 484
350 216 254
351 340 30
352 748 999
353 260 155
354 599 336
355 270 146
356 152 724
357 930 397
358 162 585
359 660 227
360 971 516
361 488 768
362 448 462
363 299 672
364 135 60
365 798 998
366 606 208
367 615 514
368 395 924
369 596 224
370 565 765
371 582 736
372 352 783
373 257 898
374 451 339
375 64 905
376 743 760
377 678 637
378 283 293
379 619 40
380 499 471
381 428 994
382 900 854
383 770 877
384 41 930
385 408 63
386 497 192
387 886 879
388 136 108
389 852 509
390 155 14
391 334 230
392 764 334
393 939 777
394 599 89
395 744 876
396 837 122
397 804 270
398 514 183
399 291 124
400 722 275
401 8 682
402 618 896
403 392 383
404 153 136
405 261 601
406 215 734
407 611 796
408 558 197
409 790 47
410 702 544
411 593 667
412 756 831
413 819 23
414 668 279
415 968 876
416 464 563
417 614 577
418 673 141
419 450 237
420 667 9
421 37 162
422 902 513
423 357 798
424 225 41
425 617 584
426 965 428
427 820 220
428 925 418
429 550 50
430 136 885
431 728 355
432 474 617
433 174 588
434 518 586
435 202 492
436 295 651
437 102 866
438 737 96
439 371 587
440 505 990
441 823 32
442 743 972
443 407 106
444 978 583
445 150 358
446 424 785
447 243 174
448 635 444
449 240 823
450 895 483
451 648 502
452 663 353
453 349 464
454 709 99
455 829 247
456 585 205
457 286 289
458 207 330
459 747 525
460 783 751
461 712 784
462 453 508
463 615 580
464 160 399
465 490 321
466 77 567
467 345 43
468 710 230
469 87 500
470 524 185
471 405 838
472 558 185
473 752 712
474 873 78
475 811 882
476 330 777
477 451 455
478 31 552
479 52 639
480 63 33
481 275 350
482 908 715
483 46 873
484 826 487
485 396 835
486 701 660
487 301 760
488 413 425
489 901 968
490 713 642
491 848 335
492 834 822
493 471 259
494 318 363
495 538 666
496 37 240
497 223 25
498 263 697
499 693 896
500 207 505
501 320 150
502 402 613
503 334 307
504 770 464
505 540 66
506 27 968
507 461 340
508 200 849
509 155 212
510 88 227
511 937 490
512 387 798
513 977 113
514 383 322
515 847 357
516 20 739
517 889 825
518 343 220
519 366 886
520 106 1
521 441 237
522 616 530
523 431 530
524 213 687
525 764 726
526 345 224
527 969 250
528 265 857
529 133 126
530 863 686
531 110 90
532 967 967
533 682 814
534 926 899
535 308 735
536 176 498
537 370 514
538 955 468
539 110 992
540 277 640
541 295 60
542 707 804
543 180 937
544 554 203
545 136 172
546 684 984
547 443 999
548 742 119
549 272 803
550 206 579
551 174 477
552 184 454
553 991 994
554 501 268
555 644 109
556 624 765
557 219 922
558 470 455
559 260 930
560 181 490
561 645 769
562 952 364
563 923 295
564 383 31
565 859 774
566 236 520
567 136 369
568 183 712
569 96 985
570 50 873
571 750 770
572 459 407
573 364 41
574 150 60
575 707 633
576 28 496
577 904 949
578 973 692
579 473 880
580 788 869
581 666 972
582 847 873
583 525 507
584 736 239
585 234 189
586 305 310
587 977 74
588 976 448
589 647 677
590 898 97
591 296 21
592 458 227
593 90 768
594 265 794
595 145 741
596 216 841
597 707 4
598 438 406
599 160 163
600 886 507
601 954 311
602 672 31
603 596 336
604 130 889
605 209 101
606 451 137
607 912 593
608 515 22
609 663 329
610 78 892
611 668 595
612 636 398
613 191 334
614 681 305
615 259 624
616 830 29
617 632 477
618 49 745
619 227 239
620 710 940
621 666 975
622 100 438
623 551 318
624 821 868
625 425 918
626 366 861
627 580 857
628 296 530
629 190 862
630 47 603
631 596 142
632 471 7
633 33 138
634 953 560
635 23 827
636 795 541
637 824 683
638 360 27
639 94 541
640 35 256
641 593 713
642 863 111
643 195 561
644 699 257
645 161 28
646 455 178
647 238 470
648 693 732
649 739 44
650 623 430
651 135 636
652 809 453
653 669 323
654 854 684
655 473 796
656 531 333
657 223 16
658 324 529
659 217 496
660 775 428
661 364 910
662 785 167
663 27 673
664 994 761
665 329 377
666 899 435
667 778 72
668 830 50
669 62 845
670 28 169
671 800 748
672 211 295
673 455 192
674 639 576
675 226 789
676 300 832
677 610 847
678 591 422
679 489 947
680 880 766
681 618 460
682 463 177
683 444 564
684 238 919
685 454 298
686 285 383
687 650 825
688 978 963
689 110 324
690 29 385
691 111 969
692 315 100
693 425 419
694 627 607
695 115 965
696 522 186
697 8 677
698 643 832
699 369 507
700 282 82
701 85 924
702 22 111
703 321 861
704 41 243
705 969 724
706 168 272
707 468 220
708 823 394
709 916 436
710 612 448
711 101 498
712 892 531
713 8 230
714 253 150
715 808 44
716 669 625
717 19 506
718 993 547
719 780 625
720 147 609
721 146 3
722 326 760
723 579 540
724 744 291
725 843 412
726 726 630
727 929 595
728 674 844
729 647 57
730 920 735
731 409 812
732 490 126
733 576 247
734 835 292
735 395 889
736 803 750
737 375 351
738 212 857
739 956 330
740 222 166
741 148 659
742 802 226
743 501 547
744 224 714
745 405 198
746 5 371
747 397 174
748 22 930
749 948 958
750 729 700
751 825 974
752 644 981
753 613 51
754 79 981
755 178 36
756 462 887
757 784 525
758 257 800
759 754 879
760 455 979
761 452 854
762 519 724
763 904 330
764 890 992
765 812 975
766 441 913
767 895 764
768 530 428
769 146 38
770 270 332
771 956 379
772 921 699
773 491 360
774 611 317
775 372 159
776 834 929
777 40 819
778 379 402
779 303 786
780 541 306
781 881 997
782 237 319
783 159 239
784 697 763
785 296 281
786 822 20
787 866 48
788 202 863
789 708 384
790 580 612
791 6 236
792 728 737
793 216 556
794 839 981
795 703 418
796 35 267
797 0 799
798 920 160
799 215 37
800 566 257
801 735 710
802 556 979
803 723 192
804 407 761
805 597 860
806 121 674
807 238 363
808 141 701
809 758 885
810 474 354
811 557 870
812 825 237
813 675 124
814 881 206
815 596 646
816 998 739
817 766 723
818 466 361
819 257 24
820 987 903
821 205 52
822 354 637
823 253 822
824 437 960
825 850 702
826 875 483
827 839 95
828 435 680
829 441 276
830 977 928
831 923 657
832 58 913
833 237 186
834 778 804
835 570 676
836 761 624
837 535 422
838 827 876
839 518 953
840 891 217
841 927 953
842 235 878
843 742 786
844 930 824
845 205 84
846 155 8
847 412 485
848 852 191
849 827 981
850 718 886
851 416 274
852 713 395
853 908 924
854 708 611
855 21 718
856 193 545
857 667 851
858 372 374
859 766 328
860 362 848
861 435 398
862 614 171
863 290 700
864 198 494
865 828 779
866 847 957
867 768 206
868 274 29
869 423 993
870 245 640
871 606 60
872 0 640
873 716 0
874 756 521
875 943 387
876 239 472
877 784 517
878 499 438
879 540 582
880 700 900
881 866 869
882 81 638
883 823 55
884 282 118
885 990 232
886 587 898
887 602 275
888 465 571
889 202 546
890 169 400
891 964 185
892 104 952
893 490 629
894 654 518
895 943 559
896 700 596
897 144 265
898 216 172
899 881 960
900 576 907
901 666 999
902 718 222
903 998 989
904 485 726
905 180 693
906 790 681
907 922 652
908 806 866
909 27 956
910 593 274
911 657 573
912 631 714
913 621 460
914 744 339
915 244 63
916 940 290
917 109 299
918 884 136
919 610 319
920 497 785
921 592 259
922 849 259
923 208 16
924 119 323
925 13 269
926 347 224
927 632 742
928 868 928
929 810 347
930 591 113
931 75 505
932 812 193
933 236 635
934 572 47
935 134 625
936 614 142
937 995 4
938 956 579
939 743 295
940 594 861
941 865 414
942 994 900
943 716 906
944 600 867
945 175 112
946 796 627
947 665 44
948 904 590
949 989 301
950 819 173
951 210 80
952 344 861
953 598 530
954 209 364
955 526 246
956 916 307
957 386 121
958 977 929
959 824 647
960 22 920
961 342 292
962 660 802
963 372 775
964 354 795
965 777 535
966 691 797
967 485 727
968 27 185
969 646 798
970 557 115
971 914 841
972 751 845
973 352 587
974 664 482
975 756 405
976 161 748
977 550 928
978 628 523
979 626 223
980 586 188
981 836 826
982 305 487
983 67 753
984 924 350
985 238 978
986 292 192
987 621 830
988 851 34
989 890 466
990 154 646
991 795 123
992 417 79
993 936 399
994 342 182
995 127 95
996 950 716
997 647 345
998 369 909
999 93 707
227 678
5 446
830 958
904 967
106 203
168 508
526 926
470 696
233 706
207 832
647 876
774 919
237 276
178 299
128 433
212 633
354 603
581 621
681 913
417 463
302 756
51 788
805 940
147 665
671 736
525 817
249 875
483 570
42 771
272 782
229 418
338 496
171 570
35 760
724 939
97 595
413 786
585 833
423 964
44 170
425 463
518 526
435 864
492 981
101 229
115 324
378 457
401 697
496 704
321 791
345 360
381 869
831 907
69 945
661 998
321 713
29 852
691 695
518 926
205 254
77 761
213 848
46 145
390 846
4 124
224 337
713 791
392 859
357 993
36 215
53 429
333 934
845 951
134 373
103 464
331 519
537 699
175 738
113 349
408 544
430 604
759 809
201 216
221 307
320 670
751 849
78 188
417 425
362 477
441 616
820 942
805 944
1 30
211 606
87 685
3 695
127 698
215 731
95 800
768 837
757 877
171 483
209 546
646 682
133 710
499 880
416 888
338 704
30 920
231 343
609 653
740 898
940 944
329 385
217 662
398 696
74 772
598 861
1 920
607 948
184 974
75 990
42 249
101 418
353 714
154 850
668 883
553 903
73 201
129 641
261 485
419 521
497 657
44 749
282 867
45 91
51 168
109 281
175 788
265 847
856 889
464 890
887 910
689 924
163 953
28 29
102 363
203 587
21 628
530 654
214 663
3 691
25 744
536 560
52 770
471 485
89 587
320 968
52 336
207 375
413 441
162 677
597 873
459 874
268 919
687 698
728 857
323 912
153 189
52 481
594 758
252 775
375 832
624 838
332 909
218 916
748 960
122 327
374 507
296 561
634 895
22 170
208 245
398 470
210 666
274 478
18 711
764 781
721 846
870 933
73 216
50 243
132 270
395 759
101 813
86 284
48 301
268 354
245 790
810 818
162 987
51 175
262 672
424 799
455 812
261 471
336 481
490 575
106 587
285 743
399 884
50 184
90 589
640 796
37 828
51 508
36 731
651 935
159 419
80 485
155 618
51 629
264 944
468 902
50 974
174 246
200 398
218 563
549 594
298 655
421 670
51 738
753 871
738 788
750 801
314 415
532 688
334 713
187 748
264 940
408 472
794 849
506 909
55 112
220 515
41 622
127 687
232 770
441 786
616 786
629 788
42 875
54 918
26 767
249 771
268 774
239 851
789 852
305 438
168 788
39 941
372 964
337 510
376 571
592 707
757 965
228 248
358 433
0 712
202 309
53 505
391 526
413 616
379 753
177 894
259 900
267 986
238 253
302 579
299 661
336 770
14 552
161 750
226 871
317 883
419 592
268 603
209 621
457 785
8 131
146 269
177 451
242 604
205 680
469 931
102 143
64 301
305 548
126 720
579 756
751 765
340 776
229 813
449 823
28 852
287 878
299 998
124 538
170 749
339 777
22 44
132 558
488 693
681 710
108 732
168 738
447 833
143 863
156 241
353 355
172 364
391 518
141 565
500 659
576 717
152 819
22 841
239 309
49 359
200 696
626 860
97 976
264 805
166 888
563 956
522 978
875 993
351 467
435 500
204 719
344 809
646 673
265 349
200 386
289 605
317 668
469 711
508 788
733 800
18 469
390 721
10 856
500 864
886 900
48 64
125 430
315 610
640 704
313 846
250 894
391 926
741 990
311 370
185 523
191 667
508 738
497 799
47 803
383 809
74 206
573 638
310 783
627 940
962 969
12 148
270 380
551 560
154 943
602 947
128 358
93 387
209 581
168 629
163 723
814 840
412 972
42 562
364 574
377 716
710 913
657 923
157 455
112 848
910 921
92 925
178 998
288 567
338 640
680 767
119 906
624 908
179 406
243 617
390 645
178 661
310 509
771 875
155 983
110 325
38 504
549 758
435 659
95 733
562 771
80 261
157 812
60 517
623 780
343 930
320 421
539 569
751 794
372 423
200 470
381 547
205 565
98 578
240 785
190 876
17 916
367 978
388 995
240 586
226 753
367 522
28 795
670 968
177 250
424 497
32 608
496 640
383 759
643 856
103 890
719 946
96 650
765 849
13 331
206 772
29 789
60 150
508 629
334 791
357 875
123 271
458 613
230 630
596 738
158 730
643 889
142 957
313 390
193 669
326 745
395 809
60 280
224 510
625 766
475 908
118 991
145 949
197 385
673 682
854 896
312 939
503 961
168 175
330 491
79 501
98 705
666 709
695 892
456 980
321 334
422 600
475 838
451 894
880 943
96 227
298 316
46 601
96 678
607 727
473 801
418 813
156 210
184 243
185 462
159 521
475 624
122 655
793 889
52 232
2 265
283 327
460 671
627 805
122 283
164 588
355 714
476 722
569 754
605 845
560 864
542 966
595 976
127 987
447 585
210 709
123 717
246 904
497 923
249 993
173 445
304 589
490 726
61 736
378 785
257 420
427 812
819 868
563 916
450 989
531 995
126 358
20 486
445 567
494 665
473 817
187 960
187 332
508 596
571 843
238 967
452 997
631 936
522 953
89 203
238 246
149 454
264 627
190 647
254 680
645 769
208 790
773 810
799 821
295 886
219 923
278 944
246 967
81 94
388 529
409 715
580 908
674 911
270 558
30 655
238 904
385 992
16 39
356 595
598 693
677 805
120 807
691 892
112 213
473 525
76 544
472 544
448 650
654 825
204 836
231 930
175 508
350 619
167 793
715 883
481 770
20 161
68 176
184 451
215 512
236 647
645 755
635 777
295 900
366 369
429 505
168 596
236 876
209 901
887 921
150 280
254 565
427 742
28 789
2 847
636 965
477 558
384 748
439 973
30 361
4 538
156 709
344 759
719 836
329 992
19 67
467 573
375 610
318 694
601 739
507 810
659 864
382 971
89 106
441 715
22 749
386 398
275 453
489 577
331 661
557 684
575 726
568 905
361 920
634 938
533 966
441 668
309 851
877 965
138 204
144 260
242 430
663 697
636 757
582 881
240 457
91 543
332 506
383 580
29 795
618 983
331 998
521 592
199 762
81 137
16 65
12 110
249 357
166 416
57 197
159 493
153 514
195 814
450 826
432 893
733 921
290 326
248 514
416 683
460 736
39 65
113 265
335 358
850 943
546 621
428 709
287 768
218 956
98 996
96 133
159 592
351 638
332 748
582 838
95 921
1 122
111 139
73 140
343 631
271 717
312 724
617 913
354 919
677 987
97 356
334 338
787 988
304 323
117 403
422 712
66 950
80 471
461 542
278 677
133 681
482 772
530 825
170 841
61 865
392 914
720 935
705 996
125 604
83 639
9 85
645 846
547 869
273 536
616 668
340 928
572 598
401 663
532 749
291 776
516 855
605 951
130 414
0 422
436 540
536 551
435 560
4 588
175 629
550 643
650 710
243 974
249 562
88 670
932 950
129 371
366 456
36 512
1 655
61 671
411 815
147 494
258 836
131 837
615 870
448 913
677 940
363 436
556 561
44 841
141 865
135 938
171 193
237 308
564 573
723 953
384 960
651 990
226 333
489 899
372 963
357 428
643 793
507 818
749 841
616 988
222 254
486 490
546 581
614 653
46 949
151 957
278 805
5 36
467 638
26 680
569 691
406 744
314 820
403 858
276 308
369 456
102 863
343 936
428 993
626 952
240 378
491 515
617 681
575 854
603 919
40 620
75 651
796 925
725 941
698 987
16 725
683 888
799 923
143 363
111 574
222 680
429 934
729 947
860 952
177 184
404 529
57 573
130 644
574 769
15 783
664 816
758 823
536 864
434 879
387 881
10 889
444 938
627 944
677 944
259 977
183 368
300 513
13 519
565 680
447 740
354 774
657 799
420 602
629 738
195 840
36 446
133 913
431 914
609 997
205 222
46 739
826 989
3 67
372 476
334 496
342 528
133 650
668 715
621 752
850 880
233 897
139 574
426 588
424 821
167 566
75 741
30 298
441 883
703 952
342 676
539 691
117 778
403 778
349 847
362 558
145 601
405 615
313 721
281 797
15 897
225 986
259 295
110 822
737 858
519 998
100 277
3 539
693 861
838 908
113 462
482 730
547 760
222 767
172 769
325 822
455 922
253 967
132 380
564 638
448 681
448 710
577 841
134 842
367 953
844 971
124 588
425 674
591 868
85 292
312 859
546 901
197 329
55 427
438 548
175 596
290 747
266 934
103 288
413 715
210 989
30 122
344 395
165 628
581 752
276 788
218 601
379 871
895 938
452 609
621 901
172 347
152 657
384 832
154 880
71 190
112 195
89 300
316 361
179 568
540 615
519 661
263 948
157 397
160 203
232 336
50 617
58 828
253 904
95 910
125 256
51 596
78 752
603 774
161 801
16 941
56 498
421 633
463 674
96 710
313 645
556 927
45 543
1 283
9 292
278 940
226 379
559 684
364 769
611 911
859 914
153 228
253 316
411 835
562 875
461 966
276 629
600 712
704 796
135 444
419 707
585 898
584 902
27 379
207 384
13 661
3 892
178 368
519 626
623 656
487 722
43 789
740 833
706 897
366 979
165 982
417 674
773 818
689 917
157 742
533 962
21 62
7 119
551 552
424 657
425 694
550 793
829 851
795 852
499 943
687 962
421 968
304 912
106 160
193 570
833 898
601 916
874 965
37 58
184 617
745 747
322 778
794 866
23 891
394 930
294 297
279 683
237 788
577 853
226 934
177 974
25 406
76 408
2 349
353 447
228 514
371 641
356 808
742 812
87 829
793 856
167 889
577 899
615 933
231 936
727 948
349 362
541 700
685 829
640 925
314 942
156 666
451 974
42 993
545 599
450 600
327 655
390 769
55 848
572 861
356 976
1 361
386 696
280 981
17 218
53 266
253 361
339 635
461 784
204 946
443 957
585 740
473 750
763 956
487 535
202 239
74 482
152 497
197 564
172 574
447 714
917 924
383 395
376 843
133 227
88 320
133 678
512 731
487 779
596 788
338 796
800 921
141 150
44 532
760 824
260 825
726 854
264 886
217 950
266 429
23 798
322 858
259 886
471 731
117 488
35 547
351 573
138 719
489 764
600 826
636 877
655 920
18 931
668 988
475 580
485 731
651 741
627 811
75 935
51 276
582 624
328 685
83 711
748 909
138 946
894 978
212 702
175 276
616 715
326 747
374 818
137 386
212 421
435 536
127 162
90 304
549 823
708 725
174 904
963 964
121 985
55 195
66 213
113 362
82 374
335 433
533 542
207 701
179 744
365 765
820 830
499 850
616 883
33 922
711 931
116 975
581 901
68 114
344 383
154 395
163 522
348 734
145 739
92 796
299 368
280 492
496 796
396 827
107 841
447 898
27 226
232 481
205 767
498 863
126 433
189 514
202 521
273 560
237 629
400 724
188 752
63 754
187 909
53 934
55 213
175 237
312 392
266 505
134 684
509 783
687 969
190 236
338 713
140 796
243 913
156 989
2 113
147 322
352 442
271 478
160 587
539 695
338 791
376 792
374 810
287 837
80 860
423 963
512 963
593 983
305 454
468 584
316 655
250 451
569 695
486 575
189 737
765 794
59 824
527 885
174 967
132 477
409 667
3 569
38 652
39 725
690 746
715 786
175 842
378 586
257 602
334 704
162 805
751 866
47 902
151 252
214 697
395 850
820 958
333 429
319 467
386 470
404 599
62 628
792 801
142 443
19 45
628 658
912 927
441 988
51 237
438 454
408 456
171 669
427 932
472 980
225 994
231 631
10 643
272 458
396 642
204 258
162 278
757 874
874 877
366 980
763 984
771 993
358 720
93 881
13 998
5 215
273 551
457 586
373 684
375 701
71 165
42 357
111 364
511 538
207 610
55 812
35 824
752 901
132 362
280 517
118 662
821 951
427 455
190 659
476 779
122 298
137 398
69 404
449 758
126 128
110 148
264 278
1 298
157 427
241 511
307 834
101 244
382 387
193 483
122 920
266 333
263 607
656 780
443 992
5 804
251 814
642 827
778 858
153 248
88 421
215 446
538 588
610 832
340 866
862 936
400 939
451 978
935 990
202 851
479 882
807 954
561 969
75 84
29 116
58 174
141 205
174 238
298 361
271 576
414 614
107 749
131 768
221 834
270 878
424 915
111 995
50 451
150 565
130 614
127 969
140 201
243 448
503 586
468 644
219 657
413 668
633 702
645 721
519 735
524 744
341 745
747 775
701 832
113 847
199 247
330 515
400 644
117 693
140 216
219 313
377 575
94 398
241 709
446 804
363 863
551 864
916 956
296 969
408 980
6 104
256 629
631 930
687 987
84 990
59 766
384 909
1 327
463 694
67 695
651 720
516 618
162 698
679 839
128 335
451 617
517 971
315 375
332 384
231 394
346 690
373 842
27 333
315 701
394 871
312 914
217 932
88 968
660 975
71 236
164 426
2 523
232 586
159 707
27 753
328 829
561 927
278 402
133 448
349 462
423 512
449 596
609 614
112 814
476 964
163 367
214 401
288 464
94 470
500 560
637 654
611 716
81 732
116 795
489 841
783 897
369 979
158 996
368 998
461 843
650 913
215 485
243 681
137 682
514 737
246 253
154 499
89 513
332 960
30 316
424 923
149 306
187 384
241 538
586 785
129 323
154 344
232 378
355 399
221 492
419 493
31 499
170 532
331 626
650 681
258 726
5 731
688 749
152 868
803 902
284 960
107 489
307 492
173 613
570 669
594 823
355 884
369 733
162 940
100 294
245 318
288 445
196 804
33 195
102 436
368 625
452 653
210 241
83 469
324 622
566 659
687 728
698 857
199 904
315 437
496 713
75 720
28 43
244 418
422 450
123 576
183 625
535 722
474 787
318 815
534 853
228 961
953 978
673 707
776 866
70 527
446 731
381 760
741 806
286 542
229 244
382 517
94 696
31 857
533 728
254 767
668 786
111 388
243 451
456 544
466 639
322 665
428 666
20 750
289 845
687 857
402 886
298 920
462 523
653 997
118 217
738 842
171 610
317 715
116 852
849 866
199 967
648 784
496 791
252 957
562 984
321 338
493 554
57 564
302 761
206 831
769 846
141 254
153 737
755 821
328 851
727 938
2 185
295 402
460 525
296 556
474 590
488 598
633 670
135 727
490 854
565 865
962 966
323 641
529 995
45 67
30 283
15 310
220 491
388 531
17 563
21 658
627 677
357 771
459 965
435 551
361 655
66 848
213 950
299 331
169 357
193 437
240 503
500 536
317 827
395 972
150 517
390 755
251 798
43 452
80 731
521 707
198 798
733 910
800 910
40 442
128 550
458 782
821 845
540 870
65 941
56 363
215 471
20 490
264 677
67 691
611 896
216 917
65 989
0 263
209 752
755 769
283 920
81 108
373 559
109 797
289 945
136 999
197 573
637 825
159 829
126 935
162 944
786 988
21 165
271 274
192 633
483 669
578 705
413 883
81 398
313 755
666 989
308 543
296 962
617 974
0 600
497 821
377 486
189 503
174 247
68 527
22 577
272 672
659 876
812 922
404 945
127 962
768 878
208 463
153 503
286 533
306 555
500 566
220 708
290 745
705 816
814 848
7 906
642 918
417 694
95 887
388 404
109 516
610 701
379 729
233 783
460 817
830 942
862 980
72 186
151 775
688 903
735 998
208 425
7 719
539 754
675 758
227 650
650 678
7 836
380 878
80 215
300 587
580 624
415 820
13 952
148 973
130 400
264 811
184 894
44 688
191 438
349 477
380 558
77 579
276 738
525 801
448 617
212 670
117 861
512 964
50 177
77 302
53 333
126 335
317 441
86 483
433 550
255 552
356 568
64 636
39 666
674 694
698 728
550 889
764 899
221 981
578 996
4 164
225 267
208 417
214 479
220 929
140 640
519 952
554 955
37 174
63 506
596 629
283 655
647 659
227 710
678 710
579 761
756 766
8 837
900 977
87 328
291 340
495 835
242 315
47 867
70 885
524 905
257 947
96 448
456 472
17 527
806 808
125 242
370 371
476 487
407 556
103 567
553 688
801 817
365 849
333 871
71 876
558 878
886 944
942 958
772 996
11 256
30 327
193 610
791 925
94 137
570 610
80 626
574 645
533 687
336 807
22 853
701 892
413 988
399 692
197 992
190 566
409 883
569 892
375 384
397 455
444 634
12 325
76 470
470 472
334 640
580 809
307 981
112 427
368 661
237 738
154 759
497 819
776 928
76 955
688 958
113 185
192 212
57 385
152 424
389 484
389 600
331 735
669 777
762 904
637 906
458 954
930 970
57 467
76 696
43 852
631 862
866 899
402 944
762 967
698 969
759 972
206 996
25 179
61 460
144 671
691 754
178 331
347 364
151 443
423 476
433 643
433 720
286 728
455 742
341 747
706 783
343 394
182 432
562 739
167 856
261 860
359 979
69 388
17 601
789 795
74 831
137 200
156 450
338 925
946 959
189 228
555 813
171 375
113 477
56 540
261 626
474 642
481 686
756 761
183 824
493 829
742 932
331 952
698 962
49 979
729 753
620 943
662 950
784 966
58 246
493 592
612 650
261 731
899 928
72 324
219 497
88 633
473 792
465 507
128 643
611 674
128 720
841 853
88 212
372 722
722 779
389 826
129 912
412 834
488 861
35 381
563 601
714 740
170 958
56 102
26 205
55 455
232 457
321 496
375 570
59 679
657 819
760 869
76 472
470 544
613 954
92 640
127 677
368 735
721 769
883 988
151 747
688 830
786 883
80 512
317 616
420 947
407 969
241 989
17 68
367 451
144 637
54 642
592 673
836 946
289 951
144 736
318 790
381 824
168 276
158 393
25 524
335 643
458 672
617 710
302 766
489 781
431 789
640 791
369 921
44 958
67 539
544 980
69 111
28 116
26 222
238 316
2 462
377 490
141 680
252 747
549 779
648 792
170 830
195 848
213 932
437 610
672 782
303 920
415 942
72 288
342 703
580 759
407 987
29 43
82 507
173 567
194 675
704 713
770 782
56 863
226 266
241 450
25 498
225 501
71 647
726 836
251 840
317 988
730 996
72 115
56 436
115 622
303 361
704 791
86 960
87 493
65 666
282 742
605 945
194 406
177 978
76 200
245 425
676 703
44 830
866 928
15 509
166 683
824 869
428 875
734 922
202 419
231 555
84 741
139 755
154 809
323 927
364 995
700 884
637 959
65 210
32 632
472 696
730 772
136 155
89 160
408 470
36 485
299 519
572 693
507 773
668 787
755 923
602 729
265 362
210 428
532 553
552 560
326 673
365 751
821 923
278 987
270 477
134 559
290 646
346 746
13 299
437 604
119 637
544 696
403 737
635 797
424 819
755 846
296 927
27 934
47 282
409 441
292 593
677 698
277 702
788 842
316 920
561 962
117 598
479 630
504 660
77 756
909 960
44 107
161 486
83 931
18 83
10 335
287 380
180 632
523 683
263 712
550 856
485 860
206 907
348 922
871 934
601 949
560 659
306 813
27 871
62 165
8 227
50 448
59 625
8 678
528 842
153 961
298 327
465 810
239 829
759 850
70 949
832 960
139 364
157 922
375 483
170 688
57 638
449 675
741 935
245 463
264 402
206 482
333 753
574 755
244 813
124 511
137 696
19 91
86 570
459 757
528 823
344 850
781 899
750 792
755 799
132 878
341 926
930 936
168 237
69 289
240 961
71 982
57 319
475 582
318 425
36 471
62 566
258 719
291 765
386 682
382 881
151 290
493 521
111 945
207 315
266 394
276 508
309 521
14 551
483 610
104 686
303 762
291 866
505 934
119 959
383 972
223 418
139 845
93 928
196 238
96 681
291 751
565 767
894 974
369 980
123 478
224 704
661 735
541 868
270 287
640 713
662 932
256 430
187 506
317 787
790 815
692 700
692 884
848 950
124 164
409 413
326 646
408 696
525 792
383 908
496 925
22 107
260 637
575 896
886 940
720 990
590 642
264 900
50 913
804 963
449 549
167 643
309 829
739 984
1 316
323 589
319 692
138 836
775 994
366 862
697 872
459 877
344 943
184 250
123 274
137 646
182 502
308 557
414 644
484 652
81 696
360 718
306 729
397 734
474 827
307 865
532 903
641 912
55 932
915 951
518 994
179 194
270 362
226 394
142 151
238 361
81 470
137 470
372 512
485 512
341 518
460 571
262 706
222 730
327 920
811 940
169 993
320 633
158 482
25 293
208 318
245 417
178 519
96 612
85 669
519 860
733 887
704 925
601 956
161 473
230 479
5 512
150 680
162 687
401 855
96 913
17 176
222 482
449 594
730 767
336 782
127 857
736 865
754 892
156 428
78 581
522 723
506 748
65 826
237 842
321 925
515 929
222 565
464 567
805 987
210 450
10 536
315 604
158 705
213 814
315 832
51 842
31 880
207 960
114 176
33 840
288 890
562 993
150 492
454 548
494 686
335 856
41 324
322 403
341 526
353 833
46 916
177 243
400 584
727 895
339 797
215 261
185 349
265 462
228 503
363 540
406 568
575 716
31 728
218 739
594 779
152 799
82 818
201 917
501 994
189 248
141 280
355 447
618 855
107 170
39 210
235 267
430 437
399 501
319 573
162 627
241 666
799 915
341 994
513 587
444 718
521 829
35 869
234 974
155 516
47 584
541 591
465 773
152 923
13 178
26 393
325 436
47 468
237 508
364 531
524 568
278 627
245 694
486 726
55 814
66 932
18 41
246 247
239 248
166 432
143 498
13 626
530 637
493 707
397 812
591 819
258 854
35 59
376 461
22 532
166 743
330 763
367 894
74 907
388 945
119 946
250 974
150 981
446 512
69 529
78 621
272 770
481 807
440 839
192 277
805 886
532 958
594 675
713 925
224 496
542 843
535 863
765 866
695 754
714 833
837 878
40 943
120 954
533 969
36 80
12 436
61 141
249 428
93 582
10 793
742 867
168 256
262 458
387 582
547 824
163 978
321 704
353 740
284 748
192 421
232 240
263 727
580 838
838 881
7 946
357 562
571 792
56 870
556 969
485 626
815 835
377 854
709 989
110 436
256 508
347 531
404 545
219 799
748 832
276 842
808 905
67 91
26 254
196 316
77 327
285 416
10 500
99 576
107 577
140 704
563 763
139 821
644 902
149 438
279 523
467 564
522 894
491 929
46 218
262 350
533 857
376 525
237 557
666 941
249 984
282 584
321 640
59 760
212 320
201 510
137 732
36 804
809 850
419 829
159 202
196 253
319 351
235 619
520 721
848 932
250 978
14 255
51 256
103 445
409 668
120 686
546 752
107 532
468 803
23 114
595 808
853 928
313 769
859 939
127 728
657 821
12 822
834 843
800 887
199 246
38 660
532 830
266 871
15 233
233 262
420 597
549 676
79 692
386 707
626 735
416 743
219 755
147 858
589 912
42 984
127 407
422 826
117 858
125 437
539 892
180 329
257 379
439 502
784 792
112 812
202 829
195 213
384 506
134 528
461 571
165 658
50 681
65 725
394 753
651 806
792 817
144 825
775 957
504 652
606 732
821 915
313 923
253 298
11 508
385 564
135 634
809 972
839 977
969 987
74 996
616 787
639 931
367 617
6 120
81 386
570 832
94 200
191 409
49 414
69 605
358 643
13 703
107 764
139 769
94 108
104 120
113 132
56 143
345 511
255 551
179 905
129 927
189 961
66 396
196 446
376 460
139 951
150 205
318 463
26 565
517 844
749 958
426 993
87 465
229 555
177 617
667 715
260 736
811 886
73 917
395 943
845 945
239 328
250 410
536 659
243 710
568 744
488 778
169 984
86 171
187 284
220 330
330 348
374 685
8 768
378 770
684 842
93 853
729 871
819 915
112 932
361 967
940 987
190 500
281 516
584 644
586 961
98 206
167 500
566 793
124 345
606 646
232 782
171 832
753 934
600 989
5 196
76 398
426 428
102 498
426 538
364 645
207 748
805 811
174 828
620 880
286 966
58 196
383 475
20 575
206 578
350 672
314 830
500 889
540 933
139 945
156 511
172 645
586 770
144 906
272 336
223 229
174 253
143 535
357 709
256 788
716 854
590 918
306 454
112 840
425 911
800 955
178 183
469 639
596 823
596 842
627 886
263 895
811 900
582 908
875 984
162 264
169 428
193 315
120 336
392 431
345 718
402 805
577 928
625 735
749 830
606 682
483 832
269 907
3 19
191 305
166 434
9 437
373 528
557 559
155 593
260 671
245 815
671 865
356 905
334 968
141 492
543 557
424 951
11 168
111 172
213 427
134 557
409 786
275 982
325 363
242 437
422 511
290 673
574 995
311 371
4 426
69 139
386 673
174 199
203 300
57 329
185 683
63 909
396 991
482 996
115 186
4 345
298 446
435 552
772 831
476 963
194 976
79 399
156 538
126 651
634 718
512 804
435 876
195 922
709 993
333 379
162 407
124 426
169 875
361 904
84 905
526 994
405 540
405 870
17 46
62 167
185 265
303 370
170 577
435 647
525 671
341 775
568 976
445 464
449 528
101 555
207 570
652 660
479 663
278 698
3 754
542 784
454 813
671 817
405 933
122 361
190 435
314 958
926 994
532 841
136 855
500 856
552 864
81 200
171 207
120 481
461 533
52 586
382 844
247 904
634 727
444 895
402 940
15 706
55 742
791 796
148 822
716 896
60 981
54 66
311 407
700 915
60 141
262 272
451 522
248 851
114 891
4 511
493 685
434 743
498 744
662 867
944 987
450 511
507 685
296 784
741 808
463 911
26 150
133 617
299 735
675 823
663 872
79 252
328 374
316 446
179 524
529 531
276 557
136 618
260 654
465 656
465 685
208 694
611 694
100 702
119 719
20 801
362 847
431 852
401 872
30 303
360 511
353 585
566 889
726 896
284 483
176 916
75 126
374 465
347 480
116 660
635 669
533 698
399 700
456 733
774 887
33 348
317 413
385 443
22 489
351 564
528 676
178 735
116 789
697 855
331 860
703 860
184 913
5 298
724 859
353 884
714 898
146 948
30 253
172 531
611 854
286 857
827 883
739 916
264 295
176 563
257 729
665 858
811 944
265 477
285 583
35 679
113 523
377 611
248 961
1 303
418 555
63 569
427 848
273 864
714 884
417 911
771 984
149 305
743 888
798 918
106 300
500 551
197 638
806 990
806 999
23 251
308 629
682 707
799 951
317 474
207 483
343 555
22 958
224 338
93 382
336 686
585 714
41 115
124 241
167 550
407 561
52 782
568 808
170 853
492 865
214 872
402 900
497 915
334 925
247 967
142 252
143 436
255 464
60 492
333 505
337 704
639 711
52 807
97 808
376 817
750 817
641 835
219 846
254 865
787 883
145 916
138 301
525 750
5 316
22 830
105 415
625 824
111 531
290 682
956 984
363 498
72 567
613 672
217 867
636 874
58 238
353 399
166 285
293 487
471 512
409 616
218 763
98 816
205 865
54 251
54 396
11 629
155 855
55 157
148 325
200 544
113 558
329 564
139 645
94 732
739 949
628 982
646 707
799 819
169 249
103 255
318 417
44 577
72 622
248 328
414 653
334 796
782 807
914 939
398 472
435 566
74 730
449 738
397 742
571 834
50 894
23 198
37 246
91 308
515 708
580 972
319 541
262 613
52 686
471 860
852 975
715 988
73 796
306 947
597 602
168 842
348 491
386 646
529 945
728 962
85 193
122 316
509 545
211 732
272 807
310 897
183 299
845 915
392 939
132 349
365 794
269 831
135 895
268 997
7 204
358 550
380 583
137 673
665 686
477 693
384 701
367 723
55 922
36 963
171 315
140 496
66 217
138 258
71 566
395 580
188 581
256 604
290 606
111 769
770 807
489 853
278 886
215 963
34 135
228 239
283 298
272 613
369 800
285 888
555 936
17 956
375 960
624 981
252 994
36 261
326 341
291 849
664 705
521 851
342 823
456 862
118 950
3 45
127 278
90 377
198 513
387 534
398 544
536 552
541 692
26 730
777 797
887 919
179 976
60 565
456 979
80 423
429 608
722 964
73 510
351 591
577 749
219 390
481 494
491 734
160 937
295 977
141 981
131 227
95 369
373 557
131 678
781 794
685 851
10 864
221 865
255 890
253 920
33 176
436 615
191 649
626 703
114 840
853 899
296 966
261 735
624 881
966 969
172 995
186 324
293 498
215 804
315 430
265 523
22 534
188 621
317 786
286 972
662 991
37 247
232 272
437 669
374 773
309 419
43 795
66 112
94 386
577 764
158 772
60 971
919 997
57 142
10 167
60 382
279 416
53 608
471 626
419 673
458 807
150 865
230 872
567 890
29 975
317 409
308 788
90 323
146 607
327 761
183 766
694 911
868 915
61 565
93 534
455 734
663 855
256 276
312 400
144 460
225 518
349 558
344 580
176 840
508 842
69 845
184 681
67 892
145 218
177 367
203 513
86 748
82 861
403 861
17 145
127 533
326 682
262 782
774 997
38 484
337 496
16 652
677 687
389 712
158 767
99 931
101 223
6 236
100 480
287 558
694 716
232 785
191 548
339 669
525 736
136 214
140 338
164 538
529 599
219 645
713 796
736 817
90 912
61 260
440 679
335 720
393 767
347 769
457 770
441 787
812 932
867 932
106 513
751 776
668 827
251 848
102 325
442 620
721 755
579 766
584 867
500 876
112 950
241 428
411 641
57 351
10 560
448 612
301 636
136 663
82 810
607 895
150 254
211 290
280 565
48 636
399 714
503 785
210 826
802 839
566 864
185 416
184 448
12 540
233 310
124 360
76 456
94 472
19 543
529 545
167 659
393 730
676 779
376 784
279 888
335 889
445 890
68 916
266 970
658 982
26 60
242 701
739 956
39 989
398 408
349 523
525 571
20 726
607 938
379 947
617 978
172 390
90 486
345 538
49 644
87 159
33 455
362 462
390 574
223 862
211 443
186 690
497 755
0 895
397 922
79 994
92 140
33 814
64 138
196 246
293 744
425 790
608 632
73 640
195 812
189 858
284 570
22 688
708 941
193 375
304 411
112 455
79 775
144 817
572 818
190 864
426 875
864 876
617 894
377 896
841 899
395 412
400 468
14 560
10 273
369 408
202 592
227 681
678 681
431 859
774 910
759 943
57 992
142 992
69 995
212 277
583 743
149 813
465 818
647 864
900 944
17 949
416 523
114 527
293 406
260 530
67 569
679 760
161 792
340 899
741 905
343 970
12 973
357 426
101 454
500 647
445 924
173 458
557 842
132 287
281 339
82 403
84 524
466 630
169 941
101 306
159 309
87 374
329 443
261 512
840 848
432 888
52 272
403 488
369 544
794 899
809 943
92 338
226 429
132 462
87 507
216 510
593 618
243 650
551 659
462 847
433 856
772 907
427 950
417 522
406 524
542 962
217 991
631 980
61 144
184 234
4 360
200 408
521 673
45 695
412 843
803 867
195 455
258 575
499 620
147 686
490 716
766 824
44 853
353 898
146 907
73 704
150 767
387 971
184 978
310 706
220 725
424 755
694 790
108 137
368 766
785 961
331 368
273 435
633 968
357 984
155 999
476 535
315 570
277 633
648 801
97 568
453 699
486 716
392 724
322 737
463 790
321 796
424 845
945 951
201 224
42 428
16 708
159 851
631 970
102 540
445 613
304 641
438 667
210 941
117 322
293 535
379 934
35 440
314 534
360 634
478 717
65 450
654 959
886 977
50 234
52 378
215 423
98 772
243 894
865 981
449 508
51 308
54 798
629 842
173 288
368 519
568 595
492 624
208 879
490 896
251 918
392 929
448 974
61 307
201 337
14 435
200 472
242 610
211 646
617 650
393 844
140 925
576 931
316 967
415 534
87 851
859 929
724 914
62 71
364 388
297 480
649 667
962 987
87 554
41 711
412 759
55 840
202 745
489 749
676 823
799 845
176 218
180 385
383 412
258 490
335 550
549 675
19 695
758 779
906 959
450 712
566 876
152 915
626 998
26 158
98 158
29 431
279 502
563 739
128 856
667 883
910 919
59 183
239 521
450 666
407 698
76 733
648 750
219 424
656 773
506 960
104 236
237 256
131 287
322 494
625 756
185 847
818 861
582 981
319 638
699 847
913 974
249 426
10 435
111 529
244 803
171 437
817 906
55 950
808 999
41 99
466 478
537 658
613 782
722 963
477 488
227 913
678 913
603 623
17 70
50 250
85 437
135 607
377 726
258 896
645 923
295 944
422 989
77 122
175 308
404 995
244 548
407 687
427 922
641 927
151 211
477 572
92 791
391 994
95 955
139 172
40 344
157 734
316 904
744 905
76 386
52 494
154 620
362 693
192 702
672 706
584 803
896 911
708 929
93 340
99 469
417 790
630 882
897 917
199 238
195 251
168 449
486 750
247 762
156 826
358 935
11 51
376 473
347 574
403 693
354 997
410 459
328 514
523 847
713 968
81 682
375 748
182 888
33 55
129 304
718 938
353 986
43 997
253 655
739 771
144 525
125 629
290 775
195 427
176 527
626 661
16 666
357 666
211 682
423 722
693 778
481 782
13 860
473 906
221 908
396 918
567 924
56 933
80 964
516 983
133 243
592 646
161 648
60 680
92 704
372 779
834 972
627 987
86 187
179 356
286 412
182 683
2 699
42 739
605 821
484 826
212 968
43 431
227 448
385 573
448 678
544 733
282 932
719 959
474 988
139 605
359 644
366 733
477 847
601 984
18 99
225 391
366 408
2 537
10 550
394 555
558 572
276 596
364 755
657 755
291 794
343 862
266 930
139 995
4 241
229 306
509 599
436 863
14 864
280 881
24 963
34 444
244 454
152 591
407 962
136 983
488 572
76 800
900 940
173 954
394 970
137 606
527 916
197 467
206 730
73 224
161 490
246 762
520 846
486 854
857 962
254 260
487 594
302 625
921 979
49 130
284 384
328 507
154 383
92 496
177 522
56 615
71 628
610 669
402 677
510 704
426 709
471 761
461 792
571 817
649 873
517 881
819 923
173 924
80 952
417 953
687 966
453 982
182 279
337 338
110 363
412 580
501 884
259 811
177 234
566 856
148 439
269 530
266 753
141 767
40 154
460 473
225 526
248 737
426 771
428 771
694 815
420 873
895 948
451 913
394 934
118 396
536 856
728 966
52 120
82 328
31 402
221 412
388 574
531 574
481 586
331 703
85 777
790 879
908 981
352 365
463 522
6 647
39 709
720 741
38 877
733 955
566 647
822 973
359 468
658 699
387 853
369 910
645 821
395 880
165 190
259 264
364 390
389 422
355 501
347 520
170 534
25 568
130 653
627 900
3 91
283 361
184 367
175 449
199 495
446 655
705 730
916 949
20 377
139 388
389 450
248 503
414 609
224 640
592 682
501 692
200 707
7 726
13 735
419 851
423 860
342 549
84 651
247 495
237 596
213 251
226 729
673 745
371 927
126 990
538 709
444 727
424 868
984 993
433 889
501 986
61 254
175 256
585 619
282 902
312 431
170 489
282 803
784 843
1 253
171 284
318 411
159 554
857 987
31 278
380 477
360 538
459 636
6 14
134 175
323 411
377 589
505 608
237 684
680 730
193 777
228 851
358 856
572 878
798 891
347 995
376 801
309 328
42 426
44 489
390 520
477 598
482 767
806 935
141 307
65 156
230 274
100 297
2 362
400 614
695 701
146 831
514 961
838 981
75 806
79 225
11 596
282 662
200 682
107 781
712 826
477 878
945 995
166 182
362 488
192 670
417 723
246 828
152 219
792 843
27 257
333 394
315 483
498 524
69 599
109 618
236 659
19 691
340 751
765 776
105 844
303 967
681 974
355 986
986 994
183 998
113 270
223 359
85 593
227 612
233 672
612 678
256 738
14 890
272 954
73 337
407 677
159 685
323 371
341 391
371 556
169 666
731 804
172 846
537 847
293 863
64 965
172 721
686 807
808 976
36 423
189 494
409 649
274 717
745 775
541 915
225 926
296 407
294 480
546 620
50 710
128 889
53 226
18 622
737 778
497 868
320 334
26 517
5 655
440 760
238 762
436 870
215 964
244 305
597 649
162 969
42 169
286 461
503 514
535 779
278 857
856 864
457 503
46 563
452 614
354 623
614 644
350 706
490 836
223 244
474 668
147 737
86 832
434 893
360 895
544 955
263 634
398 682
369 887
802 977
41 469
718 895
99 324
403 598
483 635
522 674
91 695
253 762
78 209
217 282
130 468
14 647
71 659
318 674
519 703
450 709
219 821
187 832
805 900
556 912
657 915
110 973
235 986
15 510
528 596
285 462
261 519
451 681
330 734
484 877
75 128
26 141
70 145
277 294
279 439
296 533
129 556
809 908
556 962
666 993
229 454
594 676
240 770
303 904
605 915
9 193
174 196
141 222
63 332
280 382
336 586
11 788
362 380
0 450
383 624
500 793
779 964
603 997
542 728
355 833
489 928
69 951
16 989
142 385
267 447
83 466
487 549
107 688
592 829
267 833
505 970
723 978
191 991
33 112
112 251
185 279
201 704
735 766
58 904
253 303
86 384
382 534
567 689
691 701
65 709
471 735
208 815
688 841
499 857
525 906
5 963
252 290
118 548
9 669
420 729
355 740
739 763
201 796
107 899
252 501
278 687
479 872
158 222
18 639
438 649
219 721
111 845
6 876
410 896
231 970
238 298
604 610
294 702
555 729
228 737
54 213
252 341
293 594
269 654
66 662
786 787
31 850
864 889
492 908
827 991
52 457
425 611
764 794
440 802
286 850
843 966
272 481
73 496
237 543
45 691
204 726
33 812
119 836
109 855
659 889
387 928
447 986
264 987
957 992
282 427
366 544
776 794
574 846
8 96
54 590
206 705
257 753
475 776
147 778
54 848
78 901
731 963
58 967
55 66
327 361
561 784
541 819
45 308
248 309
274 630
111 755
16 210
311 556
43 609
43 612
789 975
234 250
114 251
109 339
386 592
64 757
743 879
881 981
273 500
437 570
59 756
578 772
776 849
753 947
452 612
129 835
74 98
303 311
397 427
445 689
128 793
749 853
781 866
183 869
182 893
867 902
149 947
94 970
614 997
99 115
345 634
79 884
258 946
359 414
10 433
584 724
496 510
19 539
492 582
607 634
214 855
735 860
280 865
657 868
166 893
850 972
273 552
235 785
213 840
676 952
66 118
250 522
501 775
415 830
383 850
153 858
483 960
321 968
511 989
7 258
259 402
326 521
144 654
433 793
40 880
559 985
233 350
75 433
467 541
439 822
463 953
665 737
378 782
983 999
142 197
197 443
378 503
68 563
88 702
366 921
187 207
10 358
86 375
379 394
308 430
172 520
112 742
271 931
661 952
103 173
596 675
446 963
218 984
263 422
528 738
598 818
460 865
782 954
243 367
115 690
380 768
832 909
517 981
61 205
462 477
562 601
151 606
384 610
82 737
344 880
112 922
390 923
304 927
344 972
198 590
521 745
173 464
394 631
475 809
198 918
316 327
408 733
72 103
92 321
224 334
306 418
255 622
201 640
10 659
90 716
24 804
514 858
268 887
400 902
250 911
555 930
938 948
979 980
21 982
548 991
421 702
289 740
686 770
465 780
533 784
599 945
285 434
366 472
577 781
245 879
816 996
75 358
413 787
578 816
460 834
99 717
24 722
652 725
127 805
523 888
140 917
246 316
570 635
68 840
812 848
14 876
76 980
609 774
716 911
862 979
196 298
552 659
276 684
222 825
207 909
276 543
241 588
478 630
134 237
250 367
17 739
142 775
571 784
776 838
601 763
241 826
86 207
482 530
410 911
105 314
85 339
77 471
480 520
506 754
676 758
340 794
679 824
680 865
700 868
759 908
846 923
860 964
256 308
502 822
666 826
28 431
467 591
213 812
185 888
885 891
371 912
905 990
296 648
74 158
235 350
336 378
51 449
423 485
511 600
379 602
108 606
221 624
332 832
764 841
60 844
435 856
415 958
784 962
667 991
199 253
241 426
463 723
806 882
763 916
890 954
432 434
443 606
122 761
361 762
95 780
602 873
119 144
267 585
423 731
646 745
172 755
698 805
284 832
427 867
561 966
728 969
936 980
136 516
738 823
460 843
406 905
82 598
619 833
609 919
291 928
111 404
273 711
435 889
425 522
485 735
534 841
295 940
48 138
39 169
77 283
412 809
651 882
20 90
68 218
246 361
148 436
387 517
351 541
367 681
169 763
60 767
396 950
28 975
46 70
163 417
492 565
169 709
120 770
705 772
223 813
200 955
952 998
241 422
465 554
509 897
747 957
674 978
612 997
129 411
400 414
125 308
99 622
183 661
787 827
66 918
101 149
151 326
307 412
453 537
216 689
719 726
231 862
10 128
110 540
92 713
483 777
173 890
367 913
906 946
36 964
68 885
185 285
290 341
129 370
221 580
581 620
39 708
755 951
46 562
178 181
