1000 4389 53.75872022286245 sparse
0 111 904
1 702 947
2 909 763
3 131 697
4 351 7
5 33 532
6 113 808
7 714 557
8 84 693
9 210 187
10 741 350
11 625 108
12 537 659
13 495 610
14 50 264
15 298 727
16 367 368
17 627 333
18 110 905
19 644 297
20 903 355
21 676 70
22 457 697
23 543 651
24 745 650
25 735 777
26 822 384
27 937 514
28 455 510
29 268 834
30 539 158
31 8 339
32 210 271
33 85 875
34 743 933
35 536 98
36 363 259
37 449 484
38 792 981
39 641 837
40 525 127
41 400 800
42 130 599
43 381 733
44 777 398
45 555 90
46 786 815
47 393 569
48 621 545
49 735 767
50 408 747
51 200 754
52 469 351
53 965 533
54 168 107
55 532 77
56 409 8
57 204 275
58 915 289
59 577 818
60 932 695
61 582 569
62 947 81
63 248 762
64 959 616
65 71 913
66 869 184
67 796 677
68 172 351
69 446 727
70 980 688
71 817 333
72 978 890
73 4 267
74 619 448
75 88 736
76 801 452
77 397 486
78 306 50
79 729 645
80 341 660
81 838 437
82 225 379
83 624 277
84 214 472
85 245 292
86 755 7
87 845 147
88 473 597
89 447 532
90 506 911
91 598 321
92 108 851
93 137 515
94 823 992
95 929 984
96 739 644
97 909 906
98 545 984
99 325 71
100 438 307
101 512 216
102 608 604
103 993 437
104 311 27
105 765 959
106 676 547
107 904 376
108 796 604
109 185 496
110 339 256
111 227 950
112 816 742
113 130 181
114 274 406
115 861 945
116 779 873
117 301 917
118 56 191
119 361 536
120 293 796
121 808 67
122 801 342
123 266 900
124 710 452
125 922 253
126 423 516
127 996 1
128 565 604
129 314 362
130 557 939
131 699 553
132 483 409
133 783 275
134 340 416
135 131 234
136 43 268
137 431 497
138 12 479
139 880 556
140 796 723
141 541 362
142 189 309
143 717 213
144 892 444
145 133 198
146 429 859
147 831 399
148 939 599
149 338 973
150 969 575
151 748 393
152 971 985
153 459 221
154 979 237
155 764 334
156 592 882
157 585 954
158 204 4
159 307 111
160 27 546
161 309 69
162 982 716
163 837 201
164 228 294
165 277 235
166 781 940
167 262 319
168 794 835
169 97 145
170 277 742
171 769 516
172 838 920
173 78 601
174 330 885
175 11 821
176 397 688
177 788 684
178 105 591
179 982 425
180 822 472
181 596 632
182 772 542
183 679 888
184 131 199
185 565 562
186 775 220
187 861 180
188 742 521
189 491 616
190 323 20
191 50 943
192 38 317
193 846 947
194 746 396
195 491 99
196 108 969
197 466 383
198 679 685
199 896 437
200 706 923
201 515 227
202 703 488
203 182 405
204 578 153
205 92 778
206 658 125
207 528 904
208 140 165
209 71 72
210 518 207
211 247 951
212 838 850
213 136 522
214 567 905
215 341 251
216 382 383
217 687 163
218 505 47
219 392 436
220 249 634
221 932 391
222 29 392
223 108 421
224 821 854
225 265 197
226 67 552
227 38 826
228 348 407
229 260 701
230 187 71
231 578 342
232 153 510
233 149 782
234 737 985
235 315 788
236 294 861
237 520 403
238 771 981
239 244 569
240 253 332
241 307 120
242 683 15
243 454 722
244 980 549
245 109 976
246 567 398
247 92 207
248 869 841
249 310 47
250 3 413
251 712 254
252 200 855
253 566 303
254 673 339
255 724 840
256 535 722
257 839 711
258 471 818
259 973 648
260 516 597
261 816 493
262 207 123
263 510 312
264 316 678
265 389 140
266 964 679
267 777 569
268 972 3
269 977 69
270 399 427
271 263 782
272 391 465
273 884 750
274 865 89
275 33 909
276 992 351
277 620 800
278 429 79
279 717 411
280 824 417
281 53 837
282 753 793
283 93 104
284 309 990
285 214 589
286 909 861
287 580 973
288 888 137
289 375 95
290 199 616
291 211 61
292 427 794
293 947 901
294 504 316
295 815 845
296 761 916
297 541 453
298 495 54
299 644 513
300 375 549
301 395 747
302 606 337
303 566 653
304 102 384
305 988 90
306 393 933
307 106 319
308 97 37
309 837 711
310 167 710
311 950 917
312 543 158
313 624 134
314 43 79
315 357 620
316 23 350
317 66 883
318 592 623
319 434 345
320 28 795
321 336 673
322 335 443
323 719 936
324 44 577
325 31 574
326 70 360
327 354 963
328 570 394
329 750 462
330 612 157
331 966 292
332 383 202
333 352 675
334 795 63
335 547 932
336 981 192
337 383 424
338 124 10
339 893 128
340 774 389
341 124 789
342 47 673
343 783 495
344 610 563
345 959 801
346 320 18
347 459 131
348 884 671
349 139 653
350 211 117
351 433 848
352 82 702
353 263 881
354 145 826
355 86 75
356 167 549
357 19 147
358 121 179
359 846 799
360 240 762
361 939 25
362 436 481
363 326 186
364 415 191
365 928 989
366 923 10
367 994 587
368 977 758
369 469 953
370 855 79
371 396 176
372 959 873
373 211 365
374 647 847
375 778 816
376 681 504
377 236 28
378 303 33
379 444 20
380 75 244
381 524 759
382 870 447
383 627 809
384 850 934
385 809 35
386 487 771
387 777 78
388 895 576
389 840 823
390 253 429
391 668 218
392 883 983
393 831 901
394 644 141
395 753 507
396 344 514
397 411 503
398 607 877
399 111 863
400 196 635
401 424 281
402 908 455
403 737 821
404 795 353
405 404 737
406 892 369
407 76 333
408 95 891
409 973 747
410 338 610
411 677 15
412 329 125
413 259 131
414 824 664
415 881 398
416 997 716
417 818 256
418 887 422
419 811 751
420 566 207
421 378 949
422 627 948
423 667 83
424 565 227
425 971 578
426 750 929
427 50 499
428 608 231
429 137 129
430 218 499
431 495 454
432 410 876
433 661 26
434 39 558
435 629 732
436 861 290
437 768 649
438 919 509
439 699 83
440 806 323
441 715 880
442 913 773
443 416 309
444 644 763
445 145 977
446 808 768
447 216 417
448 295 195
449 453 664
450 809 904
451 605 902
452 773 247
453 138 26
454 531 971
455 428 976
456 270 827
457 163 501
458 364 420
459 8 389
460 946 739
461 142 973
462 790 926
463 925 345
464 344 202
465 837 745
466 925 584
467 3 156
468 161 802
469 205 556
470 481 981
471 164 434
472 500 410
473 803 339
474 29 600
475 648 397
476 540 511
477 412 281
478 533 931
479 972 699
480 669 699
481 547 143
482 922 751
483 862 311
484 438 722
485 623 387
486 66 811
487 505 442
488 837 351
489 160 634
490 401 482
491 985 391
492 979 207
493 224 603
494 342 353
495 737 186
496 555 805
497 537 384
498 914 879
499 464 547
500 247 293
501 315 991
502 413 953
503 987 660
504 910 360
505 882 263
506 660 979
507 61 86
508 262 789
509 285 861
510 791 288
511 98 752
512 592 298
513 768 681
514 975 770
515 711 592
516 833 444
517 245 904
518 293 270
519 811 715
520 120 646
521 838 703
522 821 107
523 883 23
524 96 38
525 864 447
526 496 816
527 366 41
528 98 145
529 583 746
530 541 888
531 486 289
532 817 68
533 206 895
534 607 234
535 775 477
536 849 104
537 323 631
538 669 940
539 103 332
540 228 134
541 393 218
542 106 133
543 555 930
544 560 729
545 901 449
546 441 924
547 398 979
548 61 534
549 346 796
550 608 630
551 443 577
552 733 793
553 378 139
554 310 732
555 39 199
556 390 232
557 762 630
558 331 205
559 576 553
560 59 138
561 552 268
562 684 254
563 887 192
564 936 141
565 984 259
566 358 446
567 852 632
568 389 463
569 224 798
570 582 692
571 925 205
572 281 614
573 536 642
574 276 990
575 728 597
576 319 129
577 143 864
578 918 841
579 246 702
580 855 157
581 476 616
582 48 232
583 548 59
584 139 976
585 829 562
586 185 680
587 916 436
588 85 291
589 716 805
590 570 911
591 781 240
592 746 377
593 656 503
594 346 92
595 527 280
596 326 462
597 90 59
598 215 408
599 509 390
600 210 938
601 635 877
602 860 895
603 749 339
604 624 352
605 574 698
606 182 194
607 717 957
608 520 821
609 999 745
610 518 364
611 469 219
612 814 390
613 173 135
614 797 705
615 598 119
616 468 984
617 632 54
618 3 321
619 656 488
620 655 113
621 851 951
622 216 879
623 839 130
624 717 960
625 68 341
626 613 646
627 808 939
628 424 562
629 992 761
630 851 386
631 274 862
632 71 29
633 638 93
634 720 21
635 375 694
636 596 683
637 943 799
638 252 445
639 816 510
640 741 185
641 620 74
642 126 555
643 536 2
644 681 271
645 633 846
646 143 802
647 602 912
648 705 798
649 814 940
650 855 998
651 838 781
652 245 883
653 813 712
654 200 285
655 104 791
656 547 708
657 960 470
658 569 917
659 327 762
660 410 151
661 494 492
662 705 365
663 940 451
664 408 976
665 97 11
666 195 75
667 122 592
668 325 610
669 739 446
670 897 949
671 387 720
672 84 699
673 56 116
674 935 892
675 96 19
676 702 429
677 110 410
678 710 570
679 744 368
680 762 927
681 647 297
682 475 737
683 659 813
684 29 858
685 836 629
686 772 571
687 249 896
688 491 110
689 211 506
690 329 375
691 618 578
692 206 407
693 874 403
694 540 349
695 184 483
696 522 39
697 302 499
698 487 509
699 33 681
700 184 12
701 265 625
702 207 143
703 94 485
704 993 355
705 372 767
706 698 956
707 371 372
708 435 597
709 52 290
710 192 96
711 482 967
712 491 381
713 609 107
714 962 284
715 933 612
716 315 564
717 469 366
718 937 418
719 246 570
720 888 111
721 443 196
722 622 904
723 187 951
724 87 271
725 116 354
726 575 117
727 574 885
728 264 181
729 183 52
730 549 197
731 882 722
732 164 32
733 585 831
734 373 675
735 49 511
736 816 726
737 528 448
738 737 663
739 842 612
740 179 733
741 756 705
742 977 359
743 738 665
744 943 325
745 486 86
746 15 955
747 411 210
748 644 612
749 289 289
750 398 464
751 170 116
752 67 76
753 960 82
754 669 270
755 45 689
756 139 715
757 439 993
758 339 469
759 368 585
760 597 642
761 366 330
762 118 681
763 437 311
764 978 225
765 709 639
766 42 665
767 735 726
768 389 440
769 105 62
770 899 625
771 653 434
772 278 627
773 677 157
774 605 111
775 117 138
776 716 792
777 300 543
778 75 949
779 834 387
780 482 826
781 170 540
782 464 696
783 40 790
784 510 532
785 154 264
786 407 376
787 9 609
788 376 448
789 730 603
790 357 969
791 838 557
792 533 337
793 227 852
794 192 485
795 279 295
796 663 607
797 685 779
798 581 930
799 931 93
800 677 662
801 348 479
802 739 833
803 196 758
804 834 344
805 771 592
806 656 851
807 112 49
808 360 159
809 780 476
810 790 746
811 673 312
812 917 441
813 826 600
814 371 286
815 205 374
816 361 785
817 992 365
818 428 314
819 974 793
820 833 653
821 938 818
822 169 260
823 893 411
824 43 435
825 611 510
826 772 72
827 951 610
828 998 649
829 12 546
830 812 82
831 395 976
832 80 987
833 533 811
834 910 220
835 796 1000
836 855 302
837 582 342
838 160 449
839 720 100
840 143 815
841 501 91
842 720 39
843 93 825
844 852 324
845 382 867
846 31 590
847 9 442
848 871 435
849 902 737
850 920 356
851 750 158
852 140 291
853 159 577
854 711 420
855 260 792
856 59 623
857 416 582
858 737 107
859 182 543
860 715 592
861 774 702
862 396 457
863 602 357
864 167 914
865 955 782
866 608 999
867 465 24
868 451 496
869 625 248
870 393 141
871 12 485
872 55 586
873 847 462
874 727 762
875 657 671
876 910 841
877 579 833
878 449 303
879 166 149
880 625 973
881 400 269
882 670 927
883 846 379
884 117 212
885 103 183
886 182 151
887 808 376
888 488 883
889 646 172
890 634 570
891 840 267
892 750 258
893 921 584
894 587 274
895 457 788
896 448 961
897 992 167
898 984 897
899 409 423
900 950 779
901 128 212
902 980 507
903 324 201
904 88 453
905 512 412
906 600 19
907 616 594
908 137 781
909 883 236
910 86 500
911 911 646
912 944 299
913 672 80
914 278 682
915 938 213
916 228 799
917 436 807
918 805 139
919 447 665
920 250 682
921 797 499
922 379 371
923 104 966
924 835 260
925 37 373
926 563 510
927 835 727
928 252 303
929 58 450
930 237 806
931 229 738
932 189 667
933 153 957
934 359 151
935 316 765
936 31 20
937 880 674
938 443 999
939 540 639
940 403 586
941 309 162
942 11 923
943 487 75
944 772 25
945 794 624
946 298 944
947 460 394
948 598 100
949 286 668
950 633 105
951 642 576
952 300 921
953 1000 372
954 915 799
955 472 70
956 942 148
957 629 108
958 385 995
959 869 98
960 507 336
961 482 533
962 107 702
963 215 302
964 60 313
965 780 733
966 938 975
967 833 832
968 571 819
969 122 10
970 763 972
971 792 27
972 999 849
973 131 879
974 597 386
975 846 62
976 700 89
977 856 909
978 692 55
979 190 125
980 996 443
981 299 136
982 555 692
983 421 222
984 136 802
985 155 946
986 411 657
987 885 876
988 829 7
989 938 931
990 949 402
991 797 876
992 342 545
993 888 909
994 907 962
995 233 673
996 434 265
997 178 522
998 476 955
999 501 720
169 528
0 18
308 524
257 309
338 969
145 184
85 500
239 719
738 743
272 568
607 624
19 681
428 534
151 194
190 346
150 425
122 473
519 653
352 672
508 855
30 312
231 837
515 860
466 893
11 957
495 640
276 704
100 763
265 870
569 916
117 952
461 584
547 831
78 249
246 328
445 461
219 768
196 923
348 937
573 939
950 957
95 365
535 809
587 812
110 215
267 686
77 490
16 707
209 752
713 774
51 803
865 900
423 913
242 411
382 525
8 672
138 871
284 501
445 584
627 649
590 658
449 919
59 968
439 976
575 789
733 877
193 621
214 590
327 790
103 980
646 984
93 213
196 245
271 508
272 750
22 782
32 57
13 189
263 294
262 350
757 938
29 456
750 862
369 998
488 804
387 826
63 360
578 876
14 136
144 199
46 375
34 426
257 521
309 521
665 675
558 903
707 922
808 934
335 543
695 794
24 96
11 950
20 504
81 516
415 693
630 883
891 924
66 187
230 666
517 687
331 714
159 241
236 509
121 532
447 598
598 692
568 750
8 352
113 358
130 543
402 545
592 679
54 751
568 862
72 898
564 956
69 243
69 484
342 766
272 862
49 874
44 340
356 781
763 818
181 318
1 706
374 806
274 959
430 689
12 23
25 49
104 378
570 605
26 612
64 827
890 951
79 96
181 760
704 817
153 611
474 846
288 339
112 419
144 545
585 791
451 647
547 664
271 855
67 177
452 591
42 667
615 774
817 953
50 405
2 442
412 576
57 654
504 850
270 899
21 913
101 210
224 295
373 815
279 854
195 688
884 901
265 553
509 631
296 680
745 943
223 677
354 840
245 923
500 928
933 985
407 625
101 201
219 270
277 383
23 573
483 836
916 930
659 935
389 967
39 374
115 621
507 752
217 773
749 795
146 351
368 409
100 878
401 477
134 228
39 645
427 735
644 754
154 764
382 848
237 905
233 908
238 970
519 736
542 775
463 850
368 514
181 550
214 658
426 680
403 802
37 868
472 905
218 298
130 335
100 818
92 399
206 620
26 779
147 779
781 859
16 922
216 922
23 939
122 404
648 776
418 823
197 947
104 346
676 854
95 966
195 841
102 907
50 301
199 545
15 554
410 668
589 776
320 783
443 818
664 831
646 840
633 950
589 648
141 694
109 695
62 753
109 794
538 882
85 928
713 948
774 948
701 772
105 970
324 325
37 362
307 539
464 558
470 616
572 772
184 901
436 836
711 998
301 405
232 457
758 801
121 334
193 384
70 479
10 603
7 678
652 687
258 780
586 932
857 940
104 190
107 406
694 792
525 848
80 321
297 737
195 745
575 860
276 817
335 478
229 579
374 645
470 711
274 370
87 580
447 692
185 559
414 820
324 872
541 556
43 671
148 715
653 736
528 542
699 755
763 878
779 883
28 868
343 921
602 977
596 758
769 807
840 984
71 440
532 830
145 901
219 337
162 416
169 542
241 576
189 581
593 619
293 674
52 717
160 829
115 193
336 492
553 870
59 877
363 903
5 160
71 473
612 887
133 510
59 733
24 738
768 788
341 908
571 915
569 930
164 963
209 355
368 629
597 769
7 131
312 481
785 822
121 830
471 838
115 384
216 707
503 828
431 487
299 593
747 983
249 378
613 879
167 240
156 398
21 423
155 603
745 841
292 917
943 955
243 484
112 736
325 846
390 638
11 713
225 728
99 161
321 333
404 473
25 552
151 592
345 637
342 699
342 755
879 886
26 887
691 907
309 927
914 949
877 968
742 817
356 859
103 179
293 311
270 337
440 473
567 685
615 713
550 760
148 827
270 768
608 833
483 844
810 965
670 994
355 597
704 742
626 760
257 927
24 743
255 802
166 462
570 636
402 812
24 79
93 232
137 362
550 626
160 434
477 881
30 481
140 519
261 639
344 691
276 742
345 819
25 874
703 910
296 426
132 472
12 573
237 599
384 621
178 667
552 776
630 779
20 850
107 504
61 559
337 768
85 164
451 722
262 979
198 480
285 493
209 507
519 614
32 654
526 780
365 966
113 145
78 378
419 446
562 644
197 717
212 224
318 550
609 629
614 653
123 687
417 924
26 147
199 418
633 957
126 397
2 482
205 655
658 798
415 823
341 984
515 575
339 720
188 395
20 406
91 302
325 434
545 812
691 890
241 981
656 982
468 646
634 842
113 184
1 607
140 614
87 623
308 675
685 739
492 764
353 652
566 788
715 827
465 927
10 679
156 727
490 750
741 861
116 991
71 122
70 266
171 395
357 467
220 701
699 766
613 886
61 185
200 323
661 698
324 846
839 858
768 862
704 953
172 384
259 503
256 656
358 885
733 968
311 989
227 281
31 316
80 333
549 816
789 860
27 438
286 498
31 618
212 967
118 555
218 696
385 971
113 208
149 327
33 408
75 511
332 541
533 622
167 928
140 965
401 996
226 548
194 592
524 675
615 948
164 500
607 706
355 752
736 927
119 300
98 454
326 625
543 658
369 711
635 734
96 738
184 884
308 807
577 973
78 161
123 353
290 400
88 581
17 604
147 612
514 629
6 655
613 751
343 809
370 975
920 995
147 280
314 507
144 402
411 433
337 458
329 669
572 701
624 706
230 729
364 747
518 749
149 790
524 807
38 835
345 865
461 933
157 287
324 434
122 440
363 558
318 760
748 796
637 821
343 535
66 563
359 651
79 738
541 747
3 756
781 997
162 479
272 490
420 730
660 870
47 940
613 979
43 301
82 373
545 587
1 624
11 633
129 690
568 788
437 557
13 581
34 680
261 921
605 982
282 552
455 664
262 702
219 788
62 799
739 813
718 990
111 211
104 249
420 424
199 587
236 631
137 868
286 876
464 903
713 957
341 655
588 724
108 945
944 971
406 504
599 712
201 210
177 513
140 736
11 774
612 779
12 939
294 960
1 323
172 393
349 520
140 653
131 678
455 757
528 775
71 804
221 990
302 863
579 920
18 408
148 466
353 687
39 806
35 45
126 137
33 317
264 321
0 408
228 458
207 530
402 587
3 762
82 815
693 823
418 848
222 925
547 958
213 232
552 589
111 600
637 865
137 397
186 591
233 646
79 765
536 959
38 238
517 652
333 734
20 107
436 483
322 596
96 743
686 805
908 984
119 992
48 344
323 607
537 668
443 763
705 816
172 977
313 394
237 472
214 727
169 775
637 900
576 981
16 216
222 459
112 465
463 504
666 710
571 834
362 868
824 929
97 993
206 394
338 453
291 666
145 884
841 943
745 955
496 968
35 55
17 302
123 517
199 812
219 862
379 867
859 997
269 753
219 899
315 410
688 841
229 920
831 958
46 168
266 479
158 700
551 708
647 722
628 857
445 933
419 810
199 402
159 576
180 261
77 272
524 597
513 861
646 908
53 244
361 366
306 421
274 536
286 578
472 599
79 743
562 754
429 775
474 787
788 862
800 875
21 978
751 979
6 341
353 631
515 789
590 798
819 865
639 921
161 249
77 397
478 543
181 626
515 678
616 711
77 750
100 443
37 137
144 382
393 450
462 627
560 673
468 840
836 844
273 849
135 901
599 905
295 967
184 358
141 497
567 739
192 964
145 358
490 568
369 896
553 934
298 943
276 953
350 979
241 412
144 418
109 457
334 532
154 565
678 860
604 863
453 969
346 378
89 499
272 788
525 873
654 963
105 238
176 635
496 833
177 861
534 869
516 873
499 961
179 980
839 976
177 614
540 702
144 848
568 768
255 403
24 437
209 597
341 646
166 680
418 693
355 769
514 819
476 926
235 935
720 959
90 207
23 303
409 514
308 597
141 610
615 726
198 800
331 912
946 952
322 566
614 861
672 962
168 295
397 490
233 468
617 641
514 865
43 405
28 89
36 215
120 235
620 950
334 387
302 604
279 676
148 893
714 912
78 104
212 295
502 664
645 806
208 358
409 629
584 933
370 959
269 305
262 540
265 660
818 878
762 962
106 131
442 482
91 512
187 580
136 709
487 737
267 805
140 810
345 900
6 984
190 378
156 451
147 630
233 984
309 653
350 540
405 671
428 869
127 268
25 282
363 464
55 583
323 624
354 646
203 692
713 950
691 951
20 463
597 807
36 110
34 323
314 752
755 766
685 820
770 911
521 927
774 957
263 960
364 371
543 590
551 628
25 776
708 857
112 927
491 953
1 200
134 458
157 798
846 872
195 943
77 568
124 676
709 964
81 280
482 849
250 459
526 608
688 745
302 837
26 883
512 894
698 961
3 962
242 433
417 891
13 260
367 425
544 656
498 674
334 826
8 962
359 389
415 418
34 296
86 944
702 979
105 166
102 318
168 375
63 271
139 388
337 788
731 849
837 863
147 883
344 890
455 896
352 962
468 984
376 593
259 828
665 969
130 658
224 967
398 451
258 526
197 712
272 768
663 812
199 848
422 880
22 243
144 812
171 343
5 829
130 478
144 587
151 679
72 372
146 432
237 497
230 710
419 736
334 830
490 862
247 884
452 892
13 88
59 496
368 609
494 690
539 725
84 794
107 850
407 964
399 973
750 768
524 769
130 798
164 928
354 984
370 536
191 778
384 977
15 170
410 537
243 682
309 736
716 777
457 997
313 330
666 729
548 735
310 740
233 341
256 544
216 786
230 291
102 550
308 665
288 720
543 798
11 313
257 653
337 899
744 912
792 960
485 974
159 412
325 474
49 552
409 609
14 709
198 875
135 884
275 942
442 954
171 182
88 189
633 641
199 823
229 914
64 148
42 178
24 557
620 633
308 769
141 792
6 843
702 886
768 899
393 977
159 981
151 340
309 519
350 702
64 715
590 727
322 758
112 810
403 589
142 654
54 710
5 735
91 837
247 885
360 931
45 55
21 439
600 723
47 857
469 859
404 887
742 953
253 512
313 957
620 957
470 998
524 632
521 653
522 830
81 873
514 900
605 636
335 658
610 694
712 717
653 927
28 37
5 434
419 465
205 511
458 566
453 732
460 482
513 741
325 872
401 881
519 927
47 300
71 488
463 744
553 808
804 844
475 485
96 557
632 675
491 817
2 849
180 873
316 925
855 930
142 963
109 997
254 811
570 982
407 539
166 627
123 652
338 665
524 665
345 821
439 839
505 909
212 389
186 452
113 885
219 568
252 793
439 913
117 946
202 376
112 446
40 481
308 632
304 677
750 788
388 893
886 979
477 996
28 137
84 430
176 734
355 507
336 897
171 188
175 227
182 267
134 322
324 474
207 478
97 498
455 502
112 519
10 592
221 718
257 736
551 857
173 872
382 873
455 938
132 947
599 610
675 969
112 140
497 610
657 663
729 732
648 797
41 292
326 407
457 695
587 718
647 798
150 367
214 543
561 595
299 619
108 805
232 997
327 421
462 649
819 900
119 396
596 801
199 382
81 525
536 623
109 689
102 691
243 782
941 981
251 562
398 601
914 920
637 954
10 155
67 614
462 680
298 955
784 961
70 162
5 548
194 679
273 731
172 193
409 460
144 525
522 536
301 671
36 814
94 835
795 928
11 948
328 974
2 273
290 493
48 890
150 244
779 887
19 83
160 325
443 477
306 502
67 513
257 519
403 552
700 732
541 983
99 249
587 663
231 863
286 987
78 99
349 489
350 710
465 736
614 736
689 794
567 820
895 917
446 810
54 979
231 302
54 613
552 648
364 721
310 756
786 922
280 516
640 851
529 544
630 693
597 752
809 921
726 948
61 344
33 399
226 434
187 563
497 599
29 631
235 659
635 671
219 750
774 950
896 998
371 660
518 795
214 798
173 178
280 612
605 656
89 126
354 468
252 622
209 314
194 340
70 503
9 606
834 915
439 978
76 180
91 231
182 686
323 706
421 790
219 272
77 862
83 869
240 928
332 371
450 462
281 486
416 609
26 630
787 846
173 856
234 970
710 979
401 443
132 712
466 715
332 747
305 753
356 853
625 964
16 494
329 535
289 594
11 615
311 674
622 793
132 905
616 938
57 963
498 987
356 997
32 164
149 501
353 517
522 623
502 831
622 652
129 494
164 654
338 675
291 729
167 795
432 845
488 883
363 941
717 947
913 976
44 151
96 437
603 679
863 974
100 401
93 457
97 674
430 794
474 872
303 939
519 521
380 582
380 724
434 829
12 303
393 602
124 669
250 847
448 903
532 975
376 619
153 721
47 759
99 594
51 740
741 767
71 404
133 452
353 509
710 751
283 355
266 503
333 635
566 758
220 772
313 774
821 954
664 958
190 249
601 722
461 985
154 492
245 584
39 683
890 907
167 500
502 547
313 615
681 811
92 843
53 902
225 448
317 408
180 516
394 620
610 960
616 998
455 547
112 653
270 862
904 929
382 418
416 479
740 803
508 930
108 813
244 425
472 712
616 757
313 950
38 970
43 50
65 317
63 508
418 545
66 580
11 620
507 673
192 709
556 747
96 765
486 843
785 852
140 861
102 181
293 372
369 470
340 592
458 788
480 875
715 893
450 991
271 360
83 681
301 705
718 812
578 821
616 896
208 879
6 646
726 774
292 895
57 164
372 674
63 931
21 976
249 346
296 462
82 598
423 633
69 682
685 813
58 912
80 264
332 556
6 840
487 905
4 190
67 414
130 590
406 850
495 851
285 290
298 696
262 710
313 713
398 722
610 792
488 844
35 40
406 415
369 616
753 799
245 832
388 466
44 194
132 197
175 320
214 530
382 545
601 645
866 880
394 889
113 901
396 992
682 999
535 921
95 994
114 390
516 525
413 540
335 590
318 626
270 788
436 891
166 296
172 649
429 542
39 383
334 385
602 993
293 989
17 91
580 623
834 909
189 260
22 484
49 776
473 804
238 835
32 963
602 987
566 768
319 818
637 819
552 874
344 907
861 965
364 983
49 282
156 647
632 665
280 779
264 949
907 951
85 963
130 157
107 221
140 419
227 486
392 650
323 426
120 508
283 542
45 583
196 584
47 628
579 995
107 415
274 720
521 736
163 187
281 684
76 809
468 908
832 923
628 940
392 994
85 167
29 509
610 712
421 831
22 69
404 440
303 573
84 695
776 874
265 934
412 981
423 439
437 513
977 993
14 380
121 385
235 549
399 577
234 624
590 647
28 698
458 768
124 854
206 950
948 957
0 973
913 978
14 582
500 795
52 197
105 680
693 848
418 587
132 599
633 713
341 840
884 885
282 403
399 408
219 458
402 663
383 683
434 872
184 885
746 942
842 978
212 248
259 266
162 409
363 448
62 269
343 395
374 601
423 620
415 630
63 855
246 974
472 487
658 727
723 985
294 531
575 678
698 784
147 887
28 126
65 408
434 548
94 650
823 848
368 865
703 904
557 945
224 991
227 320
204 481
210 730
556 983
445 985
194 279
19 811
446 651
401 763
70 416
193 649
855 916
171 921
400 932
614 965
583 696
736 810
38 94
72 293
4 346
121 387
166 426
303 760
615 957
76 516
491 742
434 846
284 574
166 649
455 831
168 224
128 318
588 709
692 815
144 823
274 975
716 992
26 280
261 343
122 804
81 848
120 271
307 407
246 497
304 725
329 809
545 848
258 895
172 450
538 706
457 794
459 925
51 931
109 430
245 461
203 598
48 691
663 718
530 727
336 764
299 825
987 993
33 92
22 449
263 531
227 684
298 745
494 761
401 818
120 855
751 879
358 884
757 896
500 963
300 992
196 832
90 888
748 907
218 943
295 389
362 397
337 566
172 602
565 714
67 861
401 878
588 964
647 658
222 250
486 783
601 806
18 973
81 382
199 525
315 668
176 671
22 919
105 426
137 490
431 737
233 840
443 878
145 885
554 935
423 976
214 335
90 478
143 495
45 726
149 284
162 609
172 621
776 797
814 881
113 884
778 923
712 947
641 950
206 957
966 994
145 208
1 538
358 901
27 53
207 335
205 341
332 364
25 589
82 692
449 782
325 829
612 883
708 940
655 984
419 927
879 979
385 532
200 706
398 727
115 172
156 214
226 324
282 375
418 525
263 792
587 823
309 465
424 730
437 743
513 743
675 807
584 985
30 40
544 605
448 728
437 738
55 841
176 986
34 105
257 465
335 798
641 948
721 983
256 999
248 389
203 471
179 491
80 537
84 689
319 763
85 795
553 660
864 985
213 457
285 469
436 505
555 582
50 671
368 900
365 994
234 238
204 330
196 461
881 996
11 641
234 607
126 868
385 988
435 444
773 889
78 190
328 497
170 554
213 642
554 659
232 781
566 801
386 895
655 908
576 941
152 966
75 352
565 764
711 896
840 908
723 933
344 951
756 962
514 609
17 863
372 898
28 362
494 707
265 808
195 955
611 721
453 807
824 847
122 887
641 713
38 105
360 508
364 541
681 754
345 514
109 232
64 259
78 346
613 702
721 747
976 978
134 566
310 586
135 184
307 588
349 762
440 804
362 490
485 604
450 627
7 860
759 940
89 961
133 591
520 762
125 834
7 515
497 694
368 819
371 870
184 208
206 313
43 705
436 844
623 918
641 957
63 170
421 502
192 618
316 618
456 631
396 801
387 830
429 879
688 943
80 734
204 312
160 324
566 568
251 644
398 647
451 727
664 757
782 919
948 950
34 607
271 930
130 214
344 559
219 566
713 726
209 769
598 815
508 916
870 934
689 695
429 751
208 775
337 862
326 925
694 960
28 961
359 967
52 319
172 627
597 632
418 812
506 880
561 894
270 458
214 647
35 841
77 137
315 537
200 607
655 843
60 266
330 394
566 596
522 918
631 652
403 776
294 792
253 894
841 955
151 279
40 312
513 738
69 782
652 793
591 892
448 941
419 965
519 965
295 991
255 589
502 896
419 519
245 445
400 489
465 651
427 910
135 145
239 285
203 447
473 488
421 547
160 548
88 551
262 613
386 682
374 683
8 762
227 783
360 855
226 872
748 951
256 982
76 535
437 945
264 333
208 429
204 726
488 779
848 873
6 908
334 971
451 590
539 625
71 844
115 670
65 778
707 786
91 863
89 868
200 882
66 163
351 432
263 595
589 802
563 834
821 876
92 973
192 316
26 488
79 557
343 639
394 957
136 582
450 649
121 826
247 901
115 977
224 389
155 404
368 460
156 590
237 712
307 725
715 770
48 825
42 853
456 855
340 887
862 899
633 913
584 923
161 378
429 613
384 649
569 855
2 954
182 188
65 191
6 205
181 303
499 551
25 648
340 679
476 784
485 863
58 125
87 187
124 202
265 371
300 759
394 773
477 818
41 917
736 965
689 997
98 287
427 548
628 708
315 759
107 823
258 917
91 253
6 354
283 507
629 819
166 970
100 477
392 670
74 771
484 782
355 807
466 827
19 754
348 911
180 921
308 969
183 441
143 640
491 704
102 748
738 765
451 798
767 874
496 877
693 883
550 907
741 965
919 986
236 353
56 379
414 685
191 746
221 850
804 883
751 886
273 442
322 458
446 465
530 590
270 750
282 776
928 963
525 545
321 734
122 488
61 691
112 965
248 967
11 206
5 427
382 516
412 594
622 687
138 847
133 892
83 894
620 913
57 142
405 484
456 509
4 527
371 747
330 889
31 192
395 535
52 712
156 722
612 630
642 667
75 672
228 690
285 719
206 773
856 872
293 898
126 362
92 577
475 771
526 833
473 887
544 982
448 558
270 568
112 309
107 463
44 592
313 620
519 810
712 905
48 951
796 951
29 236
132 237
223 304
207 543
34 624
242 634
383 645
298 841
442 900
177 653
262 886
497 905
423 978
430 695
331 565
633 774
808 870
12 982
84 109
297 487
513 614
24 765
442 849
318 907
394 950
491 990
14 724
262 751
546 896
253 561
488 630
86 634
615 950
220 572
206 633
425 827
1 882
223 904
579 914
89 628
135 785
474 856
122 155
196 445
44 612
480 800
408 973
88 708
191 275
54 429
273 482
221 504
431 661
40 688
16 761
44 887
153 983
354 577
299 376
384 393
11 394
28 499
440 510
272 566
57 822
836 891
214 451
592 603
683 806
585 813
883 887
308 338
36 556
105 234
65 275
100 319
498 578
481 726
283 752
669 854
287 866
498 876
251 892
264 914
790 958
524 969
3 310
228 322
148 425
83 512
347 688
177 741
322 801
698 868
517 622
488 887
885 901
97 989
34 200
97 293
355 524
608 780
778 832
415 848
36 881
556 881
528 885
896 938
385 944
121 975
148 150
157 543
192 625
812 823
339 959
97 987
180 639
406 693
672 762
213 781
169 885
89 137
81 180
165 518
496 608
570 656
469 781
248 987
288 580
196 778
678 789
470 896
803 931
112 257
256 381
120 456
24 513
177 519
200 624
621 649
203 815
744 850
781 853
735 910
120 935
478 658
920 949
81 147
34 166
356 469
169 560
16 690
231 694
790 831
461 923
270 272
209 283
382 402
456 508
193 627
123 631
545 823
833 968
72 311
381 386
390 447
282 589
283 673
647 727
360 916
229 995
117 123
61 128
228 337
67 653
271 916
0 33
549 659
549 705
743 765
75 962
332 464
451 658
10 662
73 136
207 214
501 574
18 33
82 447
50 484
508 569
451 601
237 610
419 653
545 663
410 759
477 763
557 805
516 848
540 979
402 418
662 679
456 930
653 965
168 967
674 989
409 416
79 437
522 532
8 755
140 927
341 468
211 600
314 673
352 755
519 861
7 106
55 696
193 977
30 204
77 362
155 473
150 827
409 865
118 247
391 562
360 569
737 905
48 299
403 648
765 800
409 900
805 945
5 226
239 493
204 615
155 679
311 898
830 975
240 500
171 535
337 568
617 633
43 635
511 655
312 730
695 997
308 355
370 532
643 696
102 760
566 862
531 878
749 928
794 997
67 437
338 524
482 900
528 560
507 597
536 720
457 781
46 282
268 361
132 487
293 498
493 719
642 853
77 126
303 318
465 519
442 637
496 733
827 893
436 924
412 934
498 993
17 19
18 65
140 177
184 247
371 808
261 809
821 865
579 931
108 267
182 395
133 417
220 493
291 710
709 724
654 822
415 883
165 225
64 425
76 81
484 682
641 774
667 853
756 762
123 952
304 326
158 377
136 380
813 945
340 612
111 723
700 729
517 533
506 538
404 804
183 882
454 478
426 462
563 571
60 479
460 900
331 744
68 815
218 955
179 990
319 443
550 748
228 566
384 602
30 730
672 755
653 861
807 969
247 358
177 437
369 546
502 546
417 591
433 617
157 658
530 658
364 660
706 882
900 954
413 981
55 218
419 651
421 664
107 693
167 749
160 226
252 533
39 601
309 614
597 675
552 802
91 604
398 645
286 674
589 797
282 874
33 65
244 367
126 490
330 615
199 693
752 769
427 871
715 911
423 950
646 655
303 982
70 259
276 491
397 868
633 948
54 230
247 380
200 538
626 636
669 676
85 240
51 360
455 616
16 786
87 918
231 253
406 463
131 515
35 583
533 652
465 653
108 686
338 807
821 900
32 85
319 717
116 168
67 519
665 807
52 960
878 996
0 65
0 399
255 441
357 560
614 741
49 767
248 876
632 936
551 940
242 978
670 993
216 337
350 751
636 760
130 287
102 344
358 528
521 614
106 678
653 810
659 816
853 859
213 356
26 404
239 469
280 630
277 683
232 695
397 750
319 786
395 809
351 917
168 991
162 266
216 458
371 553
175 684
208 885
494 922
858 976
177 414
17 681
50 705
169 283
358 775
37 126
124 329
192 407
130 454
320 486
125 505
387 532
254 662
567 813
826 830
804 887
143 251
375 403
283 528
322 788
477 814
279 669
160 735
325 787
291 377
105 462
557 738
93 781
788 899
232 356
68 373
302 512
414 521
356 642
702 879
492 915
93 642
673 752
171 809
124 279
404 612
112 614
101 730
614 810
93 997
216 228
173 324
169 358
236 456
283 775
695 838
362 750
340 404
178 642
352 762
765 789
46 295
489 520
26 804
281 843
764 915
128 181
272 337
440 488
118 582
788 801
644 811
29 930
911 937
772 949
142 164
199 415
316 459
237 487
479 503
41 816
903 941
417 510
54 666
557 789
76 280
90 530
156 658
228 707
664 938
145 247
62 305
531 595
96 789
739 820
217 889
636 982
128 185
244 902
213 997
95 152
275 317
18 399
205 486
58 505
465 521
645 683
79 789
139 791
406 823
229 949
104 161
159 161
5 325
404 488
350 613
389 651
399 843
54 879
15 935
470 938
241 941
734 986
777 992
141 231
8 342
170 360
92 408
121 522
366 523
478 590
402 848
723 864
492 897
657 902
63 916
412 941
86 971
971 988
371 541
690 707
578 954
536 975
54 262
335 454
429 528
271 569
303 570
253 837
131 860
220 995
53 150
75 205
226 325
500 749
180 809
754 811
648 874
505 891
100 996
64 150
164 167
166 238
209 524
631 687
490 788
547 790
61 907
548 910
393 991
162 368
102 626
384 627
373 692
707 761
685 945
876 954
621 977
170 271
7 575
282 802
222 316
157 422
257 614
303 636
298 867
557 743
194 854
38 166
97 311
308 453
460 514
134 690
682 782
175 783
789 805
32 822
822 852
750 899
445 923
433 978
37 397
49 589
400 493
414 567
141 599
39 277
341 354
393 649
758 788
375 802
629 865
125 909
424 534
207 590
453 675
694 837
449 986
140 309
162 460
294 595
499 628
592 662
337 750
382 823
664 896
661 961
959 975
411 978
23 982
422 538
446 736
29 855
214 478
108 557
644 681
691 748
683 797
102 890
313 948
141 960
50 69
374 383
272 397
138 427
486 655
181 907
332 983
206 423
290 489
407 588
28 661
70 828
442 865
102 128
88 260
209 632
779 804
606 886
424 561
207 658
533 687
287 798
327 831
761 922
128 939
876 987
32 500
544 570
72 674
536 830
306 831
477 878
80 315
169 429
693 779
661 784
443 881
125 915
472 947
121 971
101 611
370 830
847 871
116 450
49 648
549 935
69 405
434 474
604 837
748 890
8 75
117 174
105 296
141 328
314 355
152 365
424 428
87 536
373 598
533 600
514 637
147 693
661 868
174 236
63 569
40 841
326 539
426 607
41 705
483 804
846 856
835 970
6 92
106 376
156 601
575 805
1 34
313 633
469 719
547 757
16 228
123 509
159 594
613 710
35 726
218 745
533 864
288 959
32 142
155 440
197 472
390 598
411 634
245 778
77 788
363 808
604 974
469 997
865 954
10 151
55 298
161 594
197 599
183 806
27 902
61 102
209 308
76 261
453 665
453 524
470 757
490 768
283 769
134 337
478 530
422 647
819 821
221 823
191 942
34 970
261 873
989 994
99 159
165 448
22 682
405 705
140 741
741 743
566 750
740 756
110 814
623 959
157 335
99 378
115 392
307 625
259 827
280 883
313 889
614 927
200 441
323 680
675 769
232 859
460 865
71 887
489 932
52 947
278 955
977 987
321 537
966 989
261 535
444 797
568 801
280 887
2 900
40 195
25 403
370 522
697 777
460 849
307 852
102 951
345 954
634 978
66 87
277 444
2 460
289 553
596 697
9 702
136 724
85 749
67 820
242 842
360 930
782 999
87 288
54 350
630 887
45 948
233 354
42 642
572 668
382 693
360 803
218 841
160 846
563 909
183 200
14 588
530 543
208 886
431 472
260 581
422 722
761 814
157 880
688 955
321 635
57 85
170 229
406 630
257 731
447 815
589 874
6 233
141 246
200 426
335 530
932 995
393 627
21 633
499 698
506 706
334 944
28 397
718 823
324 829
59 833
625 925
327 958
208 613
44 679
396 697
319 878
140 257
218 583
621 627
97 670
791 813
92 354
317 684
371 934
279 592
350 886
31 925
106 951
4 104
248 286
3 349
402 525
534 894
568 899
395 921
452 510
112 521
539 588
114 638
112 651
144 693
226 735
29 793
670 989
446 965
311 372
150 466
173 667
710 729
339 564
113 775
559 926
426 970
983 996
175 281
38 627
350 666
439 858
97 286
287 880
657 980
115 993
35 195
185 344
587 848
680 970
154 336
147 516
55 943
329 395
283 597
458 899
205 908
525 693
512 837
195 298
89 551
407 725
537 772
532 826
207 888
270 566
581 708
199 718
714 744
472 497
341 511
19 644
342 672
132 717
240 795
272 801
222 824
735 871
864 933
195 347
392 621
180 343
422 506
253 595
488 612
426 624
416 629
659 705
230 732
396 758
231 792
482 865
170 935
381 999
68 142
537 572
157 647
630 804
766 856
797 874
431 905
93 356
201 730
266 828
183 601
63 930
365 392
53 425
372 498
29 508
130 207
342 352
64 367
423 617
15 659
29 120
164 240
37 698
186 892
780 895
423 957
384 993
271 456
157 590
85 654
306 664
179 718
83 754
727 798
593 825
767 965
7 188
116 295
166 450
447 638
58 744
9 886
632 807
141 837
221 406
397 568
509 652
338 732
250 824
576 934
272 899
629 900
48 559
303 605
37 661
237 737
354 908
48 61
256 605
655 840
767 861
576 594
702 751
151 854
385 975
251 754
464 808
417 452
386 526
316 625
233 655
17 837
914 995
47 119
370 720
67 140
95 392
297 431
126 628
626 748
412 808
409 819
440 844
15 229
113 247
621 670
135 822
869 894
141 237
90 335
72 972
14 73
116 224
42 489
162 629
255 648
497 712
738 741
575 765
215 814
235 816
457 859
763 996
89 698
218 867
430 997
99 104
60 460
231 512
199 663
427 703
54 886
33 973
20 221
89 397
353 793
525 823
83 534
324 548
10 194
306 547
5 324
35 481
400 586
309 731
232 794
913 950
17 254
425 466
620 713
326 725
812 848
307 964
300 940
168 212
21 433
209 673
109 781
642 781
402 823
837 974
296 323
368 416
140 521
208 528
836 924
55 195
221 463
140 465
38 649
493 701
330 774
770 893
867 955
421 958
98 130
132 431
140 446
35 688
196 933
59 277
116 296
76 343
345 368
57 500
155 592
84 638
720 799
149 421
87 522
599 717
362 862
372 972
329 343
103 657
137 750
106 299
64 466
103 491
208 542
201 611
108 739
77 768
300 396
277 733
546 998
327 547
21 617
810 861
176 333
381 544
174 952
219 490
55 745
26 122
804 836
202 619
826 944
295 375
369 455
96 513
402 718
776 802
209 807
465 810
205 843
689 859
796 890
455 958
539 964
211 517
353 622
3 672
515 765
786 899
904 910
243 999
215 558
231 604
668 716
76 873
406 883
793 930
6 486
385 830
109 859
505 924
26 44
265 289
671 734
775 885
206 913
3 8
216 270
483 488
621 650
108 685
632 752
497 792
757 831
76 921
472 737
237 246
29 353
273 465
180 535
542 560
115 649
58 714
731 927
450 977
144 415
382 587
284 946
442 460
557 575
171 639
632 769
253 792
382 812
765 860
587 990
383 733
501 790
732 969
169 208
563 580
105 627
95 670
324 787
86 842
617 906
135 247
505 836
454 543
535 669
545 718
341 843
154 915
228 922
34 462
264 537
303 626
567 770
168 389
274 522
163 580
279 662
627 680
624 970
443 996
656 999
40 45
263 694
697 758
500 654
146 845
118 885
309 419
460 479
615 633
502 757
148 770
617 913
759 992
43 176
272 362
221 587
606 879
712 960
206 217
281 317
415 504
128 573
339 580
277 645
524 752
190 527
255 552
21 620
423 641
533 793
422 882
428 894
336 915
701 949
248 359
303 550
136 588
106 890
521 731
829 846
245 933
231 974
210 420
825 926
123 236
274 339
409 479
327 501
79 575
241 594
105 624
478 798
526 895
220 920
393 462
364 556
666 751
532 971
37 89
37 490
105 607
731 937
316 326
224 393
42 520
380 588
434 735
631 793
326 964
110 518
435 529
283 560
134 596
404 603
419 614
80 635
120 659
453 700
742 744
125 571
759 857
611 983
601 647
504 744
230 751
363 934
136 964
578 987
356 457
113 528
532 536
288 564
134 788
794 838
113 879
170 931
26 340
282 648
457 689
564 799
216 899
182 343
96 575
357 673
415 779
173 846
91 894
229 931
868 961
217 394
20 415
677 904
310 932
558 941
106 593
420 428
172 462
6 468
147 488
394 633
736 861
610 905
260 939
193 393
358 542
355 632
648 683
348 770
499 784
324 856
397 862
607 970
258 351
717 960
240 963
44 404
144 873
824 904
60 70
121 370
144 663
597 665
458 707
206 889
208 901
482 954
586 995
188 343
274 623
466 770
722 798
262 879
670 966
212 991
211 574
234 706
511 908
820 945
51 63
255 776
83 428
7 789
439 842
309 414
281 783
332 808
367 827
796 907
843 984
517 600
186 640
394 713
648 802
214 398
257 419
158 732
67 741
569 803
160 872
113 169
306 546
529 605
294 694
453 769
150 893
522 959
26 473
543 727
810 927
728 941
281 320
11 423
180 525
578 637
559 691
630 823
138 735
458 862
328 863
248 578
577 840
128 303
173 474
510 591
107 418
383 444
359 446
287 454
610 717
71 836
540 886
115 994
215 464
420 534
258 608
414 614
2 731
446 927
145 606
454 711
388 770
599 947
18 317
620 773
687 793
203 838
754 869
483 891
306 327
308 752
394 774
317 399
241 413
260 573
414 653
407 709
153 747
156 798
411 842
600 864
15 914
816 935
547 938
826 971
136 192
3 352
143 391
676 771
792 837
674 898
48 907
257 414
170 508
202 593
384 670
671 705
702 710
24 789
46 403
818 996
285 400
111 517
67 521
472 610
179 663
254 681
445 723
275 746
422 798
289 870
203 373
482 731
387 858
149 946
296 450
262 666
739 945
128 260
52 294
268 366
176 405
448 464
17 512
288 623
119 759
77 801
826 858
2 637
81 693
639 809
266 416
258 386
148 388
94 621
27 657
228 788
139 893
427 929
847 929
177 965
22 999
0 317
33 281
197 319
128 760
64 893
224 248
122 612
625 725
301 484
287 543
458 568
668 759
456 793
182 921
204 313
476 661
207 727
2 865
463 912
780 917
17 231
323 882
923 933
302 974
663 990
471 692
204 774
724 964
154 714
668 772
501 946
167 963
46 967
674 993
98 157
374 398
350 413
201 424
31 459
216 494
280 525
325 548
512 561
294 610
20 744
369 757
552 797
414 945
147 415
115 602
12 656
182 805
14 964
620 774
25 797
80 410
71 483
212 602
615 641
179 657
330 713
461 723
619 825
542 885
429 886
258 292
339 536
51 569
507 769
205 984
323 538
418 718
81 779
697 801
612 804
690 922
509 687
92 840
703 929
696 943
864 973
173 226
382 415
97 602
169 673
775 879
297 905
82 203
77 219
354 399
128 550
398 590
413 728
711 757
521 820
178 872
740 931
220 949
321 949
666 979
645 733
515 796
898 972
362 568
543 647
46 802
280 848
469 689
568 758
425 893
348 567
210 611
548 829
711 938
812 990
140 513
47 708
177 736
8 766
456 916
567 937
502 958
40 55
194 669
462 991
94 193
375 552
34 706
465 731
443 814
157 866
280 873
654 785
17 811
469 853
213 859
283 429
170 579
247 582
365 670
125 714
626 875
153 996
47 551
660 808
33 843
44 280
66 288
50 292
11 330
469 493
254 604
52 610
300 628
156 877
187 288
279 679
237 328
59 383
384 450
88 499
99 527
36 541
163 563
355 673
11 726
576 808
669 809
510 892
511 962
418 630
306 790
538 607
735 829
161 190
412 553
422 451
454 470
186 495
394 615
460 629
425 715
40 726
398 733
301 816
840 843
833 877
391 889
125 912
574 946
174 509
475 604
181 636
25 767
660 934
620 976
259 479
164 795
617 950
334 975
99 190
161 241
19 254
208 606
517 631
193 670
484 671
528 673
348 731
383 806
521 937
159 941
608 968
210 424
314 597
371 721
188 202
58 331
10 340
288 536
551 581
64 828
808 941
83 91
334 522
603 662
575 686
409 482
275 684
487 661
57 785
934 941
172 993
137 272
0 577
52 763
26 71
81 418
184 606
473 844
458 922
651 967
1 426
100 531
151 662
505 834
913 957
742 990
156 530
513 557
139 585
126 499
194 662
599 694
105 835
286 372
224 450
35 745
49 797
342 856
105 323
500 518
346 527
380 709
410 716
787 872
212 393
221 415
156 733
664 790
442 821
5 871
541 881
820 937
211 946
531 960
522 975
881 983
464 541
60 849
93 109
322 337
87 339
212 359
193 392
215 518
110 558
150 715
307 724
722 727
665 769
270 786
743 861
760 907
635 986
1 234
415 587
585 739
339 799
404 779
450 602
193 650
435 480
345 629
261 516
415 525
45 615
405 635
313 726
657 812
286 821
330 957
19 91
230 350
53 438
269 799
23 128
46 446
390 692
639 791
424 894
149 958
280 693
596 788
787 856
490 868
349 932
76 329
71 510
189 573
318 691
144 718
453 729
703 735
128 907
290 932
107 990
159 413
483 505
538 624
181 748
52 878
839 913
222 326
183 374
19 512
304 539
13 573
372 578
312 726
391 754
354 843
61 890
803 916
37 77
42 173
98 335
507 560
185 926
16 458
332 558
122 603
457 838
626 907
64 503
487 599
272 758
63 803
398 877
510 924
634 944
161 346
89 362
3 520
128 559
473 612
475 974
157 214
99 241
15 264
234 323
131 376
243 405
444 683
206 713
570 760
750 801
221 812
488 836
142 852
571 909
649 977
29 271
373 447
492 565
727 877
171 261
160 427
296 627
598 638
450 680
385 826
208 884
537 949
316 964
196 985
34 234
235 271
117 353
311 498
529 656
540 710
388 715
226 846
548 872
641 913
50 243
489 586
371 983
473 510
274 532
482 637
8 699
158 729
284 790
286 993
455 998
46 224
620 641
93 703
391 869
113 429
267 585
590 722
146 917
284 327
272 458
232 642
130 647
347 745
752 807
253 302
39 398
358 429
352 511
80 668
250 925
579 949
674 987
90 543
215 556
105 649
623 720
19 869
770 937
277 968
231 328
262 413
263 610
287 335
414 519
143 562
18 577
81 630
535 639
55 688
228 768
300 857
851 858
499 868
277 877
518 928
219 228
387 522
333 537
131 575
204 730
396 777
81 612
94 649
441 802
233 803
381 833
92 317
1 506
85 518
686 789
801 862
380 884
32 928
302 485
588 625
542 673
170 855
215 903
253 694
369 938
386 999
347 660
471 695
67 736
142 822
630 848
339 956
183 538
550 691
506 882
108 437
139 466
221 491
120 549
252 652
93 859
818 881
51 916
839 978
113 135
71 155
220 400
235 508
666 732
134 758
344 825
459 847
891 909
793 916
476 698
440 887
67 945
400 995
757 998
79 513
54 702
0 92
446 519
118 560
490 801
97 977
220 290
547 896
580 918
94 238
525 587
318 748
137 862
29 916
337 922
464 941
429 979
491 980
404 679
780 833
93 910
464 934
387 971
274 288
133 440
449 581
73 709
722 882
831 938
101 153
41 301
99 346
406 418
287 422
455 470
298 583
401 814
109 838
530 888
387 944
949 995
153 364
115 393
439 620
191 832
21 839
90 998
67 309
176 484
368 637
689 781
741 810
30 210
352 699
440 836
510 891
60 911
16 129
155 510
536 580
349 586
460 609
479 609
115 627
115 650
545 693
586 740
525 812
437 861
462 970
413 702
337 707
205 783
328 837
513 965
134 216
240 373
108 585
587 693
107 718
637 876
130 530
370 623
625 709
328 485
813 820
274 830
202 395
177 521
141 712
177 743
897 956
573 982
691 796
13 939
41 50
131 188
171 267
192 326
385 387
45 481
455 546
247 555
113 606
585 639
649 680
216 690
60 348
256 529
113 542
337 786
383 877
909 924
202 329
36 477
477 556
192 588
236 652
381 682
531 763
351 780
681 869
212 987
100 881
12 605
151 669
578 674
557 765
504 823
738 861
523 975
