1000 5060 58.240879114244144 sparse
0 440 448
1 102 716
2 488 297
3 320 327
4 806 834
5 168 82
6 388 573
7 527 354
8 756 8
9 495 805
10 123 887
11 126 841
12 972 274
13 406 199
14 805 841
15 556 500
16 80 760
17 723 525
18 821 971
19 961 114
20 552 699
21 137 265
22 493 489
23 321 875
24 330 621
25 736 908
26 332 542
27 761 922
28 783 130
29 259 273
30 649 864
31 426 575
32 663 668
33 21 821
34 886 893
35 79 664
36 173 669
37 10 923
38 799 146
39 925 393
40 481 633
41 211 210
42 943 789
43 105 294
44 699 775
45 485 820
46 761 641
47 408 132
48 391 132
49 356 146
50 520 674
51 198 267
52 814 677
53 648 809
54 101 40
55 165 398
56 181 886
57 940 24
58 750 556
59 826 709
60 676 208
61 978 40
62 155 455
63 369 89
64 655 455
65 144 399
66 924 807
67 521 809
68 575 703
69 379 745
70 911 226
71 766 383
72 788 653
73 540 269
74 749 537
75 830 696
76 834 94
77 313 649
78 325 190
79 617 45
80 582 30
81 541 485
82 713 142
83 786 925
84 937 385
85 90 784
86 322 736
87 761 400
88 438 531
89 910 92
90 375 82
91 261 578
92 282 69
93 91 884
94 529 677
95 55 566
96 714 605
97 367 66
98 946 129
99 880 230
100 758 405
101 892 820
102 658 315
103 964 308
104 860 438
105 917 648
106 415 309
107 1000 61
108 838 229
109 517 227
110 423 696
111 642 355
112 733 482
113 249 133
114 839 954
115 229 58
116 196 826
117 28 948
118 892 426
119 908 459
120 237 724
121 823 795
122 993 760
123 349 427
124 807 752
125 52 868
126 605 836
127 965 910
128 867 462
129 494 679
130 987 324
131 974 349
132 694 9
133 414 314
134 950 717
135 890 279
136 39 871
137 440 223
138 766 350
139 827 773
140 648 282
141 844 671
142 174 792
143 795 729
144 452 124
145 170 721
146 829 534
147 383 414
148 564 477
149 787 801
150 805 747
151 796 433
152 332 538
153 758 773
154 8 642
155 985 970
156 465 390
157 185 135
158 512 204
159 609 316
160 498 507
161 480 878
162 94 963
163 430 664
164 584 529
165 91 978
166 21 131
167 455 552
168 833 470
169 102 228
170 444 61
171 14 750
172 542 509
173 723 568
174 919 761
175 167 662
176 631 886
177 158 394
178 794 434
179 945 399
180 687 467
181 103 26
182 143 309
183 957 954
184 938 524
185 189 749
186 214 164
187 326 652
188 930 721
189 236 909
190 549 538
191 851 559
192 755 16
193 395 146
194 581 648
195 894 365
196 526 664
197 313 949
198 465 764
199 781 959
200 256 157
201 738 916
202 370 365
203 72 827
204 152 361
205 870 119
206 316 289
207 797 707
208 607 893
209 756 264
210 40 855
211 826 304
212 953 391
213 465 541
214 562 273
215 921 83
216 910 305
217 386 241
218 990 932
219 964 867
220 413 141
221 694 403
222 594 337
223 121 176
224 224 243
225 582 131
226 358 894
227 729 261
228 771 522
229 851 411
230 361 265
231 190 342
232 185 748
233 386 500
234 39 380
235 258 350
236 505 407
237 393 523
238 288 880
239 365 634
240 447 889
241 524 705
242 636 69
243 972 658
244 175 596
245 179 23
246 962 903
247 665 716
248 420 364
249 703 169
250 824 819
251 165 311
252 636 867
253 145 188
254 994 835
255 10 694
256 527 328
257 329 886
258 907 773
259 791 214
260 940 426
261 515 919
262 44 171
263 809 238
264 913 419
265 894 632
266 188 709
267 49 800
268 511 329
269 401 187
270 771 129
271 475 48
272 790 299
273 109 708
274 537 395
275 178 232
276 493 941
277 91 366
278 344 756
279 774 428
280 851 661
281 893 721
282 121 165
283 942 255
284 710 55
285 319 65
286 532 252
287 639 397
288 248 202
289 396 536
290 508 238
291 274 750
292 480 203
293 497 969
294 249 758
295 332 804
296 914 481
297 585 935
298 562 946
299 54 270
300 798 254
301 601 198
302 271 473
303 132 258
304 599 950
305 209 910
306 491 899
307 57 505
308 523 869
309 604 864
310 621 964
311 123 747
312 713 352
313 327 551
314 259 838
315 59 602
316 668 888
317 262 761
318 221 641
319 261 484
320 135 200
321 708 323
322 267 468
323 240 594
324 119 274
325 282 129
326 273 763
327 389 804
328 170 121
329 169 842
330 118 902
331 858 937
332 476 287
333 39 277
334 585 885
335 736 732
336 562 351
337 352 548
338 168 61
339 318 253
340 536 641
341 75 779
342 864 146
343 662 674
344 731 167
345 894 93
346 58 339
347 652 598
348 483 182
349 183 360
350 820 464
351 359 815
352 427 207
353 496 729
354 392 201
355 242 206
356 151 571
357 678 168
358 657 128
359 222 410
360 504 617
361 350 76
362 890 719
363 605 733
364 84 908
365 435 832
366 321 242
367 400 770
368 230 975
369 988 747
370 544 816
371 579 920
372 327 625
373 43 726
374 575 908
375 143 685
376 177 366
377 606 890
378 299 501
379 165 477
380 310 90
381 278 528
382 885 587
383 833 538
384 488 869
385 485 908
386 710 624
387 817 155
388 869 517
389 695 448
390 146 563
391 719 657
392 248 157
393 521 139
394 800 823
395 991 462
396 853 826
397 339 565
398 774 107
399 998 828
400 45 485
401 231 514
402 538 235
403 609 225
404 254 415
405 256 977
406 239 988
407 974 764
408 893 657
409 544 638
410 968 634
411 187 582
412 530 0
413 381 167
414 580 155
415 105 744
416 256 721
417 375 636
418 602 969
419 641 54
420 110 593
421 659 23
422 81 991
423 308 961
424 639 801
425 101 59
426 27 414
427 353 393
428 523 988
429 16 66
430 424 987
431 612 480
432 545 448
433 559 566
434 749 622
435 961 186
436 236 363
437 438 305
438 891 262
439 798 703
440 6 561
441 339 406
442 119 406
443 508 234
444 972 910
445 866 901
446 175 51
447 895 246
448 132 408
449 173 580
450 217 158
451 977 117
452 332 904
453 668 133
454 682 433
455 510 302
456 932 825
457 196 412
458 692 896
459 981 162
460 849 437
461 946 761
462 480 447
463 719 193
464 257 858
465 702 607
466 210 702
467 159 549
468 939 141
469 98 766
470 746 113
471 413 632
472 784 832
473 793 487
474 321 181
475 832 289
476 533 53
477 823 666
478 574 703
479 53 745
480 170 92
481 227 778
482 440 702
483 401 691
484 829 611
485 109 45
486 885 901
487 317 591
488 853 200
489 988 882
490 289 856
491 17 839
492 180 651
493 155 682
494 820 145
495 975 232
496 671 615
497 80 914
498 318 168
499 74 538
500 401 354
501 770 201
502 966 952
503 857 253
504 896 939
505 65 665
506 685 196
507 156 657
508 362 46
509 426 42
510 394 232
511 36 948
512 33 583
513 699 330
514 588 818
515 337 157
516 292 615
517 988 342
518 213 543
519 535 691
520 418 283
521 436 269
522 88 399
523 39 817
524 999 584
525 796 675
526 112 227
527 968 268
528 101 735
529 293 952
530 173 521
531 401 208
532 709 40
533 977 443
534 952 50
535 81 652
536 348 606
537 439 8
538 138 802
539 634 936
540 67 522
541 16 135
542 337 249
543 903 656
544 720 945
545 371 111
546 967 642
547 578 236
548 305 149
549 321 795
550 367 379
551 682 792
552 823 429
553 451 236
554 776 874
555 40 460
556 96 501
557 920 311
558 699 628
559 349 543
560 716 472
561 357 765
562 129 249
563 204 953
564 807 200
565 567 547
566 960 322
567 620 552
568 737 136
569 176 187
570 662 497
571 312 477
572 866 42
573 359 565
574 562 549
575 481 125
576 432 963
577 118 292
578 304 350
579 806 133
580 34 576
581 874 99
582 326 926
583 268 96
584 415 129
585 668 585
586 174 265
587 566 530
588 520 567
589 418 952
590 660 783
591 835 67
592 352 583
593 224 830
594 301 437
595 324 868
596 992 970
597 96 48
598 133 211
599 538 326
600 400 495
601 267 467
602 79 896
603 325 452
604 489 54
605 957 298
606 16 734
607 279 943
608 6 527
609 903 598
610 111 827
611 903 266
612 25 394
613 791 303
614 33 969
615 537 994
616 19 188
617 495 209
618 849 43
619 655 453
620 941 778
621 503 210
622 478 709
623 808 183
624 466 226
625 356 5
626 745 15
627 28 178
628 286 391
629 913 496
630 944 788
631 960 204
632 149 630
633 779 881
634 864 272
635 6 940
636 105 617
637 320 981
638 44 670
639 8 309
640 466 770
641 560 383
642 974 834
643 797 543
644 85 218
645 419 715
646 22 544
647 908 131
648 592 49
649 680 94
650 183 437
651 915 462
652 946 782
653 589 828
654 991 477
655 777 132
656 516 29
657 181 63
658 110 306
659 639 343
660 845 738
661 589 708
662 37 178
663 376 62
664 315 855
665 244 227
666 297 296
667 177 23
668 18 516
669 799 86
670 81 52
671 389 65
672 112 271
673 226 19
674 651 137
675 466 378
676 23 923
677 872 423
678 750 508
679 168 149
680 700 116
681 284 470
682 681 612
683 25 36
684 291 932
685 239 93
686 172 807
687 19 249
688 988 972
689 117 980
690 476 278
691 69 410
692 747 514
693 427 707
694 819 609
695 893 787
696 353 798
697 407 444
698 409 860
699 441 197
700 824 256
701 559 717
702 151 34
703 556 630
704 651 289
705 382 666
706 687 53
707 205 523
708 897 521
709 737 528
710 962 31
711 605 149
712 276 440
713 571 794
714 75 938
715 886 281
716 868 365
717 287 882
718 951 533
719 493 121
720 106 700
721 98 32
722 7 322
723 567 351
724 323 268
725 935 42
726 905 161
727 736 425
728 298 84
729 47 714
730 700 30
731 115 496
732 262 492
733 904 215
734 20 53
735 697 747
736 392 56
737 25 25
738 933 629
739 737 433
740 752 934
741 372 519
742 870 48
743 549 896
744 834 491
745 195 892
746 205 125
747 216 51
748 677 540
749 716 487
750 477 335
751 731 684
752 219 110
753 678 603
754 277 277
755 163 535
756 821 55
757 950 603
758 857 801
759 271 533
760 791 106
761 879 855
762 476 492
763 680 179
764 803 830
765 68 601
766 846 928
767 521 82
768 116 335
769 360 203
770 167 943
771 710 632
772 60 921
773 125 399
774 442 32
775 668 545
776 444 746
777 731 403
778 264 9
779 976 922
780 99 496
781 184 696
782 326 639
783 398 211
784 377 977
785 58 914
786 955 266
787 907 905
788 187 526
789 688 839
790 426 74
791 804 358
792 573 136
793 2 41
794 740 741
795 491 904
796 763 689
797 778 7
798 154 928
799 120 129
800 721 292
801 256 703
802 585 422
803 12 63
804 377 684
805 352 878
806 884 83
807 775 918
808 82 490
809 972 169
810 832 20
811 486 783
812 270 513
813 895 285
814 458 536
815 746 745
816 998 864
817 318 443
818 887 791
819 752 454
820 795 837
821 650 482
822 300 923
823 347 219
824 734 268
825 288 333
826 567 790
827 234 808
828 805 413
829 468 363
830 683 331
831 228 242
832 155 694
833 747 340
834 237 496
835 93 996
836 224 555
837 89 708
838 215 168
839 666 20
840 896 996
841 189 790
842 74 132
843 443 18
844 910 202
845 81 720
846 578 24
847 245 172
848 787 469
849 547 662
850 97 958
851 987 595
852 630 32
853 921 255
854 233 798
855 536 29
856 391 101
857 894 764
858 583 38
859 223 588
860 644 206
861 383 566
862 260 717
863 875 138
864 619 781
865 463 564
866 533 237
867 449 327
868 769 43
869 49 989
870 301 364
871 859 390
872 693 173
873 159 428
874 86 409
875 380 900
876 76 481
877 358 110
878 431 610
879 460 185
880 567 500
881 792 421
882 213 531
883 964 420
884 980 577
885 608 850
886 515 708
887 950 705
888 934 92
889 433 311
890 250 567
891 54 525
892 358 53
893 800 695
894 404 192
895 321 933
896 689 326
897 96 529
898 883 892
899 657 383
900 323 947
901 615 483
902 445 890
903 264 360
904 526 243
905 206 890
906 723 101
907 77 400
908 511 70
909 810 674
910 485 326
911 669 454
912 161 430
913 64 269
914 44 210
915 657 250
916 18 2
917 797 990
918 781 950
919 62 276
920 605 919
921 663 229
922 352 441
923 336 884
924 768 144
925 147 324
926 429 897
927 598 452
928 692 604
929 497 64
930 542 893
931 328 761
932 126 837
933 140 387
934 80 985
935 744 332
936 427 553
937 576 185
938 666 905
939 106 103
940 242 68
941 196 385
942 827 119
943 216 781
944 300 53
945 486 446
946 391 498
947 830 685
948 600 934
949 90 827
950 836 728
951 391 299
952 705 962
953 473 818
954 796 980
955 857 828
956 22 972
957 280 563
958 381 973
959 760 409
960 244 709
961 526 692
962 800 694
963 791 912
964 236 468
965 89 560
966 673 543
967 831 227
968 175 429
969 246 741
970 854 465
971 461 980
972 888 301
973 345 225
974 293 600
975 695 416
976 239 33
977 262 170
978 901 952
979 772 248
980 812 618
981 402 940
982 770 504
983 760 143
984 525 617
985 354 661
986 602 490
987 570 668
988 914 800
989 543 581
990 464 928
991 974 129
992 397 576
993 792 536
994 195 448
995 907 1000
996 14 576
997 57 667
998 132 357
999 165 699
68 478
322 601
893 962
42 630
64 619
245 667
151 178
238 717
240 902
873 912
208 377
34 898
281 362
155 688
26 152
290 443
11 932
185 232
207 439
272 613
224 831
186 838
531 783
431 901
596 688
135 715
396 955
100 959
24 372
336 723
4 764
306 795
429 803
52 909
748 966
106 133
124 150
565 574
402 866
233 946
775 966
146 383
713 826
416 862
784 958
87 100
337 559
556 780
162 850
269 894
32 343
198 640
422 934
462 945
630 652
28 655
823 973
302 322
166 541
620 652
186 450
270 655
678 692
127 444
155 596
4 14
512 580
288 355
364 497
12 527
302 601
572 742
385 795
794 815
695 818
80 846
772 785
13 894
913 919
257 923
108 967
127 246
47 584
23 595
554 633
119 651
42 652
324 672
140 704
394 764
421 839
743 930
181 721
135 813
437 889
830 896
200 392
117 511
386 771
55 177
8 192
254 399
34 486
410 546
617 621
319 732
727 739
80 858
508 892
924 983
25 201
439 893
505 997
349 376
340 409
273 720
54 721
833 935
21 303
381 759
213 814
227 824
6 861
582 895
643 993
627 662
332 690
199 918
315 765
87 959
519 961
63 90
36 175
183 502
442 773
486 898
866 904
439 962
356 390
54 485
54 597
50 94
303 562
671 736
682 753
241 886
600 946
6 992
78 474
415 528
97 663
335 794
715 813
262 662
299 919
169 526
408 543
192 626
514 653
827 854
299 913
917 954
239 417
5 480
484 694
450 838
522 874
197 900
47 220
26 313
13 531
748 775
225 792
387 494
620 630
496 682
465 928
1 273
764 820
14 820
537 843
249 872
513 896
306 385
158 621
358 674
808 876
286 904
223 282
683 737
15 880
75 947
104 460
522 907
317 326
320 598
256 599
42 620
357 763
14 764
745 905
832 999
179 212
645 693
707 882
650 968
339 366
109 443
321 513
354 531
448 773
459 809
603 817
4 820
481 943
614 956
694 980
50 196
216 557
354 783
235 903
386 558
110 693
558 771
840 995
493 832
518 882
134 887
28 270
161 384
53 424
217 510
156 675
750 910
358 453
175 507
425 597
472 820
96 465
35 535
220 584
45 953
141 280
246 444
338 446
103 605
66 988
375 493
111 659
207 893
451 991
4 394
371 374
438 611
575 719
373 729
444 779
151 881
65 933
684 822
874 907
734 803
691 907
604 929
13 269
197 423
364 602
43 658
37 676
187 782
422 835
291 326
8 626
639 722
70 733
83 807
545 877
165 934
221 975
442 448
43 577
338 657
527 786
178 881
241 961
125 136
77 187
94 196
30 252
237 289
294 317
474 498
485 597
663 671
302 681
540 891
207 962
128 970
638 997
446 657
380 728
801 960
616 627
532 730
660 950
59 75
23 257
429 734
266 781
342 863
682 928
98 468
496 753
152 313
122 369
482 693
83 963
504 978
35 505
372 782
774 843
525 909
64 911
619 911
753 928
912 968
54 181
13 354
411 449
345 806
895 900
431 986
89 215
109 290
52 477
295 549
648 858
168 350
202 550
17 709
733 844
578 870
763 872
126 885
123 922
200 977
39 84
409 703
13 783
837 845
167 865
402 904
48 193
103 566
467 755
27 807
801 862
309 885
38 579
115 747
901 986
65 177
167 213
302 319
233 600
68 661
530 788
394 820
846 858
65 448
60 506
395 654
74 709
27 740
560 749
331 766
375 832
354 894
655 924
284 532
296 629
286 866
297 948
516 974
142 686
675 829
142 841
94 519
271 604
428 615
56 745
908 929
1 837
828 881
477 909
162 165
392 847
270 924
94 961
597 670
182 925
91 890
253 320
2 332
767 908
131 517
10 330
85 341
368 406
242 419
278 561
478 661
595 664
184 718
339 724
258 857
357 872
215 888
97 892
920 948
731 780
136 210
256 268
89 345
513 830
304 948
873 968
84 179
244 449
425 485
105 543
171 606
577 658
597 721
297 371
211 475
292 617
291 317
19 451
608 668
607 684
127 779
167 814
518 836
524 851
531 894
650 994
165 422
77 782
335 815
115 940
438 447
1 720
299 333
120 960
15 172
269 354
529 607
243 546
278 931
174 258
93 602
416 960
47 48
381 812
440 996
135 438
175 492
137 553
26 559
190 574
565 587
572 618
564 623
485 721
398 760
283 786
691 874
835 934
84 212
319 322
663 736
226 805
805 923
807 963
322 681
316 938
847 977
352 699
692 709
530 755
218 779
861 992
433 574
601 681
22 762
294 969
499 540
366 542
262 627
37 635
453 674
902 926
813 972
423 529
23 923
125 210
71 87
152 559
158 617
461 620
683 734
112 749
506 763
241 519
576 589
556 808
270 983
90 97
21 562
126 653
197 895
52 947
862 960
416 801
203 949
9 45
286 402
110 482
130 517
324 577
164 587
319 601
497 602
553 624
435 631
351 696
780 808
594 817
323 859
610 932
228 982
52 525
165 835
106 889
311 415
257 452
707 788
394 472
61 710
109 904
337 573
135 611
79 852
484 980
313 397
244 411
33 491
33 523
494 579
29 754
591 756
24 782
200 847
22 160
193 220
14 394
257 595
57 725
705 804
290 904
73 286
386 465
20 519
190 587
534 725
12 786
720 837
509 774
581 806
109 866
16 469
401 834
473 848
50 961
54 425
445 486
65 773
58 74
1 528
296 651
47 193
427 441
390 467
472 764
673 976
392 977
104 677
570 821
773 933
120 416
304 418
133 889
321 896
445 898
120 969
781 999
231 349
36 492
573 592
20 701
279 881
851 884
177 933
263 300
96 386
122 407
339 542
574 587
110 645
886 961
525 962
176 252
16 341
310 418
438 715
556 731
205 863
66 456
85 469
240 926
97 361
267 523
307 540
112 560
169 644
493 999
427 550
234 612
258 695
141 947
389 454
770 798
19 991
181 485
783 894
397 573
273 837
656 855
595 923
589 981
580 996
254 642
90 663
759 812
314 464
426 612
529 684
715 972
21 324
38 387
190 565
663 892
443 904
197 529
118 677
307 891
305 905
405 406
503 634
206 666
414 792
435 809
524 884
477 947
655 983
512 996
134 188
205 581
525 893
452 923
678 982
204 998
297 304
157 328
11 610
478 701
746 752
423 900
28 924
143 150
616 662
585 753
489 816
303 324
137 352
180 389
97 508
505 535
433 565
347 585
611 813
88 814
769 823
36 507
39 179
178 279
26 337
345 581
23 664
165 850
481 854
5 338
269 531
461 652
283 853
610 949
360 984
55 65
38 494
302 732
168 744
382 609
355 665
196 849
611 853
425 670
497 772
15 81
19 98
292 348
465 558
511 614
582 900
259 564
508 663
68 701
237 741
510 783
1 845
337 397
454 975
373 479
248 500
80 648
534 710
138 833
59 950
34 445
447 611
518 707
669 760
334 377
141 477
117 614
505 638
465 682
618 742
168 970
145 266
734 793
577 672
295 696
132 730
915 921
99 447
92 728
151 828
665 831
433 989
49 515
498 515
522 691
497 785
369 407
109 621
90 671
97 671
157 679
8 797
96 928
31 936
52 962
143 207
182 251
4 472
63 545
135 972
118 264
206 724
270 398
36 493
397 592
170 790
180 911
251 925
35 997
121 139
73 214
152 337
20 478
157 746
486 787
209 824
545 856
909 962
416 969
216 972
13 352
109 402
46 434
2 690
732 812
229 871
699 879
448 933
285 944
151 279
2 455
110 483
727 777
145 999
28 38
867 889
209 979
50 519
611 715
714 772
544 952
119 296
520 521
452 582
201 740
305 745
226 875
52 893
287 899
340 703
909 947
194 987
14 472
63 361
498 548
5 657
695 857
333 919
63 97
266 466
415 469
78 498
181 597
74 692
284 706
57 710
213 865
650 912
28 579
348 879
148 880
123 441
95 580
822 895
893 909
307 400
175 493
423 637
54 670
20 68
106 437
536 592
440 646
608 646
438 813
578 825
71 100
208 334
356 467
72 525
313 559
117 635
4 250
24 536
263 700
94 849
109 158
683 793
395 533
542 724
233 741
246 779
279 959
161 306
250 764
178 828
340 849
63 877
496 928
27 201
48 220
356 449
551 590
634 715
9 811
499 897
849 987
303 672
678 709
640 811
499 891
89 888
81 172
121 250
113 392
238 490
70 844
573 861
233 237
67 370
26 397
44 551
292 621
43 672
635 676
686 841
120 862
737 916
854 943
568 983
225 414
51 586
558 682
552 828
92 944
62 379
397 559
559 573
793 803
593 827
226 923
48 584
566 605
229 677
537 774
269 783
34 787
409 849
476 855
91 957
250 394
243 410
465 753
59 947
15 148
81 148
257 805
506 872
361 892
43 324
294 326
443 621
420 636
497 714
322 732
387 579
419 852
437 867
88 936
263 967
28 398
259 501
470 568
482 645
192 797
454 911
60 921
695 988
492 507
82 568
399 642
260 883
117 956
18 114
126 514
164 565
401 882
52 75
105 738
90 856
104 128
113 200
176 208
93 364
510 531
483 804
216 813
528 845
558 928
249 357
265 408
493 507
290 866
311 528
63 856
196 340
334 374
249 763
237 946
692 982
266 999
27 83
313 337
398 655
594 712
174 857
443 866
685 940
193 413
228 678
579 942
371 948
228 993
316 458
430 576
228 692
28 760
542 973
176 377
79 648
288 665
396 758
732 834
56 905
297 298
114 331
204 376
347 496
400 555
117 676
601 732
83 918
149 394
235 436
532 706
9 953
70 447
224 665
614 869
188 887
297 920
317 969
105 408
79 419
133 437
265 543
755 788
650 873
487 974
90 361
21 672
414 711
62 912
86 931
159 222
739 819
199 954
124 143
253 598
274 641
470 906
65 442
76 942
16 85
7 256
195 716
106 951
352 531
490 664
137 699
371 920
304 310
309 377
368 405
359 457
229 460
312 513
38 655
165 689
300 700
490 717
366 724
208 920
162 934
375 999
42 66
143 439
155 502
170 509
106 520
137 624
582 822
268 910
291 294
193 584
670 721
685 752
465 771
321 830
519 886
333 913
9 67
91 323
526 598
17 692
836 882
340 984
341 469
197 582
706 730
533 883
28 983
50 129
347 753
788 882
285 380
391 771
716 871
172 880
18 954
74 228
160 762
499 965
769 973
466 781
364 785
389 911
71 959
300 979
223 253
319 834
376 941
353 622
258 818
292 879
386 928
324 562
292 624
135 634
460 677
319 681
102 704
284 730
97 736
114 766
494 942
20 961
115 976
588 989
174 461
457 941
758 955
88 167
189 305
187 372
268 455
76 591
457 968
130 566
461 630
100 777
209 227
268 599
425 721
156 829
460 552
604 908
271 929
768 998
231 376
151 552
378 571
96 771
364 772
800 824
62 873
787 898
55 933
179 260
96 558
64 821
780 876
352 894
680 906
133 951
401 707
89 806
447 853
458 938
66 630
666 754
968 994
205 342
191 383
424 590
198 776
602 785
104 970
286 290
223 320
77 372
591 618
511 956
862 969
95 512
526 562
174 620
562 672
197 684
476 908
226 452
61 534
260 264
152 397
507 632
63 663
818 857
258 988
556 897
196 961
98 991
103 130
105 265
100 279
126 309
40 360
210 491
3 578
737 793
740 807
167 936
834 964
39 212
249 344
439 525
446 667
328 679
44 735
301 403
1 415
42 461
407 461
273 528
373 606
436 903
130 131
571 603
443 617
457 650
511 676
301 937
349 941
667 702
161 795
276 293
269 413
245 446
116 593
646 668
388 708
424 864
556 876
219 489
594 603
12 605
99 733
261 795
535 997
309 334
372 536
285 728
120 801
198 811
179 883
353 886
442 933
741 946
409 984
30 176
218 444
109 617
471 878
138 935
94 241
280 477
290 621
734 737
814 865
460 970
705 985
104 229
196 519
477 525
526 644
601 712
841 943
818 988
162 689
618 810
473 982
17 74
20 241
39 264
59 439
344 463
398 470
57 534
53 590
374 743
836 890
204 933
25 27
75 141
145 781
429 793
648 846
88 213
82 249
215 345
297 374
438 634
323 890
249 463
474 515
230 542
689 835
727 959
357 506
237 600
485 670
571 681
124 139
328 480
48 545
607 822
385 990
144 575
579 655
74 678
377 920
31 992
59 207
14 250
283 527
82 680
170 774
197 822
781 832
653 885
750 867
109 286
208 309
295 351
583 685
710 725
36 781
307 808
2 910
603 922
239 985
225 711
747 976
90 545
60 763
352 783
254 816
561 931
387 623
476 656
446 702
322 712
514 713
289 741
714 785
750 829
509 843
291 969
366 973
187 985
312 321
178 552
180 560
101 818
619 821
177 448
361 663
655 760
59 893
73 904
799 939
46 72
58 173
348 617
391 751
528 837
50 849
658 768
412 855
777 959
7 268
16 415
270 470
363 661
629 708
102 830
319 964
86 278
190 433
294 481
437 520
69 561
164 574
649 680
502 688
100 727
595 805
689 850
714 850
75 909
101 988
172 190
250 396
529 822
540 897
860 921
700 967
585 682
683 803
259 263
286 443
483 645
767 929
402 443
81 880
587 880
75 893
684 895
59 962
75 962
226 257
6 573
7 599
245 702
132 839
306 384
290 402
496 585
647 726
87 777
288 847
182 577
262 616
158 443
838 847
414 937
890 957
108 263
319 812
421 852
61 107
161 385
131 566
92 583
108 700
222 723
350 744
192 868
529 900
72 909
618 756
153 815
273 845
325 548
270 760
52 439
483 693
25 740
52 141
739 777
55 873
79 242
30 316
108 503
116 686
307 876
18 917
585 928
308 930
70 853
37 117
82 344
128 460
75 477
194 703
417 705
481 827
36 832
438 853
456 988
87 279
162 422
375 507
310 539
496 558
58 709
423 895
145 232
16 479
579 760
145 832
628 870
48 856
322 964
204 349
392 450
23 452
253 569
480 657
212 883
452 895
601 964
42 988
511 635
681 712
933 998
36 999
298 371
256 455
338 480
354 510
112 678
90 736
738 757
518 788
38 924
747 940
728 944
261 276
491 523
681 732
149 472
469 528
23 805
261 306
435 459
218 502
63 671
70 99
24 187
50 241
41 355
133 520
400 876
869 934
467 530
450 847
431 927
429 683
661 701
364 714
759 957
947 962
116 329
386 682
476 767
378 812
519 849
439 909
520 951
311 469
483 705
162 714
602 772
344 568
479 729
304 920
196 409
15 587
502 596
508 736
502 779
758 818
542 823
893 947
27 963
440 580
495 631
520 889
111 899
5 446
442 522
290 617
897 965
276 990
20 94
389 560
172 587
280 947
390 449
17 678
338 702
850 934
869 956
327 351
261 385
93 497
527 605
374 920
509 790
389 975
158 292
465 496
207 525
227 800
720 845
186 847
552 881
568 924
464 490
336 641
530 707
354 769
605 786
60 860
422 869
960 969
10 93
252 309
549 696
293 428
315 512
412 656
347 682
493 781
155 183
444 489
55 912
447 733
221 454
361 508
583 728
217 783
630 988
359 404
751 796
93 330
249 506
827 943
99 503
804 985
640 776
3 825
807 918
75 950
468 647
55 968
69 367
49 413
108 488
16 528
398 669
558 753
65 873
417 985
24 487
289 861
802 927
24 77
110 163
38 270
202 427
75 439
239 536
197 637
641 723
390 755
73 866
90 877
252 885
662 914
135 216
269 352
452 805
463 872
62 968
744 970
285 361
202 500
403 547
102 896
768 925
515 548
646 996
71 138
21 577
508 671
101 695
162 835
836 859
181 425
470 983
149 764
727 819
740 918
277 522
182 658
503 700
442 874
780 897
253 282
113 325
175 375
98 451
275 586
146 643
324 658
561 696
0 697
559 741
703 849
593 854
671 892
822 900
140 915
739 959
633 963
229 552
62 650
407 652
393 719
771 928
146 191
127 218
66 652
404 712
616 914
23 238
135 447
302 712
177 773
350 848
267 341
246 489
228 643
673 747
557 972
177 204
731 808
918 954
454 619
445 766
448 873
170 271
66 620
617 624
423 684
321 800
634 813
825 870
164 880
90 892
539 920
55 941
576 971
703 984
96 682
647 863
459 991
145 185
177 376
99 438
95 499
102 659
544 740
112 819
529 895
821 911
216 715
415 845
276 385
475 700
626 797
413 894
36 375
440 608
129 622
55 457
449 467
257 664
177 873
94 886
350 970
139 150
73 402
397 487
368 563
629 651
181 670
279 819
817 922
539 948
291 416
463 506
401 518
201 544
423 607
219 816
250 820
355 847
736 892
637 900
141 909
52 59
104 118
64 180
236 274
55 376
580 646
175 832
881 959
378 381
386 391
169 562
174 652
856 877
859 890
250 955
158 290
123 427
83 199
180 454
258 620
538 686
50 886
143 893
517 566
348 621
333 687
27 918
132 532
487 536
378 681
279 828
102 140
52 207
55 448
203 523
219 642
235 825
330 364
197 607
228 709
268 750
121 758
571 817
729 845
95 965
66 101
711 792
129 961
217 230
244 356
487 516
336 599
123 603
455 910
778 976
148 432
59 660
186 392
270 568
23 717
366 823
370 826
79 858
683 916
549 931
466 960
75 207
161 240
392 838
176 309
64 454
120 466
19 468
440 512
370 713
19 888
761 955
488 967
326 969
620 988
123 817
199 917
12 103
128 168
222 336
313 573
180 619
112 692
361 877
288 977
314 490
33 267
92 380
308 384
337 592
100 739
514 826
211 613
821 901
94 129
658 672
13 699
418 948
381 957
13 510
78 515
450 746
7 336
350 552
329 686
384 795
940 976
438 503
265 609
83 740
391 558
270 579
337 741
328 746
180 749
682 771
478 987
129 196
208 374
540 808
684 900
169 598
259 623
528 720
87 727
410 738
47 856
592 861
31 878
65 912
901 927
289 936
814 936
143 962
302 964
68 987
52 72
51 224
205 345
519 701
312 896
732 964
372 487
730 839
525 947
41 224
203 267
350 473
320 526
26 573
677 871
207 909
12 283
352 354
334 371
430 589
35 638
582 684
189 905
805 875
782 985
178 848
327 367
354 413
504 787
786 853
474 548
627 914
635 956
540 556
129 886
664 923
374 377
419 421
325 583
407 620
183 688
410 757
525 796
337 861
291 862
20 987
487 592
314 593
76 669
101 955
399 816
282 799
867 910
457 994
219 246
120 294
206 339
304 371
234 426
437 521
96 753
312 833
671 856
49 877
37 511
315 580
557 813
359 941
374 948
511 772
825 903
177 912
564 967
795 990
164 190
447 715
676 785
95 315
273 415
121 394
163 471
127 489
475 634
453 680
239 705
467 788
41 831
477 962
39 260
217 531
521 553
266 832
374 930
925 998
211 272
383 643
470 655
150 950
123 147
158 348
48 413
357 453
372 516
509 537
115 685
546 738
78 823
448 912
880 986
121 149
327 696
411 859
214 286
147 427
312 830
310 948
849 961
118 119
50 340
94 340
168 460
495 527
89 581
433 587
271 774
116 841
422 850
69 278
756 810
175 632
153 794
439 947
652 988
303 577
533 654
174 695
509 736
194 849
277 907
503 967
538 610
174 630
604 656
238 664
42 174
56 305
241 353
331 445
452 595
455 599
600 741
149 820
584 856
626 868
59 143
303 526
66 695
606 729
82 872
312 935
188 281
21 586
490 595
223 598
241 701
657 747
522 773
221 777
215 806
631 809
161 902
538 932
468 991
31 167
501 564
45 811
507 832
622 886
477 893
176 316
676 772
276 795
201 807
146 993
175 999
151 848
797 868
668 891
321 935
307 499
41 665
594 681
812 834
332 455
92 285
298 304
81 432
23 490
183 779
633 807
452 822
707 836
646 891
761 898
870 903
574 989
24 239
212 260
72 477
144 584
119 629
279 739
101 761
95 765
78 769
400 808
20 849
133 867
8 868
699 894
441 922
204 925
689 934
811 953
796 962
233 289
142 538
6 592
387 942
932 949
1 311
492 632
87 881
308 743
182 768
242 852
796 893
398 924
261 930
184 629
479 845
100 881
250 758
45 67
171 373
356 411
42 456
352 553
422 689
334 743
63 892
476 929
865 936
124 950
293 971
634 972
344 983
294 416
430 971
48 49
282 320
132 421
304 539
439 796
742 806
568 906
179 264
514 885
252 377
113 752
726 863
576 981
936 992
41 288
6 289
757 851
238 595
356 755
839 852
66 258
297 418
238 464
210 523
53 551
401 732
669 756
175 781
628 903
470 924
6 31
331 504
263 564
218 596
98 647
431 821
79 80
4 149
96 173
49 545
104 552
38 623
20 661
378 732
671 790
666 825
819 848
20 886
731 897
611 972
230 724
279 727
152 573
3 206
200 325
417 471
562 598
365 698
666 724
835 850
583 940
927 986
252 316
90 508
386 753
760 942
777 975
624 699
599 723
199 740
155 218
194 409
563 770
380 944
289 946
263 979
407 630
147 697
464 717
371 743
642 816
24 516
653 713
736 790
207 796
373 845
106 867
344 872
912 994
147 550
183 596
59 909
479 606
3 666
31 865
695 758
205 806
355 831
11 949
398 983
15 190
447 503
482 622
17 749
34 761
148 172
65 204
136 491
569 679
769 783
138 791
423 822
91 974
982 993
208 371
441 550
125 602
456 630
664 717
98 888
38 942
339 973
96 434
317 481
60 872
177 968
848 982
33 210
208 252
396 761
259 979
49 193
203 610
309 653
447 813
262 914
200 450
433 588
401 812
581 863
5 328
239 372
386 434
180 570
89 647
338 667
314 827
51 831
177 941
232 266
384 385
115 673
265 738
706 839
158 866
420 965
438 972
958 981
74 982
38 983
151 350
307 556
113 847
135 853
55 204
557 605
957 974
113 977
163 482
673 778
91 859
918 963
801 969
171 479
128 677
239 782
174 988
423 582
139 660
512 765
457 912
42 258
381 732
415 837
2 268
157 450
468 726
495 786
334 920
101 396
330 602
611 634
292 699
704 915
245 338
486 504
595 717
2 750
579 924
573 992
302 378
350 460
163 483
216 611
614 635
529 637
306 990
183 218
41 275
95 646
536 782
48 877
352 879
506 921
207 947
129 241
178 350
130 605
813 853
757 884
409 987
44 590
231 251
42 407
492 493
572 591
591 742
101 758
277 768
645 776
403 860
656 929
176 938
330 497
494 623
205 647
481 841
213 936
298 948
28 494
258 630
375 720
180 821
58 228
77 516
75 525
678 749
759 890
340 360
404 628
585 775
185 266
0 462
402 547
55 773
302 812
16 845
345 888
92 940
289 992
386 496
258 652
186 746
332 910
60 357
188 362
245 657
218 688
377 885
809 991
257 582
559 592
7 723
298 374
737 803
148 986
103 527
568 655
657 667
283 495
63 736
621 904
294 943
560 819
984 989
553 699
511 714
434 771
25 807
773 874
149 153
15 164
218 246
119 264
51 275
52 280
101 456
25 544
214 547
76 581
389 619
621 624
503 715
121 764
636 765
71 777
66 818
53 864
457 873
78 973
371 377
99 488
417 536
159 659
543 738
621 866
217 354
317 416
255 606
347 928
74 173
158 402
447 634
116 142
341 479
465 585
345 647
124 660
511 785
572 810
365 953
703 987
482 483
283 611
512 646
307 668
361 671
20 50
259 300
64 389
13 413
113 450
313 592
62 994
591 669
829 867
28 470
260 533
829 910
150 207
70 611
38 760
177 442
258 461
478 519
11 538
453 649
87 739
206 754
285 892
709 982
75 280
361 545
299 687
43 182
554 963
150 660
521 690
446 747
185 841
400 891
157 186
190 588
95 891
143 950
421 706
139 758
322 834
99 844
196 241
273 375
405 607
358 649
261 743
302 834
559 861
590 864
383 993
17 58
119 128
84 260
400 668
357 674
184 708
144 719
692 749
76 756
147 922
149 250
224 355
535 638
658 925
70 438
355 977
857 988
873 994
302 571
289 600
264 677
473 744
445 787
57 61
220 413
313 487
398 579
113 685
269 699
540 780
530 882
510 894
578 903
446 480
531 769
726 844
656 908
228 473
352 510
88 865
701 961
238 257
193 269
273 311
508 625
463 763
199 807
624 879
808 897
158 904
174 188
557 566
571 594
531 699
23 226
113 583
649 706
421 730
554 820
401 836
3 870
208 948
481 969
13 137
84 264
103 517
255 638
455 690
516 782
565 989
319 378
648 852
383 388
413 769
555 876
657 702
601 834
379 994
18 199
68 519
489 779
39 195
292 443
644 914
94 409
145 493
137 531
335 735
663 856
731 876
104 168
117 772
707 834
185 943
256 336
41 569
334 885
519 987
397 536
429 737
732 759
540 876
727 975
94 987
277 998
99 108
127 502
135 503
529 582
176 920
59 141
276 306
55 349
332 437
177 457
501 623
116 827
190 880
256 910
27 199
250 472
133 500
568 680
255 729
221 899
698 926
259 967
111 287
247 343
12 495
58 692
712 817
521 889
93 125
323 836
793 916
280 408
426 691
602 714
257 717
41 838
232 841
891 897
271 908
103 131
7 274
177 349
28 387
318 492
500 550
168 552
157 752
580 765
419 839
506 860
82 906
148 927
178 959
372 974
95 996
88 289
846 855
585 966
361 380
393 575
173 709
169 303
68 363
319 401
444 502
380 583
234 691
729 837
442 907
182 324
193 545
535 636
97 856
617 879
834 882
72 980
70 283
108 564
536 573
43 768
375 781
200 838
294 862
204 231
240 385
902 990
203 210
378 759
604 767
4 121
144 220
47 545
546 757
496 771
693 776
441 817
321 833
376 933
589 958
24 974
240 990
186 200
64 570
303 586
773 998
277 346
266 493
300 967
36 266
85 415
129 519
164 567
99 611
118 651
176 885
72 962
77 985
472 554
443 624
420 765
226 595
244 632
351 549
137 879
234 907
824 979
187 239
456 642
55 650
278 696
307 780
103 786
164 986
507 999
17 173
205 942
85 949
127 219
11 329
320 569
402 621
717 822
170 843
279 848
281 857
511 869
195 871
208 885
280 909
74 993
400 540
499 556
264 651
61 725
577 768
112 982
102 111
188 461
634 700
165 714
294 854
917 918
230 973
59 477
163 693
121 396
363 478
609 738
65 968
209 300
272 475
607 895
582 923
21 43
753 771
577 925
295 931
842 939
50 409
151 959
169 320
411 467
464 593
468 809
669 942
367 561
305 563
146 744
277 874
329 932
475 613
215 725
30 885
352 624
569 838
410 851
236 945
59 150
485 702
735 794
681 817
165 869
231 941
142 943
947 950
340 987
190 989
156 236
146 388
168 473
296 708
733 853
63 508
509 671
664 805
91 836
649 906
570 911
344 924
22 945
20 196
82 357
388 744
67 811
715 853
118 229
102 513
342 726
290 624
707 755
137 783
72 893
889 951
65 998
219 444
301 860
334 930
118 128
76 205
6 337
475 503
532 626
260 651
72 796
6 936
126 252
29 831
14 149
219 254
306 308
332 521
135 557
379 650
174 818
271 843
659 899
385 902
49 498
24 592
513 800
653 826
540 965
161 308
244 390
82 470
424 551
292 553
14 554
7 641
128 744
31 861
452 900
22 462
526 672
85 267
342 494
476 604
415 720
269 769
554 807
397 861
217 973
160 172
191 382
325 392
370 514
317 862
109 292
103 557
638 729
679 746
518 890
17 112
96 496
169 672
746 838
237 861
134 461
482 776
607 900
196 987
47 413
790 856
84 883
369 461
145 466
152 741
401 759
425 939
840 978
661 987
10 364
173 465
560 739
389 749
79 846
207 950
118 460
562 577
189 745
675 750
30 938
21 182
204 768
330 798
377 948
301 547
186 569
29 666
760 924
73 290
150 439
570 619
83 633
333 639
132 706
247 735
835 869
539 938
73 455
75 660
348 699
389 739
93 785
157 838
230 339
541 627
358 680
76 760
238 822
120 317
164 433
439 477
405 529
696 931
784 981
510 769
339 823
773 873
47 144
127 183
137 292
147 441
379 530
172 574
113 746
288 831
841 854
578 628
27 633
603 681
474 769
572 806
217 823
740 963
290 292
209 800
808 891
448 522
10 602
97 877
701 886
16 311
494 655
227 979
46 391
214 402
451 468
99 634
774 790
43 303
30 309
145 375
288 392
331 486
35 720
763 860
372 985
221 389
736 856
547 866
275 569
513 935
322 812
466 999
240 306
413 515
35 837
357 358
360 409
451 459
106 521
206 542
97 545
462 762
492 781
193 856
362 857
18 918
828 959
234 346
390 411
271 656
873 933
120 291
456 652
699 783
681 812
235 870
430 958
177 998
226 582
215 534
278 549
253 679
232 943
326 416
739 975
59 525
594 601
196 703
557 715
117 785
237 936
230 951
142 232
196 886
769 894
28 942
222 659
125 491
86 561
9 640
21 526
172 565
71 791
439 950
142 185
194 340
60 463
157 480
269 510
170 604
283 605
570 748
470 760
331 978
592 992
31 88
56 329
289 337
25 458
95 540
262 541
154 638
401 788
659 830
125 203
240 384
413 531
78 548
26 592
325 977
964 994
518 530
220 856
442 873
436 941
875 981
191 388
574 588
534 888
677 970
88 237
71 279
200 288
272 300
819 959
36 632
307 897
411 836
371 930
342 942
121 124
632 636
87 828
860 915
861 936
265 382
82 453
322 571
585 748
139 950
376 998
119 260
255 373
322 378
418 539
488 564
235 578
176 334
322 594
471 705
419 706
466 801
168 848
80 855
448 874
617 904
217 769
474 823
229 828
71 881
0 945
911 975
709 749
117 869
765 965
10 11
41 186
124 207
29 224
139 250
341 415
391 434
387 564
571 601
470 680
449 755
91 759
601 812
799 842
518 859
60 915
166 262
230 366
298 418
387 655
256 723
26 741
800 935
137 521
241 622
112 709
13 769
100 178
297 310
214 866
711 937
66 174
401 964
38 398
295 561
30 789
641 802
687 914
28 568
486 761
125 785
245 747
116 854
487 957
183 444
342 647
319 712
240 795
447 844
164 172
13 217
361 736
178 819
58 993
153 335
356 420
370 653
440 668
450 977
85 203
437 690
204 773
355 838
43 919
231 925
359 994
24 985
39 118
65 376
230 510
455 750
55 442
378 601
581 647
685 746
800 896
113 186
198 353
926 990
28 669
612 691
633 820
875 923
40 984
572 756
390 420
549 561
302 594
698 902
214 904
137 510
411 518
251 586
724 754
647 888
193 894
306 902
131 212
459 468
459 631
565 880
59 124
216 438
122 461
285 508
27 544
398 568
289 573
303 598
389 727
383 744
136 785
223 799
257 822
71 833
788 836
317 854
248 867
82 983
196 984
128 350
838 977
501 979
34 504
614 676
762 945
579 983
15 986
591 810
106 500
108 300
319 381
236 462
136 602
293 615
348 624
245 673
413 783
497 850
453 872
379 912
100 151
742 810
617 866
206 366
609 757
714 934
224 275
570 966
87 178
160 213
254 489
249 568
277 773
551 789
288 838
852 858
437 951
121 955
787 978
208 297
79 421
221 727
84 195
73 443
308 795
532 839
576 990
60 249
24 417
359 650
626 730
551 735
486 766
39 883
643 982
224 288
339 754
111 830
137 894
773 912
173 928
552 970
324 526
289 559
216 605
166 627
579 669
220 269
545 584
282 598
674 711
453 763
110 804
762 814
818 955
353 961
4 396
100 828
257 895
174 281
104 350
14 633
432 802
98 809
314 854
562 586
325 728
310 920
40 129
185 481
426 555
503 611
240 698
573 741
445 761
326 862
284 906
342 387
301 414
283 447
85 610
456 620
541 662
339 666
473 678
855 858
384 902
912 933
448 968
548 977
73 109
685 747
752 940
118 260
128 651
58 678
97 285
325 380
76 579
667 747
332 750
719 767
507 781
248 829
104 871
381 890
637 895
773 907
427 922
237 337
357 463
589 784
99 853
361 856
855 908
43 913
32 247
239 471
211 700
163 705
450 752
46 796
417 804
80 852
608 891
625 892
672 913
681 964
342 581
117 714
430 784
460 871
199 963
729 997
435 495
441 603
248 675
230 823
273 832
795 902
878 992
17 228
203 341
148 431
75 143
87 151
98 459
307 555
557 611
488 623
480 746
22 81
141 525
452 875
238 923
89 205
115 657
335 751
332 867
848 881
91 516
15 565
93 772
741 861
514 864
760 983
48 63
81 160
724 973
237 559
242 648
304 374
74 643
570 775
556 891
442 912
186 977
978 995
112 180
326 481
594 628
315 636
29 665
186 679
17 748
134 369
445 504
107 710
252 938
354 823
827 841
598 644
567 775
640 953
313 957
207 477
236 675
243 738
494 760
181 702
499 808
244 859
821 986
132 284
309 514
286 547
363 701
388 629
151 819
941 968
58 643
438 733
510 823
241 849
527 853
504 898
209 272
126 424
300 475
46 525
396 818
113 838
139 149
212 264
277 442
408 738
64 901
712 964
83 201
620 695
171 729
155 779
487 782
37 785
749 819
118 871
690 910
893 950
67 953
197 452
362 660
345 863
372 592
553 690
499 780
102 159
297 539
279 552
676 956
473 993
479 528
123 594
338 747
513 833
379 968
169 324
381 401
359 436
441 594
182 672
229 716
735 815
469 845
620 857
570 901
717 923
45 384
21 658
417 782
478 849
875 926
792 937
267 949
99 967
246 502
667 673
354 699
301 711
112 739
1 16
277 691
876 891
31 289
6 559
284 649
437 750
71 828
262 842
2 867
184 296
372 417
107 534
152 592
569 598
92 685
505 837
431 880
332 889
687 913
116 943
478 961
477 980
182 998
95 440
472 633
419 648
545 663
574 880
468 888
294 960
101 258
108 259
434 465
796 909
355 392
271 509
320 562
15 574
540 668
552 677
100 819
720 832
379 873
14 121
487 573
545 671
373 837
160 814
698 875
278 295
12 566
49 474
406 563
300 613
742 756
891 965
510 973
560 678
950 962
85 311
152 378
36 466
82 763
6 397
244 467
217 542
200 548
215 581
235 628
166 662
282 679
452 684
68 849
614 934
593 943
141 962
623 967
608 996
297 377
469 479
275 598
211 634
503 813
215 647
713 864
64 431
177 650
18 766
279 777
492 832
621 879
451 888
376 457
416 466
67 826
2 256
72 434
124 439
450 679
390 530
159 704
56 798
311 845
395 883
582 607
311 720
86 291
297 334
257 490
4 554
489 642
69 645
94 701
53 789
363 864
619 901
943 969
99 135
202 248
340 519
628 712
319 759
725 888
129 353
241 478
218 489
351 561
579 623
42 695
37 772
631 844
435 468
133 521
176 539
540 646
452 717
418 920
10 932
849 984
692 993
238 452
367 776
460 828
750 889
141 893
204 941
474 973
961 987
201 458
1 469
96 585
442 691
684 717
396 764
755 882
317 943
249 453
9 370
85 528
450 569
328 752
213 762
387 924
68 961
701 987
87 138
6 237
142 329
18 331
16 373
30 377
375 492
187 516
402 617
108 634
622 776
759 834
672 919
114 954
588 984
14 396
263 503
27 554
341 949
492 999
73 547
291 801
560 911
899 975
133 248
105 546
434 558
54 702
50 987
267 491
327 561
581 591
603 712
31 814
37 956
276 971
461 988
186 355
121 820
7 910
678 993
256 750
231 436
596 779
19 215
16 267
274 336
329 538
242 649
323 957
261 308
102 321
2 437
518 755
328 799
449 859
147 202
128 296
318 323
251 577
679 838
359 968
703 989
442 998
53 126
10 497
208 539
431 619
25 633
335 796
687 919
298 920
349 933
926 981
9 198
347 465
353 640
143 660
110 705
806 888
291 960
119 677
349 925
281 660
5 702
880 901
622 961
21 169
200 355
141 408
162 497
583 752
186 288
112 389
72 439
66 461
187 536
413 584
158 624
655 669
275 831
41 847
357 860
812 957
206 230
266 375
43 562
345 742
448 998
109 624
630 695
611 733
264 883
30 208
68 241
238 314
174 362
286 621
622 693
674 763
734 916
547 937
204 448
565 588
560 727
546 851
581 942
111 159
253 526
49 548
782 974
349 998
341 528
686 943
581 742
594 922
504 766
76 806
216 853
125 364
290 690
143 796
183 246
120 266
26 487
23 582
895 923
334 948
121 150
111 222
85 538
123 550
663 877
270 669
350 881
589 971
33 203
82 463
132 626
99 715
148 901
398 906
306 930
4 955
1 375
202 441
10 798
45 365
688 779
663 790
239 804
242 421
37 614
515 769
542 769
175 266
283 438
185 466
319 571
81 587
600 697
515 877
331 898
437 910
17 982
187 417
270 494
591 806
143 815
673 940
232 481
220 545
71 727
555 808
43 925
376 925
315 965
89 98
84 131
463 501
553 617
571 712
590 735
554 764
90 790
783 823
479 837
193 877
882 890
766 898
863 942
180 975
204 251
298 743
364 850
655 942
140 159
31 213
219 399
344 501
454 560
311 837
315 420
223 526
46 771
553 879
220 894
261 990
6 536
819 881
403 937
265 280
275 562
452 664
649 674
192 532
589 990
196 360
404 594
122 652
604 774
759 836
744 848
243 887
430 981
105 609
426 907
156 248
94 478
83 554
162 869
523 949
576 958
340 961
315 996
158 286
19 459
611 786
679 799
380 877
876 897
415 479
98 726
232 781
381 834
494 924
837 997
154 255
36 145
481 593
238 684
393 792
461 857
971 990
30 126
34 331
78 366
314 717
206 825
182 303
163 645
795 930
12 130
251 349
560 692
67 713
614 714
493 720
505 729
571 732
480 752
645 804
294 827
476 858
466 862
217 894
96 391
280 543
170 736
451 809
150 893
151 168
62 448
772 850
758 857
41 450
341 523
88 600
493 632
499 646
612 907
98 215
232 466
104 119
344 763
52 796
23 822
538 841
209 613
307 646
855 929
521 624
221 739
46 751
66 857
669 868
547 904
48 90
25 554
360 588
161 990
234 522
524 757
361 728
846 852
591 942
700 979
21 275
26 378
125 523
239 592
535 765
473 819
293 990
55 998
309 374
718 884
182 204
134 407
157 569
411 755
518 834
16 837
826 864
354 973
137 354
219 456
217 520
422 614
303 658
704 830
72 947
25 83
91 381
391 465
421 532
216 566
431 570
659 896
763 921
68 94
275 303
270 387
273 493
467 707
444 816
105 410
76 494
257 875
124 149
22 172
126 334
316 789
77 974
232 999
624 690
115 752
599 910
337 992
344 357
178 473
558 585
166 842
138 312
148 587
629 718
702 721
318 859
704 896
168 178
137 269
120 326
325 498
297 743
246 816
552 871
822 923
466 969
360 989
394 396
349 436
412 476
541 616
249 680
170 929
33 136
261 293
320 644
17 966
819 982
292 352
15 432
151 460
488 503
284 626
34 766
618 806
593 841
326 854
536 861
432 927
201 963
237 992
76 618
488 733
350 828
384 953
170 537
565 567
138 613
652 695
656 767
185 781
604 855
150 962
35 273
274 723
217 352
44 794
124 153
674 680
277 933
473 692
422 714
323 974
756 868
522 933
516 957
259 700
305 770
128 229
400 556
242 706
435 844
69 931
486 978
17 560
45 640
379 731
7 750
476 846
780 891
93 136
81 190
275 320
274 432
65 457
349 457
30 458
32 496
404 601
360 703
392 746
125 772
500 889
650 941
583 944
14 955
647 806
412 846
150 153
145 311
70 631
35 636
379 788
681 834
46 386
121 472
85 479
263 501
424 514
409 519
131 605
420 632
295 664
346 722
678 848
675 867
226 895
567 966
271 537
469 538
32 558
552 848
571 922
587 986
49 78
134 174
288 450
182 586
517 605
562 644
72 694
520 867
47 49
21 251
234 277
258 281
327 365
125 497
377 539
509 663
712 732
173 748
65 941
161 261
201 633
505 720
136 523
287 659
126 377
143 525
726 733
163 878
237 573
126 713
162 772
678 819
764 955
103 216
252 334
151 473
283 631
312 777
719 908
521 951
229 970
272 979
120 185
77 239
59 280
355 450
298 615
676 714
535 720
889 910
403 915
538 949
388 970
92 115
13 193
313 381
371 418
80 476
844 853
21 598
403 921
261 298
4 633
223 679
94 703
690 889
890 974
255 997
186 752
136 772
110 776
467 518
225 937
119 970
323 411
398 942
344 506
139 143
405 423
179 533
189 563
136 676
443 690
391 796
221 312
12 853
161 926
308 385
115 446
353 519
115 583
65 650
578 666
456 695
88 762
800 830
118 970
449 518
619 975
888 991
251 768
745 798
724 823
695 955
322 404
248 889
38 564
527 566
475 715
454 727
540 731
582 805
800 833
198 953
286 455
280 484
356 530
315 535
224 586
47 877
40 196
42 642
671 877
268 332
50 622
369 652
159 723
205 726
498 769
933 968
7 455
291 481
367 696
353 776
317 827
490 923
740 952
72 207
300 564
87 819
362 950
580 891
142 481
189 607
272 700
268 829
201 918
783 973
152 381
120 481
399 489
108 623
630 642
570 749
353 811
203 932
686 932
136 203
51 251
253 275
128 552
454 739
30 53
263 623
791 828
79 839
665 847
42 857
309 920
154 997
404 436
122 620
652 857
317 960
128 388
1 729
246 787
693 804
464 827
40 878
82 924
326 931
361 944
614 772
274 802
500 867
193 354
174 407
178 460
152 487
248 550
441 628
767 855
140 921
697 922
660 947
342 488
400 780
531 823
291 931
267 479
170 671
25 963
65 349
189 464
366 769
777 819
644 913
112 228
270 344
499 580
283 733
333 722
313 741
106 248
244 492
251 658
392 752
390 788
234 874
111 896
95 897
324 913
613 935
223 644
617 699
659 704
708 718
571 812
674 872
114 917
68 194
221 287
477 484
375 632
582 637
896 935
536 974
536 985
52 143
169 223
347 775
228 848
158 879
675 910
11 93
47 269
302 381
194 478
337 487
77 536
294 801
494 863
447 972
63 285
449 632
736 774
630 857
185 999
378 603
387 760
271 790
660 857
164 901
19 89
268 336
307 608
797 810
620 818
112 848
71 935
52 950
658 998
36 318
270 906
100 138
40 340
466 832
448 907
709 993
497 511
5 157
19 647
129 849
148 164
329 841
58 982
210 267
324 586
806 863
276 428
347 558
283 813
44 815
302 817
653 864
483 985
11 203
26 381
449 788
13 879
204 442
105 757
634 967
419 649
396 695
623 924
64 975
105 243
48 269
162 364
607 637
425 702
89 725
563 798
454 899
404 903
169 913
597 939
125 949
500 951
83 954
173 966
86 326
263 475
358 763
690 867
46 980
587 989
510 521
776 811
404 964
906 983
65 522
411 788
266 960
373 638
557 853
141 439
347 567
42 818
35 845
101 857
865 878
849 886
933 941
498 977
183 978
909 980
217 269
344 470
460 744
287 454
323 516
325 685
358 711
330 714
751 771
605 853
188 857
26 957
92 976
223 569
584 790
19 809
589 926
171 255
473 643
727 881
461 887
366 754
566 786
284 839
143 947
251 376
203 491
329 593
156 750
219 779
143 794
701 849
739 881
33 125
104 264
369 620
401 890
191 643
93 714
6 741
697 946
126 176
205 494
329 745
144 790
138 272
43 299
510 520
394 554
633 764
601 817
26 861
109 348
456 818
389 821
812 964
164 431
458 544
580 608
122 630
879 894
191 484
357 680
432 880
494 564
110 622
198 622
613 791
535 837
836 957
40 50
210 602
658 919
258 362
216 634
519 661
16 729
397 741
127 816
272 935
201 952
853 972
749 982
251 998
129 340
201 554
441 870
369 887
163 804
298 930
24 397
516 536
273 999
44 335
233 559
286 617
5 746
325 847
6 878
873 941
280 525
137 617
597 702
192 730
576 784
126 864
2 889
75 150
332 553
322 817
449 836
221 911
670 939
261 384
139 394
66 642
424 653
50 703
0 762
778 944
1 35
188 258
8 532
593 686
794 796
413 545
270 942
149 150
137 217
467 882
409 961
89 468
1 479
438 557
637 684
295 327
393 767
504 840
877 892
70 135
308 370
311 538
405 684
178 739
690 750
173 753
557 786
99 813
49 856
143 909
619 927
912 941
93 949
758 988
409 989
126 208
290 553
443 553
348 575
73 599
166 616
480 679
488 844
499 876
324 919
501 924
62 65
32 391
222 599
631 733
691 773
754 825
385 926
285 663
112 727
630 818
588 865
64 927
390 965
134 281
116 481
510 553
334 653
207 660
477 694
5 747
49 769
637 784
458 789
850 869
880 927
719 929
878 936
176 948
503 972
515 545
128 629
222 641
11 686
271 767
49 220
394 955
50 984
195 264
635 772
714 869
411 882
120 232
135 283
212 533
405 563
768 933
475 972
74 112
194 196
302 401
236 432
371 539
62 731
505 845
53 885
766 963
580 965
211 300
313 378
217 521
531 553
436 628
258 758
761 787
324 925
210 949
298 428
386 585
400 608
377 743
389 819
7 236
103 283
348 393
1 832
182 231
520 553
613 700
282 842
680 872
124 893
749 911
88 946
281 950
454 777
242 839
536 992
143 153
173 386
91 487
236 829
613 833
568 872
511 934
208 304
392 548
572 581
141 950
185 969
173 585
812 890
296 388
387 488
389 777
356 788
358 872
311 341
326 549
487 559
348 443
258 456
152 957
69 86
323 518
497 676
189 717
751 794
82 358
278 367
187 705
417 592
18 83
42 122
131 179
2 599
344 655
555 691
643 692
71 739
89 863
397 974
55 62
305 798
859 882
175 318
302 603
528 729
739 749
313 861
424 885
543 609
23 895
892 944
10 56
299 672
582 595
379 755
628 825
759 882
47 63
188 620
226 664
651 677
50 701
280 980
303 320
404 457
567 574
464 664
208 743
306 743
541 842
485 939
77 487
263 488
332 520
337 536
553 621
677 716
346 768
635 785
752 838
830 899
114 918
71 178
345 572
214 599
5 752
745 770
152 861
845 997
367 645
613 979
45 161
114 199
271 476
520 690
127 787
217 951
113 548
287 619
670 683
