1000 4097 51.97114584074513 sparse
0 601 492
1 998 355
2 689 992
3 592 385
4 146 247
5 840 189
6 892 710
7 775 18
8 783 773
9 847 422
10 661 772
11 149 131
12 64 29
13 687 906
14 145 863
15 67 19
16 570 173
17 74 499
18 64 523
19 146 247
20 811 624
21 109 581
22 186 566
23 148 420
24 74 827
25 802 324
26 481 333
27 807 415
28 335 747
29 131 216
30 212 463
31 214 555
32 63 80
33 539 7
34 979 703
35 827 436
36 879 504
37 956 255
38 572 802
39 179 211
40 893 867
41 190 319
42 109 340
43 713 627
44 391 603
45 531 83
46 531 332
47 272 197
48 588 59
49 715 329
50 770 4
51 785 650
52 327 976
53 638 248
54 475 722
55 246 806
56 588 823
57 569 864
58 386 678
59 168 540
60 474 47
61 331 387
62 674 638
63 179 241
64 564 317
65 738 510
66 183 343
67 448 113
68 127 283
69 876 548
70 139 523
71 137 351
72 974 620
73 44 40
74 145 635
75 269 391
76 454 586
77 735 736
78 795 709
79 945 742
80 58 198
81 607 522
82 408 850
83 164 116
84 631 114
85 309 988
86 423 74
87 595 398
88 885 448
89 373 484
90 408 808
91 822 407
92 593 752
93 138 476
94 542 349
95 357 485
96 588 837
97 106 337
98 335 653
99 993 431
100 695 717
101 355 469
102 360 242
103 84 94
104 144 984
105 806 493
106 827 266
107 368 821
108 402 611
109 261 817
110 815 456
111 519 472
112 515 599
113 530 612
114 162 594
115 912 325
116 270 883
117 452 729
118 211 629
119 988 35
120 53 774
121 494 749
122 611 489
123 501 573
124 37 775
125 92 612
126 531 527
127 175 628
128 429 444
129 778 303
130 995 9
131 305 895
132 395 556
133 260 371
134 297 255
135 37 897
136 776 450
137 143 90
138 528 4
139 79 702
140 523 98
141 249 252
142 155 241
143 875 471
144 632 734
145 188 991
146 871 697
147 341 784
148 502 753
149 375 330
150 382 368
151 138 9
152 421 922
153 193 152
154 971 979
155 824 351
156 999 31
157 505 209
158 364 805
159 548 760
160 739 999
161 608 452
162 845 286
163 223 812
164 455 18
165 205 808
166 710 139
167 33 819
168 853 217
169 901 809
170 308 4
171 447 136
172 60 745
173 30 307
174 305 299
175 368 342
176 69 937
177 915 43
178 262 896
179 241 711
180 949 624
181 852 245
182 642 474
183 240 387
184 918 918
185 259 554
186 149 489
187 22 363
188 831 342
189 715 802
190 761 146
191 697 888
192 573 312
193 152 302
194 741 460
195 492 938
196 844 596
197 146 933
198 366 897
199 519 665
200 679 138
201 477 480
202 494 124
203 169 319
204 59 423
205 933 90
206 324 263
207 915 446
208 64 394
209 287 645
210 5 71
211 920 39
212 904 245
213 625 703
214 609 811
215 854 303
216 428 562
217 318 681
218 110 860
219 513 734
220 24 222
221 718 440
222 251 112
223 274 20
224 687 703
225 289 681
226 26 738
227 146 354
228 17 829
229 865 354
230 70 566
231 486 901
232 782 991
233 727 784
234 548 201
235 429 624
236 804 61
237 564 227
238 888 513
239 846 523
240 480 849
241 928 988
242 98 451
243 77 406
244 804 204
245 104 120
246 526 286
247 119 526
248 68 559
249 842 882
250 192 870
251 102 549
252 988 710
253 348 182
254 268 290
255 555 783
256 506 258
257 428 834
258 948 678
259 445 715
260 150 198
261 422 44
262 224 202
263 516 984
264 722 87
265 541 13
266 25 655
267 832 429
268 645 956
269 838 256
270 427 169
271 579 11
272 502 206
273 636 722
274 262 327
275 806 568
276 1000 954
277 360 938
278 292 169
279 128 69
280 317 332
281 374 669
282 123 342
283 526 227
284 491 75
285 186 903
286 960 178
287 825 873
288 732 680
289 982 1
290 884 273
291 696 878
292 97 809
293 464 290
294 250 121
295 94 602
296 840 499
297 303 874
298 375 538
299 95 313
300 241 777
301 682 373
302 905 373
303 689 228
304 836 125
305 258 169
306 918 102
307 423 2
308 873 469
309 209 325
310 679 684
311 403 677
312 613 724
313 572 320
314 337 216
315 673 876
316 891 118
317 10 119
318 533 148
319 664 210
320 657 70
321 248 993
322 543 564
323 812 359
324 758 551
325 758 550
326 703 522
327 368 570
328 802 364
329 209 815
330 117 262
331 938 942
332 274 121
333 542 862
334 754 923
335 781 494
336 521 107
337 58 65
338 869 442
339 658 279
340 306 186
341 776 810
342 890 43
343 606 794
344 679 140
345 961 91
346 15 456
347 717 142
348 23 678
349 446 551
350 813 213
351 842 77
352 724 638
353 184 320
354 693 975
355 17 334
356 729 484
357 474 615
358 743 616
359 999 559
360 744 630
361 925 301
362 308 74
363 970 344
364 781 695
365 34 794
366 490 748
367 261 315
368 404 917
369 388 747
370 988 302
371 671 474
372 732 596
373 99 354
374 54 719
375 318 281
376 582 283
377 300 803
378 277 400
379 877 125
380 122 363
381 648 951
382 936 438
383 882 754
384 860 214
385 719 658
386 27 812
387 565 287
388 782 478
389 323 671
390 635 96
391 589 956
392 931 561
393 641 898
394 161 25
395 924 375
396 402 163
397 696 86
398 667 926
399 515 648
400 595 511
401 275 919
402 405 801
403 95 590
404 537 629
405 708 271
406 86 53
407 160 155
408 563 88
409 873 571
410 105 237
411 89 524
412 862 242
413 155 911
414 298 290
415 486 535
416 984 144
417 541 767
418 835 822
419 116 499
420 754 581
421 444 882
422 265 16
423 919 197
424 24 937
425 551 802
426 690 50
427 12 531
428 808 54
429 386 616
430 315 810
431 644 807
432 727 113
433 453 395
434 616 585
435 578 302
436 411 609
437 416 556
438 9 544
439 224 447
440 633 429
441 335 133
442 233 73
443 227 872
444 934 88
445 206 930
446 311 520
447 675 938
448 257 825
449 678 542
450 247 887
451 374 309
452 341 559
453 477 852
454 188 932
455 678 518
456 561 274
457 848 979
458 793 119
459 987 697
460 92 484
461 419 692
462 894 85
463 814 927
464 226 431
465 520 821
466 450 638
467 34 316
468 981 482
469 274 927
470 44 933
471 807 207
472 187 80
473 837 195
474 2 882
475 77 84
476 147 871
477 132 365
478 387 985
479 896 280
480 176 168
481 185 673
482 677 883
483 415 108
484 418 274
485 160 555
486 295 299
487 79 627
488 13 778
489 275 376
490 853 993
491 313 102
492 933 558
493 857 584
494 291 214
495 956 812
496 472 186
497 846 386
498 95 724
499 256 726
500 235 885
501 575 940
502 252 488
503 34 814
504 832 621
505 455 817
506 975 770
507 729 282
508 903 998
509 500 462
510 263 342
511 19 592
512 709 450
513 435 369
514 948 986
515 680 441
516 290 127
517 930 53
518 139 624
519 544 292
520 173 169
521 143 962
522 358 225
523 507 140
524 684 80
525 795 956
526 186 917
527 789 463
528 120 617
529 390 456
530 273 162
531 260 759
532 117 289
533 255 80
534 587 47
535 644 132
536 949 59
537 231 867
538 396 290
539 14 554
540 570 775
541 44 68
542 581 934
543 310 581
544 342 114
545 139 510
546 117 244
547 488 162
548 735 173
549 362 181
550 767 217
551 533 701
552 35 822
553 811 425
554 700 395
555 769 576
556 322 207
557 454 65
558 137 491
559 968 688
560 769 988
561 766 948
562 591 414
563 839 11
564 38 721
565 90 974
566 971 798
567 87 780
568 912 594
569 446 189
570 401 228
571 904 112
572 395 289
573 687 581
574 93 813
575 269 37
576 8 108
577 522 895
578 450 430
579 489 132
580 205 509
581 24 451
582 781 127
583 968 758
584 938 568
585 599 259
586 636 696
587 296 275
588 702 75
589 70 293
590 922 75
591 852 64
592 850 31
593 141 204
594 349 12
595 698 148
596 330 53
597 297 951
598 798 898
599 89 126
600 823 744
601 662 807
602 401 640
603 680 893
604 783 773
605 362 510
606 409 810
607 550 564
608 205 951
609 33 229
610 547 822
611 541 124
612 521 983
613 764 552
614 42 471
615 434 438
616 998 166
617 803 20
618 126 367
619 418 350
620 397 670
621 357 491
622 780 33
623 993 907
624 514 465
625 240 757
626 783 138
627 630 147
628 221 483
629 751 154
630 206 895
631 481 51
632 132 295
633 480 596
634 371 707
635 996 17
636 566 550
637 9 248
638 216 978
639 52 117
640 154 341
641 309 274
642 2 978
643 3 920
644 349 162
645 451 502
646 914 765
647 472 38
648 888 918
649 397 893
650 432 171
651 235 634
652 459 351
653 627 102
654 79 920
655 391 636
656 125 913
657 58 324
658 483 813
659 694 316
660 152 821
661 813 421
662 727 199
663 796 365
664 416 679
665 928 484
666 317 89
667 375 39
668 436 640
669 682 367
670 748 45
671 271 679
672 604 10
673 288 702
674 634 203
675 810 261
676 382 947
677 749 607
678 338 471
679 504 310
680 98 179
681 123 766
682 137 59
683 439 893
684 967 386
685 542 344
686 269 419
687 686 250
688 38 414
689 830 431
690 920 338
691 374 749
692 715 51
693 118 969
694 7 917
695 965 29
696 766 654
697 477 20
698 662 816
699 561 742
700 570 541
701 267 14
702 915 341
703 522 930
704 948 871
705 215 840
706 495 726
707 401 157
708 713 361
709 479 998
710 139 480
711 522 164
712 454 675
713 231 252
714 300 142
715 33 530
716 753 531
717 582 293
718 556 118
719 483 668
720 173 218
721 953 751
722 933 155
723 679 542
724 521 492
725 645 478
726 692 954
727 796 249
728 303 942
729 457 869
730 579 960
731 143 469
732 178 899
733 425 762
734 230 328
735 360 744
736 962 422
737 234 366
738 125 508
739 537 298
740 84 309
741 580 688
742 247 384
743 387 107
744 287 821
745 509 568
746 150 994
747 529 981
748 465 903
749 548 439
750 825 749
751 175 363
752 518 132
753 354 865
754 962 45
755 72 414
756 814 283
757 801 26
758 188 409
759 875 968
760 796 35
761 82 340
762 309 1000
763 657 510
764 532 178
765 439 514
766 36 833
767 469 774
768 494 143
769 771 741
770 87 132
771 478 189
772 811 176
773 255 37
774 426 212
775 991 133
776 621 689
777 178 773
778 618 437
779 822 168
780 949 882
781 172 135
782 418 374
783 192 258
784 570 148
785 227 239
786 79 375
787 491 720
788 242 682
789 734 375
790 794 783
791 633 713
792 927 252
793 621 564
794 884 963
795 304 40
796 555 194
797 542 526
798 235 934
799 633 100
800 319 470
801 227 12
802 201 399
803 495 454
804 495 452
805 810 303
806 757 533
807 67 708
808 882 179
809 259 352
810 567 281
811 694 669
812 493 312
813 856 445
814 16 366
815 623 78
816 843 953
817 36 21
818 945 401
819 45 995
820 936 53
821 704 139
822 79 11
823 459 377
824 542 239
825 258 216
826 400 708
827 272 670
828 450 811
829 795 143
830 580 33
831 198 646
832 352 616
833 427 789
834 691 407
835 113 998
836 62 410
837 613 917
838 140 753
839 623 438
840 202 289
841 319 238
842 516 808
843 156 647
844 563 521
845 662 260
846 847 323
847 597 260
848 95 150
849 476 653
850 931 742
851 849 416
852 79 180
853 21 469
854 147 726
855 779 742
856 458 493
857 491 436
858 579 27
859 460 448
860 463 786
861 629 474
862 77 626
863 904 196
864 170 550
865 826 191
866 707 325
867 646 93
868 736 698
869 173 114
870 984 542
871 278 342
872 662 853
873 679 864
874 931 690
875 679 57
876 149 788
877 306 669
878 499 71
879 522 897
880 358 4
881 135 595
882 382 616
883 20 11
884 798 262
885 249 507
886 323 898
887 792 67
888 323 538
889 725 270
890 228 672
891 768 432
892 361 604
893 788 669
894 263 594
895 403 885
896 99 290
897 839 693
898 956 736
899 81 221
900 601 120
901 518 85
902 704 882
903 955 460
904 811 169
905 163 304
906 615 207
907 291 223
908 936 542
909 709 270
910 303 44
911 61 129
912 173 473
913 19 616
914 472 776
915 692 118
916 373 217
917 604 645
918 152 710
919 444 856
920 8 595
921 300 343
922 913 163
923 545 364
924 345 380
925 654 518
926 58 589
927 722 515
928 244 649
929 361 869
930 308 867
931 236 408
932 483 426
933 365 20
934 196 163
935 878 970
936 401 330
937 975 92
938 118 471
939 357 28
940 288 95
941 465 604
942 623 222
943 168 160
944 626 666
945 766 628
946 549 657
947 630 590
948 206 27
949 190 557
950 673 368
951 554 174
952 887 623
953 410 404
954 374 784
955 176 752
956 786 530
957 119 993
958 317 347
959 513 848
960 642 576
961 118 1000
962 842 704
963 850 207
964 199 416
965 275 190
966 783 834
967 935 716
968 44 65
969 528 745
970 623 409
971 237 992
972 245 251
973 679 829
974 248 114
975 118 447
976 327 434
977 993 895
978 180 892
979 573 191
980 493 158
981 213 306
982 324 322
983 42 907
984 649 652
985 450 397
986 959 855
987 526 791
988 438 407
989 710 917
990 688 466
991 235 637
992 756 58
993 715 130
994 142 181
995 24 253
996 826 151
997 280 712
998 233 669
999 463 261
4 19
8 604
324 325
449 723
538 572
405 909
200 344
803 804
577 879
205 444
90 606
585 847
487 862
143 308
267 689
422 701
541 968
651 991
480 520
392 492
167 552
767 914
759 935
222 974
433 985
429 882
121 366
93 710
795 910
141 972
42 97
157 272
240 453
244 471
553 661
390 799
716 806
94 685
643 694
182 725
167 503
263 612
778 839
270 650
600 750
835 961
292 574
380 618
268 381
35 689
690 702
890 998
95 621
301 669
517 820
166 821
41 353
324 613
328 663
396 707
830 858
33 265
325 613
477 618
617 757
599 770
653 799
387 810
9 851
177 211
443 537
547 980
5 473
496 771
187 814
322 607
772 904
957 961
706 787
230 248
386 503
294 974
732 978
166 347
168 384
90 402
183 742
47 965
128 615
505 828
835 957
192 313
165 329
236 428
401 469
315 482
503 552
60 631
130 635
769 855
753 929
14 476
612 747
350 471
501 542
27 661
64 313
763 925
35 267
111 624
93 731
297 930
121 148
109 448
285 732
49 866
284 878
291 902
601 698
494 907
222 294
671 827
669 950
140 336
167 386
108 436
311 620
60 647
223 701
39 720
519 739
456 810
83 869
191 902
794 935
202 579
123 745
243 755
509 803
407 943
71 227
414 486
273 791
223 422
173 467
402 606
636 700
435 717
22 949
159 417
392 584
234 796
34 459
174 486
390 653
376 717
649 895
191 291
125 295
380 477
59 864
64 192
346 581
757 760
759 794
520 943
301 950
166 993
12 15
0 122
181 412
482 603
168 963
27 553
602 655
391 730
510 809
755 836
4 142
19 142
260 593
358 677
597 728
595 821
552 766
704 780
126 797
779 904
321 971
323 328
217 389
192 435
438 539
317 576
492 584
582 626
558 710
509 804
679 812
485 864
193 905
135 983
933 939
480 943
33 138
155 188
34 252
174 414
220 609
375 641
645 856
390 867
511 920
153 934
897 962
68 532
104 746
119 156
710 731
299 740
473 865
85 762
623 977
274 367
75 378
295 403
48 534
79 721
594 880
675 884
421 683
579 768
450 500
186 558
347 993
103 475
384 963
280 982
74 518
397 588
79 898
285 978
144 273
84 653
507 889
36 238
244 350
419 738
386 552
190 629
213 791
857 932
673 997
148 366
70 545
68 632
626 829
182 861
252 459
213 586
587 641
416 775
426 875
758 964
311 664
727 884
45 901
3 87
427 438
232 560
461 664
263 747
523 768
338 813
347 821
204 836
216 437
397 524
139 807
767 860
315 873
236 887
221 512
279 682
186 710
440 839
860 914
44 108
387 456
58 620
491 666
523 752
772 779
713 785
465 842
149 175
290 479
410 546
506 583
44 429
140 901
56 96
285 526
575 773
79 850
337 968
358 360
253 549
345 937
713 972
42 282
466 668
369 691
545 738
84 799
5 865
357 941
821 993
163 329
337 541
316 571
509 624
156 635
167 766
536 820
346 853
155 323
398 447
458 582
15 822
32 475
213 776
13 603
799 867
7 50
106 269
71 477
457 490
691 735
8 790
604 790
434 947
58 281
166 595
554 834
510 871
832 892
639 911
280 958
928 991
203 353
274 510
93 558
423 863
768 980
454 526
414 587
376 810
116 178
130 289
443 500
227 640
115 690
670 992
721 898
94 923
243 836
43 352
29 593
985 988
117 259
316 379
534 830
61 924
138 265
32 337
133 489
420 555
7 622
631 647
204 755
659 866
44 882
637 995
788 998
271 858
889 909
89 95
120 124
335 388
16 951
95 101
100 224
439 464
374 564
622 760
54 787
208 836
75 489
245 599
532 632
611 718
203 905
81 400
46 685
115 702
246 739
695 754
74 843
492 908
351 591
758 802
107 158
87 562
804 857
725 861
9 267
377 430
388 527
305 530
583 721
617 760
586 776
719 849
71 282
21 403
91 661
108 429
854 918
65 927
645 765
217 877
27 91
45 140
59 485
255 540
440 778
522 916
633 941
906 942
93 186
58 311
325 806
374 807
405 889
88 338
332 516
323 663
102 522
101 678
389 877
802 964
42 373
211 517
306 571
711 764
788 890
214 343
586 791
2 354
376 387
199 399
89 621
235 668
880 933
921 958
779 996
178 450
314 556
362 666
651 928
208 243
196 493
444 590
473 963
97 282
152 368
223 575
191 603
106 675
513 782
181 269
227 477
578 615
594 933
594 939
330 546
431 601
141 713
177 517
516 714
387 717
161 778
324 806
532 896
445 454
225 671
581 853
131 886
16 979
796 979
97 373
113 404
136 527
315 603
421 729
133 742
729 919
163 165
84 390
500 537
675 727
803 857
288 868
947 960
55 109
34 559
205 590
206 641
219 969
524 588
647 697
371 990
260 994
167 228
817 883
206 375
313 435
246 519
247 738
433 823
202 768
678 800
133 809
680 852
302 395
407 520
545 558
536 754
503 766
482 873
205 306
71 380
717 810
433 988
162 215
249 287
124 365
9 689
502 885
51 893
365 386
228 552
255 425
376 435
35 553
71 618
414 641
51 696
318 711
228 766
339 845
674 906
309 981
704 986
291 482
605 621
325 716
392 908
523 579
119 635
219 706
526 732
770 848
136 891
228 386
71 640
176 654
661 689
842 987
78 364
112 113
387 435
125 487
41 309
0 400
517 536
347 595
357 633
553 689
547 768
30 439
365 503
283 824
134 587
300 625
253 644
796 951
241 514
531 625
111 724
431 698
70 247
685 923
46 94
518 528
278 530
441 544
372 677
613 806
225 827
872 873
280 921
326 927
840 981
424 470
425 610
54 706
501 730
756 805
242 975
64 435
495 566
535 627
35 661
70 738
161 839
125 862
13 191
578 859
5 963
224 310
352 385
407 480
191 482
409 493
202 523
344 595
429 655
267 661
378 686
324 716
83 781
73 817
108 882
428 887
480 934
93 938
226 564
558 738
245 770
258 874
225 877
432 993
44 436
186 731
41 203
38 425
132 437
282 380
149 451
459 559
445 608
620 664
225 673
427 715
192 717
354 726
144 791
653 867
781 869
131 297
216 349
91 553
231 748
614 853
667 939
76 941
777 955
193 632
700 844
215 846
864 949
11 83
179 499
20 504
309 734
310 811
772 865
255 417
306 444
391 501
289 635
607 636
589 740
211 820
582 829
267 553
422 575
183 931
106 756
63 783
118 831
681 838
267 851
698 973
144 312
111 509
200 595
458 626
809 871
667 933
352 360
285 630
66 751
208 755
534 858
722 922
387 519
434 793
797 844
52 85
189 233
98 389
390 815
446 888
785 972
183 737
75 133
375 414
311 461
291 603
30 628
318 752
274 871
655 882
823 985
148 219
213 273
55 448
624 803
674 942
278 340
104 521
373 761
271 830
291 873
871 921
101 621
164 697
360 945
622 757
174 375
125 403
84 535
303 687
159 699
737 742
377 744
336 901
130 156
258 559
675 756
764 951
440 970
207 382
32 541
419 558
134 641
428 760
455 763
25 805
366 706
22 864
228 503
359 870
375 587
569 650
558 731
523 980
12 73
358 372
563 592
312 791
928 998
376 456
314 522
204 688
386 766
710 938
67 171
66 353
281 620
549 644
121 706
624 804
201 856
593 994
273 312
291 315
266 348
442 533
427 539
575 701
75 742
69 409
68 330
186 545
422 773
177 820
158 954
35 110
264 588
407 781
507 909
116 450
153 480
447 726
11 781
779 865
299 896
391 542
517 590
190 626
89 101
235 436
17 460
12 822
122 861
904 996
360 677
524 875
776 944
24 574
95 678
47 825
878 901
405 507
613 716
435 810
913 920
55 163
197 413
277 676
119 695
63 720
721 850
520 934
445 526
227 618
200 915
63 142
294 332
449 455
619 782
511 913
455 925
938 975
486 587
455 723
880 939
693 957
54 117
193 203
159 255
154 514
212 792
378 489
458 829
31 949
91 267
799 815
56 214
88 308
213 312
124 488
97 761
26 812
882 892
821 915
793 960
121 219
208 786
689 851
740 896
32 968
653 815
688 836
611 752
9 35
555 613
118 651
6 146
222 332
373 380
282 477
49 659
9 813
239 296
599 848
204 243
355 467
456 519
595 993
548 629
461 826
188 846
471 865
41 66
177 342
443 450
368 649
16 784
341 966
73 968
159 969
105 335
167 365
18 411
271 672
426 692
200 821
344 821
237 824
402 833
583 898
250 978
88 143
13 482
464 931
731 938
282 618
28 735
336 752
274 809
32 103
235 466
128 578
708 789
638 971
318 611
467 657
91 689
202 752
513 823
118 991
72 180
326 455
176 470
174 641
781 943
38 255
188 323
309 353
47 494
419 545
95 605
454 608
513 619
223 773
519 810
206 841
320 867
315 872
951 979
13 989
155 328
288 385
141 785
244 865
350 865
320 875
344 915
417 969
133 183
82 257
450 537
247 545
227 380
174 587
609 995
270 396
329 705
850 898
526 978
137 279
21 295
65 716
16 796
84 867
801 948
227 282
413 732
701 773
230 926
358 945
578 988
915 993
254 367
429 436
521 693
491 940
958 982
17 18
45 336
273 586
284 631
652 823
687 845
421 919
149 936
696 945
264 397
416 616
542 730
219 787
590 820
584 908
470 983
29 260
300 531
496 569
770 911
630 978
192 387
153 520
336 611
164 647
424 694
453 729
619 936
153 943
515 990
371 725
109 744
850 967
874 967
579 980
38 56
97 299
11 407
365 488
340 556
752 768
756 884
603 902
353 905
742 931
512 990
42 380
178 401
617 622
41 981
264 432
420 677
133 737
457 816
168 412
104 957
372 420
159 540
203 640
684 818
528 881
696 893
865 904
172 374
191 315
194 356
282 373
776 791
53 845
337 475
90 833
127 843
106 162
132 298
60 557
581 614
631 878
119 130
219 366
241 508
110 527
322 636
364 893
332 974
234 979
944 984
330 532
42 761
465 610
424 643
7 760
153 781
736 818
114 881
482 902
677 945
278 965
305 965
57 333
367 510
38 540
733 833
247 419
345 444
60 697
122 400
168 473
139 498
318 523
484 538
548 662
7 757
236 760
754 820
48 830
257 919
148 969
308 338
115 361
306 590
588 692
324 555
108 655
385 811
425 987
484 572
376 847
815 867
65 356
509 857
793 947
434 960
120 365
270 569
190 582
621 678
558 938
157 283
5 779
606 833
80 852
452 888
166 915
234 951
330 410
196 504
334 561
426 588
429 892
66 203
269 412
438 715
499 997
134 841
808 863
59 949
601 973
734 981
76 633
683 748
119 754
615 859
79 967
304 996
148 706
624 724
838 854
465 959
73 541
75 686
168 181
205 345
151 394
365 552
79 583
27 689
483 743
234 764
366 787
764 796
890 928
384 412
7 617
419 938
530 965
134 206
278 714
369 735
599 911
131 930
934 943
953 988
251 411
828 860
102 916
22 485
325 555
89 605
13 398
506 566
505 658
630 732
242 938
105 388
419 460
429 602
523 711
417 987
456 717
765 856
301 554
26 652
314 841
362 491
125 528
269 675
565 693
198 929
778 970
254 486
91 851
596 910
247 251
671 673
518 843
646 850
136 388
270 707
804 932
27 267
73 337
250 630
486 641
737 809
62 984
320 524
462 571
313 717
547 771
284 901
780 986
496 547
657 761
489 809
267 813
410 899
186 912
865 963
494 965
428 757
244 772
68 896
27 35
217 225
182 371
451 572
197 656
579 752
373 786
362 940
898 967
839 970
3 562
108 602
179 788
634 826
603 873
293 999
352 358
399 404
285 454
451 538
523 547
66 640
506 721
596 795
382 903
460 938
51 945
163 705
489 742
12 817
9 91
17 411
327 452
295 487
178 500
133 510
197 521
4 546
19 546
608 638
110 689
457 759
121 787
671 788
37 792
88 813
209 827
636 844
680 848
589 896
806 956
772 996
24 292
375 486
201 509
142 720
127 831
588 875
75 183
445 798
518 881
106 884
13 291
306 462
376 585
272 771
308 813
295 862
11 869
13 902
872 973
35 91
204 208
55 300
187 355
693 835
112 123
150 175
689 813
21 881
332 940
143 338
666 940
711 980
570 774
421 748
9 338
252 559
462 590
526 630
35 851
120 172
384 473
419 710
712 719
65 806
813 851
436 882
146 962
174 982
108 235
173 355
381 447
379 571
373 618
299 761
481 831
39 63
254 414
350 473
184 648
513 652
545 710
64 717
683 729
52 762
111 803
191 873
832 882
86 261
54 366
64 387
295 528
547 579
220 637
58 664
104 693
657 740
318 764
466 849
44 892
53 942
88 207
247 411
413 656
485 949
22 31
42 71
281 311
1 363
417 540
525 561
387 739
430 744
570 916
87 970
255 987
497 851
139 374
672 858
211 342
324 420
602 620
448 744
731 912
192 376
512 515
227 751
35 813
42 299
132 327
349 437
362 596
557 631
405 687
640 751
161 861
362 910
917 944
337 406
206 587
803 932
404 946
194 221
607 700
260 720
240 729
569 774
687 909
234 237
97 380
580 628
382 736
829 904
784 951
104 961
0 81
426 524
84 900
595 915
465 987
257 606
609 637
539 715
186 738
209 877
602 882
347 432
292 567
420 613
50 622
500 630
74 127
54 259
162 269
303 319
74 528
319 674
408 718
873 902
5 168
298 605
145 638
346 614
473 779
41 905
464 964
693 961
220 995
166 200
166 344
282 640
746 957
396 650
195 703
199 946
782 953
166 432
740 761
243 786
15 817
825 965
461 620
712 849
613 956
15 73
147 158
43 360
443 630
123 633
162 756
311 826
556 841
184 331
326 723
111 804
297 886
325 420
110 553
198 649
631 697
471 772
8 855
604 855
128 859
340 965
615 988
47 305
29 546
155 663
710 738
245 848
457 935
306 316
491 544
536 590
537 705
68 193
381 398
502 628
413 978
43 385
413 526
137 682
669 708
112 745
192 810
315 902
22 59
66 309
433 513
140 611
201 803
653 900
248 926
586 944
407 994
340 494
254 587
700 797
841 907
513 985
144 213
39 260
494 556
18 715
5 772
564 807
356 927
191 989
93 419
257 828
828 833
859 932
25 129
272 283
91 497
921 982
110 267
202 336
257 505
42 618
367 871
43 358
160 560
569 771
129 805
5 384
181 384
285 413
326 449
64 519
335 527
299 589
38 610
417 699
274 734
355 814
505 860
368 895
829 996
70 558
49 708
516 940
991 998
441 644
250 732
473 772
143 813
47 907
333 959
353 981
222 533
235 602
711 752
498 807
760 887
146 897
397 915
406 475
86 557
99 736
632 905
225 997
471 473
788 827
41 840
45 408
103 599
562 970
557 647
341 790
92 540
26 679
80 899
12 406
299 532
172 564
477 640
246 679
360 696
126 844
134 907
746 961
436 602
783 840
106 181
4 330
19 330
444 536
58 634
469 728
777 876
98 217
21 251
60 284
298 327
435 456
89 529
177 590
173 657
289 695
521 746
103 245
90 257
208 688
338 851
517 754
44 655
703 879
147 954
578 985
57 96
54 121
425 540
84 627
64 739
716 956
240 959
591 592
494 825
658 828
788 928
13 315
718 784
58 826
463 598
664 826
98 877
153 407
316 462
660 876
699 969
81 122
36 143
70 419
357 466
178 469
499 531
469 597
589 657
635 695
301 708
480 781
672 830
565 835
48 858
857 859
453 919
578 932
520 994
554 669
201 804
0 861
330 896
366 914
490 759
731 975
67 483
658 842
632 896
83 137
96 214
134 375
29 410
332 714
366 767
395 818
318 951
943 994
194 512
92 699
302 702
165 705
400 844
711 951
4 63
19 63
132 216
250 285
175 451
242 460
567 574
670 692
482 872
285 445
436 655
530 714
157 771
658 860
59 70
133 378
367 734
397 875
313 387
616 775
825 907
226 374
383 646
535 799
393 837
456 739
636 797
449 925
161 440
42 477
491 516
490 935
278 305
536 695
378 742
688 755
429 832
848 852
71 97
93 545
9 661
650 707
520 781
104 835
610 842
827 877
202 980
234 283
320 390
201 645
156 695
547 711
681 876
468 903
25 188
56 343
152 683
190 829
133 871
489 871
13 447
345 536
622 670
443 705
198 753
725 763
8 769
604 769
742 809
45 878
116 297
244 473
371 515
540 699
237 796
863 922
451 936
671 997
322 745
362 795
121 969
428 617
140 752
246 256
47 278
212 290
92 312
325 956
4 29
19 29
122 182
886 930
771 980
156 289
186 419
105 527
535 653
454 732
608 798
739 810
119 289
105 296
120 567
620 655
46 739
423 922
93 738
29 142
230 403
60 878
347 915
723 925
622 992
60 164
463 525
11 943
565 957
172 226
102 314
259 461
224 811
432 821
327 892
575 910
710 912
533 974
373 477
148 787
686 931
25 155
46 679
64 685
121 914
205 536
499 625
556 907
808 922
716 927
38 343
30 464
86 483
593 720
729 748
320 815
46 923
268 447
424 983
428 622
445 630
602 668
577 703
711 768
827 928
691 954
324 956
873 973
496 980
134 414
47 530
10 601
250 443
116 500
110 661
444 820
651 998
174 280
679 739
175 936
14 218
433 578
112 633
236 757
761 786
575 795
93 912
395 702
301 834
399 946
76 357
214 431
444 517
192 519
211 536
804 859
5 904
93 975
321 638
759 816
21 125
544 666
474 694
106 727
121 767
82 895
432 915
402 954
76 216
70 186
248 251
225 389
435 519
32 406
398 603
322 700
286 722
562 778
36 308
200 535
425 842
803 859
902 989
16 234
97 740
244 904
890 991
253 314
47 340
122 725
515 834
164 307
626 629
673 827
361 479
58 461
336 523
347 548
510 734
353 840
229 846
186 938
76 349
212 479
344 535
312 776
118 127
9 497
101 800
314 916
838 955
209 225
188 229
360 372
272 496
489 510
211 590
97 618
347 629
135 694
130 695
223 795
622 887
253 556
752 980
5 350
9 553
439 628
240 658
199 719
269 756
64 810
833 860
140 878
665 903
441 714
838 876
802 931
18 248
127 518
170 795
231 879
453 959
230 251
312 586
401 728
542 837
155 846
201 859
46 64
330 632
273 776
717 847
533 940
116 401
684 736
77 769
661 851
335 956
43 372
425 465
114 127
136 194
25 323
188 328
417 425
163 448
205 571
554 708
126 724
293 812
671 877
694 983
480 994
12 337
397 426
231 577
150 782
839 861
708 866
692 875
82 919
353 640
217 673
509 724
810 847
823 988
100 310
135 470
475 541
50 617
264 692
772 829
309 840
78 855
240 919
907 965
358 420
183 489
336 718
29 994
193 353
20 51
147 430
386 488
568 584
262 825
472 869
473 904
411 419
403 528
287 598
779 829
596 939
22 114
271 534
236 622
84 815
494 841
628 885
683 895
407 934
781 934
800 976
200 993
256 283
53 339
555 677
62 811
116 131
69 238
65 326
246 456
318 784
698 872
412 963
260 520
624 857
510 921
403 926
213 944
486 982
311 602
350 772
367 809
162 846
559 874
390 535
563 617
141 825
237 979
887 992
122 161
205 517
210 576
281 655
262 785
205 820
75 931
466 941
268 398
112 404
368 676
229 497
395 690
466 712
746 835
232 525
101 529
193 532
470 654
89 678
361 690
683 919
825 972
641 841
344 993
527 891
610 987
28 147
195 231
254 274
206 414
190 548
594 667
168 865
107 954
350 963
360 385
537 630
398 726
773 801
508 935
170 223
367 486
177 536
523 611
209 671
5 471
673 877
21 528
152 649
510 737
611 784
734 809
695 820
73 883
223 910
549 916
8 341
341 604
349 765
172 807
738 938
399 719
799 900
124 172
114 518
250 705
318 718
148 914
275 555
465 658
931 964
237 283
290 412
441 491
221 515
452 543
474 643
519 717
585 717
50 757
322 797
77 868
159 987
265 271
344 347
357 849
181 963
105 110
38 214
36 239
174 254
55 329
135 474
392 568
599 639
171 650
302 690
639 770
382 818
640 905
475 968
706 969
128 988
831 991
71 373
142 546
281 634
2 726
145 746
103 770
620 826
366 969
513 988
7 670
554 950
200 347
393 398
97 477
144 586
618 640
664 712
734 737
422 801
471 904
565 961
70 485
261 557
596 666
449 763
295 926
154 276
48 408
196 409
568 952
109 163
313 376
124 386
511 539
284 557
44 602
478 676
16 764
39 142
131 401
444 571
313 685
320 799
137 869
603 989
64 376
202 547
727 756
24 766
234 824
38 96
171 270
320 426
219 551
333 577
140 718
532 740
118 928
782 988
124 226
66 227
218 476
32 639
79 646
299 657
634 735
785 825
778 861
658 914
678 976
199 551
567 681
192 739
371 763
456 847
149 150
264 524
39 593
651 890
736 903
64 94
315 393
401 597
380 640
723 763
607 797
585 810
524 915
126 322
85 597
651 831
194 891
198 895
150 924
228 365
10 431
516 530
461 712
162 805
786 836
667 880
816 935
140 202
103 337
15 406
526 608
463 816
481 843
506 898
854 955
5 244
113 399
393 482
182 763
246 387
179 997
827 998
69 239
114 485
376 519
52 597
193 640
28 691
400 700
365 766
553 851
535 867
413 454
124 503
250 537
210 541
148 767
511 926
710 975
476 978
83 407
521 957
3 970
267 338
183 378
244 550
654 983
671 998
36 296
205 462
24 552
393 603
318 768
313 810
399 849
871 958
163 300
247 558
668 712
806 927
721 967
411 738
457 794
140 284
103 639
782 985
356 512
554 789
110 136
453 658
713 783
266 913
210 968
42 227
142 593
581 688
263 709
156 754
288 811
369 954
313 519
505 833
281 602
4 720
19 720
755 786
469 798
627 900
110 388
280 486
260 480
831 890
221 990
255 610
243 688
573 723
350 727
509 932
34 258
80 609
436 668
352 677
397 692
42 740
783 785
508 794
183 809
48 815
456 824
439 964
54 219
192 456
286 616
235 655
71 751
201 624
369 733
340 907
298 452
724 797
848 911
25 328
499 673
78 769
562 839
865 996
82 606
449 573
117 787
701 801
411 460
444 462
560 561
566 583
842 959
343 431
207 665
524 867
258 967
33 271
168 350
120 488
185 894
44 327
257 402
157 496
415 745
34 898
199 404
522 556
150 619
244 779
403 862
558 912
68 546
75 809
280 871
30 912
282 299
403 487
333 610
339 687
470 694
633 745
583 850
333 879
403 881
170 910
538 936
582 629
419 731
671 928
23 975
176 983
203 309
294 516
269 884
50 760
161 182
718 752
265 858
5 996
43 62
53 585
338 689
505 919
9 27
0 161
240 505
336 579
693 746
464 802
78 893
708 950
953 985
4 68
19 68
174 206
69 493
343 540
256 824
182 839
534 672
142 783
106 805
98 832
222 940
45 284
413 476
454 978
128 529
340 530
460 738
183 802
369 826
439 931
248 411
172 498
433 782
447 989
123 415
456 585
58 602
563 757
95 800
304 379
259 712
41 734
669 834
725 925
332 530
56 610
236 617
619 652
741 776
606 828
79 506
508 759
272 764
55 165
103 406
351 428
135 643
282 761
384 865
852 899
125 926
54 148
155 229
162 290
248 403
397 432
157 764
782 823
44 832
522 841
70 864
179 890
421 895
643 983
354 447
571 590
454 630
299 632
423 808
152 895
726 989
43 677
129 756
235 941
12 968
299 373
158 402
545 731
435 739
607 745
102 841
444 937
236 351
140 408
342 517
471 550
525 560
361 702
490 816
74 881
252 898
274 921
116 930
318 980
414 982
374 498
294 533
246 810
155 497
453 505
313 739
686 742
384 808
828 914
431 973
475 639
489 921
11 137
198 277
109 377
148 417
134 494
25 663
255 699
126 700
646 721
658 767
650 774
578 857
539 920
572 936
375 982
291 989
23 758
162 181
251 403
101 605
126 607
284 647
81 700
767 828
295 881
108 892
862 926
692 992
80 220
286 416
394 682
52 728
390 900
615 953
90 954
41 193
161 562
102 206
488 503
492 568
68 905
94 313
59 545
342 592
27 110
24 167
170 594
450 630
445 732
476 732
479 792
784 900
626 904
378 931
21 230
168 269
222 516
602 664
471 779
840 905
190 458
303 845
387 847
203 227
126 636
188 663
103 911
831 998
757 887
809 921
82 90
17 419
649 683
675 805
371 861
164 261
261 307
197 454
164 631
246 812
831 843
27 851
536 937
278 516
317 639
29 720
737 931
205 937
260 943
90 107
107 402
135 424
226 488
24 503
46 519
372 555
491 714
805 846
668 849
105 956
212 412
159 425
363 684
634 691
90 828
98 281
320 397
116 537
345 590
253 340
342 462
171 579
408 611
41 640
442 773
336 878
4 410
19 410
487 528
166 548
45 611
355 657
170 701
489 737
794 816
291 872
58 655
173 589
509 859
207 903
735 954
61 958
215 290
35 338
39 520
547 752
211 754
106 412
178 443
368 683
517 695
178 537
107 606
524 692
110 813
141 254
117 366
150 936
181 290
401 450
171 483
17 614
808 963
56 425
176 565
27 891
14 660
269 727
406 822
117 733
221 834
647 878
46 313
318 336
83 472
467 589
496 650
311 655
25 756
401 798
53 847
805 884
546 899
319 942
111 201
288 352
352 372
13 873
827 997
179 998
288 696
624 749
610 959
198 368
46 812
777 838
153 869
275 956
92 144
123 322
222 442
731 738
834 950
70 710
533 773
471 963
131 178
314 549
136 553
470 643
162 675
45 718
75 737
270 774
375 841
407 869
198 886
481 890
253 916
513 953
764 979
477 751
349 415
197 526
64 456
39 480
522 570
117 706
784 979
495 986
256 999
314 340
490 794
352 811
264 915
433 932
238 239
281 664
5 808
352 945
183 686
550 727
231 729
209 928
230 295
649 929
629 993
20 196
219 417
274 486
924 958
559 967
142 260
4 593
19 593
102 570
258 459
332 491
18 230
44 235
142 330
304 458
323 497
342 591
489 686
471 727
621 800
487 926
6 967
97 227
379 462
145 608
369 634
385 868
587 841
671 890
553 891
264 993
159 219
606 954
96 610
166 629
364 696
55 744
790 855
442 974
475 599
406 968
160 232
157 234
235 429
12 541
664 668
402 733
265 830
655 832
6 874
687 889
66 905
764 980
1 684
741 946
68 299
284 336
396 549
311 634
320 653
550 662
179 671
519 679
603 872
655 892
310 984
527 553
464 758
154 241
95 529
111 749
353 751
283 796
528 862
245 911
433 953
932 985
398 989
143 238
92 343
73 406
516 974
215 805
112 357
254 641
10 698
81 844
775 937
615 985
133 274
134 486
387 585
635 754
600 855
580 885
827 890
350 904
680 994
36 69
90 158
203 632
381 726
182 778
455 927
133 931
585 942
260 407
398 482
253 522
817 822
588 915
124 167
190 347
116 469
522 549
83 943
172 567
195 748
165 777
423 722
81 793
32 73
77 100
229 302
136 335
120 503
80 680
611 711
147 735
720 783
31 864
174 921
486 921
128 953
600 962
551 969
940 974
7 992
188 805
545 938
74 114
306 345
116 443
82 649
395 684
505 914
209 389
433 652
340 714
203 751
751 802
77 855
334 989
358 696
501 837
175 924
104 145
371 455
131 469
192 685
296 308
421 453
406 541
440 562
448 705
612 709
466 719
711 796
767 833
203 840
170 422
310 586
464 686
380 786
555 806
199 849
535 900
838 918
725 990
16 318
367 414
493 504
548 595
787 969
108 668
264 992
134 174
109 300
65 325
293 679
215 756
33 858
114 864
817 968
0 182
194 388
298 437
304 829
356 990
143 296
112 322
204 581
78 600
101 976
576 639
607 844
543 888
626 996
279 406
371 512
11 520
140 523
275 613
181 675
352 696
510 742
733 860
895 929
906 979
148 987
120 226
176 424
245 475
532 546
336 768
713 825
876 955
189 973
31 185
250 476
278 494
42 640
257 833
25 846
856 859
718 900
394 948
627 653
364 868
408 901
6 383
137 472
331 514
428 591
51 364
149 538
655 668
53 674
648 794
440 861
20 945
56 57
147 377
286 423
332 533
139 564
67 579
594 596
100 868
70 251
267 497
533 575
620 634
234 711
161 725
242 755
505 767
304 779
701 795
460 975
71 203
342 590
188 215
409 568
320 588
447 603
158 606
717 739
87 778
753 886
611 901
573 960
254 972
680 899
221 356
629 829
473 996
441 516
557 878
828 919
134 254
432 595
248 715
257 729
73 822
14 978
76 235
432 588
357 668
551 706
523 764
345 820
521 961
250 500
460 558
348 564
544 743
259 826
161 970
917 984
788 991
197 693
201 724
733 767
111 857
763 861
182 925
150 953
65 324
51 360
167 488
149 572
129 884
319 687
725 839
118 998
363 370
92 159
126 415
244 727
202 318
119 536
605 678
549 707
422 795
335 806
391 837
202 901
107 147
106 215
11 480
65 335
232 561
169 646
34 967
780 977
203 981
586 984
39 262
235 357
182 440
350 779
579 711
458 996
601 872
179 625
55 705
345 754
750 790
548 821
9 88
18 251
53 319
326 356
120 386
314 494
724 803
753 930
294 940
847 942
445 978
969 987
336 408
230 411
280 414
231 421
127 481
495 506
211 695
42 786
551 787
43 811
402 828
435 847
831 928
658 959
244 963
152 421
380 761
760 992
207 338
183 464
272 547
350 550
0 725
107 753
499 788
739 812
201 857
83 153
206 486
259 664
231 703
668 941
26 293
642 819
486 871
125 881
118 890
46 246
234 272
62 310
685 739
259 787
869 943
67 86
11 245
152 676
144 776
255 842
661 891
85 728
335 716
114 949
776 984
238 308
188 497
41 751
117 121
46 192
272 711
303 909
148 159
21 248
178 297
333 465
442 472
30 580
505 606
424 642
654 656
50 670
126 745
750 855
314 907
893 945
859 988
508 514
96 343
35 527
516 666
97 786
178 798
512 834
366 860
255 969
546 593
681 854
737 802
237 847
66 71
9 110
13 393
93 460
351 592
382 665
197 732
353 734
372 945
182 990
27 136
38 417
389 673
174 367
318 579
249 598
547 764
78 897
551 946
540 987
796 824
833 914
484 999
521 835
528 843
701 910
15 337
31 580
281 826
652 985
177 462
462 591
227 373
202 611
305 825
752 901
70 93
139 172
306 379
350 384
303 405
294 530
164 557
433 615
136 661
251 738
652 782
225 788
713 840
53 906
124 552
217 671
268 726
131 728
177 754
454 798
364 855
241 331
168 471
364 769
342 820
237 456
627 799
318 547
405 659
596 667
666 910
44 132
143 207
93 242
162 412
30 502
532 589
385 696
460 710
485 881
776 917
81 925
371 925
782 936
61 976
474 983
196 275
626 772
422 910
261 667
78 962
67 202
313 456
4 783
19 783
217 827
405 845
38 987
262 305
190 432
250 526
315 973
482 989
269 384
57 610
476 656
815 900
91 328
237 585
520 593
149 619
322 844
548 993
372 573
376 739
373 740
213 741
913 926
209 217
165 300
408 534
432 629
184 780
534 815
123 941
14 250
276 623
171 768
97 896
791 944
529 615
441 666
326 763
384 863
12 883
186 247
180 568
157 824
66 981
39 994
231 683
618 786
223 801
541 817
235 882
15 883
310 385
103 541
358 555
549 556
724 804
578 953
115 479
497 689
555 716
473 808
475 911
10 144
303 662
751 758
168 808
0 844
99 903
886 929
90 505
435 585
282 632
179 673
290 792
577 959
207 308
215 479
114 528
428 592
135 654
346 688
437 765
769 790
152 748
638 798
558 975
397 993
870 908
204 242
18 460
274 737
100 811
734 840
605 888
367 921
758 931
262 934
779 963
309 737
417 842
53 687
63 785
185 885
845 909
29 330
140 579
752 764
327 882
388 891
134 141
194 527
236 591
350 675
420 806
525 816
236 992
270 496
529 621
415 645
497 661
147 691
157 711
117 767
596 933
750 962
811 984
82 421
462 517
97 640
88 851
580 912
481 998
29 39
47 262
210 317
450 469
13 726
94 192
59 580
592 617
421 649
680 770
121 860
617 887
720 994
377 448
496 768
507 866
658 987
289 754
728 886
175 982
38 159
304 351
358 385
67 557
527 661
8 750
604 750
918 955
31 59
784 796
742 802
532 905
659 909
191 398
76 437
278 556
764 784
240 828
788 997
221 554
242 731
171 202
115 302
187 467
440 515
125 518
544 644
589 761
651 788
450 798
773 910
107 929
714 940
420 945
171 547
691 826
33 830
113 123
436 466
27 497
400 636
600 790
630 798
98 209
77 233
294 305
219 699
770 852
609 899
293 484
768 771
327 832
190 993
11 153
277 368
113 745
76 123
206 314
76 436
24 567
551 741
39 783
543 894
754 937
30 964
507 659
381 837
240 465
202 711
302 818
87 839
651 894
133 921
4 39
19 39
24 218
48 271
240 421
7 428
410 593
133 686
16 711
14 732
312 741
86 743
130 754
867 875
272 980
367 981
177 444
659 708
113 946
932 988
575 801
810 824
669 866
264 426
112 399
520 720
500 798
212 863
157 256
145 971
91 323
14 413
329 448
438 511
445 638
670 760
475 770
628 912
64 246
92 255
269 290
87 440
49 507
345 517
55 531
484 570
466 602
90 733
361 792
32 911
733 914
555 956
217 997
202 284
82 402
725 778
773 795
619 823
453 828
319 906
4 260
19 260
618 751
326 925
328 497
488 552
337 817
26 823
670 887
137 245
446 452
620 668
626 779
493 952
120 167
62 385
97 532
340 644
500 705
563 760
216 765
553 813
661 813
452 892
741 917
158 430
349 645
23 731
592 757
224 868
24 386
499 671
66 734
629 821
286 922
75 510
55 625
283 764
327 429
448 537
65 613
97 632
91 663
264 670
650 771
431 872
546 896
82 107
193 282
8 600
600 604
238 665
103 968
559 898
174 958
91 110
112 607
344 627
191 872
449 960
154 331
117 461
311 668
29 680
481 918
827 991
215 269
290 361
439 502
81 636
541 639
551 699
246 824
242 243
485 545
565 819
393 872
300 329
408 900
113 322
97 657
34 874
110 296
269 350
655 664
593 680
562 749
49 789
73 210
231 453
123 607
200 627
75 871
459 898
624 932
879 959
772 963
123 357
247 460
547 569
305 714
216 436
157 547
218 574
677 696
556 965
105 239
197 285
238 296
62 352
327 437
4 632
19 632
632 740
78 750
590 754
155 805
734 871
170 880
535 915
26 46
70 411
360 420
151 682
420 716
773 948
319 845
905 981
65 194
295 518
480 720
578 804
316 922
737 871
142 410
515 554
247 710
673 788
871 982
480 593
323 846
325 927
247 485
242 710
722 863
895 919
849 941
183 964
248 295
490 508
124 567
476 660
292 681
68 740
108 832
400 861
436 892
29 899
631 901
545 912
112 941
723 960
877 997
212 423
461 634
580 949
641 982
177 205
52 277
121 417
182 515
298 621
49 669
566 721
718 901
315 398
261 647
363 690
920 926
6 962
181 350
285 476
306 517
440 725
597 762
268 837
6 850
383 850
489 931
615 932
269 963
68 142
205 316
498 681
544 714
415 856
2 160
262 713
467 740
397 867
11 994
224 288
281 461
183 510
42 632
557 697
20 893
171 707
122 763
309 905
744 930
305 332
257 421
300 448
606 733
711 784
103 279
334 598
256 739
711 771
623 780
241 794
545 864
304 904
861 925
339 405
175 619
446 800
221 891
168 244
253 441
274 489
45 752
611 768
666 795
64 923
82 929
174 871
723 927
196 952
254 375
373 657
326 716
226 807
195 879
442 575
324 927
275 324
305 340
294 442
204 614
698 873
39 934
96 425
515 725
59 247
211 444
483 707
125 230
140 318
110 335
227 353
68 410
412 479
256 519
206 522
47 556
632 640
679 685
309 751
201 765
318 796
91 813
708 834
393 873
351 887
42 896
741 944
171 980
354 381
629 662
578 803
704 977
582 996
12 32
280 375
389 827
438 920
104 197
281 389
4 532
19 532
311 712
724 844
811 868
646 898
872 902
141 907
489 958
259 733
117 914
443 978
531 997
170 575
282 740
148 860
84 320
118 481
396 569
228 488
23 964
27 663
259 706
135 176
252 258
71 193
27 328
132 349
288 364
390 627
40 648
94 739
350 884
175 958
275 325
278 332
242 419
27 527
56 540
120 552
378 809
174 274
649 753
444 754
894 991
162 479
406 682
66 193
348 374
285 443
17 715
179 827
288 360
115 395
81 763
203 282
109 705
15 968
166 190
138 271
502 580
224 586
54 712
464 742
703 747
415 765
748 919
3 923
128 985
390 524
48 672
466 633
345 775
582 904
540 969
268 354
274 414
179 531
42 532
285 608
339 659
230 715
618 761
651 827
313 923
21 926
449 927
593 943
149 982
255 465
102 556
460 614
229 702
648 759
764 768
193 840
611 951
451 982
34 79
652 812
513 936
17 738
297 753
339 909
571 922
56 255
24 365
455 725
272 824
756 846
127 881
206 907
7 236
63 260
491 596
571 722
526 798
7 887
122 925
291 973
195 263
160 354
251 419
411 545
177 695
707 743
175 280
324 372
88 382
287 418
