1000 4014 51.24451190127583 sparse
0 226 974
1 743 952
2 783 780
3 436 277
4 607 140
5 849 993
6 283 583
7 596 21
8 710 218
9 706 21
10 58 174
11 597 180
12 585 304
13 324 14
14 539 536
15 510 112
16 894 146
17 561 630
18 165 371
19 272 331
20 306 75
21 737 976
22 698 346
23 971 736
24 105 124
25 443 482
26 419 816
27 424 306
28 603 471
29 517 38
30 330 585
31 126 262
32 843 516
33 7 923
34 168 141
35 500 850
36 685 127
37 891 25
38 106 442
39 594 325
40 807 441
41 250 266
42 30 514
43 594 471
44 514 311
45 76 292
46 644 682
47 701 482
48 837 691
49 708 904
50 592 713
51 223 867
52 457 827
53 921 577
54 397 635
55 678 576
56 293 844
57 95 397
58 991 742
59 538 877
60 411 582
61 219 751
62 844 75
63 381 227
64 812 765
65 618 36
66 581 709
67 721 937
68 580 297
69 270 921
70 862 136
71 761 558
72 825 957
73 356 568
74 446 178
75 777 844
76 686 806
77 415 917
78 687 292
79 32 269
80 749 101
81 119 545
82 141 322
83 299 412
84 663 219
85 661 851
86 892 891
87 545 314
88 298 548
89 421 710
90 87 563
91 887 859
92 796 47
93 292 594
94 556 65
95 173 179
96 12 66
97 732 133
98 405 891
99 699 173
100 568 267
101 657 888
102 513 989
103 442 405
104 303 353
105 537 882
106 471 650
107 739 684
108 873 315
109 345 981
110 315 380
111 427 897
112 160 593
113 145 871
114 675 374
115 176 75
116 968 73
117 360 914
118 907 993
119 550 723
120 581 818
121 733 506
122 901 835
123 86 253
124 13 171
125 222 128
126 43 263
127 706 784
128 986 662
129 335 644
130 604 74
131 824 501
132 608 163
133 645 176
134 490 257
135 724 1000
136 950 204
137 886 124
138 669 529
139 365 511
140 114 178
141 53 153
142 775 627
143 23 770
144 785 690
145 355 631
146 791 180
147 811 191
148 63 347
149 314 194
150 4 740
151 541 313
152 727 912
153 15 912
154 94 926
155 776 232
156 573 221
157 727 84
158 224 286
159 331 401
160 659 31
161 882 527
162 125 539
163 842 944
164 720 426
165 430 46
166 264 112
167 634 953
168 278 735
169 187 648
170 611 521
171 151 124
172 601 849
173 563 352
174 801 462
175 871 335
176 369 651
177 971 776
178 492 131
179 354 681
180 367 273
181 907 549
182 563 988
183 298 679
184 992 192
185 625 190
186 858 242
187 111 623
188 15 719
189 882 570
190 78 437
191 449 14
192 139 145
193 594 750
194 709 847
195 536 427
196 352 891
197 358 209
198 743 23
199 138 790
200 0 936
201 313 286
202 818 1000
203 950 289
204 80 256
205 39 512
206 549 361
207 935 96
208 163 158
209 404 507
210 934 537
211 305 315
212 374 681
213 437 984
214 880 719
215 195 613
216 115 660
217 856 742
218 631 421
219 565 0
220 269 597
221 555 170
222 982 58
223 437 175
224 500 276
225 449 580
226 408 121
227 576 524
228 435 476
229 243 725
230 371 817
231 562 143
232 286 714
233 453 802
234 278 886
235 621 168
236 104 599
237 623 568
238 245 395
239 673 967
240 644 84
241 304 913
242 775 59
243 413 204
244 172 358
245 775 713
246 310 275
247 718 441
248 629 259
249 965 176
250 960 628
251 64 960
252 269 261
253 715 684
254 926 977
255 428 660
256 648 485
257 683 452
258 659 566
259 432 975
260 603 117
261 906 709
262 585 759
263 516 695
264 365 364
265 207 286
266 657 159
267 147 40
268 160 472
269 205 475
270 608 565
271 156 825
272 708 710
273 82 113
274 689 740
275 644 445
276 147 745
277 377 734
278 920 584
279 505 80
280 273 890
281 640 942
282 356 596
283 913 961
284 878 120
285 105 934
286 934 400
287 390 947
288 204 171
289 55 895
290 769 319
291 555 368
292 726 169
293 628 353
294 980 647
295 629 681
296 477 876
297 911 97
298 746 118
299 709 920
300 225 46
301 583 555
302 375 194
303 985 499
304 780 254
305 169 728
306 735 914
307 887 349
308 833 635
309 66 122
310 319 851
311 900 886
312 818 714
313 955 761
314 523 219
315 811 164
316 442 370
317 223 544
318 451 430
319 122 791
320 792 870
321 980 728
322 928 13
323 968 680
324 650 525
325 186 449
326 403 101
327 426 99
328 779 158
329 753 747
330 686 271
331 313 790
332 703 706
333 66 477
334 381 318
335 994 302
336 39 256
337 798 975
338 106 242
339 41 38
340 502 968
341 322 781
342 776 840
343 135 495
344 978 998
345 602 142
346 401 540
347 592 868
348 18 431
349 514 934
350 217 311
351 290 275
352 269 785
353 831 615
354 713 134
355 353 714
356 722 592
357 528 820
358 339 218
359 642 923
360 584 451
361 759 443
362 734 91
363 166 797
364 235 42
365 931 558
366 451 830
367 885 159
368 806 988
369 875 683
370 558 889
371 248 20
372 853 66
373 571 168
374 107 276
375 77 200
376 408 392
377 680 929
378 914 319
379 977 98
380 548 215
381 642 1
382 57 771
383 648 898
384 972 373
385 709 886
386 387 755
387 140 444
388 419 79
389 922 781
390 448 823
391 375 567
392 971 206
393 486 742
394 587 663
395 241 767
396 948 220
397 227 612
398 275 720
399 48 122
400 557 403
401 710 928
402 217 387
403 590 947
404 784 648
405 280 294
406 175 347
407 535 187
408 382 890
409 907 553
410 419 735
411 92 994
412 755 560
413 370 398
414 994 112
415 147 51
416 539 753
417 508 469
418 763 888
419 452 437
420 317 770
421 169 970
422 906 905
423 746 443
424 596 118
425 417 909
426 441 408
427 24 370
428 128 687
429 432 98
430 50 925
431 69 198
432 517 762
433 460 743
434 853 924
435 714 910
436 34 414
437 317 313
438 961 715
439 301 54
440 9 287
441 533 178
442 571 221
443 112 268
444 518 142
445 125 32
446 133 799
447 141 739
448 674 589
449 539 976
450 439 147
451 273 410
452 936 545
453 350 541
454 539 136
455 845 671
456 890 224
457 309 583
458 890 500
459 567 321
460 495 848
461 286 818
462 43 168
463 363 57
464 65 409
465 977 860
466 285 778
467 601 784
468 469 81
469 481 806
470 376 551
471 435 391
472 774 114
473 443 853
474 210 244
475 299 949
476 408 581
477 184 463
478 496 451
479 867 70
480 591 942
481 693 147
482 884 154
483 123 813
484 765 744
485 830 322
486 105 371
487 764 532
488 558 788
489 985 801
490 933 992
491 232 188
492 79 647
493 770 933
494 591 661
495 979 571
496 897 112
497 364 894
498 578 647
499 659 981
500 90 104
501 406 76
502 90 90
503 166 491
504 716 3
505 810 354
506 745 615
507 692 35
508 936 259
509 361 60
510 420 548
511 285 100
512 92 127
513 670 482
514 543 316
515 279 165
516 847 907
517 339 718
518 543 914
519 675 226
520 243 387
521 385 36
522 459 969
523 462 426
524 690 961
525 925 737
526 169 481
527 45 955
528 954 302
529 854 884
530 127 22
531 756 185
532 602 778
533 411 352
534 272 211
535 639 584
536 129 530
537 263 466
538 463 714
539 675 407
540 717 755
541 123 351
542 966 481
543 146 772
544 842 731
545 99 252
546 960 354
547 261 544
548 272 730
549 339 124
550 368 113
551 8 536
552 818 588
553 111 350
554 681 619
555 467 354
556 749 637
557 139 610
558 363 447
559 407 878
560 98 201
561 516 547
562 547 828
563 377 413
564 811 866
565 220 150
566 90 80
567 587 257
568 71 526
569 861 648
570 740 313
571 648 293
572 177 898
573 565 654
574 844 320
575 953 681
576 785 488
577 413 981
578 650 618
579 291 750
580 935 615
581 589 72
582 524 6
583 937 584
584 609 178
585 869 47
586 181 704
587 205 811
588 141 949
589 71 486
590 790 170
591 351 361
592 253 887
593 820 832
594 761 108
595 372 327
596 62 325
597 310 923
598 954 381
599 953 78
600 910 817
601 558 573
602 300 583
603 630 631
604 380 771
605 393 469
606 369 654
607 517 635
608 782 18
609 582 634
610 522 404
611 565 873
612 682 377
613 266 276
614 484 92
615 384 933
616 997 246
617 632 365
618 493 263
619 529 300
620 505 478
621 268 500
622 524 536
623 851 295
624 10 37
625 504 45
626 519 879
627 906 589
628 310 196
629 358 836
630 75 570
631 787 465
632 935 24
633 570 523
634 713 436
635 69 768
636 144 49
637 404 110
638 394 451
639 759 452
640 596 21
641 326 332
642 815 256
643 256 214
644 253 518
645 187 488
646 946 91
647 430 418
648 747 659
649 301 478
650 661 363
651 638 130
652 973 109
653 740 151
654 181 841
655 36 337
656 253 544
657 770 55
658 90 160
659 537 155
660 705 106
661 860 59
662 257 592
663 566 737
664 0 530
665 422 479
666 878 582
667 484 832
668 37 468
669 151 412
670 854 820
671 139 18
672 688 284
673 187 309
674 269 627
675 493 484
676 790 761
677 162 397
678 879 239
679 961 556
680 694 135
681 202 83
682 290 712
683 768 772
684 323 668
685 170 43
686 578 953
687 529 770
688 292 806
689 806 92
690 305 725
691 93 372
692 903 527
693 71 929
694 369 696
695 384 640
696 212 793
697 790 406
698 152 902
699 275 578
700 891 418
701 13 218
702 360 261
703 450 975
704 438 630
705 614 733
706 626 838
707 80 604
708 984 2
709 603 782
710 206 391
711 141 708
712 504 708
713 147 860
714 685 205
715 249 109
716 620 776
717 902 865
718 106 625
719 526 755
720 527 178
721 485 320
722 9 342
723 994 143
724 436 385
725 874 317
726 245 362
727 803 709
728 546 40
729 332 925
730 690 443
731 21 797
732 770 68
733 307 858
734 787 544
735 646 199
736 335 988
737 691 145
738 925 412
739 827 381
740 589 689
741 639 943
742 167 461
743 193 339
744 459 553
745 875 369
746 456 172
747 73 188
748 187 614
749 262 606
750 789 87
751 12 401
752 58 861
753 992 476
754 299 461
755 53 130
756 229 903
757 406 312
758 433 28
759 254 47
760 159 277
761 212 653
762 177 613
763 332 765
764 96 5
765 278 252
766 833 691
767 190 937
768 622 774
769 100 72
770 191 424
771 940 940
772 673 974
773 810 851
774 915 803
775 237 143
776 508 414
777 676 365
778 801 402
779 252 140
780 87 181
781 398 467
782 70 422
783 851 636
784 390 718
785 958 270
786 524 270
787 507 582
788 319 742
789 23 759
790 547 848
791 106 369
792 575 902
793 106 423
794 994 150
795 957 333
796 87 26
797 331 723
798 376 951
799 731 333
800 384 391
801 623 745
802 824 180
803 906 851
804 499 378
805 985 212
806 833 384
807 513 799
808 518 389
809 597 737
810 200 68
811 207 281
812 498 683
813 462 44
814 767 539
815 56 600
816 747 639
817 564 644
818 962 156
819 921 730
820 687 677
821 378 371
822 814 764
823 430 179
824 217 562
825 698 481
826 198 215
827 685 982
828 741 140
829 825 26
830 399 731
831 219 806
832 839 608
833 888 147
834 850 785
835 218 204
836 22 552
837 404 962
838 352 725
839 951 432
840 387 626
841 388 961
842 72 638
843 807 764
844 387 891
845 73 897
846 12 877
847 784 345
848 860 116
849 453 805
850 595 638
851 93 350
852 988 53
853 325 537
854 833 643
855 610 509
856 51 556
857 48 550
858 407 48
859 451 640
860 592 479
861 409 67
862 173 312
863 766 783
864 690 406
865 645 836
866 340 310
867 467 707
868 653 186
869 347 936
870 464 441
871 233 340
872 414 689
873 798 523
874 54 83
875 715 138
876 83 376
877 823 6
878 118 84
879 57 583
880 934 972
881 298 879
882 593 914
883 498 410
884 164 194
885 655 101
886 201 368
887 504 296
888 805 829
889 129 633
890 565 644
891 287 582
892 314 416
893 146 380
894 661 866
895 126 39
896 855 721
897 536 259
898 267 594
899 535 225
900 175 150
901 383 561
902 166 770
903 50 196
904 745 369
905 689 784
906 537 290
907 417 585
908 726 295
909 240 543
910 419 857
911 679 179
912 139 858
913 297 479
914 780 524
915 951 89
916 520 55
917 913 704
918 814 366
919 295 437
920 309 254
921 703 988
922 488 417
923 228 534
924 137 119
925 664 882
926 931 805
927 76 250
928 549 837
929 290 784
930 700 399
931 29 940
932 26 855
933 964 563
934 225 280
935 205 281
936 263 776
937 481 145
938 705 633
939 508 687
940 266 13
941 628 348
942 535 64
943 698 146
944 476 783
945 964 895
946 145 31
947 143 370
948 281 186
949 51 611
950 611 258
951 754 96
952 41 373
953 13 431
954 366 327
955 443 297
956 251 949
957 515 803
958 7 265
959 69 815
960 242 320
961 736 332
962 185 920
963 399 193
964 565 499
965 783 507
966 895 926
967 212 209
968 752 517
969 390 486
970 12 577
971 479 987
972 348 469
973 203 465
974 142 588
975 556 847
976 917 719
977 916 206
978 149 920
979 944 727
980 359 661
981 692 503
982 754 283
983 572 134
984 370 526
985 772 712
986 626 643
987 937 110
988 314 723
989 913 72
990 938 129
991 802 642
992 722 242
993 546 488
994 805 127
995 975 891
996 874 577
997 591 125
998 382 225
999 336 664
7 640
817 890
281 741
156 442
811 935
108 725
486 791
64 822
63 998
87 514
467 709
481 737
716 768
556 816
176 606
233 849
103 426
60 476
47 825
245 985
463 509
151 514
415 636
220 898
181 409
48 766
87 151
75 342
532 709
6 891
649 913
394 494
149 628
232 682
354 875
807 957
265 811
293 941
348 953
59 105
403 480
367 482
64 843
408 844
481 943
799 961
4 345
35 460
187 718
605 781
646 915
265 935
441 720
595 954
327 429
467 532
227 633
471 724
16 833
158 934
71 412
234 280
272 332
242 657
666 996
123 204
52 366
134 618
739 806
856 857
60 907
239 772
723 794
822 843
53 278
318 419
260 424
247 634
445 895
737 943
80 951
204 927
366 390
114 612
487 814
679 933
168 548
222 852
466 929
835 967
547 656
308 854
126 336
299 401
78 672
215 748
525 819
223 823
482 833
538 867
152 306
77 425
375 431
210 452
238 520
43 860
713 912
81 162
49 435
276 447
12 68
261 917
424 997
137 284
28 43
457 602
361 639
326 637
114 777
790 975
42 205
206 291
407 441
101 925
562 928
267 946
690 988
86 311
374 443
6 699
399 755
517 797
254 880
74 223
417 620
267 636
501 861
52 390
162 536
476 907
157 362
372 661
25 228
502 566
551 664
573 890
391 901
146 590
748 762
573 817
445 530
662 898
269 973
213 259
199 446
333 589
242 732
503 526
398 548
680 737
123 927
893 947
353 832
189 996
300 364
431 747
691 876
776 883
812 939
522 703
352 936
267 415
143 789
653 828
355 838
299 435
113 713
167 741
683 863
599 915
317 923
790 928
263 939
201 246
244 406
432 719
257 730
220 749
97 828
492 842
34 900
241 597
74 746
50 66
318 523
226 637
379 652
402 710
697 778
680 943
819 976
945 995
23 321
273 500
541 553
36 680
481 680
486 691
407 720
170 855
341 420
207 646
815 949
211 437
11 584
338 545
164 634
109 736
470 901
883 922
864 930
928 975
606 980
329 484
196 497
382 635
367 833
79 126
167 281
232 398
293 617
189 666
530 671
375 747
419 870
699 891
505 918
603 986
193 262
331 341
62 372
268 526
334 595
252 765
16 482
566 769
133 868
619 906
361 423
220 662
657 732
93 891
749 898
123 545
322 632
479 661
268 742
602 891
656 909
152 435
98 559
330 672
416 719
388 501
24 512
228 665
691 791
193 809
498 890
620 675
403 686
461 688
612 777
314 899
101 383
54 840
231 983
33 153
154 285
319 446
55 448
203 528
93 602
498 609
561 622
609 850
28 860
684 999
84 519
80 594
90 630
180 702
310 733
594 951
132 235
365 452
54 695
464 782
500 502
325 477
485 574
287 841
176 980
207 987
6 93
67 401
264 591
472 594
174 631
17 817
498 817
695 840
673 862
113 912
671 946
432 687
772 827
208 900
260 997
372 479
355 517
287 798
717 803
17 890
33 200
18 244
79 336
498 573
224 618
29 625
599 646
264 821
696 831
517 838
735 868
419 523
278 627
426 647
662 749
600 774
587 831
171 924
261 976
14 622
585 661
286 738
705 801
85 894
909 923
46 295
323 575
132 584
564 773
539 864
164 247
130 581
650 777
681 810
523 870
31 443
287 615
392 805
826 967
337 368
309 755
237 270
168 398
252 613
166 715
687 719
775 779
593 888
610 808
83 892
917 976
111 425
235 584
569 783
798 841
388 861
103 471
499 772
747 780
413 800
16 367
116 599
423 639
212 694
213 703
312 727
420 763
784 830
139 984
49 299
199 319
391 470
74 823
837 841
221 373
136 396
774 926
128 294
10 462
91 717
316 724
137 496
328 590
534 643
786 897
894 925
704 859
544 896
380 899
638 781
254 490
413 563
173 206
122 803
202 368
158 265
278 583
6 602
398 682
2 683
190 782
127 905
495 933
797 988
480 686
147 802
318 870
815 879
530 895
317 909
477 742
649 754
446 483
273 512
610 776
80 298
676 843
2 863
29 916
427 952
914 965
605 969
352 466
53 583
386 604
370 611
705 809
207 915
617 941
95 884
916 942
334 954
151 619
103 647
263 712
34 208
689 750
158 811
97 875
767 962
58 321
217 544
114 650
178 937
243 963
173 291
699 898
487 914
309 399
259 703
215 762
98 844
553 851
80 362
49 385
141 462
426 471
434 516
239 524
81 536
298 594
605 638
709 716
308 783
44 887
873 914
811 934
636 946
248 950
532 716
289 845
754 913
105 626
175 725
165 758
698 978
273 309
394 498
565 775
401 435
408 497
284 848
468 614
44 619
669 677
456 678
176 695
729 869
390 849
112 974
875 943
41 613
341 763
625 916
36 737
27 757
317 824
827 921
265 934
404 991
38 793
97 354
73 391
354 680
987 990
281 359
494 498
59 626
454 659
858 861
706 865
431 903
576 965
477 973
53 627
239 827
354 943
487 968
223 746
498 850
526 645
587 696
783 854
371 940
138 324
204 545
320 564
460 667
6 898
570 961
41 252
251 527
364 759
553 791
158 935
788 988
152 299
199 543
384 598
97 653
406 743
615 798
525 976
416 687
609 890
6 220
86 422
239 499
9 507
445 671
56 733
168 579
682 690
814 914
739 918
311 422
268 503
259 577
220 699
71 814
179 212
246 351
185 584
562 790
648 816
490 880
934 935
445 946
129 999
108 175
308 353
526 742
70 848
829 877
543 902
415 946
122 600
530 946
280 592
359 741
249 818
776 922
11 132
93 457
2 676
240 885
345 997
331 420
117 497
532 768
410 830
224 887
116 222
97 298
297 496
606 695
10 747
287 837
9 504
502 769
609 817
187 889
636 895
49 152
254 283
226 326
284 496
346 510
443 545
357 562
467 716
709 768
277 784
203 785
315 802
91 803
734 814
895 946
362 951
781 969
179 980
133 266
67 299
438 979
23 58
103 724
800 821
99 911
161 692
78 330
172 347
197 358
375 560
437 641
577 837
18 893
267 895
217 896
547 909
246 920
352 929
94 942
27 955
562 975
646 987
983 997
136 392
30 457
311 717
797 838
515 948
327 388
184 805
234 881
734 914
3 955
210 365
503 645
414 652
25 665
417 675
186 678
179 694
125 775
658 780
546 795
680 875
175 307
232 548
87 619
514 619
119 663
191 758
491 835
551 836
306 435
17 609
430 693
712 939
72 163
524 772
370 792
357 957
134 224
55 258
53 365
351 405
100 567
593 773
375 780
525 979
48 455
36 481
66 740
10 141
233 390
20 439
524 827
98 425
417 478
263 812
769 878
792 882
40 174
132 345
444 454
486 553
315 590
177 313
570 799
85 865
527 931
871 960
873 965
4 997
232 690
804 808
121 968
964 993
691 851
379 414
319 483
148 596
690 788
457 891
18 947
125 565
556 648
597 729
688 929
466 936
440 958
105 370
316 471
674 749
89 872
256 513
269 645
277 830
630 879
76 905
557 974
185 235
155 304
43 360
506 556
64 676
181 692
52 849
106 859
101 894
168 232
384 546
325 742
788 797
298 828
486 876
773 888
70 284
237 535
62 661
383 925
197 302
159 892
98 111
405 613
292 653
662 699
570 908
825 981
146 147
123 338
163 434
560 780
826 835
12 39
142 404
185 735
764 796
733 881
47 981
141 755
4 132
98 408
388 429
321 438
230 629
444 659
133 735
791 851
36 943
326 327
87 459
500 512
479 585
576 631
389 774
563 800
137 833
165 858
545 927
93 220
267 685
154 693
497 844
437 866
819 979
980 999
95 208
277 386
23 438
519 714
467 768
77 111
59 370
307 745
455 766
891 898
4 260
152 401
348 436
441 659
93 699
494 850
677 893
151 906
116 915
325 973
16 137
221 441
267 445
267 671
10 903
298 951
572 962
477 526
621 644
221 659
495 679
220 891
62 479
426 724
710 886
469 944
31 374
150 188
102 340
734 873
283 880
422 966
416 432
380 442
394 573
355 797
481 875
331 929
395 936
129 145
354 481
578 603
559 844
786 906
107 253
500 566
207 297
351 613
376 800
567 950
302 963
34 171
231 454
17 498
516 529
634 730
303 753
791 876
49 401
35 667
355 694
506 816
318 426
171 192
92 242
269 477
166 511
213 577
279 614
318 647
50 740
412 814
676 822
486 851
57 876
415 895
559 910
135 921
600 926
32 131
17 573
707 815
473 910
754 919
117 196
366 473
273 502
415 685
718 889
747 903
145 176
133 185
365 409
385 435
459 514
236 707
50 809
633 964
4 424
327 637
676 683
354 737
508 785
428 711
671 895
1 21
345 424
224 786
610 883
12 459
431 780
541 791
179 999
118 254
372 585
402 886
187 236
24 500
115 810
737 875
93 898
212 980
453 984
260 345
234 592
146 328
253 332
262 809
521 858
726 871
144 245
89 410
57 691
659 720
520 726
366 849
557 889
214 896
297 989
326 501
477 645
252 351
184 392
612 650
209 969
915 987
133 235
374 545
87 906
52 233
314 380
572 698
453 853
619 887
83 919
79 958
128 323
207 599
548 682
24 273
201 351
262 532
14 561
445 636
602 699
169 761
325 770
517 988
364 371
436 751
117 869
144 985
146 315
181 365
268 477
389 926
67 152
156 380
359 383
334 757
712 812
470 984
357 807
261 819
430 931
168 682
487 734
351 765
158 350
574 623
18 406
6 457
402 520
644 656
393 433
118 490
499 827
83 451
84 714
236 718
394 740
690 797
836 857
641 866
828 875
192 924
846 932
15 178
71 487
303 542
469 667
18 677
144 727
320 773
806 918
221 407
73 470
573 609
107 648
193 705
84 735
112 762
394 850
539 930
409 692
110 159
10 431
288 565
331 688
728 942
682 988
763 788
309 512
542 753
103 318
231 373
116 379
277 838
534 948
350 960
7 65
1 67
213 522
65 640
814 968
558 972
299 306
338 443
99 481
365 583
636 685
514 906
714 911
70 137
11 235
182 449
305 586
129 684
613 765
665 781
386 830
8 992
732 750
150 789
267 530
258 535
486 541
472 951
522 971
253 272
270 301
67 306
56 310
265 350
392 396
56 461
494 573
145 606
195 610
94 728
776 808
746 823
868 911
656 923
836 970
147 315
363 902
376 471
276 543
112 557
211 641
357 928
99 943
436 953
44 151
143 731
140 780
326 388
61 395
151 459
547 644
92 657
115 681
801 809
137 848
819 917
21 135
192 208
218 275
99 292
201 437
39 459
68 459
59 611
266 868
375 903
346 470
452 679
183 684
172 706
280 881
227 964
258 448
199 483
212 606
347 611
471 647
52 667
655 722
312 766
6 662
505 847
379 915
523 922
611 975
250 294
28 360
111 559
548 579
286 598
541 947
73 453
259 522
426 523
546 598
371 759
308 832
856 879
346 901
408 559
231 659
685 946
91 122
53 409
630 856
554 938
80 157
276 305
33 931
77 98
214 261
453 470
57 486
142 556
86 717
851 876
221 231
67 435
73 901
73 282
140 560
455 569
513 825
469 849
501 858
645 973
233 366
247 423
223 450
247 730
494 740
420 788
353 854
480 882
161 458
484 683
413 821
929 936
976 979
80 472
250 580
8 714
560 747
653 875
644 909
30 282
278 365
178 444
475 597
57 793
70 833
31 338
233 469
298 472
245 727
615 841
116 852
185 868
566 878
153 200
244 743
892 919
351 920
226 327
70 482
116 646
553 691
612 930
38 190
569 854
494 609
478 620
23 979
11 373
466 579
596 655
354 828
502 878
879 949
306 401
177 489
579 690
41 934
49 306
31 545
148 655
168 690
225 744
591 821
284 833
592 756
2 843
424 983
197 998
36 354
199 363
627 666
466 688
376 724
253 820
462 903
914 968
103 523
36 660
353 783
552 832
808 883
491 967
300 759
768 801
415 445
102 449
96 624
419 647
617 650
262 663
29 728
22 777
394 890
95 900
297 987
238 402
193 532
354 660
221 720
99 737
579 788
360 860
326 429
370 518
433 538
431 560
329 683
88 853
279 916
63 197
79 440
262 709
34 192
181 452
836 856
200 931
412 487
312 544
105 611
129 980
232 988
44 514
229 548
108 574
394 609
193 801
204 338
52 473
71 734
104 110
181 210
298 362
157 951
290 570
23 313
262 467
316 555
271 654
644 923
147 590
165 861
76 127
11 185
271 363
108 623
50 705
266 911
652 915
48 312
26 390
10 780
394 817
824 909
233 944
707 949
340 971
91 311
216 428
446 543
353 552
458 692
524 921
309 500
317 656
140 658
220 674
75 320
377 401
196 408
123 443
122 717
503 742
290 847
541 851
728 916
751 953
137 482
30 602
350 673
365 679
201 211
305 447
409 452
117 729
57 791
798 837
612 864
743 886
824 923
588 978
124 462
574 725
148 851
189 409
484 676
450 746
243 823
145 980
299 377
333 668
145 695
44 721
59 790
176 212
289 430
390 473
463 521
430 527
398 690
694 784
619 786
89 830
216 889
420 929
513 981
331 466
429 637
241 729
166 779
142 816
783 832
455 854
908 982
327 501
265 673
255 859
16 284
174 576
249 392
673 743
348 751
850 890
319 543
117 615
189 627
721 887
605 665
611 792
244 886
628 948
448 554
301 601
539 612
611 790
176 840
380 407
190 464
187 557
308 569
631 639
193 663
699 749
195 776
259 837
175 574
179 606
472 750
142 991
47 513
447 711
414 723
663 809
419 426
127 540
549 550
554 578
339 624
660 680
342 888
897 906
854 991
167 359
15 444
338 927
345 983
30 73
164 423
580 583
494 890
765 920
866 954
465 995
42 551
37 585
157 660
664 836
44 87
69 280
123 374
104 641
352 688
6 749
715 779
528 795
716 801
707 879
44 906
85 925
727 985
277 355
379 599
40 631
517 788
173 459
343 503
558 638
39 68
53 181
4 235
242 750
41 765
190 793
153 931
3 27
184 249
210 409
268 645
416 663
474 826
244 947
703 971
141 399
436 464
583 627
636 671
331 763
276 902
487 965
850 986
817 850
152 385
255 704
350 811
662 891
29 942
456 977
136 249
238 451
274 540
66 663
427 722
75 888
5 202
227 301
74 450
379 646
251 693
113 698
618 786
308 991
302 998
623 725
849 944
195 400
52 469
132 185
362 594
530 636
354 653
505 739
387 742
494 817
119 416
36 875
19 960
95 288
202 337
215 397
363 543
89 784
577 841
804 883
476 901
350 934
407 659
165 813
693 845
341 929
269 325
235 345
10 375
92 608
255 872
54 176
528 785
66 809
201 920
732 951
68 100
369 455
57 464
142 506
93 749
125 779
350 935
86 91
15 279
229 398
145 840
669 893
225 907
24 924
72 337
646 652
70 367
356 506
118 283
315 328
117 408
105 518
115 685
794 818
676 863
771 880
752 932
207 989
245 484
425 559
4 651
210 692
965 968
2 64
181 189
211 405
20 511
362 660
257 825
292 828
798 869
695 980
257 513
191 813
288 491
29 582
658 747
469 807
665 969
484 985
41 158
420 579
15 614
738 839
758 858
786 887
292 875
420 466
523 647
100 897
114 539
238 726
146 802
179 355
1 493
210 679
125 715
264 800
677 947
363 446
512 658
366 667
674 898
454 983
203 508
772 921
570 982
687 807
758 813
332 820
350 871
209 346
478 675
403 882
207 990
214 217
226 429
160 507
193 709
427 751
450 823
568 857
388 858
336 958
352 395
296 460
477 503
209 665
606 840
452 933
673 935
161 181
300 810
447 543
548 690
365 933
707 718
92 732
739 778
406 886
16 70
103 419
377 524
500 769
565 779
82 862
478 870
660 875
176 179
63 302
139 453
298 653
647 724
887 906
204 374
198 504
645 742
630 857
743 862
164 930
860 964
141 309
278 409
14 633
179 684
273 755
410 784
694 838
651 885
472 994
94 581
423 634
75 773
83 159
261 525
54 606
387 669
357 790
69 956
509 521
870 922
201 405
273 566
415 671
183 682
149 948
268 343
320 342
299 385
292 531
398 579
257 634
42 664
169 748
573 850
865 894
279 942
66 119
338 374
143 382
220 602
897 899
579 929
823 963
373 983
346 984
38 387
429 501
501 637
376 647
131 873
244 893
148 952
102 971
136 977
320 418
16 496
82 541
488 687
289 752
133 911
469 957
231 997
314 407
204 443
518 792
627 996
485 623
112 748
283 771
857 879
118 880
583 933
842 949
175 745
600 803
461 929
264 413
537 621
285 693
457 699
630 707
268 387
305 711
673 811
500 878
199 902
278 580
388 637
160 381
293 650
164 730
84 868
547 923
606 999
284 482
700 738
326 861
241 881
301 633
307 725
723 818
383 894
149 358
749 891
578 986
282 391
35 626
266 651
129 176
35 296
268 325
300 371
271 446
193 467
517 690
610 804
138 981
165 388
252 405
618 887
602 898
492 718
451 919
45 374
22 612
77 615
2 822
814 873
69 241
26 366
205 568
438 575
10 658
99 714
122 774
707 842
17 850
481 911
478 922
396 977
47 257
727 766
425 844
855 860
48 896
59 975
103 316
421 588
594 750
196 844
310 881
60 901
145 282
137 367
400 610
279 625
689 994
291 400
88 602
304 642
93 662
406 862
474 967
294 323
271 483
476 510
427 655
525 917
170 227
153 846
86 966
273 399
60 510
564 593
487 873
349 518
415 530
222 599
670 834
615 837
148 876
638 969
53 452
114 864
146 531
448 535
530 764
57 782
211 866
56 881
114 930
0 956
139 969
260 983
61 229
491 643
50 663
171 900
120 562
129 606
105 790
590 802
49 67
328 531
22 799
117 844
126 927
290 961
579 988
176 999
143 150
272 274
246 405
343 536
297 646
397 749
455 783
311 803
630 815
832 854
4 983
361 631
572 978
323 438
603 850
535 578
342 773
26 849
88 891
313 979
83 110
412 734
814 965
599 987
92 829
154 845
288 900
621 913
391 476
316 533
45 596
288 835
687 957
169 215
69 234
8 519
136 805
962 978
279 468
409 627
782 793
208 884
110 892
321 979
652 987
171 208
237 258
340 349
133 584
51 592
397 662
593 670
462 747
715 775
382 789
616 805
568 856
164 864
90 879
737 911
21 921
759 940
126 958
161 409
391 453
550 637
201 866
566 874
18 886
818 990
271 713
216 718
561 787
496 833
750 951
45 204
442 899
742 973
80 97
22 114
325 526
393 538
286 839
430 845
327 861
595 866
292 943
963 998
557 718
31 760
710 770
214 917
650 941
214 369
241 475
232 579
116 652
537 754
192 900
576 914
655 952
72 368
270 535
187 707
625 942
168 229
103 376
358 628
373 659
169 762
134 786
718 842
537 913
610 922
97 943
694 980
97 292
269 526
51 756
541 691
376 821
847 918
239 921
19 211
298 354
376 426
345 584
90 856
433 867
502 874
684 980
247 257
88 457
404 556
236 557
81 90
186 456
778 806
235 868
26 233
108 307
274 332
343 526
558 563
527 693
547 699
193 716
266 737
98 910
137 297
515 779
746 937
329 540
583 679
350 743
193 768
436 782
120 172
393 432
283 490
499 524
599 652
298 875
183 232
326 550
662 674
730 864
214 976
712 867
541 893
791 947
264 954
50 193
9 198
502 512
235 266
390 667
511 715
444 720
776 804
352 461
341 466
390 469
277 604
386 784
474 811
788 838
615 869
510 907
271 912
444 937
24 502
531 590
595 757
227 855
591 954
558 605
517 694
766 896
85 101
165 191
187 216
88 547
520 710
657 750
355 784
432 807
496 848
714 868
120 928
734 965
181 278
292 354
132 373
153 430
163 516
59 518
260 651
85 706
576 873
474 935
465 945
901 984
94 916
7 219
376 563
219 640
243 998
234 241
346 391
577 703
276 711
564 888
336 927
315 994
49 377
167 499
62 585
402 726
643 948
221 454
531 653
289 693
526 973
452 692
464 876
698 962
223 243
115 415
15 454
448 578
224 619
784 872
126 204
264 595
141 658
468 813
312 896
44 224
251 430
369 569
760 862
386 410
485 505
594 828
553 947
120 488
451 520
88 699
505 806
634 864
19 405
340 449
396 805
308 455
266 481
389 600
345 651
168 988
317 547
414 794
407 899
19 104
316 426
69 592
579 682
56 688
347 792
34 924
486 947
104 211
60 225
4 584
97 680
731 789
838 988
6 88
101 359
128 575
182 686
228 781
404 816
533 821
911 943
904 961
646 989
145 999
557 762
295 986
97 660
306 385
306 418
77 844
553 876
156 899
579 936
216 492
329 863
778 918
97 594
591 641
120 975
34 95
138 258
11 345
99 680
799 908
908 961
366 469
165 501
313 525
587 654
359 377
376 413
589 668
393 712
555 721
48 727
445 796
158 960
63 963
99 875
313 389
401 524
106 704
453 901
735 911
241 280
404 648
429 861
100 906
917 979
156 567
799 904
239 377
246 437
86 529
784 838
28 855
1 306
48 369
472 689
277 694
730 825
42 836
288 967
646 990
14 227
37 322
331 461
608 657
478 776
357 975
68 87
40 697
262 716
157 298
377 435
248 571
580 627
395 696
262 705
654 713
249 794
71 914
304 982
209 984
194 385
60 391
441 444
285 588
24 658
539 730
752 845
474 934
290 982
78 571
452 583
325 645
484 863
30 93
77 287
24 309
341 688
148 691
685 810
205 857
212 355
159 413
80 732
512 755
421 767
341 788
532 801
272 820
78 908
398 988
139 209
170 324
67 524
205 551
460 626
238 710
521 861
812 867
132 133
597 869
510 901
318 922
634 930
243 302
373 441
373 584
462 755
643 835
198 608
510 744
199 271
283 966
494 986
442 567
523 883
611 928
63 243
246 765
406 947
58 177
120 467
196 729
714 735
40 778
399 874
26 52
209 605
329 676
254 771
224 906
672 908
236 974
638 665
53 189
257 275
284 367
262 488
328 653
519 735
445 764
477 770
677 770
353 991
292 481
621 649
213 837
431 462
317 644
36 885
210 933
90 236
55 535
77 559
178 614
80 828
683 843
224 897
221 983
54 255
408 425
416 488
306 493
365 627
671 685
235 735
596 851
393 867
447 902
878 924
105 975
329 985
214 544
491 565
537 649
406 673
380 441
179 517
262 768
780 903
757 955
24 192
347 370
591 595
63 702
652 723
387 793
826 884
47 121
23 177
187 492
309 502
504 507
335 528
568 589
119 719
555 804
231 345
461 466
434 529
181 627
743 871
19 871
355 988
256 324
69 597
378 725
397 748
496 987
376 533
207 652
256 275
586 711
422 717
530 796
116 207
284 297
93 674
426 870
2 484
656 824
42 857
443 927
45 123
370 626
244 677
112 215
211 246
96 339
222 379
69 475
48 544
90 568
234 733
141 747
533 757
558 781
212 784
117 798
540 905
251 931
807 944
751 952
641 954
43 964
311 966
652 990
307 378
58 438
209 781
111 844
599 989
107 272
261 369
345 373
226 450
121 487
374 927
328 994
65 130
189 278
245 329
316 376
75 564
53 580
656 699
582 728
269 742
290 799
262 801
22 961
32 161
47 730
804 922
68 567
253 648
92 750
252 920
660 943
562 957
58 313
373 407
110 591
12 100
429 468
22 650
151 887
226 550
295 740
188 789
474 835
212 872
111 910
297 915
144 312
1 401
396 508
425 615
66 705
475 729
309 874
409 996
659 983
534 628
183 999
31 123
204 336
41 351
571 672
594 732
544 766
26 910
225 476
236 630
409 666
35 357
41 405
82 553
273 874
808 922
247 361
296 473
287 577
170 633
647 870
478 883
39 941
432 957
39 173
98 497
131 576
19 726
572 767
166 775
667 849
90 857
796 895
121 981
173 514
38 782
249 805
419 922
108 378
314 720
613 934
551 970
4 11
12 87
130 240
207 496
277 517
205 589
115 636
815 842
43 855
65 160
54 704
532 809
391 984
352 579
140 192
239 281
313 321
91 529
533 724
167 239
99 354
97 481
219 582
363 587
538 712
660 737
534 765
400 808
134 887
451 892
649 919
131 965
139 470
488 562
266 735
791 893
59 928
129 179
405 437
346 476
68 514
413 591
14 601
242 608
348 668
90 707
168 788
619 897
436 952
126 440
157 594
239 741
901 907
777 930
563 638
235 651
62 689
195 883
915 989
132 997
212 999
822 834
500 874
347 975
682 788
688 936
190 333
669 770
379 987
67 377
410 433
338 560
560 658
365 692
705 768
626 790
206 808
833 848
334 866
310 629
187 842
686 882
113 572
198 657
366 910
297 990
258 324
486 893
71 968
606 694
45 927
74 243
17 394
385 401
144 404
277 410
539 777
763 797
625 813
563 821
472 828
769 895
87 173
97 362
207 379
229 395
248 567
278 666
405 765
184 794
195 808
328 828
913 919
450 937
223 963
434 966
370 975
261 979
53 210
237 301
281 377
375 658
393 719
709 801
24 878
314 897
915 990
265 474
296 626
615 844
305 902
876 952
726 960
213 971
21 67
68 151
278 452
318 471
269 503
54 145
107 332
438 525
89 538
120 709
103 870
631 965
702 998
82 406
231 424
314 441
478 523
212 695
140 747
44 786
236 889
393 944
620 993
698 713
625 728
653 943
104 437
220 457
80 750
86 803
633 855
551 857
441 454
122 926
816 938
65 381
70 496
518 626
292 737
573 740
633 993
247 639
598 738
370 790
682 797
214 819
364 940
667 957
417 993
36 266
142 648
18 743
673 760
871 886
164 361
228 419
380 720
584 735
291 808
242 951
228 605
61 696
548 988
77 408
106 812
211 351
42 568
298 660
481 660
362 732
97 737
384 795
438 819
608 877
757 954
770 973
206 400
369 766
669 947
128 250
265 862
295 494
499 741
105 792
64 834
369 896
63 358
205 664
135 827
46 986
161 189
66 193
130 260
208 288
245 312
175 485
340 522
492 707
121 825
599 852
370 882
320 888
266 943
762 974
140 375
33 430
408 615
701 903
97 951
1 152
480 792
324 855
84 911
433 944
496 989
750 994
55 554
30 891
141 903
412 968
336 440
17 494
409 583
233 667
109 798
282 840
459 906
50 119
11 221
60 346
158 613
174 639
467 488
225 510
618 897
537 919
5 72
302 358
152 418
45 443
172 611
689 732
464 952
72 434
357 460
288 775
232 788
544 822
107 985
181 996
5 368
53 666
46 820
637 861
246 252
18 669
377 741
464 793
777 864
281 499
226 388
52 460
294 575
459 619
431 658
705 716
498 740
491 826
217 834
457 898
369 917
693 931
828 943
57 190
153 289
378 528
215 761
205 836
934 960
72 202
168 466
108 485
158 673
300 681
68 906
268 973
358 998
342 564
364 810
636 878
397 761
579 763
168 936
136 184
29 279
12 514
424 651
454 720
608 829
473 559
497 615
582 625
420 688
513 730
95 826
514 887
412 914
944 957
394 986
209 228
341 579
515 628
555 724
73 853
222 915
124 141
206 459
470 476
357 488
663 719
397 898
506 938
330 571
643 765
45 126
114 617
602 662
181 666
249 723
667 807
415 878
406 893
446 902
15 937
100 950
576 968
482 496
495 583
617 777
274 905
154 430
231 444
209 510
246 613
37 632
62 848
350 862
657 951
197 963
119 263
39 293
170 301
251 411
506 648
205 668
141 780
355 788
179 838
170 270
26 473
470 510
389 525
266 680
742 770
100 786
668 953
123 126
106 255
568 630
685 895
556 938
438 976
205 333
471 523
282 901
734 968
99 266
460 469
158 474
73 984
331 352
328 472
399 512
17 607
80 660
485 725
219 728
10 755
604 830
815 856
643 967
167 772
856 970
229 232
47 247
167 480
287 869
356 938
767 978
496 990
319 363
167 403
576 639
677 710
382 731
595 821
288 826
726 886
602 749
185 266
377 383
547 621
296 667
64 683
497 729
203 795
50 801
499 921
862 935
722 952
56 234
117 287
2 329
220 397
353 569
132 651
397 674
591 800
745 806
830 872
27 334
75 593
697 739
59 792
768 809
124 903
562 807
390 910
281 383
130 424
159 591
342 593
175 623
247 825
763 838
584 868
969 984
151 173
6 547
544 727
69 756
273 769
467 801
395 831
87 887
247 864
706 894
840 980
12 151
463 858
609 986
671 764
90 162
125 166
309 658
482 848
256 855
987 989
176 694
565 900
857 970
605 972
226 501
109 869
172 975
10 124
4 231
268 269
162 343
427 436
488 532
373 720
730 930
501 521
120 532
88 656
53 679
461 733
385 925
299 524
843 863
164 257
275 513
186 642
500 755
402 770
378 795
53 933
14 964
503 973
373 454
131 174
148 427
449 686
242 689
491 775
716 809
196 869
149 534
497 869
96 874
654 912
139 972
969 972
154 251
334 533
64 544
347 706
120 790
16 848
764 895
395 466
884 900
344 490
206 514
488 709
709 809
879 970
115 267
231 441
149 515
228 870
221 380
111 408
418 493
377 772
41 811
694 872
32 873
488 957
590 994
4 373
357 667
205 856
597 881
380 897
492 949
821 954
382 959
18 710
867 939
41 474
331 579
569 832
519 868
295 394
399 500
391 907
247 930
763 988
257 539
107 816
592 881
878 895
512 924
471 533
155 642
616 785
758 861
847 904
180 866
203 335
175 378
363 483
497 559
157 732
280 756
462 780
719 807
172 865
698 912
828 951
199 276
25 419
272 540
383 741
232 797
147 328
356 412
488 719
281 772
694 999
24 171
23 525
37 661
741 772
313 819
244 862
811 862
347 882
870 883
311 529
143 635
336 701
275 730
547 891
134 897
405 960
54 980
312 985
479 989
473 667
652 794
25 870
432 944
174 361
100 442
97 472
165 521
181 583
297 599
92 689
3 757
694 830
386 838
170 860
246 866
89 867
520 886
553 893
763 929
855 964
228 969
13 439
362 472
491 534
45 545
288 884
575 917
75 418
419 478
218 539
539 650
6 674
363 696
472 732
259 841
760 935
285 978
107 245
139 346
65 581
273 878
132 983
330 992
151 786
100 156
132 260
325 387
399 462
595 641
33 846
410 872
38 57
8 99
25 209
330 519
533 595
445 685
748 761
669 793
488 807
77 837
379 852
786 899
853 984
88 93
107 144
31 204
66 394
262 416
313 438
611 626
240 651
873 968
221 444
464 691
149 197
24 566
363 654
621 656
224 721
680 911
325 503
18 541
484 843
50 262
515 534
424 581
518 611
423 631
361 634
133 651
99 653
42 668
183 690
479 848
257 864
359 925
278 996
132 424
420 690
532 705
105 928
35 59
84 133
125 288
286 384
287 425
351 437
327 468
508 528
529 564
286 700
694 797
289 846
195 478
330 908
697 918
310 461
1 299
375 462
292 680
280 733
343 742
683 822
844 910
60 470
538 812
836 879
187 974
832 996
55 356
111 473
485 918
183 988
339 874
889 974
34 288
203 378
113 654
184 818
358 920
227 993
116 414
141 512
230 604
164 639
635 789
666 832
208 924
548 936
575 979
860 993
98 615
42 856
124 701
690 838
635 959
53 996
8 84
76 194
101 377
183 398
463 501
138 513
387 526
483 543
755 874
6 30
512 566
12 567
35 790
57 851
441 899
463 861
123 336
210 583
36 651
420 988
28 256
180 334
260 581
771 966
87 206
127 274
249 396
481 653
445 769
467 809
541 876
519 911
756 962
16 990
217 312
320 593
28 964
178 454
680 828
651 997
113 271
277 797
769 874
752 959
36 97
244 710
121 814
830 838
701 958
515 775
217 822
324 981
41 265
324 513
109 841
551 856
373 997
29 94
318 724
25 781
403 792
533 800
634 825
531 828
754 892
41 935
558 969
11 156
82 244
630 949
439 759
517 763
366 460
264 533
159 563
522 577
47 634
523 776
339 796
547 824
509 858
103 922
820 938
256 981
658 755
577 798
273 658
462 658
720 899
392 616
139 853
141 431
501 509
86 516
594 689
227 860
346 907
483 912
84 185
27 533
622 633
539 634
201 641
82 673
769 796
703 837
99 868
782 876
673 934
55 138
354 362
152 493
535 603
594 653
530 685
189 692
358 702
443 760
607 817
834 843
426 922
649 972
91 600
179 797
461 936
721 955
14 301
35 469
387 477
79 927
252 934
52 944
594 994
766 854
475 956
26 230
480 741
144 766
236 815
228 638
841 869
40 361
314 442
82 947
9 160
107 556
201 613
520 871
292 911
36 99
63 180
95 192
271 319
505 574
606 684
928 957
356 448
148 553
603 609
598 795
256 257
407 444
379 723
661 829
544 843
74 937
11 133
85 194
198 242
547 662
656 662
663 705
557 748
335 785
760 811
48 854
498 986
10 560
690 763
579 797
30 853
560 903
395 548
361 697
588 698
335 795
90 815
652 818
116 987
148 791
697 806
216 842
613 920
30 453
255 695
619 721
148 486
309 566
604 763
331 788
106 607
119 712
572 713
52 910
30 391
19 437
214 525
562 611
82 760
674 891
174 965
170 237
291 459
367 496
548 788
481 828
509 861
664 970
259 971
14 993
231 260
28 275
251 285
11 442
432 488
523 724
710 726
677 886
151 206
104 591
600 717
521 758
740 809
228 318
264 334
439 511
634 639
653 680
752 846
457 853
138 256
410 538
487 576
87 786
585 829
319 902
278 933
35 52
85 383
282 457
252 643
229 682
466 763
241 869
414 915
81 974
201 765
422 771
265 960
372 829
390 944
94 130
177 321
80 354
291 610
222 646
638 647
265 760
505 778
774 803
607 890
391 510
200 527
164 539
349 449
30 88
35 105
50 295
168 395
471 555
234 597
145 684
285 845
887 897
626 975
281 480
83 754
66 494
473 849
195 922
210 278
357 469
419 471
275 539
144 648
176 684
184 723
622 787
420 797
119 809
355 830
900 924
491 948
182 403
356 554
92 877
132 266
67 493
129 695
403 741
582 916
113 978
398 788
212 838
633 860
49 925
494 603
6 656
95 967
140 431
282 470
484 540
48 569
40 639
110 641
125 681
355 690
120 706
347 790
290 908
438 917
460 957
719 957
97 157
177 389
333 568
404 854
73 457
21 524
308 552
122 670
500 924
35 957
74 963
58 979
517 682
674 699
653 737
783 991
80 242
561 601
51 654
64 863
648 938
638 972
141 273
133 714
405 920
177 926
289 932
321 323
316 647
739 745
293 777
136 818
5 163
429 450
244 541
413 558
190 589
231 720
362 828
699 909
407 442
466 788
660 828
280 597
663 687
408 910
678 977
45 79
64 217
190 436
32 458
305 543
57 553
250 583
42 589
278 679
636 769
402 871
236 879
611 882
131 914
377 925
667 944
815 970
754 972
519 992
318 478
476 840
704 907
33 527
79 204
342 418
327 450
365 495
466 548
197 628
475 869
847 961
367 848
91 422
514 786
865 925
154 289
59 562
621 754
359 882
670 888
8 911
488 928
68 950
379 990
152 377
235 373
313 489
662 824
518 882
12 906
145 179
102 182
295 603
357 687
397 762
375 927
660 951
121 965
156 314
388 468
25 675
691 947
781 972
252 534
328 802
89 277
60 840
313 926
613 960
132 231
66 262
56 280
7 381
381 640
312 822
256 825
119 262
468 625
39 87
705 709
565 715
400 776
159 264
50 394
281 403
452 495
601 622
472 653
737 828
80 875
512 878
660 885
832 991
352 420
245 676
884 967
180 998
134 314
192 512
121 914
23 819
547 898
189 365
264 563
264 641
588 767
236 842
263 867
168 929
259 287
195 417
337 493
55 578
139 605
69 881
89 255
372 848
98 117
132 868
80 657
201 252
81 630
705 740
112 889
61 936
585 989
28 170
270 601
815 857
161 996
308 404
362 875
35 928
237 324
312 455
206 610
15 659
168 352
117 597
80 653
179 695
392 818
76 865
840 907
362 657
159 919
777 941
144 991
43 993
129 183
11 231
212 517
450 637
325 669
71 873
571 950
332 540
271 587
242 594
437 954
156 407
396 785
397 824
656 891
455 896
756 956
170 964
37 479
178 659
517 784
471 800
740 890
771 945
258 270
122 311
346 453
545 560
314 786
389 819
338 375
1 435
567 897
788 929
155 531
614 625
318 883
119 432
89 433
86 434
199 447
404 506
68 619
100 619
91 670
686 792
598 839
729 798
344 880
407 454
704 840
708 852
120 347
200 430
284 479
225 704
312 843
681 685
343 387
192 658
244 673
542 839
