1000 4000 52.81098370604357 sparse
0 473 240
1 393 518
2 251 162
3 25 359
4 746 891
5 989 273
6 7 268
7 335 380
8 289 436
9 816 842
10 208 358
11 15 342
12 566 148
13 768 167
14 823 101
15 624 132
16 804 287
17 270 466
18 337 730
19 895 465
20 268 211
21 22 427
22 1 714
23 345 34
24 83 212
25 575 988
26 873 321
27 680 729
28 690 947
29 850 288
30 993 137
31 579 340
32 710 42
33 658 935
34 16 618
35 551 479
36 947 468
37 146 849
38 658 545
39 877 426
40 663 238
41 327 238
42 3 861
43 708 966
44 747 962
45 293 754
46 711 394
47 85 810
48 259 683
49 866 333
50 467 749
51 861 2
52 478 712
53 378 503
54 756 987
55 4 348
56 261 815
57 364 445
58 155 454
59 619 656
60 0 847
61 406 844
62 163 843
63 925 512
64 207 161
65 767 960
66 985 15
67 904 173
68 54 12
69 818 666
70 941 37
71 641 54
72 530 6
73 828 66
74 911 656
75 40 968
76 500 95
77 700 925
78 380 485
79 453 253
80 102 269
81 558 202
82 914 543
83 594 581
84 754 484
85 444 74
86 19 552
87 911 536
88 52 779
89 92 124
90 899 903
91 6 922
92 649 855
93 631 411
94 408 491
95 807 88
96 158 0
97 137 717
98 922 969
99 120 955
100 953 958
101 165 306
102 653 0
103 812 105
104 407 332
105 769 796
106 174 203
107 692 278
108 790 859
109 569 734
110 202 63
111 993 969
112 654 510
113 611 620
114 165 673
115 888 766
116 947 81
117 584 608
118 447 33
119 728 946
120 129 2
121 941 30
122 620 901
123 226 191
124 912 394
125 473 356
126 345 577
127 836 301
128 272 486
129 340 592
130 416 741
131 138 49
132 906 971
133 841 669
134 715 270
135 954 415
136 696 804
137 233 272
138 193 993
139 851 428
140 217 315
141 899 482
142 819 423
143 820 479
144 978 112
145 786 682
146 266 0
147 317 477
148 566 131
149 623 803
150 112 876
151 492 945
152 942 767
153 701 717
154 730 329
155 610 223
156 772 705
157 217 522
158 156 824
159 845 934
160 769 758
161 506 829
162 117 256
163 868 210
164 311 889
165 696 378
166 980 823
167 883 659
168 938 49
169 807 569
170 789 153
171 608 44
172 242 691
173 33 89
174 164 452
175 425 80
176 58 908
177 962 338
178 384 728
179 473 648
180 165 31
181 439 716
182 647 68
183 786 371
184 461 84
185 922 475
186 338 111
187 681 985
188 412 88
189 668 552
190 72 834
191 258 649
192 81 570
193 77 559
194 97 337
195 541 763
196 846 80
197 183 297
198 239 194
199 721 591
200 204 864
201 292 780
202 740 982
203 840 833
204 211 192
205 599 381
206 270 753
207 48 681
208 91 241
209 220 800
210 337 6
211 550 918
212 551 337
213 797 214
214 832 487
215 956 974
216 348 370
217 962 204
218 360 650
219 40 886
220 612 932
221 565 858
222 791 751
223 311 621
224 341 548
225 606 687
226 723 243
227 618 711
228 894 862
229 791 454
230 286 285
231 545 134
232 761 738
233 265 431
234 340 601
235 392 370
236 305 996
237 434 722
238 357 998
239 680 751
240 128 880
241 486 544
242 806 767
243 865 10
244 687 769
245 176 90
246 340 108
247 966 647
248 201 484
249 798 391
250 586 636
251 394 254
252 717 194
253 699 693
254 622 552
255 95 435
256 204 808
257 92 809
258 35 764
259 738 845
260 879 724
261 918 813
262 880 440
263 94 240
264 666 837
265 959 360
266 506 944
267 181 809
268 715 64
269 800 500
270 618 626
271 826 2
272 256 646
273 198 644
274 209 887
275 893 697
276 371 623
277 251 605
278 338 710
279 105 66
280 797 409
281 934 961
282 772 458
283 364 998
284 993 862
285 358 974
286 855 548
287 992 623
288 696 700
289 974 427
290 860 235
291 87 518
292 948 343
293 615 967
294 985 909
295 804 147
296 460 586
297 238 304
298 608 774
299 29 576
300 734 992
301 925 555
302 40 616
303 458 491
304 903 333
305 770 91
306 662 978
307 277 236
308 471 197
309 103 214
310 824 83
311 625 53
312 849 0
313 347 77
314 334 764
315 281 189
316 767 117
317 140 365
318 221 789
319 284 769
320 30 802
321 372 804
322 274 35
323 785 209
324 840 413
325 308 928
326 357 89
327 556 750
328 135 302
329 747 161
330 83 532
331 488 254
332 202 142
333 203 242
334 429 998
335 995 161
336 426 723
337 902 70
338 821 312
339 255 860
340 539 116
341 613 468
342 760 48
343 173 450
344 588 130
345 636 77
346 174 300
347 57 173
348 631 186
349 329 463
350 85 117
351 236 240
352 943 572
353 964 449
354 531 575
355 796 428
356 163 564
357 819 1000
358 328 838
359 525 729
360 44 380
361 106 294
362 677 729
363 824 385
364 948 465
365 881 755
366 562 359
367 259 336
368 423 89
369 805 367
370 529 269
371 438 854
372 811 5
373 517 541
374 259 410
375 24 666
376 937 588
377 431 636
378 911 204
379 89 184
380 788 413
381 310 236
382 303 942
383 63 374
384 301 681
385 165 327
386 845 248
387 105 957
388 507 390
389 640 0
390 139 38
391 660 859
392 880 763
393 674 720
394 286 909
395 562 257
396 886 280
397 523 658
398 120 386
399 919 665
400 535 9
401 86 235
402 488 162
403 854 185
404 973 367
405 997 242
406 297 660
407 477 132
408 621 714
409 883 973
410 109 848
411 371 968
412 239 357
413 652 775
414 763 676
415 254 976
416 356 360
417 320 779
418 587 507
419 475 895
420 913 716
421 291 10
422 535 462
423 823 257
424 746 928
425 105 824
426 401 517
427 896 539
428 340 344
429 275 369
430 695 27
431 855 794
432 680 817
433 518 986
434 854 471
435 366 705
436 648 22
437 291 159
438 519 544
439 221 627
440 964 5
441 725 14
442 168 597
443 562 276
444 16 713
445 163 926
446 603 250
447 209 952
448 589 339
449 628 760
450 844 511
451 120 516
452 976 123
453 5 610
454 649 388
455 721 93
456 65 383
457 531 243
458 535 211
459 479 259
460 991 172
461 234 908
462 572 743
463 616 459
464 221 835
465 625 843
466 900 126
467 723 878
468 112 330
469 924 997
470 621 468
471 326 756
472 712 319
473 162 751
474 904 4
475 856 101
476 433 439
477 96 272
478 392 652
479 836 593
480 594 616
481 34 682
482 599 957
483 864 463
484 839 163
485 934 202
486 583 725
487 71 72
488 753 466
489 941 15
490 290 799
491 436 102
492 404 481
493 374 70
494 318 164
495 40 559
496 850 635
497 193 192
498 2 291
499 611 345
500 992 100
501 752 854
502 352 990
503 916 771
504 81 989
505 543 13
506 32 902
507 480 726
508 979 189
509 580 205
510 138 489
511 260 686
512 182 291
513 890 176
514 758 394
515 979 808
516 485 471
517 919 74
518 826 768
519 658 326
520 456 306
521 961 236
522 912 996
523 79 199
524 860 538
525 652 222
526 73 73
527 238 505
528 225 912
529 871 474
530 65 109
531 811 856
532 273 751
533 404 126
534 381 826
535 700 193
536 173 421
537 408 525
538 483 442
539 59 558
540 729 984
541 594 981
542 244 675
543 489 37
544 196 801
545 491 934
546 740 595
547 609 65
548 698 697
549 887 179
550 142 137
551 210 642
552 110 751
553 676 284
554 873 791
555 691 64
556 199 502
557 967 892
558 139 82
559 462 359
560 843 454
561 342 74
562 733 794
563 864 285
564 213 832
565 3 466
566 202 279
567 975 777
568 351 133
569 109 884
570 57 605
571 203 739
572 301 880
573 248 812
574 599 143
575 507 759
576 374 895
577 338 981
578 128 53
579 611 305
580 309 210
581 116 146
582 222 548
583 517 724
584 337 826
585 809 897
586 849 871
587 786 840
588 715 173
589 888 346
590 483 826
591 617 329
592 480 274
593 358 309
594 264 388
595 650 533
596 744 277
597 436 65
598 745 71
599 709 217
600 733 281
601 535 258
602 836 616
603 538 369
604 662 464
605 245 770
606 683 167
607 545 409
608 474 508
609 19 57
610 292 900
611 160 214
612 378 683
613 288 910
614 548 654
615 818 539
616 923 591
617 828 315
618 586 603
619 266 678
620 496 540
621 630 168
622 284 562
623 18 630
624 610 795
625 911 318
626 604 245
627 436 999
628 826 828
629 155 674
630 807 926
631 983 874
632 152 900
633 979 373
634 853 417
635 996 39
636 579 128
637 970 379
638 154 364
639 226 47
640 430 220
641 254 602
642 705 517
643 662 189
644 868 554
645 543 96
646 537 17
647 589 429
648 460 600
649 312 678
650 601 119
651 190 953
652 452 693
653 962 173
654 951 453
655 734 941
656 676 93
657 797 790
658 708 280
659 887 737
660 721 753
661 916 875
662 540 45
663 860 356
664 805 183
665 712 632
666 996 74
667 34 978
668 437 381
669 560 991
670 470 497
671 198 219
672 16 576
673 411 149
674 23 134
675 905 904
676 957 407
677 148 631
678 254 106
679 1000 492
680 513 189
681 324 591
682 695 357
683 587 571
684 652 914
685 542 262
686 811 725
687 558 894
688 757 740
689 364 542
690 911 147
691 616 867
692 119 733
693 664 289
694 367 633
695 653 63
696 384 692
697 310 538
698 144 420
699 525 714
700 791 164
701 161 654
702 325 797
703 311 520
704 833 865
705 14 29
706 273 264
707 455 407
708 12 572
709 113 812
710 72 51
711 655 312
712 299 907
713 902 69
714 874 103
715 95 921
716 504 770
717 889 325
718 656 334
719 699 539
720 842 426
721 708 255
722 183 132
723 987 497
724 578 270
725 539 173
726 40 836
727 891 600
728 475 885
729 575 914
730 726 657
731 313 710
732 837 14
733 269 792
734 282 803
735 667 89
736 957 826
737 864 858
738 35 547
739 528 893
740 157 294
741 838 174
742 489 317
743 74 332
744 696 484
745 254 8
746 3 117
747 569 742
748 916 576
749 950 552
750 708 142
751 3 559
752 670 27
753 507 639
754 986 896
755 284 797
756 445 395
757 186 610
758 382 154
759 319 652
760 836 416
761 871 896
762 320 332
763 25 228
764 51 709
765 328 97
766 168 278
767 159 127
768 27 275
769 240 827
770 217 355
771 430 18
772 583 809
773 734 582
774 151 988
775 52 961
776 18 915
777 246 45
778 113 382
779 865 86
780 660 188
781 647 495
782 472 653
783 256 202
784 51 489
785 322 963
786 855 781
787 339 413
788 558 819
789 449 381
790 336 724
791 400 503
792 973 287
793 784 940
794 517 170
795 992 17
796 427 589
797 394 476
798 871 344
799 528 673
800 852 834
801 988 790
802 181 252
803 817 686
804 944 982
805 47 915
806 355 832
807 463 18
808 753 656
809 459 537
810 780 47
811 63 243
812 401 71
813 816 177
814 225 865
815 587 850
816 284 62
817 909 619
818 741 236
819 855 655
820 657 689
821 796 699
822 270 69
823 534 592
824 917 879
825 652 283
826 530 729
827 15 863
828 205 992
829 829 24
830 995 989
831 110 848
832 544 476
833 807 404
834 71 158
835 793 722
836 886 956
837 213 790
838 328 130
839 183 39
840 1000 198
841 557 182
842 55 702
843 949 780
844 623 250
845 50 495
846 383 900
847 801 521
848 362 282
849 497 822
850 228 273
851 135 714
852 182 89
853 260 474
854 598 496
855 425 523
856 314 132
857 355 567
858 996 773
859 832 949
860 640 429
861 333 370
862 356 913
863 404 798
864 795 867
865 601 551
866 30 408
867 990 21
868 457 388
869 347 32
870 4 408
871 849 591
872 992 740
873 242 223
874 208 508
875 235 221
876 10 752
877 500 186
878 473 500
879 562 148
880 328 804
881 33 60
882 868 212
883 948 134
884 586 198
885 84 389
886 275 149
887 194 927
888 931 286
889 197 91
890 52 575
891 919 276
892 9 433
893 737 498
894 954 825
895 354 545
896 999 546
897 35 141
898 424 152
899 750 384
900 662 784
901 443 199
902 668 445
903 970 513
904 490 337
905 306 286
906 229 966
907 305 310
908 59 465
909 490 216
910 434 400
911 410 493
912 453 583
913 595 938
914 872 735
915 768 526
916 143 516
917 14 991
918 931 368
919 387 107
920 212 730
921 171 217
922 104 530
923 296 836
924 554 651
925 277 829
926 375 271
927 94 219
928 68 884
929 887 353
930 573 942
931 685 978
932 227 727
933 760 503
934 921 459
935 460 973
936 742 522
937 821 961
938 247 695
939 869 202
940 422 921
941 574 552
942 461 455
943 363 62
944 38 344
945 883 734
946 970 105
947 851 505
948 427 189
949 767 752
950 552 645
951 347 725
952 496 525
953 416 780
954 207 506
955 73 656
956 695 754
957 63 37
958 393 148
959 30 186
960 643 979
961 996 76
962 710 173
963 78 871
964 757 133
965 684 304
966 153 857
967 302 169
968 892 3
969 515 32
970 666 411
971 202 311
972 803 311
973 181 394
974 379 68
975 359 448
976 320 574
977 753 406
978 296 481
979 822 60
980 504 747
981 80 214
982 81 362
983 922 756
984 33 194
985 327 979
986 823 81
987 603 931
988 175 517
989 964 481
990 222 496
991 501 971
992 943 943
993 321 563
994 498 103
995 790 746
996 674 542
997 58 249
998 532 213
999 104 400
337 713
410 831
163 882
666 961
487 526
394 613
643 780
874 954
310 986
23 869
94 911
27 362
208 263
36 364
48 511
462 747
736 894
186 246
191 272
373 438
206 532
288 548
97 851
24 981
458 998
12 879
253 548
661 824
227 408
513 549
277 641
670 878
232 688
795 867
324 760
359 826
659 945
588 962
446 626
179 782
137 850
222 995
117 618
493 974
672 708
72 400
313 561
57 975
197 512
90 675
18 790
784 845
245 852
490 755
734 755
160 949
924 950
172 938
80 477
614 924
70 121
238 283
47 257
334 627
589 929
505 646
66 795
873 875
82 87
253 288
338 617
35 832
702 880
296 912
181 237
208 401
119 655
182 695
66 867
811 997
341 470
109 747
237 336
365 392
1 426
601 685
398 778
318 837
764 842
608 878
187 931
163 939
400 646
519 718
76 994
404 633
73 979
115 392
464 564
150 569
135 676
959 984
48 619
51 243
400 505
490 734
556 954
129 234
220 987
58 174
113 270
174 343
175 368
383 456
344 636
139 720
509 884
450 947
263 401
238 502
300 540
359 583
108 864
197 346
362 393
109 462
341 463
10 770
280 380
461 528
656 735
614 950
89 350
610 712
511 619
419 728
31 448
114 629
882 939
7 861
331 459
463 470
576 846
309 927
689 895
426 537
256 544
789 868
144 946
37 966
913 987
94 492
131 578
610 613
241 620
276 694
260 945
101 346
27 393
394 610
633 637
612 696
556 874
209 318
188 368
131 390
151 545
484 741
914 945
790 951
976 993
144 452
286 524
202 540
139 634
170 700
492 797
280 833
18 951
577 985
314 471
125 559
384 649
613 712
575 716
161 849
611 921
202 300
75 667
720 760
189 996
14 103
192 193
92 391
335 460
596 600
608 670
668 789
74 399
346 512
469 522
85 597
203 800
138 828
474 968
49 798
756 910
51 312
273 551
34 623
42 827
38 189
134 658
83 683
209 837
70 168
404 637
364 654
575 980
11 55
370 601
664 813
758 958
571 920
216 416
117 480
434 483
583 699
732 829
17 853
514 899
213 323
102 389
299 672
553 693
495 738
431 786
514 977
115 365
483 529
72 646
294 754
176 805
260 914
24 927
394 712
324 720
479 871
123 198
56 573
148 636
680 877
224 895
673 898
303 670
693 825
492 911
164 572
413 900
201 319
34 453
24 523
324 634
353 654
493 943
26 49
75 775
91 776
756 868
674 897
679 723
583 826
296 648
151 266
207 481
317 638
426 791
52 507
278 790
838 856
126 857
791 911
182 345
634 720
42 60
39 262
285 411
67 513
29 563
376 616
286 644
519 711
546 773
609 881
21 892
106 921
143 214
98 281
283 502
38 595
425 709
101 740
146 745
94 791
215 804
291 330
756 789
590 849
181 336
72 505
370 685
152 843
177 292
325 382
9 531
203 628
437 967
927 981
121 489
358 584
71 695
359 699
20 783
216 861
620 952
123 204
22 444
166 515
459 592
523 981
99 387
852 889
659 914
71 182
232 949
175 188
480 618
149 624
260 659
327 747
271 372
87 427
25 669
920 932
239 956
457 601
36 654
140 971
418 854
313 326
284 631
707 756
888 891
688 949
265 404
816 822
126 129
708 751
733 755
199 773
397 799
699 826
249 833
511 938
73 986
71 311
129 681
185 934
98 132
172 542
127 617
107 658
304 717
668 756
170 295
503 983
100 215
82 301
271 732
246 765
663 798
859 937
38 996
7 216
928 963
150 240
26 717
194 468
1 537
134 721
616 748
112 781
1 791
109 486
259 501
502 577
78 797
422 832
157 874
710 957
54 202
86 738
494 967
785 985
128 853
48 938
12 148
355 380
48 542
267 544
304 625
573 769
244 956
252 535
344 574
344 650
733 734
634 760
848 926
352 376
285 502
107 553
499 591
586 704
443 724
943 974
41 381
589 798
537 855
9 628
186 765
62 966
434 529
354 823
409 836
19 141
73 310
327 462
113 480
337 517
299 708
86 751
148 879
681 976
95 986
45 319
475 779
303 878
278 951
424 655
95 103
153 288
95 310
517 713
106 611
209 256
219 506
524 644
401 927
204 497
37 62
249 280
14 310
84 488
379 523
193 539
266 545
67 549
348 621
697 703
346 740
351 873
220 913
673 958
338 972
954 990
100 992
53 78
248 556
475 714
431 554
686 835
798 929
527 990
368 491
218 694
142 760
567 801
539 890
648 912
58 343
147 349
82 427
144 500
312 732
874 990
139 324
127 338
439 551
390 578
175 597
172 511
417 702
48 172
201 755
198 783
801 858
243 312
375 481
293 482
234 681
437 886
901 948
157 954
316 964
231 340
365 659
584 806
635 867
452 946
395 443
280 355
495 539
447 651
351 875
306 960
29 127
201 490
512 766
506 776
707 868
226 721
139 760
121 168
100 281
171 311
714 779
668 910
239 244
226 818
229 282
183 369
40 525
511 542
199 546
240 569
108 587
114 701
403 741
557 754
740 766
680 794
531 864
482 913
64 332
626 844
180 839
3 11
85 184
550 767
145 821
133 819
80 162
195 327
290 386
257 425
304 589
586 737
506 805
159 859
3 944
85 175
360 383
0 459
196 779
456 885
604 902
84 933
311 547
446 844
495 890
14 986
18 278
242 518
69 803
342 810
81 841
742 904
230 905
44 65
17 128
24 309
639 777
111 830
101 197
552 692
515 801
256 837
725 841
93 860
281 992
778 999
45 532
153 548
542 938
62 158
265 292
187 306
299 495
25 541
434 560
302 570
188 812
544 837
923 925
340 645
0 331
314 417
94 797
347 834
130 336
154 472
554 786
14 95
109 327
136 432
282 488
395 685
395 724
464 769
496 819
21 866
460 508
291 922
629 701
101 385
263 927
171 547
373 620
165 682
487 710
589 717
200 814
380 833
269 847
254 865
245 889
979 986
462 486
319 532
252 588
134 600
298 624
330 922
365 945
44 202
285 577
86 708
352 749
6 768
668 868
1 53
148 231
32 430
360 456
108 531
326 561
257 709
206 319
5 792
451 922
56 925
398 999
384 406
567 858
147 978
295 700
672 751
36 989
332 722
186 838
241 952
160 232
250 480
350 530
331 592
553 965
160 688
164 712
863 953
383 982
13 329
233 374
33 684
401 981
46 165
222 242
572 610
118 807
60 827
365 914
313 943
106 497
429 594
164 610
265 637
457 685
27 239
70 489
53 791
148 344
30 452
345 695
526 710
711 718
486 747
231 879
84 893
857 895
412 770
86 495
490 733
207 842
707 910
252 962
177 265
196 310
239 362
81 509
542 619
435 696
631 754
442 757
725 794
741 813
271 829
208 927
812 974
899 977
492 791
635 795
414 808
913 930
535 962
142 833
32 268
54 300
102 436
396 563
374 594
436 752
500 946
353 364
416 428
364 989
88 258
217 508
101 512
118 771
403 939
433 991
73 196
264 391
448 499
155 626
642 719
346 766
248 954
152 983
885 999
483 560
325 712
301 748
508 840
479 602
451 916
306 931
716 980
309 981
45 206
256 267
299 890
683 941
196 986
160 222
271 312
132 409
378 485
625 717
26 798
11 944
310 979
69 133
24 401
161 590
13 700
142 720
166 736
821 835
568 838
142 324
66 440
196 475
281 804
183 249
135 289
512 566
428 762
35 422
112 595
303 608
438 620
508 653
794 877
723 903
797 911
389 436
83 618
328 740
406 759
537 791
221 815
406 649
200 274
71 345
142 355
6 498
333 671
194 743
893 933
87 301
496 602
664 700
224 857
197 971
3 55
140 297
466 690
145 414
386 423
417 471
321 534
636 650
49 663
224 689
531 704
584 880
556 990
949 995
0 79
453 623
265 633
12 636
667 917
268 555
238 285
209 544
553 825
905 907
222 949
16 972
141 185
533 673
153 253
34 302
30 335
557 631
574 650
97 692
577 785
28 77
289 353
249 380
361 477
333 802
27 153
86 672
56 734
376 748
56 769
561 943
248 990
160 995
835 995
197 766
789 910
410 425
78 492
500 961
107 134
252 599
49 717
56 733
401 811
290 882
915 933
47 425
264 432
298 449
443 685
683 865
447 906
8 233
126 234
482 541
722 767
425 831
893 936
128 978
212 366
175 491
533 958
81 458
44 655
242 657
230 706
693 711
803 821
640 901
283 285
579 591
156 821
426 855
92 264
301 352
294 557
667 775
615 847
44 119
397 753
692 851
249 369
535 588
574 636
658 721
278 731
430 752
469 804
132 836
248 874
523 927
693 965
224 993
600 658
103 310
192 539
435 612
246 838
440 489
201 734
416 861
512 740
301 749
126 976
719 996
13 170
12 231
293 541
126 681
783 873
211 687
784 908
80 361
397 614
211 729
617 972
119 424
576 862
256 318
246 326
36 353
31 366
326 493
238 577
363 833
870 892
125 904
533 919
251 926
619 938
215 281
20 315
186 568
49 589
228 661
559 789
98 804
538 942
304 929
9 203
19 529
256 564
535 599
39 634
465 691
100 804
175 812
426 911
595 996
132 522
85 368
383 885
201 733
868 910
43 931
36 185
86 299
270 480
366 603
866 870
176 928
45 201
381 580
660 956
39 139
142 280
370 457
302 623
166 894
28 43
130 237
305 316
363 369
197 566
189 595
197 740
717 798
727 817
372 829
567 843
21 870
933 936
214 947
163 290
289 676
687 729
674 746
65 793
636 879
417 880
152 503
500 666
651 887
915 936
482 987
311 345
162 477
66 635
539 738
355 833
373 952
456 982
103 986
242 995
4 467
50 507
279 578
15 650
181 652
677 701
583 980
229 355
157 582
734 925
543 969
157 990
44 54
20 307
689 857
68 957
182 311
403 484
762 907
646 969
249 363
79 459
176 506
707 789
628 800
534 806
566 850
796 912
19 934
225 227
153 362
214 450
92 465
51 732
737 800
402 877
571 932
308 909
157 556
325 613
78 791
129 976
145 156
37 158
180 390
146 421
53 426
94 426
392 659
67 690
649 759
561 765
772 788
731 790
630 793
484 813
428 861
415 906
309 401
157 527
395 601
730 808
493 812
156 835
865 941
572 712
671 921
153 393
54 540
663 929
885 982
216 428
214 434
139 560
274 814
107 965
47 190
368 597
172 619
352 748
593 848
198 875
2 886
246 568
15 574
502 985
697 993
437 494
342 598
497 671
319 733
564 769
510 916
266 991
263 309
550 581
372 732
460 840
36 934
151 991
275 420
352 616
313 765
614 799
435 951
193 330
43 540
791 797
358 806
364 934
326 943
606 962
359 980
318 544
675 824
258 876
63 87
188 491
126 993
608 952
236 985
185 364
210 869
155 446
313 493
241 809
243 968
319 755
162 263
201 417
262 483
452 500
560 720
107 721
723 989
198 204
117 250
98 469
217 485
47 709
208 811
150 831
308 901
219 928
717 929
729 930
74 167
31 212
134 226
150 410
646 662
207 764
101 766
536 973
681 993
220 482
315 783
700 813
602 871
662 969
18 471
445 632
81 998
43 119
307 706
243 732
167 819
81 884
512 971
207 375
413 449
309 523
556 988
3 360
382 785
783 875
176 219
12 344
44 540
515 736
368 812
278 435
115 503
609 705
110 889
346 385
587 864
273 439
9 704
228 824
454 970
78 94
24 379
105 657
20 873
163 403
665 730
83 117
19 185
98 522
322 816
110 639
106 671
516 942
116 517
392 554
90 761
143 269
317 398
367 412
7 416
343 536
573 733
182 735
776 805
481 842
173 881
49 929
315 967
460 653
115 659
536 698
96 120
186 326
325 394
411 502
516 538
32 555
585 630
348 780
766 802
222 835
23 210
85 491
141 529
392 914
265 918
54 65
30 144
19 262
158 267
218 276
115 554
26 589
711 825
129 857
198 873
447 887
244 900
392 945
27 956
208 981
178 435
93 454
56 755
549 939
126 224
495 672
133 803
0 909
673 758
559 868
192 890
191 542
226 599
695 735
263 981
113 117
208 309
345 547
268 455
299 738
113 250
274 528
531 587
498 768
193 890
194 982
686 995
132 281
288 393
448 591
589 663
311 695
322 777
329 964
134 596
219 805
778 885
438 952
204 671
155 844
846 862
347 959
90 824
162 208
59 270
516 670
687 739
686 821
482 930
72 969
17 978
457 998
9 587
24 208
80 208
24 263
80 263
328 361
191 619
107 693
326 765
402 794
452 883
711 965
346 971
232 995
527 874
16 338
322 421
206 605
113 618
515 894
1 911
292 918
101 328
228 737
464 814
156 414
73 95
260 275
606 643
624 772
339 814
403 882
570 890
326 974
209 573
440 795
293 960
400 969
680 725
440 867
319 490
654 934
318 605
110 839
680 998
283 411
184 491
61 534
268 598
392 786
83 865
362 956
743 982
637 676
495 708
654 989
1 94
148 340
225 408
89 530
217 653
177 404
10 412
558 578
661 675
308 877
445 887
527 954
51 968
78 911
9 108
260 365
19 483
283 577
535 606
299 751
750 962
458 680
14 196
241 373
164 613
348 643
606 780
263 811
640 948
240 632
18 731
312 829
729 913
196 979
64 204
515 567
145 803
898 958
616 817
360 866
401 997
123 875
845 908
379 981
139 262
450 524
272 542
584 702
384 731
53 797
760 833
516 878
208 477
168 517
184 597
478 694
230 907
188 919
28 931
285 985
239 393
84 282
315 437
132 469
668 707
379 834
344 879
877 909
860 970
826 980
32 441
531 628
427 644
341 854
472 965
95 979
96 180
246 313
67 378
137 566
704 737
588 750
518 786
397 924
397 950
88 320
141 934
186 856
507 980
347 984
256 464
102 752
481 764
317 778
402 407
169 615
123 783
930 987
566 971
353 989
122 220
190 257
164 394
5 405
217 521
305 598
213 664
618 683
446 724
649 731
223 759
791 855
916 988
263 477
218 478
190 726
537 911
358 923
137 351
505 662
52 652
543 807
124 918
324 363
457 458
335 508
493 561
127 563
325 610
553 658
494 856
860 902
476 942
174 536
53 94
26 304
295 813
139 142
137 297
31 499
1 855
115 945
131 180
451 510
443 601
509 841
89 581
455 598
588 606
605 733
321 863
903 989
142 380
224 697
297 850
149 298
274 461
394 572
555 656
608 809
9 864
866 892
222 232
44 300
430 441
572 613
223 681
490 925
71 436
279 526
209 564
90 661
203 704
321 806
738 890
755 925
729 987
91 506
323 664
222 686
110 852
533 898
63 82
98 100
307 381
241 438
14 475
250 618
771 807
765 838
43 187
123 497
131 558
333 351
291 451
45 471
82 748
309 379
238 411
585 864
27 288
301 427
56 490
841 884
296 796
158 966
116 168
354 438
393 548
200 564
188 597
616 727
345 735
363 760
7 787
858 872
396 891
126 895
211 930
116 946
313 974
41 580
23 943
559 668
211 739
586 761
497 921
356 442
12 574
847 915
420 659
327 826
513 939
224 976
98 992
250 270
61 371
272 619
471 790
53 911
403 549
565 892
855 911
349 975
688 995
366 448
303 516
322 745
209 769
886 967
234 976
20 198
59 225
200 464
189 719
691 815
573 925
569 963
811 981
215 992
370 443
347 379
71 547
254 595
118 597
532 605
304 798
505 969
954 988
777 822
658 965
385 740
166 801
351 850
208 997
130 181
121 440
143 560
708 738
219 827
630 859
725 879
878 952
240 966
94 537
170 664
358 880
869 943
48 191
44 424
395 457
64 497
478 612
566 766
53 492
347 523
246 561
319 734
799 924
519 965
902 970
18 314
168 489
237 652
384 759
434 947
28 33
2 198
329 588
738 751
79 592
314 702
664 741
642 744
566 802
324 833
503 843
290 939
524 947
874 988
195 575
122 691
322 822
55 944
857 993
98 215
841 879
150 963
529 560
604 781
528 887
71 171
190 425
152 567
525 643
20 875
127 972
122 987
279 487
142 634
231 636
130 178
214 269
212 603
122 684
292 404
378 549
555 735
203 737
727 748
125 789
155 884
288 362
201 532
81 725
672 738
129 993
0 592
289 654
466 714
284 754
75 917
156 232
214 560
520 742
648 796
65 202
201 206
29 617
115 914
16 127
85 188
260 420
143 434
173 609
675 761
525 780
522 804
26 929
763 984
197 385
155 509
299 539
359 575
326 919
420 945
77 119
51 271
83 480
378 513
346 566
315 580
635 666
553 711
39 720
195 747
93 970
79 331
209 464
30 460
294 631
490 702
301 376
370 395
148 574
335 653
92 691
564 814
220 293
384 619
186 313
133 496
262 529
573 734
179 753
12 841
250 950
38 112
223 234
382 712
444 764
293 913
83 941
382 613
250 924
14 73
17 233
544 564
606 750
393 820
379 927
207 955
247 287
330 539
622 697
246 856
828 906
627 935
135 353
541 669
320 726
494 838
115 983
1 78
318 573
464 573
411 577
262 634
437 856
680 909
8 17
64 123
244 413
16 423
302 453
380 514
435 790
597 812
238 985
533 758
559 904
857 976
380 977
453 672
222 688
58 698
195 826
13 964
69 145
43 202
232 835
125 868
123 873
488 893
276 478
513 690
407 994
37 240
444 481
406 619
734 923
146 322
487 957
410 569
178 696
427 524
295 664
37 831
569 831
672 890
15 344
417 490
105 562
301 616
273 757
621 780
43 655
600 721
626 724
280 363
426 492
596 658
170 813
709 831
398 885
159 937
303 942
843 983
136 244
255 999
175 184
410 709
328 468
183 514
589 625
196 714
470 854
94 855
534 863
259 467
236 577
279 710
339 769
115 786
7 428
400 662
163 549
704 800
705 881
575 583
185 654
518 657
219 776
458 841
802 921
883 946
167 399
361 468
405 521
15 621
375 623
360 944
679 903
38 254
367 429
401 523
221 687
297 971
853 978
829 979
310 475
27 548
240 831
43 300
354 373
501 587
365 786
809 855
253 393
45 417
327 486
402 680
12 725
726 827
59 113
29 396
239 413
392 503
526 530
365 554
16 617
685 724
9 800
799 950
195 462
24 811
529 947
49 304
4 424
193 495
491 597
148 650
495 751
635 961
37 410
30 500
409 522
203 531
333 566
568 856
622 993
249 355
191 511
507 583
421 745
74 817
369 833
671 875
769 925
50 980
403 513
26 563
82 749
263 997
63 185
48 272
131 279
95 305
382 394
117 683
201 702
236 785
586 800
671 802
620 809
898 948
178 951
234 857
731 951
277 439
53 537
144 883
240 410
430 555
186 561
599 818
267 837
642 893
111 215
139 483
26 663
335 840
307 873
574 879
642 936
101 971
120 390
235 416
319 417
281 469
387 715
526 957
697 976
327 359
162 401
388 603
568 758
805 928
471 951
110 245
4 501
487 530
519 693
470 781
490 923
153 956
190 963
561 974
195 359
80 401
279 558
77 655
244 660
58 536
218 612
239 900
432 900
349 978
895 993
29 338
169 479
467 501
1 689
64 722
285 785
204 875
679 989
628 704
195 716
488 933
227 486
753 782
325 785
765 856
630 937
173 530
174 698
605 837
625 888
932 938
170 964
778 982
112 996
656 695
575 826
881 957
245 558
745 777
733 925
119 202
412 429
205 499
241 608
261 894
743 944
622 976
293 987
105 160
28 119
234 276
119 540
555 695
599 721
527 853
339 925
192 330
212 448
231 645
468 743
704 864
331 909
160 242
286 615
65 655
156 688
721 818
549 882
182 547
26 625
135 654
595 781
445 651
450 615
535 643
458 725
670 952
142 249
297 367
65 424
78 426
362 548
621 643
660 688
376 749
98 836
333 875
183 899
825 965
2 123
143 229
18 435
182 656
258 320
142 363
184 368
312 372
401 477
108 501
136 562
560 634
611 671
273 701
490 880
275 945
545 991
282 355
463 860
140 197
62 267
117 270
217 840
187 960
391 465
295 484
365 503
59 250
188 974
475 986
50 52
106 204
311 436
286 450
474 489
1 492
516 608
385 638
69 819
410 963
243 829
812 919
453 708
560 760
737 761
465 815
188 533
608 620
159 630
476 707
403 813
51 829
347 897
806 880
809 952
329 962
856 967
308 402
58 510
222 518
177 633
439 757
515 858
431 518
128 527
946 961
140 566
573 755
172 932
130 953
260 392
319 605
206 733
512 802
476 910
804 992
28 187
328 346
328 385
203 586
209 605
22 876
357 937
812 943
383 944
164 325
527 556
183 833
699 980
763 997
43 44
52 181
98 409
25 482
142 560
472 658
681 857
811 927
39 324
39 483
176 715
690 883
493 919
167 275
226 600
591 718
109 826
57 349
428 593
449 624
135 637
70 440
215 469
267 564
270 618
340 879
30 946
831 963
484 664
442 677
604 744
136 900
243 474
222 657
231 725
686 803
444 876
183 280
162 361
190 410
408 486
262 560
31 591
569 715
132 804
809 878
123 671
63 427
71 752
280 760
221 788
193 922
497 611
69 821
706 905
63 141
8 374
284 557
336 652
835 949
95 196
243 271
385 512
695 752
559 756
834 897
919 974
392 431
272 439
141 483
412 594
574 621
254 683
126 689
333 850
334 935
659 983
642 996
841 998
229 488
424 793
487 881
84 936
226 658
153 239
226 596
307 783
753 799
89 834
393 956
143 450
214 483
387 504
491 533
499 579
520 592
549 690
585 704
551 757
140 770
746 897
209 267
710 881
149 465
314 790
2 437
249 514
23 561
138 651
431 800
708 890
269 933
762 861
272 511
447 828
26 29
79 640
414 821
86 890
417 755
688 835
368 919
506 928
144 961
72 662
801 843
46 899
220 930
109 195
83 254
29 386
149 413
330 451
299 570
564 573
485 653
13 664
46 682
87 748
504 775
337 779
535 780
2 783
678 822
107 825
525 844
385 971
787 975
195 980
2 315
463 647
389 752
502 785
638 973
86 539
275 659
149 772
314 880
315 886
262 434
666 946
143 947
768 997
183 363
163 513
448 579
398 638
633 676
262 720
190 831
76 184
191 406
288 820
444 842
637 918
27 244
603 607
176 776
57 787
145 835
333 921
725 998
27 253
256 769
245 767
713 779
567 872
478 696
137 706
167 496
52 583
328 766
755 923
56 923
104 235
3 383
531 586
763 811
769 814
219 963
702 755
360 885
569 928
420 983
129 223
82 352
20 580
471 702
14 979
365 983
224 703
173 746
515 843
718 965
531 585
239 660
218 759
228 761
935 991
85 118
166 284
229 380
29 423
214 529
324 560
519 591
107 600
358 702
261 736
310 779
699 799
596 818
747 826
725 877
651 906
314 951
220 729
463 854
360 982
13 295
153 660
168 713
307 351
470 604
532 733
772 815
157 248
244 362
275 399
434 450
50 575
307 580
278 649
269 915
90 228
272 277
384 511
436 695
550 722
281 522
321 584
720 833
573 837
604 860
981 997
439 641
65 119
223 406
19 434
264 465
134 553
202 655
53 689
38 719
653 883
916 922
919 958
100 111
299 302
60 726
670 809
395 446
368 533
386 563
414 730
426 797
91 805
213 813
644 871
580 967
283 985
184 994
299 453
201 471
398 698
748 749
449 900
173 487
472 682
591 711
777 816
593 926
168 337
348 525
67 485
455 555
343 698
587 628
340 636
355 760
794 841
40 844
43 77
142 229
28 306
177 637
376 817
548 820
523 834
893 915
741 939
203 431
280 514
651 828
215 830
242 949
703 978
12 340
234 694
877 998
148 645
286 427
199 665
454 860
34 672
564 837
155 525
524 615
1 797
145 808
73 829
792 888
404 918
931 960
248 988
183 380
48 384
188 493
261 503
250 614
49 617
144 666
758 898
378 939
26 127
268 430
427 748
73 779
526 881
176 963
573 605
909 998
73 103
377 478
419 545
125 742
87 749
170 316
253 362
118 543
292 637
596 721
253 820
513 882
518 995
103 196
193 291
45 314
339 464
97 473
181 507
464 544
99 715
39 760
584 923
198 315
178 336
433 669
242 686
138 774
561 869
763 959
779 986
157 988
582 874
137 333
185 989
140 512
192 570
598 810
625 929
192 495
350 581
663 717
788 815
96 390
335 452
108 585
388 607
318 769
234 993
160 657
251 848
151 935
83 113
155 348
257 410
248 527
50 716
555 752
506 827
856 886
793 937
78 975
456 999
353 676
245 722
392 983
50 237
507 575
473 571
232 660
562 660
32 752
568 765
386 882
274 887
302 890
103 295
170 329
280 369
308 680
625 891
134 818
351 783
19 39
115 260
269 615
68 710
257 831
727 871
670 942
63 301
26 396
34 570
233 594
76 645
298 772
722 852
456 866
458 877
541 913
632 966
340 994
0 308
23 313
205 366
290 423
191 439
51 474
70 517
180 578
483 720
44 793
57 78
173 526
447 528
345 656
404 676
673 948
139 434
85 812
312 968
292 633
57 797
177 918
33 77
133 167
205 448
33 306
280 324
231 344
20 351
217 460
363 634
553 721
286 947
160 835
803 835
201 880
50 181
171 345
115 431
507 652
337 714
149 449
540 655
233 853
272 406
350 834
722 889
744 893
21 565
329 750
602 819
470 860
333 873
149 900
37 150
163 378
485 521
97 552
472 600
252 606
382 610
351 671
228 675
147 703
108 704
702 734
295 741
383 743
677 757
341 781
611 802
519 825
140 850
787 861
286 871
275 914
68 705
76 407
629 677
748 817
291 845
558 852
162 927
71 735
52 980
56 209
331 370
263 523
614 753
179 377
266 433
208 523
395 626
193 738
46 977
318 564
639 839
378 882
297 566
125 668
156 686
408 820
749 903
116 144
129 276
204 873
49 127
93 205
220 684
6 763
530 897
853 990
10 140
114 273
194 361
9 586
592 742
45 755
216 787
477 811
461 814
825 844
896 903
831 966
34 299
319 471
490 573
483 947
305 964
810 979
216 235
66 489
390 558
534 584
321 880
2 64
129 224
298 413
374 429
138 447
390 839
496 871
599 962
248 343
279 390
39 560
272 641
547 695
713 714
105 949
329 700
351 706
405 840
280 977
382 985
305 342
450 847
353 934
703 993
103 475
492 537
182 555
256 573
671 873
112 189
103 305
162 309
479 496
462 826
84 915
109 359
461 887
572 923
76 340
541 930
846 940
331 457
377 782
459 909
70 116
326 568
588 599
28 655
568 919
540 931
163 386
48 406
225 486
593 762
767 852
477 997
982 999
191 277
69 496
579 711
323 813
680 841
755 880
697 895
468 982
657 995
136 264
252 329
14 779
307 875
582 954
900 956
568 958
165 970
158 709
601 724
42 219
315 494
292 625
426 689
42 726
552 851
122 913
24 997
431 628
503 659
895 976
267 318
56 464
391 691
652 782
362 820
629 851
150 928
308 948
698 999
74 275
363 720
638 778
458 794
227 820
847 933
945 983
156 995
317 468
73 475
154 682
538 707
304 918
797 975
658 693
410 966
501 864
172 191
201 314
47 410
65 540
45 733
417 734
455 656
253 730
313 869
138 906
10 973
63 903
197 802
45 490
359 507
396 717
30 883
601 998
52 237
305 810
25 293
15 636
420 914
262 934
150 966
121 474
174 510
406 511
698 973
207 444
880 923
47 88
443 457
494 568
682 718
99 774
261 843
843 894
458 909
897 959
13 323
114 677
269 450
411 985
229 280
56 339
458 509
178 612
26 617
323 700
396 888
753 950
32 598
12 650
733 769
67 939
317 385
396 625
249 760
47 831
653 840
140 346
480 683
518 686
332 767
494 886
8 978
645 994
794 998
363 380
35 418
350 526
476 756
416 762
231 794
31 205
107 472
171 436
519 553
93 647
693 718
600 818
464 837
171 182
195 583
341 647
398 982
450 529
101 566
769 837
473 851
715 928
137 140
127 423
527 582
569 632
359 747
241 878
128 147
228 586
706 850
64 198
65 300
22 481
303 855
189 254
318 464
619 649
16 29
182 436
303 809
214 847
734 880
520 904
660 949
700 964
134 965
289 364
198 497
355 720
159 761
61 863
25 930
850 971
62 200
75 504
359 716
33 220
141 262
292 304
198 351
77 424
173 674
367 770
204 783
702 806
131 839
143 847
103 979
158 544
27 820
620 878
192 922
210 421
237 507
272 551
34 708
206 755
418 865
120 180
23 493
377 648
363 663
291 784
224 681
719 936
166 567
463 604
775 805
523 984
116 337
141 434
570 623
235 668
499 718
40 825
96 839
119 300
654 676
809 912
5 521
546 665
381 706
510 988
132 992
66 121
324 355
918 929
33 960
770 971
20 123
391 432
413 624
408 449
190 709
531 800
579 825
159 836
103 316
507 699
116 713
434 720
581 834
348 884
282 933
878 942
379 581
97 629
87 644
539 672
473 692
493 869
175 919
605 932
944 982
3 456
509 626
150 632
302 672
80 328
4 259
112 604
440 635
736 843
56 201
107 226
491 812
143 483
523 811
485 508
124 676
81 680
122 729
242 835
418 941
563 617
163 741
255 908
927 997
229 269
24 347
341 418
365 431
494 580
327 583
80 811
676 918
481 955
838 967
124 135
140 367
492 855
46 514
458 601
528 814
105 242
278 384
308 640
182 752
581 767
437 838
246 919
347 981
18 178
539 570
265 676
52 699
763 768
399 817
172 272
350 487
307 315
67 466
59 480
105 587
331 601
191 641
537 689
563 717
63 749
377 796
204 921
216 762
430 436
758 919
156 949
483 634
82 644
532 755
255 885
191 938
236 502
542 551
597 771
383 866
615 947
10 971
766 971
821 995
249 324
140 412
169 871
39 124
503 554
31 579
0 640
49 625
566 740
616 749
605 755
341 860
1 895
456 944
249 977
298 462
409 469
108 628
30 653
27 660
327 699
463 781
736 801
665 808
375 842
339 923
321 702
843 858
43 306
278 471
376 727
110 777
326 812
175 974
84 229
295 316
284 294
375 444
56 318
267 464
585 586
625 798
167 817
522 836
29 49
268 342
282 380
56 605
194 778
11 360
40 553
628 657
583 716
471 731
634 833
8 853
380 899
120 131
554 800
678 886
413 956
223 976
689 993
254 941
187 540
484 700
639 745
125 756
456 778
744 902
37 425
198 671
124 929
49 563
471 880
303 911
165 454
201 605
700 741
125 388
762 905
23 974
154 600
318 733
380 760
150 715
280 720
40 721
579 724
46 970
740 971
183 977
87 352
289 637
636 645
178 790
768 811
869 974
262 324
197 328
8 349
259 587
278 612
160 660
281 836
633 918
17 147
293 306
328 512
504 667
519 682
371 728
589 918
355 977
934 989
316 329
607 647
109 699
45 731
609 957
80 997
39 529
218 696
734 769
740 802
715 805
252 818
169 847
53 895
673 919
707 942
732 979
628 737
741 882
775 917
657 949
575 699
244 432
191 551
325 572
339 573
559 707
346 802
249 899
753 924
356 988
50 336
151 433
443 446
716 826
383 999
106 333
100 469
268 656
650 879
702 923
34 375
466 883
509 998
84 269
368 974
100 132
586 628
304 663
354 941
342 441
801 894
428 907
78 537
291 539
548 730
360 870
82 616
793 859
286 479
116 500
171 695
156 803
20 381
135 633
530 674
293 930
110 180
174 248
117 950
40 643
370 724
296 809
781 854
205 647
13 813
369 380
92 432
305 455
359 462
495 570
403 664
539 708
704 761
698 778
803 819
761 824
129 895
786 914
541 960
295 964
36 289
81 457
134 472
129 694
385 766
95 810
457 909
184 188
341 604
186 919
36 63
66 70
121 517
215 522
639 822
482 960
328 477
172 920
484 939
450 644
77 684
482 729
558 767
146 777
724 844
211 913
370 592
549 741
411 785
3 866
491 919
116 961
226 252
595 719
530 834
489 867
749 896
178 278
241 296
162 328
185 353
278 696
112 744
512 850
842 955
40 107
95 316
622 681
36 723
309 811
322 639
231 841
354 620
116 666
238 785
106 802
920 938
765 943
91 219
251 640
70 474
37 709
605 734
330 845
503 945
696 951
54 119
8 147
423 563
241 670
319 702
209 733
559 910
705 957
834 959
49 338
179 652
661 761
361 743
179 648
145 686
585 793
703 895
156 222
14 295
230 307
327 575
628 864
121 867
137 873
545 935
272 938
750 964
137 971
63 989
102 430
358 572
622 703
148 725
559 742
88 876
632 887
52 359
417 584
35 854
901 909
36 141
2 204
88 257
94 303
622 641
219 726
313 919
13 316
123 351
227 449
655 793
514 833
839 852
375 955
136 956
685 998
41 307
388 868
132 215
105 222
51 372
476 538
261 554
40 780
507 826
794 879
18 45
362 660
507 716
262 760
139 833
321 953
206 490
139 529
290 563
193 570
339 572
801 872
381 905
190 928
472 553
333 766
317 999
42 506
31 603
570 672
45 734
744 781
326 838
317 973
314 319
194 383
213 423
620 670
107 711
22 764
93 902
206 932
779 979
93 463
465 624
330 738
7 762
438 823
325 862
687 930
247 399
508 521
28 684
59 820
626 884
178 237
32 342
135 364
290 403
213 700
365 420
17 527
479 644
470 647
551 701
70 713
364 723
298 747
723 896
489 968
269 282
413 432
339 564
228 800
205 454
82 376
39 434
446 509
36 903
175 533
40 599
158 256
184 407
484 549
45 605
9 737
643 962
447 461
466 475
701 757
204 333
383 778
80 927
244 393
95 475
499 519
455 750
111 804
898 901
669 930
523 959
139 363
330 495
338 563
375 764
33 931
204 332
407 491
332 497
422 516
114 851
0 901
240 963
541 987
160 562
284 736
193 299
490 532
56 564
62 240
37 569
189 642
221 739
340 344
366 499
242 786
537 797
300 931
33 122
179 397
268 441
370 459
170 484
246 493
333 497
466 513
355 514
71 555
316 598
54 655
349 787
303 952
128 990
83 270
217 378
158 425
415 447
300 655
361 740
405 792
197 850
647 860
164 862
919 943
185 529
120 578
40 693
116 452
476 492
87 524
416 593
14 714
453 751
489 795
225 820
137 875
497 875
480 950
279 957
147 975
53 855
452 961
981 984
70 337
379 401
166 631
645 662
241 912
211 266
168 440
485 513
544 769
200 339
718 825
62 564
587 657
612 694
38 781
55 360
452 460
143 529
259 562
255 698
397 782
608 855
332 889
201 925
269 947
194 317
355 363
333 611
116 121
399 420
37 632
72 543
706 873
67 403
4 655
206 734
491 898
56 319
556 582
644 727
192 738
356 757
152 801
246 943
519 579
112 642
458 685
729 739
804 830
245 839
802 850
200 966
2 967
988 990
195 699
545 728
415 828
70 867
751 890
235 910
50 130
67 163
230 297
135 404
159 585
543 662
535 750
694 759
200 769
73 810
323 818
733 923
560 947
686 949
569 966
194 328
217 405
89 550
273 677
232 686
557 824
615 915
726 963
418 470
99 504
351 566
482 669
347 674
128 703
315 873
221 691
456 743
148 841
358 925
605 920
302 955
2 20
144 335
141 364
18 417
99 445
617 798
644 947
684 987
152 261
316 455
649 790
158 831
532 932
386 939
118 175
21 360
452 653
850 873
290 396
175 493
47 726
311 752
571 837
670 855
324 380
450 483
473 552
229 560
543 646
356 916
582 990
386 396
394 461
107 596
617 663
509 725
468 778
81 794
236 238
513 741
173 897
19 36
776 827
327 980
97 114
302 708
699 747
153 820
32 455
402 725
177 792
583 799
220 541
571 605
443 626
615 644
336 696
567 736
221 772
372 810
100 830
595 865
529 934
612 951
780 962
453 570
367 594
222 821
63 364
77 467
459 520
485 549
518 554
470 902
79 909
135 918
29 972
192 291
192 299
767 889
834 984
362 413
244 562
154 965
43 54
143 282
169 286
281 409
339 461
200 528
521 792
61 806
537 809
68 881
567 894
41 905
618 941
343 510
382 577
71 656
126 697
651 774
232 821
887 906
273 629
288 730
45 790
117 924
150 425
421 816
716 849
850 875
674 959
61 321
302 375
65 630
406 731
117 823
229 833
166 858
847 947
368 493
156 808
511 649
214 229
11 498
484 513
240 715
417 733
121 795
357 859
458 884
511 932
136 413
687 815
639 889
101 140
26 338
158 410
239 449
316 700
73 732
532 734
252 750
112 254
190 320
472 596
644 748
364 903
8 128
