1000 4000 51.40038910358559 sparse
0 411 850
1 638 39
2 696 678
3 11 703
4 752 757
5 951 328
6 287 706
7 889 24
8 69 387
9 706 538
10 776 962
11 318 692
12 477 824
13 523 474
14 169 258
15 649 637
16 174 276
17 698 526
18 243 526
19 308 26
20 168 489
21 744 236
22 841 889
23 266 463
24 74 18
25 158 756
26 275 492
27 13 247
28 136 28
29 384 955
30 791 965
31 34 963
32 154 784
33 462 800
34 478 989
35 615 426
36 148 899
37 177 230
38 82 471
39 183 35
40 75 105
41 556 492
42 576 977
43 234 866
44 601 612
45 34 97
46 331 650
47 583 817
48 375 161
49 887 686
50 258 797
51 668 209
52 31 830
53 771 463
54 511 736
55 601 703
56 213 173
57 553 553
58 799 702
59 111 56
60 223 223
61 559 516
62 997 595
63 551 788
64 352 864
65 569 833
66 967 274
67 322 987
68 411 691
69 265 561
70 655 521
71 48 228
72 233 94
73 392 673
74 838 293
75 651 322
76 580 100
77 221 955
78 110 672
79 965 279
80 465 755
81 945 58
82 423 978
83 302 351
84 503 572
85 8 859
86 659 572
87 193 683
88 118 315
89 271 585
90 981 172
91 531 969
92 483 440
93 218 878
94 827 866
95 196 931
96 877 230
97 131 280
98 581 748
99 709 309
100 622 821
101 224 827
102 176 598
103 212 514
104 206 947
105 445 382
106 970 385
107 913 569
108 563 934
109 915 284
110 305 414
111 977 630
112 758 335
113 954 444
114 217 905
115 708 455
116 287 818
117 814 299
118 247 129
119 404 262
120 461 511
121 518 206
122 15 837
123 179 199
124 614 11
125 605 800
126 798 293
127 391 925
128 474 311
129 783 280
130 184 155
131 301 528
132 939 532
133 165 729
134 706 874
135 572 796
136 194 525
137 78 237
138 220 138
139 396 329
140 63 842
141 41 39
142 377 424
143 635 577
144 475 429
145 287 424
146 288 574
147 361 522
148 230 495
149 707 88
150 533 730
151 903 584
152 920 256
153 545 528
154 257 467
155 157 66
156 948 353
157 188 925
158 472 621
159 630 928
160 21 707
161 309 764
162 330 839
163 630 103
164 233 52
165 475 586
166 771 418
167 949 372
168 325 149
169 975 385
170 374 747
171 989 877
172 756 135
173 893 174
174 168 505
175 473 422
176 559 209
177 772 853
178 399 534
179 880 695
180 510 41
181 334 989
182 406 689
183 642 907
184 594 801
185 771 71
186 125 347
187 272 309
188 636 20
189 561 716
190 323 718
191 859 476
192 129 674
193 521 884
194 238 137
195 369 762
196 335 315
197 955 323
198 206 39
199 779 517
200 612 305
201 12 838
202 765 291
203 700 772
204 33 231
205 993 711
206 947 826
207 47 548
208 480 758
209 226 487
210 970 920
211 377 623
212 141 536
213 567 628
214 304 285
215 545 701
216 840 160
217 273 104
218 365 999
219 164 612
220 836 616
221 617 620
222 319 207
223 989 702
224 715 211
225 254 86
226 12 14
227 526 999
228 276 672
229 639 171
230 517 848
231 548 524
232 847 812
233 602 894
234 483 504
235 961 125
236 605 898
237 532 373
238 155 43
239 608 844
240 903 880
241 510 782
242 496 708
243 299 908
244 92 825
245 918 786
246 843 646
247 608 885
248 236 200
249 281 764
250 236 660
251 681 229
252 364 597
253 586 70
254 302 316
255 733 77
256 485 213
257 321 760
258 8 525
259 706 57
260 487 626
261 264 1
262 858 769
263 905 78
264 652 220
265 210 65
266 707 4
267 898 378
268 861 8
269 856 484
270 424 268
271 947 889
272 9 368
273 348 282
274 648 843
275 167 615
276 900 180
277 443 30
278 153 306
279 478 446
280 263 172
281 285 491
282 813 510
283 916 118
284 257 211
285 70 278
286 764 217
287 680 255
288 278 798
289 805 460
290 323 714
291 870 766
292 195 476
293 217 412
294 801 164
295 74 258
296 296 22
297 468 387
298 113 233
299 3 788
300 359 211
301 232 592
302 89 137
303 241 466
304 389 971
305 853 578
306 918 134
307 19 293
308 164 916
309 265 853
310 28 134
311 451 56
312 516 253
313 652 85
314 755 886
315 704 148
316 505 327
317 439 22
318 288 837
319 866 999
320 46 225
321 381 522
322 667 265
323 819 198
324 474 403
325 400 180
326 844 839
327 928 944
328 449 690
329 856 362
330 607 959
331 383 467
332 760 215
333 210 396
334 642 657
335 309 677
336 570 935
337 236 155
338 171 711
339 192 785
340 140 731
341 352 298
342 812 693
343 496 322
344 169 673
345 46 289
346 756 387
347 264 556
348 694 268
349 354 532
350 790 375
351 922 171
352 572 387
353 280 384
354 356 703
355 866 585
356 672 307
357 929 28
358 772 977
359 935 71
360 648 33
361 63 843
362 300 844
363 483 498
364 334 998
365 822 966
366 182 306
367 681 667
368 881 509
369 116 707
370 439 346
371 312 695
372 19 442
373 636 252
374 370 635
375 873 273
376 732 212
377 768 581
378 137 595
379 298 657
380 756 452
381 908 199
382 135 942
383 370 52
384 487 358
385 747 637
386 986 1
387 820 33
388 110 242
389 740 986
390 956 539
391 504 34
392 684 185
393 41 9
394 858 537
395 304 331
396 812 572
397 414 294
398 577 355
399 684 256
400 539 883
401 394 67
402 555 205
403 217 376
404 323 760
405 218 155
406 113 716
407 500 935
408 751 171
409 680 642
410 925 826
411 955 581
412 837 102
413 933 556
414 355 787
415 271 565
416 663 725
417 411 559
418 245 665
419 998 98
420 586 928
421 851 70
422 802 911
423 1000 833
424 393 140
425 501 252
426 523 229
427 777 344
428 278 424
429 885 833
430 788 800
431 942 939
432 65 964
433 650 338
434 954 140
435 576 816
436 783 689
437 958 768
438 713 940
439 687 486
440 176 959
441 600 131
442 411 603
443 66 856
444 853 44
445 153 415
446 585 99
447 393 280
448 432 614
449 531 206
450 91 574
451 288 385
452 714 754
453 592 945
454 511 381
455 470 598
456 689 825
457 941 997
458 165 417
459 21 588
460 197 80
461 986 996
462 749 571
463 358 56
464 472 35
465 261 671
466 548 787
467 971 338
468 261 225
469 610 110
470 823 711
471 583 754
472 179 411
473 44 557
474 216 747
475 751 173
476 490 308
477 323 722
478 771 74
479 581 208
480 745 226
481 127 66
482 700 979
483 210 215
484 205 849
485 890 803
486 847 751
487 243 736
488 31 672
489 528 102
490 131 712
491 730 251
492 508 552
493 558 262
494 751 315
495 462 982
496 327 409
497 801 742
498 229 635
499 727 438
500 876 702
501 720 688
502 529 354
503 839 521
504 989 309
505 535 329
506 436 302
507 499 884
508 375 825
509 307 920
510 798 811
511 355 340
512 976 752
513 189 77
514 382 256
515 90 891
516 552 493
517 635 816
518 791 53
519 879 909
520 610 131
521 10 618
522 703 593
523 394 274
524 148 137
525 705 432
526 16 185
527 774 769
528 453 580
529 449 991
530 293 181
531 234 546
532 1000 13
533 931 804
534 498 321
535 893 147
536 959 225
537 535 659
538 708 182
539 946 514
540 330 395
541 543 831
542 162 486
543 832 163
544 362 65
545 669 294
546 719 35
547 893 353
548 932 730
549 411 870
550 74 604
551 757 919
552 823 50
553 222 343
554 987 481
555 379 882
556 303 608
557 389 936
558 596 618
559 375 769
560 373 589
561 33 243
562 341 94
563 135 701
564 366 252
565 952 241
566 235 123
567 848 536
568 533 524
569 777 120
570 136 27
571 986 9
572 285 559
573 662 854
574 137 846
575 384 393
576 317 167
577 374 840
578 127 556
579 715 349
580 904 733
581 578 183
582 754 822
583 409 386
584 329 304
585 346 654
586 862 66
587 860 802
588 865 820
589 694 176
590 896 88
591 718 715
592 62 939
593 493 996
594 818 387
595 370 814
596 150 856
597 16 77
598 11 880
599 967 657
600 246 931
601 945 936
602 112 127
603 432 160
604 842 685
605 285 958
606 279 299
607 550 44
608 866 199
609 581 295
610 716 815
611 437 57
612 218 146
613 963 888
614 617 52
615 270 584
616 471 387
617 157 907
618 529 370
619 126 291
620 961 72
621 864 109
622 186 942
623 694 518
624 677 83
625 322 24
626 638 26
627 599 446
628 229 205
629 860 780
630 774 562
631 649 151
632 375 201
633 16 87
634 669 903
635 544 50
636 997 157
637 445 107
638 613 287
639 795 798
640 37 314
641 418 186
642 726 787
643 532 491
644 92 435
645 919 163
646 601 305
647 441 829
648 730 143
649 387 729
650 290 255
651 541 996
652 344 38
653 346 650
654 96 267
655 595 601
656 122 476
657 509 374
658 979 132
659 747 399
660 429 371
661 665 243
662 522 847
663 831 669
664 804 836
665 973 476
666 833 724
667 656 115
668 586 855
669 963 947
670 269 769
671 871 431
672 38 902
673 531 745
674 257 387
675 988 397
676 987 916
677 289 211
678 664 991
679 733 831
680 558 484
681 347 302
682 899 85
683 408 152
684 341 786
685 717 858
686 473 564
687 30 329
688 809 164
689 160 226
690 669 228
691 832 646
692 817 728
693 599 947
694 25 542
695 372 621
696 819 383
697 935 388
698 18 202
699 699 601
700 139 239
701 714 69
702 633 699
703 985 135
704 420 393
705 702 400
706 546 135
707 126 566
708 125 295
709 275 450
710 874 746
711 991 971
712 307 126
713 262 761
714 696 960
715 943 250
716 869 919
717 413 186
718 805 978
719 890 809
720 888 215
721 317 558
722 338 926
723 216 106
724 848 206
725 848 196
726 231 596
727 899 748
728 746 618
729 295 644
730 726 322
731 175 447
732 958 166
733 208 254
734 502 101
735 129 580
736 755 405
737 960 583
738 974 40
739 452 746
740 945 184
741 810 620
742 431 947
743 982 923
744 49 846
745 422 632
746 839 850
747 898 915
748 644 307
749 638 215
750 172 256
751 906 126
752 970 871
753 377 299
754 401 506
755 730 457
756 580 329
757 726 648
758 907 647
759 335 13
760 694 608
761 502 386
762 809 263
763 614 736
764 852 551
765 106 640
766 98 719
767 835 965
768 217 79
769 593 208
770 843 272
771 562 6
772 734 168
773 52 829
774 717 892
775 391 117
776 491 337
777 657 891
778 14 476
779 955 818
780 851 143
781 734 418
782 210 490
783 574 59
784 85 38
785 418 752
786 76 116
787 16 243
788 955 412
789 411 276
790 447 272
791 465 247
792 545 201
793 906 231
794 322 945
795 784 234
796 990 34
797 668 882
798 765 453
799 252 486
800 936 771
801 498 254
802 828 704
803 225 783
804 313 563
805 22 337
806 863 371
807 68 586
808 420 274
809 192 201
810 624 206
811 146 470
812 921 784
813 802 306
814 679 900
815 769 518
816 47 477
817 302 915
818 470 782
819 743 697
820 359 426
821 641 103
822 57 88
823 565 732
824 799 622
825 754 715
826 347 759
827 714 454
828 954 881
829 945 371
830 399 234
831 920 686
832 185 32
833 968 550
834 48 102
835 108 57
836 649 491
837 332 994
838 625 592
839 15 641
840 607 319
841 166 605
842 692 368
843 80 861
844 257 594
845 442 319
846 507 1
847 637 722
848 898 581
849 840 568
850 44 800
851 996 539
852 340 156
853 998 380
854 747 865
855 835 513
856 992 696
857 604 925
858 825 665
859 987 987
860 583 903
861 135 229
862 91 156
863 834 307
864 31 854
865 139 280
866 42 580
867 560 289
868 172 125
869 475 650
870 998 610
871 755 780
872 926 531
873 827 154
874 655 593
875 309 200
876 235 305
877 400 932
878 61 517
879 848 233
880 811 502
881 882 338
882 660 364
883 992 960
884 475 621
885 929 202
886 691 663
887 968 374
888 482 534
889 889 697
890 645 328
891 60 393
892 539 22
893 309 220
894 111 684
895 741 482
896 515 751
897 16 71
898 682 493
899 643 852
900 842 132
901 941 562
902 519 826
903 36 125
904 276 596
905 218 959
906 307 739
907 653 822
908 43 544
909 491 365
910 45 290
911 351 624
912 663 203
913 603 692
914 44 512
915 852 307
916 236 56
917 531 47
918 970 68
919 286 714
920 225 813
921 261 910
922 558 666
923 296 856
924 258 982
925 333 216
926 654 904
927 605 377
928 320 852
929 855 526
930 488 642
931 591 580
932 401 108
933 551 965
934 61 458
935 451 147
936 391 477
937 47 656
938 837 464
939 492 148
940 117 379
941 69 68
942 751 542
943 953 483
944 674 687
945 34 375
946 523 410
947 706 944
948 283 634
949 166 99
950 133 974
951 955 400
952 626 873
953 212 375
954 730 105
955 835 529
956 68 96
957 207 744
958 102 341
959 184 830
960 558 401
961 249 458
962 398 314
963 774 94
964 702 385
965 610 111
966 892 735
967 660 123
968 133 439
969 19 502
970 628 910
971 978 882
972 615 160
973 388 254
974 665 997
975 80 416
976 80 331
977 692 793
978 133 150
979 946 306
980 550 151
981 337 686
982 795 493
983 540 849
984 139 718
985 723 613
986 322 869
987 897 328
988 627 614
989 83 9
990 772 141
991 546 353
992 404 744
993 835 515
994 862 259
995 717 710
996 143 306
997 926 449
998 230 584
999 69 986
140 361
28 570
469 965
89 615
345 910
257 404
408 475
855 993
343 534
185 478
297 616
158 884
122 201
63 466
59 835
71 320
14 750
425 801
245 812
39 832
190 290
190 477
585 653
287 399
41 516
594 696
619 708
301 726
167 829
219 275
431 601
237 618
590 682
286 332
364 837
106 169
153 231
233 236
641 717
27 787
77 905
164 916
69 347
76 446
230 662
403 953
591 995
66 79
68 182
211 695
411 737
181 837
176 402
207 908
151 848
234 363
485 719
597 897
447 523
115 827
678 974
98 471
188 626
514 973
5 197
341 681
721 804
11 371
20 542
658 703
223 856
108 336
47 435
509 817
69 415
270 808
663 858
503 993
144 175
430 639
454 657
453 693
219 841
243 817
92 279
44 558
51 912
290 477
386 571
294 688
97 865
353 451
179 500
384 909
6 919
438 947
138 612
41 680
282 880
301 998
607 635
75 890
191 269
460 513
216 543
351 645
248 628
676 743
699 760
470 802
439 898
148 209
277 317
17 623
522 699
503 855
503 955
667 967
181 364
145 428
405 612
380 798
461 859
173 276
180 391
316 534
195 559
263 682
789 808
179 889
298 388
369 406
207 473
474 957
23 154
205 223
463 544
620 918
95 157
441 520
597 633
724 725
659 736
413 901
490 984
278 996
26 281
21 480
394 567
578 707
199 815
275 841
316 343
250 418
454 761
543 873
274 899
634 814
670 713
271 828
3 160
402 792
700 861
367 886
233 247
516 680
8 891
200 646
246 691
163 821
125 184
40 786
711 883
127 557
262 629
741 824
106 887
49 889
433 890
55 913
206 779
687 805
303 961
49 179
347 415
308 617
329 806
613 828
127 877
394 929
40 956
1 360
53 798
221 988
490 563
421 586
557 877
204 561
479 769
788 951
118 194
252 560
36 617
251 690
78 894
310 903
154 961
726 998
508 595
97 619
326 746
89 904
171 971
67 181
445 458
580 966
147 349
187 606
360 626
67 837
102 841
222 875
567 929
262 291
210 743
183 926
196 584
44 655
161 257
19 296
383 463
153 568
362 923
565 715
24 989
283 751
331 936
121 449
165 455
1 626
249 670
260 884
583 704
365 767
132 872
169 887
473 908
340 984
123 809
236 247
361 443
356 545
510 639
379 729
635 917
777 926
118 566
615 904
392 589
263 590
775 932
92 144
61 231
126 813
822 956
752 971
318 362
211 374
657 761
117 813
100 517
500 889
955 993
311 611
414 684
101 920
19 625
374 695
519 716
777 797
780 900
204 320
140 443
496 540
194 566
325 717
707 735
361 744
216 873
183 970
9 17
243 509
330 693
259 701
306 751
161 404
284 468
532 571
140 744
74 863
305 355
567 955
727 966
327 431
430 510
95 622
554 665
264 749
449 792
45 834
200 840
443 843
231 568
46 653
346 659
705 964
312 425
228 465
508 577
205 856
62 870
634 926
254 395
150 673
139 962
458 472
343 476
415 572
538 589
394 764
646 840
60 483
476 534
383 544
270 789
869 930
10 30
71 204
80 208
146 572
227 651
406 766
10 358
46 585
661 690
567 764
54 896
348 399
119 523
729 948
265 768
119 789
170 195
158 260
58 342
369 490
495 529
23 709
580 727
80 739
343 776
2 886
20 174
502 618
633 897
855 955
154 303
75 433
271 613
260 930
283 306
176 792
785 992
97 708
613 971
67 364
128 476
324 616
209 782
253 783
755 827
390 833
287 322
81 359
232 587
574 596
470 666
615 844
305 849
222 893
162 928
273 341
514 564
666 692
189 823
711 859
706 980
235 434
34 593
640 687
75 748
168 852
749 810
822 834
89 844
222 925
29 304
503 929
634 777
104 905
77 104
378 735
561 787
224 376
558 655
625 759
140 773
619 865
502 991
117 126
297 324
418 465
738 796
673 896
172 990
138 405
157 622
526 698
523 789
928 986
291 629
316 776
144 279
387 552
408 772
744 773
52 122
293 333
336 420
34 495
536 565
210 676
37 689
534 776
563 984
11 335
503 567
522 760
188 360
169 675
196 681
475 772
878 914
23 961
274 573
361 773
375 994
44 221
119 973
337 405
863 915
107 151
138 194
193 400
420 453
200 638
470 692
346 736
312 801
143 838
506 845
881 987
194 337
584 681
142 820
694 908
159 970
662 983
335 371
608 725
397 789
156 829
420 857
541 983
880 982
132 390
65 435
613 752
61 153
102 219
406 490
386 532
447 789
2 367
53 380
332 480
96 720
547 881
14 16
56 405
587 588
327 601
264 690
95 104
59 481
300 632
752 828
714 947
133 338
60 628
325 641
550 807
517 907
156 167
116 318
175 324
415 615
51 690
385 728
1 188
78 192
287 348
376 480
30 718
302 862
167 887
573 899
844 904
287 661
424 683
667 821
107 848
102 275
322 399
146 415
237 502
13 643
249 713
499 755
607 917
197 979
132 539
235 658
608 724
47 184
51 264
49 500
105 660
604 663
134 685
482 714
342 802
29 557
154 799
168 576
232 588
33 818
744 864
440 622
443 744
697 829
675 853
842 964
74 915
352 960
126 129
265 460
800 812
524 978
174 542
369 563
377 630
519 747
171 752
11 981
43 93
147 321
89 415
0 549
94 746
119 808
875 893
520 965
50 288
273 681
460 768
83 395
69 572
516 643
16 750
337 612
657 909
929 955
478 963
89 146
149 701
216 780
691 858
264 912
285 295
135 435
27 561
618 657
291 710
91 933
330 453
21 491
292 782
708 865
110 145
92 175
146 615
45 633
448 745
688 873
192 894
52 201
276 381
58 436
84 492
104 622
255 701
166 736
148 782
666 802
499 827
318 923
365 718
72 723
204 787
764 849
119 270
397 808
834 956
523 973
469 520
112 427
286 480
340 490
52 773
634 797
481 835
233 860
748 890
103 136
129 202
119 447
342 470
262 486
221 558
454 618
601 669
134 774
797 814
313 821
819 825
333 953
710 966
708 996
15 334
333 403
163 469
112 494
88 708
499 781
665 943
367 944
71 561
138 566
347 572
85 598
381 885
662 902
695 911
106 951
47 65
73 182
81 620
251 661
497 692
167 697
85 201
137 295
384 776
86 874
655 931
99 730
377 462
483 628
117 863
362 928
786 956
163 965
74 770
274 907
569 990
178 321
514 523
638 646
106 675
369 766
247 952
609 867
180 917
189 215
116 288
197 467
18 531
194 612
90 636
54 673
72 768
183 777
677 893
290 371
527 871
374 911
206 410
193 507
587 629
176 479
170 559
322 661
165 686
115 755
230 902
564 973
838 988
198 832
245 533
320 561
170 649
732 740
437 800
195 826
282 855
501 995
5 467
229 631
609 646
533 812
298 861
441 965
432 999
63 135
72 225
30 358
237 454
431 669
314 854
459 866
644 975
203 977
135 184
11 290
110 496
693 857
236 860
5 979
282 993
542 811
98 823
488 937
649 992
619 996
54 150
203 452
119 514
499 525
165 528
410 533
463 652
207 694
483 809
335 379
24 784
303 799
677 875
830 973
929 993
582 679
237 657
399 661
543 688
663 691
420 693
659 781
603 935
230 983
770 994
85 122
120 234
155 238
158 455
424 775
473 866
115 525
353 674
4 871
829 887
185 963
441 469
532 796
9 623
453 857
822 941
697 951
39 198
36 308
138 337
610 679
270 790
702 847
122 864
477 906
397 506
184 435
245 800
105 297
121 426
69 615
521 839
169 853
85 864
455 884
369 894
728 985
604 802
411 901
816 934
47 135
248 284
442 448
385 757
409 886
761 909
124 188
276 351
108 420
341 584
444 586
295 654
660 704
152 715
90 732
26 799
148 799
777 814
525 827
2 944
186 958
51 251
107 413
429 588
855 929
52 864
402 449
41 643
404 826
828 971
196 341
61 516
258 694
537 922
618 991
437 512
578 735
52 744
103 782
720 793
740 885
336 453
958 976
41 61
159 183
265 513
392 538
28 238
316 476
473 694
893 925
923 928
426 449
394 955
212 578
237 991
86 143
175 279
429 719
541 902
128 343
239 668
607 892
106 167
1 614
689 700
535 751
736 781
302 786
501 819
45 822
884 930
38 934
567 993
69 89
74 117
132 413
656 811
455 528
154 709
40 822
361 843
282 982
394 503
238 570
447 753
722 794
201 864
530 875
312 426
583 660
169 951
367 409
341 753
4 527
636 703
146 904
191 938
133 340
302 602
313 624
710 727
301 844
161 906
5 156
23 303
479 581
432 592
420 860
689 861
764 929
397 447
257 906
88 619
603 683
252 695
640 910
648 772
571 796
814 926
547 987
190 371
115 499
267 547
276 645
461 711
566 723
140 843
576 852
258 969
354 981
369 984
120 363
259 546
27 204
35 627
528 686
381 720
321 754
143 874
454 909
397 962
157 308
135 466
58 470
502 505
510 664
690 912
209 303
75 356
172 569
600 921
753 962
246 663
450 807
834 903
236 970
250 498
575 583
494 730
413 872
272 945
87 344
2 501
128 534
235 703
523 808
208 818
251 287
144 324
359 620
489 734
209 799
257 826
211 911
421 444
65 541
296 625
625 652
726 844
797 926
406 984
44 988
68 73
103 148
217 225
402 479
428 709
398 756
416 847
159 857
246 858
307 910
569 963
57 153
434 658
438 714
286 795
604 858
539 872
892 917
198 265
445 472
577 595
434 732
220 741
865 996
21 332
285 345
447 514
541 662
692 802
780 873
855 880
190 906
404 906
158 930
229 972
505 991
69 146
60 248
164 265
264 661
351 740
567 855
11 190
105 616
315 648
37 750
380 755
653 911
300 925
778 969
447 973
462 630
345 640
652 759
371 981
88 996
228 379
406 563
873 900
298 700
807 866
868 949
926 970
21 376
524 868
260 869
699 985
194 405
185 518
414 559
45 597
22 94
100 239
390 539
370 660
643 680
23 799
763 847
81 918
914 969
173 535
724 879
93 114
100 125
305 764
723 768
236 857
899 952
501 591
790 808
493 867
232 326
322 348
251 399
40 834
370 845
277 311
206 533
61 568
172 648
384 657
608 720
709 961
307 345
183 634
880 993
6 371
250 465
446 469
105 704
588 719
146 804
755 895
156 467
291 486
56 612
486 710
121 792
640 805
80 818
859 883
390 901
379 948
265 916
21 286
543 780
269 938
821 967
48 424
192 563
277 611
307 640
447 808
684 826
150 896
392 912
178 417
177 854
623 898
285 910
749 912
42 933
446 965
202 494
530 576
533 779
47 125
65 668
514 830
764 955
270 397
294 873
433 882
25 133
412 621
210 669
161 249
356 748
776 909
309 318
262 710
29 877
771 892
941 956
178 754
513 768
216 900
45 903
332 376
176 449
548 580
255 954
799 961
306 535
545 748
388 861
149 255
118 337
282 503
171 613
173 645
285 654
133 984
25 32
397 523
502 657
572 804
396 849
738 918
522 985
12 33
383 401
124 626
374 653
607 783
857 970
326 588
737 901
484 959
104 157
163 313
471 823
109 152
119 830
106 853
635 892
113 997
118 138
390 413
254 606
566 612
149 954
347 615
284 628
163 667
145 709
573 797
167 951
97 996
195 414
214 606
388 654
152 793
106 829
321 349
110 428
111 599
456 610
91 651
756 840
844 998
51 392
875 925
199 982
107 901
278 366
478 518
111 870
869 884
156 887
253 446
306 645
476 776
96 793
167 169
211 252
116 362
101 484
34 529
82 529
322 545
72 566
273 584
221 655
323 725
58 802
20 811
462 942
887 951
282 955
923 986
784 989
819 995
14 37
39 238
325 683
414 826
221 838
173 351
173 381
371 477
474 487
480 491
572 615
287 690
388 700
579 730
581 769
509 794
158 869
96 879
56 337
168 712
271 752
342 436
716 747
563 894
886 944
335 981
57 231
226 393
277 464
520 972
760 985
89 572
603 641
383 652
538 772
278 865
879 994
254 584
170 826
833 901
556 904
210 601
536 715
290 906
311 464
315 589
610 642
559 826
616 909
89 347
224 538
784 835
579 842
642 871
768 916
164 198
20 292
274 517
19 759
252 911
391 917
146 347
141 393
155 481
803 920
815 942
248 483
485 587
203 642
375 770
838 874
234 888
316 505
132 901
50 670
350 696
278 708
323 724
773 850
833 851
631 967
681 753
170 992
485 588
523 753
313 667
222 677
530 677
220 691
23 26
251 264
373 661
288 670
103 209
91 227
162 362
11 477
429 485
340 563
149 624
486 666
443 773
857 860
412 900
585 911
64 986
350 594
208 739
675 887
630 942
891 975
535 645
88 958
233 970
76 253
270 523
444 552
51 749
70 836
853 887
374 585
166 659
342 663
669 743
332 795
213 558
378 841
754 936
829 951
29 127
26 154
156 197
220 246
187 254
25 340
263 359
636 658
587 719
790 791
591 819
685 854
247 860
702 913
342 858
340 406
414 595
278 619
106 788
149 259
148 303
218 364
30 365
31 432
108 453
294 543
378 707
442 745
616 761
100 907
8 975
16 366
342 604
84 686
410 779
390 872
162 986
37 123
214 254
230 541
451 674
129 762
128 776
769 810
355 849
233 857
368 929
398 991
120 888
309 923
602 978
902 983
697 788
44 838
445 968
231 516
216 688
558 988
84 165
150 189
351 381
468 677
264 810
786 834
290 981
71 137
280 530
635 783
655 838
686 888
150 215
679 685
336 693
618 761
164 768
454 946
48 325
15 409
110 540
214 584
434 703
487 713
241 896
415 904
509 722
433 748
76 469
347 531
404 684
58 692
458 731
59 784
515 843
492 888
45 897
899 907
251 912
891 945
54 242
399 690
384 761
228 418
93 484
142 575
486 629
469 821
669 883
351 885
539 943
271 971
425 426
402 581
621 900
297 909
513 949
789 973
15 988
394 993
646 756
761 946
233 952
94 326
280 337
219 378
459 521
126 762
506 790
238 832
76 965
284 677
391 464
196 511
337 566
61 680
560 695
572 721
82 742
113 788
813 863
908 914
821 965
247 970
401 544
200 748
381 793
150 823
406 894
382 950
518 552
525 705
456 977
380 499
176 581
470 604
603 717
460 723
525 781
129 813
415 844
371 919
7 268
55 702
138 723
78 765
506 808
355 848
842 882
289 938
104 440
689 750
130 868
286 376
137 388
352 398
207 866
454 502
64 555
544 652
878 908
64 577
638 840
610 977
181 218
200 609
543 900
651 933
325 632
204 698
37 809
773 864
906 919
236 952
441 972
96 994
580 710
237 761
503 764
718 767
52 850
88 186
260 455
245 485
210 613
439 623
324 761
338 984
136 174
257 684
598 864
46 911
556 948
209 292
96 608
831 889
41 231
609 638
128 845
567 849
424 932
186 940
49 831
196 254
568 643
123 689
358 718
778 816
79 979
126 202
314 551
262 587
339 803
836 898
214 650
169 829
125 435
384 616
10 718
146 721
65 983
227 593
391 846
675 951
18 103
125 135
358 389
270 447
384 454
266 546
14 689
571 738
386 796
394 855
573 907
108 933
585 981
75 545
64 162
411 413
362 986
228 335
403 553
281 799
533 800
218 837
95 114
614 626
645 740
119 397
705 842
44 931
553 953
224 480
212 707
380 895
255 259
169 788
18 148
140 244
43 309
322 373
350 427
110 451
43 484
118 612
690 749
273 753
272 805
411 833
811 968
121 256
46 379
276 535
490 766
791 801
23 281
210 431
155 513
228 729
786 822
361 864
503 880
340 369
66 715
159 926
385 985
737 833
69 844
576 875
81 357
130 405
418 498
125 517
131 721
685 774
784 941
6 11
430 527
495 593
609 756
297 761
176 769
207 878
45 956
400 983
100 274
97 278
308 622
691 741
554 943
56 130
249 288
53 289
244 361
467 504
51 661
455 686
291 727
81 738
132 833
330 857
239 952
52 140
137 320
549 555
140 864
64 928
24 393
48 683
356 890
155 949
315 538
211 560
546 701
683 717
372 778
447 962
100 184
95 440
163 520
421 552
490 894
166 346
333 472
69 531
60 733
744 843
742 877
872 901
292 542
450 550
198 916
352 927
289 982
739 785
642 977
52 361
232 629
112 730
620 738
336 860
655 988
77 95
77 600
297 384
13 516
180 892
777 970
199 282
82 304
290 354
387 444
46 335
598 672
128 316
196 395
123 483
131 572
488 839
40 302
412 421
190 981
273 564
137 654
320 787
547 806
225 916
83 254
304 557
408 648
56 809
165 884
874 988
317 611
175 616
443 864
452 642
98 763
158 165
327 669
106 697
663 802
816 914
359 918
757 985
130 612
180 635
122 744
762 770
676 971
631 972
114 157
137 298
387 518
57 568
292 731
514 789
755 798
171 828
16 865
95 308
441 446
152 565
71 787
633 834
199 880
318 928
839 937
175 297
269 368
248 468
342 692
240 747
525 755
426 801
48 852
609 840
329 881
641 683
323 688
336 857
56 248
196 273
192 369
317 464
55 763
78 369
236 420
14 700
139 753
166 798
38 816
413 833
53 895
694 914
336 933
482 947
87 338
523 564
426 792
95 905
398 927
56 138
153 516
267 806
208 896
6 228
264 373
42 453
56 628
50 116
105 324
544 562
527 639
33 647
269 855
602 862
42 330
316 384
177 582
253 614
157 617
335 729
471 763
50 803
394 849
697 887
777 952
450 707
239 899
293 403
575 704
591 825
363 888
866 908
60 284
311 317
346 350
275 378
157 440
270 506
283 590
733 750
728 757
315 772
794 817
838 931
163 967
118 217
348 545
506 789
183 797
249 906
815 982
316 502
467 887
456 907
207 914
605 924
880 955
88 278
309 362
770 863
770 915
946 960
193 230
105 583
50 713
472 731
789 790
15 221
368 394
238 481
405 566
177 664
320 698
245 719
496 820
622 905
190 354
37 483
435 541
66 565
675 788
172 408
12 647
351 732
117 762
425 791
117 129
516 568
360 614
159 693
485 812
460 949
6 335
160 488
13 680
79 715
621 780
673 823
276 885
105 370
306 434
46 729
461 883
46 981
16 278
18 347
0 647
475 648
408 990
231 643
631 667
543 725
479 792
17 898
50 920
500 966
69 904
497 666
705 781
83 451
197 504
222 530
629 710
409 760
355 764
679 854
47 239
395 584
173 608
61 643
1 124
154 281
6 290
218 304
268 444
31 592
613 676
195 684
669 711
216 725
556 729
517 899
487 957
154 209
338 340
76 441
3 488
638 748
215 823
146 844
108 860
492 686
276 720
166 781
131 804
725 879
391 892
290 919
8 945
52 85
72 265
151 355
121 402
283 535
193 662
731 811
793 885
209 961
294 990
99 356
322 690
373 749
952 970
343 384
474 803
653 981
65 135
177 314
283 682
700 750
166 380
146 556
247 668
14 865
274 952
306 351
188 614
113 665
90 703
628 809
187 876
190 919
88 97
323 543
77 622
97 654
156 697
397 753
573 777
766 894
215 922
293 953
825 995
338 563
291 587
524 602
38 644
330 420
115 439
342 666
100 899
269 993
57 61
45 310
532 738
134 814
220 824
40 941
28 59
63 435
492 568
397 845
199 942
816 969
44 213
233 420
303 709
183 952
13 41
195 649
489 706
548 727
581 792
564 830
41 153
401 463
240 519
351 535
381 645
307 687
96 724
602 786
473 807
722 817
798 895
225 768
183 814
72 118
664 746
98 189
325 603
468 628
310 834
808 973
485 629
94 664
486 692
42 693
536 885
505 534
201 744
122 773
477 919
143 988
6 190
19 652
482 678
90 740
244 843
404 477
648 954
54 208
68 328
32 339
356 433
293 472
133 490
470 497
500 604
298 654
559 684
194 723
346 781
60 809
162 923
291 966
109 979
338 344
60 468
257 477
192 490
243 921
183 236
92 324
354 477
329 547
229 810
806 881
757 886
572 904
237 946
4 452
255 478
47 668
402 769
72 916
889 966
497 527
413 737
237 960
531 998
261 296
590 621
624 667
108 693
74 813
846 892
258 914
579 964
66 979
475 990
2 995
21 224
141 226
78 563
59 570
348 661
762 795
501 886
559 992
241 466
172 475
0 577
267 697
161 826
439 836
743 883
618 909
558 931
208 241
79 504
376 538
619 654
53 982
224 251
185 255
294 323
252 374
180 464
450 735
314 774
608 879
136 782
430 871
6 906
210 271
159 330
459 473
384 534
118 723
649 785
644 934
656 968
251 322
72 460
359 682
126 863
657 946
270 973
477 981
582 610
347 844
228 948
904 948
106 156
187 395
103 531
301 615
511 681
161 684
445 731
232 746
134 797
774 814
117 915
11 919
313 967
458 968
210 971
148 154
248 280
239 517
447 564
213 655
62 737
661 749
748 840
827 895
70 898
410 719
683 775
308 382
118 405
427 494
114 600
276 608
259 624
419 658
653 695
436 825
558 838
580 889
882 890
366 996
145 451
246 604
113 943
159 236
110 353
28 481
376 491
128 506
639 664
171 676
37 700
498 726
483 733
22 746
840 890
797 899
213 922
116 923
24 141
102 378
70 623
645 732
802 858
810 912
47 100
216 294
82 495
452 591
669 676
14 733
37 733
755 781
303 782
153 643
419 703
601 743
645 751
605 794
119 564
179 604
396 630
590 751
770 879
849 955
139 397
482 974
195 992
295 388
2 409
6 477
430 664
701 954
89 556
41 568
211 442
256 791
86 838
796 918
280 284
290 335
11 354
379 465
624 701
502 909
416 944
600 905
174 292
89 301
343 505
456 573
513 723
117 770
27 320
83 353
191 368
172 772
397 790
71 295
4 642
71 698
416 702
588 746
172 954
130 138
348 491
400 662
480 795
764 993
27 71
148 292
429 587
42 651
613 743
719 812
650 893
258 908
193 983
147 178
607 771
805 945
506 962
381 740
202 813
164 225
448 528
658 732
375 915
834 941
74 126
187 214
402 426
48 632
200 756
241 818
390 851
550 866
229 912
615 998
239 274
192 344
338 490
400 507
481 570
604 666
636 732
296 759
353 428
58 497
222 576
90 658
612 723
21 795
661 912
180 607
326 664
169 697
180 846
101 959
79 565
616 657
107 872
553 876
788 887
789 962
249 257
222 300
7 357
244 773
247 857
523 962
50 249
493 609
200 890
230 507
130 524
450 578
739 818
43 101
288 318
334 367
428 451
378 578
435 668
604 691
645 885
62 111
131 281
74 375
11 379
435 466
326 587
588 629
38 656
161 670
595 684
654 708
288 713
437 812
523 830
28 835
141 941
548 966
39 265
774 854
99 579
454 616
501 757
167 788
637 935
618 946
694 969
39 155
224 392
244 443
354 649
183 247
124 360
371 379
167 467
442 560
430 582
586 590
58 666
217 712
16 733
380 781
316 909
65 239
287 545
304 877
835 941
65 184
145 353
245 410
325 424
410 429
158 448
389 482
446 520
395 606
289 798
689 809
597 834
141 897
467 979
55 847
573 952
269 503
589 772
436 819
23 428
556 615
373 690
615 726
386 738
691 824
632 830
750 865
224 589
88 865
334 409
399 545
632 717
499 798
940 958
239 247
720 724
201 773
18 799
179 831
700 865
786 903
485 533
633 822
935 939
766 984
89 998
151 413
163 441
133 563
22 716
570 835
419 918
192 765
698 787
753 789
121 176
174 212
251 348
438 482
124 614
421 621
211 653
542 731
235 732
703 732
758 831
589 912
563 766
657 776
176 426
7 444
624 821
781 827
484 920
548 800
644 968
743 971
72 217
256 426
448 455
542 656
231 680
88 976
305 394
533 719
173 720
817 921
18 69
116 309
230 400
66 504
464 611
382 617
174 811
560 911
575 820
265 832
63 241
305 396
326 429
505 618
265 723
53 755
76 783
777 899
263 283
17 439
403 674
89 726
198 768
446 783
415 531
300 564
225 566
586 682
682 751
702 763
715 793
401 932
148 961
634 970
545 890
756 991
74 994
103 292
220 305
159 453
198 513
463 562
502 776
764 855
694 866
324 909
468 650
189 673
629 719
327 747
74 762
228 250
165 260
559 649
347 904
179 966
40 45
137 285
295 345
500 580
97 700
520 821
237 909
926 952
46 374
760 874
687 910
156 169
404 414
90 434
502 761
439 827
410 485
373 638
434 645
69 998
31 999
198 460
134 854
108 857
72 164
190 404
381 608
26 709
67 794
440 905
393 989
390 411
84 455
51 589
201 598
487 670
585 695
246 741
20 782
467 829
37 861
582 871
269 929
190 257
162 318
415 804
514 808
4 825
380 827
183 857
12 902
524 949
648 990
55 189
183 233
315 392
291 485
56 483
341 511
256 425
552 586
297 660
233 668
210 828
530 893
249 404
384 502
144 616
535 780
782 799
410 812
727 812
539 833
281 709
576 712
788 829
270 830
227 933
322 356
305 567
555 577
237 352
155 460
47 541
816 878
42 336
99 494
39 513
2 757
289 880
862 978
443 515
621 682
139 511
540 820
597 822
618 960
5 504
217 566
245 727
25 984
239 435
773 843
581 980
43 114
75 200
18 209
359 590
241 673
428 674
329 696
822 903
377 942
657 991
144 297
20 731
12 818
368 567
115 895
228 371
224 491
145 496
99 545
709 799
299 850
786 862
702 944
470 663
731 968
56 123
26 303
273 514
596 959
26 961
352 991
414 508
22 519
225 723
633 903
332 475
312 493
442 695
334 702
243 722
331 754
453 860
75 882
797 952
803 957
194 280
182 328
297 657
610 685
85 744
256 801
413 848
720 885
150 242
324 454
2 591
36 596
40 602
586 621
377 728
646 748
713 803
479 810
465 948
104 600
391 635
345 687
431 743
147 754
267 881
301 498
232 719
504 979
196 214
220 355
76 520
881 915
16 996
215 537
451 540
228 919
47 63
16 97
279 324
96 375
122 598
295 910
903 956
10 389
295 320
456 685
499 736
339 920
17 70
72 194
514 753
343 909
683 935
190 335
536 740
412 780
376 475
104 114
28 155
216 323
142 331
357 359
109 375
97 388
257 414
232 429
297 454
135 471
465 729
557 742
207 807
501 825
5 829
84 888
943 997
473 878
624 967
118 225
335 585
507 662
614 783
243 794
727 800
762 813
582 854
448 884
335 919
581 972
688 990
52 443
6 465
282 567
99 348
184 517
295 561
561 698
339 957
171 271
107 411
368 503
270 514
384 618
340 766
789 830
59 941
63 541
56 194
0 508
412 586
424 603
520 631
499 659
49 758
274 797
694 878
40 903
96 381
211 585
15 367
245 437
639 871
720 879
334 944
668 952
14 97
73 374
283 434
189 471
509 605
151 901
235 306
232 485
475 538
11 46
413 539
159 420
417 442
30 767
162 577
650 677
229 749
141 784
101 803
248 809
646 867
637 932
113 951
5 167
159 233
344 563
500 710
109 715
376 772
155 832
894 984
347 998
125 239
214 273
330 336
287 373
251 392
78 406
153 492
237 505
370 506
592 672
307 805
51 810
477 826
75 840
191 855
143 931
452 995
401 611
119 790
390 737
301 904
62 411
161 477
255 546
123 130
170 414
466 541
529 593
182 649
720 725
170 785
512 800
630 815
676 883
765 894
371 906
114 921
677 925
845 962
23 145
367 501
155 570
272 687
232 262
382 440
205 512
408 538
822 897
920 959
255 963
518 963
26 131
20 136
511 584
253 607
456 679
15 874
606 876
112 202
351 434
213 537
642 679
678 714
834 897
534 909
683 932
77 157
174 782
712 852
632 925
849 929
133 957
878 969
67 218
308 440
127 555
263 586
783 917
221 334
735 841
25 339
96 725
14 861
428 961
81 263
354 371
505 776
282 815
756 867
323 873
699 874
826 906
855 982
348 356
22 422
341 447
274 456
538 648
177 679
172 963
452 977
186 996
264 287
582 642
372 816
572 844
454 991
103 174
240 271
377 396
332 408
434 740
241 902
42 108
63 184
36 382
654 865
267 329
192 406
339 474
179 580
68 649
616 660
196 753
815 880
282 929
372 934
53 166
248 337
437 533
505 756
726 904
473 914
457 461
57 492
49 604
659 705
178 349
273 447
33 80
26 148
283 645
305 848
79 197
192 984
224 332
77 440
163 446
78 490
136 531
276 740
396 764
808 830
513 832
9 942
376 408
158 528
409 699
415 998
107 132
184 239
112 579
419 620
349 721
251 749
115 781
58 858
168 530
0 555
29 82
207 258
69 301
64 508
502 534
559 595
199 630
27 698
565 885
243 986
466 673
621 751
50 101
157 905
847 913
171 423
510 582
606 650
763 913
954 963
137 204
137 561
409 944
135 541
617 622
324 657
323 879
45 941
329 594
141 597
499 705
48 717
427 813
235 283
632 641
392 690
749 769
440 950
860 970
334 988
164 460
212 735
181 794
696 806
548 831
173 885
815 895
453 933
436 470
127 742
210 883
808 962
982 993
33 208
420 970
42 91
422 551
339 959
451 496
95 617
460 916
191 993
235 419
335 653
119 753
159 777
750 861
77 924
72 138
59 238
118 280
286 475
203 610
153 680
543 724
302 978
211 745
343 502
58 663
688 900
781 964
214 395
290 404
54 241
161 288
91 407
319 767
129 795
501 944
257 290
127 304
195 404
301 531
437 548
470 858
115 898
880 938
262 727
270 791
302 956
16 37
47 466
374 560
350 736
45 786
556 804
140 850
833 872
321 936
934 975
300 830
905 924
10 365
215 673
459 694
670 803
368 855
499 895
687 945
667 965
175 761
55 823
732 885
139 370
58 604
352 618
434 636
214 681
559 785
605 817
640 976
100 435
399 491
469 667
744 850
295 298
159 634
167 675
599 856
753 973
868 978
27 307
478 569
409 757
447 830
668 983
368 993
131 347
11 228
253 635
601 676
37 60
256 449
666 710
415 721
171 743
511 753
528 884
191 671
357 738
674 953
143 221
517 573
91 593
539 665
497 802
737 870
221 874
57 931
772 990
23 209
12 230
13 363
253 469
470 486
143 655
669 859
18 26
63 471
262 485
273 523
562 712
216 724
130 809
318 986
495 742
781 798
48 775
500 831
693 860
25 338
324 384
58 825
136 148
73 354
332 491
284 530
110 709
398 840
778 914
486 497
216 608
280 677
810 972
417 528
688 780
725 873
882 964
171 210
166 350
106 467
10 551
67 605
323 608
134 634
236 668
380 736
224 772
433 840
503 849
122 850
361 850
242 896
848 901
693 970
788 997
51 224
121 312
271 601
459 807
156 979
963 990
59 155
292 303
391 607
565 793
139 845
457 859
509 921
161 713
462 728
80 785
525 964
229 392
39 460
335 477
162 508
254 681
659 964
173 306
169 467
284 483
72 513
162 595
316 657
293 674
568 680
348 690
505 867
375 879
249 487
11 585
314 685
790 845
252 442
165 492
291 580
280 628
116 928
671 938
89 804
91 108
264 392
70 439
129 494
63 673
291 719
219 735
853 951
264 322
237 384
301 415
600 605
423 779
128 790
436 802
741 858
582 639
97 750
331 820
190 826
253 965
28 39
298 689
267 829
156 951
592 999
51 287
170 354
529 742
566 768
635 771
373 810
455 930
109 987
904 998
131 415
321 417
549 577
145 674
39 570
29 742
36 157
207 459
328 869
221 931
844 948
397 973
351 751
594 806
486 966
186 976
131 146
51 229
286 408
345 561
535 621
20 656
620 796
388 865
116 162
346 427
154 428
333 674
244 744
615 804
442 528
322 748
29 218
433 545
723 868
593 651
522 874
18 415
398 502
263 751
268 387
195 257
396 741
500 802
69 804
739 992
734 939
161 190
1 313
184 466
286 491
238 513
341 564
474 713
779 812
556 844
262 966
115 380
379 585
668 860
194 217
280 405
466 471
426 493
313 614
676 752
676 828
247 899
23 148
301 347
264 399
373 399
258 473
465 498
463 625
235 636
550 765
438 774
542 782
220 849
122 140
139 506
51 538
271 676
584 753
551 774
468 893
539 901
387 421
184 471
114 622
564 753
11 906
714 974
159 247
247 420
447 506
500 666
487 919
166 499
134 573
454 776
400 860
210 327
122 361
105 384
335 465
341 523
510 527
297 704
304 742
436 858
189 913
908 969
417 560
423 752
670 906
63 65
237 398
248 405
421 590
269 880
310 633
379 653
78 766
769 792
672 864
604 889
561 910
786 941
101 309
452 871
316 991
466 902
907 977
379 981
355 394
631 821
8 940
520 667
341 962
225 265
86 522
438 551
87 250
128 384
236 453
463 759
396 955
944 995
44 143
54 215
392 631
76 706
69 726
271 743
464 846
105 175
231 492
103 799
797 970
273 973
65 125
69 131
98 135
83 196
285 640
589 648
711 743
274 777
18 782
466 896
564 925
472 953
338 957
281 961
435 983
46 371
367 757
313 469
807 908
245 779
210 752
18 136
136 292
232 510
34 227
736 798
197 829
915 994
121 425
204 526
65 662
224 690
405 723
107 737
429 746
573 814
238 835
5 887
105 909
855 938
418 948
204 295
139 447
763 823
28 832
512 548
459 908
762 879
55 98
191 503
316 618
350 659
232 664
541 668
634 774
476 845
26 209
379 556
570 832
49 966
965 972
312 449
569 954
167 197
224 286
185 569
236 693
247 777
258 778
292 811
450 866
334 886
236 926
276 306
398 505
177 510
206 812
15 886
313 965
462 985
206 245
229 520
86 699
370 384
460 832
960 991
215 242
128 370
573 634
363 643
347 804
843 864
324 946
494 579
543 608
100 668
931 988
113 554
804 904
117 202
186 278
107 355
289 380
51 399
66 536
441 821
580 831
498 844
167 853
646 890
574 959
333 458
476 505
244 574
126 770
538 912
269 955
915 987
136 209
397 514
142 583
580 800
201 850
521 866
63 902
214 341
14 366
173 751
138 868
48 641
604 692
522 728
753 808
465 919
54 80
73 585
247 926
398 960
152 536
202 730
359 738
155 835
7 586
467 853
152 375
450 473
49 580
699 728
111 737
537 930
63 98
13 234
50 318
320 526
370 583
95 600
434 751
649 826
717 830
715 885
92 946
798 982
56 280
42 420
354 585
195 785
774 797
794 837
813 915
35 927
267 987
449 479
687 976
76 163
22 326
384 476
223 599
575 660
98 673
173 725
531 726
401 775
437 779
307 787
690 810
808 845
368 872
713 906
239 907
189 922
60 123
220 396
294 569
431 747
246 824
880 929
77 114
287 491
424 717
80 896
191 929
368 955
817 986
86 760
323 795
453 970
297 370
6 379
342 497
46 695
416 763
761 776
220 858
79 109
96 152
269 282
271 431
584 606
675 829
824 858
366 865
567 880
249 919
24 941
335 948
315 954
511 962
469 972
792 980
398 618
16 619
421 682
66 152
97 298
242 328
240 429
200 433
102 735
618 776
487 803
778 934
233 239
151 305
123 628
66 197
122 299
134 314
136 542
688 725
629 727
827 898
89 948
25 957
782 961
52 299
506 523
46 556
11 653
481 784
743 828
294 408
337 628
65 902
723 949
79 152
251 373
300 514
12 662
431 676
206 752
378 450
65 466
612 868
38 878
14 278
296 652
556 911
46 948
20 103
19 261
281 303
256 312
108 330
53 499
164 513
415 726
762 863
315 967
213 221
282 289
84 528
611 637
573 926
520 967
229 264
283 359
234 643
370 704
779 800
486 802
2 819
134 679
144 761
201 299
294 475
549 647
644 656
73 745
300 893
396 567
445 940
513 868
236 336
285 561
242 673
16 700
783 892
420 933
847 944
5 79
132 943
56 60
288 362
125 471
462 522
13 568
306 590
447 681
598 744
366 750
145 961
382 622
564 789
81 796
290 826
15 838
9 898
407 507
798 827
240 828
498 998
383 562
368 764
938 982
938 993
90 235
163 624
342 691
454 960
98 466
170 684
641 935
481 949
207 450
389 714
720 994
70 86
140 201
198 238
148 531
545 661
97 861
861 865
358 365
353 540
405 628
483 689
158 745
695 745
300 875
112 350
119 506
262 719
306 732
757 760
608 793
201 361
428 496
4 497
710 889
130 978
98 150
33 241
601 613
527 642
310 786
693 933
165 448
654 700
93 101
167 267
311 637
616 704
179 710
653 729
312 791
276 793
300 325
263 621
349 804
377 824
771 917
478 954
