1000 5420 61.29437168288782 sparse
0 24 625
1 161 965
2 702 787
3 319 69
4 766 101
5 746 721
6 263 40
7 875 508
8 546 893
9 504 222
10 228 266
11 565 580
12 630 530
13 1000 69
14 689 844
15 170 190
16 945 614
17 300 705
18 290 245
19 845 985
20 163 459
21 977 534
22 769 701
23 436 731
24 380 408
25 456 989
26 927 863
27 931 562
28 806 24
29 377 401
30 716 956
31 50 366
32 278 630
33 247 688
34 865 922
35 333 826
36 753 905
37 342 252
38 136 207
39 910 621
40 511 666
41 714 838
42 707 594
43 885 511
44 327 638
45 778 326
46 452 556
47 857 993
48 47 902
49 791 209
50 716 901
51 687 108
52 600 841
53 197 930
54 617 5
55 973 293
56 572 306
57 758 94
58 38 914
59 696 993
60 500 780
61 594 447
62 280 902
63 558 216
64 333 686
65 248 343
66 23 991
67 221 872
68 217 795
69 471 172
70 923 311
71 642 596
72 370 405
73 391 384
74 965 171
75 659 877
76 852 286
77 438 44
78 511 925
79 812 993
80 280 873
81 550 453
82 139 493
83 830 493
84 976 768
85 271 180
86 515 245
87 123 956
88 952 884
89 680 398
90 555 266
91 937 3
92 144 311
93 97 63
94 950 752
95 176 305
96 206 953
97 745 209
98 331 384
99 977 796
100 131 891
101 258 528
102 78 878
103 437 560
104 223 721
105 711 261
106 425 836
107 146 690
108 547 118
109 520 33
110 856 324
111 926 831
112 990 530
113 568 460
114 440 595
115 703 392
116 846 798
117 464 200
118 369 714
119 642 765
120 874 363
121 644 925
122 818 772
123 616 158
124 911 934
125 50 557
126 806 331
127 892 223
128 255 665
129 663 968
130 464 114
131 865 49
132 591 541
133 722 984
134 916 972
135 664 80
136 951 912
137 979 852
138 506 195
139 523 257
140 446 699
141 116 697
142 652 71
143 981 536
144 883 305
145 605 943
146 737 972
147 227 350
148 994 808
149 982 349
150 952 877
151 436 3
152 401 871
153 943 577
154 269 618
155 414 646
156 359 253
157 471 622
158 258 982
159 136 303
160 156 601
161 458 638
162 219 158
163 715 511
164 365 138
165 862 238
166 115 779
167 51 384
168 836 476
169 570 249
170 283 773
171 460 241
172 664 318
173 877 746
174 385 330
175 113 733
176 6 442
177 571 203
178 287 522
179 892 853
180 586 948
181 441 212
182 760 244
183 133 506
184 313 37
185 204 826
186 431 136
187 527 956
188 223 729
189 226 322
190 501 350
191 922 439
192 734 404
193 245 225
194 776 168
195 167 132
196 445 392
197 717 327
198 122 805
199 63 717
200 273 960
201 311 610
202 829 911
203 639 878
204 769 154
205 925 123
206 459 337
207 69 600
208 393 927
209 754 369
210 178 804
211 931 442
212 713 331
213 455 377
214 587 736
215 853 592
216 97 746
217 509 555
218 208 481
219 988 748
220 853 221
221 613 813
222 648 311
223 375 576
224 357 253
225 178 823
226 150 491
227 976 421
228 905 996
229 705 557
230 706 681
231 554 345
232 295 856
233 145 617
234 254 870
235 303 488
236 811 64
237 71 706
238 316 675
239 809 870
240 602 216
241 184 191
242 72 619
243 998 870
244 794 940
245 896 208
246 286 350
247 916 717
248 990 656
249 692 456
250 89 268
251 487 937
252 777 661
253 370 725
254 270 277
255 558 683
256 113 830
257 26 361
258 719 212
259 987 750
260 192 746
261 450 608
262 853 737
263 529 872
264 580 404
265 387 642
266 186 546
267 947 931
268 618 525
269 753 806
270 783 214
271 97 271
272 781 380
273 641 503
274 536 413
275 977 933
276 900 978
277 6 573
278 693 478
279 304 503
280 886 733
281 168 942
282 452 908
283 756 564
284 206 384
285 709 479
286 495 347
287 973 330
288 350 15
289 591 532
290 381 486
291 856 646
292 172 905
293 702 474
294 188 242
295 399 478
296 627 80
297 66 685
298 162 358
299 709 9
300 405 1000
301 802 170
302 72 36
303 540 823
304 289 301
305 379 886
306 378 666
307 654 902
308 492 845
309 16 50
310 646 131
311 284 177
312 665 802
313 251 1000
314 750 297
315 554 907
316 790 468
317 896 289
318 741 326
319 119 944
320 532 673
321 776 597
322 809 508
323 683 523
324 897 981
325 499 808
326 8 249
327 706 154
328 369 254
329 654 274
330 55 594
331 700 113
332 642 158
333 354 961
334 276 684
335 756 546
336 603 638
337 395 123
338 668 910
339 105 348
340 137 835
341 348 868
342 295 140
343 117 239
344 778 754
345 542 889
346 494 508
347 143 103
348 170 230
349 445 699
350 171 731
351 687 114
352 206 913
353 221 686
354 653 834
355 525 690
356 570 556
357 925 645
358 82 915
359 468 515
360 474 867
361 827 782
362 941 239
363 736 885
364 633 238
365 203 257
366 304 999
367 800 223
368 533 74
369 631 465
370 119 113
371 442 50
372 529 25
373 29 857
374 827 262
375 462 564
376 925 392
377 251 175
378 699 36
379 11 330
380 923 126
381 774 762
382 226 110
383 678 582
384 427 100
385 678 708
386 210 11
387 607 690
388 132 87
389 240 817
390 572 268
391 641 789
392 762 415
393 963 982
394 904 202
395 125 873
396 754 750
397 883 291
398 245 596
399 138 960
400 147 252
401 346 19
402 274 653
403 60 854
404 648 777
405 767 863
406 890 373
407 151 480
408 412 344
409 114 818
410 924 397
411 148 691
412 102 299
413 904 298
414 833 986
415 199 526
416 168 425
417 403 924
418 78 701
419 794 914
420 884 285
421 793 72
422 177 237
423 761 444
424 402 41
425 697 470
426 758 509
427 41 128
428 432 53
429 532 117
430 7 979
431 226 136
432 632 685
433 894 41
434 116 14
435 140 402
436 251 885
437 540 244
438 829 381
439 227 429
440 897 50
441 791 855
442 284 195
443 981 374
444 149 652
445 712 160
446 976 549
447 140 922
448 551 783
449 88 922
450 346 510
451 23 924
452 95 913
453 119 30
454 588 557
455 112 527
456 827 600
457 511 520
458 304 495
459 171 27
460 188 774
461 753 1
462 963 95
463 976 65
464 61 124
465 195 465
466 188 923
467 126 213
468 163 112
469 471 319
470 361 638
471 283 173
472 984 500
473 563 938
474 647 120
475 381 685
476 448 475
477 714 131
478 636 748
479 731 300
480 605 670
481 253 909
482 919 571
483 616 632
484 278 253
485 943 532
486 199 574
487 357 526
488 692 921
489 635 877
490 262 178
491 684 399
492 494 865
493 894 44
494 91 970
495 288 936
496 344 207
497 930 91
498 654 523
499 514 855
500 280 427
501 237 649
502 546 250
503 363 919
504 246 289
505 255 813
506 345 191
507 393 413
508 773 693
509 792 262
510 478 381
511 354 673
512 247 569
513 457 770
514 188 430
515 345 835
516 456 901
517 277 266
518 890 596
519 385 477
520 86 340
521 744 318
522 168 912
523 626 897
524 100 958
525 975 261
526 461 765
527 542 169
528 286 764
529 537 616
530 807 411
531 647 205
532 691 154
533 417 842
534 884 571
535 775 324
536 935 559
537 336 820
538 284 574
539 138 594
540 720 894
541 507 117
542 544 806
543 31 889
544 915 604
545 973 35
546 290 416
547 645 700
548 442 382
549 352 5
550 302 480
551 767 94
552 551 621
553 457 6
554 545 393
555 93 575
556 256 410
557 562 910
558 864 80
559 92 613
560 515 300
561 654 290
562 594 57
563 599 909
564 17 34
565 377 779
566 974 987
567 685 838
568 365 966
569 552 326
570 117 804
571 745 961
572 262 755
573 208 278
574 72 582
575 285 955
576 534 88
577 703 805
578 948 404
579 162 240
580 83 436
581 199 227
582 771 610
583 167 460
584 910 456
585 303 495
586 747 777
587 13 293
588 555 475
589 901 512
590 395 874
591 142 323
592 349 645
593 222 880
594 31 867
595 273 568
596 786 634
597 19 669
598 955 95
599 172 610
600 105 386
601 408 823
602 979 883
603 145 899
604 824 422
605 223 276
606 346 672
607 493 513
608 437 981
609 692 220
610 37 681
611 194 334
612 581 530
613 640 581
614 496 999
615 386 223
616 934 640
617 14 611
618 732 109
619 830 875
620 791 463
621 987 461
622 61 428
623 556 847
624 588 479
625 737 417
626 196 711
627 692 97
628 277 825
629 196 123
630 373 407
631 135 47
632 777 330
633 219 780
634 935 504
635 619 9
636 208 338
637 931 762
638 775 358
639 751 729
640 509 288
641 492 149
642 731 669
643 883 905
644 394 569
645 691 395
646 958 619
647 37 167
648 396 292
649 154 65
650 61 784
651 177 740
652 515 369
653 52 600
654 35 405
655 995 34
656 713 67
657 692 598
658 698 192
659 999 120
660 996 555
661 49 418
662 738 34
663 336 831
664 232 939
665 747 801
666 320 525
667 714 228
668 630 719
669 210 974
670 553 230
671 631 648
672 490 737
673 350 800
674 104 918
675 129 261
676 129 672
677 8 118
678 723 823
679 859 333
680 565 990
681 768 665
682 98 335
683 448 21
684 885 302
685 845 767
686 717 59
687 200 49
688 205 631
689 249 899
690 921 880
691 138 343
692 627 514
693 380 952
694 577 797
695 23 633
696 306 339
697 205 414
698 173 216
699 837 154
700 160 176
701 409 702
702 571 114
703 45 846
704 663 403
705 556 45
706 758 840
707 114 10
708 22 381
709 275 727
710 739 176
711 806 154
712 385 677
713 907 684
714 4 139
715 80 237
716 32 201
717 543 226
718 837 193
719 420 926
720 513 736
721 578 312
722 496 201
723 265 910
724 254 201
725 355 323
726 214 133
727 264 717
728 327 587
729 980 84
730 230 237
731 917 635
732 165 817
733 586 604
734 454 347
735 882 895
736 725 595
737 451 722
738 567 764
739 248 889
740 287 939
741 604 224
742 739 516
743 659 215
744 705 356
745 728 152
746 900 387
747 49 508
748 83 513
749 947 67
750 559 296
751 612 424
752 72 585
753 357 705
754 860 755
755 768 998
756 352 475
757 682 469
758 605 623
759 639 614
760 409 221
761 40 961
762 438 891
763 279 324
764 324 386
765 960 292
766 174 30
767 181 747
768 292 749
769 220 855
770 130 158
771 977 993
772 624 452
773 221 6
774 433 809
775 20 725
776 300 740
777 1000 462
778 970 530
779 359 250
780 779 521
781 4 207
782 612 28
783 584 222
784 308 537
785 864 73
786 151 533
787 371 560
788 336 603
789 620 419
790 134 663
791 640 119
792 41 563
793 934 868
794 389 126
795 988 61
796 109 197
797 135 33
798 604 848
799 797 148
800 698 7
801 491 699
802 900 118
803 565 983
804 435 668
805 768 1
806 794 228
807 612 573
808 844 43
809 707 416
810 105 952
811 139 185
812 425 396
813 384 829
814 819 800
815 304 599
816 839 886
817 178 976
818 524 283
819 790 142
820 40 81
821 900 279
822 957 497
823 38 477
824 446 919
825 351 421
826 39 376
827 945 446
828 189 766
829 548 373
830 488 414
831 666 795
832 669 332
833 93 395
834 593 730
835 47 192
836 379 801
837 179 25
838 487 306
839 556 830
840 497 441
841 788 938
842 384 147
843 900 235
844 339 94
845 954 237
846 165 447
847 673 979
848 243 262
849 636 433
850 447 36
851 220 99
852 656 971
853 882 676
854 980 259
855 710 847
856 972 574
857 142 247
858 845 560
859 918 732
860 63 767
861 615 963
862 462 490
863 772 982
864 111 79
865 375 938
866 221 505
867 730 56
868 34 614
869 715 355
870 338 726
871 603 780
872 543 585
873 191 601
874 634 808
875 642 293
876 237 664
877 724 278
878 487 403
879 530 935
880 517 217
881 110 612
882 727 684
883 732 774
884 632 329
885 406 54
886 819 495
887 26 871
888 138 850
889 911 637
890 219 101
891 967 41
892 953 751
893 200 532
894 777 580
895 271 514
896 863 544
897 610 795
898 299 422
899 514 829
900 86 765
901 527 474
902 582 284
903 628 824
904 449 764
905 336 622
906 678 171
907 881 902
908 734 635
909 540 238
910 257 516
911 687 406
912 251 569
913 571 342
914 439 290
915 88 799
916 480 397
917 213 252
918 447 913
919 27 43
920 404 967
921 256 436
922 557 916
923 984 673
924 984 732
925 820 422
926 134 845
927 562 369
928 360 802
929 347 434
930 98 531
931 309 201
932 469 670
933 744 191
934 65 180
935 356 439
936 101 430
937 313 694
938 392 189
939 453 895
940 516 552
941 87 841
942 790 522
943 372 5
944 269 489
945 339 623
946 260 537
947 638 369
948 385 938
949 752 848
950 560 513
951 928 0
952 836 380
953 657 690
954 755 746
955 49 764
956 333 473
957 463 987
958 551 258
959 555 585
960 343 363
961 709 497
962 709 87
963 972 935
964 791 839
965 738 437
966 852 126
967 475 136
968 962 659
969 420 357
970 392 471
971 696 49
972 689 617
973 45 387
974 644 739
975 464 873
976 920 835
977 257 291
978 555 751
979 966 450
980 848 980
981 145 419
982 701 454
983 996 74
984 387 751
985 49 633
986 602 741
987 190 91
988 293 580
989 772 89
990 340 88
991 884 704
992 616 835
993 973 256
994 493 411
995 671 245
996 464 368
997 334 115
998 420 588
999 287 50
140 349
458 585
156 224
219 259
107 411
851 890
433 493
574 752
156 779
495 740
94 892
905 945
205 380
45 535
72 630
144 684
224 779
643 907
512 912
604 925
311 471
203 489
89 491
20 583
45 632
396 954
276 324
459 766
21 143
54 635
434 707
27 536
436 739
376 410
198 570
346 607
316 620
525 854
275 963
525 993
197 212
8 345
288 401
35 663
19 980
830 994
51 351
437 909
397 420
415 893
824 918
844 990
535 632
244 841
731 889
293 425
513 526
594 887
888 926
13 983
190 286
440 493
35 537
152 590
330 653
566 771
337 794
516 939
167 973
88 150
235 585
558 785
680 803
235 458
4 551
24 630
474 791
312 831
766 837
400 857
735 907
282 918
438 952
551 989
77 371
14 567
29 630
111 976
98 764
25 957
24 29
129 852
491 911
217 940
854 993
269 665
367 806
524 810
557 922
104 188
279 458
462 598
29 72
282 516
292 522
50 540
235 550
279 585
67 593
511 606
491 645
0 695
651 767
21 778
52 798
460 828
240 741
459 837
327 445
437 502
56 721
214 834
545 891
250 271
318 521
315 557
285 293
237 418
26 793
344 381
278 425
22 508
656 686
475 712
90 958
132 289
57 551
358 449
85 490
799 819
878 916
101 946
519 970
249 982
49 270
5 639
751 789
502 958
191 211
433 440
170 528
110 679
315 922
91 951
278 293
290 519
515 663
252 681
41 855
348 422
295 970
245 394
106 533
513 904
865 948
706 949
878 994
156 328
643 735
689 739
744 869
288 549
373 594
289 612
673 928
357 616
452 674
676 790
929 935
7 43
24 72
208 417
371 428
196 548
340 926
4 57
89 911
481 689
670 717
328 779
317 821
112 143
77 428
350 651
125 792
711 799
546 898
538 988
537 663
118 253
226 407
310 474
260 767
830 878
780 942
82 226
10 605
397 684
206 734
299 800
83 886
365 917
11 959
504 977
92 159
449 452
53 466
377 490
89 645
382 890
38 467
138 722
360 975
645 911
872 959
224 328
109 372
256 409
317 413
19 414
481 723
768 776
77 850
526 904
101 910
478 974
294 422
393 566
333 568
51 627
386 773
92 591
20 846
115 645
431 726
561 875
717 909
538 595
143 778
282 824
382 851
826 973
87 319
317 420
463 795
213 996
46 375
348 579
357 731
12 268
200 575
520 682
331 351
254 517
484 517
306 712
55 765
621 777
201 815
309 919
282 939
317 397
358 452
362 845
583 846
85 311
192 625
686 867
378 971
119 404
560 640
310 791
502 909
4 989
122 361
564 919
21 112
199 237
146 571
424 885
825 929
208 948
391 404
85 471
470 592
51 331
143 446
24 507
213 548
321 582
16 646
9 880
144 397
631 797
15 241
295 519
368 576
436 689
895 910
268 692
278 757
483 758
619 816
834 986
82 183
336 483
409 570
348 698
225 732
373 887
860 955
19 47
86 139
18 484
13 795
167 826
127 843
611 636
211 827
829 927
455 930
339 682
369 772
249 425
500 546
529 552
132 612
63 670
709 727
31 826
172 832
129 847
371 850
693 865
0 868
693 948
57 989
48 58
135 142
32 154
285 425
27 482
35 515
494 524
327 532
118 753
461 805
600 833
501 876
516 918
37 224
235 279
108 429
21 446
550 585
425 757
683 850
340 888
458 550
573 605
71 613
68 633
336 758
247 859
207 330
401 549
163 961
198 409
670 909
408 969
795 983
234 436
422 579
207 752
586 883
46 103
127 245
87 399
389 505
42 657
10 848
642 882
762 939
622 661
531 743
547 953
194 204
39 731
173 280
640 818
710 933
47 980
214 986
329 561
441 964
278 285
496 506
309 564
43 589
39 889
8 315
307 338
100 603
575 740
319 810
357 889
510 916
260 651
528 768
414 980
434 453
132 454
12 692
453 797
903 992
114 261
56 750
249 757
322 886
449 674
301 711
223 787
755 863
219 924
425 982
871 897
49 367
258 667
666 784
228 324
207 653
403 703
62 723
623 839
37 156
317 684
420 684
67 769
321 894
530 925
17 937
134 276
420 821
874 903
52 992
90 390
417 719
37 779
650 860
0 617
15 700
406 746
231 913
172 222
303 542
303 839
639 954
515 537
41 678
553 683
23 737
716 835
82 407
690 793
738 978
798 992
39 544
351 627
89 704
616 731
708 826
435 981
273 692
393 771
270 806
437 958
331 627
445 745
178 895
283 335
311 442
285 961
31 167
83 168
196 213
58 451
356 454
119 478
2 577
26 690
63 717
42 736
128 876
559 881
248 923
97 933
207 574
437 717
71 759
221 897
259 924
90 502
363 540
160 599
728 788
44 905
63 177
320 355
210 732
87 810
294 581
444 790
221 903
290 970
228 276
543 887
825 935
847 852
830 916
120 406
350 767
390 902
729 983
100 395
240 783
222 875
580 936
918 939
210 225
788 905
836 928
169 390
231 569
64 606
654 661
437 670
675 857
101 895
756 956
254 977
916 994
510 996
133 146
27 153
400 579
193 730
685 754
44 945
165 220
207 242
53 352
270 367
306 475
314 479
495 575
330 752
173 754
49 806
560 818
238 937
657 972
81 113
158 313
160 539
457 607
262 754
160 233
136 267
347 388
450 487
413 684
373 703
689 723
463 729
413 821
145 180
500 898
290 295
236 421
153 536
361 814
627 962
266 893
85 442
432 547
113 588
257 826
234 739
446 778
297 418
66 430
29 507
482 536
305 590
112 778
711 819
549 943
75 203
144 420
625 965
293 982
387 480
308 492
360 492
741 783
400 675
150 793
260 828
554 829
617 868
788 945
64 238
115 491
530 604
223 644
462 729
426 742
635 782
1 817
656 867
391 874
427 464
195 468
591 691
257 708
196 812
656 962
568 693
476 862
10 917
249 293
352 466
629 726
516 762
516 824
654 973
157 161
175 216
144 317
85 377
218 465
416 514
339 520
48 543
25 608
453 707
481 739
293 757
767 828
469 838
99 148
346 457
330 574
191 584
397 821
242 559
159 591
507 630
446 660
149 287
134 324
533 601
164 842
599 873
169 958
84 259
208 865
502 670
579 857
114 998
294 365
151 553
396 639
14 855
187 879
230 882
910 946
405 949
383 657
789 849
93 864
115 911
96 669
422 698
491 704
677 714
827 979
263 345
139 437
106 601
105 877
532 906
641 967
94 637
78 879
64 937
237 297
471 490
365 573
239 619
794 842
221 874
31 973
844 997
315 345
294 348
206 469
597 610
151 683
835 934
314 521
445 532
222 561
131 808
199 418
347 468
489 523
274 554
483 671
463 983
695 868
216 900
815 988
543 594
29 73
249 278
442 471
311 490
545 655
282 762
548 812
595 912
327 745
565 836
65 147
40 320
144 413
397 413
79 414
555 574
479 521
358 674
38 811
416 846
221 992
492 499
145 861
809 911
128 402
147 636
9 722
772 849
388 864
503 865
329 875
81 588
301 799
11 872
90 169
183 226
80 232
263 499
428 850
730 917
331 477
272 638
494 810
653 868
473 922
417 948
466 522
246 696
909 958
700 811
70 413
203 523
243 602
672 720
177 783
162 431
87 524
279 550
44 592
615 760
634 822
479 877
860 900
616 889
555 752
390 958
686 971
734 996
84 219
381 396
10 573
650 955
595 988
32 402
213 510
8 557
453 631
514 697
467 796
580 622
609 667
662 867
239 441
361 685
748 930
1 399
447 603
140 737
54 782
112 446
319 524
190 652
322 942
209 638
621 979
89 115
617 695
349 737
510 878
762 918
708 973
416 981
266 415
413 420
273 498
253 753
75 489
586 665
197 318
119 391
169 502
131 785
1 281
139 502
233 539
448 542
191 827
293 961
423 965
292 466
436 481
128 501
189 636
88 793
212 869
222 884
858 896
308 499
422 581
56 902
288 943
592 945
127 394
20 407
502 717
426 780
204 819
704 911
98 960
143 660
547 668
757 982
868 985
344 396
13 463
108 702
115 809
33 128
327 477
72 507
490 724
729 795
380 802
344 954
537 673
605 848
668 974
31 257
256 340
11 356
163 742
138 880
637 892
130 967
939 975
53 96
64 511
18 517
405 706
644 787
153 482
601 813
419 841
34 643
107 676
656 971
116 361
319 399
448 738
721 750
72 825
569 913
381 954
278 961
47 414
12 498
306 511
429 541
410 578
13 729
653 752
824 939
86 437
149 443
505 628
343 675
121 307
180 473
166 570
359 607
392 625
77 683
304 763
593 769
895 944
289 454
157 261
211 584
594 703
200 740
477 745
405 441
254 484
231 927
278 982
103 375
497 598
446 856
267 963
404 831
9 86
178 279
75 307
387 432
169 670
162 726
376 746
205 802
168 886
139 909
8 922
895 946
432 953
50 363
407 583
34 907
173 262
265 306
528 572
193 724
170 768
751 849
463 891
500 921
14 41
518 534
112 660
391 831
359 862
442 931
83 322
260 350
132 356
178 784
325 899
256 926
117 181
376 578
382 726
728 815
750 902
58 543
201 788
86 909
123 332
347 370
244 419
382 431
410 746
33 876
499 899
605 917
556 921
695 985
6 999
512 595
139 818
428 885
194 301
33 353
294 579
630 825
923 968
119 974
548 996
185 225
80 234
137 243
97 258
631 649
15 698
377 724
36 363
518 544
212 744
713 853
343 857
285 982
0 985
265 470
256 570
7 589
24 73
30 146
134 228
338 488
167 654
579 698
710 745
645 809
337 842
722 880
283 894
207 559
522 603
504 605
395 888
592 905
573 917
198 256
142 296
10 365
567 855
5 954
158 200
152 305
90 437
439 697
470 945
63 783
303 899
608 957
78 251
254 504
164 794
542 839
411 676
733 758
434 797
845 993
574 653
577 678
166 198
346 359
246 763
202 816
719 824
647 835
59 847
354 903
294 917
242 985
8 263
88 602
208 719
85 724
723 739
612 950
421 989
9 138
37 328
398 512
485 778
116 814
592 606
472 822
504 848
215 456
279 666
353 876
308 899
155 265
310 332
312 391
654 708
245 843
678 855
218 866
874 897
241 698
598 729
122 685
684 821
59 133
343 467
333 693
593 739
717 880
331 962
281 466
365 605
113 624
242 653
170 572
150 602
292 603
398 912
385 953
990 997
230 642
201 905
40 355
528 776
442 490
709 768
255 320
318 479
268 289
62 481
396 586
233 599
454 612
460 767
655 795
84 99
88 136
147 189
60 325
473 557
201 728
122 814
588 901
139 958
632 638
197 869
86 880
670 958
853 991
485 536
258 609
106 774
486 873
248 968
141 676
208 693
709 776
730 848
356 612
16 616
581 698
256 941
260 460
56 569
444 676
721 902
203 307
121 338
39 357
200 495
582 596
298 691
241 700
693 920
128 334
21 660
753 870
3 990
308 360
477 618
640 838
63 909
45 126
212 318
271 412
307 523
465 583
511 592
508 681
813 836
197 521
252 596
498 692
770 811
830 840
913 927
249 285
340 409
491 809
514 846
84 892
565 928
30 133
609 658
716 781
204 799
651 828
231 829
560 838
26 150
436 723
601 774
581 917
299 378
104 626
285 757
38 796
303 623
454 807
69 117
655 891
26 976
62 80
323 498
345 557
41 567
258 658
194 799
330 868
795 891
658 906
392 423
126 632
378 800
673 836
61 113
370 388
445 477
73 507
429 576
10 730
463 749
503 948
280 991
184 999
485 634
645 704
598 749
613 807
762 824
686 962
516 975
209 272
12 273
348 581
167 708
153 856
10 504
73 630
378 686
61 751
483 759
42 972
33 334
297 610
654 826
500 556
497 749
395 926
554 927
131 493
30 571
436 593
234 689
570 915
96 664
448 694
569 721
194 819
401 943
475 511
523 563
107 790
192 809
910 944
425 961
101 178
269 586
478 668
371 683
470 905
72 73
183 455
222 832
447 522
172 561
286 652
336 671
568 865
565 984
439 921
764 960
719 918
403 941
102 403
281 522
537 928
57 618
450 666
319 674
284 697
294 698
213 734
545 795
625 809
267 275
192 392
5 396
131 433
463 545
238 606
242 330
312 404
365 581
90 750
840 994
314 318
195 629
65 189
174 408
169 437
319 447
197 479
61 772
169 783
155 804
415 866
51 962
751 772
301 819
5 22
713 991
84 94
112 472
442 724
572 768
582 894
178 910
254 304
39 616
64 753
660 856
196 996
227 979
890 987
107 141
174 725
569 750
721 913
52 221
266 486
572 709
390 750
467 811
647 934
201 945
432 480
381 586
696 763
254 848
665 883
650 915
345 922
178 946
137 602
699 711
131 558
116 685
290 756
161 261
208 503
262 685
492 975
851 987
334 402
35 673
544 731
144 821
694 871
253 984
388 649
373 403
69 641
62 689
150 690
707 797
333 865
81 901
880 909
136 963
50 488
475 753
88 690
511 712
661 973
411 790
417 865
132 268
53 281
42 383
80 436
118 475
404 478
178 585
445 710
197 744
76 397
307 489
86 502
15 811
703 887
650 900
206 996
521 535
460 633
529 872
312 874
391 897
183 407
210 460
390 502
16 544
553 850
848 917
762 975
31 708
90 909
699 966
126 535
403 594
24 825
550 956
268 273
68 389
348 400
629 890
618 962
17 334
289 356
616 646
11 733
687 837
525 845
178 458
351 477
34 735
67 739
169 909
26 111
76 420
131 440
39 518
350 626
117 722
670 783
538 815
3 844
280 859
253 870
256 888
213 916
586 954
517 977
377 471
336 480
55 525
373 543
669 817
199 297
45 638
511 753
364 741
455 748
687 766
354 874
314 877
166 900
409 915
257 973
848 977
644 998
44 201
252 508
354 567
331 618
220 718
462 749
788 815
448 978
100 447
315 473
250 715
424 428
27 485
796 811
743 995
205 497
369 849
726 890
457 940
188 626
177 670
183 786
89 809
90 902
874 992
11 454
477 532
133 571
92 95
3 184
163 285
154 398
141 411
48 451
20 465
306 606
61 624
665 678
92 691
396 883
392 965
629 987
581 730
349 804
26 88
662 686
180 861
258 933
356 959
609 995
343 400
67 436
462 463
108 576
382 629
431 629
322 780
637 859
2 883
306 470
227 578
135 627
475 701
469 734
348 857
52 903
327 906
103 998
365 422
395 603
29 825
749 891
140 804
747 823
215 858
717 958
110 144
593 689
613 759
300 920
879 922
706 964
67 234
311 377
519 756
694 897
194 711
472 778
633 828
688 873
152 533
185 769
916 996
341 515
178 666
105 667
657 736
473 879
653 985
90 139
115 192
262 280
23 349
462 497
482 544
588 624
181 760
772 789
652 829
394 843
118 870
544 889
912 946
192 965
63 437
121 523
22 639
340 732
539 881
179 976
125 574
17 709
172 875
548 969
339 691
609 743
538 912
136 275
23 140
234 593
271 675
77 885
304 977
127 165
164 337
198 340
400 422
120 679
97 710
235 956
510 994
372 705
365 730
166 915
409 926
68 185
177 240
250 412
62 436
212 521
33 727
595 946
329 995
255 355
86 717
172 884
161 932
616 968
629 851
798 903
405 964
19 79
385 547
399 810
167 257
335 780
17 238
247 280
44 470
535 638
458 666
242 752
239 816
139 640
378 656
663 673
330 792
674 810
386 837
404 874
259 892
235 944
185 210
21 485
318 535
421 551
167 661
432 668
480 671
280 754
509 806
845 854
900 915
804 932
53 522
95 611
562 782
897 903
642 908
163 323
312 354
189 611
75 338
565 673
542 694
247 713
571 863
866 893
534 896
550 944
468 987
159 412
279 784
517 848
20 416
269 706
647 716
747 748
281 447
214 738
559 752
568 948
846 981
257 379
525 765
585 666
427 677
269 678
694 738
335 742
66 761
449 810
510 830
221 871
546 556
145 563
726 851
198 915
615 938
585 944
20 226
62 739
831 874
426 942
512 946
247 991
76 374
207 555
701 712
311 931
171 181
439 556
626 651
920 948
21 472
622 654
495 723
364 743
55 854
867 971
478 986
728 988
196 510
36 540
41 577
468 629
606 753
151 850
279 895
70 317
351 962
78 187
292 352
87 494
62 495
45 521
4 618
589 634
445 658
671 759
370 864
281 399
96 466
700 770
465 846
201 988
374 509
482 534
16 731
17 776
160 873
360 939
136 150
416 583
104 353
217 457
265 712
63 169
342 471
521 632
334 727
614 957
103 114
202 419
219 892
758 759
355 801
233 444
260 626
541 641
214 978
188 260
53 292
154 402
226 583
328 615
353 626
13 655
515 673
90 818
233 881
196 916
120 746
281 817
734 969
51 477
169 717
533 813
778 822
437 880
23 904
409 941
423 620
450 756
213 812
496 931
458 944
742 961
125 752
668 986
16 39
263 492
380 497
470 511
465 514
431 890
460 651
445 906
428 683
80 739
68 460
306 592
305 341
212 479
364 531
232 628
596 681
407 846
608 920
529 959
239 964
793 976
451 543
833 936
211 979
510 548
202 619
22 681
56 913
268 498
63 502
90 670
115 744
785 808
73 812
777 979
261 998
671 758
660 778
141 175
124 267
77 424
143 472
423 625
349 701
35 928
813 928
53 664
44 788
221 798
484 848
728 905
186 384
318 632
447 674
412 682
597 695
371 885
756 935
552 959
69 967
51 135
162 377
416 435
292 447
417 693
177 717
507 812
96 817
630 935
760 938
883 954
362 993
461 662
441 706
515 928
76 144
463 655
97 667
65 763
574 792
892 924
289 950
733 959
26 179
110 684
459 687
723 740
277 792
584 827
601 836
422 857
146 863
801 932
458 956
459 797
514 583
463 598
627 656
481 664
204 301
305 503
352 593
147 611
76 684
533 774
264 554
383 972
182 509
501 688
282 719
346 862
352 664
487 787
72 935
323 961
137 150
93 302
229 383
314 535
263 623
344 639
818 958
221 391
286 469
144 679
2 831
552 872
315 879
84 924
16 357
340 570
559 574
139 717
378 867
55 287
135 296
45 318
304 517
242 574
204 711
548 734
169 902
719 948
282 975
55 993
557 563
487 666
387 668
432 671
368 705
72 929
140 932
900 955
354 992
16 153
42 229
94 259
335 426
379 587
343 715
532 745
193 848
185 389
446 485
503 693
140 701
729 749
170 776
832 884
470 606
234 769
605 977
438 530
204 710
585 956
36 50
281 292
38 343
102 358
402 501
215 518
300 608
642 681
649 797
585 895
541 967
3 999
125 330
48 358
512 538
475 606
268 612
266 786
750 818
391 903
206 286
14 354
875 884
506 931
215 534
48 887
867 962
809 965
286 996
222 329
431 851
630 929
0 653
178 235
539 599
182 806
467 857
166 216
184 401
567 577
430 761
178 944
34 202
195 347
316 423
866 910
663 928
349 932
308 325
62 740
485 822
207 868
279 944
18 254
271 343
264 751
94 859
182 270
161 804
71 807
542 899
389 628
194 710
111 793
449 524
109 705
17 727
7 896
728 945
56 390
339 600
15 38
240 364
114 375
363 405
87 447
319 449
286 510
352 522
555 559
383 613
271 715
336 733
752 792
672 801
403 887
399 447
238 511
399 524
572 727
17 64
97 182
551 618
434 631
38 698
458 895
102 941
107 444
312 577
265 592
165 843
158 575
100 674
615 779
76 110
116 122
94 219
141 418
143 485
319 494
61 789
471 931
404 974
186 337
173 685
132 807
670 880
269 883
332 906
86 958
79 980
765 993
20 514
482 518
299 662
69 722
678 949
10 977
124 134
97 270
332 474
321 596
577 831
242 868
334 937
588 950
554 652
311 724
119 831
360 516
95 591
580 661
141 790
809 982
48 594
435 600
301 699
573 848
32 201
283 321
377 442
189 504
75 523
40 801
765 854
207 985
44 238
311 342
190 510
504 517
344 586
416 697
528 709
427 714
653 792
668 834
607 862
402 876
829 913
333 948
164 997
71 383
65 246
532 658
242 881
364 995
533 590
277 617
327 658
750 958
230 385
5 508
488 540
153 544
510 652
341 663
67 689
115 869
757 961
102 452
678 706
552 733
44 606
318 869
241 581
699 718
626 767
422 917
166 409
411 444
234 481
439 514
568 920
547 974
871 986
1 87
127 220
12 289
378 662
70 684
332 791
86 818
143 856
391 871
472 621
579 675
599 688
429 702
177 741
766 797
236 808
694 839
716 934
462 983
48 102
319 452
427 647
38 700
9 717
309 820
24 935
163 293
579 581
450 956
273 369
387 547
386 687
840 878
41 949
606 712
812 969
719 762
350 828
264 927
658 667
221 694
738 871
9 909
337 384
70 821
815 905
194 933
546 921
94 924
455 786
515 813
330 985
96 281
130 384
480 483
504 573
174 648
347 649
617 653
210 828
357 968
398 595
712 753
308 975
4 421
541 576
179 690
23 701
605 730
356 872
316 886
886 942
441 949
668 953
73 969
130 186
163 278
93 453
327 710
502 818
43 896
606 937
763 977
291 853
367 509
9 139
104 260
272 392
376 406
388 468
154 815
227 827
859 892
256 915
340 395
562 705
2 312
80 723
536 856
147 284
128 353
14 678
216 860
335 894
15 348
96 352
390 437
298 611
347 864
631 864
409 888
108 541
655 983
68 210
185 732
949 964
95 159
159 691
622 936
388 631
287 765
820 919
962 971
206 213
351 532
524 674
646 968
756 970
296 562
381 639
440 785
187 473
289 692
33 501
452 810
192 209
28 236
45 314
250 343
353 501
417 503
298 591
136 602
65 636
124 643
526 672
118 712
471 724
649 766
742 780
68 828
365 848
21 856
64 870
363 949
213 969
123 310
156 615
139 670
497 802
704 849
70 144
351 474
699 799
38 857
139 880
884 947
897 992
272 530
679 684
80 689
146 755
733 807
32 815
902 958
111 179
229 323
362 525
477 627
776 870
12 132
49 301
665 706
534 858
101 944
250 675
557 879
860 915
870 937
544 616
659 729
386 766
382 987
235 666
451 761
555 881
965 982
22 252
682 691
33 104
46 114
231 721
180 803
86 670
567 678
572 776
548 916
238 334
371 424
286 734
736 908
63 880
865 920
205 598
483 733
77 151
38 348
135 351
204 745
16 889
935 956
114 157
180 563
126 638
296 791
354 831
61 369
118 984
190 996
155 306
312 567
294 573
459 631
258 710
492 899
117 171
104 727
717 783
362 843
62 234
303 499
25 614
93 631
545 749
472 777
213 878
235 895
391 478
438 604
756 929
57 421
664 669
617 985
59 129
656 662
327 331
241 348
14 577
645 744
749 795
209 869
929 956
303 448
253 475
227 621
115 704
234 723
79 863
208 920
330 559
70 765
106 813
5 882
100 888
101 912
20 82
406 410
510 734
335 942
211 578
459 649
304 696
120 952
329 364
2 678
224 615
493 785
279 956
47 324
51 474
360 499
618 627
118 701
90 717
82 786
274 829
198 926
725 960
206 838
286 838
852 861
871 874
732 926
132 950
60 526
31 654
690 735
672 737
119 871
88 137
168 322
95 573
175 900
193 917
32 128
69 138
162 629
301 718
738 986
878 996
36 419
331 532
438 925
38 579
357 646
226 786
685 814
486 893
839 899
24 929
915 941
269 949
855 949
191 410
68 505
404 897
737 904
800 971
974 986
30 59
559 653
698 700
152 762
558 808
21 822
98 825
299 971
408 734
578 827
386 459
437 818
745 933
9 437
100 452
508 639
326 781
458 784
40 932
736 972
294 400
23 526
446 536
357 544
237 610
115 625
169 741
462 795
580 833
704 947
117 138
145 473
294 730
585 784
703 941
81 274
387 834
106 152
165 374
93 388
290 450
30 488
815 945
101 512
481 593
155 712
489 798
577 883
530 952
307 488
77 553
330 555
390 670
87 674
28 808
727 768
620 886
100 522
389 633
631 707
631 766
239 405
279 450
159 675
577 855
563 922
63 958
173 991
348 365
110 397
314 632
361 754
732 888
872 940
225 340
101 595
542 623
188 727
727 776
264 789
249 809
27 856
207 881
154 201
499 623
343 796
507 825
842 938
701 804
738 834
229 736
389 769
110 120
121 145
56 231
333 503
357 713
263 315
109 368
368 429
229 657
334 709
470 788
417 920
183 930
196 969
184 288
188 353
163 426
125 653
720 801
251 879
312 903
648 914
274 994
399 817
105 995
130 541
190 469
436 769
179 735
186 794
661 826
687 987
203 338
618 745
469 914
180 922
724 730
336 759
360 762
744 832
153 446
193 484
82 583
647 714
13 891
454 959
359 457
417 824
232 234
100 292
208 305
11 552
173 859
113 901
10 254
75 354
82 455
265 475
13 545
260 633
86 640
167 833
17 870
196 878
85 931
29 935
484 977
834 978
912 988
56 90
135 474
664 689
918 975
119 312
571 755
358 810
818 838
101 866
784 895
191 578
634 778
49 194
303 325
67 352
118 511
92 412
381 883
604 952
139 560
199 775
119 874
961 982
105 479
441 619
462 659
516 719
362 854
334 876
764 898
206 969
0 330
283 736
595 815
698 857
189 977
84 148
122 344
268 454
136 690
433 785
456 858
119 897
124 907
390 909
20 981
103 644
192 645
653 695
664 723
735 816
502 880
891 983
190 206
338 523
592 788
63 240
821 843
186 967
58 358
46 359
370 468
412 520
64 592
658 710
646 731
212 832
719 920
622 973
345 499
41 706
739 769
778 856
652 878
624 950
859 991
76 317
538 784
538 946
696 960
60 513
60 672
526 737
569 927
356 950
577 665
560 750
600 936
33 402
481 495
44 511
764 825
174 969
36 405
345 623
61 849
187 251
316 322
327 351
326 587
0 597
79 755
555 930
477 962
72 98
400 467
23 513
306 753
770 796
10 193
310 351
365 579
330 617
570 926
249 961
514 981
61 81
71 483
31 520
138 527
199 610
52 623
400 698
390 721
34 816
649 987
28 805
154 501
380 598
195 700
264 829
445 933
135 971
14 75
197 314
35 341
450 458
178 550
440 558
443 578
238 592
153 646
179 793
662 805
621 827
561 832
840 901
29 929
662 971
720 978
256 395
304 504
198 732
58 887
556 898
339 591
582 908
204 933
199 216
177 527
673 813
155 161
70 397
287 443
299 461
296 474
359 476
17 768
797 837
521 877
618 989
163 425
398 538
251 824
561 884
850 885
130 641
652 916
264 274
257 654
220 245
209 318
538 728
729 891
305 417
27 544
180 557
217 607
496 615
8 879
816 907
925 952
154 988
47 79
80 481
153 485
201 538
467 579
486 599
132 692
624 772
140 801
343 579
51 618
690 976
37 496
325 542
315 563
473 803
404 871
172 329
122 381
102 449
167 622
86 90
221 354
182 367
73 408
392 530
32 501
105 609
603 674
369 751
681 882
61 264
13 462
560 569
369 624
352 689
303 694
576 702
543 703
116 754
195 770
649 864
898 921
507 935
46 998
265 511
452 524
534 544
351 618
209 632
253 701
658 743
44 815
424 850
270 933
719 939
607 940
545 983
262 991
122 754
356 807
152 813
22 882
165 245
481 740
546 764
217 872
681 908
124 276
52 839
417 918
753 937
191 979
936 981
969 996
84 637
241 811
202 244
251 282
403 543
536 778
627 686
643 690
47 276
211 410
450 585
544 646
496 779
781 835
263 899
302 919
135 962
784 988
64 118
261 375
11 529
591 682
202 239
48 449
418 610
9 117
124 136
200 313
59 852
690 907
188 767
623 899
482 485
231 652
470 712
513 774
123 791
135 791
143 822
263 308
661 708
71 758
53 669
60 720
704 789
704 809
141 237
218 415
447 452
196 734
169 240
5 344
95 636
102 703
622 833
478 871
688 876
49 97
349 801
169 177
698 811
550 895
531 906
658 933
385 974
166 175
193 581
81 624
284 636
384 794
363 855
59 146
218 583
200 664
289 807
518 889
511 937
598 983
278 323
2 586
189 605
618 656
203 798
447 810
773 837
100 926
659 983
489 992
350 411
737 801
203 354
108 368
51 532
190 838
473 563
350 460
214 668
590 762
667 995
294 857
38 400
377 431
240 531
370 770
590 813
236 989
342 997
207 792
137 148
239 419
407 465
154 538
371 553
226 846
273 323
485 589
701 737
150 243
194 270
282 360
241 422
573 730
583 981
1 96
354 391
24 812
719 865
223 998
114 161
78 315
354 489
358 524
125 555
328 648
412 675
450 784
187 803
12 807
478 834
752 881
10 294
85 342
290 487
412 591
645 869
251 918
119 986
531 995
338 489
513 672
112 822
168 316
209 392
318 638
252 642
170 709
63 741
49 182
595 784
177 909
125 277
466 664
841 863
214 871
783 909
27 446
168 620
493 558
318 744
621 822
424 943
597 985
11 132
70 420
75 567
188 572
508 882
78 922
1 319
180 680
480 758
652 927
121 129
125 207
51 310
319 358
15 581
254 605
176 654
195 726
531 741
427 820
567 831
537 836
521 869
733 872
195 987
112 485
503 568
454 733
58 761
192 911
506 938
163 229
99 259
8 623
52 897
191 376
467 698
190 734
295 756
87 281
2 665
646 856
22 954
83 316
348 467
352 481
610 775
136 793
569 829
649 837
713 889
840 916
796 934
926 941
205 462
502 783
57 867
121 203
88 267
102 395
384 428
227 443
332 531
351 791
448 839
665 949
188 651
369 789
233 790
160 881
512 988
151 371
32 398
302 453
341 590
598 795
374 806
52 874
346 901
238 402
244 863
652 994
8 78
175 418
162 490
176 823
559 985
7 83
367 374
531 609
247 637
381 665
518 731
223 788
602 793
832 875
33 188
78 345
251 516
210 633
306 701
227 777
4 819
206 408
15 422
58 594
76 679
11 807
435 833
34 124
189 573
119 668
355 720
390 783
121 852
112 856
345 879
750 913
558 966
367 718
285 742
667 933
570 941
139 169
216 237
142 627
102 674
693 719
465 866
780 886
121 563
137 793
198 888
774 904
818 909
281 352
224 496
331 656
502 750
121 861
752 868
831 903
519 935
776 937
217 375
1 447
27 534
468 649
491 744
254 763
687 773
464 820
393 963
822 979
444 599
118 606
98 630
542 738
9 171
270 301
206 510
469 560
366 575
86 722
643 816
743 906
18 931
415 486
784 946
68 225
110 420
272 438
447 466
64 475
208 568
61 588
33 709
331 745
623 798
274 830
274 840
435 936
814 964
812 996
107 350
555 653
232 663
39 646
663 813
157 932
134 393
399 494
540 855
978 986
88 243
178 595
138 641
133 755
515 836
47 228
449 494
80 628
467 675
162 241
8 473
206 548
417 762
504 763
36 841
16 968
561 995
439 465
121 488
484 504
91 545
489 563
586 639
592 712
935 970
627 971
192 423
416 465
486 512
662 800
29 812
197 832
16 856
129 861
225 888
102 543
102 594
138 717
169 750
51 791
186 842
832 947
235 450
576 705
196 830
348 917
44 64
0 242
14 312
508 642
387 671
397 679
513 737
352 739
268 807
726 987
375 998
62 232
156 496
283 582
185 633
582 736
3 997
35 232
408 548
106 590
93 797
574 881
91 891
48 373
120 438
322 620
550 666
908 972
162 382
331 445
152 601
415 786
699 819
76 821
339 833
706 855
347 987
220 374
51 656
313 669
320 801
173 247
10 581
124 735
853 889
775 955
158 669
802 966
833 973
182 667
649 687
612 692
49 718
233 873
457 901
269 381
242 555
274 652
255 480
281 603
460 732
383 736
283 780
571 841
30 847
279 910
788 988
203 992
94 247
87 449
294 605
170 505
118 306
135 331
50 338
121 489
270 509
478 547
231 554
505 633
537 813
944 946
783 958
216 418
539 555
639 883
21 536
89 744
499 839
67 481
248 646
677 820
10 517
12 612
125 747
786 893
324 980
76 165
215 896
29 98
128 154
67 185
281 319
124 324
158 366
123 474
469 640
220 843
199 955
246 304
339 412
295 476
759 807
202 841
672 904
42 908
368 372
332 532
472 634
369 692
302 434
298 435
437 783
631 837
225 926
346 940
142 971
193 442
433 558
83 620
18 193
45 209
99 219
64 306
48 452
304 484
536 544
466 603
464 647
176 661
385 668
575 723
223 728
713 859
142 474
111 690
231 750
235 784
133 847
217 346
325 499
359 375
38 770
284 514
302 707
104 767
671 953
824 975
578 979
715 796
83 942
341 537
142 791
898 929
610 985
122 262
255 387
453 649
545 729
197 877
603 888
882 908
606 945
457 950
57 962
749 983
469 996
182 877
502 902
41 665
213 830
504 917
32 44
105 258
5 381
15 467
446 472
63 527
297 597
9 670
52 694
661 833
453 864
277 868
211 227
284 439
209 535
395 674
548 878
8 499
22 642
159 682
574 868
589 896
98 898
395 941
103 261
48 403
28 421
570 732
290 956
572 633
51 327
539 559
520 600
104 651
72 764
53 817
249 965
200 366
1 669
711 718
678 883
570 900
230 953
175 237
12 454
1 466
263 839
72 960
40 255
193 490
97 658
18 848
69 181
213 286
395 452
480 547
610 695
658 745
199 860
798 874
187 922
387 953
911 982
225 460
269 577
713 731
493 808
274 878
275 602
71 657
433 808
133 863
63 90
6 184
20 218
363 706
759 972
391 974
479 535
214 387
151 428
154 595
272 632
298 636
424 683
344 883
1 53
221 404
52 489
198 941
263 303
139 390
487 784
666 895
179 907
620 925
212 314
16 482
192 491
368 541
158 664
467 700
550 756
188 828
247 892
252 908
249 911
75 121
253 712
390 818
92 298
342 490
263 557
696 764
633 767
646 889
49 933
709 937
269 964
211 376
193 377
18 442
333 920
340 941
7 168
41 269
159 271
214 478
184 549
330 695
529 733
383 759
27 778
866 946
426 961
9 502
110 126
43 634
497 729
183 748
758 807
565 813
310 532
474 627
234 628
145 523
384 885
570 888
585 910
507 929
38 241
484 730
356 733
194 745
838 914
866 944
398 988
380 462
203 563
521 638
598 659
406 679
871 903
58 449
15 579
417 590
299 686
200 723
640 750
836 984
172 212
135 656
209 744
235 756
953 974
573 977
160 486
86 138
38 422
39 482
265 606
365 698
238 753
101 784
712 804
866 895
492 939
209 625
283 742
578 746
318 877
51 142
275 393
240 670
242 695
354 798
60 899
609 906
151 424
398 486
90 640
625 645
187 680
834 871
667 877
606 905
29 960
694 978
213 994
44 728
271 857
639 882
99 892
731 968
322 426
13 659
409 732
652 996
166 256
73 548
390 717
321 736
485 856
89 947
285 965
470 475
286 560
404 903
206 914
60 448
321 456
155 475
450 519
35 813
901 950
940 959
284 298
285 323
60 542
164 844
274 927
241 294
188 633
556 697
369 757
625 911
475 592
429 641
15 770
310 906
22 396
395 447
108 527
487 756
387 986
798 839
496 938
216 955
87 452
569 818
252 582
670 741
742 942
97 194
134 267
210 340
177 437
422 573
348 675
648 725
141 297
284 611
385 432
143 536
90 721
832 869
768 870
0 207
229 283
160 444
612 624
396 665
600 682
98 696
477 710
165 718
435 846
299 867
792 868
458 910
190 916
71 972
127 362
282 417
696 725
364 783
21 634
569 902
640 958
94 99
195 370
455 555
616 713
728 787
218 893
265 945
293 965
625 982
196 994
10 484
201 592
208 333
104 572
607 901
573 581
494 761
888 941
834 974
328 760
647 781
697 846
600 981
63 86
105 182
158 740
31 833
994 996
586 678
92 682
467 715
797 864
830 996
41 363
165 420
528 727
190 560
452 603
85 193
262 361
226 465
209 521
13 598
319 603
12 613
327 618
465 697
378 962
447 449
411 626
458 756
182 258
180 315
316 426
472 485
193 517
98 546
506 615
31 661
825 898
596 908
46 261
188 350
473 680
188 709
566 963
276 980
453 459
178 538
520 691
701 753
448 871
19 324
336 387
577 586
641 722
526 774
305 865
263 922
454 950
519 956
25 300
229 335
159 400
379 708
371 384
92 675
618 686
655 729
154 912
286 916
511 945
32 988
486 912
362 394
564 820
190 829
490 931
679 952
155 261
226 455
492 516
170 628
216 650
104 709
246 764
558 802
305 948
101 279
351 445
35 836
391 992
2 41
534 536
822 827
579 917
601 928
56 958
73 960
334 501
624 692
915 955
593 723
663 836
18 37
258 445
102 887
602 963
57 656
652 830
175 199
90 560
300 568
11 612
664 739
420 843
98 929
141 216
293 323
93 434
97 806
192 869
440 497
185 505
590 601
604 620
531 658
734 838
425 965
232 436
37 615
689 769
90 783
192 272
179 643
64 712
128 727
766 773
202 907
65 977
303 308
193 365
281 669
532 710
225 769
150 976
95 189
440 749
111 150
463 497
101 538
114 644
82 846
585 756
774 813
23 984
104 350
429 527
352 436
422 730
407 786
419 816
454 872
313 366
100 449
49 509
187 614
353 727
612 807
357 853
738 897
220 367
301 367
152 417
439 500
208 590
502 640
126 679
13 749
189 763
551 867
618 867
786 930
327 933
105 314
31 379
419 619
139 750
341 813
619 964
4 204
152 341
289 624
482 856
451 887
55 70
223 487
744 911
789 947
499 975
472 979
26 137
221 312
110 317
233 559
591 611
71 671
398 688
630 812
341 503
78 557
56 818
551 819
199 900
764 929
752 985
190 231
328 496
177 502
428 553
62 575
717 722
290 935
450 550
236 551
630 960
27 518
456 596
280 685
229 742
273 757
247 853
32 876
433 951
880 958
277 330
102 373
345 473
244 571
280 713
533 762
630 764
410 827
171 914
190 213
277 653
464 677
798 897
910 912
360 918
76 413
555 792
166 860
661 936
163 757
683 885
174 960
867 989
267 393
60 904
12 323
52 354
331 474
1 522
440 808
539 873
489 903
70 287
271 400
728 784
745 906
280 637
155 470
78 473
398 501
365 504
494 674
256 732
408 812
208 824
113 950
666 956
345 492
422 675
326 716
45 479
154 512
241 579
351 656
523 798
478 897
701 984
95 691
172 197
52 203
64 253
92 339
22 344
343 348
2 567
156 648
495 689
273 772
236 785
216 915
106 975
58 102
69 186
447 524
171 722
198 900
477 906
698 917
565 601
437 640
491 869
16 27
21 27
63 390
527 641
547 671
379 826
687 851
803 861
456 894
230 908
235 910
711 966
63 139
36 244
163 335
57 686
731 853
266 866
182 314
733 759
466 817
512 910
316 942
323 757
756 825
32 334
65 504
167 600
399 674
552 758
6 773
843 845
595 895
251 939
283 942
45 272
215 291
135 310
275 566
388 797
511 905
584 634
562 635
5 642
420 679
300 693
296 782
527 880
736 894
97 609
316 780
622 823
14 831
212 877
747 930
727 937
181 938
317 843
462 891
356 940
107 175
213 408
145 557
600 691
153 778
946 988
150 267
232 515
107 626
166 650
623 694
459 773
398 873
9 63
73 174
89 192
202 643
23 672
50 855
30 129
100 319
232 341
81 840
785 966
291 456
185 460
253 511
338 540
530 620
408 648
504 730
390 741
595 910
2 269
296 310
220 394
237 775
253 565
38 675
521 744
406 952
694 992
73 825
24 98
26 136
100 358
232 537
581 605
675 715
385 882
100 102
921 944
73 196
11 289
110 413
265 804
774 836
606 870
125 930
897 986
93 370
580 600
159 339
103 359
245 362
348 811
175 411
314 509
613 758
505 769
336 552
613 657
297 985
65 611
596 894
321 335
200 481
218 514
445 618
171 760
265 905
88 963
21 153
95 298
234 389
323 425
466 593
218 846
190 878
5 883
138 909
2 404
158 495
517 605
268 624
479 632
124 690
348 700
425 809
316 925
491 947
217 959
753 984
30 50
39 153
75 488
86 560
536 634
664 740
125 748
453 766
724 931
272 952
68 260
126 272
88 275
480 668
392 809
812 916
870 984
0 277
15 294
737 932
825 956
554 994
334 353
283 426
126 438
302 564
92 611
252 882
95 365
617 792
145 922
44 402
582 681
29 764
510 812
203 903
603 926
86 169
86 171
467 770
224 648
468 726
704 751
700 796
784 910
368 702
689 740
360 899
503 590
26 735
302 820
263 360
336 432
129 488
95 605
517 730
266 873
165 394
431 490
168 604
598 891
375 940
560 958
432 974
461 800
765 845
218 439
432 483
320 552
236 558
8 563
575 664
202 735
437 750
657 759
686 800
446 822
511 870
687 890
182 933
19 276
142 351
307 563
162 724
787 788
718 806
777 822
626 828
520 833
89 869
312 897
251 957
193 605
466 669
238 870
697 921
889 968
64 470
435 514
279 756
747 792
665 954
474 532
279 946
493 951
17 33
93 707
117 880
26 602
619 735
480 953
358 494
741 743
72 812
364 875
291 889
20 183
478 831
177 880
208 918
141 444
101 585
715 835
444 881
143 153
209 212
284 416
96 522
16 536
53 593
292 593
172 744
351 745
450 787
165 821
533 836
627 867
82 930
164 990
115 209
187 315
33 626
574 985
197 209
79 244
78 263
491 625
377 726
293 742
648 779
221 831
657 908
508 954
819 989
831 897
198 210
18 304
269 396
5 586
35 628
597 775
99 137
10 189
481 575
143 634
48 703
527 722
548 830
154 876
540 949
131 236
63 138
119 221
196 507
364 561
392 620
495 664
192 744
871 978
875 995
395 409
342 442
181 615
207 617
181 722
542 978
794 997
464 934
476 970
342 377
135 378
365 400
167 520
155 701
581 848
89 849
472 660
153 518
123 531
405 540
344 665
362 765
4 799
533 975
100 340
272 535
32 538
41 540
173 637
413 765
737 804
159 857
563 861
168 925
584 979
27 143
40 529
39 534
284 556
734 916
422 467
190 569
483 613
732 828
790 881
754 991
98 246
313 575
104 828
344 361
487 519
323 742
11 940
787 998
85 162
68 732
191 746
627 791
622 826
25 920
434 459
667 743
106 762
347 770
871 992
152 208
5 230
36 571
347 631
254 730
71 733
113 772
145 803
127 821
286 878
402 937
891 951
399 522
438 679
101 458
346 476
423 530
17 606
426 620
331 686
207 695
468 770
475 804
721 884
18 977
325 513
417 568
201 595
321 908
141 199
361 381
164 506
347 629
238 905
55 149
584 589
611 691
323 692
201 402
487 644
569 652
196 206
97 367
109 576
176 622
3 401
680 861
363 488
412 691
18 724
113 751
132 959
113 274
292 395
54 562
238 945
456 582
191 227
310 331
185 593
411 651
647 677
734 812
17 753
162 890
111 137
46 217
195 388
165 397
218 407
58 452
188 460
234 505
532 627
413 679
135 686
49 711
527 717
240 743
250 857
597 868
36 949
545 951
115 965
56 169
64 334
93 649
306 804
77 384
468 890
210 767
214 974
268 356
452 494
580 654
31 682
441 816
280 853
183 583
316 604
310 627
99 637
169 818
354 404
325 492
320 529
305 813
114 155
358 543
436 664
267 690
595 728
826 833
554 913
574 930
172 947
113 264
227 410
454 613
259 637
484 724
427 934
152 939
833 981
408 996
217 359
430 451
233 676
353 688
305 719
362 821
777 827
479 869
201 470
71 336
204 445
56 560
486 688
550 784
272 925
91 433
325 526
500 550
569 640
153 660
519 929
503 719
232 739
81 264
42 283
285 426
499 542
51 686
160 688
457 862
126 952
57 477
0 610
272 625
317 679
1 810
180 879
7 886
722 909
53 447
249 491
451 594
407 416
608 719
491 982
376 827
208 762
785 802
748 823
518 858
4 867
550 910
431 987
267 602
57 819
193 254
273 278
269 344
51 445
325 448
400 581
667 710
590 719
473 861
58 373
405 419
694 798
694 903
351 906
619 907
849 911
164 938
928 984
184 990
302 309
573 611
44 937
28 461
279 487
417 516
485 660
493 749
273 289
187 557
354 577
760 779
106 836
417 939
43 83
31 339
298 339
16 518
330 881
270 718
589 822
87 358
106 360
505 528
507 548
537 565
335 736
258 906
871 974
385 478
633 651
437 902
536 589
559 868
818 902
507 970
175 350
517 763
395 522
454 692
225 828
302 864
694 874
354 897
295 935
306 945
15 195
197 535
602 690
550 898
162 195
17 402
288 424
305 533
27 634
299 656
140 672
65 696
270 710
67 723
147 763
101 893
665 964
388 987
44 306
256 403
253 606
273 624
117 641
83 780
145 852
869 911
487 956
67 389
152 719
129 338
597 617
293 809
771 963
248 616
274 916
196 408
655 749
807 959
258 995
4 236
238 470
518 536
204 618
24 960
929 970
442 484
27 589
343 811
178 988
155 998
157 804
757 849
404 986
69 130
62 200
148 259
358 447
505 572
80 593
392 925
551 962
2 14
105 329
388 453
392 638
468 851
354 855
246 960
15 162
319 522
59 571
520 591
31 600
705 782
87 817
397 843
294 848
800 867
895 912
177 958
88 976
242 617
301 806
32 905
825 960
735 793
518 896
159 250
142 378
41 405
34 619
138 670
355 672
757 809
255 834
120 376
227 376
10 422
418 676
421 808
548 994
120 144
65 284
65 304
157 375
269 405
387 483
327 627
219 637
438 638
613 733
104 876
567 903
4 962
163 982
60 303
232 505
11 758
142 782
506 842
940 950
917 977
198 225
96 292
376 443
491 849
14 540
502 560
107 651
640 909
440 951
218 226
634 827
654 833
554 878
415 910
222 947
117 760
768 937
32 238
476 607
349 672
381 814
464 714
734 914
715 934
147 246
923 924
67 80
162 851
620 942
88 111
231 286
101 415
370 464
444 539
435 691
433 749
286 829
665 855
780 894
448 899
902 913
645 947
620 965
956 970
8 492
360 824
67 292
92 400
419 441
97 445
352 723
398 815
312 992
195 431
416 439
211 621
104 633
170 727
483 807
55 845
239 706
75 855
567 874
151 885
214 448
493 497
48 674
520 826
405 855
125 868
893 910
178 912
721 927
223 945
9 958
142 962
228 980
323 383
537 628
329 743
305 762
89 249
620 780
653 881
268 950
49 204
329 884
799 966
153 534
628 663
666 756
156 760
794 844
842 997
102 256
370 649
803 879
91 493
46 607
225 633
48 761
220 806
269 855
475 870
547 986
258 327
46 644
894 942
300 957
40 157
570 650
405 678
82 748
355 932
118 937
110 952
193 294
316 530
459 707
332 743
97 745
221 839
727 876
898 935
658 995
39 291
96 158
180 187
253 306
526 720
538 788
299 805
609 933
278 498
231 560
249 625
432 834
163 249
204 477
484 605
463 659
598 802
579 811
461 867
110 406
138 437
476 840
885 943
123 240
210 260
228 393
142 562
573 579
498 613
583 697
278 742
352 769
358 451
375 607
474 906
911 965
51 971
93 820
546 929
53 481
444 688
89 982
512 893
593 664
240 717
645 982
9 69
134 566
329 832
796 857
616 923
192 982
646 923
752 930
40 161
316 392
195 811
409 900
73 98
573 636
715 716
68 767
275 771
384 967
97 204
194 367
78 516
43 534
624 751
79 841
512 895
155 932
600 973
659 795
661 823
240 390
343 422
4 477
204 551
315 623
744 809
547 834
7 858
478 874
269 954
90 569
197 632
258 743
524 761
68 769
638 869
396 508
89 625
717 818
429 967
358 395
282 492
272 604
775 860
585 946
905 988
75 992
44 265
7 634
229 961
51 745
500 764
210 926
166 340
250 400
401 424
213 469
268 613
5 681
205 749
24 764
434 766
847 861
373 941
831 974
17 128
101 235
178 450
40 552
81 554
68 572
718 799
682 833
453 837
448 897
893 946
697 981
839 992
43 168
226 415
357 518
119 834
840 862
218 910
148 219
142 310
331 791
244 414
422 605
304 848
223 905
26 907
450 970
551 656
408 914
721 958
730 977
345 563
348 730
581 857
214 255
6 386
95 400
43 584
508 596
249 704
670 818
98 935
662 962
713 968
448 720
757 772
34 980
14 203
120 410
291 518
128 688
175 860
213 652
18 730
592 753
2 855
116 173
25 251
53 603
53 689
343 698
249 849
195 890
484 931
316 965
62 664
359 940
17 528
410 584
286 640
506 779
345 839
119 903
258 745
875 902
404 668
67 466
286 569
408 725
698 730
554 830
83 896
37 931
41 312
538 666
139 838
340 915
592 937
613 972
462 545
600 622
26 643
720 738
498 757
423 809
306 905
458 946
81 950
423 982
159 298
588 612
112 634
581 724
211 822
751 947
612 959
498 961
532 618
446 634
245 718
692 807
754 814
580 823
237 900
398 946
278 965
57 236
619 643
815 912
637 924
334 776
93 347
203 567
297 775
210 888
57 204
19 228
1 292
210 570
45 197
217 356
249 645
124 963
57 331
2 391
551 686
717 741
394 845
488 847
750 909
167 580
224 760
407 455
37 506
622 708
52 871
446 482
87 603
149 765
325 839
239 949
129 133
41 354
415 465
442 506
142 656
536 660
352 669
414 863
442 496
480 834
666 946
623 992
22 381
344 508
563 798
546 825
624 901
710 906
152 503
348 573
666 988
165 317
312 478
229 498
305 515
74 659
