1000 5221 59.20304046246274 sparse
0 305 86
1 206 478
2 478 452
3 62 376
4 544 826
5 293 872
6 918 379
7 556 586
8 479 557
9 368 727
10 895 45
11 216 799
12 109 99
13 561 291
14 821 231
15 578 12
16 749 980
17 520 357
18 884 904
19 866 841
20 483 162
21 154 200
22 134 143
23 123 159
24 301 780
25 774 569
26 170 681
27 632 377
28 219 655
29 543 885
30 128 616
31 835 277
32 538 522
33 889 164
34 659 284
35 209 289
36 854 231
37 343 819
38 256 529
39 991 98
40 695 24
41 965 174
42 649 126
43 22 764
44 661 175
45 542 98
46 495 868
47 363 533
48 135 652
49 352 384
50 531 524
51 144 398
52 438 446
53 743 74
54 857 430
55 442 527
56 872 951
57 219 171
58 707 452
59 922 319
60 269 15
61 880 646
62 50 41
63 239 230
64 411 308
65 889 709
66 23 409
67 144 79
68 216 935
69 398 609
70 710 597
71 996 978
72 50 912
73 184 533
74 175 645
75 728 34
76 987 255
77 444 387
78 618 973
79 770 805
80 68 868
81 401 967
82 36 341
83 310 834
84 251 466
85 419 408
86 706 368
87 764 655
88 871 257
89 753 371
90 250 524
91 959 836
92 448 805
93 345 953
94 468 29
95 804 898
96 256 531
97 818 400
98 810 528
99 790 542
100 596 838
101 255 261
102 736 351
103 749 800
104 509 12
105 725 946
106 920 451
107 891 331
108 67 996
109 547 43
110 715 393
111 662 375
112 61 360
113 9 625
114 330 464
115 259 564
116 432 700
117 767 461
118 914 124
119 406 455
120 467 376
121 476 846
122 161 350
123 533 945
124 589 190
125 242 709
126 207 382
127 464 290
128 385 795
129 41 637
130 557 623
131 469 732
132 227 229
133 790 11
134 342 701
135 355 335
136 731 410
137 577 635
138 460 810
139 406 308
140 671 473
141 83 895
142 25 18
143 935 506
144 305 550
145 843 120
146 627 825
147 620 751
148 678 360
149 721 651
150 511 84
151 426 164
152 315 661
153 247 55
154 377 955
155 134 246
156 2 202
157 773 38
158 989 318
159 483 104
160 800 13
161 515 859
162 561 445
163 444 564
164 408 729
165 448 456
166 110 781
167 778 248
168 712 466
169 954 804
170 198 314
171 101 705
172 546 985
173 203 973
174 380 425
175 113 269
176 24 547
177 330 72
178 708 464
179 391 905
180 795 99
181 803 73
182 265 398
183 957 932
184 422 605
185 868 766
186 984 456
187 534 29
188 76 170
189 422 968
190 991 315
191 835 146
192 266 918
193 657 452
194 91 115
195 208 627
196 625 639
197 112 636
198 537 729
199 406 975
200 988 720
201 13 25
202 78 20
203 633 577
204 431 998
205 376 329
206 89 553
207 151 25
208 273 65
209 17 523
210 679 305
211 204 689
212 249 242
213 676 670
214 205 557
215 325 841
216 468 223
217 270 209
218 145 476
219 17 153
220 424 91
221 386 419
222 134 612
223 538 605
224 228 252
225 25 445
226 816 663
227 961 381
228 635 695
229 675 351
230 226 320
231 191 565
232 75 553
233 218 719
234 375 374
235 993 890
236 862 595
237 809 501
238 212 215
239 461 904
240 930 314
241 958 728
242 139 290
243 849 889
244 100 527
245 882 967
246 235 491
247 585 695
248 897 311
249 94 138
250 707 474
251 458 400
252 558 505
253 282 304
254 45 945
255 44 45
256 541 362
257 907 678
258 889 341
259 574 930
260 968 22
261 437 563
262 25 651
263 225 849
264 544 463
265 648 938
266 321 408
267 162 718
268 220 876
269 630 495
270 582 714
271 906 292
272 811 412
273 572 832
274 680 174
275 970 803
276 80 22
277 888 718
278 354 900
279 677 341
280 611 411
281 21 210
282 84 759
283 799 805
284 654 383
285 607 505
286 10 751
287 367 283
288 77 399
289 748 819
290 835 279
291 594 518
292 26 123
293 85 83
294 503 54
295 645 505
296 778 626
297 150 927
298 258 333
299 882 315
300 892 518
301 354 830
302 930 233
303 417 59
304 832 641
305 511 20
306 252 347
307 309 909
308 785 211
309 546 245
310 925 366
311 822 681
312 731 155
313 616 521
314 637 822
315 403 921
316 46 773
317 400 179
318 602 82
319 439 582
320 169 587
321 729 756
322 961 898
323 526 255
324 30 725
325 7 702
326 233 133
327 795 589
328 119 638
329 768 473
330 790 995
331 757 433
332 164 326
333 417 388
334 398 445
335 88 502
336 205 365
337 698 977
338 761 685
339 563 890
340 961 162
341 452 359
342 822 450
343 158 26
344 341 49
345 597 829
346 48 590
347 766 382
348 690 176
349 670 598
350 477 898
351 317 241
352 320 869
353 657 589
354 331 420
355 699 984
356 933 177
357 446 686
358 666 110
359 4 607
360 672 389
361 360 156
362 103 450
363 57 611
364 546 921
365 618 776
366 988 916
367 533 902
368 504 804
369 465 959
370 265 263
371 84 140
372 703 130
373 848 986
374 200 119
375 49 591
376 873 742
377 145 386
378 163 536
379 387 405
380 389 451
381 300 796
382 994 53
383 643 485
384 626 246
385 662 307
386 943 414
387 285 77
388 958 125
389 336 586
390 571 144
391 84 567
392 603 910
393 651 104
394 941 313
395 52 468
396 960 768
397 206 589
398 357 842
399 394 42
400 419 317
401 674 454
402 640 946
403 112 352
404 375 426
405 245 195
406 92 195
407 921 663
408 531 379
409 852 81
410 149 814
411 307 977
412 154 119
413 324 482
414 12 168
415 94 785
416 492 995
417 714 187
418 334 801
419 982 352
420 90 987
421 790 586
422 398 420
423 787 862
424 568 425
425 61 549
426 166 188
427 462 586
428 90 292
429 823 4
430 294 906
431 642 117
432 969 246
433 561 326
434 396 735
435 594 538
436 234 437
437 346 486
438 159 823
439 934 317
440 518 862
441 923 9
442 760 817
443 748 712
444 453 198
445 849 490
446 80 447
447 301 222
448 977 681
449 789 382
450 367 210
451 151 684
452 428 350
453 836 892
454 992 706
455 918 814
456 75 405
457 428 256
458 29 36
459 534 931
460 174 830
461 33 976
462 717 814
463 140 431
464 76 540
465 243 254
466 528 164
467 304 496
468 734 493
469 795 886
470 231 242
471 770 850
472 431 54
473 441 472
474 132 145
475 317 241
476 415 35
477 632 928
478 312 42
479 77 518
480 802 207
481 80 450
482 579 790
483 693 505
484 530 497
485 938 756
486 764 317
487 358 277
488 382 117
489 614 285
490 816 701
491 191 118
492 689 631
493 719 388
494 21 649
495 939 909
496 793 964
497 870 180
498 960 312
499 106 944
500 667 313
501 459 64
502 391 570
503 341 391
504 164 130
505 147 287
506 238 200
507 212 986
508 88 453
509 109 964
510 906 989
511 268 434
512 816 144
513 410 671
514 775 843
515 157 643
516 140 522
517 734 863
518 389 623
519 481 343
520 341 119
521 369 925
522 731 175
523 244 548
524 514 388
525 312 854
526 283 376
527 276 243
528 978 611
529 169 865
530 269 830
531 306 795
532 822 312
533 348 802
534 267 387
535 809 21
536 45 386
537 71 120
538 25 427
539 858 990
540 77 868
541 303 935
542 193 794
543 912 239
544 303 648
545 853 265
546 884 369
547 893 89
548 390 999
549 193 270
550 860 959
551 747 8
552 311 245
553 67 54
554 580 109
555 967 200
556 5 249
557 287 288
558 419 167
559 174 661
560 463 632
561 516 320
562 147 543
563 478 840
564 157 703
565 501 105
566 925 673
567 129 223
568 515 711
569 636 351
570 558 149
571 918 183
572 618 886
573 453 24
574 334 387
575 56 317
576 157 342
577 384 990
578 574 65
579 40 55
580 467 672
581 185 154
582 36 142
583 143 406
584 112 984
585 205 624
586 717 808
587 339 994
588 72 335
589 55 538
590 308 871
591 863 788
592 457 776
593 315 303
594 751 501
595 85 270
596 121 57
597 550 971
598 385 313
599 620 193
600 349 196
601 156 311
602 841 67
603 911 351
604 251 739
605 847 272
606 246 967
607 781 656
608 154 379
609 579 611
610 388 453
611 841 310
612 758 771
613 804 50
614 824 622
615 684 606
616 342 336
617 822 917
618 313 639
619 857 523
620 582 142
621 603 401
622 267 177
623 544 347
624 229 40
625 862 499
626 193 68
627 846 397
628 890 499
629 716 542
630 98 251
631 401 15
632 900 205
633 585 156
634 262 346
635 115 936
636 52 857
637 982 376
638 472 40
639 765 498
640 969 426
641 872 422
642 165 547
643 97 214
644 208 981
645 154 857
646 751 488
647 580 401
648 842 300
649 550 248
650 120 436
651 458 459
652 402 842
653 215 870
654 604 260
655 142 117
656 54 879
657 92 885
658 938 673
659 891 135
660 754 215
661 613 882
662 787 159
663 805 243
664 418 400
665 221 164
666 49 924
667 32 689
668 587 909
669 717 878
670 339 123
671 504 498
672 468 422
673 484 733
674 128 931
675 726 238
676 588 70
677 588 594
678 346 733
679 405 96
680 515 149
681 520 473
682 39 455
683 337 320
684 54 213
685 332 903
686 764 628
687 313 833
688 866 338
689 19 512
690 547 981
691 272 748
692 283 116
693 88 280
694 220 878
695 985 436
696 55 453
697 487 39
698 966 598
699 430 149
700 585 751
701 632 272
702 991 21
703 80 502
704 621 670
705 330 814
706 490 680
707 720 419
708 484 21
709 362 879
710 626 183
711 495 462
712 842 307
713 752 192
714 804 588
715 623 253
716 236 748
717 815 453
718 722 92
719 813 677
720 710 522
721 436 995
722 249 796
723 241 508
724 447 705
725 999 21
726 536 595
727 859 984
728 332 203
729 980 816
730 538 790
731 907 619
732 802 927
733 973 517
734 787 883
735 676 248
736 545 747
737 208 583
738 562 722
739 688 34
740 702 563
741 390 51
742 111 671
743 878 440
744 974 542
745 575 71
746 982 501
747 366 579
748 988 459
749 846 828
750 228 828
751 402 302
752 891 609
753 655 761
754 999 90
755 183 296
756 699 88
757 601 480
758 298 347
759 154 867
760 895 907
761 868 178
762 772 979
763 675 746
764 47 553
765 625 694
766 985 247
767 258 493
768 529 83
769 648 60
770 201 660
771 634 411
772 207 11
773 716 332
774 864 217
775 263 916
776 107 411
777 443 402
778 436 297
779 508 397
780 503 909
781 5 329
782 974 438
783 102 934
784 399 890
785 164 981
786 876 26
787 46 355
788 604 108
789 785 819
790 575 795
791 791 80
792 640 972
793 440 977
794 574 54
795 387 372
796 485 290
797 490 882
798 898 571
799 247 844
800 926 587
801 941 76
802 272 742
803 625 401
804 859 340
805 797 645
806 48 359
807 59 390
808 786 447
809 953 853
810 919 413
811 493 946
812 845 836
813 942 544
814 630 511
815 131 1000
816 898 803
817 266 65
818 593 520
819 538 89
820 117 695
821 304 34
822 771 330
823 767 822
824 57 196
825 258 811
826 614 797
827 786 396
828 354 893
829 710 887
830 346 755
831 734 666
832 717 811
833 552 471
834 354 217
835 698 364
836 811 117
837 939 499
838 65 153
839 783 647
840 322 879
841 120 18
842 812 962
843 255 666
844 790 733
845 888 405
846 558 330
847 533 849
848 845 386
849 289 891
850 698 830
851 58 332
852 329 226
853 131 467
854 419 706
855 481 296
856 577 306
857 24 567
858 300 663
859 376 231
860 405 103
861 852 997
862 370 925
863 97 440
864 630 360
865 249 783
866 626 106
867 13 80
868 579 312
869 888 328
870 405 141
871 576 277
872 415 347
873 196 417
874 16 756
875 714 312
876 606 236
877 920 740
878 102 310
879 772 268
880 152 60
881 594 447
882 792 572
883 183 156
884 317 293
885 320 630
886 553 290
887 118 274
888 751 558
889 659 872
890 497 111
891 757 579
892 259 390
893 341 540
894 477 569
895 510 456
896 8 983
897 221 262
898 538 907
899 815 513
900 280 965
901 99 687
902 793 317
903 210 680
904 67 708
905 40 108
906 393 811
907 796 178
908 343 506
909 81 487
910 654 608
911 991 241
912 678 704
913 348 147
914 981 651
915 909 797
916 775 633
917 128 621
918 949 559
919 537 961
920 544 387
921 900 891
922 442 629
923 176 413
924 722 245
925 493 279
926 178 17
927 229 586
928 928 394
929 735 357
930 750 65
931 850 242
932 971 804
933 154 758
934 483 754
935 183 739
936 61 649
937 941 1
938 38 948
939 763 592
940 786 380
941 583 47
942 730 717
943 443 824
944 919 888
945 939 962
946 28 271
947 187 123
948 557 662
949 795 184
950 135 144
951 419 452
952 221 215
953 239 415
954 80 258
955 503 87
956 502 675
957 729 767
958 344 891
959 418 855
960 459 822
961 619 497
962 588 571
963 414 662
964 53 163
965 47 486
966 734 394
967 228 56
968 251 976
969 49 305
970 580 311
971 52 355
972 549 576
973 530 267
974 938 586
975 256 702
976 263 282
977 570 269
978 992 442
979 431 504
980 429 876
981 460 555
982 741 399
983 282 181
984 591 918
985 804 589
986 374 835
987 110 919
988 82 171
989 996 198
990 417 683
991 242 112
992 303 934
993 503 979
994 965 255
995 306 64
996 187 758
997 465 75
998 621 707
999 196 469
351 475
521 862
714 985
541 992
346 375
275 932
22 950
868 970
38 96
31 290
268 694
380 610
291 818
202 276
22 474
497 761
581 883
446 481
462 832
586 832
83 687
611 712
474 950
158 190
192 775
449 940
172 690
161 440
195 585
107 869
168 178
262 494
520 670
787 806
64 139
240 439
309 649
186 748
433 846
30 917
174 404
806 971
327 421
204 721
856 970
462 586
691 802
787 971
381 531
539 727
578 745
102 929
907 949
188 988
288 456
121 563
397 737
856 868
110 493
507 644
572 661
482 790
491 947
648 712
208 817
278 828
679 860
163 261
207 343
337 355
175 887
367 898
30 222
62 255
351 552
475 552
139 751
796 855
565 890
32 50
197 328
57 665
688 804
151 558
384 715
342 717
296 916
254 938
38 90
385 500
268 653
286 874
335 703
702 725
394 439
503 574
51 583
85 664
749 812
143 837
13 886
675 924
104 305
76 766
174 221
766 911
242 505
481 508
469 734
534 892
150 955
405 506
471 514
442 823
966 982
122 576
86 835
80 540
238 952
327 985
65 277
100 345
374 491
327 714
90 96
545 605
607 839
539 861
695 978
81 199
59 240
168 250
173 644
653 694
148 229
311 719
399 741
45 819
513 963
668 984
432 994
446 508
645 759
43 874
182 892
871 977
178 250
306 634
611 648
228 765
133 160
107 258
229 279
274 348
101 370
249 371
223 726
352 840
593 884
828 958
606 968
112 971
146 314
224 470
165 651
597 690
595 693
373 539
407 566
255 579
499 783
334 380
287 487
548 577
64 751
524 779
768 819
569 864
211 903
222 917
578 794
321 957
240 394
627 848
182 534
390 620
378 642
209 689
373 727
695 782
269 961
111 284
265 402
39 754
478 821
264 833
42 431
377 608
18 760
669 829
618 885
53 930
794 941
599 710
362 863
94 638
373 861
36 931
63 132
58 178
117 329
51 377
64 400
221 422
160 535
499 635
333 664
72 666
138 960
800 974
686 916
59 439
289 442
352 590
412 655
428 693
234 795
8 894
40 739
224 897
7 972
301 398
425 589
816 915
501 997
41 340
323 973
119 334
334 610
280 621
92 138
31 605
594 646
566 658
640 782
722 865
595 954
706 956
221 404
232 464
49 503
135 616
676 745
112 806
258 869
635 783
243 453
452 872
119 951
164 434
212 465
237 899
410 438
544 618
141 657
771 803
278 958
1 999
132 470
298 634
418 705
796 925
374 947
765 998
142 201
97 272
101 465
290 605
181 791
575 969
513 990
390 570
635 674
37 705
206 232
221 379
123 459
418 533
52 165
296 686
421 714
805 839
421 882
136 707
620 633
594 639
226 719
3 807
449 827
588 851
116 854
299 869
891 939
421 985
63 470
210 500
56 550
215 687
285 961
392 984
232 425
200 454
172 597
425 764
536 807
76 911
6 310
486 822
450 834
727 861
58 168
206 391
303 472
412 504
578 676
46 797
136 982
95 469
361 913
729 932
5 590
131 673
638 697
77 777
703 909
224 465
529 759
251 777
575 851
152 858
298 306
132 952
408 920
307 430
362 508
256 623
395 696
544 858
248 299
151 699
622 983
37 301
63 212
266 354
79 442
364 459
838 964
159 890
125 975
349 353
139 400
219 414
393 431
173 507
24 531
267 564
94 573
445 625
116 724
112 787
430 849
508 863
98 899
269 814
827 940
3 112
169 275
24 381
74 559
392 668
432 766
624 967
214 231
349 615
682 696
709 828
590 840
364 898
839 916
943 960
186 978
358 393
356 571
295 814
711 895
493 966
479 703
136 966
269 383
275 729
597 919
166 415
123 919
83 215
438 460
335 909
813 918
232 391
23 474
69 518
218 853
253 557
616 683
760 921
208 387
21 426
465 470
685 958
352 525
332 601
54 641
529 645
589 764
179 784
169 932
783 987
89 347
87 607
745 794
239 350
126 336
210 385
193 401
27 864
111 360
62 579
639 646
225 682
36 774
82 787
280 803
313 814
79 823
684 824
327 882
189 199
119 380
165 473
308 480
378 562
332 576
525 590
748 978
255 458
425 464
604 716
722 825
43 286
152 544
528 698
37 533
468 646
635 987
409 602
80 656
814 961
94 708
128 906
212 470
225 538
269 295
159 565
246 723
150 768
91 809
435 818
127 855
6 928
74 515
66 538
119 610
171 901
565 955
49 574
697 708
789 823
25 882
107 299
285 313
205 598
90 723
733 746
163 981
285 291
206 464
215 525
395 682
600 728
446 863
398 986
142 458
390 633
562 642
318 676
721 793
782 978
228 998
379 422
163 319
113 359
174 422
257 566
28 770
443 942
395 965
468 594
56 245
265 477
640 695
731 752
171 820
349 910
226 311
284 360
114 413
302 543
641 743
44 274
148 279
103 289
394 498
357 724
110 966
153 967
109 187
77 251
261 319
191 512
532 611
300 628
496 842
370 976
8 981
351 852
475 852
23 950
247 270
140 401
26 451
408 524
609 677
289 823
248 869
353 910
455 915
328 917
921 944
630 954
22 23
201 458
335 479
526 534
80 636
180 791
607 805
5 849
431 866
416 993
935 996
406 643
220 679
92 943
402 477
88 545
198 736
820 901
441 937
29 367
256 408
3 536
407 658
2 711
481 863
25 891
681 895
116 357
283 789
466 680
45 768
149 831
440 847
101 212
59 394
451 564
52 951
179 315
291 435
312 522
14 663
176 857
714 882
742 901
186 695
85 333
295 383
83 525
377 583
773 875
347 940
37 418
76 432
189 793
288 807
578 941
499 509
509 584
437 908
103 442
654 715
598 751
188 838
92 960
26 559
148 835
873 923
132 238
257 407
310 603
79 789
285 818
13 871
292 905
186 782
161 847
156 281
29 339
194 537
304 614
463 650
532 712
350 797
87 839
67 880
18 921
652 959
301 986
423 471
417 522
96 523
855 925
259 984
882 985
107 248
311 490
629 720
167 879
423 734
127 796
81 189
248 271
525 687
701 715
662 907
810 928
673 934
464 589
558 699
174 379
162 424
2 651
73 378
263 750
604 802
560 922
737 927
963 990
129 262
48 328
676 794
82 971
254 666
365 826
62 553
473 651
133 535
292 582
51 608
94 697
153 817
363 375
270 738
766 994
79 103
17 256
62 458
139 598
227 637
19 812
600 834
296 839
31 545
533 705
82 806
428 878
709 958
674 987
135 205
888 891
111 148
46 161
0 387
115 523
294 697
7 726
456 807
13 856
770 903
197 917
343 926
458 579
219 582
530 825
58 250
621 803
678 830
76 994
464 479
429 535
362 650
78 792
3 806
623 846
138 943
894 981
0 995
42 393
152 618
636 656
788 866
399 476
516 562
290 648
334 951
291 313
420 584
278 685
489 701
309 323
413 437
297 674
617 732
384 876
470 897
690 919
423 514
38 523
317 558
638 708
278 709
387 817
514 823
220 860
101 976
185 591
428 595
263 799
29 898
432 911
436 953
120 341
329 646
540 657
517 669
95 734
400 751
723 767
427 894
506 952
116 990
27 284
290 545
450 600
9 678
433 868
89 929
478 995
370 527
455 816
346 363
604 691
204 793
450 859
326 991
347 449
362 481
621 647
280 771
677 962
132 224
364 367
181 613
595 630
260 702
16 762
313 818
371 838
726 972
660 713
246 767
47 893
854 990
194 249
34 385
362 446
258 688
695 748
728 852
397 927
545 931
212 224
150 565
263 653
54 743
3 971
130 137
129 494
532 648
129 936
110 136
42 358
25 421
319 427
718 756
641 845
650 863
245 550
465 897
693 954
153 624
175 630
135 683
170 755
63 952
11 542
155 567
676 941
73 642
117 808
959 980
30 328
404 422
46 440
370 465
48 515
307 685
176 764
285 814
82 851
607 916
851 971
13 977
86 493
371 537
52 651
19 749
419 637
554 788
386 810
31 648
483 720
715 876
504 947
480 949
188 964
12 194
303 476
575 588
137 609
330 762
180 836
654 876
485 877
258 603
251 672
685 828
688 869
122 332
379 404
85 422
490 719
313 961
433 970
69 184
63 465
704 765
459 898
580 706
261 981
98 99
413 467
476 631
347 827
185 376
619 625
63 224
17 408
322 495
87 916
493 982
187 305
108 420
160 429
244 479
255 553
266 574
259 668
387 995
100 273
90 523
85 777
742 820
890 955
557 976
162 264
515 559
231 737
544 885
757 961
838 988
351 447
447 475
472 476
33 497
35 549
573 638
750 799
584 815
462 850
176 209
334 422
358 431
232 589
570 620
323 649
753 763
27 803
386 928
550 727
733 744
396 485
136 493
130 609
805 916
840 958
49 234
269 285
147 365
447 552
664 777
442 789
393 866
273 345
463 583
329 639
481 696
256 920
140 193
357 580
629 740
33 761
748 782
423 469
745 941
177 995
499 987
77 120
177 344
492 615
540 656
118 659
687 705
4 847
164 854
25 888
25 939
55 979
132 212
26 564
504 655
499 674
822 902
30 197
433 856
120 251
43 316
341 452
505 601
670 913
172 919
446 696
285 757
307 992
38 723
496 762
88 931
787 851
194 371
107 688
198 738
461 896
125 233
17 623
264 681
484 681
514 789
402 792
685 840
406 988
484 671
79 289
41 555
384 654
318 788
530 799
728 834
834 859
131 934
7 223
130 223
52 473
5 525
95 617
214 737
674 783
226 805
552 852
563 960
89 102
59 248
32 252
32 484
266 503
400 778
699 870
662 949
159 955
27 569
768 955
212 370
348 417
3 787
242 887
666 938
229 835
871 886
235 366
439 498
64 598
110 707
86 110
104 708
502 747
834 852
28 903
199 577
307 541
384 701
110 982
81 154
203 353
113 494
424 647
383 961
10 786
296 805
686 839
832 850
174 334
307 849
258 299
37 398
378 516
489 654
35 755
525 840
764 857
488 860
87 686
98 237
77 333
50 484
212 527
553 579
242 601
433 623
305 708
522 713
559 770
582 964
886 977
5 352
536 806
180 181
145 191
226 304
114 437
22 655
295 961
309 973
111 229
123 364
244 464
501 638
618 858
35 170
112 588
540 636
175 693
681 711
64 778
263 268
3 288
167 663
215 705
96 723
150 819
512 836
174 380
70 615
162 833
102 773
590 849
13 970
649 973
101 527
141 540
53 718
13 868
846 868
421 939
244 335
526 892
313 435
593 683
153 208
282 415
549 755
399 631
570 633
84 767
655 950
625 628
232 764
48 197
175 595
299 688
724 854
640 978
391 464
97 627
303 741
471 823
112 851
207 926
310 928
325 667
650 776
206 244
350 780
206 425
107 603
422 664
83 705
447 852
588 971
277 376
231 397
392 572
88 605
37 215
163 427
182 526
198 568
405 622
571 632
103 823
215 352
258 546
605 648
461 938
101 224
851 969
184 319
303 399
81 577
245 727
170 230
4 273
221 334
418 531
301 533
509 635
386 640
169 729
0 177
380 404
217 405
453 617
228 704
774 931
707 966
806 851
308 949
470 952
12 293
199 548
301 705
856 886
6 603
290 712
127 778
520 913
652 986
34 210
79 283
25 327
91 729
179 862
486 902
495 944
649 977
707 982
44 348
367 459
856 871
46 121
33 659
77 664
95 732
383 814
586 850
846 970
253 976
555 989
86 148
77 341
9 434
252 484
174 610
549 897
216 444
448 454
278 521
583 608
318 745
211 770
109 794
918 974
357 990
391 425
183 495
249 537
408 779
165 951
612 957
259 364
80 657
825 865
121 960
430 992
535 613
263 694
532 902
269 313
333 777
558 870
911 994
491 504
373 550
34 701
35 897
411 900
148 360
158 498
717 808
480 907
772 926
84 246
188 406
410 460
132 465
671 681
476 741
272 827
278 862
267 935
117 331
279 500
472 501
179 521
479 589
474 655
392 661
473 951
334 404
344 478
420 509
122 608
5 840
89 966
338 443
404 610
780 797
151 317
222 328
63 506
238 506
442 514
74 770
258 804
524 920
380 951
27 111
240 498
112 807
99 882
615 910
821 995
28 195
34 500
964 988
87 338
296 607
459 919
605 931
104 187
736 738
339 898
744 918
347 982
2 165
146 345
400 872
448 914
430 541
92 592
103 612
189 721
97 848
557 884
150 890
140 383
192 430
654 701
698 974
89 982
217 983
42 866
630 887
113 262
129 363
112 536
693 887
101 470
14 480
339 668
305 697
531 705
48 742
846 856
413 908
760 944
906 986
354 503
630 693
776 863
31 712
389 747
367 780
509 783
369 793
154 862
369 811
146 826
80 141
63 238
601 755
215 301
132 506
576 601
493 707
260 725
536 787
582 838
127 925
86 929
14 931
610 951
900 968
223 972
200 241
248 258
150 294
188 371
154 521
225 696
36 88
539 550
123 597
581 947
182 953
427 981
371 988
231 320
155 175
330 496
190 498
124 599
488 679
573 708
279 835
151 870
596 880
22 412
82 575
184 922
405 952
308 660
196 704
315 784
479 909
538 682
189 204
219 292
125 604
25 99
59 271
117 646
11 750
804 869
82 112
289 462
468 639
257 658
379 664
152 885
773 929
412 950
17 524
290 611
231 642
2 672
329 808
340 356
557 593
1 246
3 456
464 764
207 841
505 887
48 917
536 971
66 536
67 596
556 946
73 214
504 581
493 835
133 157
353 615
139 778
87 831
214 397
215 398
244 703
90 767
672 777
289 832
810 845
892 953
682 965
93 154
744 813
681 833
41 356
85 379
221 380
217 622
382 702
145 836
327 939
87 296
75 551
236 752
331 808
188 824
504 883
504 950
134 678
798 800
97 827
155 887
2 895
380 422
176 589
652 906
339 367
288 776
91 169
382 725
322 366
546 603
324 325
175 428
451 559
603 869
886 973
197 222
240 271
194 293
95 453
245 510
456 776
352 958
280 647
621 771
430 775
77 85
447 527
321 612
512 662
269 757
526 758
249 838
291 961
22 504
613 791
307 840
73 231
220 303
46 563
318 578
329 594
607 686
362 853
654 871
286 324
588 787
289 586
806 807
650 853
235 322
103 586
7 677
14 36
508 696
379 795
294 955
933 996
50 252
142 255
250 468
238 470
253 593
338 831
208 995
58 401
554 620
162 881
211 233
37 687
693 878
784 980
295 313
341 519
141 656
96 115
240 248
354 574
281 684
11 722
59 107
52 119
148 284
271 299
234 379
254 461
51 463
217 506
245 539
157 613
567 643
72 656
326 665
489 715
82 781
107 804
346 857
315 862
284 864
488 870
595 887
537 905
412 947
883 947
824 964
395 481
428 887
55 981
370 557
72 254
163 894
175 242
473 979
466 570
31 611
186 640
537 838
132 897
435 962
460 645
357 854
683 884
47 908
137 948
100 146
8 427
84 436
217 447
110 835
133 429
195 770
757 881
421 891
583 923
81 548
59 603
103 832
588 806
517 829
318 866
309 977
445 619
328 742
696 965
62 142
199 204
261 427
29 440
21 567
7 609
161 797
299 804
314 826
333 795
45 150
5 430
250 483
36 545
28 585
294 638
6 810
324 874
101 897
909 965
166 282
412 474
221 610
27 771
199 793
484 833
424 881
868 886
606 900
893 908
213 912
592 934
97 449
392 477
436 511
293 553
138 592
233 716
284 803
171 904
159 997
113 129
91 932
347 966
400 452
260 937
89 940
886 970
319 981
183 322
315 521
400 598
124 633
582 905
871 970
381 418
438 645
751 778
150 159
241 485
284 771
440 797
212 897
465 976
471 789
40 75
86 102
333 379
442 471
215 590
422 610
87 805
750 825
316 874
811 993
217 527
252 833
343 880
230 298
288 536
276 553
408 623
20 680
375 857
57 506
33 571
395 909
933 935
511 953
136 331
158 419
205 616
264 895
508 909
818 961
85 221
91 275
465 527
54 627
799 825
308 907
175 954
78 402
168 468
318 554
109 578
104 697
131 724
63 101
183 366
425 479
493 929
37 986
26 211
294 305
103 462
70 740
265 792
828 840
46 350
177 478
138 563
287 598
381 705
611 804
183 945
62 202
13 433
395 446
147 700
130 726
397 585
197 742
406 824
207 880
232 479
527 552
780 898
819 955
840 849
249 988
38 115
868 871
580 956
59 869
654 977
154 199
259 392
301 418
338 607
304 805
882 939
474 504
521 828
111 864
51 923
7 962
86 229
35 230
339 364
460 529
300 619
516 642
176 689
605 712
15 941
824 988
57 405
111 569
414 582
120 777
178 401
156 414
6 546
171 742
428 954
225 395
285 435
290 532
58 707
56 727
247 738
614 805
192 849
227 928
157 930
62 276
63 405
456 536
300 625
25 714
332 755
565 768
9 830
8 163
154 577
226 607
450 728
482 826
210 875
882 891
807 971
638 997
267 451
202 553
451 820
48 451
719 805
828 862
23 249
227 419
65 257
326 374
193 383
120 519
546 688
119 422
44 710
691 716
140 250
634 758
686 939
843 975
66 225
210 279
170 332
79 612
543 632
324 667
352 685
199 721
38 767
600 852
262 936
888 939
25 985
232 244
627 641
360 835
775 849
29 364
182 511
145 512
289 514
480 663
342 808
141 987
94 501
390 554
297 635
513 854
585 770
546 845
109 941
312 417
84 511
411 587
508 650
660 675
283 823
345 826
256 846
426 883
800 918
37 83
90 246
26 74
55 261
155 630
583 776
447 728
83 352
275 396
274 417
116 513
147 753
624 772
239 797
732 842
743 845
515 917
169 396
491 581
82 588
4 730
716 802
542 996
139 205
74 585
526 634
30 48
65 376
352 687
291 814
226 839
11 865
703 965
545 648
126 873
253 884
188 249
284 569
773 835
63 897
9 134
264 484
368 730
157 160
579 867
93 521
433 886
201 255
206 479
289 789
49 795
626 967
704 998
7 130
412 491
506 622
630 643
700 738
346 764
434 854
481 909
929 966
55 163
320 397
176 425
83 590
117 639
671 711
505 755
463 853
72 141
340 388
576 608
270 700
651 711
471 734
273 790
712 804
686 805
28 211
111 279
279 385
206 589
573 697
296 939
272 449
472 573
135 598
0 692
115 927
724 990
333 422
17 561
160 613
221 664
731 800
179 278
31 532
398 709
382 754
730 790
787 807
716 865
604 975
169 455
581 665
86 773
29 847
144 893
779 920
219 964
63 217
26 770
203 910
230 306
248 439
256 524
661 668
50 671
205 751
497 774
312 372
271 439
611 688
501 697
93 862
795 872
331 982
74 195
227 386
184 518
12 655
116 164
253 298
89 449
374 504
27 621
468 720
631 741
111 835
191 836
28 843
214 927
396 932
167 308
220 472
128 533
124 710
835 929
224 952
856 977
430 590
149 492
308 663
97 940
583 650
541 900
588 969
26 267
632 774
72 938
247 998
285 295
226 490
860 870
289 471
89 493
234 503
57 581
307 590
568 673
459 780
106 810
352 849
75 930
195 397
67 655
375 764
96 767
140 178
18 243
190 419
349 492
374 581
272 627
509 674
294 708
308 713
496 732
640 748
785 815
591 816
252 818
814 818
31 931
344 995
229 360
430 685
215 840
61 731
29 161
464 703
363 936
689 965
86 966
575 971
0 208
229 284
252 291
471 517
418 687
607 719
722 750
278 840
901 904
422 951
568 956
82 969
546 804
99 899
79 514
328 515
73 562
651 672
590 687
417 713
554 745
780 811
317 870
123 898
52 672
685 709
17 920
132 405
175 505
340 555
181 602
605 611
656 657
733 837
657 987
919 993
629 888
563 943
18 944
250 401
238 405
233 604
580 724
463 776
858 885
103 957
614 985
224 370
222 515
572 668
61 752
709 784
371 964
900 992
123 690
121 797
281 824
647 920
249 474
59 498
107 546
262 667
531 687
291 757
752 798
143 813
140 483
229 500
343 841
550 861
489 871
277 877
491 883
665 883
399 472
243 617
561 623
303 679
398 705
179 828
430 840
341 872
867 905
718 930
212 952
925 973
119 473
245 373
178 468
426 581
507 606
179 709
294 768
649 871
227 310
395 508
357 513
229 569
57 883
130 948
596 841
321 942
497 632
387 692
431 788
790 826
588 878
817 967
212 217
24 418
361 670
13 846
49 266
83 531
405 665
688 712
320 737
761 774
362 776
386 782
64 872
13 973
41 989
63 527
381 687
51 776
83 381
575 787
327 891
122 601
962 972
224 549
307 958
121 138
122 377
878 887
108 461
329 468
165 672
614 714
530 722
512 907
482 700
125 716
272 342
333 452
293 537
45 554
476 573
331 707
143 733
391 764
405 983
109 745
318 794
534 953
339 984
86 279
69 502
30 515
651 951
270 998
59 258
358 756
330 842
121 943
119 174
157 551
538 696
6 845
85 251
43 324
95 423
157 535
448 658
506 665
554 676
34 735
173 785
280 881
233 903
187 294
568 706
287 751
60 821
54 845
667 904
347 929
318 941
784 959
943 959
168 401
335 464
241 877
955 997
142 579
365 753
344 821
290 931
27 280
86 360
370 470
70 492
946 969
472 997
251 664
590 685
75 739
709 840
623 920
494 936
357 963
48 222
52 334
70 349
259 459
247 765
123 811
26 903
446 909
817 995
145 409
214 523
48 559
205 683
279 773
139 872
9 164
241 396
973 977
523 723
528 914
68 173
26 515
102 835
319 894
59 299
560 580
320 642
700 736
276 841
358 866
271 869
463 923
81 793
467 908
507 968
12 67
62 201
224 238
22 249
5 307
54 342
231 378
77 452
244 516
565 819
846 886
233 935
192 992
201 579
2 52
501 573
499 584
261 894
260 382
282 316
57 326
241 454
606 644
620 788
345 790
608 923
200 448
45 955
48 74
314 345
88 774
272 940
460 542
304 719
103 789
66 807
559 903
296 327
102 493
192 541
602 613
374 883
324 904
299 712
757 818
564 820
267 933
297 987
83 418
283 442
384 489
619 628
167 660
323 925
64 205
49 379
271 394
118 547
102 822
209 589
351 728
475 728
523 927
90 115
215 418
398 533
482 730
364 919
609 962
348 522
204 548
391 589
211 559
302 632
488 520
351 527
475 527
356 555
439 603
530 750
333 872
445 899
121 161
105 337
302 432
213 492
310 546
469 617
301 687
248 688
585 737
472 741
733 813
377 923
527 976
939 985
745 819
425 857
31 88
119 221
14 308
285 383
256 433
110 929
590 958
83 530
272 717
546 869
714 939
692 991
140 295
304 311
67 412
114 467
214 642
676 788
653 799
490 844
450 852
887 954
299 611
534 634
481 682
803 864
414 964
537 582
752 800
456 863
302 994
365 700
89 827
663 879
251 341
453 469
365 482
451 515
17 519
56 539
93 587
223 609
133 613
249 950
329 331
259 339
307 352
334 379
237 445
361 600
446 650
494 667
698 800
845 928
128 986
140 168
35 224
362 463
361 520
161 563
45 565
240 603
36 605
469 732
16 105
32 671
352 828
5 83
233 975
58 140
49 354
27 360
296 421
514 734
17 779
409 547
226 614
428 630
567 630
446 682
720 740
744 746
457 778
46 780
664 795
626 880
12 249
107 271
61 257
101 557
632 761
268 799
572 984
519 561
691 865
492 910
445 628
206 764
119 165
63 370
533 986
458 553
406 684
202 841
680 890
116 963
123 172
358 372
2 473
451 742
460 759
791 836
242 878
170 601
649 886
763 912
112 288
281 556
99 888
88 290
286 316
411 541
372 756
15 794
509 815
813 974
661 984
697 997
202 255
279 569
428 575
3 588
521 958
477 984
446 456
303 501
383 757
239 780
248 603
481 650
298 758
212 976
8 261
104 294
317 699
746 748
209 764
719 839
245 861
671 895
929 982
56 373
375 391
424 621
77 672
561 855
119 404
306 526
33 632
130 677
137 677
757 814
589 857
175 878
196 910
685 992
52 85
372 718
46 847
101 132
768 890
239 980
85 174
107 240
85 334
203 349
332 505
312 713
273 847
546 848
489 856
698 918
273 482
470 506
531 533
374 991
39 388
593 616
45 745
510 945
53 75
255 276
269 291
109 305
251 333
346 391
367 440
468 483
306 534
299 648
364 668
259 898
916 939
586 957
798 974
23 988
575 806
627 845
154 315
272 848
696 909
862 958
489 970
125 211
436 873
369 993
281 414
345 482
148 569
205 872
495 921
677 972
123 367
570 680
94 294
222 320
6 386
346 425
155 505
234 574
643 684
272 808
420 815
428 969
6 227
521 685
423 789
746 837
362 909
873 953
102 966
244 391
117 594
459 597
802 975
442 462
133 551
81 204
102 347
561 796
437 467
438 529
352 709
84 723
561 846
403 878
619 899
322 944
970 977
87 149
110 360
541 685
24 691
125 903
411 992
236 798
578 819
373 842
356 632
247 948
922 963
112 575
410 645
644 968
911 989
472 638
882 888
572 889
23 371
168 483
141 783
301 906
38 246
151 444
212 506
12 537
173 606
488 670
545 712
106 743
694 799
442 832
853 863
231 927
652 980
172 993
294 997
403 588
591 749
648 804
762 842
595 878
106 386
483 629
730 736
525 849
306 892
3 82
123 259
16 330
178 483
313 757
459 811
791 930
375 425
12 596
563 797
11 825
824 838
713 949
135 234
258 310
242 332
469 471
305 638
5 687
589 703
247 704
311 805
15 109
221 333
383 401
4 790
208 821
65 877
126 923
207 596
68 606
525 705
69 747
109 768
643 824
309 871
660 924
479 965
775 992
89 110
153 387
189 577
360 771
338 839
685 862
4 161
94 305
192 307
189 369
442 586
327 614
341 777
463 863
228 912
868 977
653 750
696 863
114 908
99 421
195 737
644 785
85 951
100 314
114 354
118 388
487 884
370 897
335 965
220 997
147 998
248 394
102 486
10 547
395 703
495 760
604 865
57 952
690 993
37 531
237 639
530 687
393 769
351 834
475 834
634 892
83 301
3 851
387 478
220 501
600 859
489 868
323 886
252 264
234 333
477 572
240 869
155 242
257 277
184 427
170 549
438 759
541 775
52 777
244 909
854 963
0 817
94 104
253 370
61 407
13 649
205 795
138 368
354 404
4 440
368 563
554 578
293 596
230 634
589 689
357 706
242 755
701 876
564 935
86 111
5 215
57 238
0 478
189 548
209 857
338 942
184 261
326 491
125 802
381 825
833 895
143 300
205 400
364 780
685 849
94 472
624 817
269 818
438 542
141 666
24 705
339 392
477 792
423 823
181 836
359 857
89 136
244 425
361 488
88 543
44 599
168 646
89 822
100 826
102 875
652 943
465 952
246 999
136 347
116 580
81 721
398 687
511 892
125 843
292 867
93 411
264 424
121 440
283 514
51 650
648 688
424 920
585 927
313 383
369 416
79 471
487 598
398 652
446 776
647 803
435 814
641 848
679 870
822 929
205 234
34 489
470 527
778 855
663 931
509 987
20 466
186 746
39 382
292 537
784 828
813 837
843 858
827 982
364 984
28 74
294 501
700 790
75 157
96 246
577 587
512 949
99 237
229 773
447 983
280 424
352 430
107 439
14 774
111 803
508 853
599 876
296 985
849 992
177 387
317 450
218 463
377 463
208 478
456 481
215 533
656 666
331 966
731 974
64 452
359 494
559 564
31 663
598 872
488 913
123 993
109 294
73 516
616 758
28 559
433 561
655 947
203 962
26 48
333 341
784 862
174 664
377 776
197 515
143 628
309 886
169 915
643 988
10 441
377 576
131 592
624 626
111 771
54 848
303 860
832 957
709 986
514 517
536 538
288 863
484 895
60 153
4 368
419 498
440 563
554 570
93 541
157 791
227 640
322 809
74 451
164 724
212 238
232 346
352 398
210 773
729 809
33 356
229 385
420 499
154 548
609 726
253 758
800 813
95 243
278 307
82 536
229 864
533 906
208 967
117 468
45 578
191 761
126 953
374 412
306 758
278 352
381 530
444 558
427 560
120 672
81 315
105 355
232 375
379 380
432 555
442 612
547 659
296 714
177 821
194 838
592 960
312 348
594 720
120 779
195 927
157 181
78 265
92 563
403 576
23 655
385 701
1 723
47 747
479 764
467 767
508 776
278 784
521 784
617 842
554 866
735 924
896 938
609 972
224 976
93 992
94 997
317 361
522 660
210 229
289 517
296 614
250 646
565 680
548 721
407 731
53 756
541 849
713 907
323 977
299 603
369 721
14 167
603 928
218 516
529 653
389 893
221 234
139 287
527 557
244 589
747 893
518 963
693 969
147 826
47 502
406 567
104 638
673 724
532 804
122 336
732 734
811 919
253 634
554 819
897 976
163 184
140 269
91 455
261 502
521 709
307 775
452 795
575 878
819 890
225 965
1 84
398 525
108 584
545 611
178 707
83 840
161 367
428 588
236 614
615 740
48 820
17 846
537 964
159 501
29 780
221 951
129 375
14 545
68 644
709 862
128 301
184 502
37 525
412 581
533 687
255 867
86 982
16 496
303 631
458 867
389 885
489 977
154 189
260 441
603 688
751 872
45 890
53 157
214 320
20 444
290 663
568 736
123 780
835 966
565 997
205 287
120 452
29 459
109 819
687 840
621 881
591 915
164 990
150 997
102 110
214 378
2 681
552 728
443 844
519 855
897 952
398 418
360 493
511 534
193 771
745 788
365 790
221 795
387 821
331 827
845 848
802 865
279 875
500 875
412 883
561 925
533 830
376 877
376 591
661 889
326 947
871 973
86 89
59 310
156 556
319 922
292 414
112 456
78 477
843 903
33 118
15 187
8 319
346 359
212 405
297 499
532 605
60 624
218 650
100 661
593 758
515 770
672 779
393 788
187 794
643 954
528 974
267 996
470 549
546 627
148 773
99 327
98 619
554 633
510 727
143 746
852 859
439 869
377 403
347 493
165 711
310 810
139 452
386 695
132 217
390 466
469 514
349 740
270 765
367 797
427 922
198 270
679 741
683 758
481 776
361 870
174 951
144 389
23 406
167 480
259 597
34 715
398 906
555 911
129 346
72 80
85 404
745 768
418 830
98 882
8 55
129 359
287 683
185 816
561 886
209 965
83 398
204 577
168 707
130 972
597 993
52 422
739 769
359 375
307 828
6 258
348 372
622 665
24 802
248 804
179 980
41 571
340 571
487 683
100 790
641 810
714 891
238 897
279 284
49 404
54 717
321 443
263 530
162 647
284 835
506 983
295 483
219 838
148 864
240 299
510 539
379 610
421 888
213 228
12 371
311 607
614 839
435 961
249 964
371 582
722 799
187 697
607 831
891 985
14 31
115 144
379 503
195 559
99 714
443 831
804 848
647 881
288 446
497 571
584 635
362 696
250 720
652 784
550 842
173 968
203 677
662 713
256 779
137 196
85 795
890 997
134 152
61 304
279 360
158 394
342 445
371 474
672 711
507 785
234 872
292 964
102 982
23 188
148 500
177 520
559 585
343 596
568 738
259 919
188 684
658 914
103 321
410 542
327 916
69 922
959 986
37 128
58 136
301 525
5 530
381 533
57 622
237 717
53 791
662 836
833 881
552 884
733 918
13 309
394 603
686 831
578 768
422 777
42 788
368 960
18 56
120 524
124 620
598 683
297 783
360 803
611 902
462 957
14 605
781 787
480 660
117 717
268 750
175 567
66 682
424 833
691 975
262 359
188 643
705 986
85 119
37 381
598 616
149 686
659 761
49 221
107 310
35 465
191 497
404 503
453 732
617 734
542 750
809 944
188 582
636 657
417 660
396 877
252 435
0 520
224 527
335 589
390 788
731 798
517 850
481 965
876 977
149 213
477 668
940 982
86 136
256 561
116 131
155 643
575 693
135 795
525 958
252 285
335 508
628 837
491 655
264 711
169 809
416 811
600 913
289 612
49 616
104 109
27 148
122 403
242 428
405 470
505 549
211 564
500 569
141 636
508 682
344 741
817 821
124 876
668 898
625 899
192 900
179 958
99 985
49 135
240 258
69 319
286 325
58 468
395 538
184 560
109 676
633 710
743 810
621 864
231 562
320 562
851 878
54 97
137 223
472 631
125 691
292 838
176 346
12 412
525 530
552 557
178 646
334 664
230 755
545 774
422 795
440 898
174 354
52 380
740 888
440 780
421 916
304 839
217 952
215 986
54 272
218 362
124 390
220 488
370 552
472 679
421 686
243 760
487 859
288 806
77 872
486 929
667 936
316 415
18 453
319 502
301 652
883 950
88 271
41 388
391 479
366 495
484 711
778 796
294 819
623 868
686 891
74 903
46 239
335 395
127 457
421 614
110 148
302 555
270 736
99 891
92 121
49 174
237 329
259 367
274 372
181 409
1 436
148 493
244 562
170 576
162 681
508 703
301 709
518 747
56 760
689 764
489 876
486 879
863 909
166 933
501 955
230 336
180 512
497 659
374 665
750 865
875 929
772 967
266 526
83 533
252 681
19 816
612 844
436 999
456 508
191 662
716 722
547 801
298 526
501 708
706 724
252 757
616 884
580 922
31 36
314 365
215 531
429 613
477 661
503 795
146 365
182 436
310 439
238 465
180 613
5 685
327 686
453 734
757 833
233 996
403 608
72 657
406 838
47 437
128 652
441 786
58 193
228 247
14 290
113 363
592 943
657 783
712 902
942 957
684 964
716 996
190 394
491 626
434 678
384 735
22 371
251 779
60 817
787 969
969 971
29 668
701 735
781 969
21 155
60 208
52 251
97 342
16 355
364 597
52 664
56 861
716 975
13 323
116 434
4 482
303 573
523 737
794 819
48 901
595 969
340 989
30 320
339 459
23 504
67 626
485 915
614 916
766 989
11 996
27 229
103 283
103 514
188 537
487 593
234 664
404 664
0 670
445 717
513 724
571 761
538 807
486 875
880 926
145 659
480 662
486 773
306 336
34 384
234 616
555 766
263 825
611 869
70 891
42 44
36 663
191 907
406 964
121 368
684 988
52 610
267 820
505 878
219 905
796 973
131 568
159 768
712 869
316 324
169 485
393 756
350 811
531 825
697 955
303 997
12 22
64 287
176 375
23 412
208 624
99 639
487 751
295 757
534 758
546 928
906 959
288 971
339 661
187 708
694 750
462 823
37 906
189 315
241 448
425 703
68 775
300 837
279 864
22 883
398 958
101 253
193 269
334 473
60 478
592 673
11 263
194 474
524 623
339 847
871 876
226 916
65 566
623 970
29 46
51 122
19 243
100 482
165 979
449 982
530 531
426 567
599 633
398 840
132 527
85 672
46 367
132 370
56 510
452 664
675 735
318 769
584 783
590 828
769 866
287 884
755 897
581 950
903 975
258 439
150 697
381 722
236 731
808 827
665 952
206 335
274 522
211 267
294 565
194 655
605 663
360 864
243 921
329 717
530 865
3 66
16 337
166 410
217 470
288 481
398 828
446 965
209 425
385 569
532 688
404 951
68 507
771 864
831 942
371 950
165 334
223 677
569 803
823 832
289 850
580 990
262 363
135 593
428 851
470 976
156 219
174 234
548 587
232 703
343 772
433 871
818 962
298 976
310 386
591 812
544 843
22 194
280 284
300 445
552 834
176 232
320 378
128 418
491 991
21 23
17 433
124 570
185 915
660 949
120 333
302 571
161 780
131 357
234 422
12 474
478 817
170 336
215 381
374 626
24 830
296 891
194 905
293 905
838 905
218 999
202 458
122 170
36 290
0 344
363 391
392 402
112 403
72 540
320 585
515 585
250 594
574 616
633 788
798 813
106 837
669 850
202 579
637 640
93 685
459 690
602 791
640 810
820 904
906 943
301 352
204 369
174 503
311 839
331 347
238 665
177 670
206 703
612 823
216 457
276 579
258 271
23 426
462 517
555 571
88 648
388 801
775 900
648 902
35 470
24 533
727 842
154 179
586 823
208 692
242 693
353 740
12 950
684 954
315 980
185 277
234 404
456 696
481 703
396 729
351 884
475 884
873 999
121 350
141 635
677 726
0 821
640 928
664 951
299 439
308 662
827 966
182 634
584 785
24 865
651 895
451 901
66 456
119 651
728 859
110 347
268 529
526 574
22 581
50 681
474 883
567 887
162 895
537 988
11 460
468 629
32 681
480 713
81 862
639 899
809 932
822 940
187 941
430 958
240 310
577 721
347 822
385 875
174 333
283 749
752 974
363 494
181 535
360 569
676 866
699 860
145 180
178 193
513 518
326 581
249 655
417 675
575 781
776 807
688 848
798 918
84 953
573 997
113 346
168 594
455 809
253 306
85 380
578 788
781 806
176 464
346 589
127 400
423 442
217 465
61 566
651 979
149 338
113 375
465 549
220 741
264 881
418 986
96 144
500 773
831 839
87 226
335 481
448 566
338 719
126 892
589 965
74 222
291 295
182 306
232 335
237 342
529 694
517 823
623 856
381 865
197 901
831 916
197 936
959 960
508 965
74 211
476 501
21 883
194 950
916 985
573 631
129 667
287 859
715 871
336 873
74 917
817 991
385 489
353 492
108 509
81 521
100 572
237 619
545 663
198 700
543 774
227 810
239 811
841 880
682 909
513 922
350 980
68 192
326 692
275 809
742 917
442 517
36 632
2 671
675 713
457 751
576 755
283 289
276 458
336 608
86 707
32 833
232 857
20 890
192 606
525 685
328 901
224 506
167 675
265 392
339 440
362 456
221 503
372 522
293 579
414 824
367 847
395 863
579 905
495 945
423 517
13 654
24 825
142 202
147 270
226 296
502 518
145 602
237 625
215 709
310 869
601 887
254 896
195 903
230 976
143 744
542 933
4 345
79 586
19 591
126 608
97 717
29 797
781 851
664 872
107 394
358 769
359 363
318 431
275 455
15 578
264 671
198 673
156 684
162 757
519 796
603 804
243 812
842 861
136 929
304 607
829 889
626 926
336 576
691 722
161 898
211 451
160 551
715 735
410 759
447 834
436 892
464 909
70 939
878 969
5 775
132 549
283 612
341 664
646 720
320 917
665 947
7 137
38 144
278 315
879 902
5 192
238 426
94 476
13 489
163 502
271 543
375 589
384 599
673 706
300 798
456 806
79 832
654 856
518 922
291 962
4 100
135 287
321 586
951 979
341 400
437 610
36 497
195 515
45 570
598 778
344 399
452 519
174 795
58 331
119 379
676 819
220 870
215 958
283 471
298 557
13 561
768 794
368 847
714 916
70 353
627 743
452 778
181 930
568 934
912 942
946 954
211 975
318 393
408 647
87 719
14 949
781 971
901 936
93 278
79 462
93 577
474 581
317 600
89 773
606 775
692 817
310 845
481 853
62 867
282 904
716 935
187 578
574 758
338 805
771 881
288 787
327 888
426 950
35 101
159 294
383 483
463 608
196 609
45 676
515 742
5 799
434 830
539 842
648 869
853 909
338 916
702 937
575 946
940 966
943 980
276 596
594 629
500 701
388 754
602 786
323 796
646 808
68 968
332 608
666 783
765 912
455 932
580 963
246 436
144 467
601 878
898 919
806 969
299 546
273 730
460 750
672 895
61 236
199 315
262 325
272 347
362 395
243 469
553 596
284 621
98 639
532 822
101 217
86 284
335 362
1 767
452 777
295 818
741 860
797 898
141 499
444 699
82 807
583 873
898 984
42 372
134 830
335 425
797 847
724 963
217 370
171 451
103 471
465 506
107 611
187 768
165 777
778 872
437 893
368 934
211 935
770 843
193 295
44 417
546 641
24 687
420 783
45 390
278 590
700 826
582 988
23 194
40 551
461 666
66 696
24 722
45 794
835 875
371 905
274 312
263 460
401 483
115 737
280 864
5 958
67 207
115 214
161 350
98 445
361 450
154 587
386 637
367 668
252 671
35 976
652 709
235 809
25 98
109 150
350 440
370 447
351 487
475 487
217 552
155 595
120 664
107 712
753 826
409 836
720 888
20 699
447 600
590 709
452 751
510 861
193 250
456 538
664 672
548 793
39 801
323 871
314 889
742 936
728 983
29 259
85 610
456 650
11 799
62 293
343 626
273 826
55 894
128 398
64 457
368 592
361 728
517 832
24 83
298 534
274 710
325 874
67 504
410 529
11 716
446 853
67 343
426 474
58 483
325 494
607 614
482 736
36 761
26 820
143 918
561 973
66 288
236 304
172 416
510 550
491 665
473 711
321 763
647 771
675 879
395 689
446 703
213 704
196 765
363 857
201 867
849 958
148 210
221 354
158 439
55 473
503 616
106 640
696 703
784 958
119 979
97 347
205 487
430 525
242 576
416 793
449 822
50 972
37 352
225 446
72 636
32 818
773 822
326 883
879 924
456 971
555 994
6 107
571 659
560 706
612 789
118 801
671 833
432 989
55 319
307 525
574 795
414 838
394 869
698 914
564 933
84 999
70 149
89 486
288 508
399 679
739 756
32 972
884 976
142 276
239 369
339 572
248 712
203 435
256 647
639 808
9 854
229 875
206 375
191 949
22 426
351 600
475 600
159 680
30 74
45 109
117 168
206 346
225 481
18 495
297 509
575 595
549 601
586 612
496 617
147 763
689 857
629 891
183 235
172 459
142 553
649 654
404 795
155 954
70 629
331 646
554 794
156 824
92 906
626 947
57 374
148 385
310 394
345 661
584 674
51 873
289 957
69 963
715 977
543 994
146 273
380 437
299 605
89 835
744 837
335 853
835 982
387 991
3 403
319 560
73 737
451 770
777 951
26 28
21 581
10 801
283 812
472 860
803 881
108 254
48 564
153 626
106 782
536 851
609 948
200 396
381 691
371 406
335 446
85 234
465 557
326 622
57 426
127 519
231 523
527 852
2 251
212 447
150 501
335 516
287 593
249 293
386 845
563 847
516 853
351 557
475 557
121 980
297 785
296 882
90 214
168 331
519 524
195 320
128 830
686 985
255 293
395 479
397 523
505 576
377 650
352 705
525 709
66 806
140 814
542 935
79 957
881 961
635 657
211 843
408 846
624 926
756 930
929 940
110 111
64 127
379 574
425 689
846 871
660 879
660 907
247 700
416 721
233 267
92 368
248 611
169 816
411 968
122 126
51 403
65 407
328 451
171 564
180 602
535 602
168 720
542 722
564 742
327 805
106 845
296 304
73 320
613 930
85 165
302 356
10 409
269 435
205 452
380 473
135 574
106 641
131 706
642 737
493 773
379 777
338 844
336 923
167 924
108 938
947 950
593 976
434 990
665 991
117 342
161 368
248 648
614 719
454 914
947 991
32 291
350 367
312 662
449 848
390 680
137 704
546 810
701 871
585 903
410 933
119 664
321 832
449 966
112 969
17 120
228 270
118 356
317 444
532 545
473 610
638 955
954 969
208 991
543 571
406 630
435 677
14 88
300 813
131 854
474 988
213 765
654 970
447 622
416 919
180 930
74 328
168 329
670 692
315 828
386 978
402 984
805 985
351 370
139 457
370 475
463 508
547 602
72 783
878 954
250 707
588 807
948 956
905 964
686 714
698 744
531 830
86 875
332 336
394 419
147 482
404 574
530 590
99 594
242 630
655 883
70 888
106 628
360 707
736 790
171 282
77 422
357 560
136 835
333 404
550 617
134 858
608 873
135 884
290 902
517 734
710 876
22 947
114 266
220 476
453 812
194 988
178 594
202 596
452 598
288 650
581 655
168 193
416 690
302 766
523 767
136 827
420 635
473 672
99 939
179 959
93 307
58 646
620 866
744 974
700 998
217 351
217 475
275 485
487 552
362 703
608 776
97 808
83 825
146 889
170 897
379 951
281 964
692 995
196 228
165 251
182 266
342 743
33 191
266 404
566 731
149 916
891 916
637 928
398 590
855 973
594 888
106 143
188 194
126 306
345 365
293 371
513 580
490 607
531 722
3 776
159 819
492 831
50 833
298 892
595 946
20 151
249 406
190 439
604 722
328 820
215 530
191 659
542 865
70 910
357 956
338 686
210 735
121 847
148 929
551 930
912 998
42 274
219 281
25 296
161 339
139 487
405 527
258 611
409 613
68 694
357 922
459 993
524 672
155 693
583 863
101 952
428 505
476 638
147 765
245 945
153 991
498 994
96 214
288 362
235 495
554 768
758 884
589 909
708 997
36 480
320 515
251 524
104 573
595 643
27 647
528 800
317 859
649 876
113 936
140 961
726 962
63 976
338 490
389 502
175 643
460 653
253 683
588 693
137 726
612 832
740 891
346 464
342 641
313 962
24 37
431 769
525 828
850 889
294 890
870 913
164 357
418 525
506 527
35 601
459 668
694 775
429 786
177 208
432 543
210 701
135 751
105 762
714 805
220 399
423 453
672 951
560 963
229 493
77 519
51 576
577 793
467 893
742 904
466 633
304 916
106 928
184 963
517 586
30 742
605 774
509 785
271 498
242 549
242 595
403 851
27 279
141 674
616 795
85 120
488 699
57 947
53 180
356 388
749 816
457 859
654 868
270 948
135 139
375 464
170 505
246 523
536 588
45 680
259 690
711 833
623 886
433 977
76 989
81 93
135 503
207 772
495 809
463 873
967 991
389 618
382 801
564 903
299 545
401 707
88 712
445 743
456 787
102 940
310 637
655 880
272 331
266 534
582 824
763 957
147 228
354 379
472 697
178 331
107 648
60 967
20 159
110 229
117 237
110 331
237 594
31 902
84 90
350 563
531 691
258 712
807 851
841 926
259 477
426 504
164 513
374 655
178 720
364 392
372 417
289 423
420 461
657 666
254 783
12 880
758 892
46 898
877 915
560 956
278 398
135 487
373 510
520 692
372 393
332 403
305 573
249 582
552 593
483 594
630 684
213 831
185 877
144 908
719 916
183 944
38 214
234 452
342 627
660 663
263 722
756 769
238 549
303 638
128 705
527 897
443 957
840 992
486 532
337 792
230 897
847 898
230 253
32 435
263 529
101 552
522 662
728 913
283 423
38 467
267 559
89 707
135 758
829 850
531 865
485 932
29 984
35 332
277 566
149 615
196 677
217 238
74 320
251 452
294 573
10 602
227 603
466 620
97 641
479 689
288 696
220 699
75 718
122 755
602 836
23 838
669 889
502 893
92 959
236 985
49 422
657 674
46 960
158 637
236 714
435 757
52 979
111 493
227 782
627 804
308 879
459 984
203 313
446 538
76 555
13 623
241 658
301 840
839 939
57 132
36 543
417 924
648 931
52 221
19 455
464 857
115 397
288 403
287 616
679 699
33 774
364 811
14 907
295 401
203 615
380 664
487 852
396 915
979 981
28 125
102 148
136 178
273 339
329 342
330 373
186 386
310 419
85 452
501 565
397 642
21 643
146 661
315 709
483 740
187 745
626 772
66 787
233 802
722 802
237 808
603 845
846 920
121 959
401 771
268 775
746 813
219 824
45 294
150 638
270 704
526 953
858 975
198 247
407 448
95 471
122 583
358 718
115 723
580 854
351 450
450 475
145 547
384 871
442 957
206 562
15 676
363 764
114 404
331 493
193 961
435 972
449 627
651 777
77 795
251 651
257 731
2 951
4 29
88 299
299 394
408 424
405 465
266 511
114 610
311 614
92 652
179 685
347 707
244 764
598 795
412 880
779 895
328 936
258 394
288 538
304 985
22 988
117 178
85 341
291 383
335 696
15 745
698 813
136 168
158 240
68 268
67 293
118 571
80 666
59 688
490 805
541 840
630 878
451 903
367 919
21 950
94 303
19 453
434 724
103 850
6 869
654 886
290 299
87 443
52 711
40 769
71 945
