1000 4261 53.85164807134504 sparse
0 336 64
1 314 227
2 734 120
3 663 345
4 455 83
5 844 20
6 802 825
7 456 405
8 950 611
9 764 434
10 114 619
11 320 34
12 623 106
13 795 592
14 446 447
15 855 27
16 546 962
17 950 129
18 666 400
19 842 417
20 740 394
21 773 111
22 601 254
23 373 117
24 954 720
25 625 303
26 710 802
27 362 642
28 623 722
29 506 730
30 115 309
31 186 68
32 242 229
33 969 48
34 712 489
35 389 127
36 195 546
37 508 445
38 183 510
39 124 859
40 566 61
41 933 739
42 433 753
43 461 558
44 297 618
45 0 918
46 544 48
47 382 792
48 154 624
49 880 277
50 248 411
51 365 696
52 488 786
53 672 247
54 191 22
55 749 418
56 385 254
57 919 292
58 976 570
59 938 918
60 506 14
61 574 695
62 388 422
63 698 619
64 742 189
65 124 751
66 198 65
67 953 865
68 722 652
69 366 694
70 32 776
71 622 965
72 436 798
73 644 27
74 985 613
75 574 829
76 307 537
77 982 55
78 633 530
79 430 352
80 113 103
81 415 234
82 460 785
83 41 641
84 309 208
85 296 195
86 186 747
87 699 920
88 64 954
89 605 810
90 936 796
91 693 119
92 398 905
93 234 262
94 7 457
95 44 24
96 311 110
97 928 292
98 224 857
99 142 141
100 867 231
101 796 939
102 493 670
103 64 367
104 192 248
105 802 176
106 480 519
107 503 971
108 273 91
109 867 681
110 263 868
111 75 766
112 118 149
113 343 845
114 618 286
115 545 583
116 388 746
117 42 169
118 671 427
119 874 201
120 896 191
121 718 60
122 14 440
123 591 253
124 0 801
125 643 541
126 340 903
127 500 967
128 505 470
129 806 138
130 476 449
131 959 196
132 780 22
133 605 696
134 809 647
135 777 908
136 825 531
137 575 913
138 880 51
139 206 924
140 716 259
141 171 391
142 939 30
143 594 408
144 33 423
145 799 425
146 711 510
147 389 995
148 247 494
149 604 829
150 743 466
151 21 584
152 701 710
153 944 240
154 591 718
155 918 642
156 891 39
157 424 915
158 684 25
159 991 983
160 312 404
161 700 275
162 910 54
163 137 281
164 330 840
165 616 322
166 564 249
167 871 512
168 275 854
169 753 180
170 587 218
171 802 441
172 526 750
173 270 617
174 154 291
175 3 571
176 979 253
177 394 480
178 189 857
179 987 75
180 633 251
181 744 872
182 143 878
183 10 291
184 251 610
185 445 923
186 351 584
187 15 702
188 387 534
189 446 263
190 204 287
191 660 900
192 668 517
193 785 81
194 390 636
195 410 578
196 711 696
197 512 548
198 664 739
199 232 144
200 268 134
201 58 391
202 120 276
203 748 424
204 975 670
205 698 789
206 902 156
207 708 157
208 805 622
209 688 178
210 39 915
211 703 51
212 448 398
213 811 593
214 66 801
215 189 463
216 191 286
217 731 588
218 368 460
219 874 248
220 333 128
221 465 760
222 378 984
223 254 777
224 54 395
225 173 793
226 69 680
227 902 757
228 512 186
229 707 730
230 63 788
231 152 317
232 149 731
233 71 219
234 624 509
235 991 445
236 452 410
237 735 300
238 139 530
239 440 544
240 630 813
241 888 450
242 509 260
243 935 823
244 336 301
245 19 717
246 159 612
247 342 270
248 274 844
249 61 125
250 965 196
251 775 904
252 450 35
253 535 723
254 585 127
255 251 315
256 576 832
257 551 75
258 55 438
259 891 110
260 393 615
261 46 44
262 546 759
263 958 887
264 272 779
265 253 304
266 242 540
267 393 473
268 951 347
269 342 315
270 3 162
271 213 486
272 574 329
273 269 296
274 838 816
275 82 773
276 452 117
277 949 414
278 954 305
279 32 533
280 679 749
281 187 781
282 520 79
283 538 478
284 415 713
285 9 980
286 885 211
287 208 55
288 980 326
289 187 675
290 152 642
291 554 809
292 784 118
293 897 684
294 984 29
295 893 623
296 264 419
297 904 424
298 674 426
299 985 355
300 805 664
301 553 454
302 12 294
303 972 858
304 474 47
305 115 924
306 798 31
307 299 802
308 992 495
309 56 400
310 207 497
311 310 730
312 115 398
313 475 852
314 82 125
315 775 480
316 753 690
317 811 113
318 822 552
319 337 567
320 963 893
321 756 757
322 683 835
323 643 964
324 78 394
325 744 574
326 0 996
327 943 167
328 266 553
329 626 969
330 500 407
331 727 247
332 300 547
333 418 394
334 258 699
335 766 271
336 194 786
337 237 693
338 503 874
339 909 656
340 751 14
341 922 856
342 336 944
343 589 931
344 830 278
345 65 432
346 383 727
347 129 638
348 962 642
349 657 172
350 510 627
351 229 790
352 68 446
353 332 233
354 844 696
355 862 756
356 130 156
357 892 866
358 565 200
359 265 250
360 800 200
361 191 246
362 881 801
363 336 151
364 8 398
365 269 412
366 141 227
367 848 19
368 856 186
369 193 888
370 108 955
371 742 118
372 171 68
373 707 842
374 962 789
375 920 208
376 530 419
377 0 553
378 553 390
379 826 746
380 463 186
381 483 452
382 909 550
383 846 894
384 891 494
385 314 63
386 67 408
387 593 656
388 917 764
389 378 758
390 407 861
391 530 150
392 28 83
393 612 751
394 298 983
395 644 19
396 518 44
397 913 941
398 640 355
399 827 528
400 140 273
401 875 892
402 996 409
403 309 55
404 198 253
405 574 817
406 234 937
407 431 652
408 204 107
409 711 38
410 199 821
411 246 1
412 190 679
413 552 831
414 705 109
415 640 34
416 124 35
417 675 458
418 633 907
419 298 80
420 211 691
421 750 788
422 197 359
423 247 825
424 555 475
425 216 559
426 822 717
427 274 663
428 702 938
429 210 771
430 594 181
431 329 375
432 398 220
433 622 607
434 807 495
435 82 381
436 695 77
437 351 276
438 449 939
439 487 252
440 461 843
441 855 739
442 575 659
443 608 568
444 828 233
445 946 648
446 633 105
447 355 163
448 52 171
449 341 313
450 764 958
451 367 81
452 184 841
453 377 767
454 972 498
455 716 847
456 793 876
457 640 548
458 378 40
459 909 203
460 18 423
461 967 910
462 329 172
463 617 908
464 245 381
465 4 472
466 641 511
467 427 83
468 353 66
469 747 471
470 854 287
471 28 858
472 562 46
473 56 477
474 383 933
475 851 477
476 182 131
477 894 366
478 518 864
479 796 562
480 862 988
481 297 831
482 693 538
483 292 968
484 282 367
485 525 982
486 95 466
487 251 423
488 59 295
489 160 471
490 224 630
491 313 701
492 830 578
493 503 279
494 301 217
495 674 986
496 275 546
497 499 587
498 788 921
499 199 548
500 806 755
501 912 713
502 512 636
503 111 52
504 473 603
505 693 319
506 145 808
507 879 394
508 259 639
509 771 0
510 927 921
511 270 487
512 963 881
513 520 360
514 401 971
515 136 279
516 25 561
517 512 672
518 367 43
519 67 940
520 895 478
521 348 979
522 987 68
523 612 959
524 763 151
525 438 935
526 362 588
527 983 31
528 770 199
529 816 749
530 289 484
531 459 960
532 609 231
533 365 541
534 992 949
535 210 699
536 989 566
537 705 734
538 790 386
539 467 3
540 171 145
541 778 658
542 549 707
543 408 371
544 585 153
545 977 251
546 830 148
547 884 707
548 464 252
549 712 816
550 521 399
551 642 758
552 627 328
553 422 273
554 221 808
555 424 126
556 491 279
557 956 813
558 596 567
559 587 25
560 87 864
561 207 982
562 794 93
563 153 43
564 18 340
565 505 355
566 260 413
567 825 601
568 11 173
569 579 14
570 513 936
571 224 911
572 731 378
573 596 368
574 121 79
575 962 793
576 428 725
577 18 372
578 344 629
579 577 358
580 203 695
581 705 809
582 385 995
583 532 148
584 704 393
585 685 410
586 222 691
587 613 749
588 165 778
589 434 342
590 481 848
591 402 785
592 622 564
593 441 214
594 268 635
595 489 893
596 468 372
597 545 509
598 807 9
599 677 612
600 321 127
601 990 990
602 286 543
603 928 373
604 377 563
605 154 438
606 417 661
607 371 134
608 981 223
609 864 728
610 504 791
611 873 734
612 11 153
613 684 418
614 798 954
615 719 313
616 696 811
617 51 581
618 693 360
619 65 539
620 921 592
621 452 443
622 220 430
623 312 126
624 907 398
625 83 235
626 748 823
627 138 414
628 972 543
629 315 736
630 549 979
631 355 392
632 218 101
633 338 519
634 528 809
635 337 621
636 958 528
637 61 700
638 128 534
639 247 856
640 817 156
641 809 986
642 93 41
643 99 484
644 886 798
645 504 519
646 892 795
647 304 965
648 806 819
649 427 358
650 230 696
651 758 113
652 862 272
653 226 17
654 42 153
655 643 372
656 532 661
657 254 105
658 218 730
659 137 242
660 841 459
661 943 915
662 651 265
663 424 698
664 259 48
665 314 927
666 941 228
667 126 215
668 322 547
669 625 895
670 215 419
671 862 990
672 447 937
673 130 365
674 842 148
675 643 815
676 703 971
677 718 134
678 919 934
679 761 340
680 519 393
681 262 32
682 221 877
683 988 571
684 44 579
685 488 272
686 337 770
687 911 80
688 703 615
689 115 470
690 33 835
691 790 506
692 865 895
693 781 135
694 843 250
695 654 319
696 38 800
697 356 612
698 204 654
699 918 576
700 116 570
701 337 335
702 51 595
703 479 937
704 898 0
705 189 41
706 90 286
707 635 365
708 372 147
709 981 776
710 231 796
711 355 882
712 120 34
713 184 406
714 819 508
715 993 68
716 679 361
717 646 183
718 274 862
719 832 542
720 134 436
721 96 534
722 938 571
723 284 755
724 179 47
725 805 471
726 685 363
727 571 444
728 299 280
729 3 346
730 583 751
731 139 474
732 384 127
733 709 568
734 885 789
735 182 735
736 869 392
737 510 202
738 101 258
739 629 818
740 336 774
741 498 264
742 543 90
743 499 967
744 825 42
745 530 922
746 817 547
747 949 888
748 769 585
749 978 11
750 342 647
751 511 905
752 811 48
753 209 358
754 817 540
755 884 784
756 689 875
757 780 294
758 997 360
759 302 760
760 565 760
761 379 765
762 47 830
763 125 587
764 296 284
765 440 74
766 486 291
767 881 968
768 421 10
769 595 90
770 54 550
771 845 905
772 917 721
773 212 267
774 376 334
775 432 982
776 438 48
777 754 207
778 661 77
779 911 1000
780 516 182
781 637 717
782 850 634
783 883 201
784 866 112
785 742 880
786 302 67
787 70 550
788 727 523
789 115 178
790 603 223
791 465 239
792 686 478
793 468 342
794 868 444
795 659 871
796 55 726
797 562 9
798 850 253
799 585 594
800 806 912
801 515 330
802 784 57
803 843 795
804 567 363
805 889 716
806 22 327
807 710 794
808 117 869
809 289 862
810 644 817
811 116 58
812 497 129
813 82 761
814 730 69
815 771 719
816 755 315
817 104 432
818 740 393
819 571 690
820 64 710
821 576 487
822 558 629
823 537 310
824 590 917
825 267 370
826 623 514
827 374 481
828 350 101
829 917 597
830 555 938
831 471 0
832 971 885
833 299 762
834 21 100
835 264 775
836 698 444
837 58 393
838 181 166
839 684 701
840 380 20
841 714 427
842 639 489
843 463 2
844 249 168
845 814 225
846 479 793
847 702 89
848 871 354
849 950 142
850 628 919
851 321 694
852 425 86
853 246 585
854 589 675
855 320 965
856 697 63
857 675 796
858 117 962
859 282 397
860 360 612
861 337 843
862 842 47
863 225 71
864 882 462
865 364 898
866 297 11
867 509 528
868 592 940
869 884 714
870 184 737
871 617 968
872 616 58
873 846 85
874 625 76
875 609 452
876 994 969
877 886 516
878 971 311
879 402 857
880 134 831
881 15 705
882 646 931
883 796 720
884 238 271
885 852 787
886 385 852
887 807 231
888 350 9
889 522 842
890 848 468
891 543 518
892 874 946
893 999 887
894 749 59
895 742 144
896 777 649
897 681 130
898 478 754
899 207 51
900 940 361
901 28 674
902 419 947
903 168 469
904 824 636
905 97 348
906 479 162
907 127 612
908 316 908
909 600 876
910 781 948
911 946 433
912 738 95
913 140 245
914 936 402
915 5 934
916 714 901
917 796 926
918 184 349
919 426 382
920 129 870
921 606 578
922 121 948
923 801 430
924 762 228
925 6 347
926 624 195
927 310 715
928 227 559
929 918 191
930 700 140
931 184 587
932 273 782
933 485 405
934 479 846
935 566 267
936 153 209
937 755 423
938 946 647
939 981 145
940 444 704
941 238 947
942 807 531
943 48 608
944 817 734
945 479 484
946 398 777
947 746 311
948 288 304
949 804 606
950 439 24
951 549 895
952 430 984
953 675 727
954 433 879
955 66 169
956 788 69
957 76 188
958 507 628
959 894 249
960 710 45
961 614 880
962 482 383
963 269 550
964 522 4
965 221 368
966 275 363
967 395 986
968 89 752
969 288 922
970 145 714
971 107 38
972 856 687
973 764 276
974 220 666
975 213 952
976 287 878
977 729 157
978 314 823
979 681 412
980 169 434
981 848 401
982 948 255
983 418 880
984 783 310
985 914 199
986 4 797
987 73 47
988 456 804
989 39 280
990 40 161
991 901 740
992 811 481
993 448 134
994 170 338
995 47 535
996 329 651
997 349 184
998 523 944
999 964 286
127 743
20 818
445 938
480 671
201 837
51 69
104 361
269 449
163 515
294 527
393 587
675 810
176 545
391 583
438 672
453 761
735 870
590 934
775 952
187 881
118 298
729 925
264 932
350 958
75 256
183 302
136 399
759 833
467 852
374 575
147 582
697 860
5 367
416 712
686 740
539 843
287 899
659 913
328 963
135 251
36 499
229 537
224 837
585 979
107 127
289 412
35 732
728 764
539 831
536 683
240 739
734 755
234 826
224 309
805 869
145 923
335 973
201 224
71 329
107 743
228 780
124 986
362 644
59 661
61 819
71 871
131 250
522 715
55 203
550 680
351 710
716 726
113 861
7 236
150 469
63 688
620 829
390 879
459 985
644 646
79 649
613 979
179 522
746 754
547 869
177 267
159 601
318 746
389 761
203 937
409 960
400 515
296 566
313 590
14 621
6 648
313 934
496 963
617 684
309 837
130 381
125 457
337 650
556 685
694 798
164 861
263 320
104 404
263 512
311 629
503 811
55 937
73 395
26 807
73 415
420 535
535 580
585 613
168 718
484 966
2 371
181 785
831 843
489 903
117 990
654 990
163 400
618 726
281 336
296 365
26 581
111 813
420 580
512 832
264 835
591 946
929 985
57 97
119 783
389 453
365 566
600 623
644 734
263 747
329 871
541 896
201 309
350 502
581 616
525 672
397 678
179 715
646 734
845 887
597 891
211 960
385 403
586 650
501 772
498 917
502 958
343 868
475 890
508 594
93 884
816 947
111 275
361 404
549 581
532 790
22 123
168 248
12 446
117 448
507 736
286 783
223 835
86 870
443 921
373 455
547 805
645 867
523 871
379 529
401 692
637 820
7 212
15 367
578 635
655 707
491 851
825 966
79 589
406 941
247 437
609 611
147 967
375 985
420 586
425 928
383 771
171 923
255 265
398 707
579 804
320 832
328 496
59 510
458 518
496 602
52 846
370 858
660 890
835 932
813 968
258 345
71 523
500 529
705 724
725 992
438 525
186 526
238 638
242 741
75 405
320 512
493 556
546 674
275 813
84 494
443 558
220 600
270 612
58 683
422 753
136 754
803 885
808 920
375 459
622 670
619 787
39 920
50 566
76 332
39 808
31 66
50 487
483 647
153 666
193 956
271 310
165 552
362 646
110 718
109 972
212 236
362 734
86 735
385 786
245 881
802 956
298 613
685 741
570 998
48 246
244 449
318 754
299 758
556 766
205 807
17 849
418 850
101 917
5 15
190 216
21 292
222 582
607 708
136 719
548 791
240 675
263 832
214 230
702 943
211 856
241 864
487 566
754 942
582 967
309 386
324 435
296 487
58 536
270 568
559 569
646 755
419 786
564 806
712 971
750 996
112 356
185 525
403 786
436 847
564 925
113 164
77 522
617 702
618 716
343 824
66 287
26 549
185 672
318 719
644 755
436 856
448 955
64 169
441 609
9 937
345 352
88 519
675 739
159 876
221 898
491 927
642 971
535 586
418 669
333 919
443 592
332 602
240 810
858 922
909 961
503 971
434 992
33 77
607 732
10 907
370 922
213 949
78 125
119 286
399 719
23 732
320 747
690 762
28 781
558 921
31 372
144 460
193 562
718 809
121 814
311 927
459 929
379 944
354 972
739 810
529 944
954 983
256 405
337 586
101 614
21 651
719 754
330 933
279 995
244 269
408 632
744 752
258 352
211 409
546 640
463 669
510 678
94 465
484 825
187 245
395 415
40 472
366 659
137 824
167 877
605 980
153 982
147 222
349 717
619 770
463 850
237 947
252 950
116 389
91 414
554 710
399 754
753 965
448 990
512 747
298 979
513 565
118 613
493 741
719 746
467 765
581 807
117 654
770 787
647 855
13 213
418 463
96 623
208 949
213 567
228 737
168 809
444 845
182 920
809 976
394 483
564 729
514 967
138 156
145 171
140 331
202 515
664 681
620 699
439 741
91 897
198 953
757 984
1 494
120 783
422 918
185 438
384 520
227 388
493 685
556 741
723 833
770 995
155 339
313 440
407 606
26 616
66 899
13 949
178 452
52 610
549 616
371 651
170 790
45 915
348 938
603 900
225 588
470 652
257 742
121 960
135 498
77 715
227 991
348 445
510 661
19 981
234 466
0 468
23 607
375 929
222 967
152 196
329 523
800 917
283 424
16 630
398 655
292 693
362 755
416 971
134 300
122 460
320 461
589 649
684 702
232 970
276 993
121 211
284 663
4 765
572 818
386 837
288 878
101 910
26 205
120 459
284 576
434 714
252 776
277 914
163 202
323 329
569 797
744 862
879 886
426 944
324 386
476 540
268 900
596 962
918 994
265 273
50 296
136 746
528 777
248 718
136 942
198 280
338 478
76 668
278 878
614 910
366 913
118 979
223 264
48 290
46 472
173 594
578 750
166 935
175 377
87 428
387 442
466 826
440 934
285 326
20 572
796 820
711 865
84 85
25 114
94 122
100 219
224 386
355 441
392 834
602 963
895 977
110 168
225 281
486 643
619 995
134 904
669 961
441 611
49 652
723 759
207 930
481 978
23 35
9 203
67 512
78 826
746 942
60 964
1 353
394 647
294 749
677 930
89 149
383 692
262 760
217 325
102 517
54 705
685 766
665 908
99 356
366 667
765 852
18 979
201 386
511 530
700 763
152 839
277 911
78 457
35 607
298 585
580 586
387 854
82 988
1 84
116 346
420 650
223 932
101 498
351 554
120 985
163 174
96 600
450 910
404 773
111 968
141 713
365 859
242 493
568 612
233 625
110 639
698 974
439 685
177 827
324 837
219 959
95 261
605 720
458 840
534 876
132 306
503 712
730 760
498 800
872 874
201 324
202 400
308 454
535 650
98 682
414 847
197 867
399 942
173 184
67 303
425 499
434 691
486 689
40 257
451 468
628 636
448 654
475 660
301 727
705 899
77 179
78 466
412 580
440 590
237 615
269 701
699 722
527 749
27 750
146 788
267 827
82 846
520 864
273 948
718 976
578 697
493 766
152 229
557 575
737 780
241 794
663 940
642 987
72 988
249 314
207 977
34 146
25 165
71 323
50 365
635 697
116 761
699 829
301 424
365 487
189 548
220 623
129 640
503 642
444 887
543 919
205 581
47 591
194 260
136 318
489 731
121 856
253 542
2 677
643 689
442 854
592 921
601 876
251 498
416 503
306 752
573 579
18 585
399 746
814 894
897 930
955 957
278 999
291 405
226 637
399 714
190 773
764 948
274 803
574 811
629 927
567 949
174 515
64 777
850 882
366 936
334 337
76 602
218 827
215 903
447 997
9 55
172 262
336 429
379 500
376 550
47 946
811 971
390 983
332 668
120 929
186 319
0 385
81 432
33 527
118 585
570 745
616 807
75 413
291 413
205 616
549 807
466 842
225 336
363 462
63 599
31 724
524 895
91 930
275 968
151 175
139 571
27 578
281 588
747 832
856 960
933 962
328 602
449 701
627 720
692 771
478 889
280 953
157 185
363 447
330 550
372 724
652 798
525 902
777 924
761 946
67 263
85 494
93 773
384 877
140 161
3 716
444 694
309 324
137 343
174 400
103 435
180 662
794 864
768 950
120 286
517 656
417 792
611 869
78 234
736 981
439 548
98 639
543 649
374 709
121 409
188 533
824 868
767 892
745 998
220 363
501 805
438 531
243 557
540 838
453 946
708 732
462 997
290 347
385 419
151 516
447 708
67 747
836 841
578 860
287 863
371 912
164 978
242 439
119 368
248 809
819 854
492 567
151 684
471 690
338 595
108 657
330 680
287 705
208 904
11 403
116 453
851 927
500 944
132 509
306 598
136 714
390 886
15 862
106 645
117 955
224 324
256 413
77 527
193 802
649 919
776 950
148 511
205 857
105 360
345 386
457 592
524 693
434 725
41 772
611 805
526 860
757 973
119 120
175 516
412 420
485 630
242 685
424 821
669 850
156 162
230 275
33 294
10 347
213 492
87 916
266 928
152 537
689 731
712 811
22 532
416 811
340 509
397 510
157 525
609 869
318 399
461 661
219 798
126 865
126 908
107 485
173 508
355 611
464 825
36 425
263 461
303 512
635 860
103 201
374 557
130 621
70 696
526 697
305 922
562 956
59 678
772 991
322 373
410 452
105 640
2 651
319 668
237 816
234 842
61 854
488 989
332 496
815 883
111 230
533 604
595 751
717 926
3 398
281 429
333 543
25 552
207 677
259 784
610 846
763 907
586 974
37 128
89 240
129 693
43 239
883 944
99 112
286 459
80 574
21 693
89 739
2 895
555 993
134 208
461 832
2 912
18 613
122 144
82 221
129 317
47 453
169 528
584 585
575 709
282 742
745 751
184 853
506 880
941 975
677 977
846 988
40 46
31 287
170 532
410 554
439 791
289 580
411 653
806 925
20 55
344 470
66 705
16 830
422 965
679 816
126 711
479 746
616 857
318 942
406 975
307 978
531 672
477 848
714 942
37 381
327 849
878 999
201 435
254 544
129 546
189 553
291 634
371 895
677 895
110 976
162 687
133 154
174 231
77 294
405 413
337 420
765 776
459 783
782 904
347 907
255 273
242 556
90 575
558 592
297 624
516 684
599 688
66 724
202 738
426 883
135 917
377 516
90 557
317 562
640 674
35 708
451 828
46 396
563 724
323 871
773 884
110 248
133 854
342 855
799 921
576 940
728 948
248 481
222 514
293 547
518 840
373 549
292 651
635 750
847 856
665 969
55 818
753 918
420 974
144 258
356 789
910 917
578 996
505 615
637 796
110 809
103 837
252 304
147 514
219 652
264 723
435 837
168 976
805 991
39 182
351 429
729 806
100 286
167 384
33 522
67 832
863 899
651 912
90 374
364 460
468 518
292 562
13 748
335 757
565 801
417 836
44 173
90 243
580 650
289 698
620 722
169 777
303 832
31 899
5 862
615 947
66 372
31 705
47 761
617 943
261 987
18 298
211 436
318 492
566 859
814 912
212 919
955 990
72 82
123 166
38 310
266 328
439 556
322 616
58 628
576 663
629 759
418 882
464 965
108 419
403 419
149 739
325 748
719 942
18 118
292 317
109 354
196 839
787 995
447 462
3 695
382 699
182 808
839 953
480 767
104 773
523 868
389 946
192 466
337 535
300 541
21 562
53 662
639 718
661 747
66 863
667 936
231 994
61 542
230 696
54 724
609 805
577 925
342 665
279 770
100 798
542 819
92 157
49 470
318 479
406 571
364 577
46 257
191 418
642 712
498 910
666 982
4 467
400 913
52 82
312 627
214 696
23 828
501 869
879 983
355 609
168 639
832 893
614 917
149 256
334 650
483 855
463 961
714 992
218 267
223 351
414 677
376 680
34 792
29 172
75 291
412 535
545 608
507 624
723 835
724 899
283 301
427 508
363 600
24 41
216 773
96 220
170 358
128 381
123 532
3 726
461 747
394 855
296 859
42 576
186 697
772 805
155 938
816 984
172 253
0 403
552 695
752 802
463 824
61 154
121 436
536 628
642 811
27 194
155 445
501 547
427 594
367 862
611 991
48 347
412 698
360 845
409 856
123 935
503 574
28 587
101 800
266 963
289 420
514 582
605 627
371 677
380 906
654 955
388 991
279 516
241 520
139 975
207 209
16 485
208 567
547 609
375 666
393 730
7 933
191 795
97 278
383 401
307 481
79 543
198 551
652 694
691 714
5 744
671 767
244 437
127 485
311 491
272 579
526 604
547 611
659 667
91 677
306 744
112 789
558 799
723 932
501 991
625 738
16 998
379 426
461 512
99 540
135 800
624 914
684 943
545 982
120 375
315 469
430 544
276 555
199 844
186 860
448 957
288 299
573 804
731 903
306 802
613 836
128 945
248 639
273 764
741 766
48 907
208 213
49 219
11 385
41 388
559 797
745 830
826 842
361 773
103 224
129 292
67 320
64 528
320 661
217 733
444 798
801 823
39 880
672 902
29 253
379 441
223 710
584 979
158 409
398 552
132 598
75 149
610 634
596 793
298 836
484 859
514 902
330 962
13 479
360 528
280 537
315 691
23 708
577 729
485 743
14 130
125 466
176 608
438 703
587 730
27 860
12 874
132 340
59 461
215 489
184 508
416 563
336 588
197 645
369 682
287 724
706 738
446 874
603 914
528 924
499 928
612 990
138 162
109 293
50 464
151 617
171 725
4 852
184 594
691 942
212 333
756 795
720 817
79 919
551 587
106 867
284 940
103 324
354 426
222 521
205 549
479 754
513 801
378 804
560 808
226 820
251 917
302 989
293 339
531 703
591 761
861 978
149 240
241 297
497 504
721 787
629 833
27 697
561 975
661 678
100 694
189 791
169 524
188 604
684 770
100 119
246 290
393 551
372 563
453 591
160 859
632 863
537 953
204 348
139 406
344 694
187 901
386 435
572 584
368 783
660 794
825 859
423 639
612 654
61 133
28 393
2 414
257 472
516 770
752 862
121 894
183 989
20 203
311 759
438 902
635 996
357 401
109 547
423 554
431 631
219 694
570 751
22 790
152 953
176 982
783 985
869 991
32 359
125 592
400 659
617 770
849 939
752 956
332 963
180 532
548 685
490 698
33 715
794 890
814 960
257 282
178 369
118 417
455 549
117 568
442 819
224 435
521 855
49 959
908 969
13 567
315 725
696 762
613 841
91 847
439 493
250 608
286 985
568 990
155 295
346 389
323 523
619 721
669 909
414 930
233 957
244 247
209 349
321 421
416 642
28 133
13 208
341 357
202 706
137 951
390 954
650 974
92 474
225 506
477 507
263 661
300 896
713 980
305 370
21 371
89 405
283 597
487 622
360 887
514 952
507 981
256 291
168 481
157 672
651 693
414 897
220 828
264 833
118 836
137 868
337 974
151 702
59 747
840 888
413 889
564 577
672 703
638 721
246 907
65 232
298 417
584 613
502 656
535 658
338 751
344 798
251 800
481 809
203 818
137 830
92 983
41 991
714 754
134 896
22 180
274 648
755 885
229 953
158 211
263 303
266 425
309 435
200 657
274 885
362 885
853 928
37 130
28 154
214 275
633 668
628 683
12 769
381 945
67 341
381 621
488 706
21 193
330 376
258 386
60 396
149 405
123 790
157 902
33 179
372 705
227 755
211 814
100 959
144 309
367 744
11 866
127 998
408 476
426 529
413 634
344 652
843 950
830 998
355 885
911 914
116 946
192 482
293 501
319 526
525 531
472 559
603 624
27 635
495 676
429 710
757 816
20 937
679 947
691 992
96 419
401 771
581 857
293 869
412 974
42 221
177 218
81 593
212 596
516 617
307 932
833 932
158 960
134 541
373 616
514 775
479 942
293 805
236 621
248 423
428 676
513 680
230 813
745 951
418 961
373 581
734 885
454 636
769 874
667 913
430 926
131 327
447 607
25 695
423 710
121 847
54 899
433 921
260 860
323 882
70 230
215 271
144 345
309 345
8 348
93 359
352 473
76 496
289 535
378 550
232 735
384 864
169 977
743 998
251 456
146 482
30 202
236 933
278 288
41 501
186 604
639 682
722 829
414 436
122 465
52 898
266 496
489 605
3 618
279 619
15 744
814 856
634 889
818 937
352 486
184 490
3 655
125 826
784 873
107 998
160 431
127 570
44 594
670 713
492 746
585 841
881 901
580 974
930 977
216 404
772 869
83 943
229 280
50 622
614 641
249 654
471 762
10 763
311 833
300 904
86 429
415 872
32 93
128 283
103 309
50 670
154 730
84 353
59 397
30 706
0 11
273 728
482 733
436 778
100 783
589 793
86 281
159 534
244 701
570 703
570 743
191 882
605 903
37 376
337 580
322 581
338 590
7 962
516 995
4 276
378 680
571 682
0 786
316 815
203 841
696 986
412 586
164 481
563 712
359 884
289 974
422 994
27 996
196 229
47 389
450 614
470 798
515 913
3 707
154 819
814 847
547 972
213 479
475 864
498 614
302 806
442 822
535 974
328 332
190 404
133 819
864 890
524 977
477 624
36 928
64 977
15 138
125 192
157 438
363 623
593 791
327 929
358 430
322 549
8 620
214 762
52 221
268 603
477 603
443 799
272 804
343 830
92 865
658 870
859 966
153 545
584 618
336 554
131 608
533 633
531 775
198 781
353 494
117 612
411 681
424 727
651 895
17 939
982 999
148 271
268 299
150 315
284 346
391 780
33 142
464 966
98 178
144 224
785 916
790 926
265 948
539 950
70 986
35 555
476 838
567 904
106 945
65 968
903 980
8 74
282 396
119 459
421 626
491 629
807 857
802 894
952 967
720 980
322 455
7 596
286 375
468 828
130 945
486 817
971 987
123 170
336 351
132 802
529 883
215 980
315 434
464 566
436 960
59 320
144 364
336 410
0 451
54 653
191 669
690 696
246 931
126 665
295 829
185 902
424 597
584 841
867 891
264 307
243 341
479 748
252 843
83 901
363 997
120 206
584 726
325 733
264 759
26 857
232 870
157 983
30 163
313 338
380 593
355 755
94 460
78 592
312 817
644 885
135 456
128 130
268 288
382 722
41 227
51 346
76 633
547 772
8 829
221 846
82 898
414 912
436 814
502 517
584 818
434 942
61 442
20 584
304 776
778 874
315 992
56 81
114 165
506 588
650 658
259 687
563 705
492 719
548 741
703 743
615 816
792 836
680 933
904 949
458 468
311 723
477 736
756 916
389 591
163 913
151 943
9 145
111 214
303 320
490 508
55 841
632 657
602 668
487 670
363 708
8 938
490 974
22 114
343 463
343 523
252 539
472 569
18 655
86 658
227 734
463 909
565 962
836 979
195 604
312 673
265 884
435 905
841 979
176 999
235 402
658 735
75 89
101 135
629 723
617 787
409 814
89 256
250 327
56 432
204 445
107 570
72 591
714 719
686 759
585 836
500 883
207 895
783 929
759 932
248 976
113 978
23 451
320 893
512 893
847 912
550 933
97 999
30 515
127 703
295 339
549 626
659 936
467 776
1 85
131 666
52 988
185 703
740 759
50 859
194 606
19 736
334 586
29 898
338 934
59 263
568 654
202 913
627 980
342 521
472 797
193 292
74 348
376 378
457 466
227 611
515 659
40 742
24 772
229 839
463 882
204 938
947 984
95 987
270 990
830 868
6 274
93 404
509 598
333 649
245 796
157 954
54 287
69 346
312 435
260 697
475 794
109 869
673 905
596 933
547 991
174 202
144 386
34 788
482 788
212 962
317 693
223 723
679 984
660 992
125 234
312 324
90 388
8 445
101 450
522 527
191 850
675 857
338 889
677 897
9 923
775 967
22 166
153 176
78 192
174 216
57 278
14 381
39 560
833 835
775 902
22 935
2 977
545 999
199 200
355 379
178 410
129 674
562 802
151 377
0 518
86 588
810 857
14 236
19 794
181 455
210 519
868 871
236 333
479 492
583 780
190 884
598 744
373 756
11 786
812 906
142 162
253 262
655 716
108 786
311 851
169 895
894 912
531 952
237 973
170 430
606 663
420 698
375 783
212 933
13 492
697 750
60 831
279 377
443 457
354 609
178 682
328 853
303 747
7 919
30 231
339 445
552 707
262 730
36 38
15 156
638 700
660 725
183 806
451 518
104 216
258 309
80 314
352 386
323 495
154 587
202 659
124 696
58 722
288 758
597 821
457 826
211 847
518 888
757 947
879 954
21 317
736 848
824 850
305 858
485 998
114 180
371 414
280 551
580 658
691 725
33 749
351 835
103 905
339 938
489 980
165 695
217 748
548 556
207 897
105 129
225 410
319 533
7 621
346 761
138 862
862 873
236 919
492 949
9 150
139 369
342 647
133 781
456 800
769 872
913 936
286 368
191 756
252 768
694 845
441 869
247 353
437 449
524 651
89 675
336 710
527 715
720 731
254 769
441 944
680 962
503 987
38 271
49 798
194 860
215 310
196 537
220 607
624 736
362 803
627 817
665 855
289 586
21 912
206 929
399 434
388 755
286 929
34 150
166 170
219 286
224 345
429 554
369 571
5 598
470 694
481 718
242 766
667 789
255 948
902 952
22 170
398 695
352 817
778 856
474 902
571 941
9 171
17 327
18 584
37 330
686 833
727 875
297 914
161 331
217 688
113 711
455 756
740 833
208 896
428 916
869 972
609 991
363 607
4 776
102 502
543 589
689 720
269 774
684 787
600 828
200 844
653 899
210 915
117 957
973 984
163 231
163 659
653 681
505 695
605 731
227 772
345 817
532 926
258 473
513 550
439 766
701 774
645 891
846 898
93 190
100 444
297 507
714 746
283 821
144 837
71 868
520 877
11 888
290 907
286 959
45 210
154 393
385 468
294 522
292 524
371 524
114 662
573 707
391 812
607 828
710 835
537 839
31 863
53 180
46 282
365 464
586 658
598 752
287 372
565 793
433 799
890 992
227 646
647 665
79 793
751 951
781 953
306 956
397 892
880 920
440 988
351 423
34 469
750 860
947 973
334 427
659 738
98 423
105 528
461 893
139 941
652 959
512 661
2 930
398 716
328 928
7 333
464 484
185 531
455 581
186 635
714 725
689 817
0 828
53 161
105 546
446 778
117 270
81 553
420 658
357 692
156 704
771 800
89 810
345 837
303 893
666 985
426 441
510 747
246 347
3 505
397 661
425 853
379 883
86 336
3 552
322 857
372 899
317 546
388 646
583 812
474 865
273 884
331 924
209 930
258 460
563 811
216 361
153 375
378 579
455 626
250 666
587 781
307 833
173 853
831 950
227 355
555 732
298 841
555 852
2 21
269 437
145 538
270 654
102 656
294 715
96 828
693 895
816 973
73 158
143 573
119 985
148 310
26 373
44 635
453 686
324 345
492 754
776 852
158 856
76 963
319 604
135 910
396 964
475 992
85 462
141 627
355 734
685 791
301 821
349 926
228 391
136 434
441 529
172 760
252 765
894 956
789 957
10 48
86 232
120 368
168 423
167 475
521 582
478 590
608 666
192 842
464 859
283 891
121 912
797 964
243 575
236 962
158 395
346 453
322 756
421 807
132 752
487 859
56 437
350 656
368 674
565 680
629 686
387 819
98 110
473 486
60 539
70 124
144 201
316 541
459 666
410 710
584 716
388 734
531 743
146 792
463 868
4 304
28 551
597 867
694 887
195 260
9 469
565 596
153 608
431 701
507 848
646 885
589 919
63 68
104 190
131 375
165 398
251 785
343 850
228 906
751 998
101 251
515 738
449 774
824 830
252 831
681 866
748 949
91 207
446 769
321 815
759 835
417 613
505 618
263 893
171 992
2 91
478 595
580 698
40 769
62 333
180 790
661 832
122 258
448 568
534 601
525 703
441 805
664 863
382 877
27 260
103 386
197 497
306 509
260 526
18 716
276 852
660 864
738 913
293 972
371 977
586 698
84 462
455 616
66 632
562 651
479 719
700 721
297 794
268 878
342 908
126 342
900 914
725 923
841 937
193 317
0 419
141 422
99 476
38 499
426 500
231 515
21 524
236 596
643 731
656 822
198 537
100 652
551 781
131 929
134 949
220 447
109 805
669 824
31 563
526 635
567 782
741 791
656 958
433 443
116 591
149 675
630 830
78 842
590 889
226 901
894 960
850 961
23 220
350 497
461 510
354 547
115 799
201 345
127 531
56 553
337 658
68 688
18 726
453 740
478 751
272 823
918 965
167 520
194 697
107 703
669 795
71 882
768 776
279 787
808 880
40 559
640 693
408 863
850 868
669 882
249 990
181 916
908 976
133 387
281 410
8 722
149 810
481 861
192 457
295 620
429 658
175 684
73 872
458 888
497 958
609 972
906 993
49 57
400 738
499 931
42 82
193 651
341 747
397 767
144 352
301 376
304 950
853 963
208 300
292 371
16 570
19 660
46 742
193 752
455 785
20 841
637 901
123 180
91 436
474 514
379 609
572 618
287 653
365 825
570 830
319 332
293 772
549 857
531 902
780 906
97 982
268 278
74 683
307 759
409 436
234 457
550 962
355 991
32 884
193 894
895 930
70 214
276 467
367 598
597 645
246 763
393 781
768 840
824 909
504 958
150 203
137 463
209 717
686 761
26 421
196 316
76 319
122 364
66 408
464 487
734 803
639 809
629 851
711 886
560 920
42 946
81 189
213 318
206 327
237 335
189 439
451 458
136 479
2 524
356 540
138 687
755 803
36 931
147 952
571 975
96 108
296 464
161 615
312 720
425 931
371 693
244 728
65 970
735 970
335 984
165 272
24 501
113 886
114 123
21 129
116 284
26 322
224 577
545 666
389 686
143 727
163 738
464 753
778 847
213 748
614 800
768 843
94 144
516 702
732 828
818 841
429 870
796 968
62 218
228 583
79 596
198 839
329 882
30 174
281 351
261 392
31 408
114 552
503 563
171 660
110 682
189 685
655 726
430 790
192 792
46 797
322 810
711 861
30 905
297 911
478 934
928 963
433 592
388 772
118 841
161 237
224 258
190 361
247 449
215 605
136 691
134 782
227 805
19 923
645 945
225 429
442 656
399 691
154 854
141 980
98 452
16 745
214 813
523 850
288 999
467 555
644 803
725 890
351 410
197 891
7 14
148 530
65 813
596 919
106 197
441 547
238 721
335 924
889 934
327 985
112 314
622 713
674 784
322 795
360 444
5 752
886 983
108 200
727 821
72 846
313 595
596 649
793 962
574 971
43 106
61 387
220 708
142 749
355 803
12 254
243 374
44 508
64 524
154 542
281 554
54 563
432 593
426 609
26 626
317 640
533 668
629 740
691 754
304 765
520 794
409 894
700 907
72 946
830 951
384 475
566 622
412 650
244 764
54 66
146 192
19 507
473 643
566 825
170 926
666 929
708 997
489 720
92 954
630 998
370 519
744 802
38 903
79 333
382 620
480 892
19 145
160 365
191 463
266 499
851 996
87 191
30 400
98 410
219 470
800 910
677 912
64 924
753 994
98 369
478 951
42 284
55 572
605 713
767 779
383 800
354 869
404 884
241 890
297 864
327 939
58 74
16 107
198 229
740 761
96 786
559 872
245 901
805 972
562 693
141 918
155 348
76 328
88 370
194 407
475 520
147 521
142 527
227 644
90 646
649 793
969 976
7 330
396 472
628 722
51 851
523 882
145 937
241 384
304 396
450 498
350 504
416 574
266 602
653 705
318 714
648 803
386 817
281 870
824 961
684 995
70 111
247 728
418 824
220 462
179 527
707 716
77 749
798 959
125 443
796 813
387 822
799 822
307 835
93 104
617 619
505 716
710 932
102 958
205 280
201 577
490 594
249 955
517 958
501 611
28 198
264 351
354 441
264 710
295 782
811 987
223 429
82 610
418 795
251 910
230 968
10 290
309 460
548 593
358 790
513 962
8 155
181 251
161 505
304 539
42 591
475 714
2 847
703 998
37 283
378 513
298 584
62 631
415 874
21 956
313 478
160 631
276 765
60 843
424 891
150 937
206 985
59 512
557 709
137 909
657 863
329 868
192 234
200 623
322 675
505 726
486 731
111 796
351 932
335 947
479 949
847 960
152 280
143 378
157 474
272 573
526 578
448 612
199 657
548 766
135 785
317 873
92 390
158 415
130 933
221 988
129 524
147 775
213 904
277 624
389 740
230 762
721 770
247 269
208 541
454 628
69 851
64 895
957 990
142 294
489 689
574 712
155 829
42 898
344 444
350 517
346 576
340 894
42 72
702 770
80 811
192 826
258 837
887 924
131 985
227 501
595 703
119 929
116 576
212 621
212 649
651 677
619 684
580 735
577 806
577 837
266 853
796 881
248 978
140 237
373 626
50 825
588 870
2 207
186 533
581 626
199 632
108 664
610 898
138 367
703 751
450 917
231 918
63 217
257 396
38 489
456 498
223 554
215 622
653 664
821 891
21 895
418 909
551 953
870 970
245 637
195 239
345 486
589 596
359 728
457 921
426 972
68 196
403 468
107 531
296 622
335 816
538 923
26 455
566 670
535 698
237 757
299 900
57 999
78 443
176 666
623 828
42 116
10 246
274 362
186 578
429 588
245 820
53 140
231 400
224 460
320 510
429 735
535 735
798 845
403 866
671 892
185 954
440 954
156 687
516 619
639 976
67 243
58 636
242 548
590 595
462 600
398 726
759 927
130 236
331 335
902 967
241 475
49 694
423 718
99 789
744 956
56 247
93 361
110 423
398 573
611 772
255 884
647 969
37 301
345 473
137 745
795 961
60 304
11 468
31 632
291 889
608 982
44 996
366 400
399 479
263 510
388 644
359 764
154 781
493 823
441 991
368 546
187 637
25 662
324 817
535 870
825 965
277 603
105 693
847 897
209 977
93 265
179 294
277 297
224 364
237 505
434 754
87 756
580 870
52 634
238 700
37 933
273 359
173 427
115 497
521 647
299 878
285 915
483 969
617 995
447 732
102 350
588 735
438 775
31 54
80 112
16 127
148 266
103 577
281 735
637 881
477 900
563 971
88 210
100 368
105 524
461 534
516 787
99 838
304 843
582 952
809 978
47 116
302 564
145 725
475 725
213 746
71 850
417 979
199 408
307 740
343 871
131 153
281 710
257 769
143 875
119 375
355 529
194 578
172 610
407 663
483 665
515 706
539 768
360 777
164 809
502 822
923 937
824 951
250 375
43 504
129 562
208 782
276 812
678 892
235 911
227 869
436 912
354 944
9 20
19 171
340 409
187 796
84 997
59 832
44 184
64 207
107 630
405 634
627 713
414 856
211 894
317 674
18 707
561 941
167 399
550 565
552 655
306 862
314 955
365 484
476 632
705 863
249 448
166 790
35 828
711 908
155 293
548 553
92 902
119 219
585 726
152 198
327 375
353 437
203 469
302 488
186 668
496 668
165 707
367 752
48 763
664 786
97 878
871 882
331 973
57 982
381 933
287 632
83 702
201 258
96 385
526 533
109 609
261 642
513 804
304 831
67 461
34 836
376 933
106 239
74 536
360 640
573 655
414 814
249 834
280 857
149 909
755 991
421 549
309 577
332 633
574 642
641 910
360 924
277 402
136 492
163 706
16 743
250 929
206 259
5 306
9 315
38 215
36 266
71 343
413 478
118 584
308 636
124 690
214 690
283 727
688 733
151 770
525 775
720 903
609 944
65 275
523 824
355 869
371 930
156 367
330 596
625 667
8 699
636 722
297 736
265 764
794 981
171 315
493 548
672 775
223 833
323 850
508 974
697 996
5 138
263 341
9 818
417 842
316 896
196 953
206 459
625 957
521 967
309 352
434 475
485 570
279 684
181 373
337 427
133 442
160 484
253 760
592 799
842 875
48 931
334 420
431 484
382 829
132 956
433 558
237 679
556 791
723 927
189 556
303 557
677 847
80 99
49 100
72 221
86 225
175 279
173 490
43 497
37 550
227 609
354 611
268 758
12 778
626 807
115 822
690 986
369 452
345 460
11 518
289 650
241 660
393 760
415 778
219 783
744 873
182 880
934 988
117 249
457 558
472 742
334 535
83 226
61 253
319 633
395 872
310 903
96 363
341 512
376 727
309 364
350 822
924 973
313 889
520 890
595 934
481 976
113 481
419 623
247 764
226 796
138 873
174 913
236 330
207 414
373 807
441 885
244 948
115 197
289 290
330 381
524 677
562 752
240 857
821 875
271 903
410 423
563 574
92 879
172 898
4 252
13 318
212 543
18 618
311 686
331 777
355 805
280 839
673 994
34 417
342 474
44 578
792 842
132 894
833 927
378 573
798 887
7 130
38 238
55 150
130 330
0 458
355 644
349 897
205 322
219 444
572 726
815 944
459 959
670 980
464 670
572 679
32 773
166 532
733 788
223 423
524 528
379 611
793 801
12 872
209 897
8 58
141 673
379 885
375 959
479 567
766 801
656 819
150 841
496 853
37 945
469 937
134 567
153 250
227 362
15 752
242 791
29 542
172 542
46 559
40 569
101 641
411 664
92 711
422 713
582 775
896 904
712 987
121 158
93 273
46 569
654 957
258 486
314 654
105 674
189 766
142 156
135 181
359 494
114 695
253 819
861 886
169 924
355 362
319 697
206 783
702 787
778 872
438 952
248 307
109 339
164 711
695 716
820 968
543 774
488 806
528 887
228 380
296 670
646 803
166 358
91 371
128 645
402 758
721 995
312 386
195 526
417 585
175 617
865 908
237 984
14 212
164 307
68 316
337 412
203 572
462 623
536 636
352 643
542 656
10 700
451 732
193 912
789 936
98 554
318 567
65 588
691 746
322 807
296 825
434 890
621 945
105 169
181 456
183 488
181 626
895 912
292 956
726 979
46 964
368 640
355 646
167 719
486 720
233 738
96 200
93 216
225 452
570 595
90 709
132 744
194 750
587 760
354 805
783 959
189 593
820 881
812 993
139 682
2 693
307 723
216 884
585 716
258 817
365 966
79 212
40 282
23 447
650 698
47 740
154 760
211 778
292 895
100 120
29 262
28 730
371 847
714 890
660 923
35 447
327 459
447 600
434 660
452 554
624 900
14 945
188 195
258 324
108 385
183 564
232 588
627 673
380 737
41 805
187 820
781 839
156 862
167 890
525 952
317 956
399 992
174 994
421 581
307 686
496 928
610 988
77 142
462 708
667 738
57 959
136 167
695 707
679 757
324 905
216 231
270 448
221 610
417 841
789 955
168 978
860 996
281 506
615 679
313 954
306 340
141 605
109 782
446 872
672 952
611 972
806 989
92 525
683 722
460 837
206 849
731 980
235 308
49 344
161 662
671 779
592 826
336 870
747 893
765 950
2 292
303 341
321 500
90 644
408 657
707 726
329 850
70 275
125 482
399 492
66 563
155 620
47 686
643 721
13 746
150 836
490 853
40 872
456 917
355 944
32 404
343 418
342 483
256 909
174 190
54 372
394 521
165 573
75 634
700 787
191 961
942 992
153 999
500 815
346 663
595 745
291 760
850 871
771 892
42 940
23 363
128 424
110 481
111 696
98 718
81 791
364 837
384 890
423 932
233 955
49 97
160 296
225 554
501 609
92 185
227 441
408 540
292 640
141 753
551 857
621 933
171 937
334 974
377 995
328 425
423 481
605 817
278 982
36 310
300 354
127 630
419 664
605 689
480 779
371 814
105 845
100 459
55 145
201 364
131 459
600 607
403 664
538 818
9 841
169 207
44 427
319 860
178 182
135 614
865 886
338 951
128 301
305 519
435 673
208 492
552 573
419 657
334 658
366 738
737 906
590 988
262 291
20 538
585 618
5 156
121 414
497 502
546 693
15 704
606 940
896 949
50 965
185 983
29 221
142 704
6 803
153 959
153 985
108 403
343 669
546 784
820 901
40 396
329 495
223 759
140 973
243 303
153 459
517 542
221 576
752 873
414 895
538 937
460 465
260 578
46 60
182 369
11 419
35 451
484 566
67 661
678 767
708 828
768 831
739 857
16 868
452 880
67 893
541 904
460 577
91 912
572 937
145 203
89 291
220 732
468 786
361 913
822 958
694 959
80 503
426 815
364 925
847 930
716 979
169 360
330 513
358 544
98 168
372 408
502 504
452 506
197 597
337 698
137 961
250 985
215 670
377 684
311 740
528 845
87 676
347 763
456 785
2 814
831 964
622 980
410 429
372 574
22 662
215 731
611 755
507 794
167 864
632 899
201 460
542 854
65 111
62 267
386 460
222 474
388 501
463 523
188 633
536 722
15 598
274 644
1 247
243 646
850 909
928 931
838 936
584 836
19 890
670 965
706 989
340 960
140 335
306 367
618 655
630 743
104 884
292 912
223 307
374 388
72 440
55 584
287 664
625 706
90 734
750 851
259 873
666 959
4 993
441 500
634 846
734 991
94 258
122 345
362 388
233 448
310 499
514 525
279 617
452 682
275 696
208 748
809 861
313 988
98 248
193 306
135 450
199 476
400 706
373 785
598 862
90 227
207 371
444 652
74 938
6 456
23 555
409 847
692 892
244 774
190 265
95 642
174 659
379 803
572 841
604 860
823 935
353 997
260 606
265 728
724 863
431 859
363 828
136 992
43 197
18 398
198 587
356 838
411 866
149 961
923 992
308 628
742 769
108 863
222 952
119 959
202 231
205 421
55 538
189 741
736 794
856 912
441 972
149 413
284 606
430 717
262 542
67 557
664 899
104 913
845 924
27 69
34 192
287 408
141 670
167 714
315 714
437 728
40 797
651 814
125 842
856 894
151 279
63 733
186 260
235 277
236 381
338 440
430 532
81 548
365 622
358 780
70 813
346 946
566 966
303 461
465 473
51 491
366 515
330 565
364 729
643 817
28 953
3 165
78 558
419 600
403 681
344 887
125 921
492 942
516 943
848 981
52 172
85 353
616 810
633 827
385 828
529 885
91 977
0 96
264 423
396 742
776 843
529 609
336 735
493 801
391 906
416 987
74 445
108 623
475 877
624 911
126 474
636 683
458 768
316 883
406 561
143 804
276 906
344 757
560 762
491 996
69 284
34 482
73 874
25 180
562 873
216 400
418 868
86 970
420 735
13 904
651 977
120 327
212 330
160 566
352 689
302 729
69 750
254 446
422 464
262 610
231 673
91 778
280 781
234 821
342 969
51 284
143 579
73 778
513 823
423 835
224 352
30 738
94 473
324 352
23 600
434 746
119 206
462 494
450 641
317 651
169 693
846 934
16 343
272 552
4 555
689 903
141 994
329 343
260 407
290 412
55 469
480 641
380 791
664 866
866 888
361 936
713 965
146 469
165 579
638 763
668 963
289 337
354 379
227 547
291 610
262 634
137 669
440 846
312 905
158 436
112 540
451 607
414 651
641 671
616 675
37 680
380 780
681 786
288 900
207 349
144 577
703 745
118 792
252 467
256 634
598 802
852 993
544 583
398 618
295 699
434 719
756 785
711 879
361 884
219 344
185 595
388 611
209 677
485 830
867 945
651 956
283 645
202 366
507 603
604 697
771 917
170 935
103 564
109 611
213 754
529 803
455 807
468 840
100 845
137 850
420 870
171 890
809 908
203 923
302 925
782 972
52 72
198 393
325 479
513 596
616 626
290 698
90 755
298 792
55 923
618 979
249 392
282 472
449 728
115 558
250 939
69 491
200 600
609 772
32 104
361 366
367 704
144 324
388 575
44 750
441 755
449 764
539 776
237 331
514 521
133 587
555 607
88 858
75 889
349 930
407 940
505 947
855 969
86 535
461 678
175 702
363 732
354 883
255 966
414 977
310 489
336 506
355 547
125 558
615 618
382 636
660 714
75 909
740 978
167 382
32 361
205 373
345 435
415 559
426 611
325 788
681 863
277 900
449 948
425 963
510 512
343 951
358 532
203 584
695 726
149 291
182 305
