1000 5184 59.464274989274024 sparse
0 773 738
1 211 663
2 639 905
3 907 812
4 699 677
5 876 552
6 994 120
7 554 343
8 22 871
9 61 662
10 11 748
11 523 197
12 44 288
13 346 497
14 754 7
15 656 819
16 62 326
17 910 772
18 548 960
19 232 498
20 180 469
21 812 736
22 936 347
23 743 425
24 833 787
25 942 246
26 280 627
27 313 367
28 163 794
29 328 432
30 988 232
31 877 204
32 279 494
33 800 229
34 24 897
35 312 393
36 978 727
37 462 783
38 385 506
39 402 591
40 546 389
41 878 771
42 529 968
43 98 354
44 352 574
45 431 949
46 772 577
47 39 506
48 479 763
49 957 694
50 530 506
51 974 744
52 802 966
53 377 270
54 73 717
55 528 691
56 310 663
57 740 348
58 700 629
59 608 148
60 400 948
61 850 364
62 114 505
63 778 499
64 285 560
65 161 571
66 666 246
67 137 470
68 963 870
69 480 472
70 199 391
71 571 591
72 51 517
73 848 256
74 505 308
75 805 222
76 910 287
77 136 144
78 598 374
79 775 70
80 41 715
81 88 611
82 123 384
83 216 572
84 319 581
85 52 163
86 510 409
87 435 866
88 207 193
89 372 162
90 50 362
91 966 864
92 808 617
93 201 745
94 918 190
95 474 42
96 193 784
97 938 132
98 749 803
99 285 22
100 985 930
101 340 827
102 149 866
103 332 586
104 141 76
105 295 971
106 872 435
107 262 678
108 247 993
109 200 675
110 630 670
111 502 994
112 993 374
113 286 228
114 839 841
115 346 921
116 387 250
117 260 301
118 923 225
119 819 7
120 518 433
121 33 165
122 974 934
123 675 399
124 781 804
125 472 370
126 657 765
127 810 270
128 320 151
129 935 333
130 688 483
131 911 302
132 65 981
133 698 98
134 638 742
135 769 518
136 822 497
137 597 349
138 161 304
139 36 240
140 593 662
141 850 76
142 434 638
143 773 583
144 525 27
145 244 405
146 827 979
147 333 316
148 566 299
149 91 243
150 900 526
151 904 527
152 410 8
153 387 979
154 50 190
155 690 923
156 797 919
157 553 996
158 523 86
159 175 409
160 82 749
161 499 222
162 480 386
163 109 519
164 66 229
165 932 244
166 219 617
167 593 738
168 233 402
169 994 329
170 782 302
171 378 916
172 981 255
173 603 154
174 398 900
175 756 650
176 187 238
177 81 751
178 752 179
179 262 798
180 301 702
181 947 2
182 357 602
183 723 378
184 263 2
185 771 222
186 608 170
187 135 210
188 146 639
189 125 153
190 22 730
191 28 624
192 685 33
193 767 36
194 475 814
195 504 282
196 591 849
197 693 995
198 999 738
199 288 577
200 328 642
201 5 558
202 348 288
203 376 755
204 202 343
205 919 87
206 207 719
207 458 275
208 928 834
209 174 36
210 729 239
211 625 830
212 457 317
213 562 564
214 363 252
215 245 660
216 277 992
217 252 693
218 447 304
219 510 200
220 673 208
221 224 357
222 283 860
223 32 156
224 362 32
225 45 861
226 82 456
227 363 9
228 133 866
229 176 823
230 986 963
231 908 989
232 676 176
233 704 513
234 408 108
235 432 578
236 543 264
237 49 85
238 918 778
239 641 503
240 619 755
241 594 921
242 553 823
243 221 463
244 331 654
245 741 758
246 817 367
247 892 395
248 561 438
249 299 105
250 689 5
251 567 624
252 143 197
253 50 394
254 365 543
255 351 930
256 961 992
257 474 902
258 89 693
259 468 289
260 860 656
261 838 564
262 133 391
263 590 682
264 569 21
265 759 160
266 271 797
267 580 959
268 638 214
269 693 550
270 334 425
271 127 217
272 348 689
273 875 732
274 865 407
275 248 24
276 604 317
277 592 348
278 485 17
279 270 749
280 914 589
281 837 277
282 502 718
283 616 966
284 556 208
285 370 533
286 791 319
287 848 422
288 37 493
289 776 459
290 868 414
291 20 488
292 719 564
293 928 557
294 182 53
295 799 543
296 493 278
297 737 693
298 882 874
299 730 909
300 927 185
301 711 188
302 93 24
303 295 214
304 164 402
305 157 31
306 342 453
307 158 233
308 270 215
309 535 894
310 374 390
311 985 420
312 24 600
313 131 40
314 979 688
315 788 9
316 666 124
317 300 208
318 302 531
319 571 817
320 851 733
321 636 657
322 996 830
323 294 604
324 597 339
325 895 498
326 600 293
327 876 218
328 838 705
329 223 240
330 896 568
331 616 208
332 558 62
333 651 368
334 183 694
335 991 363
336 93 289
337 738 347
338 320 526
339 668 23
340 934 202
341 105 257
342 122 945
343 721 880
344 56 594
345 79 280
346 485 18
347 41 866
348 839 545
349 645 10
350 660 690
351 261 631
352 983 251
353 787 436
354 325 375
355 336 926
356 136 195
357 200 428
358 597 32
359 648 657
360 697 549
361 71 944
362 938 180
363 728 708
364 522 965
365 902 544
366 695 670
367 853 11
368 975 189
369 652 922
370 305 788
371 136 522
372 752 623
373 257 894
374 279 719
375 125 115
376 244 74
377 290 471
378 604 634
379 774 214
380 248 558
381 190 654
382 565 1
383 235 899
384 978 987
385 332 43
386 483 833
387 861 822
388 878 774
389 833 768
390 680 341
391 24 833
392 27 721
393 468 427
394 524 631
395 650 677
396 667 5
397 112 102
398 697 84
399 959 186
400 191 988
401 904 942
402 82 391
403 713 175
404 719 704
405 759 212
406 277 706
407 705 920
408 789 548
409 367 692
410 619 958
411 12 403
412 209 921
413 54 939
414 382 167
415 660 286
416 739 134
417 457 293
418 49 103
419 88 198
420 8 151
421 263 13
422 629 173
423 623 591
424 400 839
425 654 619
426 229 41
427 150 679
428 226 218
429 89 291
430 942 841
431 478 840
432 472 891
433 419 625
434 958 126
435 93 510
436 757 402
437 196 715
438 816 665
439 902 506
440 639 297
441 415 865
442 638 90
443 25 580
444 644 394
445 455 320
446 26 726
447 68 986
448 783 325
449 513 481
450 927 114
451 542 596
452 276 254
453 569 512
454 684 730
455 876 703
456 211 421
457 330 227
458 772 328
459 911 574
460 203 356
461 588 955
462 828 753
463 599 59
464 58 804
465 824 37
466 57 316
467 905 646
468 605 554
469 787 221
470 677 819
471 44 879
472 809 183
473 388 608
474 831 987
475 683 439
476 654 621
477 475 867
478 487 721
479 854 192
480 650 602
481 798 327
482 127 104
483 442 331
484 268 198
485 899 411
486 196 917
487 725 692
488 3 56
489 265 518
490 143 603
491 340 28
492 37 288
493 379 150
494 741 756
495 236 687
496 570 980
497 446 107
498 123 857
499 799 985
500 192 200
501 128 568
502 83 588
503 771 944
504 185 503
505 6 473
506 406 663
507 928 46
508 627 13
509 351 102
510 74 949
511 541 986
512 234 896
513 869 973
514 68 439
515 705 548
516 689 654
517 772 965
518 144 175
519 627 688
520 811 144
521 222 133
522 653 823
523 377 805
524 128 529
525 764 656
526 501 994
527 857 581
528 648 539
529 716 58
530 858 81
531 643 876
532 227 104
533 90 661
534 899 901
535 475 929
536 139 793
537 750 926
538 505 376
539 129 892
540 823 153
541 764 736
542 398 606
543 208 421
544 484 786
545 652 306
546 144 741
547 842 224
548 854 215
549 587 747
550 181 257
551 674 855
552 414 24
553 585 733
554 688 90
555 524 46
556 911 806
557 36 48
558 881 442
559 507 242
560 589 771
561 481 280
562 273 118
563 262 849
564 429 230
565 454 466
566 468 55
567 12 31
568 866 520
569 23 648
570 631 409
571 307 181
572 438 330
573 64 375
574 887 733
575 308 259
576 668 444
577 731 770
578 295 180
579 326 794
580 144 714
581 336 449
582 788 334
583 505 180
584 833 677
585 304 880
586 941 408
587 119 896
588 250 140
589 668 340
590 265 148
591 984 132
592 223 6
593 299 859
594 316 658
595 835 402
596 113 546
597 699 52
598 802 824
599 886 58
600 381 158
601 808 178
602 838 389
603 688 393
604 3 392
605 393 586
606 830 977
607 421 333
608 435 67
609 854 794
610 302 345
611 203 961
612 354 254
613 868 647
614 212 411
615 337 491
616 23 8
617 312 249
618 76 753
619 567 803
620 244 568
621 424 735
622 856 688
623 55 555
624 186 54
625 413 492
626 973 310
627 526 583
628 395 263
629 41 186
630 41 400
631 829 160
632 448 647
633 456 839
634 3 407
635 707 571
636 551 622
637 994 181
638 108 875
639 433 832
640 732 744
641 448 320
642 293 152
643 189 476
644 471 706
645 422 177
646 757 13
647 277 157
648 595 902
649 323 849
650 337 969
651 79 229
652 198 692
653 381 867
654 646 535
655 219 367
656 896 325
657 365 553
658 637 975
659 628 846
660 471 673
661 992 402
662 655 683
663 144 534
664 609 690
665 97 322
666 514 268
667 938 660
668 744 275
669 59 356
670 678 411
671 888 712
672 460 841
673 96 944
674 412 268
675 703 889
676 944 247
677 724 327
678 841 407
679 89 649
680 891 808
681 176 261
682 63 702
683 821 538
684 205 217
685 729 61
686 124 555
687 894 959
688 188 126
689 115 761
690 861 80
691 679 515
692 667 418
693 948 801
694 339 433
695 211 478
696 715 24
697 326 718
698 766 533
699 463 179
700 186 242
701 659 138
702 694 672
703 721 431
704 729 888
705 126 824
706 71 185
707 215 605
708 164 406
709 804 316
710 951 700
711 20 548
712 672 158
713 804 459
714 914 584
715 301 575
716 345 159
717 573 898
718 313 285
719 792 990
720 840 897
721 287 801
722 961 956
723 309 660
724 952 309
725 306 196
726 706 115
727 323 165
728 653 811
729 23 312
730 291 672
731 268 843
732 820 168
733 983 787
734 490 684
735 881 489
736 222 898
737 984 93
738 710 784
739 624 53
740 422 998
741 959 693
742 870 700
743 128 702
744 583 804
745 793 539
746 636 703
747 455 722
748 149 387
749 476 693
750 319 813
751 866 80
752 448 436
753 942 973
754 795 379
755 857 824
756 962 756
757 23 547
758 105 101
759 679 883
760 760 855
761 245 112
762 775 764
763 618 198
764 139 851
765 885 353
766 566 609
767 235 867
768 489 638
769 395 961
770 276 252
771 370 810
772 758 972
773 382 433
774 580 224
775 587 26
776 30 153
777 480 267
778 473 227
779 549 454
780 822 168
781 876 852
782 880 341
783 150 655
784 626 849
785 328 878
786 9 110
787 930 775
788 671 398
789 203 575
790 974 474
791 693 901
792 760 122
793 861 453
794 747 903
795 578 366
796 123 626
797 351 793
798 633 956
799 655 817
800 228 257
801 186 328
802 681 85
803 600 434
804 785 771
805 188 787
806 620 267
807 982 976
808 711 212
809 75 867
810 224 742
811 16 355
812 38 517
813 378 489
814 271 940
815 424 90
816 822 93
817 475 103
818 93 705
819 96 774
820 960 273
821 743 51
822 383 290
823 544 921
824 936 986
825 369 430
826 395 173
827 333 847
828 730 517
829 386 662
830 243 293
831 360 573
832 661 813
833 964 48
834 243 56
835 692 735
836 206 139
837 187 707
838 192 655
839 674 545
840 230 263
841 293 279
842 70 89
843 894 415
844 361 689
845 674 609
846 10 520
847 656 277
848 653 689
849 157 286
850 457 44
851 917 811
852 26 653
853 846 176
854 446 772
855 774 844
856 155 579
857 931 841
858 258 323
859 219 477
860 772 737
861 888 93
862 957 446
863 602 270
864 486 85
865 599 711
866 171 882
867 110 976
868 17 624
869 445 616
870 236 79
871 904 499
872 342 646
873 958 662
874 653 662
875 60 629
876 713 68
877 92 852
878 939 871
879 805 997
880 178 37
881 200 773
882 26 13
883 704 93
884 801 661
885 992 313
886 592 672
887 41 662
888 392 872
889 882 1
890 878 876
891 268 795
892 80 146
893 366 299
894 2 145
895 123 897
896 757 42
897 707 351
898 855 275
899 489 580
900 486 961
901 716 344
902 509 598
903 877 305
904 319 268
905 855 220
906 476 671
907 786 445
908 371 228
909 198 26
910 369 426
911 21 982
912 637 250
913 937 544
914 474 894
915 656 906
916 75 656
917 53 485
918 803 465
919 541 716
920 184 575
921 55 345
922 325 285
923 918 217
924 266 133
925 929 240
926 665 242
927 463 228
928 262 991
929 169 1000
930 287 64
931 909 791
932 537 936
933 317 752
934 514 914
935 591 399
936 531 887
937 123 163
938 50 255
939 737 65
940 882 949
941 597 902
942 464 143
943 148 200
944 786 357
945 912 455
946 905 622
947 656 265
948 262 721
949 840 186
950 107 249
951 547 359
952 546 263
953 567 602
954 148 37
955 971 545
956 140 175
957 635 175
958 994 502
959 867 584
960 958 763
961 575 582
962 522 90
963 470 37
964 577 161
965 740 40
966 75 940
967 981 171
968 979 912
969 457 123
970 323 816
971 552 668
972 47 462
973 4 780
974 636 669
975 114 255
976 772 125
977 763 983
978 533 520
979 125 84
980 641 265
981 233 418
982 121 655
983 506 421
984 466 699
985 663 105
986 813 418
987 144 766
988 389 252
989 287 583
990 621 714
991 695 350
992 370 477
993 655 340
994 756 883
995 623 753
996 767 544
997 64 32
998 454 905
999 597 608
278 346
111 526
0 860
425 476
245 494
452 770
732 780
648 941
160 177
57 337
25 676
366 702
49 741
15 799
381 838
116 988
41 388
456 543
383 512
530 690
56 723
711 757
236 952
212 445
146 606
223 776
659 784
266 891
432 914
304 708
825 910
518 956
150 151
269 360
483 572
294 624
176 700
123 788
209 880
587 895
66 926
158 962
172 352
336 429
528 654
633 672
387 755
298 890
240 995
15 522
280 714
690 751
165 925
750 970
137 277
392 446
472 601
548 905
177 618
660 906
190 446
361 966
132 447
361 510
96 805
569 852
616 882
252 943
46 143
713 918
110 974
199 989
522 799
728 799
800 840
662 848
422 957
225 347
550 681
485 843
95 963
68 91
14 646
455 742
409 844
179 891
12 492
445 641
4 702
397 758
350 848
359 874
766 953
3 556
306 581
160 618
295 745
799 832
252 356
594 723
439 871
274 290
42 364
208 857
59 173
303 317
56 594
395 662
595 678
15 832
556 851
133 883
539 895
257 914
4 366
360 515
530 751
44 831
695 859
541 860
309 936
756 960
493 600
728 832
341 950
49 710
563 731
420 894
185 379
283 410
15 728
33 75
386 431
350 662
499 719
523 771
554 802
644 984
267 461
146 474
685 939
121 223
179 266
414 600
325 871
353 907
510 966
29 270
0 541
214 612
540 631
341 975
950 975
141 530
167 553
270 694
454 835
376 870
118 923
212 641
363 404
89 600
154 629
411 634
408 745
415 847
71 961
17 238
137 324
286 448
175 525
254 657
65 856
474 606
456 614
3 851
140 886
778 927
25 165
473 542
331 763
649 827
263 886
189 937
115 255
94 300
277 324
190 392
448 582
39 605
459 714
529 876
527 959
187 271
325 439
286 481
371 524
357 543
710 741
631 780
539 587
543 614
575 617
380 620
167 549
398 554
13 615
253 630
90 669
305 954
184 421
430 857
191 868
29 694
47 812
698 996
254 285
112 335
115 355
295 408
89 414
257 432
16 466
375 482
221 655
343 704
145 168
448 458
106 558
20 643
159 708
398 883
897 901
821 965
358 775
193 896
853 949
749 984
100 122
195 296
259 417
206 437
141 690
384 807
669 921
71 953
321 359
522 728
718 922
847 947
321 974
297 487
273 574
571 578
390 589
260 613
533 679
631 732
437 837
897 991
300 362
653 888
772 977
269 515
296 561
512 736
82 262
481 582
762 804
200 244
123 670
165 676
121 776
238 787
395 848
792 976
483 641
481 709
628 988
166 707
258 818
86 983
133 554
522 832
164 651
765 782
72 812
272 844
356 943
589 993
159 304
357 456
204 460
670 692
383 736
561 777
96 881
47 288
301 403
374 406
199 715
11 219
347 471
595 602
529 685
286 709
83 789
773 825
404 487
317 725
499 879
228 498
412 486
501 686
230 807
334 837
244 872
547 905
89 493
292 635
84 103
644 749
60 769
22 129
31 327
133 398
549 553
572 641
410 798
243 859
77 189
411 604
596 686
575 904
110 321
95 566
123 603
128 727
753 824
414 826
25 925
50 978
27 354
371 663
813 992
319 619
200 872
379 469
670 788
719 879
773 910
850 963
62 163
218 417
345 429
520 540
547 548
604 634
494 640
590 647
455 671
947 980
76 131
187 356
571 725
251 766
540 780
590 924
216 928
379 405
448 481
397 482
334 652
108 928
556 931
80 392
9 916
821 939
479 949
187 252
33 469
116 628
155 407
280 459
282 478
286 582
135 698
540 732
395 874
255 355
39 542
244 594
438 884
912 980
566 850
185 405
157 511
245 577
6 591
601 732
675 791
687 940
208 430
316 701
517 772
679 916
389 462
440 545
259 561
475 576
550 700
293 913
533 916
238 931
102 228
168 981
185 469
222 593
218 641
619 744
398 802
251 636
169 885
395 974
715 989
330 459
228 764
118 925
47 72
1 109
368 399
363 487
211 659
581 694
554 883
212 218
350 395
187 943
637 967
152 552
3 680
266 721
262 748
141 751
188 783
294 880
369 915
88 500
287 678
562 924
676 925
823 932
113 303
336 345
142 632
245 640
325 735
734 749
821 896
173 186
642 647
524 663
51 756
359 974
120 983
385 491
588 590
445 483
296 777
2 915
145 981
217 495
366 516
458 582
498 764
470 832
521 836
149 950
151 365
308 484
109 652
95 850
374 948
896 965
207 259
494 577
195 666
601 780
685 821
289 907
64 199
414 493
572 607
313 954
36 51
425 480
247 485
685 876
588 924
7 951
297 363
519 746
852 887
390 991
319 744
288 291
209 305
256 384
361 413
628 674
603 788
329 800
321 874
90 921
760 855
125 162
218 445
479 853
288 917
104 979
237 418
107 217
339 396
207 417
75 469
225 471
529 597
431 672
54 682
243 695
201 711
102 764
299 794
376 834
718 904
904 922
150 365
519 664
281 898
566 963
349 508
110 519
602 678
806 863
163 435
300 340
375 397
38 813
874 974
149 651
232 712
622 742
138 849
805 881
275 421
80 446
472 732
652 837
746 990
134 995
318 338
516 702
71 766
264 775
209 294
29 581
133 726
117 830
624 880
677 901
242 319
84 715
368 967
100 968
24 389
789 920
261 348
144 555
241 648
211 784
17 931
85 121
90 573
734 906
847 980
170 286
272 409
52 499
626 885
822 893
241 941
316 985
53 628
311 661
348 683
26 351
476 480
460 655
578 725
658 798
37 854
497 969
8 347
30 352
573 669
269 839
532 761
153 769
192 339
445 572
401 687
283 798
149 341
142 433
444 570
636 766
472 780
176 550
721 891
94 340
200 594
580 743
248 779
9 887
87 441
312 443
506 829
359 395
150 439
556 680
247 843
667 873
482 979
343 675
517 977
140 263
306 694
17 787
257 998
178 265
579 750
73 898
617 904
16 921
101 970
264 382
692 788
356 956
212 483
291 505
600 826
426 834
139 938
603 670
18 42
113 308
194 386
219 583
542 605
451 627
368 637
285 657
263 664
123 692
314 741
660 749
657 831
1 838
438 584
357 614
937 956
97 434
53 822
718 841
15 470
63 135
118 165
286 458
221 460
503 517
574 671
428 684
299 704
626 724
56 730
413 966
519 974
10 190
297 404
151 439
97 450
483 607
303 725
201 757
106 793
817 864
662 874
202 893
327 905
3 931
806 980
85 223
110 395
101 827
942 969
186 422
304 748
406 948
292 515
597 876
106 290
237 842
415 947
673 966
2 369
500 684
419 706
133 802
163 524
681 700
66 947
287 290
356 518
415 545
161 559
78 795
109 838
851 931
953 961
62 435
585 593
154 706
42 511
209 624
723 730
671 742
53 988
362 399
370 579
305 880
901 991
478 644
64 715
393 752
204 801
340 923
794 994
660 734
59 186
250 396
749 906
251 953
39 473
226 514
252 518
431 633
746 848
643 695
420 776
470 799
117 858
726 883
24 609
529 939
614 981
323 989
35 354
110 359
329 428
37 544
327 548
370 721
482 758
155 791
688 836
337 901
252 956
213 961
579 970
397 979
456 981
865 990
53 116
94 362
340 362
224 491
413 510
648 717
425 845
408 996
121 629
407 791
373 383
349 396
473 605
510 673
295 683
122 968
571 727
644 747
656 782
398 876
274 287
524 596
222 731
809 877
627 902
53 214
49 314
268 331
23 703
244 723
716 727
298 781
759 791
277 795
567 882
569 887
713 907
432 998
558 793
880 909
914 998
56 244
1 381
168 614
283 658
448 709
479 548
224 227
134 240
170 448
212 572
689 819
77 937
276 324
373 512
195 561
515 635
437 652
326 863
401 940
582 944
64 989
537 794
93 810
202 922
109 381
267 496
296 666
664 865
44 103
54 818
206 837
476 845
21 462
157 496
360 839
631 853
65 920
8 471
207 777
498 638
704 794
81 502
48 544
207 561
253 573
192 597
662 974
36 198
73 281
415 440
222 563
587 638
685 965
271 356
99 421
754 944
917 972
287 595
70 614
273 671
701 712
212 417
274 678
427 783
301 808
467 946
273 320
28 536
288 812
68 878
30 172
293 459
633 639
329 840
834 870
441 888
806 912
116 214
549 560
402 573
270 581
520 631
88 684
582 709
330 714
585 785
234 815
781 890
360 635
85 776
432 477
416 792
518 937
876 939
80 190
708 748
912 947
346 963
191 312
276 326
180 406
470 522
57 901
717 941
386 672
110 874
802 883
113 317
321 395
242 619
337 677
375 758
223 420
191 569
161 219
27 610
142 869
334 437
44 657
19 859
926 947
330 365
675 759
569 868
107 215
11 583
328 622
410 658
114 755
664 886
680 931
51 960
455 622
361 673
575 841
480 845
312 868
278 963
546 987
78 137
303 308
579 797
390 993
246 754
259 777
400 929
8 225
4 516
193 646
233 691
735 871
179 721
939 965
543 981
29 306
269 635
577 738
101 750
418 842
47 917
86 120
230 384
470 728
780 853
214 908
518 943
780 949
109 334
118 340
289 353
32 377
275 426
395 519
261 527
31 548
567 616
584 622
85 629
176 681
722 753
137 795
771 797
608 815
89 826
208 851
923 925
747 984
80 682
122 722
751 861
171 174
252 271
5 330
268 763
636 953
520 732
51 198
463 739
256 824
451 953
218 259
31 479
149 975
230 722
28 805
78 935
593 649
52 719
113 770
209 909
214 988
27 35
74 195
458 481
577 640
342 673
576 692
675 704
290 843
519 848
209 954
8 34
204 221
170 709
0 762
553 865
135 996
47 291
194 431
200 723
82 748
680 851
37 48
299 537
128 716
440 847
907 918
943 956
848 974
758 979
228 539
524 686
233 828
95 346
57 677
475 692
520 780
256 807
647 924
787 931
18 932
339 349
412 736
188 796
18 364
575 718
161 778
660 984
745 996
488 567
228 638
532 870
876 883
184 275
292 360
10 446
501 596
638 895
189 956
399 967
93 206
78 277
69 565
434 591
528 839
519 990
490 856
664 990
256 753
34 471
899 902
732 949
817 969
802 985
26 323
23 436
333 444
18 511
162 538
359 662
559 666
173 964
378 999
546 580
848 874
94 923
257 535
539 638
128 642
439 735
477 914
271 943
85 154
417 445
358 463
163 371
431 477
89 716
762 860
5 365
732 853
102 866
31 905
116 908
595 986
106 287
175 372
417 561
163 596
504 643
350 746
451 766
444 788
645 826
150 871
513 940
193 965
95 278
259 296
299 407
58 516
422 763
218 483
131 656
408 698
177 819
186 957
536 987
704 994
305 313
107 495
102 498
218 572
451 636
258 682
433 869
662 746
656 903
56 200
105 216
199 323
280 330
250 339
344 502
503 537
601 631
386 633
176 684
698 745
172 820
167 865
289 918
61 602
72 288
32 489
62 524
492 729
62 371
180 374
101 649
497 815
113 452
170 458
474 879
127 281
317 571
290 678
529 821
91 878
289 713
151 871
53 612
112 661
683 745
493 826
638 877
93 881
479 905
674 988
578 642
205 450
231 824
812 846
52 146
217 406
110 662
55 919
841 904
631 949
192 250
83 620
590 642
333 993
760 994
195 777
193 821
734 984
25 118
364 511
433 542
169 626
415 980
457 617
146 879
44 182
150 325
317 578
328 584
519 662
475 670
551 759
588 761
71 213
215 495
394 636
417 641
206 652
639 672
309 823
766 961
353 713
206 810
763 957
146 499
562 761
523 797
594 872
174 888
149 164
121 420
513 687
594 730
370 750
160 819
6 737
390 897
589 991
54 258
284 774
106 274
211 522
238 556
521 588
387 609
350 874
222 585
124 598
110 664
663 686
19 695
722 807
618 819
646 896
309 934
783 982
273 455
9 533
512 767
293 365
114 387
168 456
189 518
249 562
85 706
644 734
191 852
466 921
796 982
270 306
776 894
912 926
279 948
423 480
540 601
411 630
182 831
501 856
442 985
554 985
578 647
329 684
2 531
236 666
497 817
545 847
66 912
856 920
405 469
194 544
557 567
204 655
307 700
129 724
677 897
176 307
71 451
521 532
649 785
689 987
269 292
395 746
247 274
400 611
628 822
496 511
107 730
103 182
340 399
170 481
180 697
696 965
188 982
761 924
99 184
201 443
18 496
599 751
186 763
654 839
106 843
711 846
217 948
906 984
126 134
33 185
227 491
323 715
110 848
719 977
607 641
664 746
705 764
558 843
757 846
690 861
70 159
880 954
529 965
908 988
108 216
33 379
424 441
4 487
52 517
477 672
629 706
643 859
40 951
212 259
264 358
140 378
283 461
52 606
478 749
541 762
656 765
274 843
678 986
302 997
16 669
609 755
682 818
694 825
430 878
121 154
50 449
452 841
151 325
299 343
263 865
852 868
3 208
171 255
93 437
119 465
274 595
246 602
118 676
293 714
254 831
691 839
165 923
478 984
314 710
624 909
787 960
320 462
494 541
472 631
490 796
896 939
676 820
164 938
565 752
225 809
953 999
247 290
367 889
308 317
461 496
275 592
116 674
554 726
694 910
823 934
320 328
12 466
290 558
9 679
503 772
103 831
38 285
194 672
875 916
375 979
45 60
207 218
77 375
741 873
53 893
766 999
562 590
857 878
167 240
119 315
407 675
261 683
612 908
575 922
71 999
423 999
410 461
290 485
241 717
521 761
515 839
632 869
52 879
472 949
514 972
388 609
70 655
13 992
84 199
315 646
337 897
77 956
104 482
38 625
279 374
365 459
70 543
223 629
597 685
192 696
573 921
122 230
10 392
303 484
183 897
294 909
159 357
88 428
123 444
168 543
194 633
684 700
785 827
681 849
498 877
66 980
182 473
205 861
533 982
28 96
180 730
693 787
353 986
147 202
107 406
578 727
14 193
28 229
1 652
795 951
245 541
562 588
427 743
352 820
608 850
932 934
12 729
135 745
350 974
535 998
298 534
588 647
531 784
770 841
934 936
646 965
139 164
224 385
455 574
223 894
90 253
383 767
17 41
98 124
18 267
75 379
300 399
77 518
258 533
499 606
43 665
429 665
517 719
478 747
49 873
606 879
592 909
147 922
295 996
54 80
17 388
474 499
398 597
72 917
440 980
84 989
220 232
253 402
83 920
448 944
173 422
398 529
571 642
321 662
250 696
486 736
47 846
458 944
548 949
260 622
140 664
597 696
557 997
321 519
419 651
20 695
398 726
186 964
74 296
70 456
707 789
530 861
481 944
115 171
452 575
239 654
443 711
273 742
328 742
275 834
359 848
191 875
666 952
484 578
274 602
563 767
210 808
25 820
187 307
540 853
759 915
312 344
73 547
170 582
145 614
841 922
679 982
66 847
693 851
228 895
246 944
827 970
288 972
59 422
603 692
534 890
364 932
38 992
39 235
128 571
642 727
211 799
830 840
531 915
137 276
208 556
333 589
575 770
460 801
141 816
790 862
85 892
10 973
134 990
265 416
102 539
326 806
58 845
15 211
262 304
103 715
240 549
541 640
623 757
13 813
42 932
601 949
644 660
649 970
100 230
83 707
324 795
238 851
9 875
847 912
642 924
350 519
443 757
451 902
472 540
228 587
387 680
231 687
851 857
215 351
36 756
353 918
330 959
61 246
65 501
498 705
57 897
291 917
54 160
71 251
276 277
91 430
434 450
132 510
307 550
167 560
371 596
41 609
116 612
282 644
596 663
336 665
130 691
444 692
7 795
124 804
471 809
342 867
300 923
5 959
55 971
926 980
701 985
192 396
307 681
81 875
79 896
370 970
294 305
599 690
382 775
554 876
86 538
46 996
389 609
113 617
314 873
317 484
5 568
408 683
291 846
125 538
531 659
560 744
110 746
387 781
757 812
830 858
133 876
12 938
167 995
4 404
499 517
299 675
60 153
37 194
44 254
64 318
46 408
259 445
536 705
621 747
736 767
287 793
558 945
59 964
44 84
215 217
178 405
424 639
293 330
214 628
477 633
424 653
211 728
755 781
685 896
535 900
28 987
488 557
638 809
424 888
84 323
573 630
522 659
75 185
130 233
240 560
303 578
746 974
251 999
344 443
17 556
529 696
666 777
347 809
913 955
14 315
383 412
327 479
87 639
441 653
159 748
564 927
961 999
53 202
1 215
169 335
520 601
291 812
131 903
545 993
336 341
479 547
458 709
721 750
193 315
69 449
260 584
87 633
358 739
48 854
761 870
280 946
664 974
416 976
119 367
274 485
466 729
24 462
20 504
466 492
598 855
651 950
790 958
183 337
262 708
568 735
426 909
57 183
376 532
287 602
576 670
295 698
101 771
821 876
307 943
357 981
148 326
241 461
327 547
150 568
202 612
316 712
245 762
887 916
243 643
109 837
356 937
11 161
206 334
1 495
138 801
733 960
5 527
593 785
341 345
632 660
521 688
417 777
343 794
90 811
183 901
11 284
629 776
373 767
271 307
593 731
54 177
79 193
280 293
83 380
386 477
494 762
673 867
220 926
113 484
566 864
225 391
196 784
343 791
365 913
78 324
257 477
233 515
270 910
535 914
53 674
202 822
599 861
612 988
350 359
372 525
159 543
303 571
290 595
566 608
561 666
371 686
160 689
463 775
0 804
207 296
202 718
625 813
743 818
14 896
343 994
266 370
493 716
697 933
111 364
70 460
16 665
546 689
373 736
344 875
679 875
202 904
261 959
287 986
812 917
94 118
34 347
433 473
412 512
399 637
87 672
384 722
725 727
270 825
644 906
388 931
187 956
5 150
100 722
177 689
306 825
605 831
768 906
795 935
492 938
220 268
317 457
358 508
498 539
427 580
426 592
242 744
440 806
409 829
617 841
226 972
623 711
394 768
786 894
133 985
70 168
3 238
101 797
584 884
68 430
52 474
364 526
747 749
485 558
101 579
467 667
711 812
723 872
451 961
14 965
615 992
12 345
320 574
256 722
600 716
617 718
268 912
699 942
176 329
110 350
135 408
63 698
282 734
333 788
593 827
507 833
806 947
499 977
126 995
156 503
504 695
282 749
106 485
188 490
470 551
457 612
54 618
617 770
390 901
782 903
187 518
9 852
847 926
803 935
363 640
649 750
364 900
81 344
530 599
321 848
519 865
56 872
802 876
440 947
797 970
376 426
334 427
526 900
394 902
18 157
452 617
310 910
864 962
585 649
556 787
494 860
325 568
445 607
433 632
155 675
388 680
272 697
674 822
804 860
557 882
823 936
6 434
359 476
161 927
549 995
195 259
267 283
233 360
145 456
239 528
531 759
111 900
73 905
19 243
70 304
146 719
61 765
65 490
0 494
406 730
750 827
519 874
299 994
348 568
559 777
829 844
42 157
74 561
724 820
516 874
632 906
453 978
167 990
306 992
288 505
71 636
259 641
487 702
147 718
121 894
41 931
232 301
758 842
529 883
70 357
232 403
467 613
305 624
717 823
158 864
677 991
99 275
64 380
75 547
159 614
329 700
403 808
570 692
347 391
174 653
196 659
478 734
574 742
147 893
627 899
151 913
540 949
559 778
905 949
366 487
898 903
756 787
79 821
136 918
331 422
303 457
556 693
525 884
791 915
265 976
104 313
806 847
359 519
531 551
733 756
120 779
245 860
42 111
55 282
132 361
217 374
447 510
263 519
308 770
522 784
652 838
291 972
5 151
251 451
142 506
341 429
332 555
545 589
501 663
231 753
680 755
294 954
98 577
441 639
597 802
76 903
550 849
3 857
25 923
427 982
5 348
472 853
370 891
168 655
269 691
693 733
612 904
0 245
196 319
213 451
57 458
113 725
750 797
271 950
86 162
354 610
238 693
61 782
110 140
172 676
414 716
299 791
746 865
16 90
159 456
109 495
45 769
229 805
530 816
549 865
370 933
189 375
365 439
155 369
164 419
39 433
234 497
52 503
113 575
444 670
81 679
376 761
265 792
155 915
8 391
328 455
484 725
601 853
110 886
547 949
362 368
490 501
183 603
163 663
70 708
416 726
320 742
81 796
581 825
875 887
331 957
432 535
36 710
288 846
306 910
59 957
907 986
42 526
553 560
72 623
341 651
309 717
220 808
346 850
311 862
21 389
522 551
704 791
787 851
617 922
173 957
230 256
128 578
345 938
602 986
7 277
251 378
176 500
563 593
306 615
495 652
201 846
340 925
79 939
286 944
213 953
151 293
571 647
154 223
359 425
428 500
360 691
350 702
719 772
393 983
822 988
560 995
143 408
274 558
519 886
19 489
287 558
654 691
208 693
105 928
233 269
114 781
208 878
296 559
439 568
384 753
66 220
151 568
630 634
55 734
426 870
710 873
60 171
35 270
186 331
154 419
457 575
560 619
604 630
381 652
475 703
149 345
15 659
437 810
696 821
278 850
268 926
876 965
244 272
174 441
338 615
303 617
196 211
13 338
104 397
337 458
367 465
218 607
49 667
36 741
369 798
651 938
202 214
252 307
296 417
501 524
210 668
163 686
591 737
800 830
721 970
36 314
267 410
344 623
335 661
135 828
0 21
43 82
135 295
253 411
320 455
472 520
41 574
290 602
443 623
90 630
43 669
253 669
134 746
428 800
726 802
722 824
430 851
282 919
714 946
990 995
36 49
41 273
21 320
474 719
667 741
268 957
591 967
129 131
123 333
178 403
326 440
75 472
498 587
513 606
562 647
352 676
528 691
457 725
638 764
248 803
105 814
18 823
686 856
810 881
318 489
237 557
41 680
604 811
626 820
126 240
693 960
863 980
320 389
394 451
246 595
660 768
145 543
182 605
212 607
331 774
698 828
321 378
398 685
40 795
562 642
252 937
308 452
50 453
143 996
554 597
609 680
685 696
442 739
258 916
183 991
333 390
579 721
290 793
783 796
659 799
17 851
865 886
104 954
117 841
459 913
676 923
93 96
111 511
235 605
129 656
618 689
211 832
548 853
20 859
503 977
435 524
192 529
153 740
570 803
515 828
5 261
239 691
378 886
64 84
43 573
336 975
398 985
622 671
536 689
407 704
479 780
498 895
87 477
158 555
381 783
21 860
13 38
25 172
56 180
258 743
334 838
706 892
63 289
295 348
466 669
9 682
3 17
195 559
508 739
753 807
433 506
606 719
235 869
191 887
597 939
271 975
118 300
238 388
188 427
109 437
184 592
116 822
724 885
886 971
581 910
321 476
348 527
15 551
141 599
497 942
811 921
693 931
350 366
43 402
276 440
18 461
31 547
65 686
165 820
310 825
556 857
863 912
210 405
238 680
66 415
412 611
466 665
430 693
124 762
21 328
245 738
102 895
73 127
241 267
474 513
240 553
316 554
9 569
76 656
646 821
93 837
544 854
263 971
662 702
589 897
41 238
334 381
429 466
421 592
479 631
404 702
777 778
418 786
124 855
640 860
685 883
848 990
213 627
17 680
392 682
308 725
282 984
553 990
346 566
114 598
65 663
712 957
123 475
396 508
511 526
321 350
731 767
243 357
541 804
532 836
417 483
61 595
144 346
77 482
74 666
316 726
640 835
62 596
136 683
420 786
476 874
457 908
226 917
232 957
191 344
72 757
468 961
424 523
645 699
679 796
615 813
29 825
240 990
4 350
332 463
359 516
330 527
690 816
404 835
72 846
423 468
198 756
150 913
31 949
40 86
435 596
590 761
735 793
148 952
36 960
94 399
182 542
545 947
144 278
4 297
302 313
133 316
414 645
22 724
285 831
586 862
228 866
570 935
991 993
25 352
58 366
401 534
597 883
305 909
178 379
5 459
214 457
20 243
73 548
393 565
0 640
255 650
16 729
29 910
140 971
497 608
222 649
155 759
570 788
817 942
74 259
82 402
417 572
131 724
150 735
620 789
569 875
366 404
183 436
218 561
479 732
852 875
278 566
564 674
232 701
623 812
141 861
624 954
34 225
62 663
424 771
193 939
110 263
365 714
257 934
9 258
150 293
151 330
1 334
423 425
64 620
106 678
494 738
84 831
31 853
345 950
316 802
535 934
62 67
148 236
402 669
91 857
178 301
268 422
205 507
388 574
612 628
402 630
102 638
484 647
632 768
713 986
783 838
207 212
168 357
581 615
515 691
583 699
434 737
384 824
635 839
327 923
12 16
148 276
103 323
165 340
321 425
105 650
136 713
99 930
309 932
38 254
557 616
404 640
366 662
667 710
508 775
154 776
362 923
273 388
361 447
219 559
485 586
343 759
2 941
29 35
154 164
104 375
231 513
546 743
150 330
345 466
236 559
357 708
65 789
33 127
70 221
339 508
539 764
702 874
63 918
132 966
33 547
612 617
413 673
155 299
336 950
146 513
161 583
102 587
500 700
15 784
53 908
158 332
628 908
72 291
264 332
4 363
339 597
147 610
3 693
457 904
612 922
505 972
545 980
303 770
551 799
882 997
127 170
66 268
529 554
96 229
484 571
320 671
14 696
28 881
777 927
52 977
72 435
228 705
247 765
323 351
321 664
162 393
42 496
532 588
44 605
317 617
613 622
63 745
475 788
415 912
249 930
149 938
238 960
597 965
883 985
48 478
345 492
180 723
122 807
366 874
251 961
222 373
140 519
504 859
495 948
220 301
121 706
214 822
553 995
195 236
383 486
579 933
754 986
855 994
694 773
107 948
20 67
340 368
40 538
308 578
355 650
395 664
659 728
499 772
669 811
486 866
425 874
31 923
345 975
101 523
621 854
343 407
337 991
423 476
707 920
171 355
243 456
539 866
447 867
209 313
7 324
90 402
206 495
784 799
68 857
13 285
365 568
502 623
605 657
249 924
883 939
120 248
140 321
442 802
868 875
31 94
228 877
893 922
271 419
98 738
180 948
520 976
87 998
7 137
84 182
46 295
189 356
132 413
486 512
128 647
646 696
58 702
537 704
46 745
568 871
272 872
87 888
720 890
717 936
810 948
70 981
537 994
477 998
380 489
693 857
32 318
251 394
279 406
584 742
3 787
729 811
580 837
42 900
140 974
603 991
404 454
651 975
162 983
507 599
310 773
176 428
130 576
334 580
104 758
429 975
449 978
157 364
72 711
133 529
578 590
244 730
233 839
533 875
843 945
307 356
469 472
571 716
246 582
205 599
61 678
26 723
51 733
585 827
43 921
362 967
243 543
93 805
551 832
397 842
271 956
258 679
521 924
500 943
113 457
444 603
318 715
47 757
597 821
588 836
664 848
529 896
132 911
63 136
421 426
316 442
235 542
696 876
705 877
555 962
581 992
308 428
191 443
212 561
75 601
2 648
446 682
24 755
564 778
533 818
701 957
886 974
179 370
213 468
602 754
376 930
726 985
13 306
87 424
16 429
126 454
529 802
21 804
166 351
879 977
250 349
199 380
303 452
130 475
246 481
395 702
164 706
415 806
415 926
398 939
261 295
217 730
450 861
559 952
107 374
33 405
139 651
403 712
702 848
746 874
144 264
149 271
304 357
110 378
4 662
46 698
577 762
52 772
313 979
129 626
151 735
436 754
109 206
358 382
272 594
486 611
614 655
764 866
92 884
26 989
263 990
10 80
700 800
371 435
588 642
95 864
293 955
241 410
87 432
333 603
937 943
613 946
391 464
516 662
551 675
106 247
25 340
651 706
306 773
285 813
443 868
768 902
834 930
914 934
106 945
871 945
47 972
44 285
82 304
517 537
532 688
709 944
24 387
390 545
473 831
192 876
103 199
64 323
260 438
199 620
853 905
110 990
30 368
426 624
322 733
506 632
166 789
868 887
68 968
336 466
449 779
363 835
510 867
112 169
461 798
538 983
365 871
57 991
83 166
41 389
149 419
12 429
207 445
103 989
123 570
260 742
230 753
459 959
134 167
143 372
213 766
428 840
406 495
600 645
468 654
176 800
627 953
208 680
407 759
452 904
395 516
373 563
17 574
320 622
704 760
132 867
315 896
127 898
820 925
185 210
271 518
329 550
407 794
538 951
91 322
353 436
23 353
160 818
14 821
388 389
407 537
179 731
3 430
697 844
16 492
145 655
193 685
378 766
203 797
61 274
366 395
468 528
123 576
521 590
138 681
422 712
582 754
189 892
620 989
625 992
16 43
7 148
85 420
315 465
363 541
311 586
332 962
773 992
20 357
333 570
164 950
271 341
328 438
22 656
640 738
2 759
497 864
682 887
564 988
159 262
86 393
194 639
345 665
39 831
696 896
429 950
98 245
71 627
431 639
196 744
107 180
350 990
157 267
273 328
297 525
740 769
739 775
219 778
440 863
828 996
642 725
245 804
751 816
770 904
485 945
440 993
168 221
472 479
862 945
388 556
360 828
517 879
729 921
97 591
321 746
227 385
133 597
734 768
735 945
636 971
916 982
662 990
196 242
140 251
56 272
149 336
559 561
763 774
279 891
369 791
201 312
324 326
260 467
584 613
207 641
340 676
422 701
47 711
266 731
721 731
576 788
100 807
126 835
244 844
366 848
603 897
40 935
195 952
608 963
79 965
192 349
438 622
595 754
684 800
714 913
54 392
390 677
126 728
274 793
675 794
171 888
559 927
350 516
436 703
332 775
612 822
148 863
312 875
628 893
892 937
325 945
475 603
575 612
370 797
39 182
269 528
95 608
627 636
26 730
343 760
663 856
175 884
277 951
380 989
63 996
127 709
348 745
21 762
229 764
427 837
394 971
188 381
180 594
30 676
543 708
173 763
680 781
494 804
182 872
321 886
251 971
428 484
64 489
116 564
169 724
195 207
325 365
90 466
662 664
207 674
82 708
279 810
287 843
696 939
447 966
280 365
69 393
612 893
243 981
41 320
170 668
728 784
115 785
462 804
272 829
166 838
350 454
246 678
550 684
428 700
636 961
47 505
103 657
659 832
815 969
7 40
1 166
219 284
112 311
58 476
371 501
647 727
537 772
379 472
401 513
430 556
579 771
829 872
214 904
24 388
178 416
303 575
81 916
26 56
141 465
33 472
369 531
433 605
551 659
79 685
98 762
452 840
57 944
331 912
558 735
550 800
714 959
178 185
152 227
104 294
175 297
107 351
166 381
378 423
386 544
339 696
374 697
620 707
536 819
844 872
502 875
764 877
208 931
395 990
825 992
253 604
570 670
276 863
440 912
3 387
75 405
58 425
807 824
232 422
313 880
214 893
279 933
70 145
128 725
693 756
19 32
231 401
381 427
282 747
237 786
505 846
447 911
435 917
553 919
73 327
52 156
19 504
207 927
280 959
342 966
770 840
23 289
307 500
541 577
564 628
249 642
771 970
549 990
76 724
394 766
670 703
640 762
421 834
552 850
520 853
23 907
378 974
109 215
118 362
267 511
514 630
369 759
761 836
516 845
974 990
26 594
48 747
503 794
330 913
616 997
118 327
151 459
156 537
586 843
726 876
743 982
189 252
134 454
630 669
215 730
359 746
177 818
4 848
682 916
722 968
333 991
229 536
28 705
200 730
98 494
143 295
144 382
445 561
63 713
627 766
231 940
24 41
2 241
104 305
11 559
3 388
17 693
221 801
864 969
263 974
54 446
469 601
552 608
297 702
349 739
776 786
225 877
297 366
102 705
298 720
665 921
432 934
181 507
304 543
273 622
97 362
21 541
405 808
731 891
4 58
266 279
164 341
139 492
346 555
312 569
458 677
342 895
87 914
187 950
348 959
74 777
98 855
198 960
60 174
149 429
394 627
375 937
250 597
542 869
918 986
25 30
199 318
283 496
532 562
479 601
373 814
221 858
636 999
70 204
356 419
452 800
389 804
26 215
144 332
254 338
476 516
41 556
78 570
420 629
470 738
171 769
380 789
533 796
300 368
342 510
142 542
69 752
98 804
411 811
126 832
547 853
789 856
589 901
327 949
75 127
120 449
35 694
614 708
770 800
16 336
195 417
247 558
24 598
132 673
133 685
452 718
292 828
76 165
19 643
156 720
45 535
143 745
240 865
77 397
551 784
427 838
636 902
459 946
865 995
265 403
161 666
359 702
4 874
514 917
91 208
264 463
464 819
117 840
253 514
568 683
222 785
187 419
294 426
419 629
374 730
222 767
566 817
505 917
187 937
403 416
462 609
565 625
441 633
409 697
409 506
278 555
154 651
223 706
272 723
647 725
532 924
43 90
12 139
92 438
270 773
355 785
765 903
819 987
581 773
188 838
764 895
63 295
551 728
700 840
805 987
180 272
359 366
235 433
57 448
253 634
317 727
488 882
267 932
955 958
817 962
92 143
64 338
437 495
281 903
74 212
369 410
113 578
304 614
115 650
17 960
423 961
97 205
161 777
292 839
378 953
4 395
699 927
12 336
533 887
627 961
328 462
13 581
35 610
699 778
498 809
223 892
337 944
16 345
413 447
189 482
16 573
373 585
401 753
181 833
316 883
320 388
252 500
342 587
234 608
171 653
533 682
89 727
852 916
363 454
238 756
364 823
610 858
768 869
307 975
332 358
125 483
301 712
344 868
248 935
88 176
150 459
501 502
276 545
357 643
553 664
587 764
737 833
593 970
919 971
253 921
114 609
269 654
456 708
42 823
536 805
550 840
140 865
932 936
259 483
211 531
319 560
211 744
182 200
202 575
271 651
425 516
75 548
419 937
44 473
379 601
363 702
106 595
718 770
218 777
269 828
433 829
179 279
88 329
145 357
359 378
117 452
260 455
499 503
136 568
182 657
314 667
190 682
307 684
51 710
30 820
490 920
326 980
45 998
385 930
187 975
5 714
258 982
363 494
427 652
760 794
679 887
91 968
164 629
176 840
39 869
13 254
551 791
180 217
442 463
479 540
45 740
131 782
134 865
687 824
675 915
263 378
402 514
442 554
57 582
454 640
687 753
241 823
534 878
147 904
203 523
360 528
591 637
386 639
229 705
220 712
335 885
81 533
75 905
275 909
241 283
348 408
337 448
484 590
201 623
104 624
317 770
1 837
46 372
275 376
109 427
78 444
391 471
95 555
70 748
593 750
678 793
511 932
68 208
85 419
218 674
232 808
784 832
516 848
75 949
867 966
3 41
165 172
63 408
554 685
850 864
87 174
166 215
87 431
71 468
308 571
455 584
704 759
56 107
26 200
74 417
364 496
38 615
207 778
866 895
9 191
363 366
603 703
107 723
542 831
793 843
635 845
214 922
374 933
667 946
220 957
120 393
137 935
406 697
122 753
545 806
361 867
94 327
447 673
285 338
328 671
143 698
776 892
48 282
280 913
434 967
31 118
128 249
259 666
503 719
263 746
66 806
478 660
167 664
266 750
24 804
532 834
864 963
148 324
316 398
329 500
3 781
26 199
304 456
247 586
160 682
121 892
76 925
102 229
297 541
493 645
333 670
1 217
270 354
55 478
259 572
351 730
747 854
306 813
136 348
387 388
158 817
618 818
534 940
43 262
570 576
142 660
810 837
407 915
200 323
377 581
153 650
665 669
62 686
59 763
774 863
137 951
77 356
262 402
179 563
345 651
350 664
441 672
342 361
183 677
44 715
277 935
910 992
111 157
234 493
136 745
691 828
801 849
194 854
793 945
520 949
886 990
23 183
130 239
200 272
138 550
377 615
38 657
214 617
359 664
281 709
750 771
334 783
680 787
655 801
452 830
133 939
268 980
876 896
48 194
426 880
246 986
357 695
478 906
94 925
909 954
820 885
40 983
40 248
310 354
134 549
263 553
297 640
234 969
63 828
476 974
254 605
431 432
30 637
586 661
22 765
2 798
504 663
612 718
454 848
110 865
399 923
74 445
432 672
3 755
136 295
457 571
223 786
22 131
165 352
210 379
99 385
273 462
264 555
113 571
417 674
329 681
219 699
261 745
630 811
113 841
758 892
806 926
284 964
230 968
261 408
47 623
214 674
198 733
660 747
117 770
34 413
502 596
327 853
247 287
317 575
33 601
490 686
396 696
585 731
587 877
364 934
245 363
378 476
337 582
80 618
734 747
222 827
439 913
746 995
184 426
253 811
611 929
774 952
42 267
580 818
814 928
104 209
68 322
220 403
561 641
680 857
113 904
440 589
436 907
394 953
317 452
196 619
743 783
139 154
236 296
76 820
716 826
830 841
206 217
59 701
506 844
439 945
145 221
265 405
71 423
488 616
203 621
573 811
653 827
580 987
292 996
25 76
32 338
67 371
437 580
101 593
706 776
388 787
567 997
157 526
55 749
126 799
429 492
249 509
481 754
40 120
261 568
192 685
312 711
41 787
681 800
192 802
664 874
287 485
523 579
373 731
520 816
61 247
60 255
378 425
175 487
563 585
265 601
89 645
177 682
196 717
598 760
96 810
738 835
818 916
96 987
5 293
536 546
837 838
22 626
701 726
79 816
771 827
189 943
954 979
893 988
58 372
244 409
487 516
67 643
216 814
267 823
717 932
76 129
263 321
156 517
484 642
684 840
409 872
123 183
192 398
247 678
442 701
101 785
101 370
279 370
155 704
241 798
577 835
114 890
213 453
487 640
642 716
490 783
338 657
387 556
125 572
76 676
333 692
156 794
276 806
180 933
127 286
163 501
371 504
338 715
357 859
224 552
390 603
419 892
569 916
54 190
294 313
164 345
189 397
472 547
618 682
502 686
246 709
178 808
201 812
815 817
770 830
577 860
547 898
6 967
376 562
681 684
587 809
700 849
363 860
213 978
438 525
266 563
243 614
105 108
80 258
349 358
0 577
39 44
49 51
84 318
125 445
218 296
5 439
351 707
531 941
360 654
347 877
655 981
461 658
495 837
123 991
232 316
80 818
194 477
80 887
155 343
312 757
77 758
307 849
418 892
849 975
5 280
369 407
39 657
183 703
613 742
312 852
87 257
212 296
118 399
487 525
202 617
429 938
231 256
321 516
93 652
267 798
381 837
61 290
41 462
85 894
190 973
425 974
89 128
17 273
270 310
122 384
211 470
318 615
196 648
558 678
98 760
8 809
365 959
274 986
897 993
1 107
95 144
233 292
227 552
521 562
51 741
870 930
78 951
587 673
308 329
377 489
281 547
343 551
202 628
215 838
772 879
444 935
45 153
186 268
235 473
339 739
154 892
80 160
557 842
797 933
88 700
494 835
116 893
78 333
617 725
402 921
196 941
675 994
480 999
193 696
422 964
65 524
571 590
285 615
239 839
596 856
142 906
736 866
307 950
77 252
334 495
342 539
564 645
461 648
205 751
579 827
31 300
418 776
207 564
436 944
374 495
326 545
561 778
634 811
9 818
678 843
152 224
301 405
685 802
142 829
788 991
64 103
260 328
410 496
282 906
232 268
946 959
41 387
134 553
716 725
388 851
562 870
104 880
461 941
712 985
46 92
80 177
243 504
417 607
608 817
7 78
255 769
51 787
746 886
694 992
198 314
463 508
84 657
632 749
678 754
129 765
109 783
592 834
587 866
324 951
157 461
299 503
416 883
522 531
15 126
217 652
87 653
29 773
577 804
88 836
246 448
308 617
791 794
130 828
473 829
99 834
681 840
645 942
26 107
2 155
210 301
93 334
0 363
464 618
638 705
423 845
608 864
750 891
834 909
551 915
268 947
40 78
1 437
500 518
65 596
563 721
79 792
498 866
251 886
53 922
172 925
318 989
97 300
127 469
462 762
534 781
653 785
245 835
47 435
2 791
431 914
271 937
140 999
103 254
114 298
71 378
56 406
487 835
673 895
413 911
779 983
37 386
388 462
489 620
139 629
578 716
388 755
478 919
863 947
415 993
24 114
431 544
247 602
488 786
563 891
683 996
378 636
329 770
733 787
30 399
237 488
343 537
16 811
265 520
108 611
432 633
17 756
117 800
505 812
401 824
495 838
397 892
648 823
461 932
419 950
69 120
86 125
116 202
29 377
185 472
459 527
249 761
726 792
134 835
847 863
555 864
412 866
206 881
176 943
236 774
147 841
539 877
133 416
110 476
383 814
202 988
156 994
46 292
576 703
246 286
415 589
531 648
456 655
484 770
359 845
63 907
164 975
351 989
468 999
60 740
857 931
238 574
574 622
312 623
282 660
435 686
594 844
592 880
375 892
877 895
178 469
373 593
477 639
166 920
24 124
512 563
279 721
240 746
219 927
900 934
96 536
106 735
330 946
555 963
27 147
4 359
576 603
296 778
779 803
73 75
329 452
249 590
712 726
546 837
718 893
672 914
336 938
168 460
142 473
808 926
149 187
598 755
142 768
898 905
496 932
81 982
65 83
84 338
65 371
252 419
211 551
166 620
381 707
554 939
109 217
306 377
438 613
77 688
208 781
561 927
632 984
265 472
359 480
212 777
230 824
707 838
798 915
300 925
341 938
206 948
33 73
373 412
454 746
471 877
139 149
125 212
4 454
469 547
266 579
128 590
579 649
369 658
134 848
609 931
296 952
516 974
79 976
237 997
322 430
226 435
134 519
543 655
311 790
352 925
523 970
444 993
170 944
72 972
290 986
21 24
205 434
124 760
747 906
502 796
404 541
472 548
647 761
350 835
140 359
209 426
621 644
454 662
580 689
683 698
578 924
583 942
586 945
763 964
842 979
289 986
273 389
453 468
221 614
448 754
247 782
220 912
621 984
215 381
99 491
649 731
203 771
117 718
50 779
467 873
451 899
763 912
266 970
214 575
310 694
167 746
435 812
846 917
192 965
444 576
125 641
229 881
148 277
276 795
674 893
549 919
211 319
173 331
193 529
692 703
520 792
254 813
265 301
493 509
20 543
646 685
277 326
338 489
81 490
172 626
334 743
129 782
244 829
13 318
465 530
461 823
223 418
380 715
598 804
668 677
135 683
189 758
183 788
55 906
646 939
460 614
202 841
33 905
812 972
174 255
187 341
90 604
94 165
33 548
288 757
521 870
562 930
300 967
183 670
871 913
133 701
41 851
629 892
275 930
441 998
90 411
43 466
454 487
533 743
298 755
220 763
531 791
624 870
284 952
144 963
317 647
470 659
458 754
276 993
3 609
335 626
632 734
268 806
865 974
424 633
285 992
336 492
178 601
362 637
114 720
215 406
378 480
44 542
127 547
355 585
123 703
406 723
418 758
465 816
761 834
77 892
265 379
75 732
42 934
115 174
167 263
137 326
298 387
527 683
322 693
161 699
554 701
26 715
351 723
755 890
781 857
103 200
1 206
395 476
773 813
679 818
51 314
108 400
220 422
356 500
378 664
566 815
841 858
297 860
661 862
174 998
213 999
9 54
495 810
275 870
76 898
45 900
451 999
180 279
461 511
28 546
292 698
126 738
893 904
823 941
340 967
161 296
92 372
37 633
22 782
699 969
7 276
652 810
147 822
110 425
435 663
421 930
325 793
66 808
260 946
67 163
160 258
328 574
317 642
207 666
303 727
217 810
378 874
603 901
501 920
863 952
931 960
881 987
134 350
404 494
497 566
249 647
167 919
706 937
490 982
418 557
749 768
302 954
452 484
455 613
456 859
138 204
466 811
629 894
180 244
330 568
176 849
809 895
796 916
57 436
381 495
75 780
398 821
815 850
387 890
296 445
485 793
700 943
9 80
2 410
589 603
329 830
391 973
555 566
183 390
465 690
326 912
67 226
321 480
146 517
313 624
5 683
630 921
900 932
58 480
383 563
234 600
446 618
90 729
524 856
283 369
669 729
869 899
39 142
396 597
215 652
583 778
548 780
255 785
796 856
191 916
419 956
208 238
24 320
556 755
797 827
128 924
134 560
37 639
131 820
738 832
73 903
730 948
220 331
456 695
135 136
94 368
0 462
193 465
98 598
495 730
54 743
61 754
41 755
623 846
845 874
31 340
624 834
235 899
710 756
387 851
543 859
423 953
29 354
192 554
543 695
527 714
298 878
125 393
20 456
178 472
93 546
549 744
258 887
599 889
387 931
315 965
18 111
547 601
106 602
18 934
143 292
5 325
137 333
293 439
299 759
131 765
595 793
56 844
730 872
69 983
6 97
30 165
542 829
77 943
22 335
101 653
56 697
639 888
674 908
663 920
878 968
818 982
78 276
311 335
154 420
234 509
509 716
713 793
821 883
938 950
842 997
629 651
701 802
607 822
327 925
74 207
100 384
128 562
247 595
367 599
680 693
380 707
620 715
344 757
200 844
58 874
914 936
75 479
209 592
721 933
236 284
185 601
589 677
287 713
2 784
512 814
328 884
552 963
280 527
506 542
48 644
353 754
178 792
473 869
288 711
248 983
362 434
126 470
107 594
274 765
184 834
178 976
0 297
720 781
805 810
44 338
123 897
82 159
423 528
500 956
9 81
26 244
66 440
280 467
515 528
368 591
390 788
325 558
177 464
285 605
405 472
697 730
556 781
187 189
187 500
473 506
188 679
151 714
529 726
842 892
633 914
97 399
323 723
493 727
359 886
545 912
128 509
251 627
666 778
781 851
452 922
140 636
536 764
581 813
768 899
241 369
18 526
548 732
228 809
579 891
324 993
72 163
61 287
37 672
615 694
53 904
564 908
500 550
63 683
653 771
766 902
12 921
97 967
425 999
32 615
233 635
589 788
702 974
74 218
74 236
182 244
261 330
395 425
126 522
437 546
308 575
532 590
485 678
1 707
389 762
9 868
437 881
902 953
307 341
284 583
108 814
540 976
337 436
543 643
123 390
534 687
501 796
395 886
865 919
457 922
822 922
207 483
173 701
656 724
237 758
326 847
462 860
458 901
436 986
87 386
127 481
67 504
556 609
74 641
28 689
546 819
226 288
189 419
365 527
267 364
337 390
245 404
404 516
323 594
580 652
11 778
705 819
848 865
296 927
446 973
427 437
344 711
159 168
58 635
308 647
205 690
600 727
4 835
225 464
15 531
120 538
537 977
476 999
62 226
56 351
390 415
288 435
54 533
207 572
392 618
333 897
369 941
177 258
443 502
264 508
523 750
650 769
196 531
195 212
457 578
445 777
86 248
57 286
161 284
378 519
115 585
190 618
596 623
401 722
685 726
688 761
635 828
102 877
159 981
137 993
139 345
81 501
774 806
33 949
92 525
487 541
136 793
655 858
217 279
320 584
353 595
464 877
137 148
726 939
454 702
268 774
597 896
258 580
365 735
891 970
435 623
140 395
55 644
267 648
461 717
179 750
482 842
241 932
257 936
321 990
128 493
366 974
144 158
403 405
386 432
387 598
548 601
213 636
448 677
679 682
101 721
414 727
208 787
715 831
172 885
472 905
176 187
58 359
411 573
254 615
606 940
140 990
46 135
45 174
79 465
7 538
207 559
291 757
298 857
770 922
203 933
444 589
303 904
464 973
129 169
99 426
187 651
13 657
534 720
222 721
331 806
432 936
482 937
915 941
553 746
731 750
470 784
34 809
37 431
364 535
570 603
267 658
222 750
602 765
152 850
788 897
165 300
743 837
229 866
260 884
517 606
593 721
793 918
456 643
398 442
580 783
236 863
1 351
162 752
816 976
324 440
308 800
339 529
793 986
135 289
466 573
123 589
285 625
140 746
88 943
122 256
67 435
549 619
197 658
