1000 4150 52.172789842982326 sparse
0 210 116
1 200 138
2 161 540
3 964 130
4 694 488
5 265 420
6 969 720
7 19 577
8 363 806
9 42 618
10 377 934
11 510 521
12 515 951
13 990 407
14 376 775
15 209 557
16 347 180
17 498 687
18 301 165
19 365 638
20 606 77
21 888 349
22 273 904
23 901 694
24 32 328
25 827 127
26 845 197
27 989 334
28 985 460
29 585 80
30 799 162
31 338 678
32 771 972
33 138 664
34 794 834
35 428 100
36 161 505
37 798 532
38 264 274
39 190 854
40 613 718
41 164 766
42 176 222
43 916 244
44 952 621
45 696 267
46 54 533
47 902 466
48 883 276
49 809 916
50 321 726
51 253 591
52 540 735
53 533 876
54 972 248
55 704 863
56 800 248
57 834 363
58 570 405
59 122 222
60 757 662
61 529 842
62 416 661
63 391 299
64 844 365
65 147 430
66 442 312
67 421 113
68 278 675
69 926 991
70 257 246
71 222 156
72 650 195
73 359 743
74 952 88
75 317 984
76 292 831
77 785 957
78 856 815
79 78 798
80 163 565
81 333 666
82 702 440
83 122 939
84 16 215
85 184 911
86 873 26
87 886 84
88 621 783
89 805 904
90 807 546
91 231 77
92 541 818
93 388 28
94 644 867
95 420 763
96 871 96
97 502 898
98 561 110
99 518 737
100 185 426
101 193 88
102 270 489
103 905 602
104 215 998
105 801 974
106 425 62
107 190 495
108 534 405
109 691 904
110 197 218
111 698 356
112 337 467
113 652 293
114 374 655
115 739 183
116 860 226
117 532 580
118 138 648
119 118 162
120 348 91
121 697 610
122 563 19
123 994 937
124 19 81
125 210 503
126 375 485
127 795 766
128 588 333
129 608 506
130 767 136
131 42 549
132 811 490
133 565 936
134 633 38
135 473 875
136 708 94
137 873 937
138 411 666
139 521 507
140 435 305
141 189 245
142 578 887
143 7 415
144 685 264
145 302 746
146 390 526
147 741 652
148 911 372
149 386 446
150 751 47
151 250 414
152 871 421
153 403 31
154 420 226
155 142 870
156 859 495
157 445 433
158 130 6
159 951 706
160 819 257
161 756 607
162 463 252
163 356 177
164 856 836
165 927 322
166 608 770
167 486 280
168 574 30
169 73 124
170 997 717
171 810 69
172 946 46
173 387 139
174 165 91
175 969 673
176 295 757
177 291 295
178 355 246
179 712 562
180 134 5
181 483 374
182 981 80
183 335 710
184 98 943
185 36 926
186 240 33
187 307 88
188 150 924
189 834 380
190 237 959
191 719 875
192 434 660
193 188 964
194 179 874
195 707 398
196 502 263
197 765 523
198 698 712
199 293 911
200 546 994
201 445 93
202 995 153
203 163 809
204 504 743
205 649 578
206 571 203
207 818 581
208 336 668
209 931 38
210 652 977
211 29 471
212 726 395
213 842 580
214 207 171
215 213 738
216 745 256
217 80 878
218 721 213
219 580 408
220 889 32
221 103 180
222 46 596
223 122 866
224 53 228
225 125 145
226 745 264
227 918 678
228 492 189
229 33 345
230 376 263
231 846 41
232 8 249
233 673 188
234 412 450
235 766 541
236 694 260
237 432 556
238 280 311
239 938 316
240 548 247
241 375 125
242 81 19
243 229 646
244 277 978
245 803 104
246 625 504
247 193 856
248 901 534
249 864 838
250 377 657
251 872 361
252 543 480
253 932 185
254 499 824
255 34 828
256 216 528
257 475 214
258 715 670
259 606 476
260 414 287
261 864 811
262 312 710
263 901 566
264 439 70
265 693 498
266 360 381
267 907 389
268 448 99
269 942 578
270 806 595
271 327 749
272 642 581
273 408 804
274 480 429
275 676 274
276 193 701
277 838 359
278 597 652
279 231 834
280 412 214
281 620 224
282 483 666
283 931 971
284 422 588
285 277 523
286 57 442
287 787 314
288 883 896
289 112 874
290 653 888
291 451 563
292 373 685
293 740 917
294 583 552
295 743 927
296 420 144
297 354 190
298 903 206
299 752 976
300 688 616
301 989 781
302 673 304
303 917 807
304 496 582
305 13 400
306 111 848
307 248 434
308 172 1
309 929 911
310 818 243
311 391 904
312 743 571
313 473 95
314 885 792
315 884 736
316 523 329
317 56 685
318 944 535
319 685 844
320 224 843
321 398 360
322 956 279
323 339 11
324 799 848
325 51 588
326 494 404
327 444 589
328 588 197
329 674 977
330 611 620
331 542 214
332 298 398
333 255 185
334 709 620
335 868 97
336 717 102
337 689 703
338 683 186
339 687 314
340 937 810
341 977 717
342 433 120
343 620 427
344 387 132
345 637 412
346 780 292
347 710 897
348 140 854
349 856 278
350 195 847
351 794 579
352 738 29
353 184 775
354 74 240
355 420 452
356 106 183
357 788 271
358 742 978
359 47 409
360 461 602
361 161 34
362 321 26
363 7 618
364 748 241
365 30 307
366 706 472
367 718 762
368 558 869
369 958 366
370 665 746
371 518 884
372 202 184
373 613 966
374 700 349
375 913 153
376 945 732
377 137 846
378 72 375
379 486 492
380 46 313
381 314 235
382 61 345
383 416 312
384 436 350
385 481 763
386 5 464
387 33 889
388 732 722
389 919 400
390 217 824
391 462 889
392 501 896
393 978 562
394 278 599
395 342 645
396 487 637
397 541 695
398 177 435
399 724 153
400 759 1000
401 459 706
402 224 125
403 592 177
404 64 496
405 454 67
406 2 340
407 495 932
408 808 57
409 949 511
410 249 527
411 897 303
412 403 697
413 915 564
414 469 893
415 418 341
416 29 254
417 617 695
418 538 624
419 598 364
420 358 128
421 680 455
422 933 637
423 6 897
424 524 77
425 341 240
426 620 650
427 721 306
428 277 391
429 71 643
430 578 847
431 840 887
432 130 611
433 940 953
434 815 698
435 309 861
436 95 195
437 467 294
438 645 368
439 805 809
440 524 83
441 757 539
442 869 857
443 131 44
444 231 0
445 310 331
446 912 611
447 902 555
448 835 296
449 212 913
450 27 865
451 732 996
452 673 10
453 781 587
454 907 414
455 145 656
456 222 515
457 793 536
458 396 215
459 21 952
460 604 105
461 466 315
462 305 444
463 327 79
464 101 354
465 940 359
466 318 920
467 847 331
468 305 376
469 435 343
470 476 711
471 866 685
472 426 971
473 35 607
474 485 981
475 606 910
476 14 367
477 26 281
478 428 253
479 636 887
480 499 348
481 40 798
482 368 228
483 861 598
484 628 636
485 813 483
486 645 401
487 312 555
488 979 488
489 601 403
490 145 500
491 180 740
492 542 703
493 340 438
494 466 805
495 57 320
496 523 955
497 557 700
498 42 836
499 973 849
500 537 216
501 965 741
502 270 365
503 337 2
504 168 175
505 425 409
506 405 970
507 819 570
508 433 810
509 907 844
510 398 617
511 460 806
512 8 257
513 755 722
514 297 475
515 932 783
516 848 886
517 763 900
518 993 279
519 204 25
520 630 964
521 465 317
522 985 596
523 84 921
524 946 135
525 111 659
526 517 148
527 835 205
528 862 229
529 962 116
530 786 883
531 924 710
532 546 118
533 132 340
534 711 834
535 495 822
536 173 556
537 70 669
538 254 589
539 217 869
540 243 986
541 489 341
542 814 197
543 169 711
544 979 384
545 669 485
546 331 693
547 68 896
548 929 688
549 499 29
550 773 238
551 245 329
552 183 973
553 917 176
554 790 792
555 743 314
556 533 507
557 974 677
558 950 696
559 526 562
560 454 228
561 533 713
562 183 342
563 426 255
564 271 35
565 319 748
566 133 89
567 42 197
568 94 797
569 973 349
570 413 359
571 542 480
572 772 108
573 132 344
574 103 100
575 786 326
576 507 943
577 512 657
578 820 984
579 328 82
580 313 897
581 754 754
582 802 982
583 915 270
584 757 567
585 31 943
586 503 207
587 664 894
588 947 773
589 140 882
590 210 264
591 892 629
592 245 380
593 339 133
594 546 242
595 6 904
596 588 598
597 411 907
598 755 983
599 77 794
600 956 746
601 743 132
602 640 917
603 80 420
604 653 496
605 238 346
606 830 900
607 52 986
608 476 359
609 509 684
610 810 880
611 409 163
612 181 879
613 692 850
614 483 401
615 44 120
616 842 711
617 151 700
618 26 89
619 36 333
620 821 937
621 766 944
622 561 557
623 549 406
624 477 366
625 807 401
626 168 986
627 891 719
628 604 118
629 376 726
630 932 870
631 199 643
632 551 680
633 254 966
634 723 913
635 661 517
636 922 679
637 95 675
638 76 362
639 237 314
640 288 350
641 926 67
642 155 954
643 507 198
644 841 77
645 149 740
646 69 651
647 613 458
648 912 332
649 971 585
650 88 233
651 683 359
652 86 464
653 187 43
654 869 179
655 235 836
656 478 502
657 327 613
658 547 152
659 329 643
660 644 872
661 715 870
662 573 448
663 672 717
664 339 62
665 736 615
666 188 195
667 541 585
668 410 304
669 482 857
670 933 298
671 980 885
672 366 971
673 711 214
674 852 25
675 887 165
676 881 741
677 548 515
678 930 752
679 720 63
680 39 405
681 365 937
682 164 53
683 210 92
684 222 535
685 214 19
686 964 786
687 402 116
688 605 170
689 633 152
690 880 424
691 659 885
692 153 760
693 201 668
694 246 70
695 557 490
696 387 182
697 938 116
698 682 874
699 511 603
700 33 15
701 873 382
702 228 767
703 722 154
704 827 401
705 44 676
706 829 318
707 245 343
708 80 91
709 685 200
710 648 916
711 454 294
712 518 411
713 751 845
714 545 328
715 463 885
716 903 57
717 664 2
718 503 578
719 938 885
720 775 647
721 488 108
722 800 531
723 189 836
724 803 472
725 469 190
726 756 679
727 122 922
728 291 559
729 904 270
730 344 574
731 319 144
732 333 1
733 442 15
734 494 438
735 634 922
736 471 84
737 804 66
738 728 141
739 351 377
740 743 715
741 451 959
742 9 52
743 814 944
744 540 423
745 577 812
746 584 311
747 880 406
748 336 996
749 169 885
750 439 201
751 154 124
752 772 5
753 233 534
754 220 729
755 751 689
756 869 559
757 410 130
758 704 670
759 109 243
760 743 830
761 976 910
762 865 870
763 891 426
764 933 993
765 771 266
766 687 684
767 511 657
768 252 746
769 233 411
770 479 518
771 132 371
772 852 567
773 194 820
774 348 961
775 267 308
776 465 534
777 843 464
778 835 522
779 341 950
780 564 203
781 375 670
782 221 894
783 142 4
784 342 934
785 25 403
786 964 427
787 350 750
788 528 724
789 856 231
790 445 586
791 742 208
792 746 384
793 827 920
794 962 74
795 164 921
796 325 362
797 186 78
798 397 920
799 362 41
800 307 864
801 590 577
802 807 240
803 159 914
804 789 300
805 854 66
806 672 828
807 218 418
808 382 686
809 259 120
810 522 123
811 845 947
812 852 23
813 189 697
814 903 9
815 752 525
816 41 391
817 805 657
818 350 295
819 727 559
820 466 838
821 889 481
822 415 910
823 426 367
824 467 777
825 667 150
826 312 573
827 674 832
828 677 869
829 350 320
830 537 364
831 500 284
832 941 378
833 126 317
834 285 969
835 677 290
836 235 282
837 334 958
838 177 248
839 523 749
840 829 934
841 622 548
842 781 158
843 317 346
844 546 192
845 958 253
846 15 665
847 462 223
848 755 387
849 233 224
850 641 911
851 208 375
852 314 740
853 34 409
854 720 557
855 673 50
856 18 298
857 237 119
858 236 18
859 331 418
860 838 467
861 594 725
862 571 73
863 18 532
864 190 562
865 986 28
866 479 378
867 11 635
868 70 63
869 163 29
870 665 600
871 174 472
872 54 53
873 481 737
874 945 924
875 974 265
876 554 355
877 513 601
878 982 164
879 37 315
880 68 744
881 747 80
882 257 899
883 368 626
884 951 111
885 244 388
886 501 809
887 98 98
888 349 834
889 153 333
890 317 66
891 50 133
892 93 903
893 909 657
894 237 582
895 450 513
896 302 962
897 515 108
898 123 491
899 37 122
900 738 603
901 735 264
902 896 799
903 933 552
904 737 978
905 319 360
906 371 592
907 981 756
908 278 823
909 958 735
910 903 744
911 14 501
912 1 387
913 128 278
914 343 816
915 467 469
916 381 683
917 200 719
918 66 693
919 70 823
920 652 42
921 359 222
922 222 143
923 703 1000
924 113 890
925 615 78
926 472 821
927 780 460
928 248 180
929 846 768
930 925 119
931 931 696
932 594 222
933 651 58
934 262 27
935 937 58
936 904 620
937 182 910
938 236 817
939 838 406
940 803 148
941 401 747
942 327 186
943 426 472
944 150 931
945 544 140
946 667 480
947 554 719
948 109 497
949 132 964
950 317 694
951 252 852
952 560 72
953 470 352
954 805 129
955 81 733
956 534 909
957 3 744
958 515 856
959 320 474
960 578 679
961 271 9
962 754 319
963 633 268
964 725 256
965 859 429
966 488 80
967 724 708
968 170 197
969 348 305
970 980 347
971 98 261
972 766 40
973 569 788
974 981 868
975 490 251
976 824 982
977 897 597
978 734 127
979 434 15
980 703 617
981 957 180
982 258 817
983 934 579
984 9 617
985 386 889
986 251 185
987 602 305
988 20 785
989 848 254
990 543 796
991 144 883
992 926 152
993 234 917
994 179 843
995 641 618
996 495 167
997 644 518
998 488 865
999 998 149
252 571
577 767
674 812
97 392
461 521
51 538
399 703
37 722
85 937
363 984
478 563
699 877
96 335
463 579
327 790
808 916
81 208
39 247
114 250
116 528
435 800
533 573
333 986
158 180
79 599
227 636
391 715
503 732
589 991
221 356
254 535
279 655
806 827
578 976
94 660
597 822
358 904
202 999
331 500
240 594
194 612
361 869
574 887
545 946
57 277
276 813
181 866
315 676
777 860
928 986
424 440
494 511
602 850
528 789
796 905
37 457
175 557
24 619
191 661
116 789
680 853
201 268
290 691
171 737
334 980
173 344
423 595
206 780
188 944
62 138
384 469
608 624
698 828
45 236
111 374
132 485
69 764
819 854
615 899
569 970
205 272
299 598
605 707
602 735
216 226
232 512
733 979
391 414
397 492
431 516
271 565
105 582
602 710
304 718
180 783
592 885
269 983
164 249
234 355
429 646
292 916
548 931
64 277
6 341
348 377
620 840
39 350
457 722
795 803
710 850
333 928
78 261
12 496
359 680
292 808
20 925
247 350
235 441
323 503
319 613
256 684
380 879
501 909
608 953
121 980
222 325
560 847
565 852
179 854
103 977
16 163
152 690
792 848
144 236
586 643
408 737
266 739
66 140
620 743
181 624
383 668
414 715
226 901
669 998
4 265
159 558
218 673
57 64
31 208
233 338
299 358
818 969
193 552
501 600
117 667
587 691
601 978
58 219
293 295
33 455
118 455
124 618
56 802
779 837
365 879
121 300
785 853
482 921
583 729
258 758
263 447
207 507
684 753
862 952
313 736
726 755
690 763
600 909
255 498
12 576
45 144
279 320
103 446
17 609
326 614
548 636
215 754
73 787
310 802
519 685
323 732
139 556
136 336
100 398
287 575
452 717
346 804
244 834
564 934
446 936
561 788
529 884
704 939
555 962
171 408
155 589
158 783
624 866
665 900
16 297
480 541
101 797
723 994
229 619
10 681
305 785
141 838
19 883
658 945
165 239
290 587
41 692
350 723
49 89
399 738
198 337
223 289
26 527
379 656
216 901
317 918
901 964
31 81
460 628
437 711
99 839
359 853
71 922
145 176
9 473
380 495
320 655
55 661
388 740
774 779
735 850
314 902
375 992
163 297
395 659
250 781
197 815
155 991
238 775
376 909
697 930
612 749
145 852
144 275
80 536
492 561
459 585
188 803
345 486
378 638
442 762
67 342
241 344
513 740
214 372
358 598
24 879
697 884
551 707
160 310
546 950
263 413
3 529
338 709
135 715
680 785
287 804
680 816
793 840
843 905
641 935
256 456
703 738
188 795
774 837
402 857
535 886
615 891
781 916
154 280
152 965
312 584
167 831
302 835
30 940
35 67
403 688
34 324
227 548
485 724
194 749
441 815
54 845
317 705
365 856
172 935
591 936
321 570
108 623
114 781
300 980
292 781
254 886
299 904
829 969
99 204
178 425
710 735
898 948
738 978
351 453
570 823
93 153
216 364
264 405
492 497
111 651
179 819
186 858
122 168
222 473
39 994
121 334
354 650
50 852
29 862
531 931
624 953
413 447
257 847
271 852
27 970
311 985
33 118
280 458
79 568
656 770
779 784
275 835
289 924
920 933
106 264
155 348
426 484
687 757
76 908
388 967
5 151
143 305
630 719
267 389
356 436
407 576
52 788
319 827
431 606
213 772
99 788
463 890
350 994
31 546
181 608
91 694
90 722
769 807
445 843
810 897
150 972
37 90
0 402
274 734
36 490
397 497
723 773
22 882
262 950
125 456
233 709
196 975
57 189
172 209
53 371
221 436
98 532
551 639
479 660
556 677
83 727
713 760
24 229
290 479
60 726
644 805
202 878
891 899
880 955
671 974
635 997
86 220
365 380
231 674
108 712
311 798
494 926
129 246
415 469
373 520
145 565
54 875
302 339
279 390
90 457
252 695
296 757
74 794
795 944
241 420
568 599
151 769
148 267
183 546
400 598
293 634
260 668
101 683
410 753
781 808
363 867
736 966
253 553
228 643
601 738
152 747
55 613
305 912
401 470
185 585
357 765
279 938
11 139
135 391
376 600
522 649
372 666
197 441
796 843
690 747
487 826
64 189
62 192
197 235
206 328
515 588
397 632
537 646
165 648
571 695
39 723
256 753
620 793
743 840
536 864
619 879
820 926
103 936
135 998
578 582
402 922
666 968
867 984
50 262
290 660
51 894
88 166
35 201
119 225
551 605
315 627
190 633
538 894
834 896
112 959
173 241
207 270
135 414
389 454
49 793
30 842
161 900
6 909
56 310
3 524
415 570
239 670
444 858
451 904
598 904
756 772
477 856
60 147
868 872
117 559
108 744
231 812
359 816
888 914
746 987
558 931
465 832
655 938
337 766
597 798
940 954
247 994
87 96
55 191
511 926
19 114
195 212
361 682
67 687
623 744
608 866
830 876
636 931
803 944
497 947
369 465
259 647
816 853
708 887
276 917
177 238
32 299
32 598
545 604
579 890
134 920
249 442
420 593
63 668
15 864
397 561
132 724
374 651
384 823
385 824
61 958
552 626
660 691
313 721
47 821
182 794
204 839
46 131
21 251
170 341
270 351
4 366
2 536
496 576
456 684
625 704
454 763
785 816
312 819
845 875
492 947
216 964
35 268
151 307
384 415
283 433
135 669
523 892
934 961
303 340
311 597
606 793
237 291
109 347
140 383
320 390
67 757
40 861
318 903
390 938
740 967
155 223
328 403
645 692
247 723
32 77
24 380
446 977
358 451
672 774
798 822
69 283
35 342
347 634
524 697
152 763
319 806
811 840
309 874
495 879
315 910
499 974
371 392
463 664
160 802
369 832
497 632
209 935
16 942
355 943
908 982
78 164
56 160
248 447
437 461
472 506
58 623
86 674
251 701
449 782
223 306
24 365
228 586
543 617
596 801
196 831
780 844
795 937
759 971
22 199
45 275
20 29
71 214
416 512
86 812
313 966
50 183
97 371
317 537
770 776
235 815
468 905
604 946
52 947
42 110
189 277
300 334
6 501
487 728
327 360
588 686
105 578
107 125
94 479
161 665
226 964
232 416
219 489
218 791
690 965
223 348
217 547
390 655
66 711
143 785
413 903
187 579
48 729
561 947
41 353
187 463
376 501
27 569
120 579
344 687
493 859
501 907
878 999
296 611
140 711
456 753
541 953
210 329
582 976
938 982
5 307
284 327
337 663
316 714
758 766
52 839
809 857
685 858
52 99
50 565
283 764
532 945
25 954
504 968
92 990
332 428
189 704
533 889
87 335
150 352
178 482
541 608
467 706
676 910
227 931
484 995
228 996
9 222
380 619
128 746
85 795
331 844
664 890
8 914
754 917
159 931
449 993
19 250
346 357
527 542
548 558
604 635
75 748
303 902
855 920
531 548
294 622
1 922
525 637
360 790
343 345
439 554
369 569
382 638
6 159
194 247
236 275
516 606
654 675
448 706
359 785
322 875
186 934
39 194
540 633
579 664
593 731
747 763
212 792
94 290
81 395
305 853
227 893
183 262
388 513
77 621
228 725
271 787
3 884
74 884
215 917
535 926
514 959
287 346
278 426
332 468
437 521
52 561
479 691
344 757
284 790
226 364
681 784
650 759
77 105
167 196
23 227
40 417
330 484
375 553
81 659
516 762
390 773
614 866
803 937
655 951
427 555
855 933
119 221
323 362
502 640
94 691
60 720
66 521
466 580
642 944
167 437
518 875
246 997
113 302
412 808
573 889
138 192
201 264
50 271
191 347
208 395
291 790
533 833
204 873
490 898
604 997
476 912
892 924
481 988
0 683
529 697
207 213
682 869
72 233
19 395
73 629
393 649
405 736
936 977
207 351
223 589
691 828
183 950
0 1
627 676
187 890
842 940
224 354
119 356
66 461
120 463
530 610
49 620
461 711
613 828
413 983
83 184
130 601
537 918
178 921
78 249
105 976
789 989
199 580
295 634
468 796
10 798
543 813
155 377
318 409
89 610
532 810
479 850
524 884
55 698
331 780
813 917
164 442
384 570
495 619
492 632
110 666
574 708
173 757
59 759
174 797
169 891
387 450
165 670
257 725
328 780
311 822
519 653
44 422
325 473
524 529
534 613
669 820
95 941
223 377
211 386
299 400
267 454
376 678
326 712
701 747
818 829
140 668
712 744
2 80
260 383
213 507
653 682
631 693
641 716
342 757
718 877
642 949
245 954
749 991
145 271
4 545
364 550
115 791
85 803
113 835
257 560
492 788
728 826
784 837
745 973
349 989
268 313
382 495
89 606
671 761
539 782
613 827
425 921
13 544
208 546
262 546
480 608
444 685
301 686
691 698
521 711
526 810
788 839
176 852
304 877
856 879
769 885
253 981
210 520
15 684
636 893
181 953
162 560
176 565
469 823
500 844
223 924
553 992
125 256
273 508
537 637
328 932
42 968
17 282
268 342
23 636
91 683
304 699
776 895
63 260
56 357
247 612
244 633
290 850
724 927
53 368
208 659
294 801
547 892
66 383
394 538
276 543
613 698
620 811
339 835
385 873
564 961
289 306
429 537
43 583
42 838
306 377
184 523
226 765
130 842
322 845
412 916
281 932
234 943
213 483
575 804
341 909
164 261
51 394
270 453
24 495
464 638
699 718
231 805
319 828
301 907
79 919
29 952
524 992
149 234
365 477
250 916
189 939
198 967
154 458
49 606
524 930
31 950
42 141
451 598
364 901
782 993
127 554
198 663
305 680
470 873
788 947
199 466
351 507
39 612
677 695
440 897
82 421
75 896
159 376
365 619
600 678
151 885
61 92
6 376
341 501
90 507
55 319
142 368
446 591
587 698
49 840
134 933
53 958
291 327
428 502
320 539
11 556
23 627
537 705
379 770
220 814
312 854
600 907
83 949
249 261
181 614
573 771
721 897
178 230
588 678
350 773
632 960
162 975
903 983
48 349
81 546
609 767
416 477
577 609
0 857
80 864
254 926
469 570
587 710
740 755
89 793
415 823
144 835
205 870
884 930
973 990
296 342
1 402
400 451
508 511
159 531
247 539
265 545
497 561
177 775
681 779
743 793
297 942
397 947
34 439
206 844
381 425
235 457
340 515
33 525
347 661
334 665
559 667
173 687
268 736
307 769
364 964
773 994
201 405
235 584
500 594
361 653
309 719
201 736
346 765
269 903
858 934
866 953
50 145
12 407
321 415
140 260
349 448
190 540
369 544
18 731
60 755
774 784
55 828
573 833
143 853
279 951
382 619
541 624
362 732
472 741
627 910
466 784
683 797
653 869
358 400
705 918
810 945
223 991
319 534
216 765
399 978
473 984
229 382
441 584
348 589
721 966
23 531
559 718
494 824
300 870
107 871
201 313
85 449
20 460
188 727
550 765
110 141
6 170
101 174
387 423
154 478
274 614
139 677
410 684
454 747
678 910
589 924
526 945
4 946
371 958
63 383
270 507
587 828
217 892
749 937
421 946
159 341
64 251
250 292
285 410
299 451
331 594
606 610
504 666
303 515
99 561
857 922
261 314
89 530
141 590
399 601
117 877
1 71
159 548
480 624
130 572
32 621
290 710
49 743
556 571
588 600
241 687
714 876
958 998
293 517
517 530
295 621
587 850
28 488
23 548
375 675
43 729
143 912
320 938
274 326
220 716
528 989
56 550
252 556
109 587
454 690
362 503
785 912
38 70
257 586
479 587
321 823
114 916
172 641
491 917
357 804
162 847
265 366
383 415
229 476
6 600
445 640
611 696
117 718
93 799
369 970
526 996
148 389
289 589
246 604
83 944
112 493
118 525
502 592
589 749
460 925
160 989
882 993
320 350
282 396
344 420
169 615
640 843
451 923
480 953
167 975
348 991
277 467
21 648
556 695
721 736
282 767
681 774
305 816
131 863
308 869
727 944
320 951
106 405
209 641
250 808
433 874
770 895
531 558
186 685
3 697
673 709
201 342
410 456
406 476
425 482
42 666
0 922
703 978
306 348
32 358
154 563
114 883
523 547
485 860
244 896
794 935
371 956
878 981
497 960
368 430
74 529
193 626
587 660
613 806
137 811
708 868
650 971
15 256
55 534
175 558
269 649
370 663
322 670
511 824
45 835
272 870
159 909
379 915
599 919
206 932
655 982
365 495
103 591
434 616
280 750
500 780
477 512
26 654
870 995
114 292
185 459
41 645
85 749
739 796
326 866
32 105
129 259
657 659
262 852
29 925
23 931
330 995
74 182
363 473
639 707
198 766
38 836
212 848
656 895
352 972
275 302
243 631
319 698
308 783
449 937
228 257
77 582
431 762
336 978
155 289
479 602
526 658
846 867
229 879
264 268
282 577
120 664
445 905
163 942
67 268
65 398
48 411
269 413
102 514
376 531
188 642
601 703
551 775
32 400
104 540
390 723
475 735
116 989
204 385
613 661
181 480
41 491
239 648
35 687
255 481
639 775
148 832
113 275
316 480
343 489
6 558
557 558
214 666
204 788
290 828
36 107
124 742
749 803
66 437
431 610
590 836
597 985
197 457
458 482
498 919
86 231
39 539
387 595
147 726
155 749
560 750
26 542
491 645
533 771
194 994
67 296
206 331
173 420
491 543
705 846
612 937
45 964
584 819
71 402
366 421
58 489
186 564
219 623
531 636
468 640
515 678
565 787
75 837
350 539
389 832
400 904
117 699
11 770
664 799
743 811
633 834
447 903
907 909
747 965
939 965
67 201
157 505
453 584
396 767
422 893
245 572
342 687
863 911
236 964
263 977
74 697
258 766
8 888
128 987
9 325
330 426
109 698
510 883
562 889
194 350
5 428
479 710
693 813
833 889
886 926
157 355
229 406
29 460
163 696
623 712
154 750
625 939
113 963
673 791
147 258
361 443
84 567
282 609
288 762
720 817
691 850
265 946
83 188
428 468
380 856
214 922
148 465
66 469
290 602
343 647
77 743
397 788
924 991
350 390
330 596
286 603
750 847
184 727
702 768
25 940
354 971
328 688
87 716
267 747
679 881
279 982
35 264
181 326
378 382
421 545
566 574
553 675
725 750
310 989
248 263
138 412
161 453
462 514
396 577
513 581
605 639
171 644
249 762
114 808
730 826
543 917
715 998
52 492
174 566
639 836
31 183
392 414
85 612
515 686
763 965
290 698
291 776
395 883
208 950
217 289
82 366
534 760
172 794
151 807
667 877
837 896
50 950
81 950
179 312
483 772
250 883
424 897
24 406
292 412
140 521
468 843
312 900
297 921
591 977
123 761
793 811
730 906
21 148
73 271
268 405
17 470
227 531
48 583
173 611
511 820
70 849
128 419
140 461
464 573
32 582
532 897
640 905
26 116
450 498
116 527
411 648
215 702
672 779
783 869
629 941
105 743
17 767
237 790
0 101
558 636
263 756
519 858
591 893
678 909
575 962
13 786
240 500
224 567
691 710
203 773
798 985
176 271
545 635
66 668
438 486
494 820
7 222
256 410
305 476
611 757
53 956
669 958
278 960
755 967
9 984
930 992
215 491
94 828
665 980
10 311
248 413
298 553
17 577
156 821
24 856
535 820
507 772
660 828
428 885
37 235
25 245
31 395
587 602
109 634
136 679
661 698
15 753
513 755
447 756
5 769
592 769
150 881
727 924
289 991
643 996
216 550
583 670
296 687
688 689
502 707
682 797
173 296
97 414
494 508
287 962
206 403
422 446
74 641
527 789
18 942
237 284
114 395
143 680
19 781
121 870
240 331
115 399
181 541
364 791
580 800
211 911
74 935
30 954
462 959
253 992
295 517
94 587
335 644
491 692
8 14
247 320
24 382
494 535
64 701
115 703
334 900
422 936
392 998
1 214
169 708
411 729
725 847
246 259
7 325
313 405
140 437
428 592
397 609
324 610
552 642
669 715
209 716
97 956
414 998
521 541
276 693
297 696
100 807
364 765
418 877
7 473
326 734
307 807
160 357
464 533
532 658
672 681
335 805
606 840
761 874
716 935
513 967
251 277
154 560
550 802
689 825
384 953
64 467
455 525
56 765
38 775
883 906
637 918
260 563
125 684
261 902
38 177
37 197
72 338
186 444
341 558
139 571
189 625
531 627
443 682
458 696
418 699
213 756
642 795
110 968
130 978
53 61
39 773
110 372
151 592
147 720
289 348
71 372
622 667
353 692
445 796
803 991
286 359
76 435
50 546
465 569
193 642
96 805
86 814
437 831
236 835
686 907
138 916
98 945
913 971
831 975
55 347
149 355
346 575
32 904
229 380
57 467
626 642
656 776
672 837
372 968
229 495
289 892
727 892
102 285
97 407
393 522
461 541
475 602
592 605
406 619
267 701
502 885
725 996
308 361
359 603
174 751
618 899
656 915
139 252
820 998
54 322
278 484
150 679
156 777
378 816
153 979
84 232
278 330
339 427
312 441
244 540
350 612
299 621
167 711
264 736
263 903
188 937
115 218
61 254
500 643
667 699
58 744
35 757
2 36
9 363
135 392
10 784
156 860
162 478
430 745
653 797
475 850
479 735
237 327
296 344
217 924
354 759
138 250
305 359
372 504
500 586
164 762
157 274
353 491
543 645
622 801
138 808
20 862
494 886
155 924
303 314
341 376
380 382
395 657
75 834
443 869
559 622
224 650
252 677
646 705
72 709
241 757
464 771
402 809
724 860
9 867
521 953
337 967
224 416
471 616
637 646
629 787
568 919
71 928
391 998
198 388
235 722
90 351
151 428
431 793
132 860
36 871
392 956
427 962
263 983
165 411
462 493
544 569
614 624
96 644
571 677
485 777
361 783
780 932
752 972
951 982
371 998
243 693
171 245
31 292
387 547
320 723
39 320
59 650
26 789
267 832
477 879
257 643
254 958
253 298
378 464
442 516
341 600
225 751
822 985
4 421
615 618
402 683
254 820
97 998
230 482
197 722
58 108
15 536
49 610
247 773
46 863
483 977
117 304
293 347
238 445
316 541
304 559
441 819
110 838
480 866
169 899
765 901
375 930
612 994
343 486
478 560
509 630
14 787
169 887
441 457
527 528
377 589
653 685
340 686
712 734
156 778
476 816
194 937
490 948
424 966
440 966
23 471
31 659
722 778
566 887
469 953
858 961
194 991
103 263
435 580
534 661
138 781
14 73
7 131
162 167
142 475
407 496
26 528
347 698
754 768
681 798
739 905
357 550
83 642
21 701
337 758
663 766
76 800
152 939
376 558
231 644
19 659
411 670
749 795
782 882
255 919
424 952
383 469
357 802
85 188
206 500
288 516
317 646
286 652
614 712
2 864
405 966
392 407
92 745
110 849
183 852
152 454
89 620
499 671
641 794
590 838
90 207
468 502
501 678
232 477
227 558
501 588
87 805
248 903
260 478
207 772
462 859
76 982
444 519
191 613
510 906
52 204
186 519
367 581
241 593
90 778
714 830
473 867
106 201
548 893
250 395
448 467
322 518
592 707
748 774
99 873
97 135
78 314
159 557
117 622
191 698
329 923
544 970
103 983
272 995
534 827
345 489
157 234
185 387
162 563
254 669
827 828
398 871
529 930
721 810
185 595
336 881
841 997
155 194
253 375
481 599
502 605
265 635
11 656
109 691
602 691
720 726
487 730
589 803
461 953
612 991
85 194
339 374
324 530
147 665
535 669
592 851
893 936
145 262
539 612
561 839
787 852
669 926
54 518
39 749
681 837
207 453
293 621
186 694
203 723
635 946
346 962
649 983
66 260
289 377
572 881
15 894
14 941
745 990
203 994
159 175
375 524
411 583
561 632
539 655
944 949
413 977
11 379
66 415
284 510
572 601
561 609
247 749
476 785
50 787
497 788
180 869
440 952
842 954
255 450
220 674
135 820
458 921
377 991
159 501
279 539
109 828
316 830
900 980
53 392
107 456
380 477
391 669
235 312
475 479
409 488
320 773
466 779
323 799
417 861
118 432
415 668
31 781
727 803
23 893
199 882
6 907
130 940
697 992
129 997
140 469
79 481
53 97
106 153
155 306
158 443
344 611
174 682
586 725
523 727
245 737
661 828
401 873
588 907
98 952
57 251
481 498
660 698
748 837
77 299
139 379
254 494
30 542
492 609
606 620
388 755
220 812
386 911
35 106
229 365
617 813
59 436
683 857
65 100
180 308
226 550
191 634
389 763
403 780
161 312
279 350
62 412
423 450
33 617
246 635
414 669
218 709
726 740
257 750
5 885
851 885
452 920
937 944
426 995
284 291
9 429
658 810
46 404
120 420
303 509
194 539
340 588
147 755
37 778
584 854
98 862
541 866
29 98
169 574
89 840
382 879
66 384
516 610
11 677
352 679
765 804
233 825
544 832
3 878
511 535
331 643
938 951
777 965
408 644
272 841
332 859
114 138
3 202
10 672
614 734
644 737
125 753
75 774
794 884
285 728
376 931
262 565
436 650
94 698
57 704
667 718
130 954
388 581
404 652
643 725
702 754
446 983
218 364
560 563
351 584
465 648
276 754
412 781
640 796
897 966
89 431
52 497
564 858
539 951
67 344
290 735
908 951
3 999
63 230
213 270
506 672
251 467
438 651
152 701
189 701
672 748
208 781
833 913
481 919
258 967
180 443
419 489
19 510
418 667
336 679
28 786
660 850
45 901
632 947
572 954
62 250
214 504
294 841
341 907
186 961
84 224
165 465
366 545
321 384
103 413
148 701
194 723
743 976
121 665
130 738
238 551
619 856
269 393
10 779
338 825
515 902
112 462
61 535
85 944
535 958
324 439
389 747
534 806
643 844
91 101
392 715
279 773
588 909
338 673
847 975
180 361
61 368
391 392
331 586
412 629
159 636
10 774
719 874
5 332
237 776
853 912
469 521
77 598
336 601
319 661
807 885
183 271
140 415
194 589
238 640
139 695
64 704
483 756
215 768
558 909
366 946
266 796
120 890
759 913
804 962
162 257
582 743
310 789
71 857
257 975
203 353
648 670
516 793
531 910
184 949
247 390
142 430
170 501
308 519
429 637
132 778
452 855
447 983
108 326
52 397
161 584
148 648
658 844
131 325
155 612
265 604
617 645
16 696
440 810
526 897
341 557
114 208
43 298
442 509
642 803
362 890
816 912
553 981
119 436
49 530
286 853
158 869
485 927
652 948
362 664
99 947
291 360
317 637
109 191
38 238
211 286
304 360
167 461
73 565
159 600
670 729
267 763
209 814
490 871
184 892
397 960
39 390
205 841
75 244
143 359
578 743
629 808
861 947
50 176
316 876
69 433
297 482
476 619
474 741
128 876
36 898
904 923
126 149
162 196
148 251
210 373
598 621
336 738
581 740
508 926
3 930
348 994
104 552
22 580
219 662
280 696
260 711
248 756
433 764
177 445
182 529
44 649
258 755
584 900
208 292
321 469
618 742
85 782
112 514
600 686
724 777
144 964
205 995
586 996
73 183
779 896
113 339
566 751
811 976
560 725
97 391
382 464
384 608
268 721
89 743
92 886
444 961
318 413
71 986
310 357
587 735
92 973
376 588
20 628
674 805
120 187
84 416
276 491
589 612
292 629
309 630
97 715
98 810
108 830
559 877
511 886
734 915
74 930
444 934
915 943
133 956
675 992
22 993
239 322
286 680
147 758
441 854
977 983
77 620
925 933
493 959
63 818
519 869
236 901
30 130
31 262
109 290
231 408
44 446
312 453
183 565
647 662
187 664
132 777
230 818
480 830
775 836
466 837
7 984
90 235
806 828
221 225
440 532
707 775
612 803
62 916
48 989
44 522
662 744
395 781
562 851
545 997
284 360
288 442
195 792
136 881
64 939
188 991
275 339
350 655
534 713
491 754
47 763
443 783
445 829
628 925
37 441
1 857
121 900
390 982
99 492
358 621
109 661
396 699
352 752
75 779
143 816
50 73
453 507
310 527
326 624
870 980
379 895
19 208
72 281
185 423
431 442
526 532
204 561
605 851
0 71
144 302
134 855
717 920
465 970
158 361
461 469
191 534
422 591
4 604
115 673
981 992
262 271
281 328
684 864
230 425
277 701
322 583
277 706
258 726
62 781
214 928
671 719
529 794
747 939
183 208
107 256
258 337
35 405
418 577
276 617
311 681
727 795
505 823
829 843
136 978
112 126
83 523
383 711
274 712
279 723
680 912
306 924
215 276
105 620
517 634
394 728
274 915
154 847
646 918
773 938
190 993
377 994
59 356
160 448
280 478
420 731
153 733
170 907
782 937
417 960
162 437
148 454
89 517
34 554
609 632
683 694
287 706
520 735
81 781
70 836
157 915
73 941
626 949
137 288
264 313
359 378
525 537
471 627
153 799
62 808
434 817
815 819
512 856
531 909
82 195
158 308
584 815
328 844
761 974
447 977
367 388
824 873
392 958
62 114
74 172
209 220
92 254
12 474
531 678
475 710
198 758
191 828
91 857
605 885
908 938
701 939
81 114
208 250
178 381
49 431
428 640
132 722
348 749
457 815
340 902
523 924
254 998
189 251
138 292
225 356
29 628
572 978
390 994
19 81
204 470
704 965
160 349
167 521
657 730
714 746
659 883
222 984
608 614
690 701
470 609
9 646
429 705
418 767
31 114
263 269
95 273
7 363
368 371
175 548
127 581
219 744
612 782
183 787
657 826
918 955
560 975
60 258
84 512
292 546
301 588
525 646
698 827
731 942
67 173
457 507
527 654
394 826
256 864
320 982
383 384
758 967
795 991
111 195
24 476
254 511
120 593
162 711
594 780
235 819
43 845
170 909
166 973
849 986
173 696
55 109
41 203
248 318
287 357
211 404
239 411
351 457
234 505
564 694
513 726
406 879
657 883
269 318
239 465
346 555
805 812
2 490
429 525
78 902
238 639
58 662
168 862
217 306
86 716
550 791
55 827
182 884
132 927
839 947
188 589
727 949
749 994
14 273
217 523
569 832
801 841
57 939
897 945
218 964
726 967
376 907
492 960
159 227
365 406
332 502
259 662
539 723
508 820
347 828
61 886
98 460
355 505
6 557
139 656
128 714
31 916
629 916
280 563
802 989
17 401
392 669
57 701
507 722
188 749
157 943
68 950
104 193
120 241
266 321
111 339
61 371
318 393
102 410
309 433
37 507
249 509
10 597
521 608
422 636
298 654
277 704
115 738
139 770
242 872
700 872
771 889
332 905
576 956
275 963
860 965
63 969
87 641
610 793
106 268
45 302
226 357
640 707
542 802
809 922
535 998
360 396
17 561
518 845
126 146
227 422
603 680
559 699
362 799
3 74
217 223
623 830
839 873
376 910
16 921
17 397
98 628
634 661
575 706
441 722
612 723
194 348
502 551
661 713
440 721
769 851
483 591
185 547
252 662
191 713
589 727
706 804
172 865
134 925
188 949
247 279
474 576
3 992
113 144
220 231
71 333
288 431
361 519
384 521
4 635
491 813
37 132
78 442
15 456
622 677
313 897
97 958
448 989
886 990
287 555
245 940
11 559
469 608
384 624
183 629
298 675
655 773
586 847
409 903
81 183
486 489
103 269
515 600
517 621
700 742
672 784
171 805
137 840
246 841
94 850
766 967
44 269
127 439
807 851
103 483
660 710
77 578
267 690
676 929
280 560
98 658
457 778
385 839
129 841
427 901
168 952
673 964
190 244
21 267
81 292
219 343
449 539
161 720
609 788
86 805
862 925
824 926
268 966
881 972
0 91
31 250
450 595
33 637
34 713
172 716
176 768
398 807
394 894
230 921
957 988
63 140
117 418
455 617
603 652
765 802
396 877
175 931
946 997
27 369
571 662
312 665
754 813
781 883
295 347
317 429
269 446
267 465
385 494
308 653
378 680
555 575
109 710
375 697
691 735
83 803
578 811
464 833
497 861
306 589
628 689
621 904
35 296
175 341
345 438
197 584
5 592
353 702
194 803
31 808
104 190
222 363
21 467
485 778
479 828
333 849
495 856
124 899
358 923
893 931
727 991
25 30
251 267
226 346
103 422
527 802
124 872
868 887
390 951
91 186
81 250
419 876
265 421
655 908
368 958
201 966
230 260
114 510
662 695
0 797
10 822
406 856
466 896
6 931
390 539
371 669
332 796
348 924
320 994
140 384
174 683
501 686
91 797
7 863
742 872
707 885
404 948
8 273
443 566
403 932
417 426
304 667
198 740
73 852
163 921
620 976
461 608
668 711
318 983
250 510
339 651
602 660
76 951
203 377
99 385
458 750
160 789
922 928
214 968
255 988
147 334
815 854
35 313
445 468
107 490
200 496
310 550
97 576
179 584
577 632
57 706
407 956
198 258
116 310
23 315
612 795
540 834
408 972
340 509
303 588
228 847
478 847
285 753
416 856
242 868
819 900
101 653
547 924
101 682
638 816
820 886
183 292
19 657
476 680
719 761
216 357
282 470
87 644
201 721
544 786
586 844
14 95
171 231
10 506
420 687
16 731
618 872
39 279
97 669
317 846
739 859
372 922
308 685
83 795
690 939
44 983
378 603
251 747
125 410
32 451
195 651
389 690
589 795
314 929
59 971
98 440
364 673
652 898
155 994
329 520
35 736
453 900
694 934
281 963
586 975
135 371
10 985
43 48
642 727
460 862
655 723
191 319
480 521
459 607
449 612
468 739
148 747
461 831
739 843
774 896
1 372
42 372
474 496
233 673
350 749
424 810
601 842
708 872
98 897
550 901
92 958
445 969
737 972
539 994
389 465
499 630
63 829
266 905
108 219
59 221
384 461
133 496
6 531
347 587
129 604
105 621
495 638
606 762
353 773
94 827
446 893
393 903
852 950
12 956
135 958
269 447
170 557
632 767
590 849
627 931
280 482
310 528
92 535
310 542
448 804
307 885
372 928
214 986
615 708
524 878
83 892
130 399
207 483
229 638
72 689
583 845
719 974
261 442
294 596
413 756
748 779
20 952
53 142
45 427
263 446
465 544
548 557
206 594
585 595
124 615
469 668
503 799
509 902
77 976
524 981
53 998
19 906
849 928
823 953
318 447
247 655
194 782
476 853
332 462
424 532
37 815
114 659
67 264
218 338
89 516
269 522
400 582
57 625
245 644
592 807
237 895
261 929
202 981
937 991
282 401
5 462
301 501
368 956
947 960
461 480
15 80
149 493
454 701
229 816
824 886
196 437
21 64
17 492
376 548
606 743
240 780
427 835
926 998
11 776
381 921
21 411
407 414
105 598
408 805
312 815
191 293
150 752
640 775
379 776
6 175
349 789
277 939
7 9
94 319
215 353
337 388
92 430
298 528
582 598
578 620
309 761
580 784
266 859
223 892
406 912
557 931
61 998
5 807
300 995
1 683
698 806
711 831
765 964
413 446
103 447
383 570
715 820
354 416
166 861
449 882
131 222
313 342
37 351
419 438
163 593
530 606
155 803
424 862
895 915
393 983
161 351
235 351
247 782
756 977
245 408
882 951
159 170
506 741
603 853
100 871
496 956
148 369
198 370
24 477
74 524
392 576
175 636
206 688
508 824
47 690
116 298
278 417
285 487
238 707
55 806
20 134
147 161
21 165
432 455
501 558
208 916
909 931
49 77
457 584
566 682
134 717
424 721
209 794
49 811
215 813
125 871
895 943
611 687
67 241
342 344
219 419
156 485
62 510
246 647
701 763
538 728
17 788
19 292
42 504
16 593
363 846
250 412
315 531
149 943
22 466
19 916
397 577
110 590
479 698
605 775
93 979
45 339
77 358
374 427
385 511
314 515
585 607
551 640
116 654
330 801
106 979
90 197
99 397
469 624
246 545
621 743
716 814
111 212
213 351
344 593
300 665
563 711
94 806
44 936
349 411
228 526
348 612
403 689
306 919
884 992
302 427
110 214
520 602
551 836
440 862
78 929
678 686
1 751
555 804
748 896
532 952
61 990
553 654
324 713
216 791
239 569
301 600
613 691
772 778
72 825
521 831
306 991
130 245
152 267
531 600
242 700
145 787
563 847
753 894
633 896
921 942
19 31
132 156
185 523
38 639
129 647
349 706
60 817
435 888
840 976
217 387
101 402
192 412
431 840
279 908
963 987
483 936
56 346
152 704
428 769
334 870
208 262
226 427
173 593
623 662
360 718
351 722
720 755
697 794
722 815
246 946
846 984
56 989
944 991
16 18
288 309
235 453
734 744
403 844
611 750
397 767
326 608
39 655
130 703
91 402
143 476
104 626
90 453
133 475
319 691
478 711
179 900
603 816
515 910
4 82
349 729
449 795
685 934
196 240
49 517
34 610
315 678
235 854
861 960
81 262
236 302
196 594
373 735
141 849
657 906
161 334
95 508
596 667
201 687
445 775
679 855
788 873
437 975
881 978
172 182
90 213
68 262
220 805
534 828
134 452
519 682
661 760
105 840
784 896
696 921
66 953
85 991
145 183
160 765
717 855
529 999
241 296
291 304
582 620
20 933
269 977
297 458
315 616
231 737
796 829
115 842
1 504
162 831
707 851
14 629
90 270
263 772
372 986
332 640
289 727
190 834
36 125
163 173
105 299
328 331
365 382
143 386
214 402
163 420
23 558
548 627
236 673
268 687
268 757
137 793
199 800
777 821
95 824
283 874
435 908
886 958
701 965
630 974
45 226
421 604
596 622
227 627
147 900
94 710
0 809
289 547
182 935
142 956
835 963
229 378
49 516
616 676
216 218
62 292
337 370
395 546
342 611
253 675
388 726
193 795
10 837
195 848
190 193
61 430
383 521
157 734
178 818
502 905
379 556
61 669
64 706
194 795
606 811
229 856
684 894
192 282
349 528
112 859
105 400
132 457
99 470
389 701
509 762
208 808
468 859
854 900
491 617
619 638
251 648
534 698
526 721
732 799
195 374
353 645
454 832
98 424
202 529
163 731
574 868
206 240
58 419
34 530
616 627
319 660
546 781
632 788
667 801
77 840
224 232
354 436
90 772
203 350
458 478
18 593
157 614
51 728
315 929
485 722
173 342
160 550
482 696
701 704
326 744
492 839
749 944
295 299
272 330
371 414
477 495
789 802
716 805
635 841
694 857
83 924
832 970
63 415
65 871
176 262
466 681
106 733
321 739
546 852
355 915
214 333
39 348
357 364
15 410
458 563
250 659
344 696
436 759
145 768
737 805
660 827
594 844
539 882
144 901
407 474
141 666
203 692
360 699
232 856
291 895
589 944
264 966
144 339
226 555
546 659
23 910
412 941
383 461
225 574
55 691
618 891
736 897
377 924
18 333
94 602
605 640
480 714
382 816
385 886
427 964
216 346
499 719
45 216
524 553
170 600
676 678
834 837
800 908
542 940
93 106
154 162
77 400
334 758
756 778
204 824
404 911
429 918
188 924
121 179
459 595
630 671
100 769
454 965
70 590
347 613
296 696
55 713
649 903
193 944
258 334
264 342
299 582
558 600
85 993
32 578
521 624
104 633
6 678
641 697
338 703
96 716
665 720
377 749
286 785
249 902
770 915
194 377
483 507
589 937
230 969
1 101
90 441
528 654
109 850
3 981
203 348
179 441
316 831
249 314
159 678
341 931
39 155
151 332
249 516
497 609
539 749
287 765
507 778
292 395
191 517
55 587
627 636
39 782
361 797
372 849
641 884
829 905
572 940
164 516
230 563
506 798
608 823
555 901
702 938
44 103
133 142
158 242
109 293
189 467
138 510
75 672
223 749
755 758
712 830
502 843
123 874
723 938
381 942
614 953
527 989
118 637
25 335
140 563
362 564
466 774
578 840
572 842
280 847
599 880
350 938
936 983
175 422
429 473
529 992
2 15
31 50
94 613
19 808
81 916
791 964
539 993
126 234
220 641
294 677
181 712
201 757
238 843
259 343
394 657
259 695
21 277
27 544
241 611
526 643
660 735
106 736
378 853
359 912
546 916
82 212
551 592
323 664
191 760
295 358
637 705
624 823
274 866
693 917
114 412
533 562
562 573
880 918
127 929
426 960
325 984
922 986
259 604
517 610
23 676
136 738
864 894
839 990
257 996
194 449
280 611
627 678
55 760
320 782
542 842
712 866
787 941
45 113
375 654
618 868
67 106
216 236
226 236
422 548
115 601
108 614
314 676
34 760
304 790
391 820
284 906
678 907
29 168
17 396
507 756
263 483
6 548
107 684
46 911
175 227
37 485
623 876
59 354
321 383
287 448
520 710
314 910
550 964
160 528
256 536
49 621
32 743
449 749
152 777
91 809
753 864
384 866
471 893
78 439
295 904
686 909
116 160
178 458
501 531
450 547
509 719
843 969
981 999
23 159
161 270
505 570
67 611
447 772
113 987
239 583
679 972
0 174
336 399
207 457
48 528
170 558
403 658
343 662
60 665
303 686
72 688
546 808
391 822
670 845
643 847
532 862
799 890
589 892
838 968
563 668
543 692
146 237
77 295
800 888
708 891
312 351
380 406
164 509
432 525
215 543
64 625
407 741
71 809
105 811
516 840
484 870
669 886
920 925
642 937
141 968
375 981
810 996
310 349
297 425
119 504
136 601
530 713
463 799
694 809
300 900
147 980
369 389
71 666
352 881
199 896
552 949
506 681
108 734
47 156
165 322
93 323
307 428
110 504
85 642
345 647
794 865
803 924
290 475
382 476
437 541
396 609
559 677
253 524
25 644
120 799
685 869
48 448
230 458
285 514
137 620
529 878
594 932
35 344
13 369
11 571
628 688
360 877
641 930
154 482
273 511
557 636
420 757
844 945
87 220
489 623
170 175
116 349
587 613
272 801
660 806
601 881
144 963
254 990
579 593
461 624
549 966
