1000 4000 51.86520991955976 sparse
0 566 853
1 997 416
2 126 135
3 679 962
4 4 692
5 562 525
6 539 819
7 922 807
8 4 605
9 336 210
10 280 501
11 428 929
12 547 235
13 487 351
14 37 92
15 133 598
16 729 605
17 299 356
18 876 636
19 778 882
20 531 950
21 730 603
22 97 469
23 446 643
24 50 187
25 746 950
26 776 940
27 917 151
28 21 602
29 715 150
30 810 126
31 242 821
32 120 104
33 680 843
34 831 337
35 539 678
36 279 255
37 143 646
38 691 1000
39 960 845
40 777 19
41 708 186
42 790 446
43 705 698
44 92 151
45 61 258
46 474 180
47 519 942
48 847 317
49 491 326
50 131 329
51 761 883
52 733 577
53 551 520
54 298 437
55 623 616
56 611 404
57 478 736
58 412 254
59 35 117
60 26 48
61 941 528
62 375 424
63 794 131
64 559 572
65 57 381
66 845 251
67 847 389
68 785 221
69 373 640
70 916 79
71 199 560
72 353 805
73 880 568
74 689 881
75 30 917
76 145 459
77 161 755
78 439 278
79 559 401
80 259 184
81 280 209
82 911 507
83 731 493
84 473 53
85 306 680
86 620 167
87 738 881
88 59 42
89 203 66
90 701 345
91 758 801
92 336 94
93 698 371
94 909 502
95 225 880
96 132 869
97 531 244
98 961 956
99 372 644
100 640 718
101 61 155
102 533 11
103 951 363
104 440 794
105 448 505
106 331 417
107 83 949
108 384 534
109 381 86
110 751 568
111 181 455
112 328 333
113 865 120
114 344 132
115 731 10
116 45 372
117 646 515
118 117 91
119 378 652
120 28 502
121 146 51
122 87 139
123 336 335
124 841 534
125 422 615
126 156 26
127 557 987
128 703 70
129 941 312
130 179 708
131 319 245
132 764 475
133 84 85
134 675 868
135 916 390
136 149 189
137 299 444
138 280 999
139 145 678
140 493 123
141 935 624
142 100 721
143 908 855
144 430 492
145 668 916
146 834 238
147 82 816
148 4 167
149 119 363
150 76 84
151 714 610
152 147 984
153 565 229
154 659 114
155 321 124
156 665 831
157 195 778
158 337 896
159 910 664
160 641 416
161 520 453
162 782 656
163 154 673
164 563 688
165 661 115
166 1000 520
167 183 975
168 10 413
169 600 337
170 795 438
171 907 871
172 814 14
173 467 748
174 898 430
175 112 25
176 673 392
177 417 962
178 226 978
179 879 542
180 820 461
181 17 31
182 984 183
183 478 779
184 637 66
185 227 666
186 355 607
187 436 729
188 322 512
189 190 321
190 262 421
191 942 173
192 680 820
193 134 155
194 276 623
195 215 965
196 825 819
197 301 373
198 157 95
199 9 492
200 990 602
201 193 82
202 25 23
203 957 679
204 107 839
205 568 349
206 279 903
207 372 431
208 302 541
209 831 44
210 298 742
211 927 662
212 58 836
213 576 245
214 595 699
215 153 115
216 671 485
217 769 653
218 584 517
219 7 925
220 216 313
221 656 246
222 610 871
223 495 770
224 281 966
225 420 987
226 22 150
227 349 71
228 179 687
229 399 593
230 889 767
231 607 379
232 486 493
233 662 162
234 42 793
235 699 144
236 704 147
237 98 78
238 437 696
239 126 75
240 565 376
241 951 74
242 240 1000
243 360 536
244 606 452
245 328 6
246 599 22
247 778 355
248 141 819
249 30 336
250 848 496
251 651 392
252 254 74
253 489 799
254 694 480
255 419 406
256 205 280
257 392 607
258 752 583
259 198 753
260 942 926
261 710 60
262 75 282
263 794 274
264 658 615
265 246 923
266 814 893
267 697 575
268 790 514
269 577 949
270 5 397
271 646 40
272 314 615
273 657 904
274 615 118
275 628 288
276 601 202
277 962 542
278 741 118
279 764 443
280 97 536
281 586 136
282 891 173
283 317 353
284 955 886
285 725 372
286 238 180
287 212 851
288 972 515
289 762 455
290 133 782
291 93 517
292 517 365
293 885 773
294 557 814
295 936 743
296 517 972
297 55 198
298 893 250
299 510 558
300 920 494
301 806 985
302 493 62
303 632 257
304 566 328
305 773 850
306 354 496
307 909 245
308 95 241
309 834 757
310 193 625
311 300 544
312 634 901
313 882 602
314 248 273
315 80 953
316 878 674
317 96 288
318 865 51
319 474 392
320 545 735
321 6 67
322 465 99
323 156 585
324 361 916
325 821 181
326 540 457
327 875 144
328 640 982
329 844 724
330 844 621
331 226 297
332 684 638
333 376 941
334 963 136
335 708 829
336 97 323
337 819 196
338 885 927
339 587 146
340 589 892
341 294 897
342 874 492
343 916 112
344 138 148
345 965 114
346 751 429
347 336 225
348 463 433
349 241 799
350 637 291
351 557 726
352 478 803
353 369 134
354 688 454
355 742 101
356 250 451
357 225 126
358 562 208
359 415 709
360 735 956
361 467 511
362 691 318
363 498 250
364 961 461
365 848 301
366 46 973
367 968 965
368 452 350
369 869 564
370 348 657
371 500 451
372 686 996
373 801 552
374 519 857
375 835 951
376 864 741
377 475 958
378 267 785
379 160 993
380 985 349
381 634 933
382 650 951
383 532 612
384 62 920
385 214 842
386 581 575
387 578 591
388 25 339
389 952 815
390 516 513
391 134 516
392 963 944
393 65 717
394 773 427
395 624 275
396 406 587
397 216 362
398 927 387
399 939 973
400 615 528
401 665 597
402 598 132
403 602 840
404 755 190
405 417 606
406 453 920
407 754 764
408 237 650
409 999 600
410 111 850
411 510 870
412 267 181
413 34 741
414 496 682
415 10 975
416 502 22
417 256 838
418 521 929
419 447 875
420 614 541
421 80 591
422 716 943
423 997 713
424 627 639
425 358 251
426 686 463
427 599 981
428 325 582
429 162 319
430 896 875
431 467 398
432 110 526
433 403 568
434 467 737
435 705 311
436 920 33
437 284 336
438 855 995
439 378 443
440 40 492
441 362 742
442 76 142
443 470 121
444 655 125
445 952 4
446 466 230
447 247 70
448 252 291
449 382 865
450 859 57
451 488 806
452 638 783
453 900 902
454 428 734
455 306 7
456 326 124
457 320 512
458 725 111
459 743 992
460 584 635
461 622 770
462 413 569
463 558 657
464 889 800
465 909 391
466 41 579
467 434 628
468 10 678
469 290 315
470 660 808
471 949 532
472 870 488
473 321 438
474 126 101
475 865 486
476 824 126
477 82 725
478 375 333
479 84 581
480 124 685
481 268 367
482 821 574
483 385 363
484 262 957
485 598 261
486 178 673
487 310 966
488 451 292
489 109 310
490 222 819
491 817 571
492 953 649
493 962 882
494 172 458
495 606 121
496 356 940
497 302 820
498 580 446
499 177 456
500 8 591
501 677 617
502 633 90
503 225 406
504 480 432
505 179 160
506 276 897
507 954 34
508 702 543
509 356 94
510 389 483
511 177 857
512 62 884
513 459 996
514 434 264
515 425 716
516 420 492
517 250 711
518 738 69
519 690 451
520 976 742
521 285 916
522 864 226
523 631 164
524 514 599
525 766 71
526 734 397
527 466 863
528 587 875
529 264 561
530 289 667
531 81 335
532 636 539
533 518 444
534 647 882
535 167 853
536 119 985
537 38 371
538 924 497
539 515 63
540 651 990
541 274 264
542 327 291
543 234 0
544 706 899
545 514 308
546 393 577
547 15 592
548 151 590
549 238 567
550 120 438
551 970 129
552 855 207
553 579 73
554 88 242
555 468 939
556 463 162
557 862 63
558 223 365
559 474 276
560 512 562
561 721 208
562 614 104
563 748 989
564 814 181
565 615 771
566 290 765
567 409 428
568 851 980
569 209 111
570 27 170
571 637 258
572 574 915
573 939 326
574 380 343
575 946 198
576 156 22
577 335 940
578 569 670
579 960 910
580 650 817
581 313 916
582 803 22
583 538 154
584 599 877
585 826 474
586 188 636
587 591 42
588 880 409
589 114 61
590 740 330
591 630 649
592 260 677
593 293 701
594 76 576
595 762 802
596 391 728
597 398 127
598 713 23
599 144 559
600 759 247
601 521 564
602 750 785
603 178 420
604 461 965
605 285 994
606 544 836
607 549 207
608 333 529
609 229 933
610 741 391
611 692 873
612 295 295
613 419 506
614 773 485
615 307 682
616 810 345
617 861 501
618 95 968
619 394 792
620 270 200
621 464 714
622 966 349
623 617 992
624 917 354
625 859 592
626 436 786
627 136 690
628 368 515
629 184 244
630 936 94
631 190 388
632 289 1
633 932 922
634 966 530
635 940 820
636 294 525
637 106 845
638 737 894
639 343 554
640 528 333
641 203 484
642 539 194
643 472 918
644 713 988
645 40 538
646 121 286
647 274 656
648 974 333
649 554 835
650 498 24
651 498 924
652 302 231
653 11 36
654 99 203
655 116 945
656 392 862
657 382 67
658 22 470
659 770 46
660 72 760
661 386 35
662 69 396
663 398 333
664 423 653
665 86 689
666 510 727
667 973 371
668 995 179
669 917 705
670 460 396
671 373 349
672 883 479
673 886 111
674 533 117
675 199 123
676 140 366
677 283 324
678 284 147
679 411 414
680 335 553
681 453 745
682 583 970
683 181 207
684 757 436
685 540 951
686 283 425
687 412 510
688 936 806
689 182 721
690 210 599
691 611 6
692 923 106
693 346 949
694 879 789
695 495 925
696 208 132
697 85 180
698 628 928
699 975 311
700 552 421
701 888 273
702 403 187
703 197 510
704 895 484
705 247 399
706 741 579
707 135 392
708 83 930
709 619 965
710 521 230
711 979 892
712 401 33
713 125 677
714 132 272
715 731 770
716 59 914
717 843 719
718 481 432
719 964 554
720 270 614
721 480 901
722 916 240
723 117 638
724 303 988
725 703 372
726 172 567
727 167 701
728 854 994
729 900 507
730 667 505
731 37 510
732 550 789
733 674 923
734 105 645
735 494 302
736 873 579
737 259 540
738 368 436
739 520 167
740 313 997
741 403 614
742 103 12
743 310 558
744 251 791
745 741 365
746 975 556
747 477 642
748 376 693
749 22 278
750 740 807
751 309 111
752 207 433
753 540 53
754 222 777
755 171 45
756 445 1000
757 391 155
758 827 168
759 223 178
760 405 233
761 812 107
762 879 460
763 59 956
764 326 666
765 78 697
766 549 903
767 696 538
768 61 754
769 261 264
770 409 15
771 285 119
772 549 801
773 167 400
774 133 578
775 405 306
776 252 50
777 483 402
778 583 952
779 52 605
780 158 344
781 963 217
782 857 461
783 671 183
784 773 620
785 71 409
786 599 922
787 719 734
788 287 782
789 932 835
790 472 402
791 22 469
792 228 820
793 681 568
794 777 719
795 691 334
796 100 172
797 735 261
798 536 552
799 217 378
800 688 487
801 162 957
802 284 284
803 244 935
804 678 559
805 32 427
806 9 304
807 233 210
808 77 756
809 949 96
810 149 38
811 75 282
812 990 521
813 4 63
814 729 39
815 364 645
816 108 290
817 706 97
818 884 565
819 120 638
820 978 121
821 435 363
822 919 387
823 528 312
824 94 38
825 427 888
826 739 556
827 655 643
828 298 644
829 689 606
830 381 90
831 415 52
832 162 689
833 115 735
834 964 467
835 680 500
836 944 936
837 768 166
838 435 896
839 961 138
840 736 693
841 270 53
842 670 358
843 656 102
844 34 433
845 159 524
846 377 293
847 604 475
848 462 730
849 404 487
850 882 128
851 602 283
852 577 481
853 88 948
854 234 30
855 255 601
856 232 96
857 913 414
858 37 971
859 101 816
860 568 686
861 894 73
862 206 556
863 361 55
864 108 554
865 930 454
866 228 730
867 932 637
868 686 563
869 711 157
870 535 102
871 944 846
872 958 717
873 654 46
874 546 708
875 381 61
876 215 47
877 596 675
878 723 950
879 875 714
880 761 123
881 199 501
882 387 326
883 500 683
884 104 280
885 292 32
886 225 964
887 677 107
888 286 338
889 358 691
890 948 917
891 302 234
892 649 157
893 909 11
894 120 666
895 919 919
896 0 598
897 833 418
898 633 12
899 509 182
900 480 346
901 604 504
902 59 980
903 747 602
904 65 437
905 862 135
906 260 597
907 849 710
908 66 457
909 554 433
910 393 702
911 466 921
912 116 884
913 827 240
914 105 193
915 17 487
916 639 91
917 848 219
918 833 556
919 330 285
920 236 71
921 353 947
922 444 662
923 913 360
924 217 177
925 607 883
926 870 932
927 16 789
928 795 362
929 291 613
930 560 287
931 431 74
932 755 149
933 511 1
934 257 793
935 306 607
936 247 995
937 9 116
938 252 750
939 187 639
940 245 614
941 262 477
942 522 191
943 112 507
944 356 572
945 916 0
946 207 1000
947 745 65
948 718 303
949 969 778
950 247 31
951 764 226
952 506 307
953 375 821
954 932 498
955 655 431
956 540 163
957 764 938
958 60 684
959 513 413
960 164 85
961 380 702
962 225 634
963 843 848
964 786 491
965 100 7
966 296 559
967 216 184
968 652 768
969 222 391
970 540 103
971 734 431
972 866 663
973 564 895
974 693 290
975 961 655
976 292 773
977 184 145
978 746 577
979 382 869
980 976 287
981 519 769
982 659 78
983 494 38
984 453 69
985 690 394
986 887 469
987 632 290
988 457 997
989 336 348
990 806 939
991 834 898
992 164 785
993 649 500
994 159 125
995 646 668
996 472 194
997 634 152
998 83 769
999 495 653
262 811
504 718
658 791
438 728
188 457
16 21
154 165
85 615
513 988
334 839
437 888
723 819
652 891
651 695
586 939
208 311
354 519
126 576
109 830
449 979
69 99
111 499
91 595
414 883
135 822
299 560
416 650
321 813
275 987
107 315
155 456
482 491
300 538
73 818
303 571
329 717
93 725
107 853
870 970
350 987
82 94
472 475
494 499
164 860
706 978
342 472
235 236
249 388
459 563
742 965
204 637
490 792
657 875
502 916
759 924
805 844
744 934
38 372
207 738
431 790
660 808
855 906
32 474
206 506
450 557
384 716
269 778
364 834
643 911
542 919
325 564
54 137
253 451
135 465
116 537
500 547
323 548
308 554
461 565
138 605
410 637
793 868
924 967
230 293
624 923
431 670
146 913
693 921
62 207
397 558
496 921
181 653
381 698
508 767
398 822
133 150
193 344
252 447
284 493
639 680
613 687
480 713
99 815
71 862
29 869
8 896
518 947
545 952
538 954
112 123
52 706
566 976
318 450
258 978
80 412
74 611
307 722
434 848
13 900
242 936
61 471
104 626
804 868
20 685
287 385
229 396
200 409
354 426
319 431
161 533
560 601
526 610
574 671
346 684
343 692
145 733
254 800
366 858
703 881
583 956
759 967
42 170
187 454
479 594
315 853
199 915
275 350
111 494
274 495
793 804
748 961
334 551
279 684
422 878
99 119
144 516
271 873
584 925
492 975
281 339
433 462
606 649
166 812
195 886
319 790
260 836
139 163
125 405
36 541
94 729
69 815
788 976
110 978
352 451
424 591
449 656
500 896
421 479
511 535
260 633
465 822
816 884
672 986
342 475
194 720
260 890
717 907
173 434
82 729
777 790
57 434
447 920
478 574
719 746
181 202
255 679
665 765
551 820
825 838
317 884
272 935
29 236
98 367
135 398
122 442
86 523
469 677
165 444
28 547
654 914
215 994
253 352
73 369
204 410
171 430
154 444
182 668
258 706
437 677
120 731
732 772
762 986
5 53
24 297
310 586
713 894
279 289
98 392
528 584
277 719
265 803
317 816
700 909
26 957
128 261
359 515
439 738
236 869
198 960
656 979
318 557
154 843
222 925
756 988
523 997
25 360
222 584
299 601
660 768
281 402
426 519
277 634
300 954
675 696
551 839
349 744
378 934
69 119
44 122
480 627
389 635
672 704
541 769
727 832
735 952
910 961
52 978
123 989
400 420
358 607
87 638
73 736
257 741
663 882
406 911
893 945
854 950
47 418
662 785
630 809
32 118
162 217
130 689
121 810
141 867
633 895
207 439
670 790
360 878
118 474
433 546
470 580
132 614
81 620
496 693
724 740
319 777
94 300
275 395
402 495
328 540
172 582
646 816
130 727
723 734
62 738
126 810
478 882
579 890
552 917
250 617
730 835
165 843
233 892
799 969
30 476
228 486
274 562
516 613
7 688
31 792
178 886
743 966
129 573
567 679
46 996
577 693
660 998
206 521
180 585
173 681
568 728
325 758
558 799
677 888
614 964
808 998
20 47
8 500
319 670
635 688
513 756
545 823
650 983
345 820
366 902
78 514
464 694
110 706
90 795
329 907
65 116
9 347
320 351
139 627
110 258
369 818
325 337
661 712
286 759
609 803
674 870
4 468
310 939
294 772
800 835
435 948
113 905
503 969
117 993
438 568
421 594
475 617
369 736
510 849
311 966
612 802
120 440
569 675
133 237
229 257
362 435
377 604
119 815
674 970
16 151
82 300
152 379
374 411
94 538
345 551
337 564
342 617
472 617
342 672
472 672
175 742
314 769
327 905
338 926
899 942
505 977
892 997
362 795
143 171
48 365
397 799
578 860
39 871
478 671
434 681
405 741
768 808
621 848
206 341
288 634
547 896
929 935
57 173
145 273
386 387
501 829
267 868
789 871
316 972
280 432
277 471
82 538
396 546
607 642
855 940
431 777
734 819
30 63
168 270
298 307
516 849
633 890
110 826
635 789
697 796
766 973
704 986
395 987
112 989
19 51
66 146
178 195
278 355
28 500
348 504
187 515
8 547
463 578
627 713
21 903
29 235
229 546
293 694
378 744
57 848
349 934
17 197
159 211
340 528
471 634
216 800
228 832
346 971
176 985
97 710
311 743
8 28
566 788
642 942
21 151
278 458
285 745
267 793
576 810
327 850
673 850
641 881
522 917
216 835
681 848
2 344
125 467
336 489
630 692
155 751
235 869
6 606
134 611
658 915
339 402
144 613
646 714
736 818
91 602
208 636
622 648
163 832
165 887
416 983
341 506
682 778
340 584
455 632
357 696
348 718
646 884
194 929
748 889
555 911
17 283
454 515
440 731
776 841
16 903
252 920
12 97
118 239
279 394
44 442
394 684
389 688
564 758
574 882
247 928
314 448
398 465
142 477
78 488
239 589
483 671
228 727
633 836
156 192
530 647
739 899
120 915
6 294
173 848
708 853
791 915
730 993
254 426
393 477
495 562
643 721
208 743
113 850
89 201
220 331
185 408
12 153
164 578
605 724
91 750
288 812
208 966
380 622
107 708
147 859
109 657
125 741
74 134
279 346
264 501
406 643
202 653
625 736
277 746
30 761
23 922
432 943
33 156
23 467
60 653
65 662
54 686
601 798
60 181
183 223
291 432
396 433
62 439
412 620
748 910
264 401
396 462
371 533
475 672
154 887
523 892
577 921
153 213
280 291
80 620
380 648
427 682
672 762
836 890
480 894
289 684
258 903
776 950
283 989
303 395
114 456
15 548
516 687
712 770
355 458
250 475
265 609
493 711
720 906
101 442
720 855
52 258
105 361
311 636
92 509
336 531
246 691
15 774
370 815
227 863
408 962
333 496
139 713
489 816
904 908
132 289
161 371
31 490
52 110
36 769
340 925
378 788
377 555
188 608
139 832
131 891
843 916
198 215
161 326
216 730
739 956
156 580
103 622
142 833
160 955
452 968
86 997
574 663
6 772
350 395
452 461
226 570
483 574
469 612
447 776
392 836
278 880
266 991
595 602
545 735
863 875
130 228
496 577
640 823
224 484
341 521
506 521
522 552
569 696
720 929
205 304
46 556
427 623
280 864
351 874
66 913
747 999
79 700
618 853
850 905
153 358
315 618
294 649
149 676
315 763
334 820
286 924
80 286
407 602
555 643
190 686
229 741
28 896
85 530
395 571
457 608
456 751
366 763
368 821
837 932
120 199
65 537
291 943
2 193
462 546
246 587
528 925
367 392
529 737
843 887
796 914
68 951
600 951
0 649
548 774
482 918
25 957
175 965
262 317
437 469
269 682
317 811
52 826
525 947
84 302
357 569
6 649
174 857
96 912
491 918
396 405
599 774
176 251
285 725
31 349
274 402
31 417
245 455
302 539
131 652
648 699
762 782
334 345
346 394
420 532
241 809
139 480
332 501
58 760
826 978
105 144
64 386
229 405
383 524
115 598
7 635
583 739
175 824
17 888
639 944
765 958
541 802
485 851
286 967
572 973
419 527
221 571
34 616
107 618
243 628
342 704
476 761
44 796
89 876
322 443
595 750
823 952
931 984
598 814
486 832
616 928
906 940
150 237
137 473
94 704
70 861
691 898
183 253
112 283
603 773
49 900
113 673
47 685
233 783
664 922
416 933
82 954
33 192
478 663
25 878
118 237
360 422
54 473
312 534
657 830
444 843
51 87
140 443
622 667
503 705
487 724
755 810
706 826
244 847
359 910
272 929
273 312
148 570
434 621
315 708
20 418
106 473
384 708
117 730
143 430
192 470
401 501
238 515
55 424
222 528
237 589
187 681
465 857
469 888
94 954
268 964
5 218
250 472
103 667
395 851
124 918
530 615
216 254
156 470
418 651
298 701
704 729
179 818
440 915
684 971
502 562
593 615
306 628
458 817
712 831
146 917
400 532
407 715
370 764
670 777
204 859
858 902
706 903
333 921
391 943
300 729
393 765
419 825
218 901
697 914
916 982
183 352
163 486
763 902
214 877
699 980
223 981
302 983
227 509
643 695
323 774
820 839
260 895
108 243
381 382
260 579
608 680
634 719
323 726
252 776
426 800
345 809
739 942
179 369
58 514
273 534
255 567
230 694
602 750
102 933
49 735
419 838
135 857
657 863
492 867
435 974
843 982
406 555
602 715
126 755
613 849
49 952
184 502
345 839
203 975
114 155
75 219
385 490
210 566
37 819
687 849
93 985
257 396
85 764
254 835
721 911
324 496
284 579
170 394
436 893
889 961
85 593
313 736
349 792
530 828
284 711
148 226
74 544
163 627
243 639
373 491
285 610
108 628
137 686
615 764
267 804
591 995
17 437
281 495
70 630
241 630
689 727
107 763
109 875
720 940
60 202
257 405
903 978
38 644
380 667
184 982
14 59
114 353
328 623
313 625
61 634
317 646
23 664
298 722
184 916
177 225
157 259
340 973
61 277
592 647
751 771
13 49
56 231
229 433
191 575
525 659
472 704
429 780
151 829
509 830
856 920
144 687
33 134
42 394
138 724
273 733
680 743
575 781
130 832
211 867
854 876
453 895
472 986
238 359
317 489
326 533
41 561
294 606
199 658
725 985
34 48
197 283
427 709
508 868
84 984
634 812
401 829
79 240
121 755
591 827
734 894
84 983
452 565
631 773
502 843
294 732
572 786
35 164
160 251
113 327
391 432
239 474
117 532
538 729
610 745
560 798
73 179
627 832
187 848
59 937
558 969
178 242
20 296
57 621
385 792
168 805
596 910
21 52
90 93
42 279
123 283
232 361
40 582
357 675
579 711
131 347
329 376
109 509
475 782
98 836
391 845
184 873
164 874
705 969
250 342
418 695
635 871
879 907
234 927
221 303
51 638
21 706
252 841
400 901
776 920
92 227
15 323
199 791
650 933
342 986
676 707
12 710
144 849
275 851
661 875
665 958
11 406
285 526
57 681
827 995
216 426
190 705
471 719
60 813
763 858
675 977
216 993
768 998
254 354
331 448
244 498
529 549
643 651
641 703
299 798
880 932
489 646
647 828
64 387
341 581
371 718
343 630
776 854
775 882
121 126
555 604
608 639
358 642
654 697
300 704
539 753
435 795
767 868
671 882
93 285
256 331
76 494
328 709
157 754
320 874
178 936
623 709
90 725
205 240
396 741
128 817
189 220
213 485
153 607
37 723
831 931
72 953
132 964
99 370
430 453
293 464
404 837
415 858
696 977
467 664
454 681
340 572
576 755
569 856
578 877
184 271
314 541
634 746
742 824
60 321
349 490
371 504
260 392
174 588
47 651
312 698
730 800
167 801
767 804
847 852
822 857
822 923
572 766
139 894
378 976
45 262
229 462
10 636
600 797
45 811
326 909
98 399
405 467
0 606
475 986
692 809
243 608
40 659
70 692
71 726
663 775
653 813
521 581
819 894
152 536
488 559
82 704
678 771
189 429
518 525
493 579
12 607
432 864
362 974
237 239
372 644
645 731
605 740
264 827
655 853
723 894
359 454
225 756
562 916
948 974
289 346
466 779
596 961
16 52
224 605
477 765
389 789
424 827
368 900
940 962
695 721
428 743
96 410
35 463
261 814
680 944
440 658
676 780
484 803
444 887
166 288
448 769
288 471
24 570
447 841
323 599
16 706
785 904
356 941
502 982
163 228
545 640
455 885
52 903
277 288
90 362
183 451
631 799
18 972
708 716
704 762
508 804
627 894
597 757
187 359
224 487
830 875
847 901
286 412
105 613
414 999
50 489
211 492
466 547
457 636
418 685
349 754
749 806
115 814
517 866
355 880
262 884
811 884
890 895
498 909
178 946
599 726
337 758
503 799
714 884
37 163
324 333
338 453
75 716
41 869
376 879
201 960
167 379
49 545
651 721
440 791
254 519
163 713
688 789
695 911
42 289
192 335
261 518
536 618
47 695
472 762
36 802
332 827
637 859
349 378
395 485
544 611
475 762
32 239
223 253
698 786
397 969
663 671
222 340
913 917
21 258
373 482
369 625
7 789
39 789
233 997
353 597
44 697
413 768
472 782
258 826
214 860
63 761
714 816
406 838
543 854
10 941
257 546
343 673
342 729
447 856
26 990
47 296
445 507
475 704
718 777
461 968
198 994
289 394
367 399
486 727
763 853
35 860
860 877
192 580
118 589
512 716
504 777
135 923
77 992
69 370
243 680
836 895
203 492
459 644
119 370
215 474
63 476
0 528
555 695
376 717
353 757
286 807
194 828
194 855
398 857
489 884
841 885
398 923
883 999
579 633
28 466
378 566
363 710
661 770
64 798
769 802
589 824
37 894
731 915
154 916
528 973
101 122
579 836
194 906
814 947
21 978
359 596
12 213
121 576
530 592
428 680
463 860
817 887
86 892
25 422
141 492
357 856
520 872
35 874
851 987
81 412
209 450
105 516
188 636
163 727
93 842
775 846
271 898
12 358
50 780
152 801
392 890
362 948
199 440
835 993
3 382
23 747
654 796
642 956
125 257
7 389
39 389
35 578
333 693
504 790
782 986
233 523
513 604
127 682
310 690
807 967
250 585
81 652
617 672
224 724
252 856
860 874
618 655
296 685
548 726
487 740
28 779
632 885
36 891
290 992
344 994
147 212
121 239
158 324
158 581
143 789
168 844
866 938
44 101
275 303
609 886
844 904
465 923
33 335
134 534
421 779
65 785
275 571
31 744
718 790
518 814
61 954
45 554
612 677
607 942
375 990
170 279
164 463
339 495
66 522
544 638
321 653
477 808
43 840
428 935
659 947
533 959
2 32
198 474
469 802
824 965
210 976
25 26
92 456
478 483
672 782
340 786
784 903
187 621
31 934
95 287
171 453
548 599
538 704
603 752
364 865
284 890
828 929
157 992
125 229
16 258
382 698
139 727
841 950
73 625
795 842
876 920
92 751
289 614
6 732
788 934
777 959
215 960
132 279
312 381
222 403
187 434
39 635
267 829
661 863
389 871
324 921
977 994
37 139
185 962
529 966
75 384
76 499
651 911
66 917
631 969
441 596
744 754
67 897
125 396
355 518
402 562
542 612
657 661
373 918
604 988
510 516
348 790
264 829
194 940
56 160
190 356
163 480
146 522
33 611
642 899
279 971
322 984
19 305
267 508
342 762
332 829
717 879
79 909
873 982
571 987
238 621
503 752
312 925
314 331
577 581
120 658
142 765
444 892
165 916
328 382
50 429
329 879
428 944
80 81
93 176
76 550
374 606
330 625
508 793
280 943
539 983
483 663
488 514
672 729
526 745
448 802
16 978
559 735
173 183
218 400
102 416
17 481
621 681
627 727
707 773
70 343
230 464
350 571
354 800
242 946
303 987
138 224
187 238
406 721
642 739
194 647
138 740
624 822
13 292
282 327
375 568
201 569
149 707
427 778
401 793
272 828
53 218
553 587
208 608
36 652
107 655
227 657
57 666
639 743
217 784
22 908
138 936
436 945
729 954
310 962
556 996
274 502
428 639
199 731
417 792
942 956
27 191
452 470
81 891
139 486
588 857
89 920
393 958
167 195
159 316
287 490
121 589
247 616
759 807
557 861
227 875
60 88
118 133
92 155
42 180
97 363
197 481
555 651
120 791
767 793
2 215
61 288
117 400
268 614
585 782
661 831
90 842
543 950
7 464
55 591
11 838
24 101
164 214
292 640
549 862
103 398
116 662
259 754
673 905
262 816
811 816
63 880
151 903
170 180
147 204
309 376
2 474
778 786
194 935
526 971
436 507
129 699
382 709
467 741
278 932
32 237
27 282
73 313
347 425
460 463
540 623
111 752
501 827
295 872
783 892
640 952
636 966
274 281
208 457
269 572
392 579
465 588
173 621
228 689
176 842
481 888
360 957
196 963
867 975
887 982
169 205
603 631
702 757
549 737
315 902
444 997
90 435
303 485
62 567
530 593
454 848
110 903
303 350
649 772
410 912
712 875
439 567
283 888
376 907
172 209
203 211
309 329
398 624
42 684
477 833
846 882
805 904
2 994
18 313
50 336
347 652
388 537
181 813
101 697
774 864
167 946
803 886
619 953
424 995
209 318
264 332
3 372
94 672
61 719
163 894
238 922
211 975
11 177
32 215
220 256
272 428
185 592
327 673
336 816
448 541
269 786
159 867
590 948
437 481
287 792
906 929
195 609
142 665
338 895
515 910
297 697
31 385
393 665
307 701
277 812
55 264
317 336
13 368
130 486
128 518
563 644
590 745
186 944
78 559
46 899
51 305
466 500
208 680
466 594
111 603
498 852
139 228
169 304
103 624
831 875
347 891
486 939
188 208
142 393
348 431
345 630
88 824
109 227
18 330
381 709
53 798
70 241
216 354
61 538
606 772
342 782
261 947
154 502
363 559
324 577
96 637
471 746
708 763
517 592
166 634
735 823
410 859
370 889
246 898
467 922
59 226
360 563
408 592
573 622
510 687
122 796
164 877
852 901
98 260
287 511
372 540
472 729
174 762
173 223
209 582
573 624
764 828
53 390
524 601
573 648
24 697
359 961
726 862
188 306
17 677
259 689
876 950
107 384
423 520
477 768
36 314
37 713
725 842
249 537
320 666
350 851
195 946
384 512
154 982
499 603
135 624
50 149
52 267
232 390
366 415
452 580
175 589
515 596
176 725
519 800
379 801
230 376
487 577
58 78
90 285
384 763
479 864
274 916
355 947
311 680
250 782
76 111
477 665
355 817
529 906
243 944
445 945
237 474
346 526
607 710
215 344
311 608
324 693
655 708
657 831
105 687
682 709
155 771
599 864
173 187
209 557
899 956
94 342
431 504
206 581
111 641
477 660
318 861
834 865
612 919
226 937
80 759
446 996
61 82
705 799
29 41
223 451
636 743
343 809
218 852
807 924
720 935
520 949
381 786
889 910
87 544
136 683
103 380
68 600
397 631
431 718
80 807
254 730
625 818
23 125
140 322
360 459
315 655
108 687
382 733
85 828
369 918
14 937
408 940
289 971
198 239
348 777
109 863
732 981
186 257
180 782
17 112
273 381
608 743
530 764
267 767
744 792
337 917
428 966
671 989
77 259
39 493
524 560
269 685
313 818
483 882
586 962
165 982
152 167
162 784
744 788
143 871
404 951
170 289
223 352
283 437
207 567
403 584
261 598
348 670
629 683
41 783
70 809
776 876
565 968
97 153
136 193
145 312
101 570
117 835
549 906
91 407
405 462
393 768
261 817
227 830
718 959
40 172
306 510
102 650
583 674
673 692
399 836
546 944
62 679
146 552
541 612
454 596
408 647
509 657
179 736
5 798
770 831
426 835
165 502
489 531
487 605
498 700
2 44
306 457
265 484
343 850
444 916
83 132
69 186
315 384
19 266
181 321
392 399
298 522
405 546
337 552
147 637
273 698
594 779
314 802
367 836
498 847
533 909
233 444
151 501
49 640
93 795
484 886
608 628
493 890
363 446
311 457
286 620
453 633
713 734
689 832
510 613
103 648
499 752
259 866
248 290
465 624
828 935
17 989
120 645
326 700
618 763
715 787
791 844
458 880
618 902
855 929
57 223
45 308
145 381
392 633
125 664
648 667
412 678
617 704
37 734
193 796
549 855
203 872
605 936
886 936
471 954
18 316
170 684
52 151
32 198
69 257
403 528
460 578
50 676
698 709
636 737
596 748
715 750
572 778
746 812
599 845
197 888
377 911
378 938
690 940
504 959
690 962
103 923
499 641
308 654
480 665
418 766
480 832
384 853
198 201
293 376
0 403
510 628
481 705
89 755
709 778
249 806
84 650
809 820
134 156
486 586
304 640
302 650
546 741
247 745
620 807
420 901
939 962
225 988
222 312
218 420
355 525
133 589
442 796
164 351
404 561
494 603
841 920
121 960
96 535
604 756
388 806
450 861
754 934
54 106
206 265
116 388
67 588
124 617
377 695
747 922
222 534
22 550
43 787
124 250
725 745
92 114
124 179
141 211
194 272
188 311
267 401
269 427
407 595
64 601
360 644
335 750
793 829
673 861
594 864
11 911
77 290
103 573
533 718
713 832
658 844
899 996
9 131
151 267
250 672
42 132
88 202
108 433
417 490
216 519
214 578
657 712
251 842
274 997
116 249
573 699
242 886
447 950
27 343
382 540
710 942
33 74
96 204
117 216
104 352
186 428
238 454
123 478
25 563
515 621
442 697
622 699
309 717
186 815
615 828
476 905
517 938
251 985
193 994
86 339
434 454
485 571
306 608
129 648
551 809
2 122
41 236
393 413
264 424
608 636
423 872
107 902
251 955
394 971
83 254
547 779
175 810
508 826
346 610
380 699
644 878
239 960
101 226
245 632
3 733
713 819
509 863
35 883
145 382
503 631
584 973
54 190
317 714
74 273
518 659
189 780
447 876
204 248
315 366
161 909
276 358
131 425
617 729
680 966
213 358
268 373
95 385
123 671
49 823
515 848
522 913
704 954
274 339
3 540
297 570
82 672
265 521
71 549
132 684
792 934
94 986
265 506
33 580
69 741
303 851
14 150
34 365
311 529
127 685
487 693
288 719
713 723
786 925
700 959
86 276
14 321
435 590
537 662
526 725
191 839
711 890
838 911
375 926
3 38
105 232
114 509
504 533
618 708
555 721
725 795
82 342
190 503
385 511
300 672
291 864
61 300
145 534
9 652
77 689
182 781
401 868
873 898
160 176
85 647
544 733
479 779
103 822
174 865
844 908
19 87
138 242
295 520
583 642
677 802
16 829
534 925
29 932
0 294
225 513
308 884
478 846
675 994
241 507
377 643
536 655
248 859
316 879
313 369
473 686
401 804
371 959
271 982
729 986
118 198
617 782
237 824
558 631
354 955
134 273
642 710
493 871
886 946
29 458
637 912
33 470
515 681
505 696
490 744
830 863
583 899
583 942
936 946
519 955
934 976
505 994
960 994
275 485
478 775
270 805
754 938
243 306
326 371
319 504
140 674
494 641
128 814
141 975
405 433
623 682
527 721
703 845
257 433
174 465
15 599
554 654
71 690
726 774
174 986
274 444
540 709
319 718
764 889
823 930
161 959
755 960
610 971
302 984
32 133
135 588
184 843
666 874
99 186
197 437
597 830
389 949
933 983
688 871
470 968
421 466
0 584
475 585
592 593
484 609
582 659
665 713
393 808
474 994
21 110
74 145
179 729
475 729
114 751
312 786
278 817
104 183
182 575
497 788
484 936
566 938
22 943
302 416
529 855
404 932
291 391
328 427
333 577
466 645
11 825
244 852
744 938
151 332
124 369
720 828
541 891
77 157
503 558
377 651
122 697
533 700
119 748
665 894
854 920
248 992
495 502
151 706
91 715
288 746
21 829
98 890
795 948
532 993
800 993
233 235
348 371
97 607
454 621
504 670
587 691
842 985
402 997
299 524
311 737
662 904
61 94
36 131
29 278
117 420
377 513
38 540
11 555
381 733
304 823
406 825
767 835
300 865
554 884
887 916
474 960
617 986
39 284
210 593
456 771
86 402
444 502
374 649
201 876
285 985
670 821
509 875
300 986
173 454
94 472
113 476
201 675
201 856
304 930
10 457
326 498
439 510
340 766
210 788
351 860
284 871
131 919
920 950
118 150
144 361
3 422
443 556
506 581
159 669
106 738
659 814
292 900
737 966
558 705
9 891
145 544
505 924
831 984
236 458
178 484
256 629
670 718
136 505
195 803
89 856
56 251
514 559
474 589
145 698
460 877
186 272
379 536
12 642
567 738
495 997
349 417
90 590
478 989
106 137
55 827
142 808
589 810
27 850
683 967
17 469
144 510
579 895
490 754
716 763
235 458
74 534
270 537
112 542
615 647
20 651
356 686
419 721
719 812
957 990
112 469
482 625
562 843
463 877
0 973
99 257
260 284
280 391
353 509
262 554
528 572
505 675
554 811
15 819
447 854
231 240
25 459
476 758
359 748
44 193
385 417
220 448
647 720
851 930
68 337
255 670
183 681
238 848
322 931
569 977
183 981
86 233
406 695
112 888
128 947
241 345
334 809
31 287
127 427
456 509
619 626
453 926
253 981
312 584
107 716
136 344
319 348
84 416
437 612
514 760
471 812
790 959
313 330
413 660
295 669
610 725
281 562
549 690
241 692
518 817
17 123
191 334
42 346
42 614
539 650
207 679
258 784
101 796
57 187
169 231
27 327
183 626
102 753
80 924
675 856
127 296
344 505
284 633
19 638
658 731
841 854
669 872
878 957
83 614
345 692
121 175
248 535
325 552
3 644
591 877
573 923
320 981
127 269
6 374
208 529
170 897
41 235
279 614
785 805
669 879
63 932
176 955
666 981
377 988
57 183
80 967
130 163
195 242
13 319
158 341
471 538
416 539
72 619
208 639
188 680
208 737
494 752
685 778
571 851
129 980
197 989
16 110
156 335
466 479
586 690
201 755
643 838
235 887
36 612
205 640
15 723
167 178
228 627
829 868
68 404
248 410
411 721
99 741
215 977
182 191
133 239
84 539
791 805
221 395
35 414
296 418
436 445
424 460
448 612
690 862
853 902
118 215
189 331
142 480
696 856
289 964
21 267
223 434
541 652
701 722
552 913
566 934
688 949
403 925
934 938
106 207
55 460
37 480
234 768
149 780
89 960
0 6
88 181
10 188
101 297
183 434
257 462
32 589
93 745
676 773
754 792
83 800
764 815
808 833
538 865
167 886
117 901
857 865
358 942
288 954
585 964
137 190
256 314
484 605
393 660
155 678
542 802
239 810
837 880
336 884
445 893
252 950
248 637
153 642
127 778
656 825
63 837
440 908
490 934
189 256
457 680
731 791
809 839
165 892
3 328
31 378
20 695
664 741
166 746
45 749
678 751
553 753
171 789
390 798
539 870
119 889
34 928
134 544
135 174
16 267
124 373
70 673
776 885
195 936
441 961
772 981
166 277
377 406
108 546
439 679
730 767
14 813
692 861
612 888
458 518
44 914
126 175
26 360
153 710
272 720
274 843
159 972
477 998
18 159
262 489
158 577
264 591
61 746
78 775
489 811
755 876
425 919
865 954
795 974
400 993
107 366
112 437
124 491
469 542
175 576
177 604
336 646
412 759
785 844
326 852
505 967
526 985
353 456
517 593
391 599
311 639
50 646
434 666
211 669
488 735
658 805
154 892
154 274
89 447
267 706
136 914
103 135
37 486
263 600
585 617
786 973
232 371
296 377
193 215
297 654
628 687
480 734
414 747
523 783
604 911
574 989
315 716
161 718
10 737
319 959
32 994
109 597
626 681
787 840
201 920
656 953
387 460
93 526
686 705
245 885
238 910
625 918
184 562
150 589
489 714
704 782
578 874
62 106
411 527
37 627
620 652
595 715
224 740
37 939
559 952
449 953
834 954
426 955
233 236
146 337
138 487
285 590
234 660
74 733
495 916
855 962
752 969
925 973
129 622
80 678
574 775
171 871
301 375
147 410
98 633
283 677
412 807
716 853
224 936
485 987
124 482
123 574
90 745
337 913
869 932
128 982
179 617
13 640
538 672
617 762
588 822
343 861
7 871
744 976
180 250
108 613
2 118
170 346
397 503
123 542
607 956
726 845
180 897
188 243
448 469
133 474
269 709
344 796
213 930
82 986
153 276
36 448
584 786
97 213
187 596
119 664
417 934
885 950
287 535
481 558
690 855
178 609
422 644
422 544
66 552
666 883
161 504
280 594
406 651
202 813
92 830
362 842
663 846
42 964
901 993
332 401
82 472
521 803
466 896
357 977
20 127
8 466
238 664
467 747
407 750
116 785
2 796
128 887
414 621
161 700
22 904
0 340
193 505
301 568
448 677
526 684
50 816
527 838
721 838
88 150
352 626
486 627
30 758
90 948
797 948
130 139
805 908
180 964
14 60
121 198
11 643
299 390
406 419
89 569
242 605
27 692
108 462
797 951
311 428
82 471
572 584
247 590
119 741
154 997
159 492
223 666
481 677
413 808
865 986
42 585
370 748
353 830
628 849
3 878
791 908
262 308
108 639
308 811
909 959
10 208
149 336
312 733
712 863
138 484
92 109
406 604
378 754
49 368
444 523
39 688
165 997
212 234
231 251
287 417
194 530
480 727
255 821
27 839
658 908
312 340
534 611
112 677
282 850
204 912
696 924
153 485
75 512
402 523
572 925
924 977
151 978
440 645
433 741
301 990
36 81
20 269
86 281
52 508
98 579
532 730
640 735
612 769
802 919
428 929
929 940
59 101
300 342
104 619
702 760
213 851
391 864
485 930
648 980
177 333
444 562
61 729
265 886
165 274
45 317
44 344
55 401
155 509
154 562
37 586
85 592
188 628
426 730
462 741
529 743
407 787
267 826
425 846
704 865
68 913
344 977
147 234
845 881
736 918
690 939
938 976
186 229
70 436
472 585
262 646
649 732
500 779
646 811
735 900
270 844
316 907
21 784
647 929
698 733
628 639
527 825
92 863
563 878
815 889
319 900
24 226
302 322
48 616
421 864
538 986
16 784
5 852
267 501
422 733
532 804
218 847
459 878
262 336
9 425
128 458
225 604
358 710
336 811
692 850
674 956
477 958
96 511
151 258
214 351
283 469
213 607
130 627
7 694
356 752
178 803
767 826
315 858
325 917
561 951
243 457
581 693
84 322
446 514
131 542
317 554
446 559
87 611
368 670
215 675
354 835
290 859
620 891
826 903
210 938
634 954
266 990
259 992
833 998
87 305
553 562
273 611
47 377
94 475
335 611
280 479
240 700
529 636
683 924
40 115
132 268
49 292
260 367
125 462
566 744
53 852
703 862
689 866
900 952
257 467
434 515
491 625
188 639
630 861
140 870
5 901
84 931
112 478
165 233
236 278
308 317
23 405
208 428
484 521
351 666
682 685
375 728
81 807
37 832
747 883
487 921
364 954
147 998
505 683
473 738
457 743
401 827
906 935
5 64
260 399
119 257
414 666
515 961
141 159
116 270
0 374
41 404
18 625
139 819
480 819
502 887
607 899
864 943
433 944
539 970
444 982
149 531
177 756
528 766
257 815
108 944
592 615
338 633
417 744
639 966
3 145
386 420
432 599
405 664
464 688
606 732
754 866
263 913
163 939
118 960
339 997
319 368
330 972
82 179
10 311
93 610
143 635
709 786
206 803
431 821
212 859
532 901
454 910
788 938
194 408
252 876
873 916
102 983
250 986
97 358
170 585
142 627
250 762
89 854
424 877
621 883
234 998
14 133
273 382
480 723
235 817
549 940
379 946
0 222
62 255
32 344
5 390
339 523
188 743
505 759
480 765
655 801
105 849
79 959
663 821
608 966
143 453
195 484
846 919
203 669
436 861
783 869
112 671
610 684
165 235
132 346
300 471
125 546
621 666
46 739
282 905
193 914
95 265
173 666
302 753
174 822
21 826
588 897
229 944
85 370
457 639
456 678
832 894
202 321
235 444
158 496
665 734
13 952
32 960
324 581
8 779
66 298
240 304
94 617
142 660
552 758
235 783
59 442
370 615
112 919
64 560
128 598
185 647
133 824
497 976
328 372
86 495
460 591
411 606
488 775
109 831
458 869
179 918
743 944
154 233
457 628
666 848
32 122
631 752
593 764
331 769
821 900
758 905
295 949
22 291
212 512
394 610
486 689
458 887
292 959
134 192
112 197
215 239
56 244
64 383
534 584
361 613
403 649
236 887
785 908
569 920
185 939
422 957
132 170
256 448
385 535
165 562
604 643
397 705
308 714
224 803
662 805
804 829
536 853
451 981
783 997
242 484
66 701
679 738
508 835
45 884
32 150
375 438
260 493
31 754
252 854
519 971
260 453
129 624
88 653
713 727
27 334
550 707
200 746
696 759
564 837
431 959
753 983
108 306
276 523
186 546
458 932
332 995
165 817
134 145
344 474
250 704
186 741
528 786
73 918
953 979
189 397
552 564
794 840
75 763
319 821
255 431
106 686
288 834
228 939
274 523
398 667
191 781
502 873
608 944
551 630
271 691
163 819
365 701
139 723
132 394
484 487
11 604
212 637
408 720
301 728
685 766
236 783
284 895
100 214
130 259
221 350
307 522
131 541
593 647
825 979
223 681
366 853
203 867
525 814
239 824
74 87
220 397
186 935
15 37
22 76
155 353
369 482
308 914
935 966
83 289
343 345
361 390
503 603
173 626
416 753
349 788
432 845
52 868
99 889
580 968
267 978
204 212
157 490
278 518
534 733
479 774
30 880
321 937
444 495
390 560
99 748
501 793
590 795
743 935
205 231
350 485
394 526
140 556
185 586
47 766
278 869
553 970
240 292
496 581
305 595
383 601
145 611
782 897
46 942
720 962
254 993
104 253
86 274
273 544
366 618
359 621
622 624
233 869
753 870
415 902
159 203
317 531
309 907
810 960
328 381
235 278
417 497
150 824
111 881
118 121
68 564
607 739
109 353
104 451
748 815
171 895
710 899
137 356
229 467
185 486
378 497
13 735
61 812
657 931
696 994
282 552
572 685
166 719
926 991
63 758
596 889
137 941
122 193
396 467
339 583
636 680
418 721
430 895
990 991
79 498
611 638
627 833
698 925
690 726
668 781
506 803
692 839
74 638
640 900
355 932
88 133
213 276
71 323
495 523
419 643
660 833
534 698
419 911
128 355
152 655
316 669
15 726
741 815
214 874
339 562
156 611
334 630
651 685
630 820
509 751
154 817
845 943
339 956
907 972
7 143
94 179
154 235
54 356
94 471
493 633
334 692
483 821
538 834
469 919
190 969
753 970
301 438
627 665
16 826
519 835
23 999
57 454
71 703
236 817
542 846
690 906
119 961
66 365
219 415
487 581
574 846
499 881
123 888
358 956
942 996
409 746
221 987
24 148
123 469
224 521
77 833
776 856
556 899
412 924
458 947
160 244
257 944
418 643
589 742
349 938
90 985
160 231
7 293
179 342
342 538
163 586
260 711
292 777
827 829
817 843
297 914
171 284
368 431
310 486
376 694
453 890
77 130
246 271
164 320
112 612
25 644
628 680
425 760
20 766
537 785
592 828
290 833
859 998
300 472
50 531
82 617
123 919
468 958
100 995
211 316
315 536
362 590
817 947
967 977
221 275
103 465
168 537
198 675
117 800
186 370
2 442
877 995
119 186
185 517
407 794
386 798
449 825
182 839
507 893
157 349
383 387
82 475
512 708
545 930
413 477
682 786
281 997
2 198
310 408
425 542
27 673
142 713
630 839
15 864
392 895
441 910
581 921
12 942
35 999
46 446
97 642
151 401
125 433
361 516
104 681
39 711
308 816
543 876
895 926
817 982
292 319
349 385
13 545
494 881
187 910
784 978
150 239
96 248
238 434
480 833
306 849
769 891
0 925
712 931
963 991
107 536
142 998
163 723
234 808
662 844
906 962
955 985
64 299
283 481
408 586
441 748
99 764
285 795
830 831
107 858
545 900
564 917
507 945
193 977
888 989
191 282
1 667
698 778
249 531
588 762
81 286
330 736
650 753
683 759
514 775
236 932
647 940
635 949
583 970
797 974
13 431
713 765
108 849
140 970
134 335
33 534
47 555
76 603
411 766
142 768
825 911
412 967
759 977
610 985
439 849
641 752
13 777
441 889
284 836
408 939
220 314
545 559
91 305
12 363
108 510
390 601
108 608
109 661
174 672
148 937
483 989
35 351
288 538
281 583
342 585
413 927
603 707
536 801
42 897
762 865
855 935
241 436
484 724
174 782
983 984
109 931
100 968
380 573
354 971
93 251
182 334
55 387
207 473
180 475
356 503
399 633
510 738
729 762
83 835
359 848
271 916
324 979
847 993
24 654
238 681
614 684
89 776
183 848
575 722
377 756
94 762
587 898
632 950
89 252
113 343
255 348
116 531
364 538
247 610
296 651
227 661
140 739
767 800
300 834
357 924
568 926
56 955
638 957
326 959
123 197
241 343
271 502
69 664
508 730
674 739
370 828
235 892
875 931
675 960
290 998
73 124
274 892
122 344
228 586
613 628
99 664
123 882
615 889
818 918
879 972
159 975
922 999
201 215
7 230
92 353
528 649
139 734
752 773
217 840
223 848
68 146
174 398
15 479
23 741
371 777
136 796
