1000 4269 53.31041174104736 sparse
0 149 389
1 501 926
2 48 595
3 317 577
4 747 978
5 115 289
6 915 402
7 698 617
8 224 543
9 298 968
10 266 37
11 453 464
12 502 995
13 58 989
14 901 80
15 1000 770
16 864 411
17 554 232
18 283 586
19 876 948
20 676 988
21 288 332
22 564 802
23 680 841
24 421 593
25 605 939
26 496 514
27 110 617
28 159 391
29 345 172
30 481 276
31 714 468
32 205 115
33 263 146
34 265 243
35 435 281
36 468 239
37 338 350
38 959 29
39 366 968
40 542 568
41 764 313
42 335 198
43 902 999
44 512 254
45 605 771
46 490 453
47 191 203
48 731 476
49 121 343
50 199 182
51 57 864
52 917 341
53 697 375
54 479 154
55 75 746
56 100 640
57 79 813
58 839 935
59 102 144
60 955 497
61 234 771
62 371 827
63 934 578
64 537 769
65 789 797
66 926 526
67 147 392
68 614 534
69 304 442
70 26 894
71 958 614
72 614 689
73 395 982
74 804 365
75 526 203
76 655 375
77 919 479
78 217 678
79 247 863
80 611 349
81 177 864
82 607 624
83 139 285
84 848 734
85 350 699
86 634 327
87 205 640
88 887 978
89 715 271
90 797 282
91 255 931
92 766 679
93 569 541
94 752 432
95 590 913
96 970 469
97 575 81
98 546 976
99 801 986
100 56 813
101 230 821
102 114 617
103 193 554
104 735 335
105 171 854
106 381 896
107 962 593
108 798 316
109 677 942
110 292 596
111 777 428
112 365 801
113 468 603
114 618 34
115 223 401
116 559 354
117 967 193
118 231 316
119 147 698
120 888 803
121 670 51
122 77 731
123 307 789
124 853 811
125 612 631
126 75 123
127 571 857
128 445 111
129 629 266
130 708 180
131 655 70
132 487 528
133 12 877
134 980 892
135 270 883
136 739 226
137 502 339
138 212 276
139 141 414
140 944 271
141 311 687
142 224 647
143 662 93
144 381 630
145 278 586
146 79 328
147 719 122
148 610 224
149 781 637
150 318 848
151 784 790
152 603 333
153 272 166
154 995 273
155 705 780
156 11 27
157 496 49
158 411 145
159 271 58
160 699 168
161 737 590
162 488 484
163 895 738
164 156 287
165 316 329
166 824 223
167 743 443
168 752 278
169 317 662
170 472 204
171 607 929
172 250 50
173 788 922
174 275 71
175 270 236
176 766 369
177 356 147
178 524 942
179 819 417
180 793 580
181 163 128
182 68 189
183 603 705
184 956 146
185 92 382
186 574 384
187 485 411
188 858 223
189 553 227
190 910 559
191 971 593
192 538 361
193 169 762
194 654 180
195 334 300
196 591 152
197 428 590
198 1 34
199 403 828
200 60 280
201 887 111
202 202 487
203 542 709
204 411 811
205 145 525
206 511 34
207 379 161
208 951 817
209 7 640
210 397 586
211 622 552
212 877 641
213 295 191
214 475 166
215 93 463
216 469 257
217 720 991
218 478 137
219 103 155
220 406 284
221 976 137
222 353 733
223 624 669
224 321 663
225 122 848
226 985 678
227 698 167
228 231 296
229 158 355
230 321 274
231 750 968
232 532 739
233 882 562
234 159 134
235 882 423
236 914 154
237 990 295
238 261 361
239 146 749
240 871 622
241 853 256
242 204 870
243 692 126
244 933 65
245 371 828
246 664 192
247 530 173
248 901 85
249 3 183
250 84 481
251 200 829
252 770 208
253 368 610
254 710 453
255 737 203
256 750 990
257 136 404
258 591 636
259 342 250
260 807 570
261 979 36
262 209 464
263 648 683
264 418 589
265 161 600
266 158 345
267 401 726
268 719 603
269 16 965
270 4 746
271 189 743
272 539 665
273 298 856
274 379 333
275 755 724
276 560 47
277 700 403
278 615 338
279 672 298
280 900 645
281 132 827
282 473 614
283 915 831
284 76 247
285 403 152
286 67 112
287 697 807
288 901 131
289 158 258
290 655 190
291 302 153
292 273 684
293 999 891
294 780 398
295 290 843
296 370 777
297 830 830
298 321 26
299 164 215
300 781 776
301 655 116
302 665 742
303 11 273
304 870 487
305 889 287
306 520 915
307 575 21
308 6 47
309 364 485
310 269 182
311 955 906
312 424 535
313 932 660
314 614 106
315 258 116
316 143 953
317 836 88
318 209 139
319 632 133
320 361 342
321 245 60
322 18 332
323 973 874
324 821 326
325 48 695
326 522 445
327 999 47
328 219 912
329 904 921
330 200 284
331 712 303
332 876 11
333 791 219
334 407 345
335 277 524
336 404 831
337 650 844
338 662 404
339 596 822
340 508 484
341 650 109
342 14 217
343 451 266
344 598 876
345 703 272
346 949 886
347 895 409
348 644 576
349 705 684
350 447 32
351 352 572
352 400 99
353 67 37
354 181 355
355 793 586
356 298 401
357 337 581
358 56 950
359 841 633
360 784 77
361 516 721
362 290 525
363 348 39
364 442 395
365 0 126
366 948 5
367 102 247
368 482 689
369 695 844
370 176 529
371 218 438
372 580 132
373 310 446
374 302 561
375 74 111
376 705 175
377 587 139
378 77 691
379 421 732
380 240 611
381 664 405
382 817 929
383 387 727
384 736 636
385 909 68
386 986 9
387 988 713
388 210 388
389 480 493
390 358 692
391 582 266
392 440 14
393 477 155
394 480 442
395 962 905
396 840 560
397 892 322
398 21 808
399 575 234
400 894 187
401 475 924
402 401 403
403 733 735
404 616 517
405 561 789
406 433 608
407 286 571
408 592 993
409 35 148
410 670 51
411 549 679
412 98 241
413 786 388
414 883 124
415 369 583
416 363 374
417 582 976
418 841 845
419 751 43
420 636 454
421 225 670
422 549 205
423 644 354
424 494 990
425 458 441
426 497 304
427 253 354
428 104 287
429 541 911
430 473 152
431 788 517
432 445 811
433 197 484
434 650 471
435 889 21
436 854 656
437 633 436
438 859 964
439 89 893
440 125 106
441 172 892
442 419 872
443 419 857
444 627 941
445 517 674
446 880 982
447 689 116
448 949 92
449 747 983
450 461 891
451 541 371
452 581 451
453 781 797
454 71 339
455 612 269
456 430 962
457 439 871
458 185 707
459 408 506
460 399 212
461 592 346
462 313 298
463 399 711
464 517 769
465 205 641
466 945 886
467 408 978
468 598 505
469 389 275
470 376 690
471 914 270
472 890 299
473 209 90
474 420 824
475 547 155
476 199 644
477 270 450
478 173 733
479 222 570
480 65 565
481 284 806
482 964 176
483 243 883
484 138 168
485 728 959
486 538 260
487 890 842
488 354 468
489 870 821
490 371 70
491 374 992
492 127 736
493 725 837
494 422 379
495 376 942
496 971 570
497 896 812
498 367 676
499 982 929
500 459 451
501 471 168
502 237 214
503 879 704
504 970 678
505 565 223
506 137 14
507 610 526
508 91 313
509 673 826
510 95 615
511 448 589
512 601 823
513 866 26
514 507 60
515 645 677
516 102 905
517 40 80
518 280 431
519 281 890
520 253 785
521 444 372
522 695 102
523 280 652
524 890 109
525 843 726
526 376 695
527 307 701
528 140 776
529 96 253
530 323 313
531 759 368
532 12 592
533 99 247
534 876 709
535 18 897
536 966 794
537 589 638
538 215 404
539 261 729
540 494 288
541 391 464
542 207 106
543 455 63
544 508 186
545 399 716
546 467 986
547 437 895
548 224 194
549 386 415
550 899 351
551 229 145
552 755 311
553 759 50
554 949 306
555 652 243
556 177 603
557 300 110
558 126 33
559 440 754
560 709 967
561 511 420
562 60 318
563 946 958
564 102 819
565 985 50
566 457 623
567 258 276
568 943 828
569 432 733
570 942 476
571 99 780
572 909 598
573 343 826
574 590 912
575 173 996
576 206 587
577 207 13
578 299 129
579 399 917
580 866 695
581 972 138
582 584 830
583 386 616
584 104 705
585 676 763
586 966 94
587 999 564
588 371 113
589 732 182
590 230 284
591 351 147
592 785 746
593 255 865
594 982 368
595 654 454
596 729 15
597 178 654
598 935 824
599 151 894
600 80 203
601 72 228
602 489 400
603 125 866
604 324 20
605 839 307
606 12 317
607 422 866
608 117 96
609 641 907
610 566 845
611 406 863
612 836 840
613 986 594
614 338 901
615 658 293
616 74 628
617 281 411
618 668 834
619 672 348
620 219 628
621 309 298
622 882 112
623 392 318
624 462 282
625 334 413
626 348 484
627 864 122
628 787 563
629 528 423
630 617 446
631 25 446
632 634 499
633 827 331
634 859 842
635 323 753
636 855 891
637 704 860
638 117 168
639 309 26
640 687 396
641 384 427
642 718 429
643 111 376
644 68 379
645 870 871
646 566 243
647 778 734
648 995 498
649 581 669
650 932 415
651 716 181
652 116 562
653 830 322
654 535 386
655 331 383
656 538 770
657 913 415
658 964 277
659 886 627
660 808 72
661 786 31
662 834 614
663 731 982
664 305 911
665 620 128
666 294 258
667 451 833
668 316 595
669 772 403
670 554 88
671 93 368
672 756 490
673 947 61
674 728 258
675 178 835
676 39 722
677 763 767
678 398 986
679 152 808
680 26 596
681 711 48
682 92 8
683 743 765
684 300 660
685 813 14
686 674 209
687 637 752
688 174 684
689 296 19
690 507 56
691 946 659
692 376 237
693 111 965
694 491 10
695 945 692
696 769 940
697 204 37
698 563 365
699 394 298
700 391 849
701 442 976
702 93 881
703 669 217
704 924 940
705 871 532
706 631 129
707 35 516
708 411 975
709 91 287
710 688 249
711 224 763
712 540 280
713 568 672
714 499 459
715 849 347
716 41 721
717 400 634
718 726 591
719 994 32
720 5 655
721 491 788
722 12 85
723 305 786
724 700 873
725 899 668
726 635 971
727 309 665
728 594 575
729 196 253
730 584 433
731 616 565
732 348 754
733 794 92
734 920 742
735 546 287
736 475 784
737 817 155
738 853 106
739 222 164
740 762 134
741 22 341
742 602 176
743 961 406
744 799 587
745 538 204
746 715 199
747 548 754
748 706 357
749 117 734
750 968 597
751 264 18
752 7 363
753 126 253
754 646 967
755 919 743
756 714 990
757 539 305
758 865 826
759 948 107
760 191 265
761 699 313
762 903 861
763 880 208
764 12 234
765 490 739
766 854 399
767 828 505
768 245 479
769 855 439
770 62 61
771 8 383
772 575 819
773 957 20
774 570 335
775 995 911
776 535 29
777 409 572
778 543 250
779 130 925
780 908 430
781 644 188
782 736 215
783 594 665
784 835 411
785 525 101
786 802 316
787 158 548
788 714 672
789 410 338
790 639 109
791 131 795
792 426 285
793 376 45
794 774 542
795 429 288
796 809 100
797 478 838
798 617 532
799 705 418
800 722 990
801 174 372
802 511 31
803 81 61
804 565 272
805 836 453
806 944 620
807 621 736
808 663 930
809 402 972
810 475 194
811 84 329
812 989 796
813 720 639
814 738 544
815 647 920
816 714 718
817 188 293
818 189 621
819 332 115
820 457 910
821 991 726
822 200 697
823 538 233
824 175 761
825 179 272
826 251 126
827 395 278
828 10 357
829 711 378
830 54 211
831 963 29
832 198 950
833 605 726
834 557 633
835 832 425
836 121 587
837 99 444
838 384 682
839 505 522
840 865 39
841 145 265
842 609 288
843 699 406
844 531 92
845 26 128
846 287 367
847 118 802
848 252 7
849 815 811
850 590 62
851 535 772
852 960 120
853 755 543
854 216 285
855 107 293
856 639 427
857 791 671
858 930 617
859 18 603
860 680 703
861 177 424
862 590 506
863 393 130
864 903 303
865 80 425
866 60 649
867 975 479
868 397 939
869 706 248
870 265 272
871 587 947
872 24 208
873 611 639
874 281 103
875 839 509
876 616 660
877 621 489
878 904 464
879 165 984
880 129 158
881 195 178
882 95 972
883 526 776
884 671 666
885 23 752
886 851 766
887 154 292
888 290 720
889 188 827
890 57 660
891 308 127
892 995 65
893 45 646
894 448 61
895 966 211
896 19 744
897 944 936
898 697 409
899 806 269
900 286 628
901 486 784
902 555 14
903 787 195
904 512 560
905 297 346
906 920 578
907 272 557
908 369 590
909 339 381
910 812 295
911 857 335
912 222 759
913 306 63
914 281 773
915 664 67
916 113 502
917 812 417
918 703 227
919 51 706
920 860 2
921 690 431
922 479 662
923 91 93
924 830 27
925 13 192
926 1 383
927 182 269
928 587 953
929 933 316
930 288 819
931 706 228
932 827 205
933 741 718
934 373 283
935 224 507
936 964 661
937 840 552
938 517 34
939 378 598
940 13 956
941 577 559
942 339 652
943 236 557
944 835 853
945 812 516
946 929 525
947 13 660
948 275 674
949 12 454
950 538 172
951 648 94
952 682 282
953 147 924
954 439 606
955 68 317
956 919 460
957 196 197
958 678 296
959 191 663
960 56 467
961 814 902
962 770 954
963 162 78
964 561 166
965 390 615
966 254 786
967 180 332
968 775 418
969 308 432
970 19 608
971 61 818
972 492 739
973 511 567
974 167 934
975 911 40
976 906 395
977 73 831
978 731 446
979 155 189
980 49 315
981 370 151
982 335 518
983 915 161
984 360 954
985 258 941
986 741 452
987 319 287
988 998 765
989 655 163
990 916 248
991 146 705
992 758 145
993 531 426
994 98 578
995 7 238
996 74 730
997 157 659
998 464 378
999 909 330
121 410
62 245
87 465
95 574
160 227
64 656
734 755
520 966
765 972
338 381
54 393
676 716
217 800
258 537
367 533
206 802
199 336
277 843
918 931
66 946
122 996
0 67
201 524
123 723
68 798
64 851
656 851
843 898
27 102
346 466
462 621
514 690
108 786
38 831
169 224
221 581
319 706
583 965
467 708
792 795
825 927
629 993
214 501
711 912
18 145
14 248
24 264
393 430
4 449
470 526
463 545
177 591
73 678
191 750
17 189
339 512
201 622
146 811
859 970
164 887
15 988
50 881
130 376
202 433
503 534
180 355
871 928
206 938
412 533
355 744
217 756
193 824
54 430
406 954
279 958
721 901
764 995
465 476
263 515
529 533
298 604
442 607
469 827
752 828
428 855
277 898
802 938
415 908
179 917
771 926
286 375
311 395
176 531
418 612
489 758
100 971
904 973
236 983
119 991
181 234
69 373
367 412
87 476
107 750
543 894
24 197
256 449
151 453
334 789
324 633
47 957
65 453
756 800
396 937
88 446
130 651
468 862
567 870
125 873
247 950
562 955
79 593
655 909
367 529
467 809
70 535
115 538
524 622
169 727
82 125
65 151
34 175
301 341
68 507
568 598
5 855
885 896
107 191
246 290
160 376
32 542
41 552
712 735
180 744
38 773
35 795
507 798
578 891
167 986
12 424
84 525
509 618
294 669
686 703
720 947
443 607
633 653
708 809
131 915
269 940
324 653
322 741
35 792
138 854
851 883
760 927
372 377
229 266
418 944
197 264
194 290
425 500
0 28
25 171
267 545
492 749
292 948
111 968
684 727
4 231
243 447
192 451
170 810
91 985
158 285
227 376
85 390
238 427
419 553
680 859
69 969
404 507
46 714
773 831
785 844
437 856
341 790
736 901
59 219
379 569
665 706
161 718
422 745
139 257
172 321
214 393
5 428
486 778
290 781
96 867
78 421
470 838
136 782
464 883
866 890
325 919
6 976
562 980
81 105
294 413
297 612
978 986
80 278
187 602
116 698
726 754
767 875
740 992
298 639
28 67
89 345
126 375
162 389
305 472
120 497
228 590
414 622
75 745
255 782
663 800
26 839
223 876
799 898
908 939
113 282
412 529
549 641
224 727
251 889
156 198
73 809
315 826
4 256
167 978
376 651
220 827
532 859
462 987
54 214
189 505
439 702
399 646
440 608
467 678
61 711
194 781
675 889
152 278
127 610
319 665
428 709
729 760
335 362
135 519
157 690
513 840
64 883
612 944
6 657
230 987
22 405
649 713
387 821
799 843
656 883
18 110
342 872
484 880
249 925
207 981
159 174
126 286
196 377
201 414
146 454
73 467
208 568
637 724
649 783
472 864
481 930
52 999
23 618
592 647
268 718
760 825
680 970
198 308
63 906
267 383
185 671
313 691
590 854
143 951
696 962
214 430
373 969
94 167
17 505
217 663
582 772
151 300
11 500
393 501
327 565
443 611
211 731
609 815
53 829
784 835
806 858
138 330
14 385
339 582
575 879
715 911
141 527
244 673
532 680
678 809
952 958
177 981
277 640
639 689
289 841
791 847
46 394
399 505
144 583
279 615
621 987
130 160
442 443
226 504
349 788
330 817
191 613
448 759
404 798
55 122
267 463
27 510
209 720
270 896
341 951
447 522
261 565
71 806
275 933
39 984
273 295
179 835
526 838
631 949
23 369
18 407
231 449
866 893
50 957
669 968
31 254
261 719
82 873
878 956
157 514
146 955
194 246
16 766
640 843
638 880
253 939
218 430
204 474
503 580
442 611
240 659
327 719
657 780
277 799
90 899
597 959
309 626
589 651
449 663
17 823
330 854
55 996
54 501
430 501
473 542
322 606
604 639
451 654
189 823
67 257
153 310
426 540
383 545
265 556
607 611
17 646
384 813
751 848
130 227
332 435
331 761
454 811
632 877
640 898
4 663
721 736
23 509
414 524
83 887
26 132
470 498
212 659
21 905
388 538
61 912
145 407
733 796
54 218
152 461
195 530
678 708
642 799
814 853
779 953
194 989
488 626
634 758
179 784
709 855
121 915
410 915
83 164
68 404
448 586
169 684
342 764
110 145
180 260
272 411
534 580
129 455
117 482
561 629
199 474
336 474
165 530
434 595
208 598
73 708
301 790
508 811
261 831
693 882
532 970
351 357
605 653
366 773
415 939
790 951
144 965
439 516
30 540
759 852
971 977
457 607
778 823
475 964
347 976
80 152
184 581
469 934
420 595
36 216
218 393
332 513
462 530
180 628
3 668
360 733
651 746
391 804
458 822
498 838
710 869
565 892
117 895
716 919
504 936
390 470
691 936
420 437
390 526
225 603
418 634
452 730
613 750
464 851
166 932
390 498
282 566
369 637
332 920
115 388
512 582
89 674
354 801
182 600
87 620
220 699
456 701
210 777
109 808
327 892
890 893
8 943
297 418
64 747
228 854
197 406
776 938
57 971
31 48
199 204
248 385
260 744
663 756
557 891
403 933
397 999
374 407
271 478
437 630
656 747
808 815
807 833
554 929
279 952
253 583
347 657
132 839
57 977
650 657
770 803
77 956
134 293
557 578
794 853
881 957
235 347
102 510
465 620
414 627
219 638
10 751
479 943
955 980
24 406
146 508
402 549
124 758
80 461
220 469
264 777
455 842
475 950
511 954
134 323
350 392
288 414
735 757
72 183
284 601
343 624
144 717
627 738
450 820
872 925
767 945
197 954
591 981
142 620
68 211
138 590
643 671
25 871
583 939
93 941
408 417
309 488
124 489
356 617
246 686
71 750
407 907
0 257
274 623
90 910
799 921
195 987
212 240
142 465
30 624
185 643
215 837
270 885
118 228
82 258
162 340
143 341
383 463
64 464
741 828
676 919
869 931
811 955
495 984
442 457
197 511
518 617
505 646
752 771
220 792
699 827
253 908
677 683
623 699
486 712
215 250
274 320
216 343
300 677
565 719
53 748
258 873
615 958
87 142
351 415
359 662
105 675
411 713
551 739
130 746
22 772
557 874
3 357
79 483
293 775
246 781
704 897
530 621
413 669
611 700
52 550
337 618
622 627
10 172
156 308
485 560
420 630
189 646
256 663
211 798
476 959
294 968
939 965
311 346
267 379
284 529
133 535
318 551
140 658
83 841
752 926
209 947
561 993
521 998
300 453
484 638
498 526
464 656
330 760
528 791
326 993
17 399
195 462
441 599
17 778
183 833
224 942
38 261
204 336
6 347
283 598
260 628
307 902
657 976
157 206
210 264
224 684
339 772
495 868
77 878
869 918
260 355
305 864
729 927
71 107
306 429
6 650
160 651
252 903
685 924
642 978
477 518
146 562
324 786
190 906
717 965
150 273
523 684
706 790
835 917
10 159
125 258
255 589
222 732
748 829
873 876
597 997
16 235
404 468
483 593
556 818
581 852
33 153
184 221
35 343
3 374
232 747
409 845
86 278
1 306
506 558
186 698
116 774
397 864
231 256
70 133
394 425
420 434
2 680
537 873
25 444
141 727
579 868
563 897
471 990
116 192
97 670
254 978
342 995
161 268
134 395
336 700
586 759
499 775
747 851
24 954
454 955
72 223
189 422
311 466
206 690
255 746
953 974
47 50
159 172
30 216
65 300
223 515
559 569
766 784
753 841
210 939
154 237
783 876
827 934
523 948
253 965
687 807
67 139
58 382
284 412
82 537
326 629
227 651
280 659
314 665
432 667
251 675
451 698
583 717
401 820
271 824
25 928
261 327
196 372
113 566
572 906
94 986
394 500
817 825
57 100
229 354
191 496
284 533
346 395
142 421
239 492
456 708
280 725
487 762
354 967
136 255
189 399
75 422
397 472
364 521
494 521
612 634
536 812
898 921
301 951
77 570
485 663
225 281
73 491
476 597
53 640
846 905
786 910
345 952
550 999
262 433
171 444
33 826
95 171
212 280
19 438
479 576
220 795
229 801
670 844
564 847
221 852
728 941
508 955
135 593
582 610
157 802
158 863
330 927
11 425
435 513
469 699
560 756
417 928
297 944
61 520
231 663
769 805
252 333
76 423
454 562
302 585
489 634
138 760
272 445
231 485
57 564
355 628
784 917
950 964
144 253
502 548
107 613
110 668
431 945
131 143
202 262
143 301
125 537
171 574
589 746
646 778
232 361
422 505
457 547
130 589
5 709
776 802
295 930
652 994
728 731
285 863
674 869
690 938
169 942
244 385
468 507
243 522
291 578
185 644
577 697
199 700
24 777
330 825
345 869
121 131
264 406
131 410
406 511
134 775
28 801
735 804
297 849
97 850
5 83
32 318
450 547
333 903
37 320
278 461
386 719
201 288
443 457
113 511
660 733
231 962
112 296
360 660
163 755
353 770
206 776
275 403
288 524
461 774
164 841
71 191
107 496
60 570
510 616
381 640
347 780
679 791
628 794
89 869
836 994
491 678
367 753
523 900
513 920
817 927
116 451
247 475
75 544
317 738
601 830
351 908
375 923
566 954
100 977
87 818
24 210
636 645
319 790
547 820
776 902
416 909
131 951
61 966
635 732
712 757
342 925
27 56
108 324
266 354
195 621
275 647
189 778
476 818
142 476
192 654
314 790
7 268
357 668
400 763
289 825
616 866
108 910
94 978
230 462
39 491
254 642
94 111
32 473
192 698
163 734
690 802
47 881
120 489
404 632
395 466
56 510
201 627
111 669
458 688
246 703
394 714
490 793
403 816
78 822
729 825
652 836
527 888
165 905
247 544
266 967
364 494
476 620
465 818
508 855
207 285
516 702
141 169
110 407
29 591
43 88
699 934
157 938
216 624
298 689
449 800
141 224
284 367
508 709
606 741
376 746
48 986
159 321
1 401
771 828
182 830
365 845
143 915
465 959
324 605
173 696
197 777
370 787
219 880
608 923
0 139
600 601
338 640
712 804
322 828
92 857
206 514
85 526
512 772
501 810
184 852
530 987
38 366
26 389
69 518
248 524
217 560
196 742
746 782
562 811
289 927
634 944
615 952
193 239
28 257
236 288
359 436
205 787
560 800
315 874
340 714
843 921
560 663
741 752
188 763
710 918
62 112
44 486
238 846
586 852
291 891
899 910
323 346
230 621
605 633
628 744
819 891
4 485
283 497
288 622
290 686
665 790
837 865
623 789
60 867
171 871
56 102
177 207
546 701
326 714
325 716
235 780
713 783
769 835
87 959
94 968
135 483
486 823
816 933
290 989
253 415
380 620
35 624
226 936
264 954
761 958
688 959
484 979
8 479
496 750
420 856
368 922
382 961
456 467
379 545
633 715
261 773
600 830
147 243
178 306
24 511
424 546
301 706
723 914
29 177
283 487
326 561
644 671
162 714
277 829
781 989
17 422
212 436
208 536
345 710
189 745
537 783
667 797
164 825
213 310
262 371
85 470
489 497
187 561
610 772
828 926
299 979
138 228
193 271
176 413
281 679
329 704
341 706
648 867
81 242
112 245
438 446
239 528
106 579
437 595
533 753
710 931
864 999
50 548
4 800
223 263
353 803
929 999
43 446
588 863
31 978
364 998
29 42
39 495
390 838
514 938
261 386
376 589
875 945
256 800
214 810
1 178
463 526
62 573
391 646
604 689
138 729
143 790
660 796
468 877
570 956
518 969
245 573
478 824
642 921
385 975
21 165
190 233
53 277
155 287
210 415
217 449
283 568
486 735
760 817
71 858
548 957
432 474
318 739
15 812
404 862
515 884
805 835
507 862
210 908
406 566
496 613
59 638
650 780
366 831
572 858
369 509
563 704
640 799
150 295
81 441
517 722
404 877
325 676
841 887
301 319
123 481
85 498
314 706
263 884
203 361
458 478
211 507
496 587
56 616
423 619
653 786
363 793
764 872
134 311
167 642
48 672
345 674
504 695
431 794
281 847
684 948
86 423
369 618
505 823
96 570
6 780
487 489
245 700
481 723
16 784
694 802
444 815
745 823
34 870
642 898
81 675
646 804
350 894
195 230
164 289
428 508
379 559
412 601
524 627
517 770
688 822
551 826
571 847
630 856
72 876
435 975
567 590
443 700
817 854
214 218
35 220
141 684
258 783
633 786
113 954
28 139
74 413
337 509
442 547
50 739
325 378
193 478
514 802
125 876
316 953
340 389
402 641
16 769
138 817
369 724
417 871
201 248
65 849
47 299
317 796
486 804
605 910
622 738
145 907
487 758
52 929
450 457
561 602
302 687
62 700
456 809
646 823
129 842
676 896
254 921
277 921
202 935
124 297
76 338
173 382
397 550
405 656
272 713
642 843
210 965
4 217
298 363
127 582
465 597
653 911
914 966
319 341
264 511
330 590
529 753
640 829
435 840
361 972
48 978
25 95
217 256
276 307
336 443
140 471
378 919
78 959
548 739
348 731
422 823
332 840
448 852
111 294
23 337
391 455
625 655
712 778
830 872
103 370
305 471
0 801
688 997
75 247
300 592
597 688
223 783
374 907
633 911
599 953
650 743
539 888
746 931
246 989
37 165
64 232
33 315
379 463
378 584
87 597
255 651
592 677
119 688
290 703
565 831
59 880
739 881
274 334
323 466
412 753
829 843
520 914
746 918
79 135
386 831
123 914
147 447
487 497
63 190
449 485
287 509
363 604
23 637
504 691
418 758
286 923
316 974
203 411
369 493
698 774
276 776
620 818
102 836
138 927
316 779
25 574
334 623
279 761
595 856
487 634
14 524
634 645
701 708
386 773
18 907
37 909
40 973
254 986
26 162
101 251
184 482
281 564
444 726
2 859
40 904
46 162
293 323
16 347
46 500
448 673
555 703
68 731
53 843
405 851
783 873
583 908
343 795
778 804
7 813
747 883
48 254
10 321
165 462
463 470
526 545
493 637
151 677
719 831
863 981
64 405
395 499
147 522
104 552
168 674
206 694
72 783
171 928
197 210
205 370
154 658
330 729
44 778
88 438
207 591
250 960
76 381
244 448
239 478
297 634
230 666
235 769
266 801
239 824
915 951
564 977
31 986
3 110
18 374
187 394
52 397
508 562
653 715
274 789
343 792
349 860
86 152
134 346
3 407
124 634
232 656
485 800
203 232
30 343
277 642
237 658
403 683
361 765
578 874
164 927
60 96
63 107
78 142
218 501
267 569
165 621
200 709
523 727
584 749
670 785
792 827
352 863
247 964
2 970
80 86
296 732
609 808
716 896
229 967
230 259
402 494
519 664
36 343
76 619
661 685
105 889
19 88
174 321
240 359
210 583
233 705
27 836
311 897
780 956
413 968
199 245
745 950
62 199
350 543
63 572
118 590
537 649
235 657
247 745
689 751
281 791
760 854
825 887
174 913
313 936
357 415
320 416
336 611
89 331
84 886
144 939
39 73
176 294
193 528
352 588
464 721
444 754
612 758
666 870
625 969
30 426
17 486
434 632
317 660
17 745
331 345
474 667
324 910
812 988
26 340
283 762
75 823
411 445
289 753
557 819
537 834
625 909
314 319
107 806
653 910
129 555
120 758
338 856
642 986
211 348
540 624
108 653
175 666
164 817
174 874
110 900
454 980
356 969
172 174
547 607
108 633
554 658
34 666
239 749
463 838
249 872
908 965
29 981
153 291
587 613
223 873
864 929
782 931
727 942
146 980
391 399
292 523
486 646
454 508
173 961
650 976
8 103
323 395
322 752
46 326
217 485
83 855
83 289
127 344
443 474
533 601
248 622
553 661
691 695
505 745
468 798
731 798
719 892
220 934
285 981
318 542
152 774
136 931
405 772
10 848
544 950
196 964
288 983
278 423
199 443
312 459
68 468
103 479
556 576
548 881
261 892
245 336
168 552
232 851
570 867
481 914
228 330
166 333
62 336
72 515
416 655
589 782
750 806
138 825
381 898
357 908
75 950
4 962
919 996
605 911
112 573
150 573
381 856
244 975
602 998
188 241
252 255
80 423
809 868
276 902
335 907
38 565
44 823
400 983
411 649
803 923
116 186
232 464
373 518
395 775
624 795
788 813
276 850
710 952
38 386
413 531
228 567
67 801
155 585
124 612
515 876
34 567
37 655
449 756
289 760
383 526
136 674
231 696
5 508
116 461
457 611
313 725
544 810
153 213
495 579
460 692
360 796
166 188
204 432
301 447
676 885
53 898
126 923
90 108
14 201
33 551
485 756
497 758
207 863
817 887
829 898
467 701
766 835
528 847
41 108
165 195
85 222
371 538
94 642
258 834
95 871
434 877
616 893
686 918
46 425
38 673
528 679
316 693
209 970
59 126
143 522
309 541
47 548
18 668
617 969
716 996
19 446
780 878
289 887
959 997
379 383
529 709
201 738
90 786
22 582
71 613
516 779
769 784
491 809
464 747
118 854
464 901
167 254
260 396
2 480
49 643
258 649
614 664
645 762
872 995
72 263
222 383
176 669
679 847
313 695
83 753
699 792
145 374
37 416
529 601
258 876
345 958
163 534
461 698
435 920
470 545
252 782
825 841
331 958
421 959
377 665
597 818
471 864
422 950
89 952
11 394
89 710
212 725
505 778
391 842
537 876
160 746
832 974
69 477
428 529
172 751
16 835
684 900
893 947
282 954
356 518
453 677
10 689
414 738
544 745
654 698
324 715
265 818
768 935
688 991
381 843
21 846
83 428
482 895
780 976
48 167
4 756
782 918
226 387
305 397
199 611
38 719
574 871
640 921
3 18
10 174
0 229
511 566
619 748
349 816
727 948
822 959
36 170
58 438
421 465
225 564
487 645
94 669
194 686
297 758
303 995
14 244
280 313
603 702
571 791
3 351
100 398
113 406
137 426
178 429
282 511
140 554
607 700
254 799
862 877
338 898
159 913
761 952
322 980
694 938
795 827
149 857
703 918
143 447
186 451
311 499
103 576
630 730
433 935
480 994
211 404
134 466
367 601
341 665
103 787
123 930
419 596
231 800
132 389
29 207
249 342
356 846
158 207
399 778
673 831
612 849
250 916
136 252
46 340
401 450
160 589
183 807
578 819
716 885
395 897
188 932
120 124
676 996
98 417
256 756
8 935
907 943
28 229
170 501
268 813
136 918
513 924
277 381
124 418
87 421
222 635
527 727
794 814
314 951
481 966
519 593
122 919
75 189
314 341
2 532
507 632
292 684
136 746
624 792
874 891
12 546
649 876
325 890
40 941
271 458
39 809
442 700
211 728
227 746
616 890
887 927
140 990
189 486
647 677
452 630
175 870
695 936
492 991
472 999
41 104
110 374
148 399
454 671
259 692
520 711
104 748
699 795
427 846
440 923
626 982
33 310
468 632
555 710
294 531
20 754
686 781
331 952
66 190
105 242
200 284
271 912
142 959
51 977
111 917
200 980
311 323
39 678
272 834
362 907
299 957
173 962
421 476
467 491
444 609
220 623
374 668
453 849
381 921
351 939
360 553
53 619
421 822
212 359
344 574
235 766
68 862
498 942
235 976
378 890
705 937
41 168
419 661
301 665
590 870
721 883
840 924
130 255
240 280
572 659
399 823
449 962
917 968
49 266
287 369
134 499
338 843
606 980
82 876
324 911
268 384
525 534
545 569
415 583
524 738
735 778
632 798
639 913
723 930
510 994
111 167
97 276
334 494
177 588
227 589
545 838
816 860
275 592
109 815
674 931
247 422
488 541
14 622
45 687
703 710
591 819
294 917
841 927
686 931
215 960
115 371
219 484
531 669
405 747
405 883
397 911
840 920
122 716
139 861
481 520
599 779
151 849
631 960
295 481
122 584
347 650
675 679
798 862
232 883
377 964
741 980
84 534
257 643
49 671
163 503
854 927
356 655
596 681
635 723
28 861
260 937
210 253
471 472
328 483
418 489
27 616
196 665
5 753
564 791
444 808
89 168
541 641
629 654
811 980
244 248
22 339
23 724
628 853
729 854
263 860
217 231
339 610
826 874
709 955
711 966
319 989
95 344
63 496
595 630
240 662
200 955
362 374
356 625
200 562
124 849
30 44
23 287
277 338
240 436
105 441
256 485
273 519
292 527
394 561
576 818
85 838
304 875
316 879
24 965
588 981
20 756
368 445
288 627
586 673
274 699
605 786
528 824
72 833
420 877
860 884
779 974
170 214
141 292
41 786
340 839
40 93
191 806
74 176
366 386
599 603
44 712
7 718
127 772
510 836
60 946
264 965
799 978
76 640
141 948
415 965
31 167
105 251
96 648
353 682
474 700
477 768
703 781
389 839
666 987
243 301
169 523
289 729
469 792
273 930
32 551
407 668
5 841
234 880
78 476
44 540
308 722
125 783
349 884
209 893
45 807
236 400
214 544
57 571
72 649
11 46
67 229
383 470
363 490
525 580
492 584
69 617
209 859
507 877
81 889
703 931
208 283
708 868
333 932
47 979
213 291
483 519
385 673
499 897
839 904
242 441
482 581
49 229
135 273
120 283
19 329
78 465
719 773
690 776
338 921
478 991
434 437
706 951
399 422
489 612
418 645
389 714
63 750
413 917
190 946
372 964
262 768
238 905
633 910
190 572
303 764
13 358
119 458
120 487
230 530
186 654
145 668
122 676
691 806
393 810
588 819
920 924
464 972
458 991
584 996
6 235
20 560
46 561
564 571
5 887
141 888
378 996
187 998
182 601
320 623
31 642
581 759
63 858
30 36
19 58
825 854
399 804
131 341
157 694
387 504
336 607
179 766
645 944
142 380
123 635
67 643
388 801
104 331
705 875
263 876
205 916
588 591
651 782
507 731
731 941
293 395
4 560
565 673
300 683
49 811
114 850
21 238
33 291
11 389
341 447
281 603
129 615
287 618
821 988
175 502
463 569
136 869
81 599
65 677
495 809
33 578
51 702
184 759
179 805
292 888
684 942
817 967
267 526
21 530
216 540
109 754
674 918
255 931
623 934
78 87
125 223
457 667
570 878
445 922
63 191
37 530
194 703
377 742
312 777
250 837
298 913
868 984
234 484
21 621
537 713
122 378
116 654
443 667
456 678
253 717
177 819
514 844
107 858
232 972
60 648
766 769
3 145
671 811
367 428
606 828
454 644
122 749
35 827
623 827
95 928
327 386
0 643
469 692
215 865
373 477
372 665
701 809
54 810
654 993
372 475
456 868
60 77
170 544
567 666
327 831
169 527
858 906
119 997
17 75
11 162
279 331
357 374
73 456
34 502
428 533
191 587
68 632
419 681
271 711
311 775
408 928
647 933
187 425
432 736
464 765
758 944
282 406
799 829
342 830
444 871
801 967
279 345
520 912
777 939
880 979
98 178
224 527
171 609
555 686
428 753
52 864
491 984
477 617
585 687
713 834
57 847
467 868
42 213
109 560
261 673
159 751
132 904
441 953
167 968
91 328
5 529
292 727
679 889
491 708
754 808
177 863
13 882
533 709
500 714
307 776
729 817
525 886
883 901
85 141
74 294
221 482
104 531
436 580
497 598
373 625
561 714
422 964
27 994
93 862
155 683
672 986
111 413
297 489
674 710
183 783
171 815
56 866
720 893
264 939
60 66
352 490
315 551
231 560
386 565
586 892
564 971
749 991
287 493
221 759
565 773
280 858
5 164
536 568
74 633
304 878
242 483
363 639
121 681
410 681
574 928
501 544
503 725
256 962
242 251
528 571
345 761
37 905
253 351
46 389
449 560
22 656
605 715
192 774
687 833
233 906
903 932
398 971
14 975
222 390
365 409
21 427
295 593
512 610
426 624
164 760
572 806
106 611
434 630
58 961
227 243
326 340
69 356
474 611
276 670
275 816
318 881
397 929
158 981
102 616
367 709
415 777
17 804
529 855
881 979
527 684
35 216
15 536
55 571
380 576
86 615
561 654
228 870
255 918
869 952
706 989
293 499
422 646
162 839
183 223
391 735
673 975
69 625
22 851
150 930
175 567
431 767
313 806
144 908
444 928
364 402
396 705
514 776
957 979
302 860
286 517
264 583
431 672
527 948
912 966
81 251
24 583
108 605
53 76
232 765
584 991
128 218
2 616
406 717
426 757
757 804
784 805
431 853
530 905
764 925
739 957
494 998
233 396
186 461
313 504
443 547
412 600
474 607
430 810
818 959
477 969
508 980
113 197
492 528
469 795
83 825
265 836
326 394
300 647
18 900
165 987
391 778
131 790
319 951
102 994
137 192
28 354
210 406
503 525
183 649
272 649
317 733
231 756
104 761
179 769
384 788
284 830
717 939
227 246
301 314
21 462
558 682
55 716
93 728
686 746
347 766
673 773
742 964
46 187
485 962
441 974
301 522
146 671
226 695
686 710
669 917
49 508
315 557
421 620
649 873
101 889
576 943
160 246
270 676
101 966
253 357
224 523
237 554
39 868
636 961
7 384
199 607
180 794
126 219
255 376
74 324
22 512
511 777
195 934
160 243
709 811
22 64
314 377
580 725
432 797
186 192
269 358
1 429
101 520
621 666
351 668
275 683
146 709
284 709
258 713
365 722
494 789
811 855
329 897
595 921
121 143
184 236
162 394
143 410
145 900
314 372
418 849
119 492
204 700
750 858
538 861
902 938
636 944
248 414
84 580
394 602
590 817
457 820
567 854
490 588
223 649
127 339
203 445
124 497
315 578
576 620
659 725
82 783
381 799
875 937
85 527
291 557
22 610
323 775
172 848
313 858
73 868
62 204
377 475
699 789
599 974
44 216
469 623
643 644
228 817
103 943
51 70
236 414
84 503
536 598
757 774
39 467
63 806
233 937
338 437
51 439
78 458
54 544
436 659
630 877
798 877
770 923
536 988
227 989
749 996
63 71
59 484
55 676
406 777
649 834
690 844
805 917
111 986
59 375
260 794
108 552
106 614
24 939
157 543
80 774
371 861
179 294
226 691
640 748
590 760
111 179
239 271
289 299
79 519
86 619
36 624
78 688
594 743
208 812
328 832
788 884
358 940
638 979
204 245
79 242
25 417
119 584
727 900
406 965
259 987
119 478
242 675
142 818
515 860
325 996
336 442
93 507
307 850
921 978
184 983
55 749
742 781
169 948
331 552
275 677
202 768
674 782
53 799
267 470
75 505
493 724
157 776
110 907
215 916
261 366
381 437
393 544
562 709
38 327
403 677
25 726
67 861
777 908
118 427
181 440
547 579
4 696
166 241
291 310
354 388
179 413
162 500
197 566
244 586
273 593
607 667
225 702
89 931
309 982
32 181
5 367
318 826
890 947
239 991
132 162
274 416
151 592
303 606
286 845
179 968
94 294
17 391
234 440
317 627
665 951
20 217
203 272
164 330
196 475
456 546
31 921
345 931
50 318
221 586
284 600
661 924
662 744
619 761
322 562
391 712
741 771
652 787
341 915
118 138
73 495
462 666
693 779
753 855
390 942
160 989
37 274
246 376
10 639
35 699
20 726
357 939
502 957
38 244
391 486
581 586
618 637
738 796
302 807
617 846
670 850
458 959
59 440
222 526
562 741
745 964
118 330
200 428
136 589
344 610
547 611
748 761
632 862
99 962
550 976
50 979
49 146
92 149
143 243
242 328
53 381
464 736
244 759
782 869
668 900
107 906
476 997
187 629
147 740
185 865
335 374
270 716
68 941
89 958
130 686
135 295
105 599
427 905
380 479
542 551
425 714
33 739
514 785
358 882
320 909
566 922
135 664
130 782
146 855
0 861
141 942
620 959
73 984
0 266
15 821
114 307
276 938
106 442
5 533
240 572
89 761
691 858
550 911
16 976
337 369
200 529
233 572
439 603
478 822
45 833
345 918
149 384
148 505
403 647
304 705
486 757
148 455
420 632
124 886
74 531
278 774
383 838
678 701
377 706
659 858
689 913
90 168
23 493
153 826
765 901
196 319
390 463
385 524
422 544
485 696
517 803
692 827
830 925
399 486
646 712
203 713
338 799
722 845
589 992
310 502
41 90
200 508
516 603
602 629
640 642
587 750
645 758
259 934
147 992
79 101
243 341
199 432
459 541
591 863
378 866
127 512
164 753
181 880
777 954
97 844
434 856
16 179
319 377
383 569
359 659
506 682
203 747
422 778
152 842
577 848
657 956
901 972
839 973
53 338
87 380
383 390
373 617
332 975
145 380
167 799
197 965
68 93
341 522
375 608
39 708
36 810
68 877
262 935
211 941
362 982
130 246
689 848
89 918
937 945
336 432
68 728
615 761
257 861
356 909
806 936
204 667
304 767
766 917
124 944
809 984
639 751
78 597
855 955
132 973
486 505
334 521
153 578
760 887
194 227
187 364
71 496
106 868
242 889
254 898
83 927
949 960
306 401
361 747
714 993
248 288
131 301
138 567
788 816
760 841
20 109
104 176
28 266
161 384
375 517
431 628
509 637
612 645
376 686
311 704
590 729
673 759
161 814
788 860
169 900
840 975
252 589
360 661
20 800
22 883
794 945
893 970
152 423
24 717
129 148
320 334
442 450
86 461
380 465
283 489
478 492
148 555
553 596
592 683
384 718
559 736
321 751
25 815
289 817
554 864
159 874
692 934
248 975
196 706
362 407
6 743
225 847
51 971
85 224
122 325
93 468
499 563
629 714
451 774
391 505
472 929
30 35
106 495
11 714
606 752
745 778
367 855
408 871
92 275
97 314
174 557
450 607
159 689
86 842
140 929
92 933
412 428
35 469
100 564
277 748
890 919
925 995
85 383
95 444
87 556
166 903
440 963
36 44
293 311
436 662
428 811
635 914
849 944
210 954
476 556
142 597
660 661
412 709
428 841
235 878
914 930
447 951
160 194
128 352
356 373
292 539
310 548
71 691
436 725
189 804
112 199
367 841
33 874
604 913
385 448
55 919
554 999
223 258
635 888
507 941
0 354
361 368
204 443
281 675
540 712
411 834
533 855
330 887
141 523
223 537
647 683
522 915
144 210
199 442
58 636
1 820
804 842
655 846
721 851
51 133
165 320
265 576
183 876
650 956
321 473
24 566
378 716
119 749
244 831
428 955
94 254
389 500
741 926
129 391
301 989
29 291
224 390
361 445
416 549
256 560
444 574
405 582
107 587
205 652
321 697
534 725
754 815
678 868
855 887
98 928
777 965
336 667
712 823
824 912
61 914
683 933
112 204
77 946
455 804
223 884
210 351
411 783
513 975
84 163
222 296
168 331
126 409
181 484
476 688
267 838
786 899
802 902
874 913
465 556
841 855
177 285
141 390
364 602
552 786
130 918
181 318
158 352
280 436
47 502
271 822
32 826
224 948
900 948
991 997
360 419
308 517
73 701
44 735
623 792
832 879
551 881
557 913
71 936
930 966
17 44
31 672
144 942
59 286
79 295
249 409
463 498
52 554
541 626
56 890
591 891
489 944
305 999
7 161
105 281
110 357
190 705
383 732
736 765
349 813
804 823
305 990
241 305
390 545
143 706
191 858
66 77
72 807
45 405
14 414
8 576
105 603
644 865
325 866
50 551
497 634
399 745
623 795
406 583
392 894
108 899
522 951
187 500
455 555
10 913
887 967
331 674
86 279
402 416
224 498
320 530
401 547
172 697
739 826
165 846
651 918
335 407
185 454
295 519
153 551
280 572
387 695
691 725
528 749
764 830
12 98
565 586
533 600
148 646
209 680
634 762
694 776
16 780
355 794
182 872
404 731
361 464
442 474
267 559
562 606
646 745
753 887
717 954
663 962
146 428
151 683
160 686
553 681
83 709
130 931
24 113
106 700
651 931
710 958
128 158
144 498
344 582
418 636
602 654
280 691
521 789
304 805
968 986
210 717
578 826
82 223
50 299
174 315
339 405
495 708
183 713
540 757
595 877
736 972
286 409
467 495
25 609
550 864
673 892
831 892
209 532
118 567
199 667
433 768
798 941
9 985
117 184
67 266
124 487
254 843
703 869
299 881
85 942
866 947
201 385
343 540
449 696
408 726
597 822
769 917
121 951
410 951
405 464
646 735
542 826
206 902
539 914
13 269
227 686
718 813
226 821
806 906
363 913
282 922
865 960
239 791
888 948
187 993
46 629
139 643
291 819
220 343
487 598
74 715
264 717
690 785
608 963
222 267
144 415
248 448
235 784
718 814
685 920
767 937
473 963
91 519
597 620
49 185
189 391
416 625
120 634
328 985
207 588
259 666
19 704
148 742
364 425
690 694
26 904
332 924
48 94
116 152
132 340
309 459
287 585
227 290
222 470
48 642
167 672
334 699
728 798
118 817
200 855
241 899
837 960
182 219
430 544
709 753
300 849
510 866
550 929
520 930
284 428
657 743
93 798
388 861
472 911
33 891
516 953
90 605
556 620
466 762
790 915
598 762
783 834
414 983
318 473
505 804
429 574
478 688
721 765
264 908
721 972
128 543
531 829
98 408
95 429
222 545
125 649
179 669
378 676
193 679
72 713
454 741
74 786
94 799
711 824
380 900
720 970
44 189
62 474
418 487
437 730
396 744
371 768
325 893
432 901
46 993
245 474
634 636
16 657
186 774
320 789
185 257
160 290
169 292
373 488
181 542
367 600
495 678
350 694
372 742
409 925
112 336
619 829
539 912
555 952
442 579
595 632
382 696
426 712
104 829
3 907
38 975
170 393
541 549
548 551
615 842
126 845
74 108
105 225
168 345
264 415
291 591
164 855
289 330
202 370
193 492
197 583
703 746
571 749
613 806
533 841
166 899
111 978
602 993
167 669
14 448
91 483
713 876
157 894
621 905
200 303
245 611
497 762
748 843
224 900
325 947
665 989
148 781
349 933
799 986
85 169
77 304
128 430
497 568
421 597
355 662
25 754
583 777
726 808
83 817
147 227
370 433
345 615
50 502
159 639
74 669
453 683
299 729
257 801
896 919
678 984
818 997
143 314
18 380
397 715
32 234
14 673
105 679
64 721
471 929
686 989
475 544
480 680
47 739
475 745
746 869
657 878
301 915
658 929
954 965
176 968
195 320
52 472
61 539
126 608
327 773
102 265
112 732
75 778
143 319
8 370
292 421
279 619
489 645
225 679
17 712
187 714
347 769
517 845
737 903
8 907
62 296
109 444
381 595
348 728
186 730
466 897
181 963
422 475
491 495
78 620
153 739
235 835
879 974
183 263
72 873
128 894
660 924
90 324
314 850
61 101
147 160
37 195
49 454
550 715
421 948
773 975
471 554
109 609
62 611
608 803
55 584
516 599
77 780
98 871
234 318
187 326
293 346
67 354
122 492
74 653
539 711
47 729
137 757
283 758
428 887
346 897
655 905
883 972
898 978
91 135
59 608
619 640
28 643
304 769
590 927
656 721
310 739
193 791
161 853
605 899
555 615
284 753
278 842
274 934
137 451
85 463
285 588
442 667
618 724
529 841
686 869
851 901
148 391
340 394
183 515
651 686
171 726
16 805
709 980
54 170
471 658
447 790
375 803
136 651
371 433
80 698
22 747
717 838
462 905
101 593
228 760
376 782
216 795
280 806
5 811
672 978
195 259
371 388
338 595
235 650
368 765
255 903
197 939
206 276
243 376
457 474
82 728
854 870
681 915
570 946
201 236
89 279
353 517
212 662
705 767
859 893
169 390
106 607
488 641
320 655
31 799
82 834
188 400
494 549
38 892
5 412
375 845
80 186
399 455
600 638
75 964
366 975
254 277
222 463
515 873
737 932
368 972
89 136
197 282
14 288
389 394
236 524
244 773
723 966
164 967
51 100
119 239
245 296
556 597
396 875
140 154
90 552
445 713
109 726
253 942
145 943
180 396
385 435
328 441
2 510
28 388
210 511
200 533
51 535
480 652
372 706
457 797
2 893
76 80
372 670
621 870
99 256
65 592
453 592
392 694
856 921
351 374
564 679
315 891
131 522
498 545
158 588
152 698
262 861
843 978
97 372
194 376
375 440
392 543
242 593
574 609
286 770
482 983
665 742
41 910
726 928
465 997
216 792
817 841
95 609
22 45
425 602
375 770
935 943
376 989
196 314
448 581
432 721
115 861
175 213
79 273
120 598
229 643
246 746
744 794
642 829
202 371
103 556
71 572
279 710
507 728
276 802
557 826
68 348
139 837
114 131
146 200
281 528
137 540
33 557
123 573
472 605
385 622
394 629
260 662
348 798
431 875
316 882
736 883
765 883
496 906
750 906
60 956
87 997
160 255
395 704
758 762
721 797
479 907
162 326
264 566
6 16
45 339
227 447
390 527
249 764
75 810
96 956
90 653
489 762
568 762
157 350
85 545
163 580
426 735
32 739
161 813
225 977
140 237
455 615
317 622
248 673
695 725
674 952
741 955
194 319
248 759
113 264
153 315
273 481
169 498
625 641
49 855
407 943
77 96
357 407
315 542
82 649
322 771
380 818
164 428
601 872
177 891
330 967
319 372
170 430
520 723
540 735
439 779
538 801
140 864
81 603
549 625
376 918
514 543
265 787
144 838
801 861
24 908
45 512
486 540
492 571
197 717
194 742
440 880
163 886
592 933
396 945
766 976
968 978
146 644
198 722
59 923
290 376
178 401
44 426
502 739
559 765
758 849
333 899
322 955
80 116
285 591
204 611
715 766
720 890
911 999
564 603
248 627
679 824
120 886
235 956
243 989
31 94
3 415
55 885
66 906
71 906
16 917
619 958
947 970
819 981
346 762
346 775
575 832
76 86
224 292
149 355
64 361
75 475
246 555
251 679
248 738
515 783
726 815
504 821
590 825
729 841
819 874
246 918
92 384
162 425
316 575
319 742
42 259
136 333
543 690
40 728
92 788
221 448
405 512
66 570
529 600
286 608
514 694
164 729
644 811
531 968
628 814
63 66
423 461
767 805
74 917
58 173
65 297
182 409
380 476
517 923
335 943
219 375
334 416
385 840
305 929
93 404
211 468
472 550
311 563
296 635
93 731
288 759
412 841
412 855
748 898
230 934
236 622
457 700
733 740
370 935
296 383
126 440
2 994
71 313
432 443
455 646
589 931
44 75
241 605
421 688
286 803
116 757
41 331
24 415
160 447
55 492
184 586
387 988
61 271
76 277
155 403
521 602
558 803
542 963
5 289
32 315
402 521
87 576
46 602
344 609
465 688
119 822
476 822
672 853
584 919
376 931
277 978
83 367
617 625
88 704
180 853
792 934
470 942
5 146
227 255
153 891
170 216
285 352
344 512
290 555
396 628
193 912
763 932
123 966
21 37
338 423
149 744
317 360
1 450
336 457
493 509
403 592
246 651
138 870
266 887
831 975
311 329
64 901
191 906
219 600
573 700
171 417
259 469
107 572
473 697
417 726
562 855
668 908
628 945
63 946
382 962
615 710
412 830
204 296
180 662
85 727
337 512
182 638
707 960
