1000 4990 57.77542730261716 sparse
0 242 928
1 91 729
2 727 851
3 667 235
4 945 90
5 133 583
6 779 505
7 474 540
8 374 879
9 545 141
10 25 980
11 1000 551
12 968 655
13 487 412
14 412 325
15 573 718
16 76 225
17 13 759
18 429 463
19 673 882
20 707 220
21 117 792
22 820 123
23 42 390
24 132 734
25 280 830
26 280 62
27 174 911
28 825 314
29 169 214
30 628 252
31 840 429
32 102 951
33 939 573
34 352 286
35 268 418
36 669 374
37 386 64
38 126 513
39 41 477
40 976 816
41 829 408
42 250 494
43 243 403
44 23 808
45 597 736
46 513 307
47 801 92
48 925 178
49 178 659
50 259 945
51 179 545
52 758 733
53 381 401
54 856 774
55 520 691
56 898 330
57 789 239
58 711 522
59 939 156
60 547 473
61 994 829
62 834 700
63 903 150
64 387 467
65 491 88
66 698 294
67 485 598
68 487 148
69 37 720
70 583 346
71 856 250
72 106 771
73 258 607
74 28 802
75 151 664
76 874 470
77 821 998
78 223 272
79 907 157
80 417 857
81 373 580
82 888 716
83 657 891
84 393 248
85 581 630
86 226 896
87 217 906
88 188 245
89 292 288
90 826 108
91 752 614
92 891 208
93 567 76
94 95 859
95 189 474
96 212 771
97 489 742
98 532 821
99 686 682
100 614 505
101 26 980
102 728 652
103 946 730
104 370 541
105 947 504
106 154 716
107 415 620
108 524 563
109 757 642
110 968 913
111 203 581
112 943 647
113 151 147
114 654 715
115 595 839
116 262 152
117 257 695
118 279 34
119 198 280
120 327 852
121 402 118
122 496 507
123 205 544
124 492 84
125 112 534
126 907 660
127 107 899
128 674 224
129 134 618
130 872 741
131 931 569
132 92 709
133 863 104
134 500 143
135 438 784
136 421 211
137 88 245
138 129 217
139 662 684
140 948 87
141 47 739
142 254 70
143 543 497
144 372 615
145 918 739
146 447 379
147 390 267
148 347 522
149 511 54
150 885 554
151 959 660
152 725 562
153 554 77
154 203 370
155 485 602
156 320 829
157 781 780
158 277 646
159 385 973
160 28 730
161 994 207
162 676 148
163 676 913
164 596 887
165 870 160
166 948 646
167 662 39
168 708 98
169 642 421
170 486 984
171 423 949
172 235 471
173 724 809
174 251 54
175 372 48
176 635 891
177 845 583
178 483 699
179 812 729
180 16 89
181 449 458
182 137 810
183 146 203
184 849 625
185 434 640
186 429 298
187 915 166
188 138 75
189 626 808
190 857 179
191 482 410
192 86 798
193 644 249
194 902 903
195 625 202
196 784 286
197 276 167
198 678 859
199 449 751
200 424 690
201 169 806
202 1 893
203 402 84
204 193 83
205 687 969
206 399 32
207 198 97
208 503 600
209 750 933
210 31 567
211 746 217
212 221 566
213 858 830
214 993 721
215 832 258
216 36 56
217 444 720
218 45 522
219 194 720
220 133 556
221 543 143
222 386 387
223 677 397
224 811 919
225 854 982
226 82 939
227 263 298
228 709 738
229 170 764
230 554 254
231 535 574
232 750 799
233 413 178
234 550 673
235 159 360
236 160 589
237 797 678
238 331 18
239 686 731
240 299 930
241 393 213
242 602 494
243 714 778
244 452 448
245 940 564
246 598 236
247 225 769
248 693 563
249 203 28
250 655 70
251 591 496
252 944 888
253 439 537
254 939 638
255 435 839
256 268 5
257 756 90
258 710 767
259 79 957
260 852 360
261 629 802
262 190 657
263 367 292
264 656 292
265 226 685
266 103 902
267 746 619
268 488 251
269 141 719
270 321 971
271 714 728
272 957 761
273 963 686
274 631 694
275 970 283
276 875 541
277 920 170
278 142 725
279 771 605
280 966 769
281 761 454
282 220 988
283 258 206
284 655 457
285 357 872
286 148 351
287 972 406
288 591 703
289 18 902
290 969 90
291 572 226
292 632 9
293 775 187
294 414 334
295 499 647
296 29 3
297 637 681
298 822 814
299 990 172
300 742 258
301 136 75
302 331 188
303 442 356
304 207 997
305 771 381
306 0 775
307 155 348
308 702 920
309 43 631
310 892 76
311 382 996
312 760 260
313 66 409
314 817 15
315 211 514
316 283 114
317 912 639
318 808 919
319 411 983
320 522 435
321 448 320
322 438 489
323 871 373
324 106 211
325 541 203
326 123 170
327 704 394
328 804 723
329 587 245
330 969 759
331 818 44
332 785 918
333 145 231
334 215 610
335 925 441
336 516 16
337 200 763
338 832 26
339 690 88
340 806 506
341 592 977
342 262 378
343 344 529
344 494 985
345 540 899
346 62 866
347 415 714
348 881 929
349 791 864
350 540 981
351 198 799
352 69 590
353 729 626
354 729 637
355 622 470
356 797 743
357 334 580
358 609 448
359 926 269
360 265 446
361 683 359
362 549 305
363 669 330
364 722 811
365 414 68
366 386 465
367 630 983
368 123 626
369 723 268
370 303 793
371 696 183
372 812 993
373 998 86
374 289 426
375 934 61
376 831 41
377 314 819
378 406 836
379 387 988
380 675 465
381 948 644
382 274 12
383 97 824
384 835 10
385 804 134
386 60 893
387 648 876
388 56 926
389 81 457
390 86 641
391 716 260
392 133 764
393 541 199
394 413 379
395 55 154
396 985 234
397 631 571
398 989 922
399 872 879
400 639 899
401 15 998
402 151 429
403 1000 959
404 212 100
405 448 590
406 455 532
407 739 34
408 185 296
409 600 911
410 352 454
411 224 167
412 762 264
413 934 42
414 9 130
415 895 374
416 488 470
417 434 113
418 322 8
419 417 103
420 715 858
421 958 951
422 558 654
423 818 395
424 826 991
425 560 375
426 529 468
427 452 127
428 177 25
429 877 658
430 504 817
431 430 206
432 592 875
433 283 552
434 278 439
435 42 311
436 770 679
437 123 40
438 41 44
439 70 74
440 859 325
441 171 365
442 850 180
443 309 936
444 668 30
445 514 58
446 896 949
447 507 726
448 374 41
449 330 894
450 636 633
451 415 678
452 761 557
453 720 448
454 615 575
455 458 847
456 809 323
457 512 825
458 780 532
459 993 185
460 179 451
461 778 616
462 911 747
463 583 902
464 37 18
465 405 103
466 803 207
467 251 579
468 381 870
469 861 679
470 974 401
471 641 790
472 478 249
473 758 296
474 679 169
475 370 137
476 493 69
477 417 310
478 188 810
479 790 328
480 835 410
481 81 773
482 674 577
483 535 128
484 801 504
485 834 881
486 706 489
487 621 598
488 385 563
489 207 750
490 115 914
491 311 743
492 221 279
493 958 450
494 409 438
495 69 402
496 892 21
497 542 233
498 546 717
499 475 762
500 530 730
501 100 42
502 922 452
503 319 18
504 205 694
505 176 795
506 103 544
507 930 386
508 956 380
509 90 783
510 925 779
511 891 817
512 993 232
513 347 467
514 499 617
515 36 11
516 740 117
517 682 104
518 703 367
519 528 239
520 249 832
521 148 613
522 912 723
523 308 644
524 754 39
525 494 666
526 758 265
527 821 450
528 246 801
529 811 287
530 675 854
531 838 693
532 265 157
533 780 814
534 765 935
535 503 874
536 486 424
537 277 309
538 449 156
539 289 862
540 501 540
541 966 235
542 111 357
543 268 446
544 82 359
545 870 114
546 533 363
547 646 877
548 528 496
549 577 961
550 97 81
551 317 714
552 478 480
553 940 565
554 577 493
555 941 190
556 677 643
557 361 483
558 945 133
559 842 276
560 834 317
561 257 467
562 351 116
563 148 461
564 38 631
565 223 513
566 878 586
567 812 449
568 264 252
569 880 420
570 488 544
571 833 641
572 729 293
573 384 17
574 777 447
575 771 833
576 891 253
577 906 684
578 379 906
579 918 776
580 994 642
581 639 843
582 149 598
583 724 870
584 281 845
585 545 293
586 427 146
587 608 497
588 456 676
589 704 71
590 46 260
591 284 920
592 959 703
593 187 476
594 813 380
595 104 476
596 236 765
597 592 757
598 308 77
599 531 609
600 516 326
601 712 422
602 342 59
603 93 777
604 22 63
605 271 476
606 163 264
607 677 122
608 119 513
609 963 455
610 879 714
611 807 258
612 629 360
613 607 897
614 260 374
615 21 921
616 757 750
617 883 19
618 513 236
619 945 600
620 293 791
621 708 342
622 698 201
623 724 437
624 330 378
625 727 962
626 100 836
627 524 879
628 336 887
629 679 187
630 713 250
631 528 636
632 370 126
633 119 137
634 426 764
635 521 711
636 841 355
637 95 608
638 576 439
639 320 377
640 22 856
641 502 345
642 499 352
643 101 581
644 168 772
645 545 697
646 348 126
647 475 146
648 241 684
649 294 605
650 186 799
651 755 71
652 716 874
653 650 143
654 365 399
655 452 188
656 14 203
657 838 631
658 933 661
659 450 51
660 747 466
661 767 88
662 410 723
663 928 935
664 79 167
665 904 488
666 211 433
667 742 509
668 385 917
669 548 254
670 407 979
671 766 644
672 780 548
673 373 450
674 258 702
675 947 541
676 277 29
677 593 923
678 502 267
679 663 479
680 347 154
681 288 102
682 74 195
683 949 293
684 967 971
685 254 324
686 623 628
687 343 880
688 542 131
689 759 49
690 628 827
691 78 572
692 907 550
693 555 266
694 842 134
695 719 367
696 675 337
697 185 289
698 671 349
699 572 462
700 905 566
701 377 782
702 647 685
703 928 411
704 127 81
705 875 371
706 262 284
707 48 174
708 50 44
709 295 49
710 393 277
711 419 303
712 925 798
713 854 839
714 534 653
715 270 490
716 55 367
717 269 694
718 661 931
719 474 696
720 970 581
721 794 506
722 184 912
723 131 777
724 187 820
725 370 758
726 294 73
727 843 177
728 588 8
729 281 450
730 730 106
731 236 769
732 670 7
733 205 352
734 29 855
735 237 71
736 305 691
737 858 887
738 123 923
739 636 413
740 239 810
741 218 154
742 123 538
743 620 36
744 596 541
745 927 710
746 592 856
747 594 831
748 340 34
749 769 131
750 341 829
751 49 273
752 640 493
753 801 324
754 546 38
755 452 8
756 116 153
757 601 936
758 768 589
759 11 196
760 978 687
761 120 494
762 128 778
763 271 785
764 911 556
765 153 672
766 287 859
767 77 580
768 287 886
769 322 184
770 348 245
771 960 681
772 820 903
773 891 442
774 302 901
775 331 884
776 889 220
777 959 165
778 728 437
779 715 135
780 967 52
781 795 837
782 140 653
783 786 962
784 364 329
785 481 584
786 599 941
787 151 256
788 367 595
789 674 119
790 198 570
791 903 75
792 310 940
793 539 796
794 178 928
795 801 725
796 944 286
797 820 615
798 406 696
799 684 500
800 159 43
801 557 17
802 289 328
803 555 26
804 542 87
805 731 630
806 890 212
807 450 186
808 271 162
809 494 109
810 942 834
811 54 599
812 766 814
813 709 107
814 969 385
815 478 927
816 134 670
817 622 139
818 239 22
819 535 711
820 347 546
821 721 179
822 289 91
823 328 994
824 108 494
825 400 732
826 609 726
827 435 423
828 891 796
829 427 838
830 688 291
831 272 694
832 671 302
833 670 750
834 301 976
835 99 800
836 103 411
837 131 410
838 755 263
839 740 800
840 908 151
841 829 81
842 993 647
843 842 172
844 681 487
845 734 170
846 77 423
847 702 624
848 211 25
849 820 426
850 372 101
851 531 230
852 102 939
853 513 102
854 511 749
855 981 3
856 768 100
857 65 707
858 834 150
859 707 455
860 97 763
861 982 475
862 5 849
863 554 372
864 428 415
865 256 804
866 848 960
867 770 612
868 738 573
869 110 618
870 850 913
871 974 384
872 651 933
873 618 490
874 223 556
875 622 129
876 218 879
877 527 798
878 928 620
879 229 909
880 360 200
881 32 9
882 272 729
883 258 545
884 849 122
885 517 218
886 170 251
887 6 349
888 42 167
889 577 399
890 307 419
891 25 449
892 526 336
893 779 853
894 113 73
895 169 888
896 365 662
897 209 642
898 474 666
899 489 358
900 757 861
901 302 167
902 734 562
903 822 909
904 325 286
905 769 430
906 123 89
907 649 950
908 55 363
909 72 896
910 260 681
911 552 141
912 781 911
913 68 409
914 537 86
915 858 90
916 754 470
917 39 492
918 563 287
919 761 184
920 225 210
921 283 257
922 41 323
923 851 206
924 715 80
925 606 52
926 640 775
927 613 687
928 801 882
929 243 107
930 193 529
931 310 323
932 550 364
933 436 202
934 684 879
935 854 570
936 857 489
937 481 70
938 497 976
939 838 570
940 780 623
941 839 686
942 559 61
943 593 328
944 335 740
945 831 670
946 16 233
947 351 383
948 918 764
949 465 41
950 759 975
951 388 352
952 758 753
953 570 481
954 108 460
955 787 273
956 544 513
957 878 486
958 348 418
959 422 738
960 991 166
961 740 15
962 453 22
963 367 299
964 323 385
965 254 964
966 681 787
967 984 167
968 544 12
969 655 17
970 71 821
971 213 96
972 81 699
973 647 736
974 588 765
975 974 517
976 902 56
977 851 949
978 175 840
979 646 279
980 434 51
981 850 314
982 699 536
983 972 322
984 703 891
985 180 864
986 691 261
987 893 272
988 53 808
989 490 715
990 859 624
991 263 327
992 364 959
993 875 793
994 738 976
995 664 265
996 474 97
997 775 330
998 722 655
999 985 61
10 101
245 553
188 301
166 381
313 913
64 366
387 547
9 221
173 364
95 593
655 807
224 318
360 543
717 831
723 762
616 952
539 766
328 795
526 838
67 155
325 393
596 731
623 778
716 908
65 124
412 526
443 792
92 806
404 971
4 140
607 789
312 412
342 614
323 705
353 805
515 881
127 266
149 445
309 564
112 166
63 840
580 842
727 843
814 871
804 914
13 191
287 470
340 484
312 526
118 676
757 786
319 670
112 381
198 530
116 532
273 771
628 775
312 838
230 669
269 278
79 840
299 960
41 480
772 903
187 277
189 261
242 587
509 603
425 863
296 881
102 998
38 608
408 697
9 911
263 963
190 442
464 515
493 609
117 674
640 734
197 808
412 838
279 867
495 913
531 941
960 967
692 764
431 933
175 448
78 492
477 711
484 721
354 805
461 940
286 307
148 343
313 495
510 579
641 642
483 688
442 727
656 759
44 74
91 267
532 808
299 967
63 79
170 344
62 531
33 553
115 747
456 753
691 767
776 806
255 829
332 912
660 916
396 512
229 644
75 765
249 848
639 964
77 424
683 796
33 131
176 400
583 652
461 867
704 906
863 932
597 974
438 708
152 902
33 245
527 567
168 813
14 294
256 382
82 610
496 617
449 628
109 671
363 696
801 803
707 888
221 911
48 277
311 379
28 560
178 719
519 851
344 938
685 991
112 254
131 553
213 713
302 769
628 687
624 964
179 328
100 587
169 739
817 875
624 639
27 722
478 724
449 775
232 839
184 990
268 472
370 620
718 872
212 874
12 151
131 245
77 372
136 431
347 662
464 881
181 244
280 330
418 503
391 630
562 646
9 688
147 710
66 830
528 865
369 391
145 462
296 515
827 864
505 650
297 702
254 381
167 444
301 704
353 354
475 632
247 731
310 791
681 822
242 251
228 271
478 650
571 657
257 661
524 689
186 711
430 457
442 843
8 468
335 502
434 729
528 740
497 851
19 934
866 977
156 377
240 443
700 764
642 899
243 258
247 596
453 623
125 742
479 753
179 795
868 902
419 465
238 503
351 650
340 721
761 824
32 852
579 948
79 187
166 254
272 280
13 536
315 565
221 688
230 693
117 717
490 738
661 856
72 860
435 922
476 937
260 636
111 790
49 262
272 330
68 647
92 776
793 877
434 543
133 545
587 873
383 626
87 879
386 909
184 657
578 668
188 704
498 819
235 307
164 432
362 585
481 603
696 698
687 775
352 767
216 438
235 441
316 681
3 128
93 153
279 461
201 505
96 247
392 723
192 835
106 269
331 376
299 459
590 751
799 844
86 879
196 955
86 87
69 160
24 278
238 418
125 506
481 509
116 808
662 825
129 368
540 570
674 717
543 729
453 778
170 938
2 420
409 677
669 693
694 884
554 953
68 134
410 513
450 686
508 814
300 838
801 968
533 812
635 819
227 706
605 715
755 962
372 424
416 552
190 727
600 892
688 911
235 286
246 329
236 582
589 924
440 981
274 297
207 404
251 554
72 603
411 741
117 910
293 919
96 337
606 787
191 536
7 570
598 726
67 785
603 860
360 434
337 489
453 859
606 886
177 939
204 207
53 222
351 478
129 521
197 532
164 613
516 730
392 762
240 792
224 903
133 915
425 932
867 940
62 941
132 972
106 278
200 451
420 583
754 803
102 354
338 376
124 476
143 548
521 582
25 584
265 648
139 702
6 721
273 760
117 831
471 926
207 971
159 379
209 534
39 917
479 997
497 519
584 766
677 757
368 869
121 465
519 618
192 509
100 873
108 231
75 782
48 187
361 698
153 804
45 826
257 856
216 604
409 613
282 304
14 477
407 524
423 594
119 697
821 845
717 910
177 935
458 672
518 695
935 939
659 980
420 652
143 956
53 654
285 687
692 700
399 737
674 831
704 894
22 90
34 263
81 788
142 174
30 193
100 242
338 384
633 756
279 758
349 893
560 981
828 993
150 276
9 483
264 979
397 454
360 729
242 873
595 954
76 957
187 840
190 843
510 948
561 605
846 913
253 406
470 814
153 942
261 471
186 477
266 490
296 464
221 483
127 490
517 789
470 871
93 942
41 423
374 434
251 587
52 616
142 735
152 868
546 932
145 522
722 794
872 907
112 658
645 819
318 903
382 676
115 746
343 820
208 514
300 526
281 574
273 592
371 629
27 794
281 916
178 989
24 269
83 387
352 811
136 933
831 910
151 166
227 537
83 547
176 547
26 726
21 762
313 846
124 937
803 968
625 994
339 517
694 858
550 894
941 945
857 972
474 629
240 591
631 714
75 816
782 816
264 832
740 865
637 869
659 949
732 969
67 208
155 208
300 312
371 622
154 733
91 867
226 259
19 83
28 456
274 702
238 748
224 772
173 839
79 277
8 285
267 353
201 650
326 756
640 862
395 888
641 899
462 948
444 969
281 660
380 679
216 708
155 785
356 795
595 824
508 871
618 885
851 885
58 982
314 338
267 805
314 384
60 426
517 607
726 822
539 584
86 876
574 905
481 860
894 906
760 771
677 786
200 798
618 851
88 886
585 918
375 413
510 712
432 746
396 541
257 651
608 761
407 961
791 976
65 476
449 687
189 690
363 698
765 816
301 906
699 953
459 960
576 987
478 505
601 623
123 930
662 959
84 147
202 289
409 463
203 465
2 583
46 600
289 615
509 835
648 910
153 914
65 996
374 890
168 924
274 927
354 998
151 381
22 385
201 478
117 648
581 690
456 479
31 480
295 525
575 812
500 819
787 886
568 921
50 965
83 400
21 835
679 844
417 419
176 387
164 463
366 673
26 709
522 745
34 963
38 761
63 187
203 365
72 509
48 555
318 772
226 852
525 898
52 952
1 132
55 635
498 645
352 691
347 798
451 798
41 849
279 940
459 967
780 999
415 705
31 849
830 832
809 853
447 989
98 457
42 715
355 873
116 197
179 356
36 361
155 514
447 635
21 723
188 906
168 339
10 401
215 559
369 630
220 742
588 898
349 928
65 937
70 943
112 151
18 181
17 306
7 406
119 408
234 422
498 500
144 788
270 834
81 488
651 661
300 412
506 742
198 934
156 750
511 828
141 160
91 279
533 575
20 622
500 635
452 672
650 724
151 771
730 813
950 994
101 401
378 829
364 839
254 878
674 910
328 356
395 707
509 860
140 290
121 419
162 474
206 573
166 658
768 774
65 809
287 814
936 957
37 175
138 333
513 557
268 678
743 925
51 930
655 933
807 933
654 947
410 673
483 911
652 984
69 141
300 369
562 632
80 829
284 380
361 518
575 893
126 317
96 489
45 597
535 627
802 931
624 947
123 874
497 669
12 166
341 549
5 582
379 670
421 684
118 709
59 777
601 778
232 812
480 849
608 824
83 176
632 646
138 183
161 459
371 474
6 484
339 589
64 673
174 735
592 771
287 871
192 603
125 608
114 973
657 990
40 61
102 805
752 873
970 988
124 996
351 505
172 561
651 689
150 692
310 976
35 374
360 561
537 802
277 840
495 846
545 884
718 907
693 918
949 962
934 984
118 382
184 571
781 893
423 480
381 658
331 338
417 427
159 670
201 724
620 763
380 844
225 866
133 884
362 918
825 959
537 991
979 995
12 381
110 398
265 504
546 863
165 190
260 323
318 332
119 492
765 782
0 879
437 501
400 547
14 711
579 712
444 732
72 762
97 854
758 867
301 894
469 941
167 969
159 311
35 434
463 677
275 683
16 137
32 226
135 634
150 700
724 978
809 996
307 441
447 500
638 699
212 790
447 854
548 956
284 679
361 696
168 730
843 858
893 900
111 212
15 288
189 471
149 476
163 718
347 825
315 930
19 198
146 303
94 626
104 820
98 877
27 895
59 277
248 482
67 514
622 629
600 641
598 822
31 41
21 72
80 378
445 476
543 561
351 724
754 801
519 885
32 259
138 324
454 487
59 558
254 658
316 822
603 835
131 764
204 971
4 290
148 820
129 869
323 415
462 522
126 577
422 714
709 726
643 767
527 849
0 50
120 156
228 239
245 675
270 823
531 945
99 139
97 447
285 468
96 731
595 761
539 768
657 797
383 835
538 586
520 740
294 477
230 497
222 654
491 944
291 329
203 419
763 865
262 897
60 143
164 409
575 781
36 223
255 455
505 644
567 849
60 953
292 969
97 499
319 379
463 613
234 645
978 985
475 646
22 694
569 773
486 799
630 986
100 251
387 400
643 691
96 596
485 737
734 862
297 927
267 354
648 674
359 796
623 859
592 760
239 833
317 878
719 989
348 446
82 522
129 582
215 611
519 669
553 675
407 689
701 725
55 819
267 867
145 948
611 955
347 959
28 981
161 512
242 554
261 690
409 757
391 986
95 460
72 481
36 698
507 703
746 747
602 748
124 809
486 844
632 850
188 894
777 967
139 297
134 647
38 742
38 125
671 940
159 992
71 215
374 729
281 905
608 742
371 821
80 255
428 800
29 183
109 267
204 404
192 481
518 621
2 652
260 705
76 936
654 958
355 358
37 203
345 627
234 714
193 995
200 347
256 676
641 892
247 337
19 387
456 560
369 572
498 635
55 645
72 723
333 787
74 988
89 537
285 628
562 850
251 953
91 353
37 448
551 736
98 793
433 883
59 187
448 573
28 753
197 901
51 123
224 332
102 353
162 607
126 658
151 658
442 923
802 991
48 59
300 391
91 461
150 764
485 772
65 853
665 957
754 968
249 428
247 489
57 611
131 700
591 774
275 796
38 824
383 970
12 112
78 119
63 277
332 534
440 560
460 593
12 842
619 878
769 901
339 924
365 980
151 273
438 464
634 959
429 469
503 748
91 805
738 852
895 985
199 634
561 715
23 716
754 942
162 653
206 448
530 934
412 955
805 998
104 488
432 613
507 508
168 517
180 604
753 997
236 521
545 915
438 604
339 813
500 854
54 993
21 182
676 709
588 719
3 193
163 308
286 441
469 531
120 750
679 752
123 790
90 884
833 973
5 220
7 540
766 768
34 904
254 317
6 340
237 436
6 458
15 498
327 518
196 529
87 876
97 989
346 386
353 847
132 857
223 327
512 541
599 631
517 813
90 841
389 954
26 142
123 212
453 601
12 771
208 785
737 870
550 906
288 927
168 589
395 664
349 781
662 798
544 908
986 995
621 695
60 699
505 724
93 804
49 75
42 172
18 244
19 547
8 578
537 685
533 781
452 902
192 970
18 322
227 685
107 185
103 745
402 837
609 861
48 79
5 236
470 508
42 605
33 619
637 643
124 853
778 859
251 873
190 923
813 924
248 982
635 645
529 955
524 961
173 232
246 291
159 319
196 473
538 647
605 729
72 392
439 550
42 561
130 610
546 892
937 996
35 543
26 118
183 333
426 548
646 680
836 837
452 868
136 241
19 530
363 832
947 964
239 271
35 360
222 394
544 716
66 832
818 848
318 912
264 995
368 521
49 765
490 852
373 999
370 377
192 383
199 499
219 504
37 365
98 430
165 442
431 807
653 817
870 903
336 968
21 603
325 885
722 895
31 527
475 562
772 928
24 106
431 655
217 959
91 109
109 354
664 682
161 396
432 463
21 509
727 858
475 680
104 343
176 613
100 752
285 775
109 805
779 813
836 846
267 279
790 874
397 487
585 693
377 750
461 758
325 851
127 738
534 912
853 914
566 935
511 993
73 467
449 774
520 865
374 543
277 555
84 710
266 738
227 991
228 258
314 331
22 884
308 984
83 163
186 321
226 388
542 544
12 580
464 708
162 789
571 797
571 945
327 601
35 43
255 378
427 538
473 572
268 618
497 618
537 706
240 774
497 885
261 926
659 962
355 752
288 826
259 852
290 373
529 611
103 145
29 333
225 424
208 599
561 729
669 851
425 889
91 940
140 375
314 376
71 559
613 677
458 721
812 839
23 495
425 546
292 743
83 934
217 347
491 551
681 726
805 847
47 90
82 130
443 591
91 758
528 763
679 799
583 984
151 254
648 717
549 786
104 148
201 351
60 548
462 579
389 595
427 647
25 766
767 811
72 835
494 864
430 877
109 940
353 998
103 592
354 847
23 908
783 950
312 955
199 959
105 975
15 45
295 514
472 678
550 704
719 898
44 988
229 337
24 392
325 497
230 519
263 710
409 786
538 807
494 827
730 924
126 429
16 682
487 686
656 946
193 979
26 174
300 630
245 764
47 841
727 923
526 955
543 605
335 703
62 945
784 963
830 986
3 995
361 621
311 670
244 827
89 706
410 557
145 745
553 764
26 822
841 915
45 974
125 220
28 529
355 587
317 658
22 858
674 882
845 919
232 364
461 671
165 843
485 903
287 508
64 557
90 694
257 730
123 315
360 605
20 630
218 917
23 313
131 692
393 885
102 109
89 227
417 465
184 797
291 497
366 557
114 702
555 777
516 779
598 709
69 857
327 695
457 877
112 878
473 526
118 256
4 375
66 572
295 631
8 687
749 856
224 912
25 520
158 523
600 642
513 673
423 849
804 942
571 990
196 412
19 163
114 274
520 528
242 355
360 374
381 878
376 384
554 587
164 746
635 989
96 351
653 875
575 900
469 945
19 984
175 206
111 334
257 516
302 880
642 892
143 953
199 217
12 273
43 342
452 458
427 586
88 606
554 699
294 711
619 720
51 790
59 840
556 847
295 898
808 901
21 192
229 505
266 909
639 947
352 637
418 748
772 870
2 900
346 909
93 914
551 944
294 951
1 972
26 598
447 819
858 884
167 250
311 319
664 707
299 777
651 856
46 892
404 929
622 821
14 186
165 727
368 782
48 840
175 602
876 879
929 971
59 79
114 139
152 248
112 317
18 494
524 651
267 671
598 681
33 720
264 830
163 872
111 874
333 886
777 960
400 613
5 643
568 706
267 461
402 563
538 655
361 363
143 426
516 749
23 913
182 201
109 353
21 392
412 473
41 594
131 675
120 687
587 752
120 775
671 867
39 891
728 801
455 829
89 921
220 506
121 417
154 441
369 838
652 934
375 976
122 552
644 650
453 660
823 834
481 835
30 979
91 354
108 540
574 916
334 897
173 243
117 265
139 274
321 477
460 563
502 773
516 813
648 831
393 851
949 980
17 160
489 596
730 779
804 853
626 970
212 467
219 489
109 867
478 978
233 431
150 566
592 745
452 758
33 764
76 773
516 856
369 986
591 792
166 878
103 272
181 322
529 559
618 678
270 792
514 599
121 632
33 675
167 732
370 763
42 565
151 760
485 928
576 776
465 850
89 904
16 324
91 671
937 949
290 999
177 566
26 676
736 831
473 838
225 977
359 987
20 128
386 388
85 422
25 539
175 573
128 622
326 633
352 643
337 644
359 683
276 692
182 762
230 851
390 869
884 915
283 920
233 933
784 951
230 291
368 637
637 767
0 87
606 697
914 942
58 486
438 515
122 540
621 696
601 859
194 348
109 461
196 526
682 707
577 745
113 633
528 731
12 760
380 859
838 955
45 288
5 521
232 533
87 722
182 723
405 785
72 192
566 700
658 771
579 828
12 254
43 614
58 667
321 711
774 775
256 818
501 894
94 346
320 426
417 586
560 753
66 986
122 548
604 708
309 811
476 996
653 789
136 233
243 364
47 856
147 263
832 979
121 203
30 246
146 394
421 663
171 670
553 720
428 848
385 858
442 858
758 868
388 909
565 930
149 937
824 954
393 497
157 533
131 619
201 644
335 773
375 791
486 859
90 385
124 445
59 555
712 828
243 839
483 853
1 857
702 927
57 955
710 963
217 662
591 768
349 900
174 818
230 329
62 469
335 493
387 581
522 610
390 637
358 638
607 653
375 780
534 783
178 898
583 900
230 918
706 921
903 928
243 966
143 554
47 661
690 747
389 846
265 910
267 940
118 174
293 466
31 567
202 615
545 694
762 860
63 165
198 387
245 720
413 780
121 850
203 850
437 894
192 988
134 809
1 860
201 978
37 206
520 584
35 729
625 950
242 953
110 252
549 757
646 850
493 861
735 971
514 631
489 731
660 778
962 980
36 518
103 522
547 581
33 700
448 748
467 883
712 948
456 997
135 199
178 525
346 734
285 449
387 530
58 799
163 984
506 608
339 789
348 870
150 935
57 466
462 510
46 585
233 586
200 588
446 663
175 748
558 777
163 934
237 945
413 976
55 234
422 631
323 636
440 636
76 665
53 947
84 241
458 484
434 561
377 620
15 645
32 738
831 882
835 970
5 129
81 144
553 700
603 762
94 383
567 574
245 700
836 913
222 951
406 570
557 673
403 684
115 690
445 937
420 984
7 253
365 419
369 526
71 576
385 749
717 882
127 909
947 958
495 836
843 923
161 299
231 599
436 671
685 802
696 832
21 860
434 890
912 928
803 942
222 947
258 966
607 813
50 591
388 615
553 619
597 826
49 897
196 312
187 555
25 865
3 986
830 995
284 355
120 377
366 494
213 511
391 572
178 588
577 658
497 693
298 781
241 880
863 889
755 949
157 952
124 149
12 658
574 660
295 714
113 756
129 782
48 63
294 303
402 460
260 440
443 774
25 377
366 410
28 440
546 642
0 86
114 239
324 682
564 811
485 870
57 312
215 529
302 901
276 935
123 565
546 641
200 662
245 692
515 708
189 926
537 931
100 355
392 644
347 451
626 835
392 860
870 977
200 217
120 285
171 319
337 351
46 362
312 473
493 502
456 529
60 554
468 578
337 596
73 649
439 708
525 719
475 850
400 872
758 940
761 954
348 977
66 369
55 525
174 676
115 432
178 447
164 677
717 736
437 800
691 811
387 934
14 951
675 975
365 465
120 628
380 799
438 881
410 958
113 326
196 611
265 674
632 680
467 874
445 914
500 645
553 692
357 788
669 918
211 919
14 321
317 381
152 452
172 605
245 619
589 813
22 47
29 88
157 232
659 937
88 119
62 179
64 494
181 552
339 607
441 733
48 777
382 818
357 820
762 835
151 842
893 928
496 976
59 63
303 321
337 731
249 818
798 825
735 929
133 694
54 130
77 225
166 317
341 786
192 860
874 883
272 510
198 547
82 577
448 602
460 666
518 698
488 788
141 857
90 915
294 321
340 458
55 498
710 711
628 774
723 860
310 915
152 982
57 412
394 951
409 432
291 669
361 695
15 826
892 932
349 575
847 998
229 392
270 443
415 507
145 579
105 675
166 771
789 813
664 888
103 330
303 394
198 420
70 425
530 547
209 625
623 660
781 812
196 838
266 852
190 858
29 886
473 955
683 983
379 992
111 123
506 643
313 836
835 860
792 834
79 165
281 778
263 784
53 958
214 760
157 812
117 882
480 594
336 754
267 758
427 996
90 133
121 475
168 516
474 622
6 667
64 410
301 437
55 447
300 572
189 581
472 618
128 629
644 723
759 946
109 998
528 596
504 648
492 697
165 858
420 934
286 542
36 696
121 586
594 636
506 691
302 680
636 705
890 964
102 267
333 606
514 785
728 803
70 932
320 536
530 581
241 431
434 605
354 671
621 698
168 779
318 928
832 995
28 479
495 716
671 805
181 827
21 383
445 754
82 145
62 328
65 445
529 560
55 178
312 369
67 405
122 416
122 570
233 807
494 673
0 965
385 694
603 723
694 843
114 297
331 384
19 400
216 464
242 752
112 771
510 828
424 866
209 912
473 997
399 485
292 732
290 780
547 934
209 332
188 437
134 483
450 487
332 772
643 869
332 903
367 907
519 693
368 582
96 650
519 678
562 680
165 694
102 847
112 126
83 198
169 284
80 468
325 519
247 528
329 693
188 800
499 854
30 995
404 735
136 807
149 336
529 753
509 762
521 869
532 901
224 928
194 399
157 616
217 719
55 989
137 324
223 361
341 367
66 391
216 439
214 592
598 602
254 619
463 757
49 782
40 810
730 856
429 990
359 576
119 606
229 650
149 754
731 763
114 833
180 216
476 853
554 956
291 325
20 371
259 388
398 403
82 462
38 506
136 655
88 787
331 841
362 892
142 929
833 966
337 650
560 636
435 751
676 818
15 819
126 254
53 394
68 538
408 606
8 628
102 671
400 718
274 826
559 981
74 306
155 405
100 554
381 771
103 462
158 910
129 236
429 577
474 653
251 699
511 712
454 744
70 863
689 961
186 294
81 357
206 365
284 752
276 764
675 764
394 864
799 982
507 814
35 890
533 893
19 176
128 193
172 360
366 513
273 658
276 700
680 769
165 840
833 926
275 983
81 104
20 211
501 550
362 600
162 629
585 669
99 702
391 838
272 948
164 176
258 271
369 412
380 486
168 607
503 709
826 927
109 436
32 490
471 690
620 865
110 421
120 539
525 588
468 687
182 835
635 854
826 973
56 440
279 671
277 777
239 973
853 996
250 339
151 580
469 610
559 611
618 669
708 881
89 931
725 944
213 298
332 928
33 692
189 747
301 800
210 811
723 835
147 963
17 141
65 149
459 777
130 462
301 550
522 577
362 693
82 745
613 757
224 870
806 923
109 279
163 400
229 489
46 641
8 668
358 699
664 756
37 850
161 541
476 949
75 262
516 661
457 793
68 809
657 945
926 973
7 122
517 589
223 518
227 802
725 825
572 838
284 844
156 370
408 492
365 659
661 689
637 691
153 754
774 792
712 810
772 912
317 429
172 715
140 780
779 845
743 969
206 980
178 635
368 390
262 504
595 608
262 765
904 931
232 575
168 789
854 989
337 505
64 513
25 156
476 809
638 889
563 954
278 392
447 498
99 556
230 585
329 669
797 990
376 841
92 923
29 138
142 726
89 802
60 956
471 966
264 363
607 779
371 845
106 219
420 530
83 718
125 824
44 306
183 326
502 665
100 744
52 356
55 500
129 637
233 655
336 803
356 952
233 241
228 243
133 310
36 327
157 356
2 364
162 371
176 409
526 572
407 651
462 745
596 763
445 804
127 852
731 865
119 886
821 919
247 351
577 610
351 644
874 930
590 946
35 342
644 762
18 827
534 950
251 355
57 526
372 783
729 890
31 423
285 578
335 609
192 626
55 714
399 870
453 916
776 923
145 510
356 616
205 625
220 643
298 713
740 763
120 766
570 785
177 797
316 929
673 958
198 984
21 481
108 570
146 864
546 600
281 623
128 986
213 993
183 324
26 681
685 706
125 761
521 782
443 834
797 940
400 409
181 416
363 621
78 706
477 710
131 720
228 833
244 864
667 916
517 924
327 361
68 427
624 654
430 793
142 822
116 411
198 652
234 819
697 886
876 985
97 199
274 288
20 391
322 552
31 569
675 692
794 895
651 924
583 934
336 801
576 806
688 853
248 902
890 958
518 696
416 426
451 588
572 830
133 841
903 912
291 393
502 609
25 620
257 689
229 723
731 740
539 774
162 779
554 873
812 893
809 937
161 960
83 530
353 671
661 730
558 840
311 992
486 667
211 300
437 704
34 770
291 851
208 231
300 473
244 552
346 640
194 663
549 677
737 772
634 825
844 859
769 880
149 914
587 953
953 956
161 967
1 24
492 706
658 878
790 930
54 828
226 490
172 543
62 795
958 964
281 453
188 550
148 557
523 649
502 703
509 723
584 768
752 844
491 882
495 908
522 948
46 678
715 729
660 859
30 329
180 414
383 509
483 804
647 809
778 905
617 976
244 536
57 838
282 965
28 559
78 697
196 753
488 820
232 243
292 444
186 710
211 293
438 439
94 127
268 519
118 818
559 560
508 703
391 830
182 505
272 579
563 593
118 726
433 467
600 899
828 948
13 320
465 632
369 830
5 869
355 679
34 710
341 757
637 811
456 981
636 981
298 533
201 229
377 584
305 594
461 797
778 916
66 264
336 445
85 686
483 914
250 444
393 519
350 549
392 603
525 714
2 173
47 385
120 449
167 743
420 900
198 581
156 584
463 786
18 64
177 184
244 416
233 538
185 588
737 903
660 905
80 455
378 468
280 510
411 532
450 556
261 581
257 924
128 995
391 526
173 812
58 152
182 383
480 527
36 612
533 839
908 922
167 292
196 479
11 720
709 822
318 870
83 872
263 904
638 953
169 223
419 427
398 421
238 602
308 718
316 726
351 740
759 888
650 978
34 147
185 451
236 790
205 907
509 970
566 990
728 743
682 888
3 30
108 208
226 266
202 640
382 709
212 883
96 229
220 236
169 358
3 20
50 240
166 273
296 438
97 500
672 758
760 842
116 901
905 916
926 966
500 989
403 421
41 527
0 591
629 821
90 858
237 941
861 975
81 820
11 975
478 644
197 283
289 386
22 841
805 867
358 873
209 950
134 221
4 558
151 592
565 874
95 563
223 601
6 672
24 723
694 727
651 730
257 749
134 853
439 894
652 900
6 916
411 920
426 953
706 991
62 237
18 366
135 499
38 595
234 631
511 713
661 749
659 755
707 759
892 899
71 987
118 503
566 939
417 996
73 334
345 463
14 303
474 821
203 417
51 111
239 258
96 505
273 745
693 851
267 998
184 429
325 618
20 629
563 761
27 87
107 144
660 667
8 775
350 938
126 166
244 322
453 486
247 740
20 821
353 867
91 868
177 990
73 158
37 465
15 597
363 830
97 178
195 246
116 316
219 337
225 372
397 482
250 517
503 676
612 698
426 699
313 716
93 754
165 884
758 902
291 693
334 790
258 833
38 220
25 370
160 857
94 909
589 730
887 922
902 982
237 531
139 556
613 746
172 565
134 688
315 874
830 979
111 236
94 266
19 652
449 768
52 795
118 142
112 273
103 280
42 315
324 333
260 594
547 613
208 631
596 865
582 869
115 189
439 501
130 522
43 666
242 699
399 713
339 730
624 958
310 545
4 780
266 386
412 572
585 600
265 717
26 735
745 771
268 885
630 838
639 890
716 913
904 963
36 363
312 391
688 804
126 381
28 636
96 644
634 662
292 728
226 738
223 739
106 765
187 777
332 783
779 789
445 853
20 986
543 715
116 741
432 747
768 775
507 871
801 942
103 948
56 415
527 574
381 619
326 664
88 697
599 714
742 761
364 812
5 368
309 390
244 494
419 586
486 679
226 909
234 498
115 581
24 762
202 862
728 968
78 88
49 504
358 739
889 932
173 258
672 721
229 762
654 964
52 271
153 445
37 602
287 703
174 709
360 715
267 847
546 899
71 923
178 217
826 974
324 326
41 567
158 649
293 845
241 933
212 334
162 517
179 531
90 545
578 687
506 767
779 821
210 352
224 485
458 667
51 315
97 635
7 785
752 799
724 985
1 72
194 252
310 375
273 381
107 405
187 558
137 590
447 719
566 764
156 766
766 774
71 776
4 791
258 839
623 916
548 953
193 264
164 400
15 500
34 784
270 992
209 994
196 456
345 535
277 558
316 598
516 924
509 988
92 190
25 528
60 638
656 707
66 995
39 389
181 494
35 614
613 786
58 248
145 272
230 618
489 644
138 787
87 794
44 862
308 934
229 351
369 473
380 752
481 988
307 542
196 997
495 544
422 645
91 102
159 171
214 330
289 388
78 408
79 558
220 582
315 593
172 666
86 722
217 798
819 854
176 872
781 900
798 959
94 970
274 973
216 515
92 576
446 977
99 998
294 394
166 842
505 978
9 134
47 257
419 850
124 914
276 566
596 740
84 770
381 842
722 879
445 942
1 141
154 235
1 481
39 218
126 878
819 989
395 682
483 809
24 72
211 312
88 333
260 415
220 608
182 626
891 917
140 999
473 479
456 636
853 937
156 539
480 567
312 572
469 577
451 662
251 744
517 779
413 791
149 804
575 839
348 866
688 914
681 929
63 558
48 92
96 528
328 531
525 631
479 560
645 714
49 816
368 816
51 874
671 998
165 187
382 503
317 577
412 611
781 928
571 941
290 375
143 699
261 747
24 860
105 861
60 320
5 637
211 821
17 74
237 328
417 538
623 905
262 265
258 364
89 568
217 588
204 735
587 744
240 768
217 825
146 827
656 888
863 892
796 983
78 568
530 652
25 740
157 839
841 884
227 921
832 986
95 315
110 663
29 787
427 809
269 392
17 69
96 478
93 925
82 469
389 824
163 907
176 432
291 519
318 534
572 630
105 665
285 750
283 808
773 957
25 763
346 970
99 114
462 610
279 868
203 980
165 545
83 984
227 568
3 622
237 671
373 780
130 145
318 485
416 536
381 580
205 718
240 834
65 914
260 981
479 529
531 610
387 613
296 708
142 709
687 774
95 172
214 273
227 492
140 558
480 569
16 590
166 619
5 742
397 744
58 844
248 868
782 869
736 910
207 929
423 636
675 720
586 807
58 902
344 350
275 359
182 392
391 412
287 493
166 580
289 640
716 922
66 363
566 692
147 711
690 746
209 783
322 406
349 485
265 897
579 993
55 719
217 989
145 610
730 749
114 826
679 873
59 967
194 446
283 568
288 645
84 136
163 387
53 494
393 618
212 930
530 984
8 449
470 507
563 595
66 630
249 800
742 824
175 365
287 507
485 713
192 762
163 176
240 270
242 358
128 371
120 584
108 599
155 599
95 666
594 849
329 497
581 747
140 791
770 880
385 884
556 998
316 532
260 560
156 620
534 625
476 659
520 766
77 866
490 909
755 980
2 984
211 630
190 806
406 540
142 681
442 694
235 733
267 868
232 952
835 988
146 191
247 865
264 986
194 737
694 915
383 988
680 901
175 203
163 547
50 879
284 358
128 630
207 735
463 746
265 831
211 838
51 212
279 353
443 449
413 496
146 899
668 992
459 512
698 832
22 133
57 215
392 509
503 602
578 628
486 660
142 676
56 705
174 726
678 851
624 890
585 892
770 904
567 905
665 936
276 939
74 970
351 978
37 573
474 607
312 611
112 619
866 870
303 899
52 328
470 703
523 736
532 741
614 991
210 218
155 295
140 413
288 498
62 610
46 642
24 132
127 226
103 273
208 295
191 320
429 571
383 603
21 626
357 649
468 668
676 726
573 748
237 795
279 805
647 807
216 881
476 914
931 991
75 368
469 571
202 734
429 941
57 196
210 691
481 762
411 808
51 220
198 583
67 599
313 908
138 326
127 386
88 492
79 555
348 663
44 734
242 744
697 787
213 828
771 842
722 876
27 985
147 770
539 775
219 265
327 623
498 854
565 883
670 992
464 604
526 630
429 657
190 694
501 704
96 740
709 748
551 882
408 886
543 890
791 915
215 955
300 955
426 956
529 981
240 449
334 467
238 709
622 845
669 885
364 966
364 420
144 896
486 982
230 246
2 575
217 634
728 925
429 945
78 227
416 548
176 718
185 898
580 760
193 246
92 277
19 308
234 635
447 645
669 678
201 723
210 767
665 773
696 830
388 852
680 880
908 913
538 933
149 949
103 214
323 569
254 771
108 785
574 849
268 851
181 864
812 900
925 942
174 382
647 655
348 737
466 919
51 236
284 739
586 647
115 164
143 251
229 278
253 322
297 450
386 615
44 640
199 662
432 677
137 751
18 864
466 923
122 406
630 830
153 853
584 865
354 867
482 982
111 467
351 528
1 603
517 730
149 853
200 959
122 143
40 280
528 620
312 630
602 709
349 912
272 462
141 481
231 540
70 612
308 652
672 902
235 542
380 453
468 628
23 846
382 418
447 499
275 541
176 581
117 736
713 737
610 745
14 784
633 906
612 943
722 985
365 448
172 593
377 766
158 831
280 948
125 643
289 734
674 736
703 773
370 865
33 878
947 951
846 954
8 80
57 211
43 360
465 586
271 616
643 742
318 783
173 966
330 510
540 785
92 187
19 420
223 698
444 743
200 825
329 918
122 956
895 978
131 150
415 569
3 630
516 651
97 719
24 229
191 244
346 626
351 731
182 978
505 723
797 939
184 945
979 986
337 478
280 579
177 657
269 765
211 845
149 942
834 965
193 986
309 352
437 550
703 814
142 971
184 566
349 772
89 991
168 257
158 717
224 534
440 705
247 763
822 929
135 959
55 295
484 672
900 928
69 972
3 979
149 153
238 448
66 696
581 746
191 827
809 914
555 967
94 386
320 416
260 423
465 475
250 743
48 806
30 264
610 941
301 501
63 545
12 592
384 617
569 703
372 866
754 914
873 953
264 696
116 929
308 625
586 655
675 700
672 868
424 977
272 712
531 795
99 239
437 906
32 266
99 297
358 587
250 589
628 768
513 958
647 996
279 452
390 564
66 621
481 970
75 129
305 423
343 557
499 634
182 644
386 734
197 769
461 805
735 818
53 864
305 905
222 958
548 554
511 579
418 709
251 752
139 927
534 994
754 804
525 989
394 827
271 833
603 970
5 506
247 650
493 703
273 842
172 315
4 413
365 417
48 558
290 558
439 604
593 666
327 778
551 831
446 866
400 934
52 228
514 525
569 705
164 757
836 954
635 719
859 916
15 974
499 989
658 745
229 478
592 658
340 672
150 177
424 783
133 791
471 833
174 848
903 977
4 999
323 440
211 526
228 616
3 629
316 808
882 910
283 532
253 570
526 611
232 616
269 816
805 940
53 951
474 779
392 835
385 856
129 643
415 703
284 873
414 888
137 138
28 196
2 198
60 251
211 412
92 442
396 459
71 611
252 663
53 673
201 762
352 869
114 927
150 939
362 943
639 958
335 569
418 676
192 723
295 599
171 668
704 800
572 986
209 308
389 913
44 970
37 980
377 539
43 543
224 783
126 469
165 923
72 182
147 186
37 419
173 420
351 489
457 535
287 609
472 885
876 895
102 436
360 890
258 616
257 813
251 956
243 271
520 539
363 612
633 664
602 726
466 727
112 842
757 907
258 952
45 973
224 977
783 994
17 44
132 269
140 373
353 461
574 778
279 797
753 981
440 456
501 708
30 195
97 217
368 643
639 654
124 804
797 867
757 872
219 229
679 859
100 953
481 723
307 733
262 782
449 792
106 816
13 244
43 434
587 699
514 714
77 783
823 992
35 561
182 650
280 712
115 261
199 347
118 418
363 518
181 536
467 649
585 678
294 784
474 789
506 824
292 925
712 993
42 360
313 389
142 818
188 501
643 811
767 869
736 882
22 915
839 952
26 382
76 569
29 606
83 613
614 685
200 719
449 578
36 621
517 653
6 660
19 718
47 749
9 853
867 868
176 934
196 300
222 864
36 695
843 884
15 234
355 554
799 859
47 651
172 729
713 993
106 229
20 369
134 427
211 622
56 981
23 544
636 753
766 775
616 795
151 878
15 927
243 952
271 952
603 988
370 491
355 699
751 922
193 195
57 300
524 661
263 770
937 980
56 323
147 477
492 568
152 758
179 941
124 949
540 956
667 982
175 238
234 288
348 399
121 427
50 443
22 545
166 760
221 853
786 907
918 943
91 998
545 858
205 872
596 882
47 331
582 643
505 762
407 589
88 920
328 941
67 295
213 399
412 630
103 771
780 855
887 908
185 200
1 269
165 277
288 297
226 386
510 511
472 519
164 547
351 596
125 691
182 724
71 806
389 836
91 847
600 932
182 478
589 651
478 740
702 973
375 999
362 669
153 803
65 804
536 827
342 991
217 451
257 524
121 562
687 750
904 921
477 951
522 592
88 408
122 426
75 521
317 619
36 739
545 791
555 840
131 878
353 940
358 953
300 986
84 263
1 278
435 590
466 611
849 905
700 935
559 987
305 997
349 533
347 634
477 963
232 258
85 487
442 806
205 308
230 362
275 396
281 567
112 580
622 630
50 792
678 885
783 912
330 948
228 952
942 968
630 995
251 358
76 502
42 543
83 581
491 620
695 698
402 836
87 895
597 926
203 448
243 616
473 753
2 934
795 952
352 564
121 365
93 803
43 374
612 696
130 948
151 317
180 438
541 555
338 617
335 665
325 669
205 994
470 493
530 583
105 609
854 877
45 927
898 989
99 102
177 276
142 404
618 693
223 695
556 702
728 754
277 806
602 850
323 480
540 548
237 571
565 593
324 664
452 667
654 673
256 709
14 710
434 715
644 724
554 744
22 749
371 779
706 802
42 883
230 885
486 916
641 932
20 300
144 357
283 411
95 565
19 581
580 771
425 892
558 967
588 989
102 556
689 856
13 146
43 154
214 771
563 824
751 946
174 256
18 552
440 559
295 588
118 598
284 799
445 949
948 993
395 414
400 677
407 924
659 996
25 120
520 763
185 405
137 682
468 775
544 913
510 993
343 357
658 760
400 907
14 963
126 151
197 411
68 483
394 654
551 717
129 816
117 504
449 539
374 561
190 776
445 803
284 859
2 893
134 911
75 106
203 206
26 316
2 530
667 721
130 993
341 350
327 621
149 803
243 833
504 897
711 963
776 987
217 499
299 555
634 701
367 786
476 804
50 834
716 887
453 905
250 925
844 982
32 127
219 278
459 555
531 571
61 810
611 838
391 995
52 157
236 368
112 577
419 632
85 714
565 715
74 862
533 900
501 906
654 951
354 556
24 644
158 648
89 685
491 736
370 750
435 887
537 921
32 388
303 477
187 806
55 898
92 165
182 192
106 392
426 552
41 569
19 583
27 738
642 932
67 108
429 531
466 843
749 845
211 391
246 693
381 760
852 909
318 977
15 635
191 899
455 535
422 599
525 635
132 278
54 298
359 541
313 544
548 552
497 678
619 700
120 768
408 787
204 800
451 896
141 972
28 997
250 789
199 825
815 938
79 777
786 872
661 924
230 325
256 503
134 538
417 647
31 773
162 813
2 839
545 841
308 872
68 996
142 316
629 653
139 239
266 388
400 432
427 465
392 481
173 575
119 787
734 988
319 992
154 307
279 354
57 529
502 569
167 589
203 632
176 677
578 775
688 809
804 809
390 811
648 897
260 480
70 546
506 761
616 839
449 591
735 848
68 853
134 996
462 712
777 840
354 940
753 955
796 987
117 158
169 355
387 690
788 820
462 828
212 315
724 740
194 870
789 875
111 930
59 960
926 974
160 306
285 668
158 736
297 826
175 850
250 969
85 234
219 269
201 337
392 505
238 573
678 693
74 734
123 883
402 954
55 422
212 565
471 581
386 640
400 757
68 807
174 822
545 840
104 357
171 379
663 684
527 936
263 477
92 555
374 605
246 669
547 690
4 373
164 387
378 455
176 463
68 655
450 702
263 711
278 723
662 725
112 760
13 827
12 878
355 953
179 237
152 482
41 260
129 390
469 657
537 904
262 334
355 380
539 628
521 637
339 779
183 787
741 929
227 931
695 696
591 965
31 76
157 298
70 362
343 488
138 886
798 896
374 964
5 125
354 461
103 510
572 621
489 650
28 260
522 579
85 631
516 845
703 871
70 889
593 930
178 819
690 926
3 195
225 446
124 659
365 850
149 968
79 92
59 299
383 481
216 296
197 316
681 709
612 739
322 416
431 538
229 269
83 308
16 138
176 198
8 378
172 434
144 488
504 674
230 678
454 686
598 748
103 760
741 808
667 902
435 908
749 919
174 929
254 273
183 886
436 998
128 195
364 575
278 644
398 684
22 843
65 949
385 843
72 383
352 390
253 405
357 488
473 529
330 579
353 758
389 761
467 790
511 810
2 812
563 837
353 868
340 936
868 982
109 237
214 272
731 882
721 916
273 580
42 729
689 924
30 128
21 201
99 271
57 293
103 579
515 604
305 695
126 745
588 798
699 873
46 918
108 956
945 990
157 575
574 623
509 626
11 675
14 394
1 509
288 597
361 612
554 638
341 677
281 859
163 198
45 274
310 413
432 547
252 810
311 823
13 899
734 970
132 141
96 219
147 241
6 281
170 350
256 418
67 570
40 712
577 771
164 786
104 788
9 804
27 86
426 554
107 788
261 966
139 973
66 979
412 529
559 576
433 649
650 740
109 758
278 765
608 954
52 179
116 283
320 638
749 779
303 951
8 120
36 169
442 466
182 509
328 616
168 651
530 690
85 599
132 860
191 864
367 872
935 990
332 349
423 567
74 640
404 741
289 909
784 931
471 973
41 636
63 190
614 802
133 858
21 970
118 238
178 295
51 565
27 876
153 483
45 498
298 575
206 659
794 879
413 999
142 598
667 672
795 941
176 530
621 832
266 346
444 589
145 592
0 876
23 887
544 922
199 989
694 841
289 862
174 249
49 265
121 646
342 685
293 821
542 836
334 874
478 985
79 190
308 583
443 768
532 929
456 955
489 505
358 752
162 821
648 882
349 903
71 92
41 323
346 383
1 392
584 740
161 777
389 917
239 243
353 556
482 847
793 854
419 980
626 988
1 69
162 817
254 842
745 948
145 330
418 602
21 644
445 809
621 830
4 310
155 631
297 686
249 735
278 762
377 763
4 976
56 260
430 455
49 521
582 637
37 748
368 765
231 785
604 881
800 894
458 902
804 911
639 931
328 952
206 962
445 968
169 380
310 496
148 513
182 603
96 865
779 924
3 391
326 682
295 719
96 724
120 774
474 845
514 898
657 941
6 452
486 623
800 848
91 902
276 936
7 108
82 531
409 549
671 758
701 825
27 879
837 954
469 990
214 280
342 374
16 751
135 255
85 450
423 527
338 841
439 906
479 955
559 955
276 957
317 990
578 992
105 493
470 609
238 676
496 791
135 829
254 580
95 930
108 155
65 427
453 844
853 911
63 555
297 556
358 554
241 770
710 770
73 212
229 247
128 474
247 478
335 507
426 638
65 659
367 757
738 794
758 805
224 866
184 935
261 974
128 391
201 392
52 436
184 469
391 473
584 620
457 627
153 688
48 776
390 782
802 904
480 636
727 884
257 589
607 730
215 923
96 201
54 511
196 572
393 669
601 695
176 746
449 766
607 875
67 231
141 860
200 898
900 912
204 929
555 960
247 505
355 638
100 679
383 762
436 795
97 819
140 976
772 977
64 322
106 504
465 562
360 666
541 796
556 805
555 806
769 808
837 846
19 872
409 872
744 873
784 947
196 215
937 962
188 204
55 631
409 746
278 816
291 885
9 914
328 436
548 699
259 738
619 764
502 957
915 976
161 555
131 566
152 667
165 806
789 817
735 822
527 905
725 959
65 134
518 601
582 782
452 867
231 570
14 263
146 294
127 346
492 685
327 698
198 400
163 652
480 705
442 776
445 996
34 84
62 130
150 245
204 249
75 269
208 405
148 488
347 588
750 775
599 785
349 812
702 826
321 899
28 955
297 973
211 369
222 494
275 512
31 594
413 617
53 624
443 628
156 687
745 760
376 915
363 979
84 431
93 445
668 687
118 735
34 931
571 940
372 950
38 954
87 985
400 581
159 668
298 812
387 432
221 804
763 882
685 931
54 213
221 393
110 403
489 504
429 610
164 747
240 775
468 829
691 869
86 985
498 989
428 437
180 439
195 629
556 686
547 718
451 825
400 463
259 490
246 497
231 514
429 658
5 767
390 816
544 836
932 943
529 997
69 132
150 553
484 567
5 691
156 775
591 879
184 939
797 945
29 920
113 183
68 221
173 533
528 584
601 660
609 703
547 872
239 966
99 274
389 495
145 577
553 878
715 883
305 479
178 500
577 592
477 784
472 851
520 876
315 883
316 901
62 82
37 121
327 453
634 725
293 749
687 768
542 908
7 405
116 681
449 468
213 485
46 899
252 398
180 708
691 742
176 757
797 935
240 965
133 165
28 215
167 339
234 525
380 623
685 733
51 742
628 766
25 768
582 790
741 920
228 966
38 563
370 584
250 607
376 617
504 765
443 775
486 778
230 393
410 654
387 718
504 910
536 552
633 704
288 819
389 891
524 924
789 924
145 280
589 789
47 884
82 948
182 229
254 577
111 582
519 585
558 960
166 577
607 924
174 971
76 527
542 837
856 924
692 935
222 624
586 933
949 996
156 285
62 356
260 456
79 545
380 601
240 628
713 828
279 902
149 996
152 672
615 909
283 921
336 949
459 541
320 699
342 802
20 845
66 300
289 346
613 872
546 889
890 947
2 232
406 552
432 581
479 594
309 637
521 643
224 737
22 856
718 934
330 592
542 716
436 940
120 468
268 497
539 687
792 823
213 737
482 487
430 535
453 574
507 705
286 733
126 771
78 886
410 890
911 914
951 963
387 984
298 993
0 240
273 577
726 735
47 915
163 205
140 310
247 644
387 872
193 329
555 558
456 594
154 614
303 642
598 676
92 727
640 988
352 506
409 547
561 565
561 666
100 358
737 928
33 150
234 295
139 450
415 636
620 740
129 765
162 875
866 903
803 925
84 963
770 963
792 992
164 345
322 366
345 432
594 753
399 772
816 869
245 878
220 691
468 750
26 818
318 866
313 891
155 231
235 837
178 854
50 87
238 382
340 567
132 816
720 878
221 914
568 920
419 996
195 329
323 423
526 529
367 549
162 622
67 631
233 880
189 974
40 330
456 559
439 704
805 868
425 943
304 965
628 668
575 928
82 941
736 944
77 977
510 522
18 673
435 716
730 789
315 790
262 816
167 925
204 301
370 528
397 686
170 815
190 884
86 895
601 905
318 349
68 688
79 806
149 809
510 810
607 817
629 845
583 893
237 940
484 527
400 530
581 934
86 794
105 502
153 925
127 388
91 452
456 473
405 514
312 529
475 586
562 602
589 607
310 617
479 636
262 648
279 672
58 868
738 909
365 949
106 644
101 259
