1000 5525 61.68468205316454 sparse
0 763 683
1 206 83
2 759 200
3 50 937
4 199 484
5 73 103
6 986 11
7 552 127
8 441 522
9 835 535
10 444 975
11 997 640
12 82 428
13 708 182
14 633 177
15 251 118
16 411 145
17 802 851
18 902 717
19 822 578
20 839 962
21 57 68
22 330 109
23 979 996
24 55 853
25 641 991
26 702 18
27 584 596
28 405 120
29 139 298
30 665 654
31 932 48
32 646 227
33 987 549
34 418 790
35 731 155
36 317 719
37 161 853
38 160 875
39 161 79
40 328 255
41 76 419
42 843 100
43 198 597
44 821 189
45 87 399
46 350 195
47 627 590
48 566 540
49 919 549
50 131 568
51 279 474
52 337 138
53 317 720
54 967 636
55 843 799
56 189 717
57 124 891
58 748 910
59 767 496
60 515 902
61 4 582
62 155 390
63 677 466
64 258 398
65 585 253
66 926 269
67 413 358
68 784 550
69 503 917
70 623 977
71 21 143
72 481 31
73 514 514
74 898 123
75 16 274
76 61 246
77 803 579
78 908 860
79 758 428
80 109 674
81 80 457
82 439 167
83 875 60
84 779 817
85 530 200
86 533 647
87 498 293
88 798 849
89 393 919
90 624 278
91 254 503
92 318 397
93 417 808
94 694 711
95 1 89
96 562 489
97 534 878
98 467 49
99 232 198
100 57 485
101 136 673
102 546 556
103 555 766
104 665 770
105 675 693
106 701 479
107 510 923
108 345 891
109 606 234
110 455 990
111 654 366
112 85 642
113 627 764
114 913 430
115 207 136
116 270 988
117 227 356
118 705 108
119 977 997
120 874 265
121 530 75
122 864 860
123 290 125
124 743 542
125 126 804
126 759 980
127 318 745
128 141 801
129 629 325
130 136 149
131 203 93
132 919 592
133 664 486
134 328 196
135 920 499
136 756 317
137 806 705
138 341 694
139 695 398
140 564 832
141 521 393
142 575 597
143 675 182
144 692 647
145 882 692
146 981 725
147 749 374
148 441 280
149 512 565
150 998 182
151 397 75
152 5 579
153 249 800
154 448 127
155 616 244
156 588 706
157 323 105
158 699 322
159 772 640
160 499 529
161 330 939
162 499 703
163 409 335
164 445 214
165 889 782
166 860 234
167 609 545
168 439 309
169 615 121
170 822 429
171 57 303
172 24 31
173 840 93
174 791 495
175 114 520
176 875 986
177 850 139
178 314 414
179 222 190
180 341 681
181 55 593
182 400 347
183 849 470
184 163 30
185 888 953
186 84 432
187 164 775
188 61 89
189 669 664
190 529 821
191 814 124
192 76 502
193 183 498
194 950 422
195 78 384
196 193 428
197 27 329
198 418 632
199 347 435
200 629 201
201 204 942
202 776 609
203 931 614
204 340 511
205 725 983
206 313 52
207 910 700
208 780 612
209 319 827
210 616 789
211 135 652
212 205 171
213 639 379
214 680 103
215 77 353
216 689 506
217 946 528
218 987 786
219 280 920
220 100 746
221 599 110
222 801 635
223 758 780
224 392 652
225 957 701
226 814 430
227 598 11
228 597 417
229 300 527
230 764 222
231 548 952
232 156 842
233 79 905
234 411 668
235 293 252
236 728 745
237 614 666
238 278 56
239 909 195
240 342 726
241 670 159
242 932 616
243 616 990
244 458 459
245 490 796
246 716 698
247 46 982
248 927 946
249 245 345
250 263 540
251 188 174
252 812 114
253 193 689
254 977 332
255 469 551
256 861 390
257 999 921
258 808 968
259 535 815
260 914 418
261 973 659
262 900 504
263 209 506
264 650 860
265 137 589
266 39 967
267 837 479
268 835 985
269 199 628
270 213 928
271 393 535
272 490 4
273 659 451
274 347 247
275 674 430
276 696 960
277 920 722
278 646 997
279 512 554
280 247 957
281 958 169
282 933 645
283 378 168
284 997 12
285 483 245
286 797 295
287 155 644
288 126 759
289 488 127
290 574 562
291 983 719
292 405 829
293 959 203
294 61 459
295 728 210
296 153 224
297 518 746
298 498 306
299 731 158
300 706 117
301 22 987
302 763 600
303 48 908
304 534 404
305 753 586
306 584 250
307 411 237
308 120 308
309 602 228
310 160 491
311 164 427
312 866 372
313 524 377
314 287 792
315 275 417
316 242 311
317 654 408
318 307 31
319 49 506
320 855 406
321 149 303
322 842 587
323 63 128
324 774 39
325 171 749
326 461 253
327 544 279
328 863 920
329 270 392
330 333 385
331 137 657
332 768 98
333 174 488
334 664 152
335 4 77
336 495 456
337 937 503
338 46 799
339 951 524
340 284 791
341 665 17
342 64 165
343 342 252
344 97 757
345 458 352
346 31 892
347 897 252
348 775 312
349 594 421
350 276 880
351 225 129
352 312 879
353 234 227
354 982 958
355 108 284
356 253 839
357 284 265
358 87 928
359 893 996
360 762 487
361 693 573
362 816 457
363 431 935
364 215 756
365 842 956
366 124 845
367 289 178
368 191 595
369 287 458
370 116 131
371 456 585
372 2 275
373 666 596
374 864 659
375 433 572
376 177 329
377 208 416
378 303 613
379 731 564
380 319 45
381 306 142
382 303 476
383 180 654
384 58 916
385 396 484
386 545 420
387 869 389
388 832 336
389 838 840
390 198 572
391 906 545
392 167 616
393 310 595
394 119 788
395 267 824
396 798 294
397 108 296
398 11 80
399 602 348
400 645 825
401 22 915
402 685 184
403 986 618
404 198 160
405 378 624
406 534 249
407 295 111
408 857 103
409 213 673
410 241 351
411 548 418
412 285 395
413 343 439
414 144 429
415 822 815
416 821 861
417 356 64
418 321 204
419 534 639
420 754 511
421 53 796
422 154 423
423 236 620
424 581 392
425 383 309
426 700 130
427 549 299
428 895 783
429 50 992
430 850 894
431 338 246
432 463 56
433 687 502
434 194 87
435 913 625
436 443 700
437 120 753
438 812 868
439 220 936
440 759 492
441 850 505
442 894 387
443 627 712
444 727 291
445 104 72
446 319 240
447 549 956
448 551 25
449 350 685
450 561 906
451 610 914
452 488 183
453 763 349
454 951 265
455 633 328
456 2 1
457 598 259
458 996 570
459 601 315
460 427 675
461 943 564
462 723 75
463 94 386
464 752 200
465 957 388
466 475 418
467 804 437
468 262 845
469 590 926
470 832 310
471 805 464
472 962 747
473 772 119
474 665 187
475 844 403
476 548 978
477 315 580
478 532 195
479 271 615
480 483 446
481 515 401
482 225 322
483 934 84
484 687 391
485 510 871
486 239 759
487 709 776
488 711 140
489 731 326
490 87 535
491 273 3
492 908 625
493 870 748
494 614 573
495 412 658
496 53 663
497 768 249
498 874 546
499 305 705
500 19 151
501 170 164
502 804 239
503 88 819
504 762 229
505 969 475
506 697 764
507 353 203
508 74 426
509 81 352
510 501 814
511 850 404
512 208 8
513 579 92
514 453 196
515 447 503
516 965 741
517 894 926
518 503 41
519 139 980
520 158 386
521 488 14
522 122 568
523 3 262
524 464 42
525 26 90
526 548 56
527 433 228
528 886 979
529 161 695
530 648 749
531 971 778
532 417 85
533 88 286
534 740 936
535 2 474
536 221 720
537 145 904
538 340 856
539 507 747
540 247 531
541 459 773
542 831 550
543 119 483
544 725 112
545 697 866
546 976 100
547 820 333
548 398 296
549 696 38
550 484 102
551 464 442
552 820 761
553 935 436
554 826 599
555 968 314
556 936 211
557 140 649
558 11 937
559 893 516
560 441 807
561 828 816
562 292 169
563 991 506
564 731 221
565 350 871
566 323 628
567 347 486
568 632 425
569 594 997
570 402 232
571 780 501
572 395 660
573 102 893
574 165 867
575 555 209
576 97 624
577 524 630
578 996 339
579 555 811
580 842 471
581 466 3
582 596 969
583 286 554
584 623 387
585 237 440
586 567 810
587 77 831
588 75 154
589 486 237
590 246 186
591 502 694
592 157 596
593 374 107
594 495 592
595 7 732
596 521 868
597 474 161
598 921 643
599 3 75
600 403 52
601 701 196
602 777 198
603 423 613
604 593 85
605 718 783
606 679 204
607 124 307
608 824 204
609 78 53
610 173 654
611 957 535
612 496 81
613 780 949
614 548 462
615 185 192
616 865 73
617 803 451
618 300 651
619 51 541
620 432 837
621 784 861
622 547 420
623 473 823
624 19 723
625 465 321
626 788 644
627 349 117
628 743 318
629 510 626
630 520 822
631 321 522
632 528 65
633 426 306
634 722 431
635 393 554
636 281 715
637 727 487
638 423 415
639 624 595
640 119 546
641 473 580
642 847 566
643 657 988
644 930 173
645 176 487
646 181 384
647 939 471
648 520 163
649 553 985
650 96 709
651 380 332
652 497 572
653 475 823
654 551 977
655 727 134
656 419 257
657 412 496
658 565 376
659 412 982
660 69 921
661 14 825
662 894 419
663 302 362
664 176 705
665 919 358
666 926 846
667 43 463
668 688 560
669 750 253
670 324 306
671 364 237
672 520 964
673 92 217
674 22 1000
675 449 237
676 886 53
677 728 395
678 705 467
679 775 360
680 218 233
681 548 320
682 999 110
683 573 271
684 584 145
685 223 492
686 978 39
687 293 955
688 730 983
689 219 783
690 702 387
691 326 782
692 982 243
693 682 385
694 693 301
695 602 370
696 470 738
697 898 576
698 614 101
699 478 987
700 355 446
701 508 73
702 510 1000
703 200 312
704 750 40
705 554 150
706 611 101
707 297 340
708 512 243
709 150 320
710 605 203
711 278 488
712 146 227
713 272 690
714 87 887
715 989 343
716 268 948
717 40 355
718 621 467
719 515 280
720 558 89
721 566 586
722 547 123
723 617 903
724 389 300
725 145 667
726 493 484
727 600 47
728 126 31
729 821 315
730 428 747
731 971 22
732 11 62
733 446 511
734 87 251
735 339 269
736 954 311
737 664 215
738 226 317
739 63 166
740 63 241
741 120 166
742 839 747
743 724 362
744 982 379
745 249 385
746 335 539
747 935 235
748 623 521
749 559 869
750 314 998
751 582 91
752 260 231
753 223 856
754 600 909
755 167 558
756 115 421
757 151 619
758 371 59
759 786 341
760 436 94
761 653 724
762 220 51
763 653 747
764 64 313
765 58 493
766 372 516
767 550 811
768 322 854
769 713 575
770 605 664
771 205 584
772 354 375
773 994 399
774 367 984
775 627 589
776 594 372
777 545 498
778 416 584
779 31 304
780 554 272
781 758 518
782 378 247
783 904 11
784 175 572
785 182 132
786 442 892
787 112 998
788 800 963
789 635 581
790 714 902
791 261 99
792 766 983
793 699 157
794 781 825
795 360 11
796 490 998
797 177 639
798 463 765
799 701 656
800 88 18
801 923 455
802 993 928
803 495 25
804 935 991
805 997 645
806 968 171
807 313 431
808 726 470
809 652 293
810 859 480
811 80 681
812 867 3
813 754 849
814 227 476
815 649 584
816 5 977
817 528 526
818 776 125
819 123 777
820 694 686
821 320 849
822 658 10
823 371 583
824 753 998
825 707 654
826 40 316
827 15 827
828 601 903
829 664 814
830 949 629
831 921 14
832 241 727
833 570 636
834 152 21
835 461 808
836 986 233
837 1000 350
838 1 195
839 644 163
840 689 812
841 983 295
842 205 419
843 475 54
844 557 226
845 661 706
846 750 472
847 697 583
848 444 743
849 485 622
850 897 637
851 346 53
852 157 659
853 728 824
854 495 720
855 252 447
856 667 5
857 838 626
858 4 453
859 911 678
860 799 837
861 689 962
862 738 563
863 744 442
864 764 456
865 766 491
866 283 915
867 741 233
868 421 614
869 668 770
870 433 974
871 865 639
872 801 898
873 252 14
874 50 713
875 922 425
876 39 577
877 326 604
878 872 344
879 117 817
880 506 163
881 929 26
882 403 104
883 149 275
884 778 112
885 991 463
886 903 984
887 538 770
888 625 530
889 906 154
890 213 192
891 921 436
892 390 727
893 280 496
894 784 726
895 808 178
896 373 768
897 29 832
898 429 362
899 829 457
900 91 583
901 833 351
902 6 489
903 162 295
904 68 279
905 459 743
906 486 340
907 528 170
908 536 841
909 475 499
910 861 915
911 596 667
912 241 115
913 929 220
914 424 45
915 331 824
916 309 897
917 697 117
918 661 179
919 587 527
920 973 706
921 975 829
922 148 492
923 232 968
924 765 398
925 856 701
926 889 563
927 111 670
928 918 142
929 25 618
930 170 252
931 232 946
932 61 762
933 350 312
934 295 147
935 548 243
936 82 544
937 465 820
938 919 411
939 545 713
940 378 666
941 677 237
942 512 738
943 189 434
944 883 271
945 547 975
946 468 379
947 174 192
948 752 750
949 504 868
950 330 822
951 823 143
952 263 688
953 768 862
954 258 213
955 354 850
956 753 47
957 331 834
958 699 355
959 271 699
960 664 186
961 382 460
962 112 202
963 805 841
964 745 374
965 82 339
966 940 812
967 640 396
968 452 672
969 399 242
970 280 812
971 234 442
972 154 346
973 957 306
974 306 527
975 984 448
976 89 792
977 810 454
978 865 800
979 171 468
980 634 343
981 391 459
982 814 904
983 937 82
984 983 373
985 954 87
986 748 516
987 118 922
988 630 874
989 217 296
990 41 983
991 693 450
992 643 262
993 953 685
994 948 312
995 255 283
996 68 817
997 640 304
998 571 835
999 117 97
36 53
47 775
286 396
342 739
474 960
386 622
623 653
23 119
203 242
335 599
411 622
333 645
661 827
603 868
915 950
35 299
698 706
104 869
61 152
65 306
314 340
476 654
513 751
476 945
386 411
585 971
483 983
147 964
231 447
215 509
308 607
377 842
17 88
12 186
216 433
80 927
654 945
202 208
228 349
129 455
435 492
62 520
205 688
579 767
11 805
482 738
59 865
247 990
211 331
85 478
320 511
76 740
530 763
768 821
328 910
199 413
360 865
360 440
211 557
47 639
219 866
736 973
229 974
165 428
475 511
415 561
754 828
744 984
736 994
146 291
799 825
217 339
7 722
20 365
472 516
639 775
485 949
362 977
2 464
383 610
274 343
183 580
379 862
440 865
109 309
249 410
343 431
473 818
196 943
860 963
43 368
230 504
41 508
276 861
42 173
335 398
338 421
98 524
296 712
126 792
704 956
918 960
617 977
140 998
25 278
484 693
420 986
22 157
170 226
256 387
86 419
98 432
578 715
515 733
100 765
420 781
71 500
12 508
649 654
695 776
84 794
711 893
190 259
288 437
46 507
331 557
224 572
285 589
623 937
476 649
260 938
59 440
541 798
474 918
50 522
300 917
27 142
118 300
274 431
190 630
713 959
961 981
69 107
241 334
206 380
237 770
257 802
473 884
748 888
179 890
713 952
38 574
267 580
398 599
258 788
98 843
367 562
162 591
770 911
180 449
548 724
341 822
141 481
114 891
297 942
915 957
234 495
191 252
143 402
272 521
121 632
281 806
781 986
59 360
307 570
822 856
114 875
490 936
539 942
1 131
15 912
653 937
17 963
570 969
134 418
270 439
139 484
260 875
648 907
88 963
30 189
311 422
247 429
692 836
361 847
12 41
131 434
356 468
425 724
101 725
120 944
973 994
149 279
615 947
6 284
297 539
10 870
875 891
29 321
143 474
451 754
471 977
775 789
220 344
416 438
320 475
295 564
485 596
487 605
556 913
414 422
186 508
649 945
394 819
578 837
143 960
355 397
114 260
579 586
47 789
88 860
118 917
310 922
950 957
37 232
384 660
470 729
8 733
696 905
381 934
209 950
282 598
432 843
341 856
226 467
171 764
327 780
95 335
388 547
209 915
174 571
339 611
604 751
1 434
106 678
835 937
138 449
144 799
429 990
99 179
303 384
331 725
138 180
87 298
301 674
362 899
307 969
212 404
362 471
372 523
176 528
217 611
136 628
193 645
83 676
139 690
451 723
521 803
715 837
509 965
471 617
818 884
168 633
426 917
64 329
193 333
95 398
40 431
419 577
49 391
199 700
952 959
555 973
262 559
413 700
390 771
209 957
59 571
361 668
648 880
553 891
75 372
432 524
467 617
51 711
109 155
95 599
183 810
278 643
142 721
451 828
184 834
310 333
40 343
42 408
300 426
65 457
362 617
555 736
789 815
17 860
143 918
875 938
872 982
489 628
612 701
725 852
831 881
37 574
577 629
70 243
45 463
43 771
123 407
117 410
426 488
417 851
827 897
215 965
163 182
183 267
595 624
221 706
779 826
196 842
848 905
388 901
455 980
287 852
72 803
406 935
538 955
41 186
599 732
321 903
125 128
329 412
44 608
383 797
9 542
484 690
259 767
610 797
535 902
342 588
336 480
564 867
359 886
439 931
13 601
513 604
202 302
235 357
393 477
287 557
222 626
64 745
417 758
319 765
125 879
697 926
631 974
723 828
101 331
621 953
195 463
755 784
28 882
266 990
573 714
747 913
141 313
503 587
25 643
453 679
254 715
392 757
699 796
524 843
492 850
809 997
97 596
83 616
291 920
159 626
310 645
685 814
730 848
67 898
225 993
247 266
259 630
149 652
335 732
144 825
585 855
661 897
885 975
201 270
306 457
587 996
610 852
225 920
308 397
487 506
588 739
889 928
596 949
67 182
141 304
321 709
586 767
178 807
637 808
553 875
44 895
213 967
256 320
201 439
488 655
353 680
316 738
495 572
575 844
302 305
251 404
671 782
571 865
332 884
212 251
312 387
343 735
783 831
92 178
135 337
125 394
234 460
162 854
103 887
45 195
40 446
29 607
221 698
75 523
56 664
395 970
371 641
528 886
983 985
256 511
40 735
368 771
639 789
14 839
51 369
218 531
234 572
213 584
518 803
769 847
398 732
34 93
398 525
244 551
538 565
529 664
211 725
547 729
723 754
237 911
572 940
467 977
2 602
538 768
752 954
251 615
288 819
198 868
352 916
250 540
527 675
393 877
72 521
359 528
139 693
686 731
197 826
5 188
318 380
36 499
164 527
99 590
88 621
294 667
497 669
73 817
317 967
10 110
6 731
606 737
280 923
280 931
821 957
18 277
256 312
557 725
855 971
129 980
18 207
233 660
636 959
126 824
271 635
19 77
683 780
81 294
105 845
801 891
580 899
447 945
813 953
60 69
92 330
196 377
53 499
623 835
360 846
304 481
86 577
96 777
580 810
844 935
584 967
899 977
115 351
378 393
358 660
54 830
260 891
169 221
304 386
480 551
397 607
301 990
136 348
420 440
300 544
198 603
645 979
170 467
164 514
435 598
233 714
761 845
173 408
17 438
274 671
469 754
301 816
557 852
304 411
263 685
79 863
224 940
111 213
59 420
425 548
792 824
431 446
8 515
99 890
114 938
322 554
402 601
385 657
326 675
435 850
260 662
169 698
560 835
374 871
311 414
355 533
594 652
690 693
361 769
702 796
331 852
555 994
503 996
254 555
192 765
402 474
333 979
483 985
316 482
72 524
254 578
105 820
118 544
259 579
169 706
356 395
194 553
653 835
176 359
251 501
287 610
17 621
27 721
135 262
40 274
327 427
108 565
304 622
22 627
510 630
494 775
146 920
208 302
375 778
488 793
373 815
678 991
224 495
497 504
26 549
402 606
101 211
242 435
427 681
532 760
191 951
117 249
203 435
245 510
447 654
379 769
535 858
402 960
220 437
265 592
538 821
536 832
533 904
190 908
314 970
73 160
513 720
678 808
4 193
155 309
846 864
351 912
21 188
332 473
19 554
35 655
504 867
565 955
340 970
256 475
47 494
87 719
171 826
242 830
29 308
17 416
15 791
211 287
307 656
632 701
60 107
395 468
229 631
322 642
272 803
124 862
782 969
112 576
65 683
32 737
794 860
50 265
206 318
158 694
19 322
526 632
440 846
669 867
167 888
241 918
842 943
768 957
204 631
114 662
679 759
400 829
399 695
923 931
37 38
46 134
320 387
447 476
474 606
631 746
267 810
209 821
207 859
51 893
214 917
55 978
57 573
544 655
121 701
329 745
600 914
287 331
140 586
492 598
522 640
31 881
547 901
562 934
151 532
397 533
392 592
143 606
798 905
100 319
3 384
494 789
553 801
659 870
212 890
324 956
2 230
118 426
663 707
287 797
775 815
123 934
146 516
542 642
424 658
647 801
282 830
181 876
63 991
460 495
55 561
498 926
25 70
72 98
114 553
360 571
78 666
406 708
47 815
251 947
41 45
334 839
33 458
440 571
140 579
280 716
738 989
761 763
390 784
431 735
231 945
13 402
243 569
520 646
7 705
211 852
880 907
4 645
425 651
110 699
29 903
190 767
330 772
362 467
451 469
744 773
420 865
67 163
20 268
303 346
123 381
344 437
253 664
164 675
130 741
839 918
703 989
48 290
285 326
601 606
274 735
267 899
63 273
155 457
279 652
203 830
726 909
606 960
143 241
300 488
383 852
88 438
552 742
532 882
347 944
233 384
226 617
306 683
388 729
491 873
430 910
129 997
54 261
307 527
151 600
592 757
59 781
72 843
538 957
63 133
424 776
183 899
883 903
59 174
93 560
272 581
324 704
556 747
193 310
368 390
51 382
369 382
604 706
200 710
720 751
808 846
4 263
207 277
315 412
72 518
494 639
93 292
364 486
550 612
52 627
437 819
764 826
566 877
743 964
387 511
555 841
14 200
101 557
179 590
299 655
226 977
233 358
293 556
453 759
613 788
863 864
264 988
247 301
402 918
236 948
11 403
401 558
521 581
29 709
269 797
634 863
346 401
57 537
303 660
668 847
378 877
48 919
598 850
391 926
854 942
224 234
3 660
846 865
630 908
90 992
43 390
97 485
35 488
378 566
182 651
94 820
471 899
673 962
656 969
455 997
53 127
25 243
95 525
132 203
124 379
230 464
50 640
594 641
246 820
505 885
387 442
464 602
546 682
287 725
392 797
829 840
29 883
891 938
231 654
309 710
101 927
460 968
337 339
140 767
101 852
360 420
641 652
4 685
290 721
399 776
81 186
4 333
66 454
289 550
321 607
287 757
197 779
115 785
629 849
174 865
478 907
586 998
100 192
179 212
118 214
64 315
315 329
203 492
221 751
530 761
469 828
230 867
310 979
385 981
674 990
94 246
128 394
335 525
737 941
546 985
48 102
253 409
791 912
416 963
115 404
313 481
242 492
16 28
53 240
221 604
758 851
273 275
265 522
113 530
21 609
421 996
88 416
343 446
470 547
233 573
104 763
36 240
134 507
204 567
687 716
311 943
743 958
295 464
388 470
231 476
389 561
499 636
734 740
36 127
171 779
440 781
259 908
185 528
452 597
100 667
94 105
54 403
121 526
270 931
377 943
266 301
109 457
662 938
100 294
353 752
241 839
333 922
709 972
55 415
466 551
132 697
604 698
477 877
171 904
440 986
120 347
371 375
295 867
175 640
76 734
703 738
696 848
124 986
217 337
136 489
232 574
85 575
636 713
465 744
97 749
13 793
106 808
441 810
343 671
198 495
62 646
589 708
617 899
670 933
308 355
504 669
130 370
299 488
221 513
452 880
5 323
187 325
287 383
303 401
106 433
478 575
250 583
593 627
482 703
352 768
114 801
591 854
91 893
488 917
80 101
389 416
467 471
104 530
300 655
584 695
426 793
677 964
503 976
226 362
64 412
209 768
125 819
334 918
193 263
109 306
58 534
106 637
677 690
110 870
482 989
63 106
132 242
192 319
230 497
230 602
419 629
426 655
364 689
560 937
177 951
113 210
266 429
639 815
821 915
525 599
427 780
688 824
637 846
305 862
763 869
510 653
431 671
145 925
74 928
59 986
275 991
185 517
260 553
241 960
19 642
457 683
382 711
147 743
769 862
709 903
170 977
167 748
261 805
353 954
385 961
286 348
317 568
571 781
420 571
190 579
284 731
728 834
30 144
705 722
696 798
438 963
321 883
615 890
133 433
355 607
63 678
474 737
368 784
955 957
569 582
336 726
176 886
14 918
70 582
292 620
332 818
380 851
781 865
194 875
160 279
244 480
445 999
15 351
841 973
773 984
56 253
282 435
404 501
281 644
797 852
84 860
515 909
201 931
501 947
49 461
91 711
124 781
570 782
621 860
65 109
506 605
271 766
625 906
306 309
291 516
167 919
338 996
301 429
241 474
167 494
204 746
544 917
645 922
72 272
376 709
144 189
34 560
376 703
674 816
376 972
837 984
102 290
170 362
157 407
235 446
323 588
168 625
157 627
443 761
79 864
662 875
312 878
147 453
387 475
304 313
95 732
345 946
821 950
128 879
147 924
794 963
579 998
274 446
190 510
91 540
438 621
366 879
170 899
243 582
212 615
616 676
530 869
737 960
621 963
920 993
242 282
196 311
327 719
12 81
148 168
220 288
3 303
288 344
99 353
328 430
267 441
146 472
170 617
285 708
607 709
197 717
241 793
798 848
394 879
503 879
331 927
145 207
159 208
466 480
429 674
6 686
4 814
241 402
2 504
242 598
163 651
126 688
668 769
403 805
160 817
783 881
593 882
672 945
316 989
348 396
254 837
255 641
447 649
658 776
19 542
510 623
88 794
59 846
140 908
436 968
12 45
159 222
308 321
214 300
362 580
143 601
147 679
106 216
539 854
554 857
590 954
105 189
506 869
151 882
780 935
389 415
228 424
436 460
326 589
553 938
464 564
147 677
275 317
129 459
548 633
637 678
22 52
268 365
288 394
603 778
80 811
45 508
857 871
153 395
247 674
592 784
128 819
541 905
211 927
165 978
148 633
801 875
99 954
465 984
85 907
174 360
447 672
327 683
414 756
568 967
106 991
65 309
570 656
11 54
505 647
394 976
46 418
543 922
267 362
381 562
229 583
295 601
96 614
239 644
424 695
684 705
402 793
778 868
137 894
700 961
287 392
231 672
219 716
345 906
70 278
249 482
77 554
406 780
382 893
839 960
111 980
151 758
608 895
90 997
846 863
223 948
715 984
60 97
127 240
11 261
644 889
464 504
203 598
706 751
345 898
243 278
72 432
426 544
799 820
696 854
251 890
606 918
79 924
453 964
865 986
610 725
518 843
316 995
175 490
518 521
245 653
226 899
596 908
505 975
274 782
195 215
43 269
109 710
493 742
348 759
252 951
408 616
413 807
352 821
32 200
203 282
29 397
298 719
113 763
360 864
415 963
305 379
24 587
208 222
233 303
448 526
86 629
396 729
254 736
883 930
619 936
486 689
286 729
297 887
924 964
159 202
52 381
309 457
527 570
360 781
730 905
224 405
488 544
476 672
121 720
598 830
560 620
369 711
54 805
768 915
358 384
239 556
444 628
245 835
497 867
733 909
746 974
60 485
20 258
81 508
328 517
367 934
57 987
358 987
225 291
327 406
594 849
866 916
97 949
764 965
312 442
72 581
501 615
525 732
90 809
205 824
349 424
391 559
345 625
723 988
148 656
415 860
368 392
474 839
767 998
258 268
135 559
149 594
245 623
662 891
3 266
143 334
557 757
630 767
354 802
150 806
438 872
442 662
18 145
133 216
138 240
282 492
391 498
418 507
504 564
173 616
391 697
299 793
74 889
467 899
239 913
378 479
337 647
35 793
486 832
850 871
597 880
232 366
174 440
195 509
56 536
690 958
269 383
90 457
82 514
445 609
461 611
527 656
145 859
194 891
360 986
158 489
529 725
404 785
650 811
279 817
768 955
4 979
65 155
472 531
14 960
809 992
308 709
771 784
621 813
193 979
259 586
440 637
518 701
204 766
399 980
519 787
496 811
636 952
537 987
155 992
202 305
566 618
406 844
155 306
118 488
104 506
253 529
348 628
416 860
2 295
624 874
32 941
213 317
38 537
93 620
584 776
182 898
976 996
88 953
80 331
136 453
10 659
600 758
565 768
777 817
804 886
296 930
198 224
122 389
757 797
344 819
705 907
254 973
261 993
381 407
124 420
91 685
186 756
811 927
194 938
208 626
189 799
768 950
13 143
158 958
62 422
399 459
230 564
284 686
206 851
389 963
92 412
234 940
606 941
33 611
265 757
767 908
49 926
679 964
111 967
410 482
736 841
573 987
45 186
256 442
139 677
425 933
38 232
13 299
9 642
513 706
651 724
677 743
293 806
538 915
644 928
153 970
922 979
808 863
101 529
690 743
189 820
557 610
231 649
94 845
17 794
24 897
14 474
698 751
132 435
9 441
667 765
75 779
541 848
590 890
148 326
214 426
498 642
163 898
583 974
140 259
66 347
28 593
163 633
654 672
172 732
373 847
438 860
12 756
76 904
258 613
490 640
135 647
111 693
249 738
734 904
449 940
146 225
269 368
39 434
43 784
561 963
454 747
334 960
120 166
42 252
281 293
29 355
174 471
259 510
336 551
368 592
230 669
390 755
821 955
273 991
370 999
80 211
102 279
170 475
117 482
118 655
152 876
252 884
126 205
249 316
294 765
744 837
725 927
357 995
269 392
478 648
501 785
439 923
49 217
280 439
49 697
764 779
612 843
199 807
764 904
673 734
92 807
31 983
13 295
504 602
373 789
185 886
522 900
32 155
153 689
526 720
356 753
307 782
760 882
293 913
655 917
693 958
428 978
60 596
121 612
443 845
499 959
455 459
404 615
699 702
820 825
36 138
518 632
143 793
712 930
245 937
442 938
68 77
101 287
178 330
178 412
634 991
128 187
194 465
297 854
575 935
915 955
814 971
192 490
132 492
143 737
464 867
517 910
42 616
73 777
90 155
441 580
285 675
410 745
547 759
1 762
58 790
421 932
495 940
263 814
102 817
173 252
291 472
2 564
360 637
255 652
142 290
394 437
183 441
334 474
188 525
533 734
41 195
115 212
22 407
319 619
541 835
864 865
108 352
378 477
154 760
40 235
32 992
102 149
54 282
226 471
66 747
206 238
450 469
444 489
70 569
553 647
604 720
446 735
370 741
803 843
254 994
267 471
460 572
404 890
571 986
133 273
264 400
423 479
171 533
108 538
334 793
524 803
61 876
671 969
53 138
84 963
27 290
444 694
266 816
538 950
13 35
176 185
186 294
183 362
361 373
129 399
294 508
393 566
469 723
386 481
498 559
82 597
579 908
193 922
908 998
16 82
3 401
56 529
45 756
212 501
515 657
350 866
312 320
70 643
507 671
720 722
31 831
60 949
17 953
312 511
560 623
612 632
209 538
555 715
561 860
557 927
637 986
52 157
532 600
228 568
110 796
516 920
344 976
688 792
407 934
708 935
350 352
384 401
258 365
418 446
31 483
656 675
10 699
102 721
227 727
407 791
30 799
858 902
298 906
716 931
651 933
438 982
749 998
202 222
813 853
63 275
346 384
141 386
217 461
331 610
79 634
420 637
533 764
614 777
621 794
794 813
419 833
306 844
737 918
153 340
513 698
194 260
36 636
435 830
529 852
327 935
421 976
81 100
352 538
198 572
317 693
655 793
749 908
580 977
298 625
499 713
716 866
53 636
343 782
440 864
344 932
213 980
43 392
236 487
236 506
406 719
65 780
143 839
255 371
463 509
13 606
648 705
117 745
609 800
581 803
635 823
598 859
578 984
364 536
490 619
634 677
108 916
748 919
510 937
816 990
73 726
198 234
177 408
80 725
489 743
715 744
211 757
306 935
140 190
579 630
541 696
494 815
369 855
422 943
56 325
7 684
163 425
122 430
289 597
269 610
613 792
666 966
527 969
377 971
141 411
267 977
132 461
98 518
521 524
427 683
98 803
282 850
950 955
741 962
260 442
399 455
453 628
229 893
602 895
28 532
416 621
202 626
589 675
229 746
205 276
262 337
26 341
323 342
184 728
219 916
842 971
462 544
179 615
215 717
450 749
97 908
640 936
474 601
244 336
340 395
215 463
411 481
317 484
412 663
266 674
708 719
338 897
350 916
677 924
620 937
130 501
594 629
657 733
410 738
376 903
819 976
160 255
172 456
306 780
565 821
84 88
422 520
481 622
220 650
564 669
57 714
253 383
452 514
175 543
80 650
219 687
383 725
140 749
26 856
290 919
162 942
63 433
497 502
672 702
412 745
50 755
585 814
181 900
430 982
12 294
341 549
111 584
317 584
126 613
402 737
212 947
208 305
516 531
273 568
141 622
81 667
658 695
633 724
369 807
254 841
85 844
170 511
326 527
555 578
683 935
879 976
179 251
396 470
560 653
204 974
145 374
118 462
41 463
2 867
468 970
42 191
17 389
138 499
377 585
550 701
673 740
252 818
106 133
471 580
350 468
99 680
200 737
314 395
514 527
337 611
452 648
27 494
635 778
315 855
810 899
114 194
37 366
269 423
127 691
783 812
230 295
619 876
191 884
729 901
484 958
307 675
323 739
344 394
312 475
21 525
505 563
454 692
596 749
105 761
191 818
211 610
644 806
91 250
62 311
3 358
383 409
286 470
358 573
263 645
221 684
213 695
539 696
260 801
701 843
222 857
895 951
200 960
23 354
378 618
888 919
99 212
200 309
91 814
51 855
356 970
41 81
321 376
389 438
349 568
50 592
14 710
201 923
112 927
149 160
139 275
334 402
112 496
585 842
296 947
700 981
24 996
51 91
238 318
178 413
442 665
814 855
85 648
570 671
557 797
740 904
65 935
601 960
179 404
498 697
632 720
136 759
261 830
160 909
104 113
541 560
392 610
556 644
660 714
7 720
943 979
5 21
92 663
123 157
248 517
820 845
808 991
116 280
245 541
322 542
330 663
465 773
220 819
403 830
86 833
539 887
200 474
604 727
369 893
153 314
308 533
352 565
200 918
46 283
179 353
97 450
348 453
65 844
125 976
167 290
170 471
921 966
841 994
135 217
136 444
165 493
295 504
477 583
8 657
427 719
123 791
364 832
379 847
177 191
3 558
717 826
890 947
518 524
117 738
20 788
188 323
361 379
524 581
568 584
564 601
387 662
41 756
422 756
567 766
601 793
144 820
363 870
181 929
178 199
178 315
554 642
649 672
355 734
235 752
450 754
389 860
312 901
153 356
169 684
634 808
420 846
322 857
637 865
229 250
272 518
794 953
236 605
480 726
592 755
189 825
679 924
119 354
196 422
112 811
142 833
617 864
263 333
433 678
730 798
647 891
38 57
453 489
151 593
129 809
788 792
47 373
156 443
980 997
190 586
15 123
42 177
185 248
4 310
371 594
373 775
878 901
466 946
440 808
374 850
282 859
163 168
171 197
228 584
245 630
485 908
77 322
367 381
405 572
188 609
634 678
719 780
545 790
360 808
577 849
156 911
14 334
135 339
35 426
80 557
455 809
478 844
860 953
607 903
670 735
338 932
180 940
115 912
80 112
154 289
293 747
385 766
175 936
404 947
894 948
176 268
316 410
27 639
371 778
431 782
18 859
900 936
73 279
116 716
793 917
223 605
450 828
59 864
524 914
383 392
728 800
989 995
219 350
249 745
691 950
520 972
109 200
77 208
16 283
170 320
32 606
116 687
174 781
548 651
40 671
289 880
30 105
314 691
667 858
54 242
8 255
174 420
252 473
77 542
383 557
502 608
253 610
161 687
163 724
197 764
355 904
561 978
77 202
265 392
226 475
293 836
151 914
193 685
558 816
510 835
757 852
819 879
173 191
541 730
28 760
833 911
893 974
49 611
331 757
315 807
48 817
808 864
62 414
9 498
163 548
468 753
432 914
459 997
32 109
49 339
518 612
671 735
300 793
84 813
607 883
532 914
257 354
157 381
621 872
198 405
339 461
225 516
375 641
567 700
388 878
22 381
840 853
724 933
587 976
98 521
514 597
463 756
242 850
353 890
125 503
200 839
82 154
159 302
88 389
59 637
358 714
205 792
43 592
313 658
384 714
372 779
620 835
605 840
470 901
828 988
266 558
462 956
832 959
932 976
17 84
164 307
125 366
243 643
276 688
187 819
203 850
8 909
34 292
351 404
275 484
320 662
509 717
453 743
245 798
239 889
16 154
14 241
166 347
17 415
487 840
716 923
259 998
514 675
484 677
327 681
492 830
234 968
187 288
89 363
367 418
338 661
273 718
315 745
68 781
643 861
687 866
478 880
887 942
105 246
55 389
508 756
247 816
680 890
610 757
268 788
185 328
111 484
432 612
939 942
262 391
311 520
113 869
487 869
576 900
454 973
254 984
290 494
305 769
321 397
380 417
391 461
101 610
601 737
405 823
565 957
311 979
88 415
357 752
182 425
279 594
347 747
265 784
703 903
328 365
255 375
533 607
205 861
61 929
241 426
293 644
571 846
132 926
63 216
636 832
68 124
299 426
158 444
240 449
253 536
310 543
304 658
694 809
338 827
311 842
763 845
471 864
16 882
625 633
149 641
73 909
650 927
209 970
897 996
377 646
908 949
695 980
224 460
421 503
209 955
355 883
108 955
111 317
30 825
405 940
696 942
411 424
49 559
614 622
373 639
67 651
316 703
374 857
175 192
680 752
150 281
103 297
10 363
127 499
537 574
534 613
215 764
521 843
416 872
452 907
13 488
386 614
642 926
992 997
164 326
216 678
149 817
220 932
183 977
54 203
131 351
334 426
195 508
292 560
169 604
326 656
373 668
81 765
92 772
731 881
139 317
153 486
375 603
107 672
656 782
415 794
605 853
712 962
941 992
14 143
191 473
275 568
424 584
359 804
691 915
261 282
578 744
27 833
587 879
495 968
251 785
119 804
192 936
421 587
646 842
238 380
151 417
535 667
76 673
155 710
472 920
115 251
216 637
337 505
725 797
84 223
225 277
240 499
443 530
509 764
898 946
953 963
657 981
233 987
365 788
859 993
392 557
139 634
194 801
297 939
41 294
315 369
432 518
353 590
529 610
433 637
569 649
767 887
50 900
854 905
179 954
189 845
374 925
154 597
534 790
194 975
336 466
730 892
116 923
134 367
486 536
340 691
696 730
52 934
906 946
546 983
49 132
563 885
261 403
122 416
357 446
428 493
283 507
168 548
371 652
244 726
94 761
436 848
199 961
84 415
160 652
684 722
798 835
66 944
22 123
204 229
255 279
331 383
425 633
351 785
265 755
502 504
115 131
3 233
498 542
33 563
98 612
379 668
179 680
30 820
98 914
139 958
489 958
20 176
180 499
421 897
371 603
87 625
573 660
99 752
459 980
48 167
273 317
185 359
13 474
321 972
620 623
850 859
876 929
196 971
320 442
271 657
151 760
27 47
111 455
121 518
35 544
469 582
319 667
213 693
670 707
568 718
635 766
693 967
217 391
466 481
230 502
526 701
397 904
244 909
601 918
28 154
90 459
746 766
108 768
27 775
156 939
166 944
338 976
416 982
17 561
729 759
443 763
567 961
128 232
212 590
12 463
641 849
375 868
367 590
110 659
148 675
903 930
33 339
303 358
393 479
154 550
222 554
580 617
152 929
171 965
5 445
394 503
637 781
586 908
339 563
375 635
329 663
331 797
454 841
811 874
476 702
131 912
793 918
0 159
416 430
198 460
256 662
549 856
308 883
211 797
308 903
78 122
411 614
88 813
93 835
32 309
104 829
62 972
318 491
123 562
22 593
267 617
424 622
175 922
846 986
368 755
135 801
85 880
34 730
392 852
405 868
12 195
158 628
50 784
829 869
801 938
13 960
7 513
462 704
510 908
39 131
46 671
795 851
190 998
32 474
409 610
84 621
325 664
23 804
467 864
270 923
150 293
399 584
548 656
303 714
131 785
413 961
244 466
34 541
441 559
537 573
553 662
363 786
126 788
579 887
494 888
892 896
735 933
183 471
104 487
366 503
274 507
226 511
567 631
434 762
269 771
167 789
512 873
438 953
5 999
13 241
43 423
286 547
55 552
315 585
444 669
465 938
325 364
15 407
18 493
338 587
513 722
432 803
128 288
71 323
176 365
88 561
79 677
169 751
124 769
258 792
246 799
700 807
206 417
512 762
218 921
471 571
302 862
779 904
702 945
270 280
349 584
563 611
738 995
463 508
162 539
657 766
392 784
26 822
79 846
680 954
451 988
282 993
396 547
406 683
229 711
735 782
318 851
832 952
32 960
31 985
522 592
770 833
712 947
134 446
44 602
246 825
277 859
495 868
9 19
155 200
530 845
768 916
690 964
250 974
36 180
225 261
331 529
483 546
248 886
717 965
125 288
134 562
103 579
180 240
630 653
778 823
709 883
211 383
659 774
309 844
91 263
49 498
446 671
228 776
387 878
259 887
457 992
124 305
40 357
382 567
140 630
116 750
591 942
1 39
81 192
3 247
77 302
406 575
808 865
195 965
321 355
241 488
383 529
133 678
365 910
174 977
149 255
414 520
332 544
620 653
105 799
492 871
667 902
234 436
296 615
347 913
13 564
540 583
103 767
212 785
678 846
414 943
418 431
85 452
300 462
411 658
131 762
156 770
499 952
474 793
672 796
291 993
311 377
244 515
361 815
584 980
67 345
235 431
160 726
418 562
162 696
383 757
371 868
793 960
177 252
35 300
174 362
263 540
489 694
96 919
201 280
192 294
431 507
416 561
209 691
649 702
213 776
415 978
207 993
386 424
452 478
196 585
103 586
174 617
196 646
412 807
74 408
477 746
847 862
196 979
676 783
28 151
582 654
275 693
248 804
943 971
53 180
24 346
142 494
540 685
668 815
462 549
148 548
337 559
77 642
582 649
457 780
400 840
578 841
436 905
214 544
241 606
57 366
48 721
415 416
98 581
596 630
531 966
430 438
272 524
597 648
280 687
755 771
44 951
695 967
864 977
33 217
221 720
402 839
688 861
397 883
223 236
288 325
185 365
220 394
349 411
348 729
454 736
522 755
382 807
780 844
361 862
754 988
448 632
293 692
255 733
60 450
348 489
368 797
650 874
210 400
169 513
479 618
139 743
662 801
352 866
133 991
188 445
311 646
238 791
319 902
225 472
31 676
388 759
65 90
190 245
252 408
218 472
405 603
495 603
192 619
0 626
678 863
232 879
84 953
111 958
299 544
21 732
577 833
265 900
115 501
497 564
399 658
31 783
640 900
826 904
138 940
109 992
33 461
511 662
500 739
212 351
338 503
170 580
136 286
69 485
213 568
366 574
54 598
445 728
296 962
461 697
588 741
434 785
813 860
83 408
164 570
417 593
265 640
436 696
85 708
432 760
34 835
185 910
85 935
646 972
368 757
522 936
289 612
24 714
781 846
367 954
714 987
269 287
252 332
187 394
153 468
699 870
38 366
166 608
7 751
351 791
253 852
657 961
56 364
79 467
81 543
279 641
31 686
31 731
3 990
299 464
64 585
48 777
43 797
840 869
161 916
68 542
307 671
261 920
207 225
162 297
168 345
350 356
114 442
192 543
303 558
370 588
164 589
349 622
623 630
136 679
654 702
133 718
484 743
174 846
371 849
17 872
595 874
644 913
591 939
173 177
45 215
186 463
677 693
162 939
13 918
454 994
57 233
269 409
342 500
590 752
128 366
21 445
442 511
413 567
141 658
158 743
506 763
397 764
250 893
559 926
19 68
211 576
549 822
442 875
90 129
570 675
645 685
228 695
254 744
484 967
286 759
256 878
852 927
220 976
82 164
36 449
24 503
45 509
264 545
25 569
602 608
99 615
401 660
541 937
605 948
281 556
560 798
209 314
92 315
583 631
569 654
285 719
715 736
722 751
592 797
454 836
336 909
1 912
42 951
117 316
518 526
422 646
473 655
536 664
429 816
174 864
471 865
575 907
414 979
68 305
226 320
313 411
441 498
513 526
57 574
393 583
390 592
148 625
98 701
32 710
423 771
262 810
601 941
473 544
90 109
15 115
21 398
13 464
622 658
727 751
104 761
167 775
539 798
500 838
39 999
127 636
132 830
409 536
190 596
692 747
156 237
239 747
113 761
24 827
683 844
571 864
125 187
92 199
107 231
237 443
231 450
319 490
208 554
577 594
346 660
195 717
68 862
224 868
313 386
191 408
687 750
561 794
0 894
228 967
174 986
136 396
672 699
71 739
693 743
826 965
101 383
126 534
628 743
348 679
275 634
276 643
344 650
618 713
815 847
240 892
587 897
256 901
711 974
111 129
299 300
315 971
287 592
198 778
17 813
179 947
534 688
759 901
862 986
94 236
87 327
135 391
405 495
264 829
576 927
275 967
593 758
712 883
83 173
53 449
490 522
432 701
708 844
637 863
540 893
334 917
422 979
302 379
211 392
7 648
289 648
327 708
555 837
490 900
539 905
92 329
76 533
648 722
281 928
389 978
213 399
214 488
52 593
241 601
508 667
275 678
182 724
713 832
637 864
66 973
910 982
0 137
71 342
532 593
295 669
442 878
66 994
386 658
634 690
186 195
20 328
397 709
725 757
717 764
681 780
75 826
104 840
715 841
585 943
761 869
125 232
145 277
299 601
465 665
47 167
360 863
236 246
294 319
304 424
376 482
334 488
417 600
586 630
396 759
619 765
87 906
463 965
65 327
255 594
182 633
114 647
59 808
711 855
631 893
565 916
421 661
175 522
477 566
297 696
550 760
506 840
174 267
273 678
18 925
630 949
399 424
172 599
863 924
52 123
132 391
360 471
5 525
447 582
313 622
147 690
628 759
362 810
526 751
90 306
146 993
476 582
269 757
550 843
872 953
245 259
49 262
3 346
277 516
441 542
352 957
92 413
277 472
432 521
108 821
634 864
409 664
762 873
715 973
235 343
349 776
879 996
349 386
228 411
196 414
84 561
69 949
660 987
330 412
403 458
105 144
55 165
39 184
164 285
29 376
227 448
385 567
366 587
562 590
34 620
142 639
664 725
235 735
14 737
485 749
130 785
421 827
647 875
665 878
691 896
453 924
493 925
742 925
308 965
235 995
170 183
502 602
551 638
510 767
88 872
66 913
85 406
223 487
68 571
333 685
63 808
430 872
178 329
187 437
193 814
68 420
607 972
482 995
449 499
346 558
758 795
11 830
781 862
7 907
821 916
542 554
0 246
205 534
436 730
295 606
311 756
118 793
773 837
64 855
582 945
49 337
231 469
262 498
382 631
238 873
462 917
306 327
586 887
677 958
776 980
213 484
406 589
439 716
640 755
592 771
93 937
633 656
106 846
312 388
409 797
559 810
68 986
21 172
219 280
109 683
147 759
719 935
288 976
277 993
450 451
323 500
365 528
384 573
226 580
24 661
194 773
420 808
109 844
634 846
677 863
339 391
35 464
348 547
513 727
397 734
823 877
890 954
59 471
392 771
8 271
233 346
494 721
701 803
705 880
557 576
381 627
143 200
1 351
476 569
183 617
515 726
664 852
958 964
69 97
20 185
2 497
224 603
43 755
655 818
460 940
437 976
52 407
72 701
241 917
7 221
64 410
20 528
69 672
337 801
435 871
489 964
49 135
306 406
262 441
485 630
492 697
123 912
773 975
501 741
184 512
218 516
217 563
25 582
200 606
228 622
478 705
132 850
668 862
496 874
34 896
454 913
99 251
56 409
276 534
437 650
64 971
199 981
172 335
505 801
330 807
721 833
137 925
36 959
209 340
81 756
602 867
552 894
102 142
75 171
329 410
343 507
245 560
306 575
194 647
102 919
874 932
295 402
274 418
446 507
211 529
5 609
164 656
651 772
96 817
487 948
397 965
675 969
637 991
108 161
87 285
80 852
32 918
29 972
203 697
319 936
818 951
575 710
126 258
295 602
524 612
58 613
376 738
528 804
433 808
105 825
760 914
553 975
106 273
2 299
66 736
578 736
523 779
157 934
77 305
854 939
98 272
332 462
79 617
223 794
154 882
647 975
682 985
432 550
529 557
53 959
74 177
448 518
805 830
19 857
548 933
478 935
302 626
62 756
507 782
239 293
8 375
703 709
40 782
731 831
646 943
172 398
115 434
309 575
363 659
374 859
686 881
722 907
565 915
155 683
676 881
52 283
331 392
188 398
90 455
447 469
35 601
180 618
168 724
50 175
231 582
121 722
379 986
204 382
465 875
54 993
112 211
99 404
134 431
202 554
467 580
35 917
539 939
4 943
950 970
308 972
808 986
97 107
199 567
73 149
182 548
5 588
157 593
132 598
551 726
679 743
490 765
708 780
747 836
169 839
777 919
352 955
606 793
229 382
271 385
107 447
262 647
610 664
192 667
578 973
382 974
402 488
287 927
48 96
65 406
285 406
325 437
464 601
383 664
40 670
422 842
296 883
100 902
531 921
301 558
685 971
42 83
210 530
101 664
556 806
263 310
506 530
435 697
583 746
400 988
147 489
5 370
214 462
275 690
501 890
103 942
87 427
125 437
213 455
268 528
287 529
631 766
186 667
377 745
538 916
715 994
447 450
203 461
80 576
652 849
474 941
564 602
10 796
225 859
171 397
40 418
368 423
298 427
384 558
449 572
90 683
306 710
533 740
373 769
34 798
84 853
737 992
214 334
82 452
464 497
102 652
328 982
178 369
105 443
103 539
135 611
13 655
349 695
117 703
684 706
216 808
487 853
4 922
680 930
813 963
903 972
567 981
863 991
14 32
222 302
493 552
605 869
22 934
505 553
497 602
321 703
717 779
581 843
190 887
843 914
331 576
681 719
632 803
376 989
163 345
121 513
245 539
454 555
309 683
589 719
419 849
666 921
59 124
91 229
217 262
776 967
43 757
20 910
569 945
481 946
152 181
199 330
541 623
298 681
87 708
22 417
391 611
642 697
326 708
544 793
789 888
113 443
107 485
278 569
478 708
600 882
58 953
413 981
111 139
219 352
322 498
228 658
178 700
692 841
362 864
51 814
139 991
46 274
295 299
228 386
209 395
466 638
66 120
181 619
459 683
111 695
55 742
30 845
765 902
61 181
645 814
64 117
170 267
337 391
406 427
351 434
436 495
339 505
154 532
181 576
69 596
72 612
167 639
455 695
272 843
269 852
545 853
440 863
240 896
409 952
249 707
75 904
691 957
274 969
493 978
752 995
57 358
195 756
215 826
618 952
876 900
387 901
255 909
433 991
141 466
349 967
30 237
343 418
46 431
128 437
348 444
29 533
106 634
111 690
317 690
711 814
150 836
441 899
915 970
458 611
12 667
615 712
676 831
235 954
148 307
260 465
656 724
314 950
621 982
47 142
9 322
209 352
14 402
547 679
129 695
307 326
124 440
442 475
467 475
541 653
475 662
242 697
701 720
253 797
470 878
457 935
198 940
408 951
198 968
104 210
13 426
122 438
148 527
142 775
830 850
647 885
157 417
248 528
514 589
615 680
544 818
457 844
941 960
759 964
630 998
355 764
15 934
526 727
494 748
757 784
161 866
322 926
128 976
73 102
255 515
465 553
366 573
269 592
628 679
26 704
253 725
609 728
443 770
79 808
271 823
536 952
607 965
598 993
44 502
285 527
628 694
173 951
191 332
299 402
633 651
532 758
350 768
572 868
103 259
548 782
565 950
56 832
2 35
75 76
544 884
496 929
665 938
1 115
123 367
164 452
540 711
438 794
794 853
416 953
37 57
323 525
518 581
16 593
464 669
435 859
313 906
74 483
323 370
94 506
432 581
492 859
694 997
64 377
369 585
626 857
809 980
183 226
242 461
229 540
265 576
484 634
522 784
417 795
547 878
475 901
9 68
27 789
332 956
710 844
94 189
249 329
238 491
71 525
539 591
459 681
513 684
905 942
190 949
13 334
65 575
684 698
237 833
223 853
380 795
101 797
299 917
309 992
210 586
298 327
458 461
121 550
14 606
336 614
349 718
379 781
638 898
494 919
533 965
967 980
178 663
244 733
224 449
267 467
137 742
600 760
37 537
417 627
161 219
190 485
676 812
147 958
32 143
260 387
526 604
349 658
36 713
685 855
653 949
428 966
517 528
479 566
67 633
221 722
194 744
663 772
480 909
402 941
686 985
35 118
448 727
534 792
34 848
863 865
618 877
2 895
218 966
62 196
174 899
263 979
21 335
107 450
527 589
2 669
239 928
477 974
101 650
416 794
390 392
209 565
524 701
350 821
377 855
171 215
440 471
117 646
585 685
65 710
380 758
182 772
726 777
164 969
286 388
133 748
606 839
157 206
415 438
146 531
168 898
103 939
827 996
216 668
397 903
207 925
461 926
548 969
19 208
388 396
242 403
406 478
415 552
51 585
452 589
190 653
549 704
718 748
684 751
749 828
2 13
396 497
337 563
510 579
53 713
35 818
510 949
73 96
15 131
112 331
334 606
250 711
210 829
86 849
281 889
543 979
226 267
271 778
724 782
262 801
632 843
407 912
102 160
418 671
264 723
726 733
634 924
876 936
235 274
68 302
121 448
499 618
63 637
576 757
536 959
265 368
407 627
191 895
694 958
217 559
339 647
706 720
567 746
333 814
58 872
17 982
175 310
35 402
286 497
432 532
665 994
9 77
55 428
427 459
430 517
438 561
297 591
261 598
591 696
121 751
395 753
420 862
314 915
638 981
134 274
171 355
187 364
266 384
385 515
168 182
377 422
21 599
87 326
271 375
382 413
617 865
601 867
821 970
35 473
135 505
171 509
360 617
332 655
134 671
94 763
1 785
509 826
625 898
743 924
50 936
64 249
104 605
327 844
645 943
539 541
404 590
545 840
245 887
219 931
661 996
90 309
556 836
387 938
591 968
46 446
52 562
98 760
443 911
623 949
884 951
148 285
300 334
196 520
93 541
726 817
503 819
4 971
266 401
572 603
564 606
312 662
590 680
171 717
842 855
434 912
79 147
24 338
597 907
262 339
50 757
132 282
68 379
259 596
571 637
312 665
575 708
631 711
750 774
51 807
758 914
141 946
97 140
129 213
80 287
330 413
325 529
266 660
673 712
234 868
691 970
558 990
234 405
3 429
50 490
41 667
13 737
60 749
681 683
459 695
749 949
734 962
903 989
111 399
630 887
189 237
571 617
630 937
798 937
143 941
139 967
28 283
578 994
35 295
229 477
122 910
54 435
71 588
706 727
812 831
355 903
203 403
405 566
376 646
685 711
357 735
170 256
613 872
467 924
321 930
292 955
27 102
450 596
405 778
853 953
480 481
340 486
465 715
136 743
798 854
758 882
51 971
125 344
333 543
124 571
158 809
241 300
389 430
143 488
355 709
280 866
396 502
793 839
107 949
210 869
277 920
369 971
130 999
68 174
24 303
112 557
520 756
94 799
278 861
932 996
197 215
85 705
228 718
139 964
67 168
19 202
239 281
470 759
160 777
652 817
29 930
340 950
810 977
32 90
347 454
629 652
392 725
459 809
151 851
627 882
655 884
79 964
957 970
89 108
235 418
325 819
552 561
187 689
246 845
471 846
153 364
374 492
489 679
745 842
62 943
562 954
98 550
557 592
145 871
511 901
37 128
168 656
148 724
71 838
737 839
436 854
405 877
34 937
571 977
48 279
502 669
698 727
91 369
183 467
249 703
299 818
295 497
178 772
167 815
710 839
760 843
554 871
481 658
385 700
110 702
179 752
302 769
620 786
761 820
372 826
420 864
529 927
197 965
127 138
106 275
91 382
125 587
89 786
613 824
848 854
124 865
442 891
181 936
798 942
128 503
180 566
366 714
160 733
210 763
168 425
289 452
448 803
269 390
63 718
342 741
612 803
427 935
77 222
79 226
9 267
190 623
345 633
556 692
91 855
313 946
628 964
115 179
402 426
454 556
303 573
101 757
475 899
309 935
333 943
117 329
162 436
457 459
80 529
500 588
140 596
28 627
194 662
450 723
155 737
477 823
305 847
25 861
633 898
618 959
75 197
100 535
107 596
479 877
598 871
216 991
830 993
477 479
166 502
634 637
244 638
346 714
308 764
715 773
248 354
234 603
412 707
585 745
127 314
194 505
86 591
214 655
168 906
162 968
4 196
100 619
147 628
241 737
445 800
471 810
115 890
848 892
564 941
118 299
277 493
226 864
144 246
174 580
765 936
473 951
613 982
286 502
457 710
855 893
249 989
7 121
409 529
101 811
162 905
814 979
881 983
188 999
299 473
347 556
410 703
74 983
190 749
533 826
59 68
467 511
213 228
116 931
814 943
55 963
148 969
318 795
814 893
350 395
106 863
97 998
451 582
506 948
27 167
109 575
16 760
117 376
87 681
188 732
385 733
87 406
122 561
362 571
64 663
746 823
37 879
373 494
319 535
157 851
322 871
214 241
133 275
488 601
393 618
587 714
766 961
343 670
507 570
83 783
739 741
1 15
51 229
69 231
247 558
274 570
63 634
489 759
39 785
668 789
64 842
617 846
145 850
600 851
511 899
24 421
348 470
80 496
322 697
410 707
76 171
51 315
340 356
543 645
483 676
641 778
685 893
520 943
872 963
127 340
703 972
136 158
97 190
366 394
159 305
144 373
357 431
160 641
214 793
534 861
320 899
24 233
145 493
87 589
698 720
91 974
685 979
516 993
18 225
124 637
357 670
749 754
1 791
722 880
88 982
134 283
245 297
3 301
278 582
294 858
177 895
624 932
317 991
376 607
465 837
130 947
136 147
39 445
217 647
75 740
459 776
354 804
520 842
340 915
887 939
112 181
67 425
285 514
651 898
85 589
334 601
550 632
512 834
510 887
628 958
865 977
46 343
326 514
83 812
238 407
837 841
318 873
71 95
327 457
510 596
289 701
59 617
330 707
638 946
32 457
8 635
781 808
78 966
130 251
143 426
40 507
526 612
48 142
228 317
55 493
485 510
513 632
295 941
549 956
134 343
137 552
163 625
97 630
409 852
379 420
409 423
217 505
663 745
692 913
44 177
325 536
575 648
408 676
453 677
62 842
806 928
265 287
233 401
67 638
124 668
329 855
343 969
180 572
389 621
149 721
93 623
177 889
81 319
169 334
194 885
567 974
392 755
449 892
619 900
28 82
189 246
314 356
30 373
72 632
433 668
102 777
864 924
32 402
207 598
329 807
551 909
136 964
407 562
625 946
48 73
179 501
160 515
4 585
2 601
271 746
579 749
468 821
55 860
357 954
79 977
399 997
204 271
273 433
271 733
673 741
350 753
130 962
4 91
124 360
527 782
297 798
352 915
273 967
182 345
238 762
483 881
64 178
240 691
529 797
22 851
31 83
188 335
239 347
314 486
48 494
329 585
572 968
360 977
73 255
251 351
414 646
161 774
134 381
340 468
100 490
377 520
172 609
477 631
288 650
105 763
131 791
583 893
99 947
65 427
290 817
7 880
45 81
8 160
206 758
496 927
563 975
46 52
87 148
94 825
836 913
57 232
104 400
200 402
336 481
656 671
658 681
14 684
270 716
540 814
226 924
339 559
361 789
272 432
329 707
314 468
260 647
677 679
665 736
129 776
395 821
788 824
77 857
180 224
283 627
673 739
522 757
382 855
729 878
281 913
26 956
676 983
394 996
52 134
200 241
142 419
444 497
197 509
307 514
510 541
7 604
286 628
683 719
639 721
749 767
39 834
59 863
288 879
517 886
679 901
72 914
109 935
108 957
65 992
289 907
344 421
308 509
496 576
447 702
455 776
133 888
609 999
27 48
14 169
362 441
51 685
325 689
196 814
791 934
124 361
387 665
724 735
21 800
823 868
66 556
623 798
724 969
121 843
742 894
730 896
67 946
253 287
8 385
554 626
487 829
313 424
389 794
6 881
745 971
40 134
575 705
817 919
268 359
62 377
69 450
172 525
402 564
629 641
244 657
584 658
584 693
574 753
775 888
742 978
342 673
524 760
46 782
365 982
168 298
318 417
425 670
138 892
297 905
134 934
194 984
139 147
259 749
815 888
139 213
79 360
369 413
462 655
289 722
535 765
236 894
424 967
540 974
536 713
165 966
101 253
79 471
453 547
374 598
251 590
653 798
614 726
320 901
324 332
436 591
112 900
484 991
74 644
720 727
581 914
768 970
485 653
39 728
242 261
138 618
167 721
446 782
600 795
686 983
343 357
213 424
106 440
174 467
542 926
125 996
9 174
149 371
254 465
425 735
506 761
93 896
805 993
100 186
22 206
282 403
249 663
290 775
576 811
545 813
436 892
817 909
51 974
48 149
197 372
414 543
440 678
68 202
123 627
586 749
308 904
44 166
2 502
552 978
42 74
207 282
426 462
400 869
127 896
859 925
374 435
842 979
94 530
188 599
304 614
152 619
415 621
604 722
208 857
202 862
444 867
101 112
266 303
14 309
320 467
446 752
617 863
866 931
437 932
43 383
209 468
533 779
352 950
21 95
87 780
292 835
353 995
106 986
174 441
455 584
550 597
48 888
216 986
60 231
74 616
290 639
603 641
93 653
635 746
506 829
220 874
849 968
596 998
632 751
223 894
741 947
256 260
47 290
143 295
707 933
95 188
50 392
465 891
200 941
64 92
122 328
110 363
15 381
141 424
396 628
9 810
227 822
122 978
410 989
368 383
54 492
850 857
678 864
262 926
128 325
365 517
382 700
171 734
578 773
603 823
47 888
346 897
186 414
265 557
615 785
376 520
48 748
766 981
394 587
59 977
157 380
432 600
582 754
930 947
118 334
199 382
114 387
440 617
680 947
168 326
76 523
211 592
592 610
115 615
558 660
663 670
689 832
464 895
687 916
483 928
918 941
260 320
370 445
291 531
91 583
536 636
260 665
559 697
221 705
710 737
176 804
3 816
467 863
290 888
45 965
306 992
18 993
37 125
200 334
306 427
353 615
21 323
16 532
607 764
111 776
384 987
69 447
312 547
736 837
859 871
507 969
326 719
99 367
510 560
360 678
199 772
307 548
164 597
20 613
367 752
295 793
503 897
76 355
198 371
73 652
537 714
185 804
484 964
248 359
352 468
449 618
613 688
362 865
259 653
343 933
785 947
485 623
342 962
588 962
304 466
630 835
788 982
604 684
468 768
642 857
292 937
38 573
250 631
332 704
276 790
19 222
308 376
84 438
26 462
70 469
424 568
142 577
351 590
92 707
184 762
13 867
759 924
287 368
58 621
155 809
739 962
261 291
84 416
114 465
362 475
486 636
399 681
577 721
30 770
409 832
629 833
593 851
376 883
9 926
314 957
117 989
103 190
355 965
441 471
294 535
63 568
447 569
638 961
555 984
225 282
143 299
269 784
710 918
298 345
299 602
173 676
634 693
82 283
241 299
697 850
608 951
251 296
73 336
9 559
149 629
635 657
546 686
632 722
109 737
165 742
121 803
438 813
860 872
182 933
19 498
490 543
146 277
179 351
419 594
441 642
630 749
721 775
752 890
267 571
814 842
898 906
40 933
846 991
87 168
35 241
62 463
283 593
705 720
47 721
161 750
502 895
431 969
505 611
311 645
748 789
130 588
0 222
390 423
231 702
253 832
399 967
315 663
602 669
146 218
183 262
253 269
256 388
337 461
82 527
590 615
58 813
460 868
640 922
475 977
259 485
522 576
393 746
684 907
809 941
124 302
287 576
245 696
476 796
317 349
305 361
560 730
612 760
100 508
500 525
378 583
196 645
296 673
92 700
409 713
67 772
526 803
245 905
785 912
155 941
259 949
710 960
801 975
796 945
634 964
43 265
106 360
192 640
837 973
203 261
213 349
122 415
120 470
66 555
457 997
289 760
545 829
412 855
336 386
98 532
431 670
904 965
329 971
207 374
349 614
124 847
456 732
687 931
206 407
368 610
684 710
155 844
68 865
256 938
519 987
