1000 4243 54.0 sparse
0 936 736
1 18 817
2 549 699
3 609 392
4 390 866
5 970 754
6 725 191
7 317 84
8 861 611
9 753 454
10 469 578
11 755 232
12 233 40
13 244 589
14 440 879
15 15 588
16 747 923
17 713 762
18 413 832
19 272 434
20 55 64
21 416 532
22 148 162
23 114 163
24 235 899
25 425 282
26 794 181
27 49 82
28 435 606
29 787 60
30 102 489
31 75 698
32 733 208
33 906 888
34 410 274
35 900 253
36 771 997
37 261 323
38 774 537
39 704 682
40 985 847
41 87 717
42 341 67
43 657 754
44 929 155
45 855 194
46 124 766
47 210 808
48 152 915
49 665 879
50 684 201
51 202 353
52 545 760
53 150 652
54 495 617
55 954 599
56 41 573
57 369 897
58 750 312
59 751 530
60 689 808
61 107 948
62 459 372
63 386 754
64 735 871
65 789 980
66 686 863
67 605 838
68 625 745
69 314 245
70 135 790
71 330 465
72 581 999
73 845 380
74 679 899
75 506 706
76 277 580
77 584 645
78 168 116
79 594 861
80 404 872
81 849 624
82 949 163
83 3 155
84 767 582
85 849 209
86 304 909
87 471 612
88 716 540
89 531 138
90 172 827
91 285 354
92 533 908
93 278 454
94 314 845
95 979 94
96 894 890
97 593 272
98 794 970
99 343 681
100 344 185
101 381 341
102 530 878
103 513 868
104 101 407
105 266 210
106 382 372
107 139 96
108 8 278
109 28 343
110 527 132
111 241 296
112 622 407
113 43 587
114 213 152
115 304 414
116 712 745
117 278 878
118 624 396
119 860 461
120 810 247
121 488 983
122 391 612
123 723 496
124 5 468
125 698 888
126 249 563
127 415 943
128 264 53
129 566 936
130 561 236
131 568 258
132 785 523
133 135 309
134 701 774
135 548 724
136 171 976
137 903 767
138 538 193
139 153 717
140 922 793
141 684 868
142 479 341
143 796 753
144 433 198
145 193 977
146 612 436
147 295 976
148 80 393
149 537 30
150 558 957
151 223 762
152 56 641
153 865 256
154 455 739
155 903 584
156 726 676
157 812 760
158 296 425
159 259 874
160 740 388
161 251 660
162 791 886
163 150 631
164 582 830
165 678 674
166 464 394
167 215 918
168 842 812
169 718 331
170 45 492
171 743 582
172 198 299
173 507 887
174 737 328
175 801 465
176 673 930
177 97 89
178 98 772
179 383 462
180 422 668
181 475 60
182 62 305
183 488 306
184 924 596
185 681 943
186 618 448
187 57 423
188 679 516
189 186 495
190 68 911
191 92 948
192 108 275
193 448 314
194 698 416
195 569 649
196 942 561
197 941 632
198 717 830
199 561 21
200 406 433
201 296 834
202 976 27
203 236 176
204 331 369
205 836 84
206 319 808
207 851 540
208 159 650
209 822 294
210 695 915
211 596 676
212 489 296
213 34 315
214 267 200
215 306 442
216 11 12
217 697 211
218 894 50
219 11 350
220 994 939
221 737 296
222 92 2
223 654 30
224 759 767
225 364 930
226 54 351
227 677 114
228 658 439
229 575 538
230 261 999
231 630 395
232 652 96
233 245 171
234 849 944
235 417 586
236 576 587
237 72 52
238 136 169
239 465 810
240 901 389
241 492 745
242 584 937
243 632 832
244 248 710
245 307 284
246 115 21
247 980 673
248 734 515
249 843 812
250 906 875
251 425 944
252 934 67
253 175 512
254 328 901
255 978 226
256 795 929
257 212 126
258 280 108
259 404 625
260 675 360
261 955 146
262 789 654
263 452 140
264 666 339
265 794 423
266 46 89
267 402 851
268 615 63
269 932 897
270 234 816
271 66 743
272 812 921
273 227 305
274 191 692
275 844 895
276 38 263
277 246 873
278 643 182
279 391 829
280 464 863
281 382 999
282 928 769
283 609 282
284 263 480
285 706 16
286 418 803
287 714 410
288 42 952
289 402 930
290 35 975
291 959 205
292 141 105
293 368 502
294 362 132
295 784 881
296 326 696
297 731 230
298 148 124
299 174 878
300 75 458
301 337 674
302 52 782
303 912 884
304 570 731
305 900 642
306 105 544
307 108 957
308 153 214
309 993 317
310 811 927
311 871 226
312 140 223
313 0 378
314 186 642
315 439 227
316 859 939
317 867 829
318 166 16
319 480 893
320 367 131
321 980 233
322 337 638
323 592 692
324 1000 908
325 655 21
326 766 378
327 141 353
328 742 242
329 50 642
330 476 878
331 374 652
332 783 666
333 689 454
334 339 39
335 182 358
336 246 539
337 537 616
338 978 552
339 913 630
340 431 259
341 16 731
342 197 512
343 463 81
344 312 594
345 896 845
346 49 344
347 912 96
348 17 247
349 120 622
350 476 522
351 717 452
352 445 163
353 419 533
354 639 846
355 87 675
356 15 196
357 125 995
358 597 905
359 942 433
360 359 687
361 956 131
362 819 802
363 540 37
364 734 509
365 608 845
366 247 640
367 73 928
368 59 705
369 287 963
370 686 607
371 844 104
372 682 974
373 27 374
374 11 105
375 126 271
376 333 910
377 699 493
378 574 824
379 631 102
380 173 647
381 885 318
382 480 480
383 775 447
384 612 254
385 630 824
386 356 31
387 879 666
388 513 354
389 708 676
390 102 27
391 295 260
392 151 92
393 910 306
394 574 570
395 115 604
396 910 788
397 613 613
398 812 537
399 0 498
400 459 427
401 820 325
402 13 238
403 436 999
404 410 219
405 817 15
406 397 879
407 291 651
408 126 501
409 235 688
410 891 965
411 327 541
412 23 395
413 205 728
414 229 615
415 711 425
416 266 891
417 636 955
418 215 819
419 804 574
420 732 552
421 257 641
422 3 432
423 856 625
424 902 387
425 564 398
426 652 118
427 466 785
428 296 954
429 279 589
430 131 592
431 858 201
432 538 993
433 371 167
434 470 92
435 585 633
436 652 453
437 720 340
438 861 871
439 772 432
440 895 834
441 765 935
442 135 500
443 144 131
444 643 70
445 396 743
446 377 766
447 324 513
448 488 689
449 262 819
450 865 669
451 987 831
452 225 825
453 996 376
454 913 782
455 745 836
456 777 346
457 615 329
458 695 352
459 87 412
460 259 34
461 279 686
462 600 976
463 421 6
464 47 231
465 441 182
466 717 126
467 57 397
468 267 97
469 158 722
470 961 403
471 491 127
472 286 405
473 484 952
474 970 557
475 962 246
476 69 393
477 88 392
478 744 283
479 804 782
480 282 310
481 741 105
482 102 199
483 219 130
484 967 607
485 392 829
486 973 819
487 897 167
488 700 435
489 536 212
490 68 28
491 951 971
492 324 808
493 97 519
494 920 625
495 864 701
496 537 520
497 206 809
498 572 727
499 771 829
500 764 197
501 69 136
502 939 367
503 40 152
504 267 758
505 5 567
506 556 302
507 360 466
508 967 562
509 516 398
510 335 590
511 702 786
512 66 589
513 510 228
514 41 867
515 625 234
516 370 554
517 361 868
518 994 167
519 241 169
520 512 386
521 641 331
522 892 541
523 801 103
524 384 937
525 888 923
526 88 711
527 643 793
528 964 407
529 120 626
530 629 618
531 67 38
532 670 804
533 167 407
534 743 189
535 668 110
536 294 878
537 919 245
538 681 421
539 185 308
540 395 412
541 559 224
542 777 455
543 846 470
544 987 350
545 161 105
546 883 931
547 36 991
548 647 841
549 5 781
550 971 788
551 416 165
552 344 532
553 440 855
554 861 400
555 108 921
556 568 554
557 503 299
558 119 701
559 775 433
560 291 116
561 628 335
562 805 57
563 201 256
564 743 32
565 225 698
566 859 186
567 183 698
568 227 736
569 16 423
570 811 974
571 715 188
572 551 152
573 436 314
574 731 562
575 722 886
576 694 974
577 121 376
578 828 900
579 231 764
580 321 107
581 833 336
582 273 610
583 17 44
584 939 139
585 178 79
586 487 469
587 75 25
588 958 654
589 179 316
590 106 841
591 368 455
592 285 651
593 717 305
594 775 560
595 871 74
596 187 709
597 294 82
598 3 466
599 776 808
600 948 653
601 177 460
602 983 743
603 649 695
604 191 446
605 469 163
606 693 285
607 394 958
608 571 591
609 687 736
610 900 902
611 966 648
612 808 480
613 625 928
614 162 234
615 458 501
616 749 404
617 453 909
618 621 465
619 320 830
620 864 753
621 257 486
622 370 142
623 769 658
624 1000 29
625 300 960
626 140 528
627 288 278
628 331 434
629 386 258
630 164 646
631 768 175
632 279 50
633 718 765
634 418 185
635 320 452
636 212 176
637 731 575
638 954 485
639 298 410
640 861 270
641 604 895
642 378 90
643 199 336
644 711 147
645 463 765
646 114 303
647 234 679
648 864 471
649 370 58
650 206 85
651 372 498
652 796 804
653 584 55
654 759 914
655 640 939
656 869 260
657 26 778
658 703 103
659 933 292
660 559 300
661 132 762
662 906 951
663 130 335
664 119 460
665 669 925
666 954 503
667 801 84
668 952 54
669 366 876
670 956 728
671 253 179
672 61 211
673 834 105
674 155 862
675 9 497
676 766 238
677 25 908
678 572 383
679 214 863
680 959 520
681 7 834
682 985 219
683 700 455
684 18 365
685 480 774
686 587 448
687 211 272
688 752 811
689 651 361
690 845 74
691 759 292
692 428 649
693 109 455
694 259 801
695 379 78
696 706 799
697 182 310
698 617 382
699 802 405
700 975 709
701 883 39
702 511 894
703 607 398
704 912 432
705 561 464
706 12 405
707 690 358
708 327 694
709 436 587
710 52 239
711 871 952
712 273 177
713 8 715
714 200 74
715 977 450
716 766 204
717 527 356
718 805 1000
719 137 4
720 110 443
721 342 965
722 655 507
723 622 147
724 143 34
725 28 672
726 391 312
727 116 588
728 740 674
729 720 108
730 813 796
731 559 337
732 818 826
733 122 831
734 545 615
735 685 841
736 828 541
737 299 326
738 920 268
739 779 604
740 138 240
741 535 599
742 696 838
743 1000 437
744 216 723
745 708 347
746 564 761
747 231 90
748 891 559
749 708 868
750 366 37
751 478 783
752 526 253
753 826 478
754 289 214
755 367 775
756 56 984
757 340 148
758 187 898
759 33 604
760 670 634
761 969 939
762 559 292
763 241 700
764 329 624
765 706 213
766 970 620
767 8 307
768 295 345
769 25 180
770 835 932
771 381 524
772 83 28
773 602 921
774 400 38
775 893 861
776 37 606
777 504 53
778 940 425
779 484 17
780 126 609
781 981 851
782 937 162
783 743 920
784 983 249
785 431 434
786 460 330
787 607 735
788 187 35
789 72 582
790 208 1
791 146 447
792 267 911
793 813 510
794 246 508
795 463 454
796 99 484
797 432 428
798 642 221
799 259 94
800 577 221
801 252 261
802 55 659
803 217 199
804 89 960
805 568 336
806 195 33
807 974 688
808 791 18
809 179 67
810 779 253
811 838 783
812 909 831
813 818 603
814 411 51
815 484 152
816 670 558
817 251 21
818 804 16
819 268 777
820 61 705
821 904 229
822 33 10
823 181 791
824 611 385
825 855 284
826 195 494
827 760 167
828 700 52
829 11 39
830 668 532
831 354 965
832 729 115
833 631 860
834 328 732
835 651 833
836 502 472
837 420 404
838 464 114
839 377 767
840 650 214
841 765 307
842 962 164
843 915 55
844 48 633
845 534 749
846 224 277
847 587 621
848 238 777
849 343 363
850 361 478
851 315 797
852 602 659
853 675 930
854 509 549
855 654 496
856 248 937
857 534 827
858 419 339
859 733 641
860 125 543
861 994 63
862 594 162
863 187 142
864 715 756
865 404 196
866 196 590
867 408 454
868 580 243
869 851 216
870 216 964
871 736 990
872 491 870
873 881 899
874 977 829
875 25 737
876 658 483
877 703 634
878 286 911
879 938 935
880 78 213
881 536 989
882 482 68
883 612 628
884 421 750
885 986 660
886 722 949
887 978 346
888 987 884
889 614 244
890 742 467
891 250 639
892 617 69
893 601 285
894 903 658
895 808 12
896 794 942
897 816 309
898 498 665
899 770 371
900 241 835
901 930 274
902 814 50
903 939 508
904 896 761
905 890 419
906 125 778
907 580 851
908 77 722
909 619 48
910 943 658
911 434 529
912 117 868
913 561 495
914 344 367
915 651 290
916 85 620
917 49 603
918 73 2
919 418 410
920 79 525
921 786 499
922 192 768
923 98 727
924 673 168
925 562 240
926 173 122
927 295 533
928 141 206
929 554 232
930 918 243
931 759 734
932 339 380
933 596 564
934 535 942
935 368 793
936 736 500
937 28 142
938 610 231
939 65 607
940 611 361
941 78 319
942 824 852
943 959 634
944 558 152
945 16 668
946 790 873
947 850 209
948 306 288
949 676 545
950 872 92
951 605 176
952 959 989
953 933 3
954 770 361
955 972 477
956 683 611
957 883 99
958 976 502
959 874 933
960 358 529
961 130 374
962 558 983
963 241 47
964 856 28
965 730 811
966 946 210
967 943 828
968 941 421
969 869 820
970 938 16
971 409 686
972 736 32
973 172 781
974 82 765
975 435 736
976 0 437
977 536 191
978 636 32
979 1 64
980 825 203
981 474 525
982 545 654
983 456 549
984 706 116
985 771 500
986 812 598
987 321 45
988 51 59
989 737 22
990 575 844
991 168 925
992 690 822
993 968 939
994 366 285
995 12 630
996 947 11
997 377 817
998 180 722
999 211 825
168 249
279 485
446 839
85 947
761 993
368 820
176 853
240 424
296 708
537 930
124 598
138 977
21 353
439 559
366 891
506 660
539 697
350 981
349 529
47 497
849 914
130 925
245 948
778 968
304 498
233 519
759 776
432 881
206 492
470 528
16 783
370 956
294 320
66 141
293 651
153 656
40 781
818 895
474 508
17 633
30 796
422 976
248 364
407 592
118 231
272 310
152 329
41 526
785 797
3 703
17 864
268 892
837 919
236 608
208 630
176 665
20 988
396 454
589 697
698 824
572 944
564 972
81 423
139 469
600 910
869 947
89 110
33 303
39 389
428 625
115 639
418 999
255 321
500 716
3 824
85 869
421 891
27 266
149 363
67 365
45 431
490 587
458 707
583 829
665 853
78 926
813 986
660 762
298 443
148 477
257 483
173 702
337 734
326 899
130 929
243 385
383 542
151 579
359 778
788 806
284 621
362 730
587 772
468 799
283 893
162 295
226 346
339 494
203 519
907 990
45 566
46 661
548 835
61 307
223 325
408 442
380 630
409 647
399 675
731 805
189 826
53 208
107 292
99 301
76 429
169 437
685 751
217 765
512 789
329 844
137 904
364 936
546 959
577 961
317 969
338 474
525 546
354 548
517 669
464 710
541 929
633 864
405 895
348 402
227 535
544 887
80 406
255 682
164 378
274 567
539 589
588 611
295 946
899 954
183 212
105 214
127 251
366 421
490 531
420 574
588 600
371 673
972 989
451 874
384 889
203 233
254 376
970 996
6 571
506 762
44 782
798 840
181 882
12 963
119 648
486 874
250 303
341 875
148 476
345 440
333 683
722 855
65 98
112 118
234 316
664 693
41 908
233 671
631 827
152 844
925 929
431 947
320 622
735 742
729 832
116 864
562 902
418 452
386 750
738 901
564 989
567 596
206 851
193 573
372 576
721 831
85 431
77 435
134 511
642 695
693 720
82 782
585 809
507 850
46 906
359 968
47 418
413 744
395 780
33 96
130 541
427 751
435 847
358 641
244 763
191 804
776 917
11 676
650 714
107 392
467 476
509 520
725 945
369 428
270 452
373 684
294 622
640 656
3 698
755 839
33 250
140 396
574 637
472 639
159 277
343 434
78 545
382 586
405 818
82 842
256 896
162 946
950 957
808 818
204 914
369 625
484 766
658 984
146 186
262 332
96 610
409 763
204 849
418 497
205 690
446 755
91 768
823 973
115 158
258 560
521 561
507 591
511 696
703 824
855 876
204 932
123 936
889 938
22 238
171 637
437 745
314 380
458 745
687 846
914 932
291 966
953 970
383 559
452 999
60 992
56 113
409 565
388 717
156 728
140 454
492 851
208 380
246 390
387 450
212 557
457 561
349 780
440 812
185 853
247 885
816 949
552 960
112 231
308 928
153 640
4 406
221 478
579 848
596 998
8 423
63 445
104 459
415 488
338 508
237 531
321 682
412 706
515 889
41 923
466 984
61 191
63 446
16 654
490 772
261 361
431 566
397 883
921 985
158 639
260 707
248 936
4 80
228 436
33 610
53 630
640 825
176 185
147 369
55 484
531 587
460 817
97 893
830 949
287 415
383 439
128 632
586 836
515 938
3 118
77 195
319 330
430 727
268 909
588 910
353 911
218 701
52 845
526 908
519 671
481 832
70 906
503 937
243 354
118 698
31 820
611 943
164 990
308 312
194 415
172 539
422 569
63 839
58 841
96 873
666 903
45 947
117 536
290 547
395 727
759 917
256 310
40 451
332 623
565 763
322 764
354 833
729 984
953 996
45 85
94 619
247 807
691 841
209 897
316 959
297 328
345 775
321 784
466 832
305 894
541 925
50 217
11 328
292 392
392 545
71 635
211 323
417 655
398 736
401 897
917 939
183 557
179 591
175 612
219 684
431 869
456 954
111 273
119 543
479 730
397 530
275 578
147 625
358 773
497 999
17 134
25 34
425 678
330 872
17 116
123 364
258 468
401 581
5 602
568 744
774 814
118 824
9 890
312 928
47 999
194 287
99 360
394 556
654 783
113 917
742 992
236 394
118 703
312 740
337 741
672 880
215 635
79 907
525 959
186 618
51 643
203 671
351 683
143 157
31 368
229 556
98 570
261 584
274 596
661 906
849 932
326 954
178 974
243 548
478 691
112 703
8 81
305 339
117 416
316 711
354 835
190 367
194 538
666 680
658 729
430 780
329 802
38 132
427 685
634 865
766 943
862 951
144 465
426 535
341 713
156 389
638 666
129 242
82 261
137 454
543 648
522 748
529 780
152 802
211 852
808 895
755 935
512 939
595 950
6 534
612 753
342 826
86 878
197 943
223 978
29 562
449 694
466 729
541 800
659 901
21 911
868 925
191 307
160 616
109 219
122 259
127 289
159 416
31 526
231 698
192 375
451 486
569 706
234 770
279 997
613 655
605 815
349 395
600 611
6 32
256 272
334 386
361 584
652 730
97 283
44 584
563 687
698 703
590 733
734 741
169 745
356 769
531 772
452 900
526 923
48 991
20 27
96 303
493 920
131 925
334 987
523 667
792 878
222 918
476 477
28 709
235 709
52 746
390 772
504 819
243 835
194 488
138 489
250 775
345 812
96 250
4 267
280 330
131 868
485 997
169 174
270 418
411 552
134 633
645 685
60 696
664 720
307 804
610 873
711 959
289 524
391 627
261 842
117 159
352 465
60 532
172 697
737 768
188 830
128 460
735 992
265 699
40 874
491 952
638 955
102 103
158 215
113 759
530 883
601 604
821 930
884 975
3 112
282 454
104 477
64 575
144 634
676 810
103 173
161 421
245 627
180 692
113 776
88 420
395 430
292 545
488 683
193 786
459 477
416 792
306 860
588 943
378 990
551 634
671 712
115 472
427 645
154 975
189 253
292 298
189 342
148 459
1 681
130 868
270 900
161 366
262 623
599 652
163 630
410 662
68 787
35 930
627 948
58 174
58 221
51 335
35 537
99 708
20 237
174 437
545 926
19 93
116 633
451 781
53 163
489 977
163 208
109 346
565 647
700 807
161 891
94 201
80 267
628 635
327 663
205 673
707 745
200 867
164 907
892 909
225 524
547 756
3 231
18 485
394 608
549 657
57 669
481 729
475 784
151 848
626 860
79 365
232 535
182 941
569 976
373 412
649 750
515 798
32 534
265 559
231 824
44 82
78 298
205 371
260 458
0 670
543 753
499 599
218 843
908 923
16 441
303 610
185 665
61 804
232 379
429 582
466 644
133 646
441 654
698 940
221 593
308 614
58 691
649 695
130 800
537 821
74 125
49 141
123 248
18 267
333 488
142 786
600 943
325 978
253 342
232 426
688 965
469 998
136 145
147 428
206 619
66 735
512 917
666 958
32 297
542 559
216 822
103 872
137 396
197 494
197 600
647 763
714 809
237 988
18 279
321 475
252 668
313 684
800 868
460 963
180 971
158 472
492 619
314 630
500 631
221 691
301 708
125 749
45 869
311 869
781 874
432 962
31 41
129 150
500 534
198 742
252 843
62 166
395 529
585 714
66 749
74 210
195 435
59 248
99 296
47 452
310 896
39 156
23 238
114 483
65 570
575 749
434 838
77 852
134 864
797 919
394 933
881 962
651 850
260 264
290 756
385 835
298 545
38 594
420 637
207 736
537 738
343 882
198 965
832 984
130 131
135 304
9 383
113 512
7 597
362 652
584 782
587 918
540 919
384 938
27 988
465 634
231 703
15 505
524 607
727 780
171 574
611 885
680 903
148 467
179 507
344 510
7 580
480 737
105 754
173 872
820 908
909 978
157 479
413 568
84 594
479 652
234 711
382 836
645 751
53 380
439 542
255 784
636 803
771 960
488 538
200 540
271 908
327 961
25 340
354 385
265 439
107 545
214 712
404 865
128 963
269 303
384 515
410 711
299 758
916 939
922 973
84 171
14 553
352 605
203 636
141 749
824 940
9 542
114 636
260 689
362 732
132 921
38 59
288 290
263 352
351 488
385 548
613 773
591 850
11 297
125 575
202 624
15 759
242 773
261 782
31 908
267 485
109 684
155 184
126 336
181 343
123 377
135 498
525 610
599 688
546 711
77 847
722 876
567 998
69 391
800 925
237 490
201 619
328 676
35 821
67 164
49 74
125 141
89 572
464 672
863 926
54 87
310 770
195 982
267 279
296 301
312 614
621 794
112 824
102 173
37 480
566 947
270 999
140 282
614 740
85 980
36 65
75 448
368 908
680 958
452 497
299 674
102 702
548 833
362 479
35 738
220 761
316 770
293 850
210 853
525 873
2 135
239 427
196 508
433 622
200 785
84 739
50 765
137 282
168 362
85 566
782 842
611 910
298 926
738 930
104 148
214 671
258 799
86 254
47 270
316 546
280 553
387 894
419 986
227 426
955 958
67 79
172 589
161 647
134 696
112 698
650 747
272 770
111 846
319 872
823 922
800 929
79 990
301 360
244 409
60 511
293 771
704 905
255 475
73 554
460 632
65 718
583 979
19 158
149 199
188 722
694 819
935 997
947 980
413 998
34 340
127 607
31 355
489 541
244 565
200 919
455 688
471 815
847 883
445 884
456 899
789 939
249 362
187 467
175 542
82 584
4 669
595 690
448 898
150 962
220 993
114 257
169 593
444 892
457 521
92 702
103 702
214 754
641 773
816 830
197 910
97 384
282 396
292 443
459 476
413 596
499 688
405 808
12 817
306 493
305 494
264 521
215 628
540 837
179 867
151 568
302 657
49 66
46 70
276 348
199 363
379 426
17 511
272 578
511 633
55 766
237 772
449 900
531 988
715 743
145 870
760 956
13 126
133 663
200 797
490 918
20 266
116 609
565 744
571 765
176 210
88 574
264 689
441 783
777 882
46 178
12 460
26 631
570 718
732 942
245 391
30 408
797 837
434 882
696 965
670 700
362 811
28 235
277 416
32 571
253 826
489 929
470 968
532 992
251 289
222 390
455 499
466 658
393 659
66 742
802 844
528 968
829 979
132 985
216 829
59 364
61 555
141 735
398 793
400 797
454 904
311 947
390 587
334 750
440 775
125 210
237 587
64 749
39 165
109 226
154 645
294 757
213 767
397 847
179 850
249 969
271 974
243 365
313 373
562 667
659 738
400 795
324 888
785 919
33 873
234 959
534 716
32 765
365 833
435 883
638 903
150 934
715 955
139 998
44 261
33 269
232 444
453 544
651 771
222 772
839 935
24 167
191 367
447 552
67 243
173 319
351 415
250 610
350 615
526 820
272 896
178 906
378 907
66 125
381 393
437 458
146 686
155 748
595 957
516 960
29 667
276 710
168 732
656 825
482 880
85 311
197 588
335 643
246 719
534 827
713 875
638 958
160 326
74 665
210 665
114 863
772 918
817 963
280 872
98 896
15 113
163 380
534 571
243 833
776 939
72 962
696 992
115 215
42 334
197 339
333 351
208 314
283 384
411 447
270 449
70 661
273 846
484 943
168 969
198 992
311 431
175 753
730 811
722 830
67 907
83 937
24 277
227 658
868 929
196 474
568 579
589 643
611 766
747 799
416 878
78 443
586 795
255 291
63 755
318 788
541 868
15 776
267 406
317 440
442 626
422 706
446 935
313 412
222 587
263 605
109 213
198 455
20 531
192 646
585 650
233 712
41 820
658 832
263 838
588 885
365 907
97 131
67 385
287 488
247 611
534 631
249 732
135 845
29 902
293 960
14 280
219 373
34 629
573 786
910 943
615 981
268 444
270 497
412 569
704 778
400 785
108 767
86 376
96 775
59 420
9 439
4 517
352 551
247 588
631 716
6 765
144 865
612 921
869 980
227 984
289 607
78 292
527 532
417 613
270 694
776 844
351 890
590 912
793 921
188 949
347 957
701 964
455 965
598 976
228 538
217 571
318 724
184 494
124 675
168 811
7 42
107 298
249 317
78 392
275 438
672 710
18 286
113 789
249 811
258 597
5 670
291 682
131 929
440 969
313 706
172 273
144 315
58 478
368 526
56 512
197 611
513 752
257 863
182 213
421 592
153 825
339 894
556 933
113 939
911 983
42 987
222 246
445 446
72 462
519 636
303 775
181 777
203 803
441 896
392 585
172 687
239 751
33 775
664 791
725 802
471 838
528 778
819 848
981 983
15 56
93 284
164 365
13 414
71 507
371 690
359 704
308 740
844 917
165 389
682 784
219 313
315 404
143 479
57 517
11 716
221 841
391 948
92 102
55 184
168 317
465 551
297 765
573 858
415 538
76 582
500 827
879 993
146 618
42 649
443 926
365 385
132 398
124 399
30 493
163 529
9 559
382 615
408 626
386 649
412 684
730 732
470 778
612 793
396 904
89 944
266 988
93 215
41 368
40 486
807 885
371 950
188 377
327 577
174 593
546 662
785 867
236 933
877 956
489 513
686 705
418 900
153 311
256 441
719 724
304 746
622 757
436 876
67 990
265 383
468 560
264 707
445 839
112 146
101 726
693 796
227 232
88 248
366 414
60 742
497 823
859 877
416 536
246 724
132 793
468 597
602 670
186 686
336 794
705 913
101 106
116 134
354 365
185 372
109 373
71 628
319 702
537 901
704 968
566 869
56 917
209 401
443 545
486 550
545 585
326 616
643 697
382 795
435 852
844 939
3 940
561 940
652 732
144 404
169 458
406 669
563 846
789 917
110 572
593 606
664 796
702 872
22 443
121 473
74 853
761 879
185 210
539 643
91 737
163 349
560 580
486 967
45 980
191 555
319 617
241 685
318 719
370 760
197 766
74 141
467 477
124 976
644 984
74 176
220 324
127 524
598 675
120 810
151 922
129 934
285 989
250 345
175 383
521 689
666 955
900 999
503 769
723 862
264 458
469 596
35 656
97 868
10 983
305 387
466 481
11 810
478 841
694 848
414 891
310 578
320 757
408 796
370 877
581 897
171 420
349 430
187 459
415 683
98 718
516 771
785 837
240 905
274 998
174 221
229 394
24 416
450 495
388 520
268 653
56 759
515 840
188 855
389 728
546 873
298 392
399 598
518 842
759 939
137 140
19 472
419 594
655 665
596 744
419 813
200 837
792 856
78 863
306 920
161 409
801 846
457 940
173 330
108 348
56 789
187 476
141 742
742 749
746 845
868 938
117 277
181 434
269 610
100 433
650 809
690 950
11 32
216 583
480 627
163 780
444 909
480 948
86 536
526 558
852 883
213 346
759 844
309 887
14 617
511 864
76 126
82 361
114 519
360 708
578 770
246 772
284 794
278 840
77 883
150 242
32 500
673 690
198 696
384 893
315 340
215 639
642 649
519 712
486 781
788 809
282 904
620 904
411 927
760 877
224 931
343 838
365 990
758 991
523 673
431 980
278 924
317 345
501 503
316 525
623 728
168 730
202 996
311 821
43 68
79 164
114 203
77 211
71 215
276 464
218 595
436 618
32 716
60 735
375 740
56 776
551 865
901 930
411 960
57 406
525 662
195 847
83 769
57 225
166 400
344 429
233 636
619 851
92 173
41 271
244 568
558 923
229 933
759 995
277 679
438 775
798 938
108 276
459 467
96 525
309 544
520 717
361 842
781 888
59 936
890 936
739 986
37 111
115 628
833 835
350 983
629 994
12 128
385 527
50 571
185 576
546 610
30 664
105 671
525 711
512 776
601 791
318 806
47 823
71 850
723 951
58 593
105 712
728 859
326 456
25 573
465 605
198 735
384 868
259 692
0 282
333 538
236 556
117 878
536 878
744 763
584 842
280 319
348 464
26 500
422 598
676 716
249 730
775 812
608 847
395 916
285 972
22 23
67 378
390 490
5 550
251 607
244 647
750 774
479 811
868 889
651 960
874 967
10 87
250 269
160 287
412 467
359 528
516 552
311 656
67 833
172 846
92 934
93 158
408 493
560 597
300 693
36 718
740 928
812 967
379 444
44 487
375 646
507 651
24 792
263 815
483 863
424 905
706 976
13 76
49 125
296 360
176 655
10 709
44 842
349 727
186 436
6 217
397 435
167 758
609 864
438 873
228 333
373 706
736 793
95 861
303 873
344 764
209 825
195 852
323 852
160 899
800 938
302 974
274 565
510 764
624 861
242 358
244 744
753 793
790 806
128 817
24 159
130 489
469 567
250 873
496 913
776 995
174 745
532 835
504 848
123 890
554 905
59 132
201 206
402 464
561 689
30 693
157 811
873 959
30 442
287 538
117 792
50 924
478 593
352 634
421 582
714 747
19 215
67 354
104 476
410 546
139 596
404 634
602 700
498 746
288 756
735 835
43 609
437 707
453 887
291 321
13 429
205 667
174 841
97 889
614 928
752 929
936 985
662 711
493 796
349 916
35 153
437 593
506 731
405 902
32 328
131 541
161 592
131 762
152 939
78 107
159 536
241 645
63 884
447 927
597 632
276 402
107 443
499 652
638 680
55 943
490 988
222 490
19 639
608 734
300 796
797 867
407 421
79 641
178 661
818 902
36 98
55 197
226 373
18 553
475 682
260 745
735 749
359 470
139 567
461 592
287 616
529 916
60 198
367 555
535 658
156 859
36 871
653 909
184 339
430 529
236 847
154 884
45 311
41 558
646 663
355 802
367 804
701 843
662 879
271 923
255 966
13 582
165 603
783 886
152 916
88 364
464 880
379 892
653 892
297 676
348 710
21 771
498 787
301 322
307 555
14 330
355 526
157 730
385 833
744 998
60 134
9 351
124 422
413 565
633 696
588 766
649 774
506 805
296 834
59 985
245 480
197 484
16 886
52 135
32 217
44 361
158 635
202 668
844 995
142 183
294 433
11 500
189 601
158 628
655 853
320 433
720 791
2 498
265 542
358 613
439 616
26 716
798 889
570 896
292 926
410 959
491 993
512 759
110 471
170 675
532 696
247 700
28 259
334 649
433 757
361 782
512 916
59 88
214 233
252 347
142 388
333 415
64 455
234 546
205 595
822 829
225 831
50 840
667 902
28 87
56 505
504 579
285 828
531 918
35 901
66 74
14 80
477 577
84 637
273 687
468 747
390 531
111 801
481 984
511 532
491 761
644 832
662 959
122 235
286 485
17 609
26 827
710 880
580 597
608 933
345 969
726 994
293 507
39 728
608 741
183 786
493 860
615 911
205 950
62 142
225 376
104 577
110 944
144 352
407 461
595 701
660 731
597 799
542 890
592 891
179 200
4 279
333 436
172 643
203 712
79 833
668 843
582 891
31 923
248 420
4 485
86 792
40 888
196 338
104 720
660 805
90 823
83 503
144 551
556 608
494 894
38 985
201 449
15 917
175 921
583 988
346 373
413 567
329 725
392 926
58 169
114 233
338 680
717 731
100 757
304 787
275 873
703 940
94 206
480 768
733 912
238 928
118 940
53 314
862 944
4 57
138 541
346 684
81 813
268 978
154 241
279 286
449 452
716 827
885 943
903 958
392 809
576 886
511 965
139 558
588 807
806 809
583 822
447 960
163 314
406 517
179 651
17 696
377 936
76 344
386 987
19 115
59 574
247 600
785 795
393 901
148 187
27 237
373 467
84 419
398 419
379 535
552 771
693 791
159 792
23 482
511 992
225 289
22 298
38 398
548 735
377 683
618 686
119 753
708 834
26 980
566 980
565 568
481 658
101 858
331 360
96 438
387 495
88 637
3 678
678 703
300 720
275 770
131 800
167 856
329 939
70 973
364 985
37 737
769 937
632 963
679 999
195 211
414 421
161 461
201 492
267 553
264 561
479 599
80 669
529 727
489 925
945 995
2 304
57 376
20 490
1 549
93 621
463 774
329 776
491 879
752 925
52 304
193 858
390 918
346 941
103 330
94 492
78 585
132 594
146 703
271 820
283 889
65 896
277 900
106 914
293 552
59 594
111 687
519 803
0 5
37 273
219 346
151 413
90 497
601 826
269 879
694 900
895 902
674 912
278 951
535 984
266 374
364 377
253 626
306 626
330 702
94 536
383 890
330 617
474 680
459 720
328 810
274 413
226 684
568 763
830 855
96 269
271 368
648 753
12 806
600 885
152 917
737 948
444 978
238 443
271 526
171 594
560 799
150 881
337 982
559 699
169 707
599 730
726 858
679 900
90 674
359 715
130 752
48 758
217 297
559 616
538 683
49 833
231 940
42 386
256 654
239 685
129 773
663 961
734 982
18 997
402 710
278 798
739 813
329 917
770 959
194 333
133 375
237 390
194 683
419 739
198 749
42 750
353 771
678 824
90 999
207 398
613 641
667 673
689 707
188 876
616 899
37 91
203 214
288 367
244 461
365 548
270 848
690 902
579 922
257 926
7 987
55 508
579 819
844 916
71 591
543 612
393 738
371 957
184 196
187 300
33 525
490 822
223 909
363 777
442 796
646 941
475 966
25 193
808 902
61 367
97 762
6 297
6 500
288 547
143 224
322 331
162 578
366 592
565 596
452 679
42 695
465 865
450 894
202 970
494 600
233 803
69 245
35 311
392 443
210 575
151 744
482 928
445 975
600 766
126 429
53 529
366 582
620 811
355 820
184 197
80 553
1 657
627 801
623 859
102 872
916 917
169 221
205 523
542 612
198 688
274 744
409 744
69 754
152 776
55 196
775 873
38 921
329 995
532 735
247 910
248 985
365 378
231 689
689 698
575 783
788 790
942 946
894 910
689 940
226 941
591 867
644 729
106 849
494 943
802 945
682 966
77 982
256 770
378 857
140 812
24 856
789 916
673 950
246 587
347 950
911 981
149 777
494 910
541 977
304 845
202 861
333 377
696 742
108 402
323 498
285 564
135 746
712 754
487 782
540 797
632 817
496 854
88 949
645 975
353 983
259 331
371 595
439 699
160 954
684 706
86 117
214 519
795 797
610 959
134 609
241 751
461 763
37 768
205 902
668 970
243 527
352 815
835 992
607 831
194 351
257 747
64 125
374 937
183 193
165 760
611 807
527 835
822 918
628 639
419 736
756 804
456 841
162 272
434 471
278 723
140 967
847 852
18 80
186 228
161 407
187 569
98 256
207 522
258 580
484 611
562 818
657 875
355 368
58 437
225 607
524 831
339 910
4 18
147 230
328 478
254 536
224 633
199 653
500 676
321 966
142 193
235 259
30 300
182 346
263 471
291 475
205 562
366 647
636 671
714 788
291 842
347 843
47 900
405 964
60 965
70 178
618 876
213 226
150 432
84 574
109 767
711 770
777 779
671 803
828 972
112 186
57 254
571 644
185 655
66 992
272 275
316 410
190 555
355 558
175 559
7 560
115 635
161 763
317 775
140 904
923 974
327 335
128 799
714 806
248 377
225 721
329 916
103 319
295 654
567 744
414 866
75 241
271 302
43 527
137 620
257 650
562 808
550 874
271 875
185 886
501 937
223 444
89 471
240 554
812 969
965 992
251 524
408 664
390 724
610 775
649 814
201 851
143 931
438 942
692 971
892 978
452 694
195 734
56 939
587 988
234 310
307 357
329 759
417 462
24 679
128 597
426 723
118 146
253 442
227 466
311 566
483 747
455 599
273 643
152 725
236 734
47 848
75 898
572 977
695 814
856 870
213 219
339 600
638 715
390 719
242 613
577 663
489 800
786 858
41 355
565 567
54 337
49 354
69 627
62 786
408 860
46 974
356 402
86 416
229 496
49 548
141 575
93 635
655 773
545 809
317 812
79 378
412 422
215 472
424 502
106 540
413 922
612 985
287 351
410 525
273 539
67 548
335 589
530 847
15 995
303 345
268 379
242 462
344 582
738 821
138 929
350 382
228 488
470 502
471 605
174 691
171 739
540 785
29 808
241 845
6 50
197 305
116 511
337 608
489 752
636 863
377 876
770 896
521 915
374 979
267 997
625 721
131 752
389 877
606 915
632 987
14 319
507 635
153 869
53 349
317 438
449 819
734 847
521 940
776 789
6 827
854 981
99 331
250 440
96 546
609 633
320 642
74 749
720 796
687 801
568 848
333 876
780 916
47 90
442 493
487 566
34 726
162 654
475 901
107 585
591 628
35 640
107 177
175 265
157 362
762 893
350 911
462 962
52 498
536 792
350 854
131 893
179 293
83 356
57 524
297 534
330 553
66 575
582 592
281 607
482 672
299 679
236 741
407 891
30 920
279 935
508 680
245 737
264 745
364 890
283 915
55 494
532 742
107 926
329 945
113 505
20 583
49 735
815 838
709 983
131 660
593 745
188 816
795 836
668 861
298 863
159 900
63 935
14 406
425 703
57 80
219 226
371 523
475 537
424 554
138 572
154 685
87 709
6 716
70 733
695 750
391 801
396 812
389 859
889 893
48 299
301 331
364 420
436 855
885 910
820 923
442 664
766 885
647 891
111 172
172 563
190 677
219 767
134 532
807 910
82 291
254 878
793 985
755 997
162 256
178 271
77 397
80 517
436 538
586 615
507 628
591 651
445 755
204 768
485 935
92 129
930 966
585 926
908 974
668 996
111 480
871 886
497 922
286 997
163 430
555 804
133 192
99 322
72 432
58 456
263 465
209 581
362 599
415 616
509 717
227 729
277 792
210 886
644 924
722 949
742 965
218 252
122 331
146 436
562 690
840 938
21 983
2 75
234 272
2 323
95 361
532 548
51 589
398 594
42 642
28 692
152 759
800 889
345 438
297 716
600 807
497 900
579 744
405 562
683 890
90 418
420 594
504 694
332 728
8 813
106 932
69 948
222 531
263 551
20 587
267 669
31 802
691 810
725 844
22 863
129 358
187 477
324 761
23 443
174 456
435 734
54 741
670 807
47 922
168 942
240 502
200 591
423 813
498 845
101 849
218 964
175 439
256 578
438 578
493 626
541 752
181 779
696 864
433 865
104 961
890 985
593 691
540 867
228 876
514 677
418 679
530 760
724 788
10 28
59 123
74 185
187 412
409 461
201 536
574 594
552 651
97 660
300 664
531 822
418 823
281 831
497 973
3 146
88 188
190 191
7 258
79 358
128 468
91 480
388 509
31 558
613 665
534 765
250 812
475 930
451 967
33 345
442 860
572 862
428 878
747 963
131 384
274 409
151 504
594 739
513 929
213 941
163 395
305 450
453 470
118 689
679 758
641 833
232 892
537 966
435 608
414 582
207 748
249 942
661 973
105 233
261 518
234 525
469 558
502 887
247 943
211 435
184 484
155 494
267 517
155 522
148 577
224 599
196 680
240 704
49 749
443 863
400 919
97 938
857 990
28 122
133 327
123 351
230 369
48 555
413 579
539 687
727 789
27 374
421 647
781 967
88 123
453 528
133 589
224 688
652 688
386 774
372 853
727 916
97 925
22 928
772 988
324 993
5 282
38 420
274 469
226 476
417 665
32 676
318 790
384 798
587 822
645 884
660 893
80 485
11 534
365 835
177 237
176 417
16 575
715 778
260 521
212 786
92 103
385 532
42 580
644 658
88 936
829 988
64 198
193 212
146 231
304 323
351 377
483 519
66 548
407 582
563 614
759 789
368 923
678 940
499 965
929 977
944 977
109 313
138 513
251 617
654 896
176 372
423 450
120 676
458 689
585 788
762 805
542 921
80 279
411 516
74 575
569 598
274 647
528 715
680 955
906 974
55 474
312 482
297 571
294 642
228 683
328 716
576 871
725 995
484 508
326 699
731 762
325 909
178 923
340 629
678 698
604 791
96 345
315 465
433 551
239 645
222 719
573 726
377 855
562 895
78 257
104 467
311 640
667 690
166 837
867 919
340 404
250 438
82 518
695 774
533 791
753 921
2 982
435 982
50 278
580 757
108 213
237 266
236 397
29 523
292 585
228 618
545 863
441 886
229 913
101 914
513 977
81 986
497 848
0 137
155 196
66 198
175 543
273 697
5 700
368 725
674 733
742 835
400 837
618 855
600 894
903 955
843 970
105 203
170 300
238 482
25 726
381 825
823 999
366 407
293 447
221 606
306 727
224 864
34 994
152 995
170 399
3 425
382 981
542 985
307 367
98 441
139 274
254 669
60 835
690 957
38 84
174 478
461 647
323 787
131 506
73 581
413 763
20 772
162 310
717 805
796 920
138 944
38 248
504 568
316 873
75 135
599 732
477 961
86 428
467 706
750 987
303 525
208 529
533 604
25 629
404 629
209 640
141 548
159 878
597 987
917 995
451 550
6 631
305 910
31 271
379 723
727 860
515 868
275 310
195 337
90 973
152 355
496 556
70 823
167 870
412 476
161 565
856 878
197 894
398 921
103 857
142 212
146 228
84 420
150 462
226 467
373 476
424 704
192 740
478 810
463 814
66 835
72 881
439 890
246 918
599 965
821 966
40 967
175 985
194 228
36 570
523 562
6 644
49 665
377 722
479 732
368 802
457 893
339 943
225 254
328 765
715 968
98 310
143 730
17 224
354 735
12 788
67 835
113 844
124 569
159 679
12 790
417 853
825 897
391 754
802 820
141 992
575 654
579 694
505 759
275 316
198 511
435 530
594 637
492 935
120 980
242 641
50 798
571 924
347 595
483 636
238 298
219 412
185 417
550 602
175 793
136 870
180 259
244 413
156 623
132 736
407 764
766 910
578 946
47 973
124 170
689 824
57 289
297 500
254 517
383 612
725 820
174 954
182 226
310 441
168 652
30 720
166 797
368 875
699 899
483 926
656 821
315 865
59 921
104 187
177 292
157 652
446 884
483 650
49 210
528 743
840 889
10 54
19 284
236 435
369 856
848 922
46 923
234 410
315 634
696 735
652 811
868 893
558 908
418 449
310 570
293 591
160 415
387 423
302 549
282 550
125 665
123 683
133 697
376 878
881 934
934 962
134 965
548 992
178 302
155 339
12 632
248 574
499 732
217 840
82 966
906 973
287 683
750 814
305 423
221 437
502 528
444 535
288 677
114 803
678 805
29 818
165 877
839 884
372 886
0 904
22 926
14 267
243 532
615 795
154 427
280 617
428 721
397 852
112 940
690 964
283 457
413 469
227 644
376 669
514 681
12 714
559 890
170 920
162 942
299 991
397 608
635 639
475 738
218 950
902 964
356 464
371 667
51 697
713 725
732 811
110 815
790 817
564 828
568 922
275 942
844 945
96 959
79 354
224 479
0 700
38 793
151 819
153 821
131 283
351 538
672 769
775 969
239 286
246 490
0 602
457 805
167 991
117 201
227 379
300 459
27 531
363 653
418 694
688 696
647 744
512 844
656 869
633 965
922 998
38 419
97 506
828 989
77 323
249 652
288 804
713 945
129 962
93 115
241 427
34 573
469 661
81 450
313 569
256 570
84 986
47 151
79 243
322 407
494 588
687 697
678 731
24 117
306 408
401 456
484 588
195 883
616 954
72 150
418 848
125 853
156 877
412 976
295 578
595 843
576 853
499 946
425 509
335 697
208 349
24 758
546 770
138 800
94 851
13 866
39 877
105 519
294 580
156 165
322 510
176 613
436 683
593 841
615 983
296 461
341 657
355 908
417 773
49 835
131 889
806 963
591 635
164 857
54 898
238 308
33 438
51 539
32 631
384 800
141 835
506 893
97 130
112 228
527 548
457 689
674 758
604 826
820 875
578 942
123 985
277 536
568 596
95 668
114 671
210 783
152 945
41 974
141 210
404 465
595 673
561 698
147 721
116 931
811 969
898 982
459 693
291 782
395 789
43 134
123 188
529 630
93 639
632 799
549 875
16 256
182 276
164 385
71 447
174 458
142 557
570 770
449 848
121 881
440 967
91 204
396 440
60 527
356 672
595 964
168 479
234 570
207 793
275 959
274 380
187 706
27 177
120 209
468 632
316 662
190 288
233 483
467 569
635 850
236 337
394 741
283 868
166 520
409 568
104 693
461 708
88 830
248 890
166 919
842 966
176 576
234 578
47 579
130 138
195 323
33 546
132 612
125 735
210 749
425 824
317 942
1 302
661 923
115 932
331 971
272 295
38 364
743 955
550 967
94 117
426 444
724 809
925 938
782 966
265 616
125 176
20 177
455 749
229 236
552 927
272 441
203 483
78 650
537 659
408 693
388 731
455 742
585 806
89 815
9 936
568 998
140 440
317 732
548 742
32 827
530 852
714 963
513 541
342 794
454 812
864 931
249 479
279 517
77 734
802 916
9 175
173 280
256 295
260 437
406 553
273 589
305 600
59 637
545 650
64 654
491 662
627 737
53 780
217 924
202 953
134 992
234 275
103 280
140 550
189 604
605 838
242 934
130 938
42 597
153 947
205 957
610 662
430 860
336 927
673 957
148 226
218 347
170 598
88 816
416 856
838 882
860 920
9 985
749 992
107 809
10 854
295 942
310 316
366 409
507 867
32 50
47 694
339 387
459 577
232 268
329 355
201 694
128 747
184 748
106 858
650 926
533 961
64 66
85 153
18 406
93 472
411 510
282 670
470 715
154 751
343 777
64 783
139 661
571 827
97 515
27 583
259 709
106 837
515 800
452 848
38 574
73 699
805 940
136 357
372 417
484 600
8 305
485 517
500 571
316 578
438 610
545 714
377 830
539 846
8 155
88 171
45 487
383 699
131 938
66 354
88 377
151 497
311 930
345 967
312 375
409 413
257 636
564 808
776 916
114 926
839 997
64 295
133 539
512 727
214 803
830 876
237 918
921 936
360 971
164 243
13 336
54 734
125 742
12 747
613 853
338 958
161 244
7 334
141 354
161 414
421 461
474 484
328 500
335 539
478 676
395 939
661 974
349 630
291 784
641 907
22 78
191 288
9 616
365 641
90 733
771 850
510 516
144 605
671 754
357 804
253 408
373 569
105 803
78 809
39 859
700 885
218 957
96 275
274 314
341 368
438 440
406 485
383 616
100 622
494 766
746 787
337 847
377 890
893 915
362 942
979 988
447 651
142 717
46 973
141 198
272 316
61 357
484 494
111 627
433 634
306 789
610 879
76 927
799 963
279 406
531 583
13 891
778 905
325 444
376 536
55 611
353 615
467 684
505 776
62 837
160 194
376 517
487 584
400 586
524 721
683 876
561 915
267 286
180 331
283 515
211 883
895 964
287 333
322 344
356 503
273 801
20 829
83 374
274 763
301 764
372 665
716 810
853 886
16 896
8 986
649 987
4 997
314 414
142 573
347 584
540 591
23 928
6 11
639 932
800 977
952 993
191 756
337 435
246 531
502 544
428 856
447 850
654 886
625 878
109 182
121 432
21 516
217 534
127 617
7 632
262 739
283 762
223 828
286 935
761 952
177 266
65 441
339 588
143 652
744 922
446 997
565 998
91 472
15 512
146 824
283 938
90 299
348 356
9 415
478 606
196 748
151 823
269 873
779 882
841 897
905 968
270 679
819 851
64 141
106 204
223 268
13 366
35 659
64 742
752 762
642 814
658 828
432 934
850 960
136 991
269 525
86 625
102 857
252 970
341 549
4 553
186 703
240 968
246 318
285 325
289 406
189 442
395 512
335 533
563 801
409 891
264 915
659 930
206 935
286 427
263 434
436 488
250 525
68 527
19 635
768 849
27 979
75 845
65 256
732 969
449 999
9 265
76 336
55 339
49 742
120 869
633 931
654 946
271 341
179 540
837 867
525 879
301 407
0 454
494 611
551 622
557 752
840 924
311 980
239 553
497 579
232 658
122 709
541 938
130 977
266 979
466 535
370 816
9 123
81 387
481 644
143 811
119 905
49 176
132 248
79 385
244 504
130 513
190 514
26 534
311 537
375 614
656 738
592 764
351 936
438 969
423 986
4 14
7 468
391 480
291 518
43 532
690 701
184 943
650 963
23 298
431 487
470 743
434 777
270 819
424 968
14 872
833 907
166 785
543 793
62 858
396 967
169 260
257 519
60 633
428 792
656 930
397 933
17 965
802 995
17 60
184 305
320 580
184 766
857 907
116 224
409 421
458 593
384 925
264 457
380 567
442 693
368 713
341 820
49 853
821 901
473 934
160 437
495 620
367 677
160 745
724 806
227 832
369 878
715 958
396 969
293 516
253 601
182 646
535 729
270 579
762 925
228 231
213 276
82 487
166 509
275 525
29 564
889 925
420 936
11 478
98 272
102 319
354 532
511 609
21 615
537 656
3 689
392 714
258 747
2 845
415 890
63 975
822 988
22 308
109 412
70 90
2 211
266 501
94 517
224 652
122 692
386 695
118 186
361 518
511 742
106 919
196 484
169 606
277 452
409 596
194 616
24 878
29 895
465 815
157 620
607 721
167 792
115 204
95 252
23 501
77 530
37 627
12 650
678 717
302 875
71 158
129 462
213 684
281 721
589 663
11 765
352 838
176 886
59 171
16 210
10 235
169 264
183 573
622 642
127 225
303 438
204 639
208 780
318 809
394 847
352 865
523 690
615 836
224 965
66 210
55 338
126 582
518 682
256 783
169 841
850 867
408 920
138 925
944 951
208 274
534 644
78 714
488 890
272 946
303 440
328 691
561 824
242 962
132 364
78 483
105 801
794 826
346 476
262 728
644 827
278 862
58 954
152 512
409 567
314 866
364 921
802 939
216 979
265 326
331 764
197 885
451 888
800 951
854 983
237 246
239 280
328 534
272 570
473 617
9 683
616 699
557 786
578 873
113 995
71 293
235 353
90 452
327 589
551 605
549 681
457 698
630 780
38 936
594 986
275 546
151 694
269 775
240 778
384 915
457 915
71 179
506 557
364 574
48 674
303 812
286 884
196 903
733 906
283 660
772 822
362 969
71 93
139 413
47 449
354 527
229 608
271 657
650 806
186 876
383 921
355 923
851 935
383 985
55 155
308 482
426 658
722 816
99 834
553 872
297 810
260 561
149 653
279 669
771 911
89 977
10 981
306 442
276 767
628 850
192 941
359 955
226 477
353 516
590 674
190 804
762 868
295 310
200 400
274 630
16 64
425 520
359 638
257 714
513 925
818 964
60 548
71 651
499 730
697 846
113 916
847 982
490 583
571 716
97 800
517 997
157 224
272 654
43 787
650 788
15 939
148 961
266 583
472 628
394 734
13 421
346 467
220 491
295 499
322 592
310 654
118 678
497 694
204 737
141 833
130 889
208 567
381 640
702 934
694 999
322 360
198 532
485 669
31 725
686 913
768 914
855 949
424 778
292 809
61 190
162 275
6 328
455 696
243 735
525 770
650 799
223 892
456 897
555 912
784 966
235 983
492 997
483 799
226 412
489 868
2 195
222 237
223 285
343 471
196 522
686 703
431 821
359 905
430 916
17 931
112 686
401 825
35 393
533 601
247 766
713 820
65 871
711 873
102 330
281 403
