1000 4579 55.90169943749474 sparse
0 601 256
1 464 434
2 320 429
3 636 672
4 310 688
5 857 569
6 218 840
7 106 649
8 358 825
9 496 350
10 336 458
11 778 268
12 909 917
13 612 407
14 702 665
15 203 764
16 8 922
17 415 511
18 782 592
19 195 925
20 889 887
21 388 766
22 433 53
23 41 637
24 772 442
25 390 105
26 850 295
27 595 476
28 999 77
29 324 324
30 420 281
31 898 632
32 991 313
33 265 155
34 310 21
35 950 126
36 509 4
37 696 926
38 28 912
39 710 68
40 154 664
41 86 779
42 838 135
43 872 883
44 797 99
45 889 639
46 843 131
47 807 249
48 253 394
49 776 168
50 149 84
51 140 956
52 202 367
53 122 540
54 408 979
55 306 91
56 188 400
57 172 213
58 665 297
59 75 984
60 491 323
61 831 539
62 894 565
63 376 509
64 760 563
65 633 533
66 876 464
67 501 137
68 136 263
69 599 244
70 202 312
71 317 152
72 860 773
73 550 898
74 885 558
75 233 689
76 573 922
77 828 812
78 426 224
79 991 641
80 803 21
81 681 767
82 160 762
83 589 182
84 907 380
85 686 855
86 797 265
87 614 743
88 867 220
89 302 183
90 901 97
91 5 893
92 667 370
93 940 435
94 579 424
95 864 649
96 955 609
97 720 648
98 221 523
99 199 985
100 101 199
101 990 467
102 654 575
103 76 3
104 805 766
105 36 608
106 295 466
107 860 878
108 609 136
109 703 681
110 506 191
111 27 420
112 308 860
113 74 393
114 996 696
115 194 845
116 208 424
117 320 873
118 167 385
119 400 620
120 232 550
121 349 333
122 383 364
123 695 957
124 244 420
125 400 289
126 826 329
127 754 485
128 74 647
129 832 598
130 389 808
131 881 853
132 930 654
133 551 669
134 854 522
135 140 26
136 817 50
137 343 381
138 310 465
139 388 4
140 82 962
141 544 454
142 848 546
143 295 257
144 773 629
145 244 645
146 759 276
147 994 279
148 709 983
149 150 483
150 597 314
151 767 698
152 998 942
153 179 803
154 882 907
155 352 158
156 864 890
157 746 595
158 521 218
159 851 956
160 313 162
161 126 859
162 108 781
163 934 499
164 207 745
165 125 875
166 701 802
167 700 829
168 528 451
169 766 640
170 189 215
171 237 110
172 213 248
173 363 422
174 449 990
175 339 5
176 10 624
177 535 253
178 646 881
179 370 87
180 726 539
181 789 622
182 618 498
183 563 993
184 401 292
185 298 470
186 259 763
187 501 431
188 531 859
189 513 318
190 797 789
191 964 618
192 427 445
193 2 117
194 834 654
195 296 659
196 18 284
197 585 529
198 584 922
199 667 971
200 405 112
201 560 957
202 631 77
203 499 8
204 442 34
205 504 273
206 540 525
207 158 419
208 995 390
209 449 254
210 73 833
211 687 152
212 418 716
213 112 342
214 99 130
215 98 282
216 241 492
217 288 736
218 798 11
219 534 958
220 952 771
221 107 6
222 316 310
223 866 319
224 62 311
225 353 934
226 38 901
227 224 621
228 597 656
229 153 577
230 239 183
231 29 945
232 250 583
233 423 637
234 991 283
235 964 536
236 291 814
237 877 124
238 656 25
239 490 93
240 580 849
241 135 288
242 155 879
243 923 598
244 476 77
245 404 557
246 566 646
247 880 784
248 29 623
249 80 878
250 778 566
251 904 779
252 190 439
253 61 538
254 670 366
255 816 570
256 706 802
257 376 335
258 785 289
259 234 390
260 925 166
261 506 106
262 147 219
263 208 351
264 300 206
265 854 992
266 543 100
267 354 349
268 341 692
269 446 151
270 261 74
271 36 743
272 783 30
273 939 471
274 772 434
275 940 879
276 267 369
277 564 380
278 692 538
279 771 13
280 469 843
281 565 347
282 738 199
283 463 661
284 285 116
285 999 448
286 647 497
287 974 617
288 980 769
289 436 848
290 237 465
291 399 416
292 143 437
293 842 391
294 989 249
295 942 869
296 84 751
297 712 543
298 953 917
299 49 664
300 307 273
301 221 79
302 364 243
303 954 96
304 360 610
305 977 714
306 419 569
307 305 321
308 491 396
309 8 58
310 974 694
311 482 379
312 77 741
313 503 303
314 12 606
315 601 220
316 207 23
317 300 556
318 377 548
319 648 486
320 935 699
321 69 951
322 322 3
323 991 10
324 694 763
325 942 721
326 403 586
327 293 788
328 453 281
329 704 319
330 144 335
331 715 893
332 633 556
333 765 670
334 445 196
335 941 135
336 583 213
337 63 775
338 716 566
339 974 784
340 678 869
341 614 929
342 572 497
343 425 717
344 958 291
345 449 914
346 71 116
347 985 119
348 68 129
349 633 460
350 885 700
351 792 989
352 10 246
353 322 968
354 128 51
355 960 438
356 34 659
357 559 821
358 477 666
359 297 34
360 453 422
361 509 647
362 198 538
363 771 6
364 788 54
365 154 587
366 713 235
367 54 17
368 398 238
369 17 354
370 450 5
371 912 289
372 463 212
373 991 397
374 80 67
375 786 163
376 719 717
377 194 558
378 574 647
379 600 224
380 45 556
381 113 448
382 41 710
383 605 987
384 739 22
385 735 604
386 211 334
387 951 201
388 480 772
389 977 126
390 573 202
391 312 894
392 286 649
393 687 471
394 231 795
395 937 864
396 313 865
397 837 504
398 401 638
399 796 269
400 765 234
401 168 543
402 986 411
403 703 827
404 247 143
405 58 206
406 358 137
407 91 207
408 577 285
409 439 17
410 559 303
411 660 859
412 635 872
413 697 175
414 600 675
415 805 648
416 50 305
417 887 821
418 829 834
419 495 567
420 26 172
421 875 29
422 601 24
423 509 701
424 246 162
425 7 441
426 435 450
427 129 170
428 560 403
429 525 500
430 477 329
431 638 413
432 331 126
433 834 866
434 263 100
435 671 197
436 883 202
437 991 411
438 981 373
439 81 69
440 831 789
441 403 909
442 245 822
443 14 404
444 52 598
445 740 391
446 296 284
447 216 705
448 613 141
449 489 627
450 883 216
451 726 604
452 861 311
453 967 951
454 778 244
455 16 365
456 628 62
457 757 420
458 224 176
459 432 629
460 449 848
461 957 749
462 832 379
463 957 247
464 809 848
465 5 491
466 844 373
467 482 75
468 702 478
469 45 741
470 604 795
471 968 886
472 739 105
473 624 938
474 756 667
475 387 277
476 239 193
477 263 751
478 398 473
479 754 250
480 54 230
481 787 1
482 310 489
483 416 582
484 243 766
485 796 211
486 702 331
487 883 132
488 867 61
489 21 150
490 885 481
491 334 801
492 524 323
493 23 507
494 259 870
495 134 989
496 990 607
497 807 49
498 561 929
499 182 580
500 751 340
501 605 936
502 262 956
503 304 80
504 581 143
505 218 690
506 532 990
507 988 609
508 370 484
509 354 176
510 684 317
511 181 39
512 211 394
513 540 563
514 181 294
515 240 27
516 300 339
517 733 8
518 458 482
519 41 399
520 364 304
521 914 265
522 685 460
523 100 686
524 208 597
525 375 961
526 478 112
527 167 4
528 846 456
529 37 646
530 606 497
531 594 834
532 828 662
533 115 799
534 437 593
535 528 581
536 679 806
537 5 252
538 713 338
539 694 469
540 808 746
541 350 897
542 135 565
543 642 662
544 584 518
545 49 409
546 235 641
547 902 753
548 468 751
549 123 489
550 865 726
551 390 782
552 577 741
553 522 965
554 360 468
555 990 12
556 24 247
557 690 537
558 566 956
559 895 611
560 505 959
561 657 532
562 48 659
563 675 248
564 613 301
565 362 699
566 138 362
567 522 717
568 529 531
569 506 91
570 689 425
571 260 395
572 55 908
573 986 254
574 810 555
575 513 676
576 854 372
577 368 631
578 20 17
579 260 567
580 753 842
581 61 751
582 993 203
583 560 258
584 360 612
585 345 739
586 71 842
587 876 52
588 84 195
589 521 228
590 778 458
591 53 706
592 654 298
593 702 897
594 460 247
595 631 464
596 217 930
597 458 399
598 802 596
599 909 312
600 608 149
601 100 404
602 863 690
603 86 416
604 736 158
605 784 984
606 166 457
607 643 198
608 764 973
609 831 319
610 247 926
611 481 730
612 269 388
613 974 772
614 478 876
615 821 156
616 128 440
617 330 73
618 403 993
619 908 968
620 688 25
621 172 998
622 739 576
623 502 21
624 835 97
625 950 805
626 239 553
627 526 180
628 317 752
629 253 973
630 536 754
631 311 181
632 654 13
633 667 160
634 84 29
635 566 767
636 348 991
637 301 189
638 539 548
639 195 321
640 719 306
641 649 105
642 559 879
643 346 157
644 108 882
645 35 270
646 844 699
647 913 483
648 546 892
649 653 328
650 300 361
651 461 813
652 759 47
653 10 898
654 421 143
655 319 184
656 800 737
657 125 135
658 823 410
659 629 749
660 763 369
661 351 62
662 570 86
663 663 384
664 934 604
665 778 499
666 718 171
667 380 679
668 426 436
669 308 474
670 166 824
671 656 722
672 701 401
673 879 132
674 169 292
675 546 511
676 406 910
677 997 359
678 87 503
679 485 100
680 803 114
681 253 704
682 295 902
683 889 219
684 345 253
685 776 582
686 166 521
687 727 684
688 173 375
689 127 375
690 705 345
691 171 968
692 606 177
693 473 254
694 285 472
695 835 109
696 315 428
697 853 17
698 807 487
699 397 16
700 295 151
701 871 707
702 644 22
703 668 33
704 396 538
705 709 543
706 534 451
707 684 677
708 794 663
709 713 279
710 601 429
711 810 253
712 94 162
713 125 572
714 585 372
715 278 959
716 912 243
717 921 822
718 324 59
719 999 629
720 570 545
721 62 332
722 342 255
723 959 264
724 994 121
725 781 617
726 765 123
727 89 467
728 573 344
729 493 647
730 120 65
731 486 928
732 608 283
733 368 275
734 983 129
735 545 749
736 507 232
737 858 246
738 377 617
739 868 150
740 843 673
741 816 834
742 241 658
743 303 516
744 494 541
745 326 947
746 251 342
747 630 272
748 222 272
749 518 646
750 274 682
751 874 375
752 823 500
753 274 439
754 326 676
755 736 279
756 151 651
757 317 243
758 153 344
759 580 679
760 373 720
761 153 819
762 501 198
763 56 711
764 538 860
765 102 676
766 761 390
767 33 33
768 293 740
769 278 766
770 79 709
771 231 876
772 7 587
773 120 910
774 288 295
775 538 861
776 306 963
777 804 355
778 4 852
779 170 355
780 643 507
781 15 926
782 952 882
783 461 33
784 825 625
785 578 368
786 256 921
787 528 332
788 628 642
789 721 775
790 243 201
791 751 870
792 456 236
793 963 61
794 13 743
795 73 524
796 477 254
797 877 181
798 744 27
799 360 584
800 810 671
801 933 541
802 956 964
803 106 113
804 564 515
805 908 982
806 705 206
807 813 16
808 107 251
809 40 20
810 322 304
811 636 112
812 452 951
813 777 531
814 504 919
815 883 553
816 606 69
817 532 541
818 132 184
819 720 160
820 67 882
821 45 983
822 57 935
823 426 26
824 215 638
825 52 820
826 869 928
827 180 60
828 433 915
829 971 609
830 105 795
831 942 326
832 197 395
833 918 899
834 372 150
835 981 179
836 492 251
837 498 610
838 477 812
839 572 144
840 797 651
841 315 492
842 674 621
843 803 375
844 403 533
845 836 6
846 123 428
847 288 93
848 308 131
849 369 637
850 819 521
851 211 899
852 283 956
853 722 424
854 815 465
855 459 341
856 879 818
857 317 430
858 372 960
859 159 289
860 84 524
861 911 784
862 491 383
863 514 262
864 582 36
865 803 714
866 118 129
867 765 943
868 464 78
869 267 296
870 34 450
871 599 754
872 491 193
873 445 561
874 895 296
875 580 335
876 559 268
877 391 514
878 227 948
879 480 807
880 235 632
881 629 50
882 865 591
883 337 490
884 851 848
885 283 294
886 741 179
887 414 158
888 218 556
889 989 19
890 442 751
891 633 975
892 172 224
893 724 423
894 274 37
895 992 663
896 181 340
897 906 926
898 826 503
899 942 593
900 366 891
901 264 727
902 778 586
903 124 760
904 100 390
905 965 527
906 540 332
907 437 439
908 606 397
909 138 516
910 947 153
911 461 316
912 83 412
913 504 818
914 826 751
915 614 152
916 758 542
917 418 422
918 966 837
919 932 172
920 352 3
921 605 162
922 537 584
923 713 569
924 831 104
925 551 990
926 365 569
927 290 969
928 861 201
929 35 811
930 113 713
931 408 617
932 746 660
933 633 926
934 726 720
935 891 379
936 662 309
937 639 676
938 166 356
939 627 869
940 162 472
941 646 633
942 906 707
943 779 372
944 397 610
945 56 677
946 956 861
947 166 578
948 967 709
949 734 804
950 184 554
951 886 321
952 390 281
953 745 451
954 30 721
955 235 154
956 990 572
957 940 283
958 367 462
959 185 863
960 623 788
961 964 553
962 292 83
963 479 211
964 969 845
965 950 110
966 568 421
967 169 753
968 866 60
969 363 939
970 369 420
971 566 551
972 159 207
973 770 588
974 390 954
975 474 915
976 254 66
977 214 681
978 476 41
979 426 812
980 38 91
981 316 663
982 401 18
983 167 982
984 660 243
985 746 795
986 812 105
987 360 829
988 955 745
989 354 350
990 225 320
991 976 315
992 888 668
993 422 948
994 182 866
995 677 822
996 171 949
997 345 351
998 628 690
999 768 709
764 775
267 989
488 968
304 584
374 439
323 555
278 557
853 893
496 507
696 857
297 705
125 184
441 676
2 857
525 858
167 403
684 722
487 673
693 796
315 379
86 399
779 938
752 898
338 923
959 994
349 595
685 902
699 982
8 987
461 988
106 185
147 234
92 254
166 256
402 437
47 711
603 912
3 937
475 952
299 562
2 696
774 885
74 815
294 573
591 763
482 841
715 852
838 879
168 706
201 558
89 637
155 643
577 849
244 467
173 970
42 46
108 448
217 768
695 924
288 613
450 683
389 734
600 915
279 363
212 343
295 395
112 396
48 571
91 653
188 764
384 798
555 889
73 648
18 902
720 971
393 539
188 775
120 626
376 934
352 537
24 274
208 373
246 378
16 781
714 785
624 924
237 673
902 973
222 810
685 973
631 655
281 728
287 829
415 840
417 856
119 931
412 939
918 964
239 679
110 762
704 844
251 861
476 790
385 451
546 880
192 668
361 749
504 839
235 905
989 997
271 469
210 586
89 631
138 669
347 724
657 866
323 889
260 919
554 958
267 997
192 426
223 452
448 600
351 605
181 725
333 474
12 897
535 922
23 529
145 546
492 787
311 862
505 977
638 817
230 476
237 487
194 532
158 589
191 287
229 365
136 497
466 576
583 876
275 295
347 734
523 765
630 735
610 786
56 832
141 706
568 817
674 859
119 944
43 156
347 389
117 396
538 690
270 976
71 160
36 203
185 669
286 780
533 830
377 950
847 962
76 198
795 860
57 892
286 319
369 455
197 544
58 592
397 898
448 915
151 999
80 218
49 375
55 503
393 522
126 609
80 807
666 819
762 872
426 907
305 948
225 969
31 45
62 74
341 501
571 612
70 639
191 829
728 875
668 907
94 966
3 543
18 685
118 688
106 694
192 907
13 908
594 792
339 613
624 695
787 906
233 459
182 530
468 539
540 656
244 868
456 881
189 492
0 69
329 486
238 632
514 674
296 312
542 713
474 932
238 702
275 782
708 840
183 925
58 936
503 962
206 568
243 664
107 156
186 477
382 591
18 973
96 191
35 335
522 539
488 587
330 758
82 967
680 986
100 407
519 545
631 637
125 952
587 968
43 107
138 185
289 460
418 741
616 846
308 862
144 169
486 538
209 594
108 600
931 944
229 947
185 694
175 920
346 348
306 483
356 529
203 623
145 742
40 756
600 921
224 416
462 466
341 473
632 702
915 921
81 324
326 483
331 593
724 734
446 774
249 820
664 899
592 936
424 955
76 498
219 553
407 588
526 679
670 761
373 437
436 450
356 562
619 805
601 904
352 556
512 832
195 392
157 385
178 412
486 690
367 809
427 818
162 830
543 937
57 972
238 703
79 719
144 725
180 297
92 663
589 736
397 752
303 965
691 983
594 693
767 809
641 811
852 927
299 945
38 226
283 358
336 390
373 402
218 481
54 618
205 863
261 569
139 699
473 933
365 947
949 985
106 138
75 505
513 638
382 763
692 921
447 505
482 669
110 872
32 991
60 430
384 517
206 675
617 718
120 888
106 669
275 395
202 456
292 616
796 836
606 940
222 307
300 446
227 880
184 952
382 954
293 462
715 927
350 701
464 741
299 356
218 807
409 823
63 877
145 880
799 926
563 984
361 729
96 829
35 965
14 109
161 165
345 828
651 838
84 935
372 963
29 222
85 340
287 507
21 551
239 569
250 685
354 730
604 819
869 885
668 917
295 946
499 947
55 962
536 995
288 339
255 574
87 659
44 680
44 986
141 168
1 360
370 409
186 484
502 715
62 815
149 940
660 943
404 955
400 454
295 782
446 885
754 981
88 450
471 782
25 200
105 248
230 458
393 468
654 887
310 948
525 974
426 668
577 738
121 267
363 481
353 776
108 915
621 983
262 972
381 616
507 829
235 961
783 978
140 321
529 562
264 637
89 655
566 689
453 802
52 263
24 590
48 612
541 900
776 927
57 170
175 322
463 723
263 386
204 409
20 43
144 181
100 588
180 705
751 935
112 117
125 475
86 711
758 938
731 975
83 692
278 705
389 724
584 738
121 989
937 998
708 800
206 817
204 823
189 313
119 398
11 399
553 560
436 683
546 742
176 314
293 466
155 509
55 847
64 250
467 868
492 906
61 142
34 359
226 572
36 623
165 644
642 648
304 738
594 796
214 803
371 874
23 248
601 603
277 785
230 790
253 795
675 804
121 997
415 708
532 740
87 871
779 896
307 516
637 655
564 732
540 914
391 682
602 701
601 912
47 86
105 444
287 496
508 554
232 579
312 581
469 581
335 910
858 974
506 925
691 996
176 248
404 424
204 783
214 866
924 986
473 501
276 612
160 631
475 733
38 781
496 829
406 834
139 982
245 306
281 875
11 86
29 307
308 311
228 414
66 490
502 629
186 769
227 824
693 836
449 837
170 892
825 929
341 933
395 946
315 336
162 533
254 663
209 792
669 841
850 898
15 164
48 259
26 452
400 479
109 707
401 950
364 497
537 556
314 772
243 899
239 467
342 804
562 945
344 957
428 966
3 998
568 638
158 736
386 990
329 640
550 701
557 705
651 879
291 917
88 928
143 300
279 481
4 754
321 822
803 866
250 902
69 379
777 843
329 510
29 810
223 951
532 800
731 814
12 833
788 941
115 959
305 310
93 355
104 540
576 751
688 779
544 804
578 809
546 824
282 886
336 379
33 424
157 622
758 779
697 845
688 938
470 960
362 377
18 598
449 729
414 759
195 981
274 457
184 475
240 531
189 787
340 411
596 878
11 146
239 261
96 287
278 297
111 443
280 460
150 564
423 567
577 584
386 639
509 643
245 704
698 752
578 767
503 847
96 899
430 911
946 964
75 977
272 279
824 880
224 721
502 852
22 204
101 285
329 538
73 642
602 646
194 740
445 766
511 827
774 869
113 912
649 936
160 700
673 739
660 766
64 916
20 154
738 944
31 559
477 769
678 860
626 888
513 922
239 244
438 677
399 711
599 874
362 950
208 437
413 666
353 745
752 850
782 946
892 972
302 684
318 704
333 932
30 125
211 633
620 703
155 834
738 849
96 664
319 780
604 886
34 322
33 404
299 529
513 535
229 542
14 707
61 850
430 855
872 963
155 406
261 679
436 797
80 272
157 451
197 720
268 754
292 846
896 938
30 184
517 798
813 916
516 650
233 398
77 418
208 438
220 613
196 645
88 683
71 700
79 895
436 928
41 162
114 310
401 686
521 716
841 883
11 258
230 424
268 565
398 931
350 942
604 666
508 958
16 38
166 536
381 846
117 391
185 482
239 526
293 576
304 577
277 714
422 864
844 877
448 921
178 939
60 189
220 461
420 489
19 596
94 710
514 859
458 476
486 510
297 557
38 653
160 655
733 952
271 954
72 247
47 399
258 399
227 546
605 608
110 627
507 719
208 402
569 679
71 848
177 863
858 969
65 332
296 581
709 755
271 794
421 587
206 638
59 140
89 264
320 325
23 356
23 562
462 576
669 694
763 770
456 816
77 440
371 599
119 738
146 755
284 847
656 865
359 894
60 313
406 643
306 326
41 337
297 338
277 428
75 447
259 512
360 907
695 986
46 695
513 817
698 854
5 882
510 936
250 973
116 252
207 292
487 739
566 758
395 782
360 597
415 800
432 848
231 781
639 896
89 160
27 530
483 534
617 661
429 675
565 760
70 386
56 512
496 719
800 840
700 848
11 454
138 482
209 693
65 561
245 844
241 859
477 901
248 314
198 498
338 705
307 810
776 852
167 995
105 314
69 315
334 372
253 380
88 436
465 493
371 521
337 581
16 653
377 888
275 946
447 977
350 602
342 544
388 548
109 687
17 877
318 926
843 943
115 994
218 272
736 836
910 919
405 480
104 190
248 529
666 886
624 986
70 990
418 464
632 703
543 788
6 115
247 251
272 364
728 785
704 877
111 545
13 710
732 747
836 863
458 955
5 142
228 378
548 611
64 622
153 670
244 679
281 785
210 825
154 826
192 917
599 951
134 142
454 479
274 590
326 944
14 97
154 156
134 397
468 522
693 792
397 850
408 876
433 884
64 685
358 729
41 830
698 898
477 484
75 681
372 792
652 798
233 931
469 954
157 973
68 241
18 725
729 749
345 975
377 499
421 697
302 722
77 741
205 836
17 844
525 969
166 403
211 413
338 622
807 845
855 911
20 156
256 403
467 679
198 501
111 519
579 626
678 795
197 804
423 575
408 410
766 943
177 583
556 645
262 892
681 901
907 917
220 339
552 871
260 910
762 963
83 390
80 481
745 776
83 921
797 928
191 507
172 748
217 901
57 262
63 508
4 981
56 118
104 914
113 603
138 694
434 847
43 154
373 438
10 554
304 799
206 804
548 890
598 902
918 946
201 219
130 551
329 690
646 740
419 744
297 923
905 961
257 267
236 327
103 367
178 411
270 434
424 458
251 547
143 757
418 884
499 950
114 305
42 695
591 770
113 904
220 988
147 573
271 581
269 654
568 675
602 740
202 816
692 915
823 982
18 250
85 411
108 921
705 923
61 574
163 647
702 703
367 767
162 903
879 913
146 479
259 571
214 657
403 995
29 121
182 780
584 849
874 951
335 965
24 457
327 769
450 928
257 989
13 431
742 880
86 258
272 363
570 672
628 768
582 835
743 841
459 931
293 658
723 957
25 179
565 667
362 888
45 95
10 138
415 532
506 553
276 571
503 617
643 834
253 860
622 923
452 951
64 973
35 389
166 167
143 446
42 615
344 723
150 875
482 883
121 257
218 279
572 822
202 881
661 718
35 910
638 971
284 434
103 634
409 783
306 873
216 290
209 328
256 536
38 572
7 765
325 988
264 631
9 60
133 246
98 362
218 363
106 482
443 519
498 558
169 725
413 819
676 828
138 841
284 848
1 907
591 954
48 124
88 737
237 739
58 510
167 256
70 514
149 549
330 566
504 600
640 709
635 735
642 775
792 796
838 913
135 354
245 483
287 719
722 757
471 946
325 948
127 665
319 595
185 841
904 912
794 954
171 434
65 780
763 954
0 732
482 743
129 784
22 823
209 796
584 799
201 498
435 607
220 288
41 296
151 333
490 647
600 692
580 791
256 949
23 299
226 653
646 701
411 412
53 542
191 496
405 588
113 601
552 635
361 449
80 497
385 622
249 644
158 762
715 776
758 896
169 932
398 944
29 516
177 876
102 332
94 428
9 430
86 454
642 764
819 886
356 945
163 273
229 713
653 781
52 832
686 909
245 318
52 512
304 849
425 870
24 953
61 134
119 233
461 613
228 759
107 433
261 526
45 559
128 562
273 647
494 771
572 820
97 932
566 938
371 957
513 971
48 276
177 589
629 715
561 780
12 154
180 338
169 474
573 723
26 223
227 524
467 569
53 909
275 471
365 499
108 504
111 425
313 492
503 718
182 286
245 326
391 396
219 560
118 938
45 992
146 258
365 542
181 598
264 655
300 774
657 803
586 825
197 971
16 91
98 120
206 429
406 432
217 477
229 499
56 688
263 896
281 906
591 945
169 181
161 644
64 902
136 364
272 481
361 575
520 733
462 843
543 941
230 955
79 287
272 652
194 800
23 105
47 454
234 573
71 643
104 656
123 148
85 167
71 432
255 598
342 675
598 685
603 904
656 914
160 637
416 721
324 789
833 897
46 924
194 415
37 593
71 631
113 545
124 571
598 725
684 757
231 822
275 833
610 878
680 924
501 933
38 91
122 257
463 573
364 652
333 708
145 824
816 881
99 621
225 745
523 930
242 994
32 234
11 479
306 534
252 606
55 617
322 920
947 950
30 952
344 991
205 313
169 333
319 349
377 401
592 649
621 691
768 769
481 807
59 821
318 844
608 867
239 868
33 955
639 990
129 598
466 751
137 997
5 74
204 370
478 508
52 688
370 783
366 806
181 840
320 942
116 512
118 779
812 993
128 299
486 640
482 694
777 943
165 242
35 303
596 610
33 700
457 766
291 970
814 975
20 107
194 784
95 194
147 294
362 401
394 442
530 544
514 639
266 662
360 668
544 720
575 749
681 750
279 798
679 868
659 871
131 884
189 906
330 938
714 728
644 773
383 891
842 941
288 461
292 606
415 784
771 851
105 176
181 415
316 511
149 606
153 761
5 815
19 851
720 804
441 828
386 896
272 497
26 609
381 727
154 897
504 921
687 932
95 992
133 759
699 823
18 181
198 341
399 454
433 464
627 762
736 863
111 870
60 911
54 974
243 559
451 622
585 628
502 927
110 158
256 789
689 904
549 909
969 974
247 861
738 931
37 123
214 348
116 832
725 973
66 528
452 609
280 651
3 788
170 972
295 471
499 524
208 677
408 732
307 774
103 221
16 231
27 342
183 506
167 536
638 720
523 770
672 853
725 902
56 116
145 227
311 597
688 832
250 916
166 995
4 268
382 469
429 568
10 958
123 199
214 346
78 368
543 998
43 131
107 884
394 484
500 660
665 698
276 746
68 808
20 833
446 869
389 965
67 261
179 661
14 687
46 739
458 790
235 801
160 848
326 931
83 336
596 851
124 259
472 726
300 757
217 769
118 832
509 834
521 957
325 461
222 774
702 881
414 998
424 476
768 901
42 924
114 948
789 949
51 996
27 182
133 378
445 660
684 733
195 750
554 883
672 893
296 337
403 536
339 625
398 738
95 740
370 823
300 885
408 583
640 755
274 953
292 381
232 626
469 763
477 768
312 469
238 620
0 379
384 652
281 714
75 742
648 775
413 806
665 813
280 838
398 849
10 883
353 927
789 985
7 128
294 463
448 504
219 506
219 558
71 655
312 770
469 794
79 507
53 713
180 916
99 983
350 992
80 136
4 195
9 311
225 858
956 961
122 989
129 255
351 608
10 669
302 733
594 836
152 453
398 459
462 658
739 797
215 808
528 854
547 861
270 962
421 968
182 319
367 634
78 792
418 433
680 695
214 712
540 865
710 908
6 442
221 634
131 417
538 640
378 759
144 840
974 993
228 246
107 131
122 267
55 284
121 520
365 713
714 908
630 635
263 639
157 685
180 923
213 330
85 403
120 579
99 691
89 700
566 779
269 887
426 917
222 446
350 550
213 566
722 733
330 779
446 810
742 824
106 841
623 978
151 474
73 498
510 649
150 732
169 840
532 840
478 958
137 989
80 279
421 488
552 735
648 764
534 873
598 973
30 328
60 492
96 507
38 231
277 281
405 407
17 704
205 796
270 847
570 853
613 988
740 800
785 875
166 949
244 569
191 664
283 729
272 807
675 817
392 981
2 10
34 175
1 426
72 440
222 516
217 628
0 747
669 883
829 899
308 597
35 734
98 888
457 893
73 76
279 384
119 459
30 475
316 515
257 520
58 649
51 691
454 711
683 716
601 846
114 895
157 902
457 953
801 961
622 973
983 996
315 390
360 426
202 641
159 826
683 928
46 615
191 899
602 992
280 289
271 382
557 561
160 643
84 751
9 862
320 948
59 321
51 495
113 519
502 610
413 633
294 723
42 739
497 807
508 883
168 187
291 668
328 693
166 789
110 963
23 176
445 457
474 687
625 717
564 747
542 947
434 962
398 577
282 806
129 882
590 953
284 962
495 983
96 243
137 267
78 334
513 568
250 574
119 577
585 760
10 857
372 872
134 898
483 944
8 491
332 561
19 996
91 226
234 344
276 650
376 687
211 819
710 966
248 444
67 526
226 781
792 963
190 440
342 530
367 578
631 700
763 945
242 959
180 278
79 496
532 708
417 717
228 788
247 856
54 993
234 294
413 435
220 625
126 777
888 950
746 990
32 147
119 326
479 755
545 912
178 340
52 779
52 386
280 614
550 646
106 753
363 798
52 896
504 915
201 925
85 995
29 997
112 391
241 674
136 807
199 891
770 930
302 368
44 924
188 642
282 666
22 783
719 829
377 947
71 89
61 255
298 471
432 643
300 810
100 818
23 128
171 404
480 556
397 698
588 712
195 754
91 781
629 852
411 939
736 762
467 978
197 342
196 537
352 645
288 988
11 47
50 730
449 749
226 820
410 906
387 919
46 237
192 360
104 440
326 534
76 558
328 594
353 636
68 859
589 863
719 895
520 952
204 978
535 638
694 753
828 993
379 390
225 525
135 527
176 529
307 885
171 301
260 335
69 336
200 654
257 997
20 131
64 157
76 501
46 624
125 733
801 905
98 626
537 645
513 720
128 945
240 357
526 569
223 609
115 670
510 690
177 736
484 769
410 876
388 879
70 896
360 917
701 942
893 953
496 956
736 963
298 782
250 813
134 850
651 979
96 496
244 526
259 612
131 856
570 893
401 947
392 750
728 906
149 909
372 594
346 803
118 207
435 806
774 810
574 850
127 953
434 976
161 242
150 408
41 533
522 570
427 657
63 704
575 729
457 853
894 976
256 995
80 363
11 711
234 991
8 130
443 545
685 725
309 767
165 773
202 811
119 849
263 990
865 999
592 747
515 894
817 971
79 191
475 520
635 871
853 953
818 972
301 976
742 977
71 155
56 207
61 397
278 561
510 592
1 597
124 753
502 786
450 797
305 325
35 347
375 615
142 815
783 823
138 857
788 937
15 967
831 991
363 384
293 751
445 893
431 908
625 918
510 538
105 772
483 873
577 944
130 987
52 56
419 535
246 759
599 831
310 895
469 591
509 655
427 712
752 854
502 878
688 896
328 911
483 931
0 315
244 978
93 273
46 673
139 920
687 934
12 20
120 362
180 557
550 602
620 632
279 652
206 720
678 727
589 762
694 841
698 850
559 882
82 903
638 922
804 971
629 878
18 157
183 201
90 237
159 265
3 414
127 590
181 784
328 796
108 811
63 844
295 964
303 793
207 846
347 965
116 124
9 189
624 680
362 686
169 708
64 813
219 925
80 364
188 648
213 689
80 845
382 945
248 356
459 534
600 839
61 898
186 901
211 666
205 693
560 731
521 874
529 945
18 64
107 154
187 308
11 400
286 561
182 595
284 700
568 744
173 291
22 409
4 750
16 226
207 616
240 642
10 696
312 763
508 877
286 595
97 687
448 692
597 862
222 885
510 640
191 719
49 886
55 718
433 741
9 787
60 855
312 337
313 430
298 453
526 868
318 877
206 971
359 718
140 822
238 881
138 883
278 338
340 593
462 777
154 833
177 205
98 216
688 758
460 651
304 944
128 529
118 566
447 681
598 784
448 811
38 822
589 836
223 874
87 552
826 897
584 944
507 956
335 389
249 586
277 728
13 94
97 109
1 187
225 541
183 558
184 733
176 772
532 784
738 799
345 812
194 840
229 401
452 874
558 925
334 963
736 796
387 835
5 62
358 361
144 415
146 454
467 526
435 633
234 723
333 840
629 927
395 964
130 979
76 201
357 531
566 688
138 696
666 806
664 829
259 832
729 837
627 872
714 875
330 896
451 923
2 138
358 575
289 979
31 992
278 923
215 241
261 266
355 402
7 523
196 556
622 685
233 944
51 983
41 581
725 840
120 232
454 485
54 525
445 853
839 921
686 950
544 971
0 408
189 430
280 879
181 902
534 931
52 938
146 399
247 417
425 443
545 603
638 675
100 712
590 854
576 935
158 177
511 527
505 681
741 884
207 252
271 763
79 829
78 209
303 389
285 437
108 839
796 863
745 969
147 344
27 595
948 988
206 513
744 817
31 95
395 471
105 529
247 547
134 752
382 770
782 833
343 890
409 982
305 988
363 517
500 538
44 624
1 668
18 144
65 182
222 300
37 331
307 446
193 489
266 569
83 600
416 645
147 723
60 787
262 818
9 855
473 891
335 919
734 965
391 541
42 624
643 655
659 671
94 908
33 230
250 255
378 414
374 634
474 708
263 779
720 817
784 840
422 881
491 987
196 416
155 432
197 530
95 532
6 771
410 875
5 129
431 663
117 682
313 787
142 850
553 925
268 981
402 438
279 517
478 554
158 627
530 780
156 826
218 845
440 914
162 296
156 433
117 541
250 598
150 728
295 833
337 469
198 558
373 677
637 700
568 804
344 831
385 973
135 221
70 674
187 706
74 882
77 190
1 192
303 347
400 485
306 704
361 837
765 930
403 949
229 950
65 286
549 678
325 942
133 575
544 675
143 774
31 132
196 352
120 377
201 553
207 606
164 967
74 142
78 372
9 492
184 520
73 775
603 846
143 885
849 944
868 978
339 461
338 557
639 674
226 822
62 882
622 916
181 973
125 520
792 836
63 318
414 937
17 63
56 252
29 267
41 312
443 455
218 497
81 536
249 572
142 574
495 621
680 726
450 737
158 872
83 915
259 276
50 354
273 355
424 790
272 798
174 812
333 999
155 160
261 467
406 509
415 725
439 730
185 753
50 827
636 858
476 955
614 975
285 402
180 622
270 894
437 438
338 451
44 695
717 861
617 962
310 320
52 118
126 452
90 487
300 722
428 785
298 833
109 376
408 564
28 793
306 844
151 865
34 894
52 259
426 518
567 735
505 742
19 878
557 923
770 945
136 272
182 544
70 263
659 960
86 146
286 349
150 410
47 485
401 499
567 630
345 731
854 898
30 209
186 217
166 324
219 498
559 664
601 689
450 716
121 810
786 878
395 918
32 344
401 542
5 61
42 986
29 989
169 415
83 504
61 752
318 799
103 809
662 816
463 957
322 359
428 714
395 833
22 868
830 903
292 940
459 944
10 185
83 315
73 764
683 797
110 589
498 648
281 787
144 708
10 841
142 255
44 726
321 821
287 899
295 918
718 962
46 487
697 807
560 814
69 732
596 786
533 903
15 484
374 730
55 848
439 634
317 743
388 838
875 906
275 298
366 563
122 997
535 817
586 820
173 958
121 222
404 458
133 749
765 770
6 959
203 978
160 432
147 991
285 355
296 469
470 531
250 622
445 672
88 797
810 885
622 902
3 941
81 166
192 291
270 301
100 427
305 461
192 478
410 492
423 611
460 614
71 637
532 646
307 650
67 679
431 710
581 763
128 765
658 843
785 908
525 636
76 648
401 909
389 910
231 321
660 843
10 482
326 738
689 758
46 986
18 255
333 687
34 718
549 727
693 736
372 762
72 914
42 237
23 444
368 475
124 612
256 985
77 464
97 474
284 503
248 562
812 828
54 858
594 963
131 156
271 591
227 742
264 757
782 964
411 995
230 404
314 444
119 584
386 746
81 789
170 172
256 324
358 449
613 625
655 700
742 750
574 813
353 852
816 864
712 866
245 926
141 966
42 680
254 690
43 884
182 349
164 447
286 530
590 665
194 708
329 709
644 820
296 903
828 975
5 255
95 602
350 646
590 698
110 736
91 778
471 964
856 884
883 958
271 312
302 475
0 583
78 594
282 604
213 758
186 768
731 812
466 843
303 335
355 437
506 560
564 592
612 650
268 667
42 673
108 692
657 712
205 736
683 737
448 839
144 932
144 973
618 974
396 682
441 900
749 837
245 873
277 966
126 223
119 304
27 349
119 483
49 604
149 686
118 689
348 803
804 817
231 821
53 860
255 902
461 948
371 951
676 993
181 708
470 871
304 926
90 673
157 725
516 810
385 923
530 595
390 692
638 804
346 980
377 524
69 583
640 690
628 769
769 901
713 947
515 976
317 579
334 792
12 826
76 341
66 647
75 750
667 760
429 817
524 824
478 877
829 956
26 126
64 180
73 198
675 720
871 960
43 433
144 474
17 478
606 616
254 649
663 672
83 839
326 926
962 976
164 484
244 261
157 338
101 355
535 837
747 984
128 356
255 685
10 106
144 333
15 394
574 598
69 747
693 863
163 905
319 393
429 804
310 325
271 337
381 603
232 888
587 697
567 575
48 512
520 810
464 884
21 130
124 512
388 611
155 655
409 699
348 712
163 801
157 923
387 582
815 882
619 897
958 970
287 664
181 685
836 963
568 971
225 974
279 807
3 228
293 843
736 872
170 262
145 392
63 478
299 591
462 751
248 772
717 856
106 857
745 927
812 975
31 243
186 327
455 519
381 549
504 692
639 779
524 888
167 949
669 743
296 770
263 938
179 617
151 687
577 931
183 383
146 400
335 734
198 201
176 356
312 591
631 643
263 688
212 890
54 174
23 314
696 753
410 787
134 815
313 863
427 866
599 957
68 215
338 385
512 688
41 903
580 949
206 342
186 394
525 618
268 760
380 795
500 943
671 998
656 999
413 604
466 658
495 691
607 692
140 821
703 881
20 897
549 940
701 992
380 444
158 963
297 622
309 578
363 652
336 692
565 754
623 783
331 791
77 884
23 945
460 979
834 887
839 915
116 259
283 449
10 508
743 883
835 910
300 684
106 696
533 761
847 848
197 675
282 819
781 822
942 992
179 200
81 256
55 432
327 491
135 511
567 611
552 630
289 651
58 747
220 861
280 913
824 977
15 82
422 702
326 799
177 836
831 957
796 963
198 473
456 702
846 912
340 412
263 512
102 561
209 836
419 837
910 965
581 954
372 693
363 807
813 850
329 936
157 250
345 676
171 270
327 628
499 888
734 910
201 506
414 788
382 794
252 940
509 631
315 692
144 902
651 913
817 922
584 926
160 509
568 720
410 728
118 758
660 777
73 188
136 218
682 786
63 883
689 938
445 943
670 959
339 988
441 993
144 157
83 379
142 397
270 503
319 530
27 544
457 590
574 685
11 755
240 764
667 849
579 888
388 890
151 932
693 963
847 976
345 993
934 999
122 137
565 585
46 680
330 689
534 944
2 173
100 405
426 478
407 480
223 599
687 707
800 865
865 914
937 941
260 387
253 678
45 132
71 406
366 479
362 626
646 865
545 870
148 199
240 775
0 876
474 999
368 952
33 284
282 366
501 558
432 700
258 711
135 730
185 883
849 931
704 926
466 777
572 781
685 916
715 786
712 818
139 823
210 929
62 243
55 434
144 598
68 674
303 734
263 746
158 836
745 852
753 857
922 971
851 994
414 543
112 682
569 868
156 884
313 911
519 912
541 969
12 298
366 709
344 463
63 554
474 840
204 982
701 740
646 800
171 955
64 338
331 340
71 509
29 650
620 702
417 861
409 978
218 364
413 886
98 377
282 400
151 708
13 714
786 852
524 880
28 347
209 372
232 524
92 649
485 711
372 796
132 992
316 527
539 570
480 645
28 724
35 724
185 857
676 900
14 932
625 964
357 764
625 861
611 890
484 901
279 364
190 540
72 251
281 410
97 451
138 753
26 951
235 956
851 959
370 978
193 980
6 994
311 855
846 904
291 907
86 400
283 459
498 501
206 544
349 710
502 776
252 832
158 863
574 902
115 153
305 320
47 400
276 516
237 695
622 705
543 707
766 843
365 950
309 980
595 780
22 978
2 106
632 881
246 414
275 964
272 384
29 520
70 748
725 784
675 971
58 329
397 854
532 602
226 231
118 512
553 558
353 715
634 809
669 857
523 945
236 491
245 877
225 900
697 968
362 499
85 593
607 633
395 717
908 966
670 994
10 173
65 530
609 777
610 851
417 884
806 886
269 334
410 583
521 723
665 752
333 800
26 874
707 937
418 440
7 756
165 249
42 487
407 712
328 792
43 826
783 868
737 928
197 206
419 513
463 716
375 726
212 760
357 775
597 907
546 977
82 153
229 377
388 651
301 827
605 867
550 942
319 522
231 572
321 572
76 642
290 753
419 817
799 944
25 406
182 197
132 320
377 626
610 715
422 816
421 845
618 858
109 934
681 977
740 992
251 417
185 696
277 908
419 922
589 963
706 966
75 145
67 239
68 262
274 766
263 832
724 965
162 337
228 543
863 876
183 219
604 726
639 938
144 385
92 690
415 740
203 783
364 807
307 869
210 249
124 290
258 454
86 479
324 536
638 744
903 967
166 985
121 307
601 616
31 664
516 774
460 838
337 929
312 930
99 996
137 173
191 243
248 299
434 503
382 581
358 749
20 826
47 258
167 340
333 415
811 915
486 936
899 961
615 680
581 770
530 804
34 920
581 591
15 153
4 392
95 784
62 801
207 832
349 530
119 534
547 550
316 827
160 264
404 434
381 601
18 622
189 205
44 364
392 742
87 960
150 281
688 689
371 716
514 896
121 122
182 342
225 353
62 559
92 672
297 916
765 945
228 998
227 232
318 326
308 360
344 371
33 476
393 570
643 848
302 952
33 458
398 667
446 757
386 779
94 141
53 401
399 479
267 520
173 554
480 588
174 618
194 646
572 653
146 709
595 710
334 872
589 872
750 901
524 947
750 981
650 997
300 869
597 917
365 401
233 534
294 582
488 697
571 753
583 863
547 942
13 966
215 224
194 602
97 707
29 774
251 717
602 942
9 308
345 441
67 569
500 690
185 743
490 528
49 726
444 772
337 825
251 856
550 914
387 463
241 514
32 677
653 778
428 908
33 89
238 456
344 573
18 574
478 668
377 686
241 808
600 811
99 878
94 277
97 385
207 688
244 783
72 547
337 830
617 847
228 937
2 185
149 292
69 408
359 503
52 639
385 685
669 696
514 748
665 850
151 934
306 944
0 564
49 615
2 669
728 787
516 997
24 127
1 308
0 336
284 404
422 456
463 521
385 902
233 283
69 876
97 169
299 382
405 420
236 442
500 640
469 770
173 857
856 861
616 940
399 400
254 672
242 773
335 347
352 480
407 808
451 973
676 974
6 394
699 920
178 933
874 957
441 974
288 625
610 852
381 912
145 977
551 979
259 263
128 523
319 561
517 652
200 887
837 922
137 970
65 102
306 318
301 434
87 671
467 783
302 757
39 472
155 631
407 818
313 906
340 995
252 292
143 722
56 259
284 432
2 753
520 989
5 134
342 429
242 644
144 685
298 802
118 896
782 918
35 260
314 529
268 585
303 724
171 976
188 357
470 635
566 904
349 431
72 550
562 591
521 599
17 245
435 984
430 492
610 629
379 692
27 710
615 739
692 839
564 875
64 923
466 935
133 361
315 607
152 802
358 423
49 485
254 486
137 650
217 681
689 779
665 916
22 982
616 727
440 741
717 918
74 134
312 382
169 385
282 413
83 448
281 492
432 834
172 892
586 929
9 313
299 763
580 985
126 466
681 742
694 743
9 906
1 917
916 973
163 235
327 477
368 733
145 750
371 831
427 972
577 799
790 955
85 178
286 393
211 435
277 875
375 886
287 956
133 228
85 331
345 614
510 709
385 725
708 725
745 858
190 914
296 930
771 959
241 330
110 372
456 641
298 897
518 907
109 932
63 958
226 249
639 758
419 638
53 686
136 845
246 749
327 768
788 998
452 599
143 869
501 891
64 385
687 999
300 307
75 546
497 652
342 720
346 439
477 681
349 780
283 361
506 558
708 932
900 969
748 990
55 270
205 589
519 603
517 620
142 882
516 885
531 939
607 984
79 96
65 197
71 284
488 624
494 682
619 802
639 859
665 898
387 910
120 950
957 991
589 627
564 649
3 707
392 754
161 761
779 832
584 931
53 229
192 518
115 771
903 930
98 950
624 968
30 368
129 574
149 616
39 620
566 896
142 898
439 980
216 694
483 704
96 719
372 736
902 916
896 990
121 137
171 284
270 284
1 518
222 520
603 616
475 684
173 696
106 883
338 916
374 980
869 990
189 410
592 732
21 760
784 800
806 819
330 859
198 648
535 971
348 980
204 699
56 779
25 834
33 160
18 385
290 694
326 704
711 737
304 931
398 584
570 663
428 710
115 761
372 836
220 251
271 296
404 700
581 794
206 744
43 833
746 869
507 899
296 830
677 991
141 187
131 433
440 540
24 854
70 859
346 866
525 993
669 753
9 911
29 446
296 763
716 957
187 360
397 528
245 534
136 697
554 970
28 303
400 711
190 741
72 856
618 993
340 403
326 873
147 463
396 541
597 668
747 936
891 933
139 175
512 571
705 916
621 996
375 485
187 862
112 236
12 275
49 282
253 493
319 539
95 559
16 572
5 574
25 654
576 658
615 695
563 709
380 772
708 784
673 797
864 881
334 887
75 901
471 918
671 937
917 970
203 370
168 429
224 645
486 649
516 746
255 850
542 909
188 913
198 933
686 940
354 634
636 745
204 868
56 938
583 589
219 814
38 820
328 836
157 169
129 181
22 244
295 298
304 326
19 691
588 818
243 829
33 848
274 893
306 931
524 950
759 998
247 440
549 616
481 845
359 962
65 319
499 542
594 736
133 414
121 516
211 604
487 797
210 820
69 390
176 444
612 746
553 814
793 889
287 895
117 900
275 918
35 919
894 962
255 973
365 377
330 688
456 703
57 818
577 667
715 745
821 822
674 896
213 904
738 926
85 536
657 818
654 834
835 919
132 191
291 426
234 463
90 488
419 568
33 637
718 847
766 893
36 978
304 398
459 483
183 553
673 695
26 737
528 752
366 755
564 936
376 999
221 354
201 501
252 512
48 753
309 809
210 830
236 769
184 257
67 627
198 642
330 674
62 142
161 249
141 429
197 638
341 891
596 996
346 374
258 479
486 500
383 558
528 698
429 706
27 804
60 906
832 938
2 970
237 624
350 740
648 814
174 993
82 164
167 411
214 427
442 494
386 514
429 638
146 640
730 803
348 866
496 899
168 966
441 969
307 997
188 240
320 350
112 494
58 563
535 568
708 740
258 755
332 780
136 968
771 994
425 465
498 642
734 835
97 333
369 443
138 554
369 721
475 722
631 848
786 851
408 875
386 938
909 940
83 108
100 262
132 664
143 684
80 697
233 738
51 773
102 842
443 870
237 924
320 988
116 290
424 700
479 709
436 716
465 870
542 950
353 969
222 997
12 43
116 207
311 430
58 486
326 584
375 604
379 607
481 798
614 814
665 854
7 40
444 529
260 797
354 439
136 624
503 661
200 834
559 899
10 970
726 986
18 129
126 462
406 848
419 873
72 77
269 526
712 803
380 860
293 935
770 954
289 614
636 776
261 868
844 873
336 583
88 716
73 814
788 842
18 169
354 374
848 962
162 312
108 641
131 717
436 737
523 763
439 803
404 476
64 574
106 743
456 811
353 858
356 591
231 653
16 822
32 831
483 844
312 903
90 965
793 965
370 982
520 997
157 181
21 585
151 800
468 953
6 494
107 826
29 885
279 497
448 641
634 730
363 364
22 370
259 746
74 801
149 381
53 678
96 956
90 968
254 510
525 745
222 869
220 325
44 497
213 721
513 744
500 766
33 790
740 840
274 853
347 910
153 967
128 248
383 501
369 519
563 747
554 841
748 869
340 939
234 957
838 979
53 549
12 619
685 813
105 356
175 359
125 368
523 591
528 898
240 939
312 954
359 617
384 620
151 656
250 725
603 727
47 737
494 786
430 787
576 843
720 922
344 521
205 594
89 643
80 652
589 796
945 954
514 990
101 273
435 563
634 767
736 792
503 848
136 488
325 547
329 755
249 773
262 808
390 921
362 947
143 264
65 544
545 601
612 753
732 876
232 880
920 982
58 709
740 784
802 805
141 342
254 538
126 576
457 660
643 700
161 773
77 856
190 985
355 373
134 490
429 744
460 879
778 929
179 406
801 815
662 864
858 993
77 104
528 658
346 712
127 813
126 843
96 132
152 298
356 382
160 406
348 489
329 500
270 515
382 562
573 582
90 587
427 588
431 595
81 671
295 717
716 723
138 743
771 786
519 870
739 928
905 956
53 795
851 878
563 806
196 224
20 275
205 328
285 373
151 376
392 546
524 546
22 699
553 731
364 798
245 799
180 813
155 848
522 853
24 893
60 205
176 562
471 833
401 888
115 242
318 483
182 561
13 785
727 846
766 853
478 907
329 649
708 865
840 932
615 986
574 973
311 360
92 431
326 459
17 518
505 546
491 628
375 680
401 713
50 803
497 845
606 846
714 966
676 969
125 257
93 402
388 913
390 627
503 976
357 470
145 505
502 596
64 297
481 497
349 522
366 400
19 610
585 768
543 842
926 944
326 398
48 746
104 865
189 911
33 71
415 598
190 656
343 760
629 786
505 824
787 875
13 428
58 564
144 784
54 812
14 842
169 973
445 500
633 666
72 861
715 878
294 344
262 427
163 490
91 572
283 575
403 580
536 789
59 822
823 978
217 327
52 990
810 997
102 557
554 669
513 675
437 677
94 714
30 733
750 754
293 777
100 808
89 848
785 906
607 921
844 926
324 376
470 659
521 683
142 752
895 948
384 481
105 562
431 570
899 956
170 458
92 486
483 738
549 860
717 946
103 767
811 816
503 894
209 963
127 468
89 509
12 156
17 508
94 706
916 923
379 583
30 594
571 650
535 744
610 771
135 827
418 856
784 882
383 473
415 474
650 746
153 394
552 659
614 731
562 763
139 409
695 739
31 882
678 909
483 926
266 839
105 380
171 424
120 524
354 827
801 899
4 217
177 408
133 423
425 545
51 621
694 857
855 862
447 901
457 943
576 777
493 795
251 625
33 631
374 803
456 864
191 956
708 999
330 639
10 694
44 136
56 263
410 732
722 810
744 873
87 470
615 924
857 970
33 171
341 498
671 707
633 819
326 844
539 853
191 895
616 912
684 952
90 303
47 479
364 481
432 617
274 854
280 979
102 278
17 318
407 427
286 522
212 667
127 698
76 219
498 553
218 652
68 892
472 604
220 547
24 853
29 257
184 328
4 565
161 670
402 677
561 705
376 707
486 709
24 766
389 835
313 836
689 846
207 940
334 594
305 895
2 137
20 395
215 416
397 490
487 695
717 964
200 406
144 451
371 723
447 742
124 832
694 696
698 813
45 243
118 263
64 451
405 556
39 798
41 825
344 599
39 652
492 728
181 800
255 882
880 977
432 503
97 842
351 867
40 765
64 598
116 606
150 747
209 368
141 428
76 473
282 479
222 650
239 266
353 525
462 943
245 944
37 199
207 381
55 661
400 755
125 328
403 411
274 445
8 551
84 576
187 597
549 606
549 686
70 779
763 794
560 812
633 915
574 916
339 918
568 922
324 934
359 976
366 984
403 985
547 988
181 333
328 430
87 635
610 682
513 804
761 830
45 882
277 906
252 290
28 389
128 444
22 467
380 493
480 537
435 666
520 722
932 999
833 946
6 153
29 300
85 412
381 606
571 746
762 836
171 847
799 849
392 880
522 893
723 991
270 359
169 451
681 768
119 799
107 418
524 626
542 686
207 689
169 800
560 975
646 992
145 195
160 284
205 492
95 646
481 652
3 671
179 718
61 815
239 978
57 172
30 911
27 197
27 319
74 559
629 776
820 822
785 966
361 423
233 849
306 926
131 154
86 485
477 628
14 474
260 487
425 519
210 533
410 564
764 913
412 933
48 116
127 274
184 368
201 383
217 484
544 638
716 737
667 754
299 770
75 824
391 900
383 925
539 953
583 732
436 739
636 969
221 367
422 632
370 699
52 758
655 848
704 873
228 941
522 595
474 800
507 895
147 957
111 113
199 473
292 601
18 784
143 810
432 847
516 869
67 110
396 494
482 554
329 592
563 592
507 664
378 788
735 871
879 979
58 984
291 360
77 433
342 971
354 511
441 541
223 576
299 765
197 817
157 916
39 384
446 722
733 810
607 915
573 957
531 960
27 94
129 142
122 291
158 390
394 477
370 623
6 670
28 734
674 758
574 898
761 959
243 287
119 306
520 684
129 725
545 904
310 988
105 128
222 267
481 517
357 635
360 862
20 884
586 644
591 794
495 996
540 999
42 44
449 575
289 838
381 940
468 570
167 580
509 637
408 747
731 828
78 963
319 468
589 693
428 706
61 813
860 909
722 952
696 970
313 328
320 461
170 476
327 484
272 517
451 685
718 894
68 514
296 591
682 745
434 848
50 866
39 703
454 755
14 376
286 539
649 690
137 696
4 768
451 842
58 640
156 833
233 326
64 705
478 917
204 244
109 474
343 548
342 568
240 648
335 724
391 745
271 770
43 897
775 913
87 998
223 371
273 490
267 516
365 524
258 609
265 805
539 893
52 70
455 545
134 574
173 917
238 422
195 742
52 746
756 765
813 902
626 950
164 186
81 659
403 789
694 883
451 902
646 914
118 330
33 434
432 509
201 560
618 636
98 686
71 834
536 949
609 951
47 146
13 277
197 332
72 417
341 558
93 647
85 166
288 305
368 684
500 777
357 913
349 393
516 989
650 989
446 516
461 547
81 995
95 350
179 432
255 813
74 243
90 335
589 876
222 989
181 194
190 418
50 511
637 643
267 810
79 114
330 514
541 682
264 700
394 769
225 776
345 814
598 840
205 876
789 934
136 986
761 994
260 436
99 629
267 650
535 720
682 852
156 897
129 902
169 902
751 951
233 577
218 697
758 859
727 912
592 984
82 162
187 311
298 395
131 418
301 515
333 725
627 736
72 104
233 483
130 491
132 559
2 694
263 758
766 777
12 782
792 872
725 932
164 394
177 410
541 745
18 916
192 597
456 632
547 701
313 796
752 813
137 857
554 877
560 925
27 141
41 210
236 396
371 452
299 523
466 609
859 896
336 921
63 245
497 624
62 899
673 924
508 841
658 854
810 869
140 231
79 310
92 510
350 547
188 614
716 874
292 549
34 617
423 749
255 784
797 919
162 581
78 693
557 780
172 790
151 840
831 874
551 987
217 750
442 771
596 771
170 790
430 862
136 924
213 938
257 952
194 992
195 268
181 474
176 299
66 397
181 532
2 554
158 583
62 664
619 826
89 155
225 441
41 469
412 531
315 583
148 608
