1000 5452 60.00833275470999 sparse
0 893 415
1 597 248
2 31 774
3 681 268
4 15 33
5 116 988
6 947 537
7 96 76
8 758 815
9 281 425
10 892 761
11 286 683
12 498 502
13 397 785
14 113 5
15 486 67
16 978 359
17 581 400
18 992 154
19 640 409
20 829 370
21 774 308
22 2 116
23 995 388
24 816 800
25 583 184
26 709 287
27 382 911
28 924 739
29 772 491
30 885 37
31 799 909
32 962 692
33 988 857
34 237 895
35 125 947
36 453 279
37 33 18
38 911 781
39 177 248
40 314 189
41 309 962
42 807 558
43 400 773
44 841 851
45 433 195
46 568 794
47 344 482
48 856 873
49 822 143
50 795 767
51 236 963
52 217 599
53 325 136
54 502 49
55 86 584
56 27 127
57 842 148
58 297 258
59 998 15
60 164 446
61 53 374
62 767 618
63 181 299
64 656 296
65 44 48
66 348 161
67 184 128
68 831 569
69 209 323
70 852 495
71 443 275
72 159 209
73 178 576
74 112 313
75 16 513
76 467 131
77 798 45
78 334 609
79 529 773
80 570 987
81 214 635
82 950 483
83 616 604
84 421 756
85 373 60
86 350 360
87 958 198
88 629 411
89 449 86
90 273 659
91 458 253
92 785 496
93 58 92
94 635 75
95 825 845
96 571 384
97 542 890
98 696 428
99 135 410
100 458 691
101 374 145
102 700 183
103 110 929
104 934 396
105 755 798
106 256 258
107 418 438
108 925 573
109 979 518
110 366 593
111 562 395
112 139 302
113 221 729
114 65 524
115 422 73
116 7 160
117 213 589
118 853 470
119 178 836
120 130 148
121 365 72
122 719 507
123 520 23
124 493 284
125 431 408
126 271 148
127 861 232
128 535 971
129 722 801
130 923 364
131 95 863
132 35 924
133 448 956
134 857 931
135 778 432
136 299 386
137 856 884
138 773 467
139 410 172
140 53 304
141 353 592
142 547 227
143 484 253
144 336 157
145 982 942
146 186 932
147 85 52
148 899 694
149 718 960
150 402 864
151 923 705
152 848 141
153 798 358
154 54 359
155 520 397
156 286 572
157 386 627
158 938 517
159 11 369
160 833 936
161 881 620
162 23 805
163 119 67
164 588 324
165 527 817
166 830 132
167 368 154
168 841 841
169 58 387
170 671 552
171 876 644
172 989 962
173 105 949
174 188 171
175 92 844
176 573 897
177 583 505
178 360 537
179 206 740
180 642 81
181 504 1
182 272 561
183 309 738
184 395 449
185 888 691
186 190 560
187 569 313
188 55 521
189 314 81
190 694 820
191 655 824
192 150 678
193 950 223
194 337 298
195 679 317
196 531 86
197 706 197
198 463 858
199 602 921
200 510 696
201 224 721
202 635 660
203 321 866
204 623 370
205 707 759
206 809 429
207 874 154
208 195 260
209 282 885
210 558 925
211 991 576
212 729 353
213 760 525
214 618 866
215 423 370
216 980 860
217 566 475
218 121 904
219 711 41
220 539 180
221 706 974
222 924 667
223 737 5
224 950 433
225 158 552
226 29 341
227 637 455
228 550 842
229 911 596
230 130 29
231 419 927
232 905 922
233 350 943
234 907 786
235 934 881
236 667 41
237 218 899
238 933 464
239 446 701
240 836 897
241 302 36
242 918 80
243 380 753
244 961 420
245 770 384
246 698 551
247 622 158
248 590 701
249 351 245
250 528 795
251 840 652
252 192 591
253 101 976
254 757 796
255 313 751
256 623 337
257 320 483
258 166 587
259 903 868
260 778 888
261 350 94
262 226 698
263 102 680
264 90 934
265 683 295
266 670 572
267 257 984
268 93 745
269 597 154
270 644 384
271 356 369
272 708 887
273 878 833
274 346 140
275 67 416
276 235 23
277 222 428
278 84 462
279 525 923
280 162 63
281 348 444
282 526 269
283 309 272
284 547 45
285 415 915
286 820 795
287 310 120
288 918 554
289 705 361
290 504 878
291 979 486
292 843 584
293 856 268
294 327 936
295 574 547
296 126 773
297 32 888
298 271 311
299 167 422
300 679 691
301 441 338
302 245 984
303 664 575
304 308 150
305 663 0
306 250 612
307 767 126
308 783 17
309 400 917
310 242 492
311 667 879
312 507 911
313 922 24
314 972 332
315 657 94
316 696 361
317 819 596
318 949 455
319 960 171
320 170 661
321 63 545
322 412 965
323 285 987
324 972 595
325 964 692
326 432 940
327 367 359
328 561 718
329 650 472
330 309 936
331 45 560
332 280 135
333 892 280
334 336 762
335 686 613
336 775 912
337 654 501
338 606 773
339 810 759
340 954 115
341 917 278
342 317 942
343 560 336
344 846 340
345 19 942
346 31 549
347 663 739
348 395 308
349 824 422
350 769 964
351 158 0
352 249 226
353 398 578
354 274 537
355 148 669
356 338 147
357 739 520
358 821 379
359 272 149
360 302 524
361 972 293
362 706 275
363 568 293
364 699 320
365 991 976
366 297 636
367 885 589
368 629 133
369 58 763
370 804 692
371 93 223
372 262 290
373 337 266
374 77 259
375 944 510
376 405 619
377 935 163
378 598 977
379 948 965
380 629 213
381 449 225
382 321 430
383 534 489
384 158 965
385 945 634
386 677 56
387 942 27
388 935 921
389 143 634
390 948 379
391 980 156
392 960 220
393 917 153
394 15 802
395 786 75
396 160 158
397 381 24
398 874 122
399 738 57
400 261 716
401 378 340
402 497 327
403 967 786
404 634 91
405 603 344
406 468 674
407 551 403
408 811 180
409 94 558
410 876 647
411 183 12
412 853 728
413 153 544
414 490 112
415 257 243
416 745 546
417 749 326
418 854 80
419 917 582
420 156 601
421 688 716
422 367 415
423 17 475
424 251 702
425 507 762
426 608 419
427 530 557
428 934 720
429 951 348
430 617 979
431 560 572
432 625 598
433 522 232
434 941 657
435 417 610
436 394 665
437 711 641
438 974 971
439 699 271
440 365 85
441 462 225
442 963 215
443 705 774
444 765 759
445 850 43
446 490 373
447 688 209
448 276 737
449 265 347
450 230 3
451 854 818
452 46 86
453 437 457
454 77 920
455 721 323
456 26 479
457 918 460
458 261 54
459 538 208
460 806 336
461 360 636
462 727 556
463 392 367
464 795 670
465 301 143
466 816 349
467 503 803
468 742 98
469 41 353
470 611 552
471 646 66
472 694 129
473 702 827
474 549 627
475 394 630
476 597 906
477 89 554
478 272 195
479 948 167
480 671 868
481 894 411
482 193 702
483 657 397
484 962 304
485 755 576
486 266 142
487 578 966
488 88 621
489 609 851
490 667 237
491 724 586
492 21 609
493 788 150
494 250 8
495 128 396
496 779 134
497 889 293
498 368 510
499 182 212
500 852 984
501 987 19
502 928 820
503 781 849
504 912 815
505 935 135
506 472 746
507 483 804
508 149 468
509 334 318
510 541 214
511 814 119
512 727 919
513 611 482
514 748 549
515 725 988
516 897 447
517 58 862
518 983 852
519 74 668
520 172 468
521 419 833
522 642 205
523 84 858
524 377 949
525 176 703
526 681 323
527 332 943
528 75 811
529 327 231
530 834 633
531 24 888
532 166 200
533 48 755
534 927 412
535 40 91
536 910 28
537 512 471
538 974 405
539 284 359
540 282 535
541 404 631
542 927 50
543 801 681
544 302 432
545 502 694
546 68 551
547 376 35
548 246 214
549 657 524
550 394 833
551 928 145
552 803 598
553 809 280
554 721 448
555 934 449
556 762 347
557 277 897
558 479 580
559 197 717
560 915 892
561 848 248
562 141 530
563 60 910
564 7 131
565 11 558
566 725 882
567 179 460
568 495 277
569 389 450
570 214 818
571 191 788
572 610 852
573 456 846
574 472 499
575 53 107
576 590 562
577 260 731
578 88 280
579 487 171
580 474 555
581 680 129
582 163 683
583 397 240
584 84 764
585 562 178
586 394 799
587 355 11
588 733 622
589 714 126
590 127 484
591 602 21
592 261 755
593 965 1
594 495 48
595 879 693
596 968 150
597 420 39
598 148 720
599 445 176
600 162 380
601 815 862
602 990 954
603 302 905
604 139 924
605 559 664
606 79 867
607 214 105
608 681 59
609 754 109
610 237 889
611 278 524
612 189 502
613 185 396
614 997 129
615 156 591
616 0 884
617 655 941
618 744 107
619 523 340
620 688 91
621 824 705
622 862 666
623 170 259
624 863 358
625 986 421
626 502 294
627 81 788
628 559 154
629 115 814
630 412 574
631 264 914
632 805 226
633 397 934
634 411 97
635 770 586
636 125 345
637 554 226
638 909 987
639 695 909
640 432 743
641 811 144
642 569 773
643 858 742
644 211 726
645 258 927
646 987 231
647 318 530
648 664 459
649 35 950
650 706 508
651 210 419
652 374 141
653 753 152
654 326 665
655 42 160
656 39 365
657 60 552
658 21 844
659 909 651
660 533 733
661 646 403
662 146 227
663 562 85
664 319 685
665 119 254
666 759 553
667 204 177
668 188 871
669 490 473
670 106 533
671 911 537
672 17 842
673 353 913
674 90 632
675 894 86
676 433 807
677 803 935
678 386 724
679 878 638
680 168 994
681 517 242
682 44 982
683 5 71
684 506 226
685 954 284
686 996 76
687 624 244
688 222 257
689 476 433
690 960 408
691 343 468
692 531 813
693 863 710
694 963 503
695 163 291
696 5 562
697 601 884
698 761 312
699 621 888
700 904 833
701 163 317
702 220 938
703 207 798
704 841 901
705 455 319
706 591 722
707 149 944
708 734 460
709 793 834
710 777 607
711 74 606
712 870 822
713 285 682
714 1 151
715 797 627
716 631 356
717 110 397
718 469 969
719 500 860
720 101 103
721 136 584
722 95 834
723 982 748
724 317 234
725 772 125
726 975 883
727 48 464
728 545 201
729 155 648
730 971 1
731 690 28
732 793 18
733 681 656
734 677 656
735 416 867
736 574 285
737 13 300
738 4 870
739 232 209
740 935 251
741 26 298
742 26 417
743 22 631
744 587 427
745 866 275
746 166 554
747 719 366
748 171 187
749 541 896
750 200 623
751 586 881
752 34 376
753 642 530
754 404 260
755 385 148
756 578 807
757 710 533
758 992 831
759 916 700
760 122 459
761 302 353
762 982 54
763 805 580
764 690 746
765 385 514
766 423 74
767 581 906
768 143 583
769 914 975
770 386 466
771 551 336
772 520 142
773 134 448
774 708 610
775 709 815
776 177 563
777 817 209
778 145 902
779 978 245
780 427 205
781 282 995
782 203 742
783 731 885
784 670 282
785 541 377
786 174 439
787 815 633
788 522 879
789 828 699
790 720 352
791 637 438
792 228 433
793 718 802
794 441 775
795 202 400
796 291 930
797 235 138
798 153 698
799 990 455
800 547 868
801 194 966
802 812 845
803 764 426
804 854 649
805 178 424
806 812 820
807 732 457
808 936 613
809 902 463
810 408 89
811 292 555
812 56 890
813 159 880
814 962 654
815 701 896
816 337 257
817 832 444
818 553 474
819 913 806
820 463 298
821 281 436
822 184 688
823 791 443
824 1000 303
825 12 899
826 203 677
827 1 554
828 292 917
829 543 605
830 830 193
831 477 582
832 445 903
833 361 610
834 705 945
835 9 759
836 739 544
837 136 260
838 676 353
839 98 202
840 113 545
841 199 276
842 910 877
843 945 908
844 386 516
845 142 778
846 571 895
847 610 980
848 671 317
849 639 796
850 426 703
851 620 281
852 854 463
853 531 611
854 466 189
855 517 729
856 665 691
857 313 381
858 903 783
859 525 874
860 762 552
861 834 719
862 257 129
863 576 174
864 761 237
865 454 172
866 935 976
867 73 153
868 882 112
869 435 846
870 452 91
871 56 231
872 168 367
873 179 793
874 981 689
875 858 117
876 553 544
877 285 890
878 310 81
879 995 3
880 505 438
881 68 754
882 936 291
883 646 887
884 786 396
885 188 349
886 76 474
887 768 437
888 813 244
889 853 502
890 840 241
891 281 163
892 451 6
893 154 255
894 551 654
895 161 413
896 301 333
897 734 540
898 541 223
899 872 791
900 458 870
901 848 529
902 773 160
903 244 243
904 535 644
905 805 192
906 276 925
907 946 746
908 169 891
909 284 254
910 653 922
911 556 726
912 636 558
913 313 457
914 982 268
915 451 448
916 967 53
917 543 217
918 576 964
919 573 132
920 852 627
921 693 228
922 592 326
923 471 422
924 147 252
925 88 25
926 430 682
927 385 834
928 547 590
929 732 488
930 954 322
931 138 989
932 639 316
933 108 471
934 288 228
935 563 157
936 766 745
937 403 682
938 152 508
939 792 293
940 946 425
941 852 726
942 682 905
943 952 670
944 187 588
945 104 844
946 785 480
947 954 719
948 733 836
949 481 218
950 770 618
951 673 805
952 580 946
953 645 683
954 953 714
955 614 806
956 511 67
957 862 145
958 948 389
959 947 977
960 70 599
961 590 709
962 399 967
963 515 54
964 421 253
965 650 495
966 797 173
967 424 985
968 88 835
969 114 318
970 550 741
971 267 629
972 949 637
973 520 210
974 903 607
975 811 471
976 140 790
977 804 654
978 958 339
979 965 52
980 828 130
981 741 774
982 241 411
983 647 393
984 41 37
985 772 604
986 29 510
987 807 50
988 627 742
989 707 248
990 778 23
991 729 28
992 100 605
993 887 338
994 592 824
995 43 674
996 678 40
997 366 343
998 12 193
999 558 112
126 359
489 572
11 713
115 766
32 325
765 844
412 941
916 979
105 254
558 831
176 846
487 918
166 980
171 410
62 950
666 860
179 782
708 807
510 917
101 652
733 734
189 878
0 481
129 793
416 514
658 672
164 922
386 608
234 858
628 935
385 972
307 725
947 954
74 969
165 692
392 442
788 859
89 870
209 877
252 944
710 985
34 610
593 730
184 569
97 749
195 526
171 679
416 836
898 917
38 234
24 286
409 477
240 704
836 897
266 303
459 510
566 783
33 518
54 594
142 637
721 768
430 847
118 852
70 889
722 968
565 696
621 789
142 898
337 965
124 568
321 657
893 924
126 486
452 535
321 546
277 792
308 990
297 531
195 848
248 961
362 439
172 602
546 657
711 960
354 540
200 545
225 746
38 858
19 661
113 201
33 216
162 394
157 475
216 518
323 781
634 810
294 527
151 759
696 827
224 940
289 316
343 771
373 816
510 898
212 790
504 819
550 927
57 152
94 180
192 355
158 375
359 486
185 595
468 618
410 679
225 413
328 911
270 983
423 456
599 865
175 968
304 465
459 728
44 168
330 342
420 615
363 736
390 958
475 541
308 732
661 983
144 356
609 618
523 606
514 836
459 917
77 987
114 188
193 392
113 644
175 722
529 724
274 356
190 473
520 567
557 877
561 890
36 71
52 117
258 615
565 827
142 917
483 983
101 167
86 271
83 432
116 714
299 895
48 137
9 821
49 641
236 996
19 88
488 674
433 681
299 805
135 887
148 185
72 532
370 543
496 725
101 755
272 815
259 842
429 978
65 984
294 342
45 780
526 848
311 480
59 501
540 611
514 666
803 887
267 302
175 945
20 358
108 419
376 541
244 690
176 767
379 959
866 959
131 523
397 547
656 752
689 923
18 391
469 656
845 976
505 551
293 745
60 786
25 863
13 43
26 362
352 548
378 847
59 879
401 997
464 543
483 661
416 897
66 144
231 285
319 479
313 536
180 404
369 533
398 868
605 894
121 440
381 441
209 557
638 769
95 802
571 873
198 900
415 903
110 141
39 623
122 650
652 755
73 776
217 818
796 828
710 950
706 961
737 741
322 962
333 497
186 776
637 898
75 986
93 452
391 596
829 853
408 905
124 626
369 881
722 945
49 166
183 255
111 407
377 479
393 551
354 611
21 698
273 712
510 728
58 909
837 924
639 942
956 963
229 974
198 573
473 775
670 840
29 92
61 169
192 582
201 644
532 748
54 963
472 581
300 856
47 691
747 790
444 936
172 365
950 985
96 111
94 471
746 776
554 807
637 917
154 469
142 510
13 586
631 645
167 652
538 690
150 735
251 804
639 815
514 860
600 872
49 980
85 121
307 496
145 602
278 886
353 630
616 738
585 863
152 957
271 327
361 484
412 643
179 644
62 710
548 739
289 747
767 846
136 857
813 908
62 985
376 435
277 651
73 944
207 957
61 154
106 415
342 527
238 555
400 577
762 916
285 309
205 443
102 197
229 419
135 803
193 442
380 522
615 768
697 751
459 898
238 457
180 471
482 559
786 805
829 928
376 475
100 239
603 828
332 486
99 495
416 666
104 958
408 966
314 978
126 332
199 476
22 564
93 575
190 775
775 793
560 842
486 862
796 906
244 940
732 990
476 767
92 946
94 404
386 996
327 997
332 359
175 523
317 552
214 572
204 716
728 917
318 555
154 656
549 753
911 970
73 258
468 609
569 770
760 773
457 809
531 825
631 906
460 466
413 746
212 747
46 756
388 843
95 168
131 606
451 712
208 841
660 855
623 893
206 349
559 644
61 656
646 779
482 822
359 891
514 897
453 915
502 504
516 809
296 845
398 875
226 469
462 836
731 996
50 339
331 657
227 791
525 822
224 244
86 327
53 356
482 525
84 640
135 823
379 866
434 943
29 946
44 95
448 577
360 647
174 667
433 684
643 941
762 979
66 356
258 420
400 424
621 861
8 105
309 633
601 802
325 874
104 534
498 765
613 795
462 897
930 978
19 983
172 438
261 440
214 489
289 790
510 637
554 708
138 946
365 438
87 442
272 566
110 833
352 903
156 182
331 346
3 784
511 980
345 649
644 782
501 879
828 906
294 330
233 527
236 386
93 535
485 635
495 717
167 755
148 759
290 788
582 798
156 811
665 837
416 860
126 891
493 902
552 763
645 906
459 973
635 985
3 439
364 526
161 679
250 692
238 318
493 496
945 968
464 977
231 326
270 483
568 626
288 671
265 784
299 786
754 964
149 221
58 283
157 541
413 562
417 698
290 719
389 729
81 750
249 816
760 933
918 952
113 179
151 428
837 893
352 415
88 661
622 804
660 970
17 96
26 439
571 703
584 881
894 904
814 943
27 309
539 761
715 787
330 796
498 844
530 920
530 787
8 254
378 430
264 454
382 544
329 648
270 661
61 752
129 775
617 910
5 253
68 292
503 709
616 825
106 903
131 175
184 770
32 874
436 937
608 996
377 551
685 882
861 941
34 237
457 555
681 684
693 941
17 111
447 921
63 695
504 700
141 833
632 888
484 930
144 274
100 406
222 434
454 563
95 601
64 784
180 315
244 538
320 729
149 834
251 530
428 954
57 166
73 186
499 532
538 625
245 884
488 992
170 266
187 363
467 507
148 595
533 881
761 896
428 947
35 173
239 850
487 952
152 166
153 466
361 685
54 956
195 364
313 387
194 509
472 589
192 798
57 957
108 288
375 694
805 895
441 949
56 564
697 699
24 806
563 812
73 252
60 567
355 582
488 711
502 819
751 846
377 393
416 462
412 693
314 930
49 57
103 173
103 264
157 376
276 450
450 494
166 511
127 561
535 575
256 716
176 751
651 795
777 830
521 869
357 897
905 966
37 984
19 483
632 777
854 865
777 905
564 714
182 811
234 819
789 861
594 963
573 869
142 459
268 584
15 594
46 642
248 706
412 861
769 866
433 898
585 935
815 942
258 944
131 945
117 252
66 274
114 321
405 922
66 167
145 172
256 405
654 664
570 703
615 721
583 754
173 264
276 494
477 546
766 810
434 814
295 876
317 763
115 810
684 973
53 274
544 821
290 859
850 926
510 973
227 329
307 609
557 631
205 764
863 935
553 939
814 972
231 309
28 428
237 610
36 820
41 342
293 561
484 685
316 838
653 902
856 953
434 972
213 357
517 606
567 786
582 822
371 839
39 208
279 312
197 447
246 757
25 585
220 728
6 158
53 287
346 565
295 576
222 659
109 694
666 836
55 960
164 187
327 401
235 560
225 776
709 802
822 826
79 250
165 250
53 304
224 318
104 390
365 602
492 743
474 904
5 931
690 940
296 976
641 980
756 994
87 392
537 669
42 763
410 804
804 920
433 973
462 514
9 544
452 575
635 710
355 729
364 455
72 662
214 699
420 768
335 774
113 782
431 928
219 991
195 265
476 697
604 707
540 811
728 898
88 426
332 465
80 487
449 539
319 596
45 599
166 641
426 744
705 820
311 883
690 958
598 798
97 800
171 804
133 326
224 555
137 704
603 877
236 608
604 778
651 792
206 823
474 829
800 859
57 980
378 487
360 540
97 788
297 825
152 980
51 302
298 372
384 707
518 758
385 808
127 890
508 520
329 965
408 830
409 840
341 882
122 929
590 933
534 940
201 262
320 582
220 585
231 633
272 783
28 907
315 404
72 499
337 549
470 576
322 967
385 434
438 602
485 666
595 693
291 694
174 748
258 768
97 859
779 914
523 968
86 997
320 355
153 460
60 520
349 817
4 37
35 103
321 331
448 592
21 939
216 726
316 747
525 798
221 515
410 622
301 705
709 806
126 862
53 144
374 578
787 977
370 464
528 627
493 641
332 862
797 862
823 887
80 918
32 954
137 240
122 357
525 582
370 621
82 694
360 611
357 836
29 138
47 257
577 592
233 294
170 303
330 527
352 739
159 752
469 752
39 893
660 911
623 924
306 971
917 973
15 54
132 345
182 354
459 637
609 725
501 730
218 778
297 812
474 853
730 879
573 900
32 943
60 299
31 336
260 336
61 469
584 627
585 628
35 707
383 818
18 596
531 616
235 842
836 860
439 989
223 991
523 945
921 989
134 160
161 171
281 691
868 875
79 425
10 858
562 938
325 954
7 163
187 343
287 465
20 466
457 516
435 541
331 546
417 556
179 559
133 718
219 731
599 854
493 966
898 973
242 675
186 746
344 624
214 697
239 926
594 956
319 391
164 405
53 465
521 550
524 633
508 773
370 789
802 806
557 828
485 860
359 862
757 897
15 956
919 999
70 118
208 623
244 625
699 883
830 905
662 924
55 711
73 746
72 748
265 848
325 943
333 341
38 819
819 858
202 953
85 547
511 641
204 270
249 373
525 559
55 992
212 289
188 321
49 511
247 269
19 270
262 424
650 757
393 505
63 701
354 811
367 974
88 983
78 141
107 184
82 238
255 334
142 433
2 533
558 580
18 614
590 760
751 767
749 788
330 828
328 970
277 982
272 639
378 918
161 974
792 982
530 804
176 476
316 790
477 840
278 933
559 782
470 912
213 416
400 448
199 767
64 848
486 891
433 917
190 951
90 713
634 766
398 957
3 362
247 368
91 143
41 330
132 649
226 656
273 700
695 701
152 875
369 584
461 833
117 944
711 992
49 152
167 274
171 622
251 622
142 728
686 762
60 805
778 813
688 903
628 919
179 201
433 510
12 574
285 633
228 800
99 895
429 930
191 951
87 193
52 252
192 320
319 377
85 440
327 463
250 467
479 596
557 603
420 721
154 752
286 806
385 814
628 863
64 932
684 949
252 258
517 523
31 677
33 758
909 934
4 984
42 68
7 147
148 151
314 429
143 568
115 634
112 695
523 722
169 752
258 776
679 804
778 908
853 928
256 932
168 451
175 606
236 731
427 876
187 922
36 91
313 542
333 745
300 421
30 536
637 728
268 881
728 973
44 48
71 91
121 261
60 508
73 615
456 727
2 835
357 416
379 438
43 586
496 902
292 317
213 514
113 559
259 560
555 940
211 324
107 453
218 604
531 738
428 759
872 885
108 229
229 367
409 546
35 604
224 690
482 826
257 913
361 914
919 935
776 944
849 955
926 937
43 84
170 246
64 265
23 538
477 670
78 833
362 989
3 265
87 319
213 860
474 894
6 375
114 546
208 688
580 831
888 890
147 925
543 977
123 181
26 265
55 409
508 590
749 859
254 981
11 90
173 253
201 559
227 648
1 687
502 700
583 964
902 966
528 968
808 972
663 999
22 56
103 218
499 748
476 751
267 781
603 796
788 800
544 913
161 410
387 542
27 633
257 691
7 720
77 732
206 817
889 901
157 461
321 477
552 710
122 757
490 921
946 975
10 38
96 407
340 505
84 794
668 908
196 956
16 314
82 375
233 524
140 741
17 744
111 785
579 854
438 959
351 411
404 471
409 670
588 774
251 920
165 467
249 529
566 815
105 981
536 542
225 562
182 540
407 785
529 816
271 997
485 514
347 764
828 877
715 977
377 505
82 318
288 419
220 459
600 613
274 652
213 666
332 891
557 906
265 526
517 812
665 924
708 929
267 323
417 455
178 498
88 791
631 828
364 848
382 913
222 943
186 944
32 947
907 947
99 717
95 806
666 897
44 601
68 763
476 846
638 866
679 920
188 986
154 169
43 243
91 441
209 603
159 656
710 715
629 722
619 771
465 891
106 909
875 957
16 978
273 451
112 701
444 981
213 836
735 869
383 537
501 593
488 960
524 962
955 994
101 274
114 657
187 736
703 873
282 681
508 760
700 819
715 950
585 728
462 757
283 373
102 447
104 690
89 766
342 796
749 800
675 868
428 907
753 912
295 431
132 563
158 694
719 859
419 974
325 947
674 992
265 439
433 459
442 646
491 774
144 304
149 515
613 805
431 876
131 968
116 564
131 722
155 785
269 863
455 790
221 834
152 207
94 315
397 587
437 588
402 619
169 656
477 657
27 673
625 690
346 696
33 726
520 786
719 788
817 852
484 882
786 895
548 903
662 893
74 112
10 234
82 291
2 369
130 390
16 429
392 646
346 657
19 791
235 843
415 909
689 915
636 969
497 745
187 771
63 841
329 337
168 802
14 230
91 381
52 750
185 759
613 895
171 920
100 926
246 462
234 504
103 604
355 798
97 846
689 880
307 653
521 676
68 317
359 465
243 678
552 715
408 777
44 802
724 934
265 364
51 702
493 725
473 793
112 969
31 260
51 267
201 782
80 378
314 484
479 551
467 692
697 767
381 780
361 824
727 886
77 990
76 414
41 527
307 618
210 767
688 841
161 920
549 965
89 115
304 891
482 644
476 699
190 793
138 823
232 388
160 677
749 846
213 897
311 942
287 304
421 764
60 773
593 879
145 438
315 471
12 669
738 825
289 838
761 857
304 356
17 407
55 477
462 491
233 673
258 721
318 940
285 326
229 808
157 833
328 706
39 924
169 275
357 514
424 577
668 813
693 861
328 961
399 991
281 382
401 463
126 465
358 466
192 729
59 730
320 822
346 827
526 838
138 887
680 931
210 952
164 343
263 519
405 716
198 869
860 897
265 362
435 475
528 722
724 816
71 820
66 101
674 711
538 958
90 971
960 992
413 776
681 898
384 680
154 226
167 356
21 417
392 779
96 785
283 909
962 967
366 971
354 360
174 396
176 697
270 716
386 731
672 738
443 793
88 270
136 539
807 929
415 548
196 663
396 748
439 784
238 809
757 836
50 444
212 455
508 567
186 252
658 738
539 896
712 899
71 964
64 195
135 206
153 358
390 429
215 463
224 534
315 620
437 774
262 826
45 865
850 937
615 944
534 958
456 986
73 225
48 240
58 724
605 904
410 920
384 931
624 993
161 367
57 641
486 797
503 802
88 483
170 549
344 466
242 542
62 715
58 934
151 954
92 138
219 399
107 569
390 690
279 749
337 753
216 758
631 796
293 890
104 940
113 262
318 457
188 657
380 687
185 693
251 787
480 883
123 963
155 407
552 985
519 995
54 123
41 294
120 396
416 485
232 560
431 576
299 613
496 653
574 669
272 942
176 210
77 308
304 332
341 497
262 644
328 660
48 704
193 740
443 764
252 776
283 816
562 840
166 875
97 176
330 603
357 757
559 822
655 867
15 963
307 493
547 587
631 877
775 948
129 443
391 614
595 622
803 823
142 973
489 994
37 65
783 815
697 846
691 913
52 944
629 945
109 291
194 373
207 398
118 889
635 950
2 162
322 326
387 536
150 550
98 554
282 568
518 726
176 749
858 899
14 925
848 932
651 982
531 812
70 852
144 167
62 635
462 666
886 933
681 973
152 398
478 548
641 966
321 346
2 394
130 429
0 516
297 616
622 679
191 849
685 914
124 143
608 731
473 948
77 395
285 832
643 693
651 805
341 740
561 745
543 789
451 899
45 139
606 812
57 207
106 372
433 637
434 659
269 919
386 471
87 479
485 491
360 811
798 822
4 65
236 471
8 948
854 949
395 987
107 125
188 546
210 846
875 980
106 352
367 419
525 598
608 620
623 695
303 912
357 929
381 949
907 954
485 985
204 405
129 473
56 575
220 628
66 652
603 906
915 923
650 929
3 989
423 727
291 799
256 922
186 225
252 750
676 794
204 256
258 746
233 342
201 424
17 426
183 448
481 534
34 631
653 725
579 865
600 895
129 981
219 996
210 279
11 664
769 959
633 962
25 269
124 820
105 129
290 312
136 761
645 796
60 895
943 972
20 153
27 285
90 366
262 482
543 621
410 659
649 682
534 690
572 697
640 794
504 858
643 861
478 891
869 900
853 904
220 935
284 963
606 968
204 983
159 226
618 725
297 738
572 994
73 420
199 952
402 626
116 998
168 601
118 817
178 844
69 885
19 426
512 639
496 641
209 828
343 922
287 332
427 431
212 556
142 681
437 733
442 779
45 854
808 974
212 417
532 662
158 671
25 935
16 23
235 259
6 288
248 328
321 409
659 679
210 749
623 841
766 870
613 872
197 921
910 942
420 944
244 958
171 659
200 855
537 880
3 26
104 130
129 190
391 479
95 709
795 805
212 316
489 697
222 759
338 955
53 66
165 228
347 421
369 627
613 651
178 765
132 825
421 856
606 945
387 979
715 985
45 381
159 469
550 586
134 704
560 843
632 905
28 151
393 479
3 490
38 504
12 537
106 688
611 811
623 837
521 927
151 947
220 510
331 565
115 597
512 834
0 534
581 589
209 631
664 713
521 735
599 780
361 930
269 935
99 299
100 850
103 454
23 625
648 791
629 968
817 975
62 588
512 783
625 799
70 901
86 401
462 485
277 795
538 940
823 975
322 633
225 768
415 934
177 217
20 344
26 364
667 748
662 837
425 855
107 915
150 927
461 475
409 657
146 702
307 902
479 505
74 636
166 957
41 323
282 626
562 746
139 755
590 938
629 976
281 422
262 559
228 692
168 712
426 791
874 943
49 493
387 593
294 673
512 815
773 933
635 666
143 681
330 906
123 284
239 406
143 684
57 875
217 383
244 534
146 801
555 809
487 847
635 860
300 953
732 987
219 608
115 870
246 266
436 475
447 490
116 655
615 776
374 871
214 883
621 941
465 486
556 698
259 700
22 714
784 848
665 893
725 902
493 653
300 733
300 734
552 635
357 650
855 970
562 670
597 766
684 898
143 949
145 365
642 756
849 951
388 560
139 599
462 860
561 888
777 888
706 911
484 978
48 168
110 353
214 751
312 788
135 138
224 238
129 254
355 389
157 435
150 521
123 594
496 609
226 752
501 762
342 828
234 899
130 958
56 714
231 832
463 997
75 456
436 541
379 769
192 822
645 828
52 306
389 420
44 451
377 596
832 900
30 445
482 582
589 618
326 633
557 645
635 763
170 912
220 973
143 441
297 563
601 709
193 779
39 841
471 608
699 751
73 768
883 910
700 712
249 724
78 110
485 836
196 963
596 614
168 806
59 593
557 796
882 930
378 952
225 258
109 375
160 704
582 729
753 965
252 615
408 641
6 671
443 981
304 359
384 801
567 805
413 938
756 955
82 158
29 213
101 356
16 390
271 463
20 624
278 727
361 882
10 899
739 903
723 907
28 947
940 958
251 977
192 525
185 622
647 811
387 916
681 917
92 975
52 81
104 244
186 258
132 297
183 334
481 516
195 838
800 846
789 941
347 988
195 784
661 791
877 906
586 927
441 854
553 888
13 243
18 319
348 401
177 513
336 677
793 981
44 137
124 282
505 596
56 655
509 896
122 897
127 293
251 410
39 499
435 630
540 647
838 848
201 482
419 808
698 939
271 401
373 529
174 532
503 601
119 668
117 750
170 753
329 791
539 857
627 881
50 936
473 951
298 449
356 652
294 796
527 673
454 812
530 977
606 722
590 773
362 784
320 826
478 934
385 943
386 620
693 789
129 948
215 301
459 684
41 796
297 517
390 538
266 912
148 222
64 526
610 631
63 69
171 251
188 346
85 397
47 498
224 538
510 681
135 884
164 363
244 318
156 354
338 642
510 684
552 787
734 856
91 964
423 986
117 186
131 517
412 621
199 697
746 768
686 916
126 304
55 488
346 546
516 555
512 566
198 719
474 928
133 322
533 584
491 588
695 893
97 279
175 528
152 641
139 780
431 829
495 895
427 928
147 163
219 386
437 734
312 749
793 948
957 980
205 981
803 884
298 896
6 109
282 433
353 435
418 445
356 465
272 512
156 540
343 619
317 787
105 793
687 851
418 875
220 917
588 950
642 970
73 117
164 256
35 264
201 400
295 470
416 757
281 913
646 914
750 944
286 339
252 420
201 577
126 797
639 834
775 951
39 662
338 988
78 461
227 513
182 611
162 672
341 685
530 715
449 761
525 826
220 863
787 920
612 938
823 946
196 999
3 64
50 286
335 437
307 468
874 954
82 555
495 600
6 694
847 918
880 923
637 973
35 384
55 546
150 869
13 84
176 199
35 253
132 531
153 556
572 699
572 751
246 897
133 967
534 555
595 759
151 185
144 465
340 596
415 688
373 724
408 493
570 571
67 607
175 629
489 751
168 273
254 444
245 556
193 646
371 871
293 333
26 455
357 462
224 625
269 628
32 814
685 930
370 977
151 222
75 423
169 469
520 612
485 710
317 715
470 753
99 773
311 815
484 824
911 961
65 452
325 814
542 979
496 511
199 699
685 740
545 855
669 880
632 890
684 917
278 760
320 389
662 665
153 245
47 281
194 283
292 763
680 801
702 801
138 975
189 261
269 368
12 383
56 535
34 645
364 790
568 820
821 913
79 970
92 213
508 786
412 789
28 954
936 981
27 524
474 605
615 746
161 229
67 396
155 446
114 477
264 563
459 585
25 628
46 994
273 504
175 517
472 620
80 128
97 210
425 506
322 524
733 856
56 116
357 666
475 833
724 909
552 950
868 957
674 960
830 966
49 408
352 478
121 547
433 728
302 781
359 797
480 942
8 129
108 671
449 896
648 965
114 986
231 322
10 28
40 144
125 215
157 436
581 620
225 721
283 724
406 926
31 240
287 356
113 482
489 699
146 707
305 731
710 763
164 771
358 884
10 643
425 660
387 730
417 790
176 800
75 346
314 361
400 592
499 662
695 841
64 851
287 878
731 991
852 889
113 577
225 615
603 631
162 658
237 702
726 843
676 869
352 934
49 966
222 972
346 986
26 989
24 50
160 240
222 385
250 425
260 503
390 534
607 797
349 823
855 911
529 934
873 976
190 191
189 287
626 820
533 835
686 979
30 313
521 573
66 755
326 832
253 931
274 304
4 683
638 959
621 693
26 784
438 866
268 369
262 400
824 914
371 374
519 674
148 693
309 326
82 457
309 524
357 860
777 890
110 157
406 545
424 713
768 776
501 916
40 304
254 793
163 230
255 448
89 634
645 702
759 954
32 428
468 589
381 964
95 451
244 555
138 708
161 804
987 990
501 979
79 467
340 551
75 188
238 516
385 659
586 676
274 755
28 759
381 854
829 904
436 926
949 973
11 424
294 603
8 709
392 740
294 828
814 874
47 913
851 932
679 974
101 144
97 290
42 317
299 567
153 884
317 530
582 598
342 603
845 873
134 240
234 502
459 681
132 812
549 912
746 944
455 526
79 642
623 662
46 250
235 388
58 816
413 840
740 882
195 932
767 952
34 557
394 672
79 692
331 696
36 705
49 957
302 323
528 629
506 640
542 916
29 929
508 938
179 482
222 814
344 460
42 552
79 660
140 737
482 798
625 940
204 661
364 838
338 849
1 851
206 884
119 570
163 720
324 808
883 942
188 331
105 444
329 513
413 768
38 899
622 920
36 124
104 224
27 231
230 351
9 382
186 413
173 454
57 511
68 552
551 596
637 681
535 683
23 690
441 780
314 824
207 875
723 947
716 983
113 424
58 529
99 600
566 639
468 725
370 861
874 947
517 968
611 647
418 675
382 821
559 826
582 826
640 850
796 877
209 906
36 143
276 458
493 511
371 665
578 665
199 846
600 885
152 511
251 679
550 735
108 974
5 173
795 982
73 413
490 522
111 744
80 847
228 859
701 885
509 997
355 822
320 798
58 373
557 610
716 932
61 226
21 556
74 578
628 772
363 922
763 985
308 987
97 312
32 434
240 601
316 526
403 723
58 106
104 538
773 786
318 799
194 816
109 158
133 231
366 654
142 684
44 712
275 742
817 823
325 428
311 639
237 668
480 815
85 261
145 379
286 451
20 460
8 503
24 709
235 726
43 794
708 887
344 993
32 151
84 243
316 364
172 379
430 487
352 688
751 800
89 810
537 818
695 837
728 863
508 933
238 940
429 958
513 965
44 273
517 658
290 749
619 785
312 859
576 876
274 287
114 331
62 552
398 675
651 786
807 887
484 914
777 966
706 988
65 147
236 305
425 467
399 468
443 775
7 93
57 398
289 455
319 551
144 652
55 657
426 661
514 757
749 767
482 782
641 902
36 964
390 978
471 996
208 893
422 569
499 667
568 681
299 795
11 400
293 497
632 830
88 204
63 208
24 339
289 364
174 499
281 569
164 736
634 870
66 304
63 623
455 698
108 808
903 909
432 912
554 929
490 989
15 89
233 330
353 376
272 480
46 692
246 836
128 918
246 303
400 713
15 870
862 891
25 728
510 585
485 897
721 992
45 441
3 921
48 95
272 311
161 659
742 752
206 887
397 597
103 707
71 754
224 457
734 953
87 377
325 434
315 581
525 644
91 949
5 35
149 512
114 670
655 714
138 803
299 773
792 795
40 891
118 975
628 999
111 155
24 451
36 568
192 598
546 670
451 806
206 975
158 288
113 400
464 787
8 793
122 836
261 878
2 881
227 965
63 112
51 801
601 806
112 837
735 900
863 919
59 762
97 767
787 804
780 854
695 924
190 948
6 108
132 454
531 563
51 645
13 676
202 734
707 778
372 909
230 925
284 956
114 346
521 586
173 604
415 739
771 785
138 807
248 911
771 922
80 952
61 159
292 367
368 404
579 599
299 600
374 665
556 790
292 552
669 689
478 739
232 843
125 923
659 972
9 982
26 195
195 455
40 478
320 525
396 532
394 658
511 725
721 746
414 772
245 803
273 899
16 958
291 375
140 578
269 585
315 608
48 601
296 629
526 784
506 794
44 806
503 806
220 772
759 947
21 460
667 739
107 770
523 812
418 868
650 897
19 204
38 502
86 857
229 288
86 463
178 647
504 712
526 932
375 671
41 781
780 865
595 941
326 962
81 306
58 415
104 481
284 663
39 837
76 870
305 996
184 453
304 486
31 704
402 705
73 721
207 868
517 531
627 629
745 890
315 386
520 773
408 902
39 72
9 136
177 295
296 584
522 687
210 918
496 966
588 985
259 273
151 325
180 386
244 390
207 393
424 448
609 653
527 796
76 865
550 869
119 873
570 873
795 895
130 978
514 635
464 715
455 747
691 770
220 898
108 367
199 751
349 358
299 651
226 741
218 264
291 318
177 818
202 856
567 612
337 648
262 822
719 900
67 174
35 218
163 280
124 402
65 535
440 810
185 222
524 673
407 744
639 783
203 877
681 949
268 296
146 384
530 622
128 487
335 733
127 745
433 949
203 209
210 476
203 603
641 725
170 757
585 917
447 989
31 160
253 264
46 338
143 433
110 461
204 483
171 530
379 602
610 645
317 710
420 776
740 779
81 826
394 835
414 870
439 921
714 998
589 609
413 721
68 901
476 952
117 306
200 660
490 687
1 736
345 825
445 987
148 428
246 491
412 595
589 620
452 683
75 827
155 880
819 899
430 918
62 485
343 363
343 405
246 650
852 975
319 505
29 975
43 640
11 654
169 742
699 767
106 934
303 335
382 691
281 770
105 948
29 357
49 496
87 646
335 734
579 772
464 789
292 920
528 945
28 38
40 529
30 542
60 760
639 910
35 931
219 236
139 865
196 284
266 335
441 684
622 693
226 737
790 838
943 954
365 959
40 66
79 165
184 422
355 525
338 756
810 870
511 875
224 958
140 226
319 442
491 514
100 545
91 568
531 658
279 788
16 930
154 159
148 659
290 800
199 210
25 220
95 503
547 597
277 805
496 618
103 778
273 819
773 895
61 275
410 530
239 640
548 934
22 116
461 541
530 679
173 707
434 808
768 944
46 79
365 379
654 713
93 720
613 786
205 793
342 906
146 908
8 981
219 223
42 292
331 477
117 776
520 805
331 827
700 842
49 875
225 938
659 974
130 993
532 667
192 389
57 408
141 461
354 647
98 648
208 695
803 807
270 838
443 951
129 205
212 364
491 836
604 908
485 950
172 959
655 998
268 627
321 670
271 857
72 924
502 858
114 409
436 461
461 654
350 677
402 820
152 868
723 954
88 227
76 579
600 795
125 915
520 938
231 962
493 980
122 213
257 360
241 458
283 529
180 608
143 626
379 638
884 887
736 922
191 955
223 990
143 381
21 553
228 756
352 909
457 940
243 334
97 751
812 825
376 833
123 956
258 413
389 615
747 838
143 282
380 490
86 509
289 526
88 744
47 770
218 813
101 139
339 444
629 845
617 942
733 953
53 332
497 993
274 465
22 683
40 724
490 784
332 797
206 803
716 838
697 883
793 951
166 398
295 427
106 548
13 794
54 284
15 414
214 476
416 491
209 610
616 658
185 659
573 735
24 802
678 850
403 907
0 104
41 233
56 452
384 604
343 785
706 970
144 287
260 601
340 614
112 636
39 695
252 746
99 805
311 910
460 939
27 233
902 905
9 913
52 73
55 321
14 351
303 432
213 462
75 565
573 676
65 683
91 820
721 840
232 842
597 892
317 920
735 927
489 955
935 999
616 672
493 905
678 937
708 803
847 952
429 484
460 556
297 658
328 855
632 864
333 882
524 527
419 671
546 840
42 860
82 109
464 621
564 655
244 799
85 810
151 943
348 997
32 222
316 455
22 535
137 168
362 364
377 391
358 460
217 513
376 630
225 840
102 921
772 935
185 410
26 526
151 595
71 705
442 740
79 855
405 932
198 290
210 487
517 672
483 791
48 273
224 799
301 820
139 167
166 493
228 994
387 501
241 878
326 967
453 689
685 779
78 366
645 877
171 974
379 388
18 479
165 507
96 744
712 819
516 852
24 95
250 507
618 653
39 688
209 796
146 237
359 478
491 635
81 117
187 405
186 615
784 932
710 787
349 884
390 940
578 969
721 776
138 929
34 209
19 227
94 386
268 533
516 534
136 544
410 595
583 780
791 983
17 785
834 942
65 93
261 274
447 522
16 538
573 719
202 733
736 851
465 862
576 912
339 936
572 955
60 99
227 426
342 673
98 807
735 832
225 944
34 702
363 771
121 810
887 946
44 240
299 520
249 583
72 893
344 358
684 728
669 915
707 931
331 960
408 632
69 701
876 928
110 475
148 622
42 635
517 722
228 788
213 929
588 710
903 934
147 984
179 262
398 418
71 143
402 446
137 601
250 642
531 672
872 895
189 241
567 773
57 830
53 167
319 393
335 491
659 808
644 822
424 644
339 861
504 899
254 948
446 619
533 627
94 236
23 244
230 280
439 490
395 609
32 759
290 900
699 910
566 948
398 980
56 93
91 124
530 552
842 843
218 454
191 480
383 669
600 805
759 943
25 247
110 376
122 416
299 495
589 653
550 676
311 699
601 704
40 934
426 983
142 282
358 624
134 137
46 165
54 196
205 421
126 478
320 482
337 513
563 606
275 717
326 718
420 729
556 747
356 755
151 907
239 937
659 943
23 958
117 258
257 647
497 882
135 349
180 620
491 897
191 473
413 615
234 700
260 783
613 885
141 353
309 832
512 942
180 236
195 316
222 325
416 635
563 649
309 673
345 682
662 748
821 982
265 455
636 701
48 259
184 281
372 415
246 416
823 884
263 355
238 375
271 422
376 436
190 443
458 494
585 919
188 477
262 577
43 676
692 756
622 789
795 872
579 949
409 992
87 391
200 406
231 524
58 372
1 380
84 678
282 684
509 761
515 834
853 894
52 186
324 385
296 627
286 709
749 751
525 782
131 812
55 840
787 950
55 331
455 556
480 639
139 652
675 875
409 960
70 975
307 511
534 538
627 968
223 308
281 544
440 634
307 641
366 713
498 770
571 782
728 935
46 955
182 360
179 525
142 220
80 430
146 604
715 763
719 800
318 809
317 985
261 287
113 592
527 828
173 218
520 590
718 967
72 174
50 254
287 359
40 465
119 703
364 784
103 253
23 390
411 450
523 528
528 584
335 588
181 594
466 624
233 633
198 735
541 833
425 970
743 995
5 384
324 972
396 667
559 798
119 813
483 838
637 684
809 852
257 281
126 287
315 368
285 735
765 770
786 795
610 877
24 168
54 181
192 263
517 563
347 856
546 960
420 746
69 841
922 932
657 960
432 470
559 582
243 586
562 590
627 722
162 835
746 938
361 978
13 550
141 157
288 367
376 461
491 666
41 828
506 855
130 534
310 611
55 674
575 720
598 822
242 868
93 147
42 666
387 762
34 877
410 974
11 366
248 605
413 670
318 690
554 887
663 919
90 424
318 534
278 590
561 632
1 637
554 803
636 872
768 992
205 347
604 813
40 356
282 363
425 507
209 645
124 681
361 779
641 905
780 964
382 422
237 631
220 637
297 672
760 886
282 898
527 603
320 750
768 840
26 848
772 999
76 89
251 464
482 598
198 832
171 185
336 512
293 553
453 569
499 623
168 709
86 761
251 789
135 946
925 984
131 218
340 391
89 414
196 414
555 690
483 716
808 814
251 543
99 786
526 790
431 853
97 228
135 245
156 611
585 637
325 759
208 924
94 608
247 863
122 246
633 673
201 826
28 858
265 932
283 934
653 966
161 530
313 593
529 909
642 911
362 921
566 942
602 959
453 923
321 986
537 574
237 645
218 707
82 799
134 232
457 534
542 675
507 692
176 699
348 754
562 776
0 809
650 836
15 196
477 960
53 261
471 620
498 691
277 613
353 833
319 392
364 439
8 775
279 859
701 969
128 279
87 596
688 739
830 890
3 195
275 278
227 337
331 409
225 420
488 519
29 708
628 728
105 775
59 916
943 947
783 948
246 549
171 595
559 598
635 715
381 599
815 834
369 835
129 951
496 980
166 207
81 252
136 382
287 486
401 509
603 645
420 750
238 694
177 876
34 906
716 922
17 88
96 343
64 364
192 482
39 532
548 688
35 778
277 786
563 825
607 862
293 888
577 644
53 652
452 984
990 991
622 659
122 708
661 716
112 893
125 453
565 657
651 895
299 508
83 576
569 691
409 721
517 945
214 994
729 822
495 872
838 983
309 322
263 674
127 888
857 896
183 577
367 679
659 759
118 809
38 907
176 952
145 959
258 750
950 977
683 984
41 906
430 952
59 979
961 988
137 259
122 462
395 468
118 516
31 601
330 673
492 696
681 728
252 768
127 777
262 782
644 826
382 857
829 894
237 908
65 925
441 964
279 290
391 505
10 819
143 820
841 893
585 898
414 956
98 708
436 850
625 958
208 499
298 539
266 549
119 571
427 829
218 908
503 948
64 439
251 715
434 759
161 622
110 630
657 670
640 678
685 824
824 930
727 986
53 101
95 137
98 483
292 530
545 660
30 675
144 755
561 777
667 797
127 830
553 890
249 283
195 362
507 573
451 802
385 974
28 234
740 914
82 224
318 694
44 704
55 721
417 747
543 787
321 840
770 844
264 604
317 635
571 845
3 848
784 851
700 858
492 960
309 962
246 514
402 568
729 798
285 322
76 599
330 631
507 676
499 739
303 753
707 801
757 929
350 515
631 702
773 805
195 439
364 747
485 763
617 834
575 867
83 912
242 340
270 426
432 576
572 883
194 896
185 941
75 114
232 235
75 696
42 901
133 962
95 286
262 525
201 592
318 625
621 643
145 843
701 872
20 884
456 886
199 918
804 977
784 989
362 455
415 478
442 479
179 571
159 742
62 787
159 169
283 372
66 465
240 677
543 861
567 895
372 903
367 920
71 381
364 417
399 618
455 848
157 353
140 469
330 557
553 561
13 927
266 753
389 721
699 846
63 885
147 230
95 712
216 235
168 286
619 626
846 859
300 347
156 360
121 397
282 736
50 105
198 521
595 804
388 842
316 848
213 757
286 802
49 830
112 924
85 115
214 311
99 760
349 975
84 586
165 719
61 742
295 928
71 124
520 760
146 778
792 805
349 852
104 429
369 528
183 592
339 643
44 709
185 412
96 426
315 472
600 636
43 678
643 899
238 291
229 385
7 452
285 524
485 588
400 644
677 704
767 800
491 860
459 863
958 978
140 374
25 459
199 487
355 598
460 698
389 768
789 977
593 979
72 396
199 910
541 937
641 957
197 989
188 456
166 496
122 514
25 637
507 794
406 850
839 871
571 976
27 150
247 522
87 779
10 412
393 596
495 636
341 745
712 858
579 973
135 975
195 289
81 320
288 375
513 791
39 63
149 350
189 440
368 581
74 701
446 785
721 944
440 547
72 623
306 750
744 791
114 886
96 405
617 639
434 874
961 970
245 358
204 426
213 485
142 585
36 626
623 665
46 228
153 344
395 399
151 434
201 525
314 685
491 985
565 986
282 637
763 860
499 893
576 928
313 979
595 789
730 979
212 245
158 291
246 357
473 480
567 651
206 358
250 756
597 810
869 927
128 210
882 914
28 148
256 270
145 388
0 457
303 549
85 597
297 606
125 689
312 719
729 750
403 758
188 886
213 946
128 952
57 966
177 383
549 650
788 846
17 204
25 510
454 649
595 659
97 719
340 377
166 408
468 496
160 500
588 635
603 673
234 712
275 727
254 775
336 783
29 823
489 883
53 891
63 893
7 925
164 932
62 977
273 502
294 524
124 705
122 807
763 950
225 252
136 449
147 452
403 502
121 189
22 575
330 645
453 770
254 936
846 952
535 564
372 688
275 752
201 822
25 917
173 931
441 599
610 702
333 740
287 891
49 902
208 903
49 905
787 985
389 992
92 357
111 426
564 575
330 877
207 980
228 250
108 324
727 742
73 750
99 613
2 627
395 725
85 766
278 773
266 432
341 484
84 506
239 506
113 525
492 565
222 595
165 756
67 797
595 861
590 886
620 996
222 410
112 665
409 711
96 771
82 809
578 837
256 848
161 251
223 399
345 563
212 698
47 765
775 981
77 445
71 568
623 688
593 916
897 929
373 509
284 594
238 244
353 475
395 511
255 592
135 708
210 751
48 802
286 899
730 916
827 986
568 684
544 857
294 906
477 992
85 587
610 668
16 690
451 700
298 761
635 836
163 925
130 930
889 975
657 986
100 200
20 349
83 470
90 306
258 389
148 410
223 731
186 768
838 932
138 206
161 292
336 350
161 419
340 479
162 528
238 534
196 594
5 680
537 689
105 709
254 709
495 773
283 509
121 634
302 702
135 807
797 891
670 938
52 258
462 650
188 670
84 676
217 744
114 840
991 996
462 635
643 789
329 549
337 650
38 700
864 888
433 568
508 612
309 735
538 799
29 807
331 986
399 990
36 754
641 830
476 883
446 923
318 516
242 536
405 771
481 809
888 905
395 990
96 155
64 256
133 285
150 285
327 509
762 879
166 966
666 985
508 805
306 366
314 390
220 579
261 652
227 661
586 794
475 937
265 989
183 400
13 521
485 552
395 618
156 647
700 899
392 914
585 973
882 978
408 980
90 664
56 867
210 312
48 712
343 736
795 885
338 994
389 582
131 629
67 667
666 757
783 942
193 319
243 640
169 717
25 919
860 985
104 555
191 572
307 589
212 838
851 922
257 382
393 398
339 412
30 418
7 575
112 623
614 686
668 778
192 826
966 980
150 309
340 393
214 480
60 590
454 606
85 634
389 674
562 768
245 887
136 896
316 483
228 751
610 906
443 473
492 711
659 814
792 821
133 832
816 909
228 719
49 725
136 821
428 943
49 207
95 240
276 411
391 551
132 616
371 662
510 863
499 924
10 941
338 706
171 222
190 480
176 859
45 949
158 238
134 500
260 677
626 705
84 850
381 865
181 892
22 452
799 940
186 420
0 555
493 609
595 643
590 670
888 939
478 486
191 489
353 541
260 566
187 619
60 651
90 654
666 763
733 774
92 823
865 949
81 971
363 851
229 679
339 941
147 720
717 895
657 840
71 441
103 563
680 707
1 363
120 720
313 916
194 997
180 368
62 491
321 565
277 567
164 716
656 742
9 792
164 851
441 865
92 929
929 946
632 966
426 483
366 664
639 883
516 940
317 950
110 541
430 617
62 763
266 774
26 64
170 337
152 408
188 409
110 435
259 504
517 528
464 530
19 716
549 757
232 769
746 840
287 862
830 888
521 900
840 938
156 306
251 370
642 660
52 776
57 868
202 300
203 557
523 629
489 756
204 922
96 204
470 549
498 647
480 699
279 846
439 848
481 940
195 790
393 868
236 315
222 428
2 584
424 592
310 612
183 664
185 679
693 759
763 787
772 919
0 940
404 620
427 853
535 984
232 259
224 390
57 493
466 556
328 605
185 804
47 844
6 82
215 401
6 419
257 544
245 747
176 788
263 798
302 801
750 826
455 838
663 956
422 463
259 502
362 526
381 583
626 681
477 711
636 717
424 826
662 839
725 966
40 53
575 655
313 730
730 762
76 772
105 936
181 963
36 381
217 537
553 632
134 677
543 715
48 842
29 887
30 242
99 872
641 875
79 911
863 917
417 939
81 944
421 953
710 977
1 142
64 362
345 531
60 613
236 620
562 721
8 806
798 826
102 472
786 792
95 273
261 356
392 479
373 909
169 226
25 380
185 428
222 679
331 711
201 448
333 561
399 609
615 750
273 842
9 857
285 962
307 395
422 770
609 902
669 923
283 298
18 340
362 490
468 620
621 622
416 650
91 754
270 791
137 842
321 960
50 981
214 767
684 854
125 184
51 323
457 481
331 492
34 668
544 691
106 739
719 749
701 841
314 882
556 884
233 962
180 996
53 359
176 279
11 577
47 647
517 738
815 910
511 957
472 618
176 214
605 961
162 369
347 443
453 574
13 640
362 848
14 147
220 433
177 470
409 562
600 717
726 758
282 917
242 979
849 994
36 441
207 551
179 577
228 749
402 771
191 775
617 883
431 470
55 670
165 800
70 817
708 946
920 974
621 977
194 249
106 283
224 516
491 757
260 802
887 975
301 348
11 448
759 907
200 911
880 915
972 974
3 526
5 707
388 866
715 920
140 154
595 679
577 713
409 768
839 867
299 872
155 923
78 157
3 364
42 485
439 526
113 826
152 830
148 171
48 451
219 620
229 659
88 716
659 804
35 454
257 498
91 684
694 799
676 927
567 938
920 977
106 298
21 455
249 754
58 903
288 974
468 653
864 989
308 991
542 762
440 878
685 978
280 411
304 862
574 915
481 555
642 692
388 726
51 906
548 909
323 342
310 354
297 454
47 569
72 667
572 756
193 914
16 130
234 273
75 331
318 375
130 481
89 597
113 822
214 846
292 901
222 954
248 988
53 126
413 612
585 772
222 808
135 817
904 928
599 949
824 978
849 988
277 299
546 711
144 891
29 122
173 384
138 554
94 620
251 621
453 669
225 670
184 691
256 838
757 860
107 923
532 924
141 178
247 380
386 404
161 808
37 925
94 996
21 153
105 443
19 648
79 507
182 647
734 774
247 919
58 249
137 273
182 306
200 328
297 345
271 509
476 572
112 578
133 633
74 695
642 706
780 949
562 612
650 708
428 723
478 903
113 448
328 642
355 826
393 957
18 87
15 123
27 735
264 812
289 848
199 883
413 944
230 411
593 762
50 806
204 838
131 528
646 740
760 786
738 812
166 868
171 367
326 524
448 713
658 825
121 878
815 883
119 908
100 937
477 721
690 799
466 884
307 966
418 987
266 491
480 566
339 621
151 659
657 711
172 866
355 482
841 903
642 955
26 417
197 490
418 511
266 757
716 848
234 907
132 264
66 287
178 353
141 475
162 533
318 538
98 661
657 696
273 858
229 972
107 422
427 558
149 639
736 771
567 792
649 825
72 837
458 878
86 896
242 916
522 921
695 969
642 994
191 214
148 434
218 606
319 614
548 667
361 740
19 744
46 970
713 971
327 422
435 833
365 866
184 915
368 919
552 977
193 479
408 496
427 580
574 580
69 695
205 775
51 781
491 950
424 559
260 709
10 907
25 142
83 303
118 349
49 398
460 553
399 731
729 826
665 839
256 851
143 973
53 189
431 474
300 764
520 895
242 313
199 378
170 462
528 606
703 782
420 992
168 240
38 403
289 417
170 650
303 774
725 980
191 311
476 489
595 621
532 893
508 895
692 719
428 874
442 914
663 963
110 178
319 340
127 632
271 761
555 799
697 800
616 812
150 900
32 907
204 932
233 309
375 457
789 804
418 980
101 261
323 330
425 692
717 773
367 808
782 873
206 946
206 852
8 444
239 545
51 631
252 721
292 787
836 929
41 267
62 317
254 443
439 455
179 822
637 863
324 419
389 488
437 491
32 972
58 194
78 654
248 970
125 463
251 595
120 748
546 986
212 526
235 700
224 809
213 650
220 684
259 712
551 868
511 966
390 625
255 577
199 617
296 873
707 908
440 652
24 899
613 792
371 837
858 907
100 506
24 44
534 809
459 935
272 948
286 712
155 689
137 160
270 316
75 321
47 382
404 608
203 673
612 746
834 910
148 941
476 749
150 573
666 710
325 907
480 910
868 980
301 463
235 518
552 920
816 934
495 613
115 121
341 361
282 510
179 592
267 645
93 683
381 684
491 710
615 729
469 741
381 754
567 760
55 768
228 846
710 860
53 878
325 972
399 608
117 615
165 859
215 327
301 402
175 627
196 772
413 420
372 449
155 619
500 638
467 719
379 843
127 333
468 472
322 718
513 753
91 780
633 832
608 991
148 412
205 951
371 578
553 745
672 825
120 867
86 136
105 503
634 755
462 774
650 807
782 822
541 926
11 971
59 387
166 418
8 473
477 562
523 563
567 590
240 802
841 924
388 959
696 986
47 178
199 214
270 405
97 476
16 484
264 649
698 790
692 800
227 744
495 805
720 867
879 916
253 682
340 686
323 796
25 898
390 930
751 994
269 999
296 598
526 747
42 213
394 533
546 565
177 576
41 603
188 727
395 732
622 787
174 797
528 881
186 562
42 710
760 938
879 979
16 104
108 158
2 528
188 565
634 652
130 690
665 695
223 732
57 905
702 906
341 930
933 938
650 965
541 630
49 307
86 422
242 505
441 681
452 720
157 937
93 984
67 120
68 367
10 504
198 507
102 581
403 819
148 954
304 478
45 583
58 352
290 573
553 698
253 707
830 957
743 960
104 625
26 698
711 743
200 904
464 950
209 330
18 377
501 686
238 799
633 967
305 386
615 992
303 470
513 648
87 740
505 868
807 946
164 204
27 326
245 466
71 583
592 644
658 812
407 880
42 985
30 387
417 460
561 830
832 869
805 872
459 949
248 953
459 628
388 769
803 946
854 973
315 996
7 535
349 887
613 982
38 712
511 902
40 359
205 444
424 482
568 705
259 843
48 134
7 230
186 612
179 703
589 725
485 774
744 818
76 854
145 866
63 924
502 712
121 766
712 806
253 384
369 394
554 648
389 750
577 782
210 800
150 832
573 832
572 846
372 896
308 395
451 504
311 566
272 834
100 640
367 671
471 731
174 739
489 846
82 940
809 940
871 998
327 348
242 387
254 503
12 580
275 656
422 691
74 837
387 879
148 943
764 981
274 440
579 684
383 876
346 477
107 689
261 810
767 918
231 967
333 993
357 485
618 620
95 704
476 910
71 348
90 400
117 420
115 440
530 543
434 954
291 555
176 572
299 760
94 368
396 499
336 566
39 665
24 712
661 838
598 845
327 857
481 958
250 970
52 971
228 290
176 489
210 788
175 812
635 897
623 701
166 725
265 838
154 275
302 645
298 909
791 965
40 274
130 314
153 417
165 425
200 605
507 719
75 727
279 767
492 827
139 854
578 871
27 962
316 983
641 653
329 753
513 818
470 876
141 376
146 813
131 563
241 587
117 746
427 831
10 693
203 828
383 880
240 260
194 401
367 410
10 428
21 466
398 551
289 556
102 589
257 611
597 634
514 650
132 682
63 688
28 723
423 742
275 886
200 894
784 921
244 457
310 540
312 800
6 211
451 601
75 657
137 802
207 830
475 630
648 661
325 723
449 857
527 906
220 919
370 941
347 953
51 146
225 612
584 629
168 899
194 348
361 429
221 512
531 606
525 729
179 424
429 882
229 671
208 837
374 837
723 874
423 886
247 935
951 955
58 298
111 343
506 507
218 523
122 554
237 557
73 562
157 630
570 668
153 698
267 702
660 706
440 766
517 825
657 827
627 976
7 65
385 419
377 442
62 464
241 494
555 625
386 991
9 277
348 463
414 579
208 662
268 845
33 235
187 256
45 579
186 721
19 98
83 202
24 254
380 447
532 623
739 934
0 130
185 643
198 676
670 721
407 426
266 462
135 554
356 891
808 943
817 946
524 967
886 986
835 881
118 901
109 211
332 356
45 964
622 977
598 782
279 800
34 828
602 866
5 103
29 135
53 486
97 697
282 973
263 995
300 437
27 527
245 790
70 809
977 985
47 360
125 569
171 229
88 648
216 843
40 126
3 447
395 496
74 665
210 697
145 726
138 213
178 360
124 684
592 782
416 929
195 256
23 429
538 555
22 655
32 723
136 271
189 458
484 740
708 823
179 873
441 579
283 415
124 433
465 478
137 560
436 678
62 774
277 821
199 847
206 245
114 456
147 535
173 563
452 564
478 724
63 837
617 847
11 183
176 228
435 436
473 566
754 780
279 952
79 756
188 423
99 508
256 526
115 547
404 581
89 594
687 784
60 795
584 845
119 976
17 19
74 140
450 458
228 489
260 512
42 514
65 575
534 625
0 224
131 454
106 841
502 842
337 912
44 286
251 317
148 679
246 753
264 707
246 774
98 791
324 814
8 24
236 404
199 430
526 716
545 904
441 973
317 977
5 264
342 631
37 683
469 737
605 853
622 861
28 185
103 384
234 403
245 460
170 470
289 483
575 683
168 704
818 880
179 400
284 591
