1000 5258 59.0 sparse
0 822 542
1 887 635
2 552 592
3 513 255
4 437 917
5 1000 962
6 181 566
7 313 93
8 81 932
9 624 634
10 410 870
11 884 613
12 170 954
13 778 705
14 738 761
15 630 293
16 117 864
17 346 847
18 208 615
19 922 969
20 622 625
21 223 621
22 898 817
23 372 498
24 265 583
25 384 651
26 179 839
27 937 136
28 850 451
29 925 672
30 578 606
31 445 675
32 132 989
33 273 843
34 664 240
35 144 872
36 722 69
37 5 379
38 275 98
39 719 363
40 110 108
41 869 765
42 717 963
43 795 363
44 420 974
45 493 677
46 871 144
47 735 235
48 786 678
49 72 877
50 724 925
51 773 41
52 406 259
53 301 938
54 358 62
55 100 687
56 579 830
57 895 498
58 632 907
59 814 907
60 45 635
61 936 718
62 62 378
63 549 358
64 422 914
65 478 256
66 558 146
67 331 24
68 305 614
69 814 978
70 711 519
71 445 305
72 92 328
73 380 726
74 448 290
75 264 313
76 783 907
77 466 680
78 464 924
79 275 706
80 968 569
81 681 421
82 460 960
83 991 991
84 262 521
85 186 261
86 707 257
87 315 434
88 482 281
89 184 866
90 583 676
91 828 998
92 212 73
93 768 341
94 199 905
95 303 725
96 551 666
97 396 499
98 628 955
99 263 730
100 113 805
101 717 38
102 647 324
103 656 103
104 553 984
105 99 619
106 653 881
107 62 633
108 493 498
109 741 166
110 983 275
111 5 393
112 248 579
113 13 614
114 185 977
115 928 728
116 194 285
117 829 564
118 339 267
119 366 594
120 132 705
121 393 409
122 155 640
123 790 817
124 118 498
125 410 702
126 440 653
127 665 613
128 802 189
129 499 589
130 201 261
131 819 792
132 791 17
133 102 919
134 780 496
135 227 527
136 791 402
137 748 17
138 106 744
139 163 312
140 694 773
141 251 43
142 919 864
143 458 894
144 686 902
145 158 720
146 682 628
147 614 222
148 703 761
149 795 544
150 270 84
151 322 560
152 938 821
153 574 433
154 933 124
155 952 81
156 115 976
157 906 859
158 358 322
159 112 760
160 196 187
161 43 412
162 698 378
163 499 347
164 491 292
165 421 321
166 802 461
167 733 221
168 11 246
169 38 76
170 459 736
171 602 240
172 14 449
173 310 683
174 950 249
175 267 880
176 767 178
177 785 125
178 622 438
179 900 4
180 874 960
181 396 935
182 139 813
183 629 382
184 835 104
185 510 164
186 79 898
187 364 712
188 201 805
189 586 187
190 588 540
191 388 604
192 872 772
193 159 437
194 707 707
195 917 15
196 836 475
197 343 584
198 399 107
199 276 472
200 295 544
201 316 226
202 997 271
203 874 109
204 303 888
205 471 950
206 677 13
207 644 771
208 9 414
209 389 871
210 281 222
211 121 465
212 479 964
213 132 408
214 950 151
215 877 420
216 388 453
217 33 631
218 635 291
219 72 722
220 524 773
221 133 10
222 832 968
223 369 211
224 125 32
225 953 285
226 528 940
227 184 55
228 98 920
229 744 776
230 51 132
231 683 194
232 375 329
233 14 752
234 814 631
235 693 105
236 976 366
237 351 917
238 712 824
239 481 806
240 486 731
241 150 677
242 599 230
243 742 70
244 490 740
245 756 51
246 18 882
247 423 230
248 922 861
249 312 826
250 138 157
251 708 633
252 217 196
253 4 453
254 85 298
255 651 360
256 27 349
257 798 378
258 133 594
259 900 654
260 327 705
261 544 182
262 238 307
263 279 462
264 329 426
265 997 725
266 296 743
267 205 205
268 954 127
269 157 562
270 113 628
271 266 512
272 383 859
273 884 732
274 287 242
275 350 162
276 913 509
277 506 839
278 931 960
279 963 619
280 30 34
281 523 977
282 102 463
283 690 544
284 352 87
285 380 733
286 155 34
287 848 279
288 41 24
289 78 163
290 651 104
291 11 244
292 125 592
293 358 767
294 458 525
295 292 462
296 773 136
297 238 595
298 530 492
299 827 23
300 82 495
301 633 602
302 248 240
303 759 719
304 420 418
305 987 732
306 106 429
307 752 905
308 635 448
309 630 540
310 396 461
311 957 246
312 665 520
313 126 361
314 731 54
315 704 209
316 808 792
317 715 902
318 136 883
319 229 567
320 466 944
321 513 868
322 870 913
323 447 12
324 505 845
325 81 135
326 532 543
327 27 293
328 733 670
329 346 828
330 78 263
331 234 772
332 845 441
333 374 779
334 499 99
335 27 279
336 521 388
337 454 597
338 937 917
339 754 37
340 205 411
341 194 519
342 301 914
343 330 737
344 778 781
345 116 598
346 839 377
347 706 512
348 346 819
349 794 778
350 85 158
351 464 971
352 273 524
353 497 276
354 206 847
355 74 885
356 981 829
357 796 305
358 346 274
359 800 769
360 415 886
361 91 58
362 957 733
363 487 497
364 725 368
365 263 527
366 516 247
367 722 933
368 678 147
369 870 821
370 840 472
371 845 44
372 987 373
373 491 287
374 528 103
375 492 495
376 357 6
377 99 846
378 28 612
379 751 988
380 444 851
381 522 443
382 509 453
383 873 779
384 1 560
385 115 438
386 69 234
387 897 178
388 257 743
389 244 866
390 546 568
391 759 694
392 917 291
393 314 520
394 117 904
395 636 928
396 263 690
397 862 246
398 400 223
399 859 217
400 313 127
401 753 190
402 96 594
403 806 862
404 120 346
405 886 401
406 929 410
407 965 306
408 310 498
409 62 227
410 881 879
411 549 424
412 773 742
413 959 40
414 620 183
415 444 940
416 789 162
417 245 155
418 428 369
419 638 232
420 930 58
421 420 534
422 432 110
423 174 879
424 47 303
425 846 768
426 292 533
427 33 820
428 261 733
429 229 808
430 691 838
431 815 520
432 606 627
433 971 405
434 282 373
435 599 704
436 840 619
437 777 627
438 550 825
439 697 74
440 738 741
441 983 376
442 733 323
443 398 302
444 270 828
445 74 571
446 427 446
447 356 976
448 621 416
449 504 916
450 33 786
451 499 983
452 362 612
453 714 182
454 231 992
455 482 867
456 718 624
457 174 817
458 613 909
459 236 499
460 925 373
461 614 605
462 801 456
463 742 140
464 164 744
465 913 939
466 467 849
467 890 443
468 42 814
469 285 824
470 279 270
471 43 595
472 102 771
473 972 569
474 846 851
475 312 538
476 111 170
477 537 640
478 914 776
479 662 510
480 403 697
481 34 594
482 207 135
483 416 948
484 173 308
485 154 670
486 338 772
487 342 479
488 925 852
489 262 251
490 374 478
491 391 846
492 392 872
493 515 414
494 567 265
495 470 548
496 689 41
497 379 306
498 867 538
499 317 302
500 951 312
501 222 591
502 520 618
503 115 606
504 257 156
505 165 851
506 735 762
507 419 873
508 638 866
509 835 643
510 444 211
511 704 64
512 143 927
513 238 136
514 813 538
515 344 885
516 236 161
517 870 569
518 450 706
519 34 694
520 646 401
521 499 437
522 291 681
523 33 915
524 396 958
525 623 893
526 523 843
527 273 893
528 216 395
529 870 687
530 99 691
531 326 29
532 530 586
533 249 848
534 976 58
535 480 800
536 600 402
537 295 193
538 577 717
539 360 294
540 373 828
541 234 423
542 664 21
543 947 874
544 662 334
545 142 892
546 472 700
547 361 742
548 392 402
549 522 234
550 682 541
551 227 880
552 49 783
553 520 217
554 223 467
555 777 862
556 816 725
557 791 121
558 559 250
559 596 867
560 971 649
561 433 780
562 57 157
563 659 60
564 849 827
565 90 262
566 577 93
567 36 837
568 504 572
569 421 748
570 620 919
571 294 565
572 329 504
573 907 226
574 559 224
575 603 571
576 339 453
577 341 499
578 334 229
579 395 244
580 663 663
581 515 541
582 584 960
583 787 948
584 162 335
585 892 652
586 45 453
587 997 707
588 900 879
589 786 874
590 476 467
591 988 26
592 933 588
593 52 498
594 871 585
595 395 788
596 821 416
597 619 151
598 268 715
599 403 846
600 494 607
601 675 922
602 714 380
603 824 827
604 737 689
605 220 537
606 304 967
607 333 272
608 154 253
609 850 519
610 230 184
611 695 479
612 913 990
613 585 694
614 642 203
615 321 154
616 938 449
617 78 430
618 850 72
619 113 471
620 951 412
621 983 992
622 974 281
623 572 769
624 481 437
625 514 146
626 100 415
627 884 751
628 299 143
629 318 463
630 3 830
631 905 5
632 393 690
633 715 75
634 327 964
635 79 866
636 517 281
637 316 298
638 561 914
639 679 872
640 428 918
641 413 736
642 974 595
643 236 956
644 216 144
645 719 23
646 812 527
647 953 687
648 827 923
649 489 720
650 390 31
651 52 504
652 353 908
653 824 336
654 931 11
655 256 471
656 68 290
657 390 238
658 823 365
659 970 0
660 798 82
661 410 139
662 549 931
663 992 891
664 495 971
665 971 149
666 468 70
667 536 484
668 104 227
669 818 884
670 874 539
671 242 69
672 468 884
673 411 501
674 376 815
675 289 720
676 231 581
677 902 769
678 934 58
679 463 141
680 628 825
681 779 873
682 556 761
683 362 542
684 385 141
685 807 196
686 209 67
687 184 114
688 1 304
689 819 120
690 380 578
691 134 169
692 459 605
693 248 611
694 964 94
695 789 587
696 902 786
697 415 25
698 762 714
699 972 808
700 55 330
701 891 715
702 563 906
703 177 470
704 441 773
705 521 218
706 858 106
707 405 160
708 302 307
709 220 953
710 776 93
711 972 86
712 603 591
713 418 860
714 795 732
715 606 803
716 973 201
717 355 813
718 122 649
719 587 750
720 226 400
721 499 693
722 137 275
723 874 440
724 567 229
725 587 416
726 321 144
727 614 898
728 342 588
729 248 16
730 237 931
731 172 821
732 490 670
733 101 492
734 190 685
735 127 993
736 284 604
737 21 778
738 223 894
739 535 837
740 74 484
741 133 283
742 639 786
743 751 849
744 916 361
745 684 398
746 565 428
747 343 47
748 768 2
749 39 873
750 918 863
751 326 885
752 711 380
753 25 7
754 765 322
755 488 201
756 76 763
757 38 712
758 512 11
759 897 5
760 9 18
761 798 821
762 415 944
763 955 191
764 887 732
765 310 352
766 756 226
767 579 757
768 999 465
769 542 668
770 43 212
771 925 575
772 852 139
773 599 25
774 134 683
775 70 606
776 524 189
777 746 773
778 589 35
779 757 82
780 860 974
781 676 259
782 381 528
783 478 425
784 205 710
785 285 176
786 856 869
787 507 843
788 903 258
789 170 774
790 137 821
791 820 676
792 546 812
793 149 361
794 847 0
795 716 103
796 301 638
797 971 299
798 21 415
799 71 38
800 757 893
801 546 792
802 448 9
803 305 847
804 915 641
805 728 714
806 657 256
807 890 477
808 856 19
809 520 487
810 393 615
811 890 145
812 91 468
813 268 639
814 584 726
815 876 958
816 449 16
817 671 395
818 632 99
819 979 446
820 85 91
821 977 441
822 679 164
823 151 222
824 878 327
825 21 95
826 708 493
827 679 379
828 582 824
829 729 222
830 651 62
831 33 974
832 304 151
833 275 144
834 647 569
835 146 714
836 441 295
837 541 447
838 460 684
839 527 324
840 305 134
841 706 6
842 83 232
843 912 379
844 407 814
845 953 646
846 832 670
847 977 573
848 88 831
849 991 919
850 354 111
851 447 467
852 949 161
853 208 23
854 619 518
855 133 458
856 212 135
857 387 743
858 806 134
859 644 486
860 346 998
861 971 825
862 772 745
863 561 37
864 68 476
865 439 258
866 413 928
867 147 131
868 444 24
869 302 327
870 166 65
871 874 617
872 687 311
873 200 700
874 478 490
875 966 678
876 884 360
877 523 705
878 411 579
879 665 780
880 466 172
881 800 365
882 200 89
883 971 628
884 870 446
885 445 769
886 242 398
887 312 492
888 176 90
889 737 171
890 871 358
891 295 992
892 779 260
893 538 990
894 96 301
895 658 268
896 611 268
897 790 956
898 864 497
899 706 204
900 323 812
901 341 171
902 453 152
903 655 722
904 896 441
905 291 686
906 869 691
907 983 620
908 361 880
909 435 311
910 948 255
911 28 813
912 716 455
913 478 128
914 653 28
915 450 809
916 190 816
917 245 246
918 170 989
919 121 429
920 478 428
921 578 795
922 548 190
923 499 781
924 671 169
925 993 187
926 628 797
927 497 971
928 884 14
929 544 738
930 395 848
931 12 971
932 632 576
933 280 225
934 740 924
935 725 161
936 692 341
937 321 262
938 873 86
939 628 173
940 576 872
941 85 237
942 485 980
943 659 330
944 773 650
945 849 339
946 844 811
947 474 671
948 352 703
949 463 997
950 88 718
951 322 266
952 676 173
953 693 830
954 323 94
955 278 670
956 486 341
957 723 625
958 90 524
959 660 131
960 45 914
961 312 119
962 527 614
963 269 873
964 233 191
965 877 862
966 842 100
967 722 104
968 795 950
969 807 428
970 276 266
971 485 467
972 175 224
973 742 638
974 535 833
975 947 962
976 69 431
977 789 755
978 488 295
979 450 501
980 512 730
981 622 975
982 849 692
983 500 576
984 547 470
985 477 965
986 909 941
987 2 400
988 593 545
989 583 287
990 951 932
991 331 730
992 589 116
993 763 679
994 799 255
995 459 682
996 205 217
997 358 144
998 38 583
999 557 3
553 705
142 750
168 291
664 927
212 985
838 995
324 787
180 815
602 752
273 764
783 920
108 375
209 492
14 506
179 759
323 802
412 862
210 933
99 428
229 777
80 473
420 678
739 974
133 228
55 530
499 637
197 728
483 762
277 787
167 829
529 906
937 951
142 248
164 978
457 731
248 750
323 816
491 930
465 986
196 370
164 373
372 441
482 856
522 905
544 943
470 970
103 290
166 462
179 631
456 957
15 218
363 375
819 821
43 881
315 899
842 941
704 885
568 983
303 698
593 651
277 324
108 363
84 365
239 535
795 967
408 887
467 904
174 910
32 735
473 847
109 889
924 952
92 686
56 828
302 917
73 285
192 383
67 531
121 548
498 670
589 681
802 816
190 988
343 991
177 557
64 640
77 838
723 884
175 963
77 995
41 192
174 311
431 646
45 732
610 964
111 987
205 320
39 364
118 607
579 657
897 968
631 759
241 485
345 503
83 621
400 961
502 962
184 966
258 292
49 355
50 367
259 585
638 702
182 790
563 830
599 930
430 953
583 968
3 366
283 550
583 897
373 978
70 347
289 350
125 480
128 685
74 836
427 911
722 741
123 761
261 922
329 348
590 971
471 481
4 640
617 976
9 20
36 633
237 652
96 769
407 797
337 692
574 724
628 832
816 868
822 924
248 488
10 507
624 920
822 952
240 244
84 271
0 514
80 847
644 856
118 358
386 409
211 619
298 667
615 726
740 864
214 852
7 954
525 727
153 746
171 242
199 263
352 365
312 479
561 704
719 767
400 840
172 253
388 428
139 484
71 836
356 861
11 871
292 345
349 359
88 373
427 468
417 516
318 545
110 622
348 717
628 840
385 919
131 316
514 646
458 727
28 332
555 681
528 720
298 809
784 873
216 310
694 711
84 352
200 426
79 598
240 649
538 814
363 874
254 894
71 909
82 351
481 998
491 599
267 996
417 504
330 565
208 798
279 883
806 895
77 947
523 960
191 810
282 812
451 927
265 305
236 441
439 511
458 570
135 605
480 632
285 857
624 783
323 868
353 373
607 951
27 154
60 217
451 664
250 691
157 750
19 278
306 385
482 644
275 901
311 910
61 115
10 713
414 939
263 295
572 577
307 800
471 998
236 372
49 635
507 713
488 750
542 914
129 983
358 607
162 752
257 881
876 890
540 674
745 817
209 272
142 488
526 739
145 835
791 846
102 943
251 456
501 676
664 942
35 318
360 507
282 619
300 740
438 792
271 352
478 677
623 767
211 855
142 157
186 355
37 111
327 335
468 911
47 167
245 339
143 672
319 676
773 778
386 842
88 164
99 388
175 527
366 549
47 829
460 843
451 942
163 956
351 985
569 641
450 737
14 777
883 907
110 202
41 383
195 654
551 738
38 150
82 205
280 288
159 472
95 675
375 874
679 902
85 130
140 148
252 267
555 589
460 744
306 919
927 942
187 948
113 378
101 645
97 673
407 500
306 626
88 978
272 491
206 542
592 771
4 64
71 74
43 257
271 365
33 444
444 469
802 868
391 993
511 633
506 777
188 916
742 926
195 631
478 696
889 935
607 937
526 974
297 676
208 987
31 995
88 353
272 492
99 598
499 708
207 742
647 875
759 928
526 787
517 594
549 705
457 916
50 934
732 947
205 212
157 248
87 264
20 432
162 602
762 866
720 886
278 975
18 21
14 229
313 404
104 893
205 985
177 296
344 349
450 552
364 602
203 706
643 709
467 723
667 809
561 885
272 930
386 941
178 308
381 382
89 423
297 501
411 746
219 950
212 351
834 932
840 961
105 270
229 506
58 525
637 708
120 835
64 866
10 360
109 935
564 946
252 964
58 570
147 242
494 558
677 696
108 874
251 957
438 974
942 985
368 822
832 840
699 861
118 951
522 955
138 159
82 320
164 353
45 721
241 774
836 909
212 942
706 966
60 107
549 553
326 581
112 676
292 503
435 613
165 909
427 567
615 832
24 112
258 345
277 526
212 664
701 764
34 806
410 965
36 314
329 717
31 838
252 610
155 694
129 568
1 585
39 602
515 908
489 917
82 985
302 489
461 712
249 900
359 977
667 984
623 682
817 827
265 587
521 624
515 751
200 475
102 544
439 633
0 646
398 657
124 733
640 866
734 873
393 475
10 492
431 514
324 526
90 613
201 578
622 797
560 845
395 570
13 698
158 232
273 701
726 832
73 857
181 866
274 933
176 401
119 452
26 505
185 625
364 752
519 757
744 843
596 969
52 579
377 848
947 995
36 511
389 533
129 600
731 916
118 937
254 656
400 726
39 752
199 295
112 297
382 521
458 525
297 693
726 840
179 928
378 481
149 514
664 985
17 329
410 588
273 627
46 811
162 827
211 282
58 458
173 522
536 725
347 826
611 826
689 858
838 947
438 739
243 779
114 918
27 268
301 461
300 733
93 754
627 764
781 806
173 905
95 266
9 432
428 598
26 731
212 927
82 212
243 314
51 339
443 497
340 528
328 604
753 760
381 837
217 378
355 635
46 772
290 818
745 827
275 997
51 245
537 785
862 977
316 349
79 675
180 780
27 214
259 804
557 858
281 893
679 913
408 572
45 947
238 953
293 333
79 396
14 440
346 658
575 712
792 801
546 838
708 869
92 882
36 243
487 577
244 649
199 655
279 907
906 982
78 320
23 490
35 545
160 267
58 727
781 895
367 934
391 698
215 723
483 866
467 884
179 195
157 488
417 513
345 402
527 963
41 627
599 713
489 970
338 990
69 222
716 763
474 786
227 870
426 475
293 486
105 503
353 636
59 648
155 711
28 884
559 940
905 955
412 977
892 994
8 228
125 632
638 662
156 735
572 887
210 274
137 339
77 546
157 588
98 981
927 985
560 883
10 209
215 405
352 426
285 547
200 571
181 762
794 808
353 978
57 276
214 665
674 717
433 620
261 776
154 268
133 394
440 506
106 508
54 747
831 931
37 987
73 187
101 314
400 628
119 690
111 208
58 395
225 622
32 156
153 725
645 841
668 941
20 461
31 77
504 516
398 579
598 675
661 707
57 807
409 842
668 842
529 982
147 171
258 503
504 833
289 562
369 564
570 727
393 572
13 391
710 779
178 448
389 551
455 672
628 726
723 904
270 503
406 620
120 774
49 186
205 351
556 714
249 803
194 805
231 952
786 965
1 11
161 798
619 812
642 847
1 871
546 995
393 408
320 415
327 424
483 524
195 759
112 319
33 469
402 503
497 539
558 724
34 781
307 934
31 126
26 457
391 604
184 689
780 815
127 146
378 471
2 532
518 546
225 797
715 926
144 601
160 252
3 549
333 595
19 612
226 662
356 699
270 718
246 749
47 766
177 858
207 879
521 920
631 928
351 942
181 524
313 793
658 881
1 259
139 584
476 691
203 938
957 973
48 993
0 117
0 431
380 466
184 706
235 795
590 874
368 924
41 425
606 634
81 745
204 751
28 370
576 629
68 736
403 589
325 350
232 497
59 669
288 753
682 767
740 812
437 944
221 224
432 461
513 644
453 899
455 466
296 557
540 717
167 766
349 977
243 245
13 303
524 762
683 782
300 864
340 720
213 919
453 935
792 974
320 985
381 521
468 567
516 610
686 882
209 930
597 939
714 977
837 984
212 320
181 483
272 599
485 774
500 797
619 855
880 902
53 342
23 97
628 833
882 888
776 922
247 398
4 415
149 646
266 675
348 900
874 971
390 532
588 750
284 850
368 959
823 972
119 191
151 475
412 714
518 838
447 860
244 980
225 407
234 509
474 564
192 627
619 733
521 783
719 814
492 930
252 996
89 505
142 588
623 719
409 770
798 987
214 268
6 269
68 796
103 818
321 324
316 359
538 613
541 720
411 837
812 864
69 91
358 539
162 745
716 925
436 509
33 533
615 628
660 710
309 854
8 133
50 317
515 652
263 655
424 656
721 732
74 909
2 390
281 451
145 464
119 728
413 534
531 747
228 394
73 547
401 889
116 130
136 257
303 391
319 501
10 599
564 603
137 748
706 938
396 955
643 730
344 359
403 669
725 746
665 852
119 197
209 491
513 516
202 622
661 684
231 899
409 941
260 948
649 980
245 314
105 402
293 547
653 945
238 430
448 536
626 919
85 116
687 888
567 911
358 951
294 979
65 88
260 991
16 377
491 540
627 677
845 883
20 301
36 439
470 489
183 520
396 598
498 609
585 804
169 825
332 884
453 889
26 916
565 941
393 426
435 538
78 415
82 415
615 840
79 905
603 946
400 832
518 995
54 284
230 562
650 697
321 787
520 817
39 162
231 315
61 362
294 495
67 747
682 929
713 930
566 992
389 963
19 975
147 419
558 574
77 732
733 812
109 463
491 492
295 629
513 856
547 857
301 932
351 949
7 961
240 980
204 342
473 642
593 740
609 898
368 952
525 570
487 576
360 713
70 826
528 886
113 217
516 644
546 649
765 869
541 886
615 901
220 923
192 425
44 483
3 636
187 285
3 353
158 497
314 633
279 642
52 657
28 723
94 738
280 760
4 866
274 970
215 467
714 862
146 251
884 904
153 411
274 489
407 622
604 805
606 891
642 907
726 961
617 626
435 814
10 930
75 262
336 493
373 636
80 642
631 654
603 761
742 879
623 921
281 927
79 99
109 401
110 797
721 877
16 318
535 923
385 855
78 205
175 389
303 412
360 492
321 526
305 587
21 693
233 737
410 786
641 857
215 884
870 888
618 938
330 941
329 540
105 345
492 507
312 550
463 935
0 149
320 351
249 469
225 500
45 77
141 729
509 846
684 997
100 182
176 416
34 419
191 452
415 640
191 690
472 756
111 798
593 864
494 989
138 472
766 829
72 894
628 961
739 792
371 808
954 961
877 980
26 89
12 114
170 240
496 511
124 619
385 626
243 633
132 748
280 753
450 911
106 639
141 671
380 713
250 867
65 353
212 451
504 513
684 707
768 819
299 371
211 385
278 465
394 545
227 686
27 852
231 924
358 937
28 196
18 501
382 971
456 973
173 260
310 490
477 502
268 665
608 722
709 730
942 949
846 982
298 984
99 675
81 817
369 946
477 962
575 988
604 993
4 78
546 721
17 348
680 926
493 521
350 562
306 617
557 689
633 795
663 849
329 900
158 539
43 658
778 863
393 887
16 35
13 48
289 325
26 354
98 395
188 429
101 496
400 615
424 700
733 740
107 775
532 962
282 385
248 543
487 572
257 658
315 829
255 544
492 599
502 600
164 636
327 688
344 977
22 369
377 635
534 711
553 776
361 799
396 905
103 959
206 914
318 394
247 510
24 736
215 904
248 588
451 985
151 571
371 618
552 737
477 769
808 928
95 991
121 304
348 540
300 812
290 959
314 339
60 378
588 965
109 176
234 436
350 476
112 501
281 664
492 713
402 775
222 780
739 787
1 804
595 844
34 895
462 969
131 349
326 390
216 490
209 599
662 702
185 776
162 364
205 415
315 453
314 511
264 576
330 656
649 721
440 805
279 845
71 165
44 524
487 629
100 790
64 360
304 446
375 971
144 317
113 481
444 533
403 555
446 851
590 851
653 658
332 723
282 733
697 868
235 967
107 217
186 228
89 354
292 402
101 511
277 739
555 743
640 762
584 793
220 801
303 862
890 945
546 947
278 986
274 470
415 483
375 809
652 908
715 921
618 966
10 272
397 399
383 425
448 520
484 584
53 606
87 629
403 681
30 712
471 775
705 776
734 784
108 809
499 869
530 950
157 965
155 678
829 899
334 374
419 614
415 762
299 808
828 921
31 947
297 319
135 459
450 468
423 505
396 522
171 896
209 908
115 362
56 438
366 705
560 875
575 932
2 30
96 477
532 568
76 800
24 297
95 343
188 457
365 426
137 645
629 887
277 974
79 522
687 882
35 505
200 352
142 543
414 614
651 740
681 800
540 930
787 974
277 321
131 359
165 443
395 458
381 493
383 696
832 833
206 841
140 879
577 887
284 954
633 967
128 416
250 476
51 132
479 859
120 145
21 297
209 360
305 362
122 485
21 501
13 993
224 286
209 507
363 971
388 598
275 615
383 627
412 698
656 894
300 958
874 979
230 325
270 345
187 547
300 593
192 677
211 812
516 964
40 820
630 911
91 222
366 553
517 670
92 671
348 674
231 822
33 963
624 971
975 990
5 83
330 386
42 367
79 428
303 440
97 490
204 527
590 624
491 713
44 762
272 908
225 910
872 936
206 496
299 794
469 803
689 966
296 416
117 514
77 518
207 926
136 969
78 143
464 789
763 852
200 393
10 491
87 576
419 806
746 837
9 461
383 677
316 761
944 993
378 998
72 254
29 259
104 281
123 316
35 423
144 639
413 678
505 731
64 762
565 842
176 889
239 923
544 936
972 996
11 594
428 675
48 944
19 986
508 525
59 76
351 664
321 455
482 513
23 577
408 577
417 644
209 713
543 750
245 779
674 844
690 878
57 898
279 560
324 739
255 943
76 307
607 637
86 781
183 255
488 543
680 715
4 143
133 186
116 484
498 517
129 532
45 546
482 687
452 810
608 823
679 880
239 915
95 260
335 424
149 431
609 670
452 728
170 244
235 439
296 463
172 586
22 696
247 579
267 964
19 465
170 518
319 605
300 651
23 782
535 915
328 993
160 996
151 200
167 315
48 391
433 441
109 453
340 541
507 599
447 634
560 907
855 919
824 945
36 101
332 370
31 518
343 547
303 805
767 814
785 832
330 842
282 855
463 889
15 896
131 946
600 983
110 225
67 376
341 605
427 630
591 659
833 840
489 933
138 950
532 983
29 647
150 671
557 710
317 367
468 552
179 654
105 775
824 890
155 420
402 445
324 455
151 197
205 664
715 828
569 885
611 912
154 214
13 714
162 817
167 899
809 984
901 997
316 344
363 590
301 712
417 833
186 635
112 693
157 410
487 490
148 506
496 542
414 597
569 704
242 724
442 754
613 814
752 827
438 828
744 876
717 900
492 908
82 942
533 963
108 971
426 571
260 343
594 871
801 921
210 537
413 591
637 869
161 976
636 978
90 435
304 548
375 590
382 624
573 788
33 803
599 844
651 864
247 865
84 426
106 525
483 640
324 974
547 991
438 526
475 571
745 752
586 864
218 895
221 286
338 465
325 562
474 603
288 760
768 821
382 837
69 897
701 906
563 914
637 951
586 976
272 540
682 801
29 804
698 862
813 955
70 283
267 610
417 610
97 782
404 793
712 932
271 459
329 674
487 887
237 515
213 626
24 693
416 858
501 693
165 836
807 898
568 581
682 719
286 870
474 965
85 608
344 777
440 777
832 961
929 980
351 927
381 411
17 540
595 674
796 813
52 865
195 928
385 619
671 686
296 858
136 596
192 696
288 799
732 838
614 939
205 942
521 971
201 274
188 731
791 982
124 211
198 422
76 589
285 641
642 883
9 301
223 398
231 453
155 534
314 645
554 655
41 677
177 710
49 749
438 801
774 835
152 861
74 865
415 866
218 896
55 950
203 966
328 973
944 973
732 995
850 997
92 227
120 241
72 404
528 541
380 507
317 934
721 947
2 962
166 969
58 106
64 181
213 306
271 426
193 855
205 927
90 96
502 532
589 669
785 833
706 772
361 820
824 876
211 733
552 756
726 901
52 247
65 373
152 488
309 834
561 915
289 476
567 630
387 811
45 838
600 962
79 95
127 301
197 452
147 614
198 661
256 700
255 827
101 841
843 876
872 943
733 958
69 968
896 989
226 449
135 341
439 496
247 657
182 731
544 872
191 878
7 400
427 450
499 607
170 649
448 725
698 805
467 807
240 546
366 636
938 966
8 186
161 208
249 329
64 415
84 459
24 676
386 770
48 791
405 843
436 871
675 905
830 914
413 420
24 571
160 610
125 641
275 726
461 932
851 979
561 569
534 591
220 682
118 539
393 577
223 657
421 673
122 718
119 810
948 991
282 306
189 414
76 681
55 774
440 862
863 999
229 344
177 689
268 852
569 857
251 973
45 995
50 307
459 655
151 728
504 785
693 813
278 990
310 446
190 575
491 674
213 385
5 621
73 641
676 693
268 694
538 719
363 809
524 866
400 954
266 343
64 483
654 759
36 795
423 545
459 554
360 640
323 697
845 875
173 955
51 137
283 312
332 596
455 787
370 898
902 913
507 930
353 366
210 489
439 795
589 800
126 995
249 348
394 512
172 798
623 801
347 611
936 943
43 93
539 607
4 762
39 936
354 916
626 976
137 245
183 448
308 448
618 706
949 985
540 599
194 604
278 612
496 645
546 732
602 745
464 835
14 148
30 432
342 527
386 565
88 636
529 701
389 738
282 740
434 765
731 790
687 856
12 918
36 967
3 65
412 440
512 545
431 609
466 672
272 713
602 827
56 921
698 993
600 692
102 218
243 339
46 203
74 88
196 332
457 505
17 717
697 816
37 208
201 210
182 457
183 536
445 775
184 618
302 933
537 933
15 102
172 208
108 590
131 603
61 647
604 698
357 754
406 843
751 908
800 934
850 954
328 391
516 856
411 493
123 603
219 757
99 266
232 443
77 721
652 751
578 937
84 135
229 440
113 471
23 487
496 563
138 756
267 972
47 86
565 656
196 898
254 330
386 668
737 911
322 410
100 472
461 575
382 809
574 922
283 347
372 433
553 755
491 844
227 286
129 502
131 761
334 913
608 972
287 397
110 407
120 530
382 590
559 727
628 785
392 788
301 834
153 837
170 885
343 486
408 629
530 774
227 888
135 365
494 724
211 919
30 461
201 933
18 297
430 639
333 674
718 774
295 887
844 930
309 932
94 423
335 688
100 848
174 225
124 300
131 425
143 455
440 698
432 712
567 749
159 756
401 766
79 955
635 848
615 961
78 82
102 255
146 456
87 295
200 365
0 609
181 640
163 839
792 921
73 948
41 273
246 523
509 791
17 908
331 429
254 565
454 643
201 937
637 937
499 951
266 428
70 550
95 598
568 600
187 632
422 661
27 665
152 699
282 864
755 880
702 940
132 299
225 392
52 398
78 640
433 821
344 862
807 904
608 741
552 911
168 335
333 486
627 701
693 736
697 802
733 864
212 949
128 176
82 664
171 724
437 973
55 120
175 533
166 196
53 634
198 684
540 844
622 910
658 945
301 432
31 546
488 588
381 984
175 204
171 419
277 455
98 570
681 743
359 862
338 986
167 401
351 415
479 550
555 800
391 805
126 838
807 884
917 970
258 402
351 451
355 749
726 997
101 339
331 388
33 389
73 480
217 481
598 905
103 235
101 633
72 700
836 865
306 976
295 655
25 810
704 915
307 317
715 742
705 755
82 949
815 986
649 877
204 963
37 256
303 604
235 633
395 727
203 772
177 416
234 437
406 460
408 487
457 790
241 835
346 890
160 964
363 979
122 241
226 281
13 412
395 525
359 714
36 779
667 837
309 988
266 991
217 471
101 137
4 483
77 126
33 175
105 292
108 298
525 559
197 690
162 936
854 988
16 545
94 551
15 895
129 962
14 862
227 882
186 960
210 302
193 703
698 714
41 764
56 792
187 991
347 550
293 857
653 881
187 260
339 645
565 668
339 748
282 300
486 547
521 590
105 718
385 617
3 705
513 833
270 292
123 344
534 694
481 775
755 776
792 828
417 964
445 998
97 310
32 918
851 971
4 360
270 402
475 572
321 739
736 796
190 854
767 921
17 515
16 635
232 539
689 772
136 881
443 909
674 930
822 959
581 983
298 375
520 745
189 922
281 942
359 412
12 512
56 715
318 423
324 466
314 779
202 797
29 845
777 862
763 925
124 958
302 970
964 996
60 113
65 164
215 332
170 546
73 632
303 714
485 718
333 857
496 914
123 131
342 751
60 775
7 38
254 424
549 574
118 578
804 845
237 908
615 997
73 125
369 474
358 637
143 640
385 812
36 245
185 261
186 394
243 511
416 685
452 690
574 705
75 708
772 811
126 947
124 282
291 335
316 603
736 813
29 585
417 856
376 531
500 622
264 629
118 637
493 783
526 792
187 857
851 874
82 927
85 972
66 261
272 507
451 949
42 50
3 553
465 990
3 373
443 539
533 551
561 595
609 646
411 725
826 912
193 919
17 272
365 459
491 507
504 610
553 922
705 922
578 951
311 622
184 772
496 841
62 161
110 311
10 380
233 450
482 516
20 712
333 717
620 821
634 860
282 919
211 306
266 388
485 734
673 979
263 629
274 302
65 366
242 419
294 421
478 627
522 675
308 859
65 865
590 920
453 952
439 967
106 144
201 537
354 551
490 577
23 673
41 696
538 929
877 929
43 136
225 311
123 349
445 471
104 582
300 619
333 547
616 620
115 701
690 810
340 886
721 980
690 728
346 945
184 203
208 253
344 412
236 433
542 563
51 748
408 426
93 442
223 578
403 603
161 617
627 696
453 822
585 871
803 900
24 319
330 409
37 798
203 811
388 675
276 807
796 955
775 998
117 149
258 270
314 439
274 937
243 967
7 284
147 414
382 493
395 601
421 782
565 894
105 107
166 370
730 738
493 920
794 928
924 959
266 598
241 718
193 213
4 320
40 325
216 446
389 527
553 574
43 653
557 660
320 664
306 855
451 893
920 971
520 827
349 862
396 675
370 884
845 907
401 453
11 585
616 821
92 888
429 916
14 412
196 462
252 516
146 580
80 592
444 803
382 920
767 929
180 986
113 998
170 569
773 863
242 896
469 900
677 764
17 249
107 378
392 500
312 859
258 269
16 394
99 396
175 551
174 622
508 727
91 780
401 829
227 853
93 881
406 616
25 632
648 669
721 838
547 948
135 319
60 471
408 475
538 767
474 946
46 706
240 721
617 812
691 867
827 936
332 969
22 152
125 518
78 672
18 693
499 937
303 993
84 200
586 617
686 888
295 408
683 690
810 878
625 913
8 960
277 466
480 641
571 736
772 966
65 978
95 99
309 312
294 363
26 423
148 440
358 499
81 520
427 552
549 558
326 568
413 654
410 750
214 763
723 807
255 817
154 852
294 874
110 910
885 915
220 929
401 935
809 971
74 978
151 426
69 583
673 782
124 812
556 977
35 89
242 574
466 787
13 862
201 951
3 88
47 315
153 536
26 188
138 219
285 293
439 563
63 839
75 869
682 921
343 948
654 659
669 681
454 709
680 742
101 243
635 749
237 751
729 853
854 859
260 905
320 942
316 946
137 314
56 559
117 646
506 862
687 867
879 926
265 362
151 393
78 449
28 467
21 676
241 734
282 617
380 672
405 723
511 795
346 881
95 905
275 684
917 933
876 945
142 410
260 675
669 786
582 981
253 586
284 747
660 779
17 803
647 845
257 346
355 960
750 965
63 336
293 343
307 367
505 790
45 877
438 921
285 948
495 983
416 557
161 586
522 598
493 624
18 676
243 710
204 803
405 876
766 892
465 975
116 139
74 165
28 215
101 245
230 289
49 377
383 478
64 507
204 515
219 530
309 575
390 581
327 656
382 667
599 674
619 740
412 777
616 819
498 898
320 927
146 957
79 388
273 677
170 704
741 894
222 968
64 143
101 439
199 887
419 895
463 967
352 393
354 505
76 583
219 756
115 764
280 799
933 970
199 271
380 455
2 502
337 600
459 605
405 904
664 949
117 517
255 520
380 599
103 830
134 166
120 485
118 499
529 585
178 725
218 806
86 829
779 967
321 974
239 277
376 650
415 985
610 996
352 475
58 508
90 538
381 624
508 639
518 649
689 706
29 875
749 960
403 474
413 659
721 995
155 413
514 609
592 642
465 815
818 830
769 877
369 965
316 977
44 415
495 568
870 882
470 917
425 627
253 798
400 833
529 846
382 984
349 412
532 600
468 737
139 741
184 858
192 273
360 599
437 695
814 929
312 347
133 512
494 574
357 653
403 761
90 769
382 783
11 804
433 819
7 840
229 862
623 929
89 94
135 271
187 480
306 812
272 360
35 394
307 681
246 960
648 968
79 173
76 669
17 900
231 614
244 923
190 309
409 668
534 678
290 830
110 174
235 290
508 559
223 579
226 638
243 795
493 837
235 959
249 444
560 647
590 783
81 827
360 866
330 894
184 938
142 965
132 339
656 700
102 872
832 901
849 990
369 383
809 874
56 940
370 462
468 630
405 467
192 478
178 536
390 568
615 785
274 917
105 258
187 343
42 379
271 655
508 680
189 261
188 354
406 433
44 82
39 442
610 644
176 296
523 749
378 775
380 915
375 979
228 355
212 415
97 421
134 431
261 553
114 709
518 947
274 951
504 964
51 243
131 344
60 481
140 506
235 511
572 629
335 656
334 666
586 740
587 875
47 899
801 974
111 161
354 389
107 471
148 879
634 891
818 959
33 249
79 266
293 595
173 675
106 727
516 833
846 906
38 961
160 972
95 173
306 619
633 779
564 786
551 963
783 971
486 991
364 936
78 212
285 480
577 629
504 644
310 673
261 705
192 764
397 788
752 817
453 829
124 855
486 900
161 987
22 157
180 222
169 280
95 428
616 904
619 919
470 937
850 961
230 350
224 361
46 387
199 408
496 633
354 731
561 844
927 949
590 979
417 482
412 506
13 556
17 751
360 930
651 958
346 596
199 629
317 800
537 832
234 846
986 990
132 137
171 494
354 533
30 575
490 576
578 607
589 743
542 830
460 876
505 916
617 919
632 948
78 985
3 164
74 164
396 428
326 532
34 614
184 660
185 755
686 870
425 946
812 976
152 248
70 611
129 692
39 827
740 958
74 373
366 558
103 563
296 710
108 979
125 285
302 470
301 575
279 592
154 694
684 850
899 952
66 992
64 78
206 645
521 837
812 855
670 898
675 991
200 271
318 505
45 649
349 761
457 789
735 918
924 939
383 946
470 951
260 522
469 533
48 698
210 917
205 451
36 496
59 589
474 669
298 363
844 915
100 377
381 667
376 747
759 808
88 836
167 453
473 592
724 922
752 936
278 338
23 572
404 584
660 689
149 695
80 771
751 803
496 830
137 841
975 986
466 915
490 673
470 708
503 718
443 836
40 867
384 998
536 746
148 229
157 543
285 569
511 645
346 653
273 906
122 270
427 737
222 897
145 241
152 356
143 360
52 443
24 501
499 539
479 854
240 518
112 736
422 679
188 789
226 927
269 292
109 296
354 457
309 479
447 524
244 546
17 674
151 683
176 685
644 687
254 700
840 954
511 967
55 718
665 925
7 150
405 406
38 671
16 848
5 849
51 314
314 496
504 628
183 817
66 625
11 259
193 385
22 478
13 604
51 779
400 850
686 853
133 355
283 479
347 479
96 613
371 794
381 809
620 819
575 834
612 975
71 88
23 310
44 351
178 520
203 618
145 774
494 896
381 971
56 974
558 989
338 543
171 558
365 605
322 648
625 776
522 796
636 839
71 978
115 273
539 637
325 820
130 996
31 125
108 294
22 488
189 939
639 953
121 216
98 582
328 805
210 970
298 382
180 465
143 507
343 675
486 717
839 956
86 167
11 436
313 584
330 668
743 800
803 963
50 144
257 596
318 512
134 646
54 650
272 674
56 739
235 368
165 497
259 529
261 574
542 841
263 887
638 940
421 979
20 127
148 777
623 814
719 929
76 968
220 980
251 328
352 459
217 775
68 813
833 961
229 412
196 884
614 924
14 344
158 443
429 533
242 558
290 563
462 596
317 601
344 761
485 835
770 842
185 880
328 944
4 181
248 410
25 452
268 711
220 792
7 850
510 880
764 906
442 936
602 936
147 189
55 219
410 474
409 565
682 814
550 834
564 965
189 242
195 420
285 632
177 660
249 717
661 902
453 924
316 425
84 605
72 656
665 763
586 798
952 959
503 775
419 896
100 159
17 491
470 933
444 963
248 965
864 976
332 467
549 776
61 701
339 779
744 890
788 910
23 683
510 755
588 786
222 815
66 922
243 439
134 462
0 498
511 563
417 785
809 837
198 850
937 970
141 150
329 803
893 927
255 936
234 944
194 328
143 380
352 408
239 466
89 551
374 625
108 667
139 722
68 728
239 787
463 795
559 828
259 871
240 877
130 972
36 339
354 423
291 770
778 999
354 429
82 451
479 611
222 648
226 664
4 672
549 724
31 732
619 864
889 899
406 904
585 906
42 934
375 382
458 559
176 935
65 74
294 375
322 588
624 851
491 908
614 952
541 554
375 667
605 676
76 555
234 791
322 815
62 256
360 380
28 596
582 662
22 383
176 463
154 665
377 790
177 463
75 470
228 512
495 581
586 593
58 601
381 746
602 817
405 890
10 64
14 140
87 263
93 357
8 394
336 411
401 416
82 483
398 510
95 522
703 855
880 913
315 952
429 444
158 499
426 887
708 951
597 959
540 595
26 790
746 984
129 337
59 403
364 442
708 765
595 857
758 999
44 181
239 324
218 943
189 574
15 806
49 960
153 984
293 991
212 281
209 540
171 574
120 950
143 466
507 640
173 796
421 878
719 921
358 497
54 531
50 800
641 885
282 976
326 983
420 534
170 641
38 833
726 833
475 887
951 970
70 312
359 425
194 440
520 536
307 589
436 594
424 688
349 714
680 828
155 268
389 444
117 498
182 505
576 577
320 640
94 730
312 854
185 922
727 940
593 958
956 978
411 984
9 127
352 571
57 670
555 761
779 795
843 890
973 993
135 352
325 476
131 564
36 645
594 670
197 683
554 703
293 717
189 724
147 896
822 935
598 955
328 957
338 975
597 992
445 481
77 649
117 695
202 225
43 346
271 408
117 431
277 438
11 517
196 609
362 647
175 738
124 740
69 780
210 785
322 786
579 865
391 944
36 235
649 838
34 86
81 162
412 556
195 678
76 934
818 992
3 558
772 858
355 377
41 478
65 636
238 743
739 801
298 837
285 333
369 603
470 637
245 645
327 700
641 704
332 462
179 808
592 847
130 917
381 920
341 459
245 710
152 750
785 840
145 873
671 882
789 916
173 948
502 983
73 293
163 336
73 569
106 601
555 669
44 866
482 882
385 976
358 578
89 731
756 950
54 67
419 781
438 787
337 878
777 977
962 983
360 491
233 757
716 852
188 331
726 850
556 982
97 216
165 232
370 723
168 770
345 775
48 846
733 855
92 870
908 930
390 983
233 552
607 708
535 885
359 556
76 648
16 49
123 555
261 625
317 639
678 694
38 840
621 975
303 977
120 138
272 515
277 535
537 615
460 620
297 736
509 871
14 303
117 594
422 902
78 351
895 896
836 978
142 152
154 155
161 172
118 201
355 394
344 506
505 545
426 572
420 654
125 857
664 893
899 935
15 943
59 968
19 990
731 789
125 187
615 833
617 864
28 904
761 946
712 988
71 443
654 678
654 928
209 515
273 529
25 191
101 206
202 311
180 322
366 373
184 557
498 594
583 648
595 717
484 741
186 749
434 886
3 978
193 211
320 449
219 519
678 711
539 951
231 368
543 588
549 636
668 823
504 832
510 865
29 61
125 569
705 724
19 815
364 827
275 832
713 844
4 205
220 244
72 313
213 313
205 449
384 481
549 755
473 771
71 865
847 907
15 989
31 480
773 999
127 251
216 304
166 332
202 407
242 494
160 644
369 696
145 734
16 790
141 853
54 954
331 428
532 581
449 662
535 704
563 818
119 878
576 887
144 367
263 408
455 526
245 633
804 871
392 910
8 355
173 396
147 724
4 507
435 719
381 783
439 830
127 834
442 872
856 882
806 896
660 966
281 985
93 257
518 641
230 825
131 977
348 486
130 608
205 949
26 182
160 516
362 587
569 595
28 807
23 216
108 382
123 403
321 672
311 716
82 762
405 884
71 164
38 400
527 551
413 711
16 355
480 518
295 576
577 683
9 712
244 721
565 741
122 774
174 788
27 811
154 811
828 974
530 718
522 813
568 962
701 982
20 30
492 540
319 693
85 996
939 952
6 319
405 460
107 481
89 738
96 877
192 946
322 986
6 501
115 647
51 660
31 45
210 470
282 626
370 609
145 784
14 805
175 342
88 366
143 415
112 571
623 715
279 847
28 898
86 315
26 35
543 663
529 764
767 801
544 827
333 844
346 876
244 877
732 877
357 892
102 936
400 997
58 98
109 416
441 620
220 623
449 672
22 677
726 785
801 828
164 839
517 871
185 913
38 954
153 178
181 415
199 459
133 545
349 777
277 792
822 899
217 998
272 329
273 383
308 520
367 601
382 874
259 906
801 923
108 581
270 775
561 641
587 647
590 809
556 862
467 616
158 637
141 686
828 940
159 950
200 408
114 454
328 456
98 458
595 704
586 812
68 197
649 995
181 237
47 401
329 491
246 567
21 813
165 418
62 700
553 724
506 805
658 890
75 970
115 677
722 894
708 970
475 577
9 580
6 605
839 978
271 393
513 610
707 902
502 568
296 689
191 728
49 848
480 857
538 682
4 82
6 341
85 484
174 573
366 574
274 578
565 722
450 756
739 828
88 865
44 949
28 969
302 996
132 245
59 681
226 702
81 912
971 979
333 348
106 458
57 498
223 901
19 180
321 449
418 548
399 573
189 597
491 717
484 722
461 834
166 596
708 937
21 112
195 413
353 549
770 941
110 500
136 658
612 815
216 576
128 401
333 540
17 930
28 166
123 359
387 573
796 905
488 965
260 266
192 369
186 523
365 571
201 607
383 764
479 826
468 848
424 894
401 899
368 935
395 981
48 303
59 583
50 601
380 930
698 977
285 991
556 791
54 850
612 986
73 991
111 256
116 262
103 368
363 382
65 549
712 834
92 141
24 200
211 300
180 612
276 670
593 812
812 919
371 928
191 197
17 209
304 310
324 438
303 506
393 571
397 573
222 583
176 766
28 462
56 680
785 933
164 956
334 625
169 820
593 733
71 373
95 388
89 545
257 653
422 913
382 411
577 782
917 996
158 358
39 745
574 776
76 897
899 924
805 993
133 318
420 694
673 851
858 966
648 897
127 932
66 189
168 327
298 381
252 417
304 418
1 436
393 487
274 537
115 627
92 687
650 747
348 803
797 910
445 958
707 997
196 431
57 609
117 609
504 856
22 965
229 977
152 157
30 390
470 499
558 705
207 715
16 505
492 515
458 508
307 555
721 769
283 834
34 231
321 466
25 480
390 962
70 479
45 769
182 789
787 792
851 920
932 988
345 445
27 694
106 395
153 448
354 738
213 793
644 964
391 412
115 478
33 527
405 744
369 786
138 835
363 851
61 875
546 980
89 457
22 564
374 566
12 709
649 732
527 738
690 782
86 806
90 814
790 848
213 855
10 908
20 932
53 204
140 207
229 349
127 580
921 926
726 954
140 229
237 342
458 702
183 827
164 836
357 994
22 248
285 343
256 424
320 483
145 485
537 628
601 639
632 641
475 683
683 728
22 750
92 853
434 869
271 887
167 889
368 453
152 696
52 836
296 889
103 439
365 475
129 495
68 571
48 604
507 672
350 691
466 713
867 888
700 894
86 895
207 903
573 910
692 983
49 228
80 279
121 446
322 465
260 547
613 769
623 792
759 794
370 807
875 883
134 149
392 407
2 477
254 741
37 161
162 255
206 563
106 570
572 683
255 745
169 799
56 801
175 803
315 889
84 655
89 916
757 950
120 464
651 733
123 743
245 748
706 811
352 887
379 897
276 898
539 937
935 952
172 987
190 390
453 463
112 605
420 711
628 901
371 938
252 972
499 765
490 782
403 786
76 403
738 963
337 983
129 581
798 976
24 68
104 226
34 315
330 424
234 695
47 892
143 320
373 836
466 535
363 667
518 721
211 740
406 744
171 989
93 364
290 368
218 544
242 614
181 652
689 710
535 787
312 826
279 473
355 523
312 611
364 745
81 752
43 754
13 805
710 858
314 967
257 969
89 318
8 523
275 400
84 199
74 353
85 722
61 764
139 793
631 808
147 939
509 982
16 186
55 241
122 258
143 449
157 786
744 824
226 893
537 901
152 478
527 533
465 612
38 628
320 762
272 844
404 894
332 904
2 712
298 326
99 331
266 486
518 569
596 658
13 791
198 284
535 561
747 954
495 979
320 451
406 467
553 558
450 567
559 702
620 843
182 916
64 524
170 561
549 922
852 925
216 548
275 850
78 866
63 163
73 343
401 463
529 791
675 955
13 977
116 608
524 640
284 961
637 970
107 270
298 581
625 679
423 738
516 785
314 795
396 813
546 877
791 906
649 947
302 964
604 973
66 185
415 524
10 640
293 674
177 779
345 718
564 761
310 851
860 891
884 898
480 948
14 977
74 443
29 560
375 581
582 638
22 142
130 302
164 366
129 390
365 393
242 414
72 424
391 440
236 460
324 535
586 651
117 670
35 790
315 822
611 859
525 940
322 965
298 971
173 991
291 327
337 495
202 910
469 963
49 133
64 492
416 689
264 295
127 461
410 488
220 535
209 652
126 692
7 726
702 727
478 764
373 839
436 846
239 885
829 889
840 901
30 962
12 32
263 271
411 521
196 723
109 899
240 923
107 402
557 779
48 437
822 939
182 377
239 704
315 924
226 451
342 515
45 518
567 635
341 703
344 714
872 895
766 994
381 590
666 868
174 202
416 463
653 890
421 495
7 628
493 746
22 192
35 377
490 572
572 576
256 688
551 730
682 792
30 532
2 568
140 777
79 260
84 393
15 544
309 550
440 604
252 644
218 781
170 838
717 844
342 963
665 716
359 761
732 769
771 847
298 874
919 976
169 288
121 310
199 352
175 444
0 670
51 710
228 545
363 581
633 645
119 683
400 901
99 905
218 989
473 907
52 74
414 419
558 636
245 660
6 676
312 834
783 851
610 856
606 860
687 870
538 623
458 638
661 997
318 377
243 645
185 679
261 724
530 835
380 844
813 905
458 940
390 988
157 369
273 425
547 641
342 652
391 714
527 730
567 848
17 492
271 605
236 620
41 946
961 997
18 319
94 709
315 935
85 823
398 865
66 374
425 556
60 998
49 394
87 487
348 491
319 365
122 503
244 518
200 572
1 594
494 636
640 672
143 713
540 900
107 113
223 275
181 360
315 401
463 557
197 571
1 509
660 858
81 602
324 792
391 862
224 870
923 980
328 698
734 835
46 966
83 975
346 405
447 606
237 634
294 673
14 698
416 889
583 934
173 598
82 640
541 655
559 680
393 683
603 786
279 804
504 840
178 859
864 958
939 959
84 475
295 487
126 732
193 340
271 475
216 487
281 662
533 738
61 305
241 530
414 924
440 977
2 326
78 762
642 771
537 833
657 865
329 930
827 943
125 995
153 381
215 406
349 425
618 660
53 527
412 805
275 840
375 851
5 975
250 350
402 471
423 551
86 899
1 29
228 318
38 513
504 537
338 588
62 626
360 672
661 679
511 830
253 987
537 578
208 586
372 620
492 652
651 812
392 824
476 867
604 944
2 129
342 606
624 874
674 900
320 949
34 147
125 838
95 396
121 418
176 453
160 482
104 662
179 794
367 800
781 872
865 909
717 930
857 948
163 978
273 982
190 712
80 907
84 408
351 483
216 673
174 716
571 728
380 491
199 554
686 687
148 805
790 916
740 976
64 320
273 478
450 630
297 813
684 901
30 477
464 784
230 820
704 844
446 590
645 748
137 243
81 308
73 333
388 396
198 707
671 729
427 749
715 767
618 808
55 835
632 857
488 861
828 926
228 960
170 980
194 303
293 348
540 908
174 392
134 514
231 935
330 335
138 530
210 578
62 976
40 361
595 885
408 576
244 885
193 306
48 328
194 391
245 511
205 640
527 751
597 818
259 845
10 143
78 483
466 507
383 564
39 93
449 455
336 521
240 838
438 940
791 944
95 948
394 635
291 409
363 495
152 543
324 672
626 812
614 822
65 836
407 910
667 971
18 112
46 184
13 440
58 559
49 567
379 583
422 666
518 732
252 302
267 516
805 862
682 980
9 30
61 273
311 573
517 609
204 652
272 717
366 755
231 829
437 993
445 503
316 564
617 619
215 843
739 940
126 518
185 553
893 942
150 954
840 997
498 514
170 995
104 451
501 605
470 607
183 725
196 807
338 849
599 908
244 929
801 929
437 957
97 979
33 204
140 238
366 494
480 569
251 580
560 642
366 724
283 826
182 848
773 914
446 920
19 338
136 346
112 365
370 431
105 445
212 449
246 630
31 632
75 637
314 841
194 903
329 908
296 935
785 964
90 432
127 456
75 499
482 610
299 618
840 850
286 853
211 864
431 898
148 194
135 676
64 713
617 740
359 777
578 933
4 10
64 209
220 239
52 497
477 600
615 850
626 855
58 144
177 184
53 237
49 246
482 504
211 626
413 694
174 797
521 809
581 809
448 817
373 956
823 996
21 319
401 685
637 765
224 799
53 891
360 908
22 946
123 946
32 114
472 552
589 761
276 498
140 440
159 464
84 571
62 617
160 856
2 983
168 409
275 628
87 199
45 240
387 399
49 523
477 532
339 633
154 711
515 803
650 868
506 977
832 997
272 348
171 614
118 708
212 226
269 345
570 582
187 641
514 695
425 764
543 861
59 897
628 954
71 956
499 970
287 994
264 487
352 605
239 561
392 797
550 826
692 878
625 880
924 935
41 701
502 769
124 864
766 899
7 54
494 549
482 888
384 471
150 961
48 234
130 484
1 529
743 761
315 766
387 852
200 887
446 624
48 714
653 824
77 240
167 176
139 404
97 683
29 701
66 776
311 797
147 806
799 820
722 823
472 950
44 320
290 439
136 462
3 494
274 607
64 672
7 747
594 771
485 873
582 893
97 577
433 616
358 708
370 969
336 381
35 512
11 592
431 498
595 641
630 737
558 896
597 924
205 483
108 495
147 574
542 645
275 707
214 716
311 763
278 815
241 873
0 517
506 698
201 223
570 601
195 659
614 806
556 698
677 701
185 705
710 967
30 301
128 858
292 445
2 575
114 643
446 783
642 845
596 881
557 966
159 219
592 883
764 982
540 713
365 408
57 467
262 470
62 798
933 937
13 944
513 964
196 969
198 997
113 384
417 628
334 679
311 788
145 789
538 877
34 899
885 923
187 293
517 771
566 818
507 866
847 883
171 189
638 727
681 761
612 780
575 854
320 866
444 900
909 978
267 302
403 564
307 583
211 617
665 694
194 698
754 881
449 927
672 713
107 998
146 301
303 328
197 475
3 574
537 726
753 799
206 830
725 837
108 851
758 863
881 945
16 182
131 383
411 536
476 562
552 567
439 645
303 777
6 258
616 807
366 978
163 164
109 167
610 785
119 151
8 156
625 922
101 542
352 655
691 823
656 941
186 377
218 872
8 49
429 457
449 664
362 875
48 556
477 732
428 905
88 909
385 733
355 848
309 859
835 873
23 576
568 692
0 695
284 400
118 497
40 350
337 568
20 580
158 607
65 755
11 771
623 828
240 885
374 913
944 957
262 970
6 18
85 139
351 762
526 801
304 851
449 985
240 995
176 177
142 338
169 361
182 472
239 526
10 540
508 570
295 572
300 586
100 756
511 779
592 804
256 327
41 369
54 376
386 656
425 677
307 743
533 803
812 958
25 126
24 365
433 460
613 719
734 774
527 803
570 981
696 764
460 890
769 962
51 101
29 115
112 135
204 237
190 326
246 355
380 492
432 575
399 685
630 749
24 813
10 844
214 925
371 966
117 436
498 646
203 689
258 718
427 848
130 267
215 596
33 429
509 529
446 548
263 554
93 653
211 703
158 869
785 901
497 909
917 964
66 566
333 569
78 664
422 684
715 719
265 875
792 923
45 980
60 105
59 322
466 526
207 680
289 691
205 762
296 779
271 295
144 395
390 502
342 634
608 668
368 939
44 205
65 510
356 543
235 563
305 647
143 866
77 170
178 183
40 250
329 333
229 359
156 512
99 522
151 572
365 655
400 785
915 923
261 549
199 365
69 648
140 742
403 743
156 918
344 440
329 486
252 504
44 640
560 804
210 937
201 970
161 253
672 787
940 974
122 292
201 358
474 761
158 765
287 824
353 839
68 151
84 319
129 326
55 485
267 823
21 24
220 240
59 786
91 897
131 192
435 767
111 172
578 657
109 315
269 341
321 438
263 459
336 783
562 770
292 775
226 985
256 987
41 131
167 231
24 426
339 511
422 707
225 788
162 544
358 657
464 873
190 932
162 520
126 546
290 597
597 614
254 722
82 866
120 718
414 952
51 299
310 487
51 645
273 696
31 721
12 94
486 857
348 930
180 278
37 62
16 133
27 155
73 260
13 328
47 453
29 529
285 595
17 599
122 734
737 756
160 823
521 874
293 900
57 904
772 938
140 953
68 452
329 515
449 638
123 681
102 895
390 575
161 626
68 693
292 718
500 910
935 967
791 993
96 502
423 512
123 589
393 629
618 689
406 821
339 841
210 964
547 595
497 607
193 619
15 781
159 835
671 853
266 905
133 960
25 125
223 247
96 538
20 575
228 635
338 750
666 816
432 932
138 145
559 570
196 646
243 660
46 689
448 746
572 782
326 809
109 829
96 962
332 405
181 447
446 673
183 745
220 767
171 806
556 846
644 882
267 917
415 942
315 781
252 917
879 953
55 138
122 345
285 486
65 553
303 556
603 669
343 857
607 970
284 997
215 346
106 430
375 495
349 556
486 674
65 705
85 741
841 914
275 961
921 974
98 601
476 668
789 790
78 927
125 126
219 472
11 509
358 579
349 603
272 652
596 884
5 990
143 205
169 230
201 470
45 477
126 480
56 526
619 626
209 674
804 883
104 927
857 991
310 576
113 775
745 936
173 343
296 401
97 487
86 872
332 807
856 888
229 238
308 725
39 817
118 274
57 884
206 511
509 585
309 712
440 714
728 810
299 928
44 985
126 337
133 635
676 736
619 958
370 467
308 536
52 539
84 887
774 950
205 226
282 586
392 622
116 722
178 746
27 763
723 898
347 912
649 929
172 976
582 702
305 875
817 936
248 338
490 629
563 633
158 708
480 995
4 524
348 595
86 766
403 800
663 990
27 387
138 464
360 762
609 807
43 357
463 710
125 948
933 964
423 731
511 841
46 938
211 213
333 641
495 692
12 735
441 460
443 579
10 866
87 887
36 137
287 357
220 438
491 595
265 647
151 736
279 771
368 795
176 829
835 950
379 968
543 990
36 51
45 126
369 425
335 700
596 723
35 731
484 793
834 854
118 158
484 608
766 889
254 327
174 763
631 794
429 469
189 614
566 863
183 544
238 639
599 717
668 722
185 902
751 963
91 968
521 984
239 380
59 555
680 879
62 72
9 146
436 517
213 617
534 659
513 687
475 728
667 874
220 921
680 921
144 934
90 477
188 505
492 640
94 354
375 521
304 783
822 889
578 901
507 908
418 909
277 923
240 929
133 156
94 545
570 702
429 731
215 807
480 838
425 977
120 159
156 228
14 349
209 380
160 417
330 741
132 794
391 973
595 599
421 683
366 776
495 874
204 908
704 923
9 932
205 281
378 384
96 721
18 122
112 200
95 486
555 603
420 631
559 638
58 639
53 751
336 956
34 218
131 369
458 582
118 657
9 90
389 469
270 485
106 559
42 601
214 694
98 727
59 800
719 801
7 832
231 889
795 935
933 951
511 542
170 721
724 776
336 920
226 942
585 982
176 858
724 896
175 469
340 554
302 610
425 696
435 903
1 906
509 906
635 960
26 429
201 785
197 810
33 900
291 386
168 688
640 713
879 903
666 913
304 920
485 530
270 774
287 788
595 915
231 939
231 419
277 672
844 885
62 111
229 303
186 318
174 407
16 423
591 654
617 798
227 687
523 831
