1000 4000 52.32590180780452 sparse
0 386 33
1 939 942
2 122 58
3 370 293
4 533 297
5 155 760
6 421 923
7 868 794
8 757 493
9 853 107
10 183 421
11 357 4
12 964 449
13 674 45
14 981 104
15 272 204
16 818 16
17 722 280
18 814 447
19 553 439
20 126 48
21 114 487
22 630 600
23 431 418
24 109 0
25 636 588
26 342 944
27 912 144
28 232 822
29 642 557
30 548 864
31 139 197
32 34 388
33 999 383
34 787 705
35 147 967
36 512 856
37 671 555
38 877 213
39 907 46
40 366 407
41 349 649
42 392 886
43 335 745
44 622 172
45 595 99
46 254 428
47 231 514
48 113 363
49 806 871
50 147 877
51 205 582
52 877 31
53 446 975
54 537 234
55 672 62
56 371 555
57 267 727
58 893 606
59 960 74
60 532 413
61 169 816
62 487 135
63 471 341
64 469 774
65 402 433
66 499 947
67 38 818
68 816 835
69 737 972
70 502 499
71 19 144
72 673 957
73 994 367
74 291 151
75 331 282
76 558 149
77 441 2
78 879 880
79 885 708
80 893 687
81 574 38
82 898 458
83 274 697
84 963 30
85 0 792
86 703 100
87 245 746
88 456 746
89 785 47
90 256 239
91 808 662
92 547 658
93 793 214
94 227 672
95 132 882
96 186 132
97 758 378
98 11 79
99 240 774
100 606 501
101 310 660
102 425 883
103 385 706
104 112 206
105 609 950
106 766 589
107 64 715
108 148 598
109 449 745
110 926 252
111 482 545
112 948 21
113 978 357
114 657 656
115 5 106
116 565 598
117 533 889
118 102 855
119 490 474
120 671 439
121 382 503
122 936 119
123 95 603
124 314 988
125 598 146
126 282 81
127 239 468
128 676 614
129 948 5
130 137 691
131 984 951
132 129 110
133 253 0
134 29 421
135 191 376
136 980 6
137 46 470
138 261 861
139 211 913
140 997 781
141 252 779
142 252 595
143 708 713
144 922 996
145 579 945
146 280 290
147 203 335
148 273 947
149 871 43
150 631 560
151 200 202
152 2 285
153 432 100
154 442 542
155 790 450
156 973 851
157 956 891
158 983 789
159 763 329
160 319 39
161 624 339
162 62 212
163 928 696
164 550 769
165 445 848
166 328 496
167 224 742
168 139 744
169 500 390
170 988 675
171 93 805
172 476 403
173 686 878
174 926 515
175 173 274
176 394 426
177 650 648
178 216 20
179 379 433
180 398 345
181 231 293
182 31 954
183 328 253
184 242 232
185 163 470
186 979 673
187 203 998
188 539 638
189 302 88
190 956 213
191 553 489
192 270 778
193 445 312
194 863 244
195 328 576
196 334 911
197 846 668
198 627 343
199 408 724
200 750 94
201 856 508
202 693 251
203 348 593
204 899 645
205 25 663
206 662 573
207 231 43
208 207 462
209 977 956
210 663 311
211 678 937
212 192 421
213 896 909
214 651 203
215 731 392
216 734 486
217 710 282
218 388 48
219 489 470
220 381 596
221 678 40
222 725 230
223 439 796
224 107 603
225 793 765
226 674 234
227 403 414
228 174 603
229 78 39
230 965 754
231 808 886
232 19 11
233 321 109
234 740 7
235 326 667
236 318 306
237 756 336
238 449 377
239 685 629
240 496 804
241 91 128
242 701 953
243 304 944
244 927 941
245 298 51
246 907 770
247 753 968
248 704 815
249 704 816
250 907 927
251 662 849
252 953 899
253 458 221
254 647 530
255 151 917
256 743 289
257 625 162
258 425 167
259 236 148
260 396 927
261 874 116
262 441 860
263 199 745
264 915 945
265 14 864
266 777 19
267 662 770
268 362 863
269 597 440
270 180 698
271 817 113
272 847 568
273 819 798
274 383 725
275 946 500
276 22 282
277 133 499
278 887 89
279 920 452
280 408 972
281 748 65
282 606 943
283 49 855
284 44 109
285 593 451
286 564 470
287 702 275
288 63 642
289 726 20
290 494 922
291 546 248
292 355 545
293 213 882
294 931 353
295 885 33
296 669 650
297 491 822
298 2 965
299 715 733
300 151 431
301 763 9
302 131 387
303 327 827
304 96 797
305 509 51
306 572 742
307 8 788
308 347 126
309 491 466
310 186 919
311 840 798
312 788 537
313 856 937
314 772 749
315 417 62
316 419 579
317 763 441
318 171 303
319 931 34
320 32 857
321 927 5
322 531 338
323 154 282
324 177 825
325 866 538
326 302 574
327 220 379
328 293 4
329 541 933
330 358 562
331 50 962
332 740 979
333 224 263
334 610 447
335 708 942
336 828 276
337 23 171
338 54 415
339 817 610
340 466 658
341 93 892
342 309 635
343 200 783
344 367 793
345 152 282
346 752 648
347 153 386
348 213 723
349 834 378
350 868 356
351 893 382
352 414 554
353 604 149
354 785 720
355 718 175
356 623 849
357 638 273
358 154 726
359 441 436
360 619 102
361 140 874
362 263 268
363 788 755
364 331 506
365 789 525
366 753 313
367 96 18
368 203 721
369 677 475
370 859 147
371 402 912
372 318 552
373 862 939
374 780 177
375 535 401
376 862 87
377 17 520
378 48 946
379 979 259
380 946 436
381 206 929
382 458 955
383 210 567
384 926 39
385 224 5
386 414 114
387 764 211
388 794 173
389 165 609
390 932 116
391 613 200
392 90 63
393 97 36
394 690 514
395 971 947
396 5 959
397 837 315
398 714 811
399 387 80
400 40 619
401 118 718
402 153 168
403 32 618
404 747 67
405 724 511
406 603 751
407 756 539
408 217 962
409 221 974
410 872 327
411 829 885
412 499 464
413 344 489
414 762 616
415 451 236
416 980 991
417 7 581
418 221 312
419 72 327
420 182 472
421 894 649
422 834 678
423 625 141
424 797 138
425 90 686
426 593 643
427 256 639
428 326 209
429 402 500
430 184 129
431 530 10
432 72 222
433 499 6
434 294 498
435 942 907
436 986 998
437 886 88
438 694 743
439 384 242
440 398 182
441 609 149
442 251 876
443 15 589
444 970 259
445 139 404
446 158 701
447 667 543
448 983 817
449 264 807
450 937 235
451 920 752
452 725 163
453 509 413
454 604 892
455 927 473
456 977 416
457 760 339
458 729 875
459 936 831
460 215 14
461 887 24
462 620 973
463 147 23
464 986 497
465 740 165
466 522 522
467 616 639
468 37 798
469 175 558
470 559 566
471 13 247
472 67 350
473 554 53
474 667 352
475 229 541
476 510 422
477 758 104
478 735 901
479 329 59
480 736 77
481 219 449
482 113 0
483 485 115
484 419 441
485 654 127
486 247 785
487 991 673
488 953 711
489 127 955
490 610 197
491 856 327
492 330 103
493 802 330
494 370 230
495 974 181
496 207 800
497 328 208
498 349 779
499 34 568
500 984 400
501 551 197
502 53 748
503 324 579
504 789 790
505 704 535
506 287 780
507 163 324
508 838 627
509 474 925
510 828 53
511 150 867
512 753 104
513 844 526
514 796 119
515 193 753
516 255 622
517 300 900
518 749 586
519 774 63
520 272 886
521 913 112
522 91 991
523 498 671
524 453 901
525 172 749
526 307 828
527 199 39
528 865 47
529 183 673
530 587 883
531 702 678
532 225 982
533 330 270
534 551 752
535 535 623
536 883 388
537 39 400
538 516 548
539 927 545
540 594 974
541 41 413
542 21 181
543 496 155
544 227 61
545 775 940
546 350 469
547 939 107
548 30 535
549 62 896
550 804 282
551 833 221
552 828 784
553 916 539
554 658 526
555 841 525
556 587 168
557 207 190
558 162 281
559 634 324
560 707 919
561 878 271
562 632 6
563 389 733
564 434 768
565 60 636
566 959 701
567 448 651
568 430 430
569 729 553
570 994 638
571 65 917
572 427 42
573 393 461
574 748 269
575 975 602
576 406 108
577 911 198
578 867 188
579 698 63
580 653 405
581 164 288
582 331 557
583 832 45
584 100 547
585 428 296
586 567 804
587 660 52
588 481 231
589 459 182
590 256 459
591 939 47
592 488 599
593 260 119
594 654 746
595 4 974
596 595 173
597 879 673
598 205 858
599 905 800
600 761 209
601 901 668
602 774 324
603 824 727
604 954 238
605 380 137
606 374 845
607 79 115
608 1 329
609 840 117
610 411 11
611 840 542
612 37 33
613 906 45
614 216 569
615 524 955
616 668 454
617 788 312
618 125 704
619 147 274
620 990 69
621 278 995
622 903 560
623 425 863
624 186 562
625 889 232
626 297 230
627 170 700
628 377 33
629 450 713
630 692 134
631 79 82
632 983 268
633 654 174
634 591 112
635 952 701
636 796 704
637 957 777
638 74 617
639 962 577
640 372 66
641 415 692
642 389 198
643 720 174
644 480 56
645 922 701
646 619 668
647 742 414
648 293 950
649 193 511
650 625 378
651 479 774
652 298 464
653 506 471
654 940 9
655 867 369
656 753 984
657 54 953
658 360 861
659 735 800
660 384 290
661 616 553
662 779 788
663 164 896
664 483 763
665 898 155
666 367 174
667 798 868
668 718 598
669 739 921
670 128 84
671 60 900
672 166 259
673 235 669
674 138 897
675 812 323
676 562 178
677 428 484
678 924 682
679 314 407
680 48 175
681 570 707
682 33 957
683 660 309
684 951 791
685 440 402
686 917 515
687 66 732
688 687 45
689 595 984
690 684 22
691 308 487
692 83 585
693 659 388
694 455 194
695 592 624
696 95 632
697 168 372
698 306 360
699 646 215
700 643 483
701 726 152
702 102 16
703 649 811
704 651 316
705 924 361
706 52 953
707 439 205
708 777 700
709 750 425
710 345 471
711 736 781
712 537 767
713 298 556
714 760 631
715 175 274
716 91 266
717 262 571
718 804 973
719 401 157
720 902 361
721 360 432
722 507 1
723 548 749
724 397 485
725 545 104
726 351 591
727 23 740
728 601 713
729 442 927
730 692 719
731 317 938
732 747 530
733 934 1
734 133 243
735 231 674
736 892 43
737 869 267
738 860 404
739 217 682
740 0 19
741 706 693
742 271 429
743 890 134
744 535 460
745 924 463
746 757 124
747 129 666
748 422 596
749 829 651
750 823 788
751 747 431
752 933 545
753 470 517
754 966 245
755 322 345
756 255 108
757 413 52
758 136 28
759 950 413
760 152 662
761 616 449
762 726 849
763 360 108
764 722 437
765 889 787
766 283 647
767 852 331
768 995 447
769 107 543
770 86 996
771 122 676
772 424 648
773 644 638
774 505 136
775 608 397
776 567 970
777 979 936
778 110 678
779 239 881
780 352 948
781 424 640
782 967 316
783 574 881
784 984 677
785 10 119
786 894 97
787 405 516
788 730 851
789 152 1000
790 281 343
791 261 364
792 162 657
793 659 76
794 754 354
795 1 858
796 585 448
797 804 862
798 468 927
799 248 584
800 158 666
801 669 908
802 260 636
803 474 351
804 846 222
805 449 824
806 64 711
807 340 469
808 294 72
809 11 951
810 387 235
811 911 943
812 717 255
813 508 156
814 906 544
815 951 456
816 441 605
817 928 355
818 825 147
819 309 429
820 225 210
821 545 121
822 185 893
823 444 513
824 839 718
825 680 167
826 778 427
827 237 594
828 528 421
829 861 968
830 927 628
831 520 836
832 776 405
833 196 717
834 799 537
835 829 314
836 592 181
837 450 227
838 49 427
839 172 80
840 698 385
841 109 311
842 304 416
843 158 247
844 864 170
845 708 301
846 560 735
847 335 529
848 258 82
849 184 139
850 138 100
851 711 252
852 0 194
853 568 586
854 914 276
855 567 647
856 780 884
857 365 239
858 485 401
859 251 691
860 707 466
861 796 879
862 842 964
863 832 811
864 906 740
865 478 320
866 464 706
867 775 251
868 908 420
869 722 475
870 331 693
871 375 31
872 430 861
873 678 715
874 979 603
875 114 879
876 635 735
877 809 944
878 648 46
879 356 875
880 10 690
881 581 263
882 695 492
883 238 751
884 681 46
885 394 168
886 988 652
887 761 182
888 38 462
889 198 15
890 181 225
891 711 882
892 95 311
893 399 595
894 941 430
895 871 683
896 647 818
897 105 488
898 373 362
899 105 553
900 907 551
901 724 223
902 786 203
903 6 233
904 170 98
905 645 527
906 664 870
907 8 659
908 5 939
909 273 175
910 107 452
911 967 393
912 431 936
913 134 916
914 526 103
915 708 958
916 709 611
917 787 325
918 668 250
919 224 658
920 418 110
921 15 632
922 889 168
923 260 766
924 765 8
925 522 547
926 310 82
927 127 522
928 551 76
929 428 802
930 146 46
931 265 693
932 91 640
933 974 106
934 180 295
935 0 673
936 685 701
937 319 150
938 260 6
939 742 195
940 873 518
941 336 580
942 662 116
943 340 27
944 320 490
945 412 237
946 482 23
947 224 964
948 236 323
949 23 229
950 227 763
951 895 741
952 568 275
953 452 207
954 110 214
955 95 476
956 229 351
957 645 777
958 438 946
959 558 149
960 870 574
961 180 637
962 234 373
963 836 698
964 473 38
965 234 275
966 432 979
967 559 701
968 960 503
969 45 386
970 609 33
971 801 77
972 291 89
973 738 356
974 795 728
975 525 364
976 723 807
977 788 571
978 920 619
979 254 271
980 201 401
981 600 90
982 997 30
983 164 271
984 174 165
985 718 680
986 944 409
987 776 839
988 226 170
989 690 202
990 467 68
991 667 214
992 473 502
993 757 129
994 733 620
995 705 147
996 71 496
997 212 737
998 301 838
999 379 223
76 959
248 249
278 437
39 613
323 345
657 706
175 715
281 404
428 497
355 643
301 924
268 658
628 871
513 555
96 430
170 487
387 600
182 682
210 683
203 726
294 817
254 905
24 482
107 806
119 219
575 874
391 490
534 723
219 309
549 671
94 735
170 784
762 788
264 811
161 198
122 390
353 441
237 457
195 503
477 512
427 802
746 993
546 710
710 807
623 872
491 767
386 920
539 752
178 460
688 884
538 925
313 373
383 614
367 702
334 761
509 798
13 221
204 421
673 735
552 750
186 784
125 353
298 396
288 565
709 751
812 851
221 884
566 635
88 109
319 384
522 770
13 884
814 900
222 901
149 528
760 800
705 817
759 986
558 581
96 849
703 896
14 933
408 947
105 282
69 332
50 361
439 810
141 486
163 645
380 894
584 899
772 781
119 309
400 403
323 558
378 706
321 733
584 769
487 784
368 833
397 835
52 295
309 412
104 954
667 797
157 252
171 304
49 667
94 673
285 796
596 836
131 209
87 883
242 915
85 307
409 532
510 583
129 654
60 828
696 932
195 941
10 212
379 444
0 628
174 686
453 476
34 636
415 837
21 897
170 186
416 436
295 461
298 595
378 657
331 706
49 797
172 858
133 938
556 596
345 619
433 722
362 979
175 983
379 632
331 657
561 737
792 800
622 900
83 931
398 976
159 237
412 653
263 515
274 563
386 576
64 651
654 733
546 807
396 809
253 837
430 849
189 926
166 944
345 558
488 635
540 689
348 368
337 542
270 627
504 662
769 899
558 983
221 688
494 857
45 981
44 257
166 364
159 457
50 511
200 512
455 745
63 803
409 947
65 176
114 177
217 287
323 619
294 705
278 786
2 20
248 398
273 750
315 757
26 780
228 389
209 395
233 492
312 834
452 701
262 872
864 951
189 972
225 363
249 398
34 708
760 792
553 814
667 861
0 871
32 969
95 361
417 443
137 888
29 150
125 441
390 547
683 704
830 978
715 983
494 999
219 412
351 536
488 566
323 581
177 773
526 998
269 285
254 554
469 624
651 664
279 745
142 799
123 224
186 487
1 244
61 324
312 365
75 533
23 568
446 627
437 786
543 813
318 934
503 941
126 972
159 602
452 643
593 756
463 758
17 217
771 778
576 920
672 983
52 461
361 511
493 675
295 736
747 771
912 958
60 375
122 547
116 853
691 944
539 553
359 568
243 648
223 929
681 967
165 262
244 264
408 409
37 447
589 694
385 460
407 732
200 477
49 861
597 895
354 974
99 141
32 537
13 688
214 699
210 704
442 779
338 838
167 997
242 335
99 486
175 558
350 655
551 804
719 885
93 902
554 905
602 917
617 917
338 541
537 541
164 712
530 783
707 953
694 953
22 25
52 149
114 296
345 581
587 878
268 879
809 908
119 412
679 842
132 850
131 395
252 435
45 634
321 654
647 709
395 777
485 942
355 452
151 557
604 754
306 846
231 861
659 976
372 582
332 656
115 785
556 836
819 842
841 892
348 997
162 432
613 736
94 739
859 931
729 912
3 660
243 731
265 795
94 919
275 968
134 541
112 654
269 796
672 843
810 999
374 388
163 678
129 733
444 754
730 873
658 879
440 885
53 966
56 330
269 334
558 715
12 815
404 480
516 802
799 827
323 983
176 227
126 808
553 900
396 595
142 827
0 218
49 231
34 354
452 465
414 714
637 684
570 886
253 953
327 962
537 969
319 591
384 591
311 863
141 923
263 997
120 616
39 736
753 992
188 535
531 741
484 568
673 919
197 422
55 587
365 834
192 923
897 955
333 965
90 184
13 587
401 618
629 866
471 903
873 936
50 95
51 383
444 632
309 653
429 724
131 777
668 916
493 917
665 922
112 129
410 491
247 656
335 915
140 158
331 378
735 739
244 811
541 838
907 935
794 973
531 985
260 371
95 674
457 794
262 623
119 653
429 787
622 814
216 869
266 924
883 950
345 983
9 609
6 912
69 247
513 611
250 811
176 179
253 415
318 581
558 619
150 661
175 672
54 291
273 552
175 581
298 809
167 883
33 73
139 381
856 861
281 480
178 385
725 821
581 983
247 332
427 516
164 534
555 611
51 614
219 653
46 742
460 889
255 913
99 950
314 363
143 730
226 918
13 55
283 320
192 506
183 533
107 687
149 295
266 301
572 757
153 920
292 330
106 518
450 604
316 748
808 972
619 983
101 235
285 334
166 413
456 500
24 702
205 907
735 919
581 934
903 949
84 112
128 239
672 715
603 824
860 869
946 964
208 481
241 607
130 618
203 941
881 952
741 985
644 990
571 671
331 682
647 751
494 810
64 664
27 665
434 691
581 715
423 441
189 808
141 192
367 393
138 442
161 559
580 693
413 710
553 752
62 774
476 828
348 833
202 851
220 893
532 947
237 794
839 904
578 844
95 875
181 965
440 642
23 685
55 884
368 997
343 496
273 863
500 911
267 957
630 995
439 494
207 544
311 552
602 617
326 713
723 846
451 864
218 628
378 682
169 858
726 941
418 948
240 297
178 889
182 378
302 445
65 484
559 704
346 714
797 861
73 113
56 292
159 366
317 751
670 850
808 926
221 690
65 227
424 514
426 695
659 711
179 721
725 914
103 274
234 289
177 296
185 420
645 678
465 701
379 754
55 793
717 799
217 845
52 736
229 393
454 530
447 554
195 582
127 590
675 835
534 846
439 857
759 894
265 320
340 567
458 891
730 936
644 964
89 519
390 521
354 636
482 702
682 706
694 707
636 708
829 862
674 913
364 944
729 958
214 991
461 736
374 887
439 999
250 264
311 750
880 935
201 940
80 597
377 548
165 872
52 528
102 623
69 656
396 908
67 468
303 526
477 746
62 483
164 723
143 741
209 777
20 930
837 953
422 963
37 206
152 276
121 429
290 509
148 648
182 809
774 813
824 963
39 384
108 389
110 450
5 525
198 559
421 601
926 972
478 669
372 713
512 746
410 767
413 807
965 979
457 602
399 640
347 697
534 712
317 826
23 359
231 667
758 930
471 949
72 211
17 287
175 323
182 331
257 441
256 574
80 601
502 687
393 702
317 709
232 740
599 765
380 815
453 828
248 976
413 546
384 613
134 838
539 900
273 311
129 321
257 423
149 736
231 411
199 563
182 706
269 761
543 774
539 814
748 816
249 976
699 991
213 250
579 688
712 723
687 806
251 906
126 189
143 299
375 828
325 940
226 991
338 537
549 571
130 771
663 822
487 886
167 950
402 984
894 986
157 435
606 658
857 999
87 167
515 525
657 682
6 729
245 808
112 319
364 413
218 871
181 418
92 188
408 532
354 708
425 778
36 831
99 923
715 934
701 995
201 513
221 587
237 602
268 606
123 692
271 514
587 884
9 376
62 543
465 643
50 674
166 691
698 755
397 767
470 853
382 958
212 980
191 286
167 348
6 371
392 631
501 676
594 876
21 955
705 720
302 347
200 480
581 619
403 921
826 832
279 455
7 765
63 865
175 934
24 367
12 380
270 446
246 451
673 739
308 763
114 773
310 381
160 479
315 572
558 672
20 758
810 857
80 895
79 80
21 277
175 345
353 423
397 491
318 507
38 625
323 715
665 743
747 778
741 936
360 981
359 484
326 503
597 601
679 819
102 872
394 882
956 962
5 168
33 500
201 555
55 688
55 221
82 279
153 386
347 445
344 498
493 617
643 701
682 809
558 934
92 855
17 256
9 261
369 616
351 720
186 886
65 179
60 453
170 886
335 560
182 657
748 893
486 923
463 930
887 939
234 301
503 582
204 601
361 674
285 761
99 883
237 366
688 690
473 928
299 438
130 446
442 520
306 534
134 537
53 382
35 489
426 467
193 585
271 609
135 697
380 759
747 760
364 847
387 902
173 906
168 358
95 511
121 724
419 472
370 844
582 941
565 638
600 939
366 602
398 659
91 749
60 476
318 558
194 737
83 859
277 927
272 960
634 981
254 447
255 674
376 437
553 686
458 788
587 793
126 848
527 889
413 944
636 974
8 216
192 486
122 521
197 749
595 809
579 884
433 946
218 640
438 730
261 743
490 836
667 856
355 465
27 743
259 988
18 155
160 245
1 264
45 360
295 613
567 772
690 884
160 943
619 672
521 786
263 368
573 724
97 794
231 797
165 805
202 812
159 917
230 637
355 701
345 715
34 974
244 250
295 528
112 733
383 624
163 635
125 556
215 647
707 837
257 353
169 453
553 622
255 663
431 722
287 851
542 852
750 863
341 875
336 550
843 983
367 482
246 765
369 882
87 950
149 461
536 655
253 707
270 833
515 997
174 275
81 473
165 623
306 723
287 812
739 919
87 923
466 925
280 966
199 274
101 342
334 796
202 918
234 924
477 993
325 513
278 376
253 588
190 604
13 690
652 691
456 911
675 917
844 922
810 945
167 263
270 529
440 719
394 505
123 638
17 845
267 594
293 598
6 260
358 446
225 504
337 680
218 757
734 843
784 886
173 891
512 993
202 226
66 290
316 352
105 462
178 527
353 556
50 663
650 775
766 802
17 812
39 295
29 206
292 847
316 893
452 995
833 997
202 287
353 596
508 749
916 994
139 310
134 338
40 721
26 731
751 764
600 902
638 696
23 484
323 672
155 826
143 936
989 991
32 541
529 800
589 953
256 366
195 372
174 553
175 619
142 717
258 719
729 798
462 540
55 579
132 670
663 674
293 779
310 822
13 878
195 326
263 348
281 519
222 851
458 762
756 848
298 908
821 914
195 203
400 565
66 615
397 675
130 747
222 812
151 820
735 859
759 911
325 611
29 661
753 823
426 855
239 296
225 314
112 321
444 604
617 675
567 781
529 792
44 441
121 787
108 228
182 396
521 547
82 745
290 798
235 870
361 875
319 654
238 685
71 785
159 794
883 923
668 994
458 478
466 538
2 670
720 817
287 845
752 900
374 902
464 968
322 975
39 319
229 392
292 582
648 731
110 854
453 858
118 875
2 930
910 955
557 820
792 961
237 973
10 980
216 405
49 411
208 420
366 457
38 578
272 611
225 662
345 672
556 676
601 678
299 730
633 825
205 935
135 980
642 999
600 887
318 323
339 508
44 596
752 814
465 887
145 282
47 475
380 986
200 404
142 516
125 596
253 694
456 759
326 372
187 532
153 576
673 859
447 905
387 939
434 944
169 172
75 236
71 337
106 414
404 519
263 525
103 563
528 736
540 776
552 863
541 969
138 520
319 613
288 638
462 689
451 951
178 207
29 254
125 423
109 564
330 582
195 726
422 749
112 591
127 481
51 624
261 786
557 988
98 115
229 367
372 503
542 680
19 744
666 885
70 119
44 490
296 773
145 776
203 503
441 596
146 362
449 486
329 615
194 804
184 820
457 973
42 371
385 889
815 894
849 984
392 393
587 688
217 812
745 815
907 921
363 974
158 448
619 715
211 242
102 262
536 738
467 773
1 811
419 892
126 926
74 937
911 986
396 682
709 826
231 856
288 932
65 568
427 766
618 771
263 833
325 555
575 639
400 921
17 574
524 729
303 998
23 227
72 242
7 311
70 653
582 847
105 540
490 596
421 597
539 622
467 695
189 233
318 345
443 499
461 613
391 836
112 384
232 612
330 941
106 977
87 99
25 150
223 564
439 945
31 104
155 317
791 962
308 492
632 754
767 835
372 847
638 932
531 936
11 943
6 958
375 453
493 602
194 625
158 637
342 766
860 882
725 928
29 447
79 895
537 838
68 863
55 878
934 983
948 956
123 696
605 719
483 774
790 791
747 800
492 926
769 927
807 944
373 829
15 909
415 953
603 974
29 37
57 87
40 179
200 281
175 318
190 450
441 556
351 655
581 672
154 823
49 856
323 934
711 976
327 980
89 266
30 117
84 129
75 183
135 327
93 387
176 484
163 488
214 633
467 646
619 843
387 887
197 895
233 926
70 992
714 994
103 199
41 235
44 353
147 418
358 525
569 732
319 321
350 410
76 676
318 715
676 959
414 994
84 136
44 391
65 573
84 591
455 815
424 818
188 855
327 956
136 982
133 385
305 644
718 877
730 741
883 997
300 445
503 726
68 797
166 807
192 449
460 527
350 767
141 950
167 368
62 813
39 461
360 634
568 685
138 779
382 798
223 805
681 846
578 922
486 950
97 973
90 362
364 691
330 726
405 732
151 890
12 894
479 926
362 965
261 278
417 499
529 627
101 766
130 778
491 835
58 978
48 302
187 409
13 579
635 645
224 692
674 875
74 909
239 916
25 206
174 539
559 683
618 778
524 798
217 851
246 864
182 908
950 997
246 599
143 873
465 939
294 720
293 822
17 851
277 897
513 940
53 958
676 836
29 905
159 617
166 710
698 790
180 898
99 192
211 801
338 969
105 145
97 215
211 335
206 447
407 569
415 588
59 620
220 726
492 763
286 796
313 862
642 885
279 894
457 917
506 923
805 929
643 939
181 948
519 971
154 352
261 437
141 449
111 753
709 764
70 466
221 579
589 707
647 764
279 380
91 422
358 627
429 677
147 956
221 878
964 990
179 227
94 859
478 891
307 468
286 744
450 754
57 83
181 333
343 515
505 569
614 624
200 746
174 752
19 828
64 88
475 614
76 821
345 934
821 959
355 995
258 440
194 561
175 843
205 880
643 995
182 298
677 724
653 744
320 795
761 796
686 814
258 885
823 992
273 504
502 727
388 902
333 979
139 293
233 308
46 590
12 768
30 783
627 833
639 874
880 907
88 564
148 243
44 423
84 654
314 974
405 505
355 939
955 996
431 433
341 549
279 815
751 826
588 837
803 865
565 932
517 520
179 573
110 604
689 776
141 883
77 610
44 836
369 860
125 257
261 376
20 393
227 484
350 491
227 568
257 633
224 696
493 835
246 951
603 963
163 566
80 678
313 829
710 944
25 29
681 728
201 325
539 686
197 963
189 492
389 961
70 219
314 354
37 554
210 559
851 901
461 528
310 663
521 743
843 890
181 979
509 524
480 512
88 664
196 731
715 843
869 882
257 596
454 783
793 878
129 136
218 399
271 424
245 479
27 521
39 591
109 629
440 666
298 682
724 787
373 862
825 995
312 407
44 633
560 669
158 684
509 729
850 904
90 979
218 315
31 402
383 475
423 485
16 583
52 613
80 645
511 663
297 831
69 915
146 979
84 319
207 527
382 729
438 873
306 406
38 804
594 957
511 674
2 392
1 395
93 600
391 596
97 832
574 867
11 871
270 368
288 400
337 852
127 208
116 470
361 663
642 666
797 856
203 330
488 645
205 921
23 65
82 455
20 463
375 476
145 540
379 604
275 686
130 760
130 800
614 827
476 858
764 860
887 902
414 518
199 641
204 830
812 901
555 940
318 983
119 992
484 573
139 822
709 832
19 286
167 515
529 760
237 917
607 631
878 884
130 401
275 455
582 713
536 720
0 757
382 912
528 583
591 613
50 875
328 938
644 946
195 330
143 438
282 462
103 641
384 654
2 758
760 771
207 460
677 823
42 102
203 220
446 618
319 733
128 916
923 950
282 540
499 548
518 668
638 692
229 702
415 707
19 796
27 922
245 926
102 524
478 560
403 565
516 827
682 908
901 939
372 941
263 950
708 974
2 393
28 496
66 509
0 610
722 946
32 134
168 525
197 597
628 640
596 676
520 779
35 789
694 837
19 60
33 113
168 401
204 978
10 300
346 414
169 476
368 515
288 696
190 754
425 771
376 786
33 911
39 52
88 629
590 742
622 752
609 818
411 861
601 895
958 966
32 338
182 595
216 860
343 950
150 206
78 213
129 319
403 443
378 571
326 582
595 682
370 743
507 934
31 954
87 141
217 256
215 840
166 847
848 972
456 986
40 176
399 576
635 678
226 699
479 943
346 994
26 196
341 671
193 865
411 797
717 827
695 855
126 245
150 254
382 509
550 617
686 752
370 818
89 971
312 977
84 982
38 194
5 358
321 384
261 609
359 685
619 734
574 812
605 885
430 904
743 922
846 967
166 434
400 638
504 750
316 816
95 913
57 931
652 944
394 405
111 538
211 560
191 744
394 554
51 827
353 836
279 868
59 591
130 627
317 647
349 655
363 662
747 792
388 887
87 997
434 652
384 736
558 843
545 877
703 957
350 720
27 390
186 566
204 597
261 370
248 659
13 793
251 896
172 453
73 500
240 651
173 801
868 894
79 951
143 985
242 560
176 721
564 929
326 941
228 961
340 523
791 956
27 122
37 254
566 784
285 286
76 556
405 882
556 959
278 521
125 634
503 713
70 309
381 408
107 502
308 605
164 306
477 480
166 546
380 745
291 952
29 554
572 610
249 659
95 663
369 700
271 818
59 933
897 996
315 399
606 879
630 942
446 800
363 504
141 506
176 573
366 617
595 908
72 915
547 933
255 310
149 613
198 650
306 681
630 825
147 948
96 984
354 363
70 412
209 416
388 424
1 435
487 570
640 871
177 467
529 739
647 832
739 859
486 883
64 109
44 556
11 628
565 696
605 763
174 814
323 843
871 943
112 136
1 250
28 449
350 536
614 799
202 217
411 667
81 970
44 125
382 966
156 448
650 693
284 785
164 846
515 950
12 456
449 506
161 704
742 842
562 970
272 325
143 531
64 564
79 597
284 607
370 609
125 836
345 843
798 958
527 544
247 545
741 873
655 738
21 910
200 993
196 517
86 630
834 977
99 167
406 876
226 989
219 992
428 626
184 333
365 407
224 638
0 640
456 768
150 905
622 960
945 999
655 720
507 581
172 685
385 938
918 991
348 515
20 670
413 691
195 713
702 758
602 794
627 800
405 869
897 910
663 913
366 917
174 968
233 972
350 351
15 626
426 646
238 803
425 806
169 975
137 996
39 149
437 521
198 704
515 833
529 961
510 971
80 163
265 283
383 469
276 471
14 620
260 912
176 568
412 744
325 960
235 342
603 636
88 651
482 758
441 836
452 939
797 987
391 699
762 891
561 854
788 891
358 618
500 759
731 780
800 961
667 987
825 989
9 271
120 369
14 59
427 673
211 915
370 922
546 944
128 296
124 621
672 734
215 973
169 375
652 819
838 888
190 495
70 753
691 807
43 498
105 689
349 738
584 927
914 928
159 973
30 36
358 401
474 693
262 805
308 937
380 456
177 646
66 798
397 410
92 535
566 645
256 845
102 371
394 447
490 556
734 954
71 542
642 810
593 848
225 974
68 273
745 894
244 435
38 577
258 589
213 811
665 844
672 890
64 223
376 609
398 711
793 884
577 922
189 245
374 600
494 642
743 786
560 891
427 919
123 932
86 579
479 808
378 809
422 895
21 927
49 68
771 800
808 848
686 900
430 984
51 228
335 669
351 705
544 848
172 238
85 468
404 512
510 528
170 570
7 599
116 695
73 911
628 943
446 529
341 571
154 753
516 766
167 833
348 883
760 961
374 387
201 611
96 904
518 994
8 405
68 667
173 251
259 593
318 619
571 657
42 879
57 883
113 911
371 912
588 953
868 986
40 227
292 372
79 645
364 710
42 268
194 551
225 750
357 918
23 176
364 434
447 505
24 393
236 533
511 875
26 243
742 819
764 869
263 343
80 421
330 503
497 626
591 654
602 675
666 719
336 835
899 927
406 728
72 335
118 341
84 384
9 437
257 490
397 493
186 570
215 709
364 807
257 836
570 874
291 881
798 912
895 963
53 280
214 391
47 649
126 756
383 827
270 358
618 747
399 757
37 905
202 222
571 706
647 826
317 832
79 864
332 915
305 964
616 700
16 510
481 590
546 721
8 732
801 906
375 975
51 469
587 690
673 931
91 197
9 278
293 442
257 556
120 580
109 664
630 701
15 90
134 969
37 505
518 569
862 877
214 226
67 283
289 301
404 477
183 626
254 661
502 806
701 993
187 408
140 448
12 759
456 894
672 934
207 385
5 515
485 630
516 799
245 972
6 524
384 733
270 800
355 825
692 899
432 954
114 239
234 266
212 481
163 601
457 617
186 635
580 650
227 685
24 758
399 763
305 946
355 989
130 358
164 586
781 816
222 939
63 193
107 425
172 476
170 566
576 605
751 832
661 905
735 931
251 356
20 392
713 717
159 493
253 589
161 650
233 763
688 878
560 915
415 945
214 989
400 443
97 457
87 486
324 496
116 535
149 583
646 773
352 787
718 862
36 117
115 284
65 359
59 547
368 627
601 645
787 823
421 830
693 840
101 870
774 914
619 934
936 985
288 403
200 519
261 521
236 755
594 873
356 896
93 374
353 634
605 666
418 965
135 347
82 868
837 945
333 362
281 512
514 746
158 230
425 618
8 869
381 947
465 995
393 482
97 647
474 704
57 859
271 971
60 169
87 348
677 787
712 846
58 960
582 726
839 850
58 204
67 320
360 423
504 552
218 572
446 760
216 882
263 883
852 903
152 471
54 501
579 587
162 680
230 684
612 740
560 801
183 857
600 901
30 831
189 479
354 603
314 662
744 828
489 913
57 923
620 982
33 456
351 738
249 762
280 958
421 978
150 447
203 582
370 665
393 758
7 863
418 956
465 993
177 239
95 255
225 552
566 678
292 941
145 329
257 391
114 646
398 762
28 486
302 697
36 297
578 804
187 947
901 989
90 333
237 617
20 702
128 773
635 784
240 831
525 833
535 855
22 150
98 785
820 988
336 397
429 573
319 736
56 582
111 925
76 125
111 154
275 464
376 528
438 594
136 654
326 717
793 942
125 959
217 574
251 703
122 933
6 102
50 255
133 328
131 416
140 637
68 987
86 480
42 623
330 847
490 699
309 992
95 341
281 477
570 784
514 993
37 150
102 165
250 435
486 506
25 661
691 710
625 737
270 739
514 818
598 822
422 824
419 841
224 932
620 933
95 118
64 240
258 694
9 370
1 777
325 814
636 963
388 818
71 115
1 209
349 350
129 384
121 413
133 460
480 519
480 579
577 625
610 628
258 707
248 762
22 773
58 830
728 876
897 927
3 75
41 101
561 625
420 649
331 809
87 192
181 362
93 551
42 658
110 754
643 825
550 835
536 868
69 242
213 264
570 575
545 669
628 757
221 793
452 887
174 900
756 972
574 851
179 484
675 767
401 778
88 866
185 300
99 449
444 450
616 860
289 924
611 940
184 979
46 481
629 641
739 833
153 315
477 514
655 767
351 868
99 343
198 474
299 741
220 748
413 847
500 986
424 993
0 11
17 202
93 388
488 678
306 728
84 733
366 794
15 184
643 989
4 322
220 330
463 482
386 605
528 613
610 757
598 779
755 790
706 809
617 835
421 895
233 937
896 957
16 266
195 292
369 394
579 793
50 913
878 970
89 281
441 634
100 700
196 780
226 851
93 867
299 873
56 726
18 826
610 871
42 260
210 474
348 739
317 764
449 923
838 969
146 236
330 372
61 496
7 552
391 556
273 662
448 684
367 758
50 822
446 833
380 868
433 964
151 988
108 224
611 834
524 912
699 918
4 952
270 348
673 802
160 808
557 984
295 384
22 467
214 490
229 612
368 739
581 843
492 972
147 507
483 543
387 867
380 455
364 546
312 732
805 872
470 925
255 822
220 316
584 692
517 731
383 799
184 362
222 600
381 822
509 958
185 277
69 335
604 632
109 651
19 285
374 465
55 690
387 901
525 997
66 382
197 508
368 525
370 578
550 675
633 699
701 746
117 783
688 793
142 802
169 828
643 887
202 901
734 983
384 461
710 721
32 838
109 866
53 912
847 944
518 977
22 206
140 230
267 438
192 883
707 945
573 677
852 949
0 572
90 626
336 737
239 773
134 888
225 273
174 455
99 496
39 528
403 638
65 721
814 940
97 237
132 241
19 375
289 690
627 760
297 805
670 930
374 939
133 178
156 459
110 625
721 807
875 913
496 950
633 991
272 513
14 547
762 976
145 689
215 751
645 864
63 238
357 683
415 694
401 771
196 879
802 919
90 965
472 969
56 220
212 300
385 527
531 730
9 786
130 792
287 918
405 569
590 652
410 655
365 732
652 807
514 971
41 342
77 572
168 618
12 745
424 746
348 950
80 204
67 307
20 367
106 714
361 913
44 214
0 315
178 544
469 614
71 680
282 689
113 782
90 820
402 849
550 867
118 361
390 786
778 932
405 407
401 425
487 566
139 779
374 424
104 734
162 949
759 868
494 945
859 919
46 127
135 147
486 496
262 524
228 624
459 684
642 719
371 729
339 749
774 821
132 904
280 912
483 914
352 748
128 177
256 812
839 930
89 404
209 436
457 493
323 507
129 591
358 833
438 936
443 921
71 284
56 352
58 421
2 463
360 485
283 549
507 558
229 631
240 664
267 703
306 712
427 735
759 815
325 900
56 941
912 966
306 967
34 603
325 622
275 745
51 799
657 809
407 834
851 918
104 432
79 601
398 788
562 878
173 458
137 838
135 962
399 920
593 972
455 686
340 772
816 893
390 933
876 957
445 697
639 752
238 858
690 878
167 923
296 531
474 559
324 598
207 889
962 980
505 732
128 206
256 287
579 690
640 757
849 904
222 387
30 530
345 734
205 288
386 399
412 476
113 500
345 507
89 510
150 554
272 555
121 573
199 629
124 648
491 655
392 670
700 761
757 871
835 917
94 931
156 157
401 446
130 270
154 316
420 481
218 610
479 640
474 683
662 711
355 887
378 908
900 960
160 328
249 788
511 822
557 890
208 212
327 791
352 893
529 919
921 935
321 591
91 636
640 763
555 834
728 967
546 573
687 727
627 792
184 965
84 321
425 747
446 771
89 924
459 599
423 596
166 652
299 936
611 960
49 987
89 301
227 359
126 593
94 427
452 630
423 633
484 677
545 718
573 721
505 882
794 917
160 926
697 980
111 992
21 996
429 823
662 750
19 269
479 492
477 519
94 529
152 608
501 836
86 942
183 428
343 525
514 609
748 781
700 905
59 84
12 279
68 311
12 455
266 519
76 596
531 873
686 940
596 959
149 510
625 804
142 427
243 517
491 675
446 792
670 839
205 565
284 631
652 742
351 817
267 876
66 329
600 867
670 904
321 461
366 574
439 642
318 672
259 756
771 792
275 815
484 685
323 734
255 361
114 467
314 504
465 746
269 775
509 912
418 934
40 65
244 395
142 614
170 635
585 660
309 744
248 788
743 844
56 847
189 848
56 203
24 463
215 794
81 928
277 955
213 244
110 444
74 593
583 971
788 976
196 243
98 284
269 286
290 615
421 678
475 717
455 968
22 29
79 163
230 488
92 967
686 968
403 417
451 637
204 678
423 942
423 634
185 208
159 256
117 329
38 551
902 939
12 986
861 987
23 238
42 606
270 792
222 989
149 376
395 416
148 731
641 772
768 815
378 396
161 474
577 665
357 704
386 719
410 835
38 844
255 489
128 668
22 695
760 778
2 850
695 853
713 941
183 497
28 598
120 860
369 869
135 212
228 469
685 858
300 347
230 451
305 473
515 883
331 396
278 743
124 243
319 461
577 578
824 974
321 613
618 627
315 640
698 791
452 825
716 892
565 921
856 987
37 394
440 999
1 252
450 577
588 694
329 776
252 777
154 787
636 824
455 894
894 911
360 942
151 984
202 991
147 318
8 365
93 887
407 977
16 89
61 343
17 366
191 466
222 574
422 597
578 665
239 668
341 674
474 840
818 844
642 945
653 992
106 994
305 990
213 373
410 720
367 392
564 651
437 736
7 750
821 928
257 485
446 747
210 357
476 744
42 872
135 956
57 167
206 254
205 403
512 514
521 665
554 700
463 702
615 776
40 898
192 950
366 973
10 481
363 603
659 662
270 760
91 963
633 989
39 321
223 651
546 691
390 743
340 781
10 135
225 354
580 775
460 938
7 246
292 364
261 665
623 805
293 310
27 547
543 589
9 743
233 808
713 847
259 909
254 394
216 732
529 833
406 846
745 868
701 939
699 989
1 131
597 678
215 764
589 837
737 854
274 641
76 353
260 729
576 763
353 959
87 263
295 319
8 407
292 503
488 784
425 932
365 977
67 85
213 435
186 488
422 636
356 703
614 717
747 932
412 992
109 199
305 431
512 519
290 524
437 528
173 560
356 906
77 946
114 128
10 347
305 433
91 508
547 786
210 845
368 883
701 887
247 915
260 958
48 347
111 466
3 533
524 872
147 934
138 998
292 726
437 743
178 938
572 964
179 546
501 556
214 825
19 476
772 816
550 917
136 733
591 733
278 736
569 668
283 671
289 688
518 714
513 834
237 493
287 574
31 734
0 943
765 951
141 167
99 997
5 263
34 314
205 400
820 890
2 702
105 776
567 816
728 846
260 280
250 373
366 845
38 922
264 435
470 538
423 556
227 721
594 730
616 882
605 920
397 550
47 127
121 546
248 711
634 725
76 836
836 959
346 985
452 993
256 602
451 765
533 857
76 725
275 752
215 832
394 905
725 959
475 649
161 683
814 960
242 332
505 554
79 678
599 684
169 803
634 821
812 845
100 905
730 985
39 437
485 633
6 42
0 399
168 446
356 454
440 707
155 751
435 777
475 799
483 813
450 854
207 938
131 436
343 486
89 583
857 945
86 995
58 622
458 669
140 684
219 744
79 824
45 125
60 744
52 583
622 686
119 744
155 832
113 294
147 327
10 445
206 554
254 700
155 709
102 729
591 736
6 798
674 822
518 916
27 261
524 623
204 895
245 328
130 425
909 988
315 576
86 200
99 506
551 578
303 658
198 683
396 706
592 816
15 820
900 940
888 996
494 497
278 528
681 723
122 786
28 141
39 278
194 336
437 613
539 639
249 711
119 753
235 766
828 858
873 876
824 895
31 984
153 990
14 122
23 172
381 409
149 437
358 515
331 571
190 577
84 620
621 648
282 776
207 848
524 958
946 990
10 208
167 343
51 475
258 642
492 808
435 811
642 857
403 907
341 913
516 919
771 932
293 381
407 518
652 710
68 750
195 847
313 877
749 963
815 986
331 595
241 631
414 668
378 671
41 870
788 987
343 997
586 712
679 698
97 709
25 128
116 188
2 367
448 637
360 793
456 815
485 825
601 830
572 990
220 941
294 351
364 372
48 472
558 734
735 802
34 91
56 195
449 526
424 609
475 624
226 812
504 863
380 911
553 940
815 968
324 343
183 494
716 734
802 827
2 229
309 476
278 613
432 716
439 660
161 210
126 233
441 490
487 635
83 673
529 735
669 891
472 892
315 920
39 112
107 727
791 948
493 550
340 866
542 949
162 954
948 965
176 359
360 441
227 573
399 628
22 128
190 444
376 510
696 747
298 331
450 625
389 792
283 795
25 37
172 359
123 565
363 750
478 856
405 860
198 210
125 676
314 711
53 729
243 780
726 893
77 964
602 973
51 389
108 469
148 621
507 697
645 951
258 953
290 329
568 573
500 768
497 857
669 915
492 937
449 998
133 207
679 742
300 302
68 861
379 450
353 490
112 613
692 769
652 842
355 901
245 943
368 950
92 426
122 743
696 778
701 825
146 965
387 388
479 972
440 605
646 728
716 841
677 992
203 292
76 501
460 544
692 696
392 702
60 858
891 906
501 959
214 257
48 445
348 525
355 630
391 633
563 641
28 138
193 803
339 977
28 99
350 738
683 845
149 278
253 945
125 360
428 494
465 600
246 684
260 780
300 910
919 961
51 142
237 256
167 486
348 627
83 735
825 991
59 384
523 866
213 313
630 643
9 818
56 893
20 229
290 382
96 402
388 600
106 668
334 700
94 802
239 994
263 358
275 539
534 681
361 822
427 827
87 368
305 928
332 335
6 382
121 710
256 851
342 802
411 856
573 710
288 921
55 86
448 459
496 515
225 603
525 627
22 661
247 669
631 670
65 685
91 708
116 855
206 905
706 908
165 929
147 962
890 983
146 181
333 418
335 478
208 590
397 617
536 705
527 839
845 851
541 888
202 989
7 273
404 579
476 653
552 662
72 801
373 811
643 901
458 560
578 625
545 656
484 724
163 864
110 190
320 549
275 553
279 759
428 857
153 399
368 446
431 473
2 631
44 699
580 840
867 902
739 931
790 948
723 967
279 986
97 159
358 368
564 664
314 708
576 719
812 918
353 360
139 408
26 648
396 657
159 675
715 890
137 955
244 252
130 529
442 598
393 631
474 650
588 707
801 891
766 931
406 957
59 319
395 435
363 552
315 628
173 762
840 973
118 511
297 651
778 800
432 949
34 963
60 975
356 530
613 654
331 770
371 958
76 634
39 654
535 853
634 959
226 287
52 384
145 462
490 633
336 675
546 724
467 855
338 888
175 890
45 928
64 929
141 496
69 545
242 669
111 823
348 859
256 867
343 883
20 482
359 677
431 946
597 963
203 326
298 378
121 677
24 229
402 430
451 684
659 762
874 886
112 982
121 292
324 511
554 661
618 760
691 847
752 968
139 663
765 864
214 918
719 920
19 191
446 525
375 858
945 953
34 363
255 511
349 536
325 553
422 603
493 767
393 930
79 963
403 499
281 579
305 722
334 775
113 817
224 899
948 962
50 118
17 222
281 289
441 485
114 531
124 731
501 596
86 793
70 111
35 255
86 512
206 661
268 303
170 488
100 254
99 263
331 522
333 715
311 765
380 768
727 806
78 411
336 561
182 571
132 607
45 725
478 788
554 882
722 964
451 599
307 727
267 896
347 980
341 361
400 417
32 472
303 606
469 649
191 653
627 739
349 767
27 786
618 800
551 902
483 990
104 162
315 990
123 288
28 343
14 390
127 742
452 746
216 764
430 839
394 869
399 871
62 914
640 943
108 961
270 997
666 999
147 181
295 321
212 327
142 383
59 390
31 890
246 637
517 648
642 707
76 813
197 824
813 959
222 287
5 343
256 617
174 622
157 777
737 804
331 908
632 782
738 868
175 734
807 819
245 848
625 854
751 869
154 992
233 479
25 773
80 197
263 270
6 280
241 284
4 291
92 523
219 753
504 987
477 971
118 171
45 353
203 372
318 418
413 434
572 628
185 649
83 766
464 768
352 823
963 974
228 383
489 522
20 24
377 499
394 860
147 697
813 821
70 538
208 649
293 663
641 866
657 908
928 981
106 407
175 507
72 560
362 626
179 710
123 899
397 917
762 987
59 122
76 441
364 582
314 636
441 959
266 289
10 420
847 941
282 454
259 557
451 645
69 669
353 676
120 764
187 789
203 893
181 934
516 673
189 756
240 805
57 192
117 290
121 364
179 568
372 726
70 744
721 819
662 987
19 453
199 564
277 769
222 226
391 441
422 508
357 559
503 847
803 858
226 901
571 682
725 774
574 845
400 907
367 463
291 501
406 594
580 616
10 697
247 718
426 773
659 788
485 793
252 395
734 890
481 980
289 579
597 645
320 671
82 894
18 317
400 499
315 610
350 397
300 420
162 542
434 847
54 952
298 706
507 715
438 741
744 796
46 842
286 334
190 379
417 548
144 264
289 404
99 515
276 608
389 624
441 633
624 649
516 717
480 746
489 789
781 893
276 903
511 913
453 975
151 184
74 233
272 339
45 423
376 583
550 602
622 940
83 101
75 146
68 231
197 421
288 425
311 504
270 525
110 561
106 569
363 636
490 676
646 695
153 757
696 771
294 782
173 788
680 852
463 889
417 921
534 967
11 160
100 285
68 411
393 463
321 736
727 880
575 886
424 477
390 665
497 666
56 787
335 801
353 391
473 725
693 775
458 856
533 626
423 836
134 137
21 185
160 189
73 456
366 493
239 531
499 692
326 726
412 828
345 841
148 947
67 265
387 465
176 685
425 687
574 901
126 479
45 441
378 549
70 191
109 223
250 313
247 335
271 376
212 420
412 453
389 469
447 661
289 884
656 915
414 977
22 177
156 252
43 274
221 289
506 526
368 529
365 555
308 666
40 679
70 925
848 926
705 986
406 534
191 796
174 745
748 772
172 803
315 386
310 913
26 124
141 343
216 394
81 431
407 505
378 595
529 673
120 700
383 717
613 733
48 841
43 870
152 903
175 333
371 524
656 718
209 244
100 286
189 593
715 734
348 735
202 845
315 871
849 988
312 611
546 652
65 724
290 729
466 753
616 761
244 777
427 859
984 988
461 733
