1000 5112 58.54912467321779 sparse
0 349 31
1 96 539
2 431 489
3 373 791
4 839 217
5 300 0
6 786 798
7 101 599
8 1000 664
9 865 303
10 454 447
11 631 738
12 480 387
13 903 648
14 175 545
15 620 920
16 298 792
17 469 292
18 798 400
19 855 154
20 482 556
21 773 776
22 136 376
23 388 609
24 540 251
25 418 137
26 411 967
27 494 102
28 315 888
29 772 874
30 838 934
31 858 909
32 831 794
33 751 340
34 28 212
35 254 444
36 18 70
37 2 937
38 546 945
39 896 280
40 547 729
41 427 276
42 404 41
43 993 221
44 570 39
45 563 234
46 997 289
47 85 43
48 178 594
49 959 852
50 560 386
51 917 919
52 362 919
53 649 934
54 804 126
55 842 19
56 875 180
57 905 748
58 658 582
59 316 207
60 407 963
61 896 595
62 492 166
63 103 49
64 472 818
65 267 58
66 201 301
67 355 292
68 596 595
69 497 500
70 936 170
71 0 464
72 220 597
73 1000 228
74 818 922
75 627 800
76 595 859
77 1000 821
78 282 611
79 10 624
80 639 829
81 123 961
82 196 258
83 293 232
84 417 886
85 166 886
86 101 449
87 454 724
88 232 565
89 588 489
90 372 762
91 901 994
92 996 942
93 417 706
94 276 904
95 563 646
96 866 669
97 977 218
98 773 654
99 385 47
100 612 494
101 349 233
102 380 292
103 659 82
104 0 613
105 969 985
106 846 864
107 328 479
108 744 406
109 630 618
110 792 38
111 348 835
112 946 671
113 623 212
114 544 931
115 451 337
116 298 424
117 374 287
118 982 305
119 866 879
120 517 997
121 567 665
122 241 968
123 698 203
124 968 562
125 824 946
126 222 811
127 931 212
128 997 480
129 259 422
130 623 638
131 796 622
132 334 260
133 259 701
134 331 230
135 593 993
136 943 110
137 748 101
138 849 660
139 990 54
140 138 697
141 744 733
142 175 934
143 369 286
144 789 841
145 485 265
146 893 787
147 184 339
148 418 918
149 256 405
150 591 897
151 836 417
152 936 50
153 434 766
154 132 684
155 27 834
156 732 945
157 219 39
158 823 92
159 268 203
160 102 931
161 335 734
162 67 578
163 866 408
164 919 137
165 690 308
166 143 434
167 275 124
168 336 533
169 901 138
170 752 862
171 205 197
172 757 52
173 325 237
174 613 938
175 671 848
176 489 234
177 749 436
178 391 552
179 720 997
180 827 913
181 545 967
182 655 615
183 124 495
184 919 267
185 109 102
186 990 820
187 454 9
188 705 627
189 811 956
190 9 188
191 418 575
192 274 543
193 456 621
194 393 133
195 166 583
196 146 141
197 703 158
198 923 819
199 16 857
200 509 825
201 626 96
202 839 183
203 505 441
204 464 336
205 117 462
206 614 689
207 952 558
208 150 133
209 598 851
210 646 450
211 460 858
212 749 831
213 445 936
214 442 247
215 347 143
216 664 863
217 150 582
218 570 192
219 840 613
220 272 246
221 584 951
222 920 908
223 951 466
224 944 798
225 266 806
226 918 991
227 760 136
228 386 545
229 657 740
230 384 651
231 663 76
232 180 371
233 289 637
234 451 999
235 616 453
236 284 506
237 925 792
238 48 600
239 837 113
240 87 149
241 405 178
242 35 945
243 799 514
244 698 44
245 124 852
246 563 310
247 508 826
248 294 378
249 360 998
250 95 973
251 657 461
252 792 571
253 699 12
254 771 822
255 502 457
256 77 859
257 536 32
258 703 785
259 838 665
260 180 330
261 361 960
262 365 693
263 294 168
264 78 44
265 110 214
266 631 407
267 436 703
268 755 308
269 113 568
270 465 312
271 415 622
272 446 174
273 491 54
274 580 450
275 164 783
276 765 77
277 110 931
278 436 960
279 546 539
280 393 286
281 812 164
282 683 678
283 624 509
284 151 714
285 748 769
286 881 445
287 612 372
288 34 755
289 340 781
290 753 966
291 100 895
292 424 535
293 433 631
294 774 214
295 310 864
296 31 468
297 268 603
298 992 447
299 201 56
300 787 485
301 111 788
302 407 876
303 743 658
304 888 461
305 265 473
306 743 571
307 378 20
308 540 479
309 831 470
310 931 164
311 708 539
312 698 246
313 964 203
314 235 571
315 332 17
316 126 17
317 462 331
318 21 710
319 214 258
320 651 967
321 806 263
322 924 571
323 525 204
324 664 922
325 257 787
326 878 93
327 246 906
328 719 760
329 362 876
330 879 84
331 581 653
332 655 430
333 610 646
334 177 68
335 641 535
336 355 532
337 873 939
338 317 14
339 61 246
340 949 90
341 70 0
342 919 593
343 927 119
344 989 649
345 950 678
346 647 435
347 766 664
348 617 363
349 665 540
350 935 482
351 457 133
352 499 182
353 794 380
354 38 372
355 987 182
356 966 195
357 351 398
358 861 381
359 714 561
360 572 710
361 304 448
362 677 331
363 686 457
364 202 615
365 258 52
366 404 773
367 414 925
368 895 563
369 920 406
370 228 627
371 181 974
372 288 968
373 963 443
374 301 778
375 319 417
376 726 454
377 810 590
378 5 338
379 823 951
380 510 371
381 553 751
382 355 249
383 443 768
384 880 632
385 13 496
386 850 830
387 119 787
388 910 228
389 339 850
390 364 558
391 734 827
392 904 717
393 997 229
394 85 761
395 560 662
396 653 454
397 782 999
398 459 163
399 263 468
400 868 429
401 300 373
402 570 405
403 593 945
404 80 337
405 828 610
406 748 547
407 754 933
408 211 869
409 381 513
410 323 186
411 983 133
412 260 602
413 804 921
414 638 691
415 693 147
416 509 837
417 991 599
418 288 975
419 150 878
420 534 127
421 45 906
422 920 331
423 214 281
424 813 60
425 12 211
426 68 790
427 947 119
428 877 821
429 376 284
430 55 639
431 993 439
432 997 435
433 772 346
434 952 588
435 299 643
436 203 411
437 220 189
438 750 235
439 800 931
440 463 703
441 202 335
442 701 160
443 375 573
444 533 305
445 780 390
446 479 587
447 684 229
448 857 246
449 7 398
450 541 258
451 884 514
452 143 812
453 622 900
454 351 112
455 363 413
456 847 487
457 171 335
458 575 294
459 452 618
460 552 843
461 54 669
462 955 642
463 289 280
464 638 886
465 942 437
466 86 127
467 845 919
468 922 18
469 176 861
470 294 538
471 817 184
472 404 138
473 54 720
474 90 366
475 728 690
476 327 444
477 995 774
478 926 257
479 103 150
480 295 369
481 142 63
482 569 943
483 989 116
484 139 713
485 413 968
486 171 153
487 558 838
488 281 257
489 56 592
490 429 6
491 694 517
492 114 891
493 720 35
494 216 55
495 918 354
496 687 224
497 769 20
498 906 441
499 417 224
500 635 720
501 624 428
502 98 703
503 794 3
504 90 539
505 362 679
506 618 380
507 989 393
508 837 646
509 750 175
510 937 397
511 397 80
512 576 304
513 899 701
514 189 862
515 235 146
516 474 406
517 834 987
518 513 889
519 193 850
520 397 178
521 437 694
522 774 44
523 475 1
524 507 343
525 292 51
526 631 555
527 21 483
528 18 503
529 712 287
530 650 914
531 426 82
532 459 545
533 327 859
534 567 49
535 609 965
536 783 823
537 559 677
538 987 860
539 75 801
540 508 199
541 166 789
542 630 644
543 586 469
544 666 330
545 922 189
546 19 733
547 266 611
548 516 952
549 757 105
550 573 668
551 471 548
552 108 640
553 787 354
554 488 67
555 452 955
556 941 5
557 491 443
558 348 804
559 414 95
560 685 919
561 832 347
562 969 326
563 277 630
564 178 931
565 662 448
566 786 77
567 209 275
568 907 905
569 504 390
570 980 77
571 297 12
572 552 736
573 388 124
574 758 292
575 638 395
576 294 824
577 350 346
578 395 559
579 360 917
580 976 332
581 327 659
582 538 936
583 277 716
584 862 52
585 642 832
586 91 828
587 484 129
588 971 596
589 388 370
590 387 485
591 671 815
592 220 356
593 384 451
594 558 432
595 758 745
596 191 95
597 325 99
598 392 383
599 477 624
600 261 575
601 944 812
602 141 634
603 553 137
604 123 519
605 205 618
606 689 994
607 500 764
608 500 453
609 332 638
610 373 121
611 656 27
612 59 953
613 638 316
614 1000 1000
615 467 136
616 850 307
617 801 694
618 251 980
619 495 870
620 637 471
621 928 31
622 707 119
623 782 602
624 330 67
625 52 456
626 627 959
627 846 47
628 787 635
629 73 451
630 761 64
631 820 130
632 562 282
633 851 404
634 493 166
635 627 212
636 88 852
637 676 914
638 987 70
639 47 374
640 822 529
641 955 833
642 261 636
643 234 56
644 47 240
645 806 304
646 58 639
647 436 299
648 110 623
649 676 324
650 736 136
651 50 822
652 562 844
653 504 705
654 311 474
655 585 445
656 692 333
657 44 504
658 165 688
659 522 225
660 992 54
661 931 647
662 109 860
663 582 287
664 942 924
665 884 751
666 642 451
667 842 517
668 337 152
669 316 687
670 164 944
671 807 91
672 317 991
673 921 565
674 373 330
675 964 809
676 895 204
677 303 832
678 393 360
679 595 684
680 903 642
681 144 33
682 123 345
683 448 584
684 886 601
685 790 146
686 320 141
687 951 418
688 677 179
689 403 709
690 898 364
691 182 484
692 132 230
693 753 695
694 252 831
695 903 307
696 783 190
697 674 586
698 612 930
699 323 120
700 299 755
701 157 591
702 2 29
703 513 576
704 300 235
705 687 532
706 218 293
707 89 731
708 342 186
709 454 552
710 205 990
711 480 160
712 882 414
713 911 238
714 93 888
715 924 566
716 597 9
717 754 147
718 440 28
719 512 678
720 925 605
721 395 982
722 58 693
723 866 306
724 269 978
725 617 697
726 82 900
727 651 648
728 843 328
729 824 853
730 697 569
731 805 809
732 703 878
733 320 287
734 226 320
735 268 557
736 584 978
737 323 898
738 714 632
739 116 460
740 547 498
741 567 344
742 948 592
743 290 156
744 52 779
745 564 425
746 752 20
747 308 594
748 753 231
749 218 424
750 715 591
751 276 669
752 384 836
753 502 183
754 608 158
755 137 371
756 862 361
757 890 163
758 478 734
759 812 530
760 310 422
761 984 576
762 148 16
763 904 687
764 346 608
765 84 641
766 682 587
767 935 183
768 612 313
769 930 772
770 411 934
771 933 945
772 81 824
773 673 757
774 210 304
775 80 557
776 340 688
777 394 683
778 680 252
779 809 190
780 212 873
781 358 487
782 84 626
783 799 352
784 980 996
785 286 377
786 967 575
787 52 493
788 247 815
789 334 45
790 499 907
791 968 823
792 134 925
793 922 517
794 492 241
795 946 807
796 313 469
797 886 304
798 913 193
799 240 700
800 3 762
801 611 610
802 393 836
803 956 433
804 798 940
805 543 324
806 644 216
807 629 903
808 692 156
809 164 406
810 175 611
811 442 349
812 269 817
813 810 630
814 946 64
815 210 964
816 830 162
817 182 767
818 490 56
819 718 214
820 52 345
821 24 355
822 352 885
823 657 668
824 539 905
825 409 23
826 639 973
827 319 444
828 145 169
829 45 702
830 514 560
831 918 905
832 628 861
833 364 164
834 568 938
835 198 237
836 952 22
837 265 865
838 655 738
839 53 312
840 305 207
841 570 480
842 338 895
843 724 447
844 748 423
845 6 269
846 751 325
847 625 254
848 445 274
849 637 669
850 538 433
851 331 29
852 447 260
853 31 335
854 942 63
855 693 35
856 668 885
857 205 495
858 523 393
859 52 600
860 755 629
861 851 305
862 459 273
863 919 133
864 492 17
865 785 580
866 263 427
867 510 732
868 546 631
869 443 770
870 662 111
871 608 81
872 482 622
873 381 744
874 617 609
875 639 109
876 39 280
877 368 50
878 925 66
879 124 240
880 63 639
881 135 467
882 195 670
883 361 853
884 7 991
885 296 358
886 533 770
887 397 104
888 844 39
889 875 625
890 651 444
891 194 377
892 399 329
893 633 98
894 954 80
895 730 951
896 639 615
897 564 942
898 361 43
899 304 428
900 278 912
901 21 677
902 486 811
903 261 226
904 538 569
905 475 657
906 688 159
907 537 733
908 343 576
909 356 177
910 614 902
911 212 539
912 281 588
913 755 968
914 594 48
915 703 885
916 85 328
917 155 103
918 385 368
919 655 80
920 284 986
921 80 346
922 324 761
923 139 441
924 574 19
925 950 217
926 659 669
927 179 42
928 800 534
929 537 389
930 158 502
931 882 352
932 233 742
933 76 62
934 857 645
935 170 300
936 495 479
937 667 27
938 951 969
939 2 253
940 951 806
941 179 262
942 452 613
943 970 889
944 324 452
945 769 370
946 612 320
947 492 102
948 436 990
949 247 361
950 461 438
951 950 490
952 590 858
953 862 669
954 501 448
955 845 849
956 505 773
957 738 408
958 665 22
959 835 914
960 343 839
961 455 521
962 406 502
963 695 174
964 962 319
965 829 804
966 610 203
967 200 712
968 221 431
969 239 195
970 422 903
971 182 388
972 522 203
973 692 838
974 764 160
975 418 47
976 697 696
977 98 424
978 706 304
979 520 402
980 352 896
981 901 265
982 850 596
983 705 741
984 927 722
985 132 50
986 16 636
987 776 998
988 906 160
989 789 181
990 105 124
991 78 335
992 45 723
993 730 817
994 157 635
995 857 887
996 335 551
997 199 30
998 475 814
999 100 516
62 634
200 247
139 660
383 869
27 947
26 485
205 739
273 818
616 861
823 926
197 442
52 579
229 838
290 913
404 991
430 646
73 393
673 715
9 723
352 753
323 972
117 429
222 831
589 918
113 635
238 859
164 863
96 953
210 666
408 780
814 854
142 564
80 585
364 605
255 608
103 919
193 459
322 715
438 748
646 880
808 906
459 942
64 998
117 143
125 379
22 755
482 834
482 897
795 940
76 952
608 954
204 317
305 399
601 795
654 796
599 872
937 958
26 60
431 432
434 742
834 897
447 496
1 504
13 680
801 874
397 987
275 541
156 895
108 957
401 480
129 866
111 960
88 314
121 550
322 673
372 418
732 915
768 946
47 264
24 450
362 649
274 655
103 231
487 652
116 899
143 429
376 843
201 893
121 395
83 704
176 794
453 807
749 968
102 117
70 310
248 401
60 485
460 487
423 567
114 582
210 890
160 277
241 520
476 827
430 880
112 345
148 367
301 387
210 396
251 396
297 412
298 431
178 578
174 698
697 766
248 785
166 923
203 954
180 959
313 356
297 547
627 888
94 900
453 910
760 899
76 209
206 725
476 944
178 228
385 528
40 572
532 709
384 889
196 208
43 393
102 429
489 859
231 919
193 942
752 802
404 921
326 330
248 480
267 521
415 808
255 954
134 173
153 383
130 542
562 580
354 639
594 745
224 795
439 804
601 940
332 346
827 944
367 770
66 774
109 896
858 979
473 992
147 260
136 427
137 549
545 798
442 808
153 869
346 890
43 73
570 638
458 663
291 714
877 898
562 964
916 991
287 506
471 779
77 186
458 512
460 652
388 713
640 759
396 890
32 965
287 348
260 457
194 573
560 637
188 738
375 760
244 855
404 916
607 956
611 958
44 534
351 615
224 940
209 952
413 439
586 772
40 907
391 993
65 365
221 403
412 547
396 565
696 989
568 831
59 840
611 937
822 980
247 416
362 544
480 885
589 678
197 808
554 818
340 894
557 954
467 959
921 991
238 489
678 918
51 222
396 666
217 701
225 812
252 865
666 890
10 950
902 998
233 435
544 649
61 684
565 890
418 920
389 960
200 416
284 484
254 536
38 582
576 677
195 701
480 785
315 851
119 995
138 259
194 472
116 760
553 783
98 347
184 478
373 803
219 405
532 551
5 571
102 143
115 317
227 717
875 893
514 519
172 630
423 706
263 743
759 928
74 180
15 698
28 737
692 879
189 379
298 432
203 608
415 906
115 204
469 514
426 539
256 636
70 767
124 786
177 844
442 906
273 554
222 568
675 940
62 711
342 720
320 826
79 986
557 608
215 668
329 822
147 457
20 551
589 598
276 630
706 774
657 787
233 563
266 575
251 565
214 852
224 601
74 413
25 472
51 831
848 862
842 980
38 114
84 302
203 557
848 852
9 861
220 488
140 154
102 280
16 374
262 505
246 512
395 550
468 621
93 689
634 711
545 767
152 854
121 537
324 637
291 492
401 785
675 791
465 803
332 890
858 929
540 972
79 104
197 415
142 670
513 763
389 533
765 782
115 811
33 846
210 346
299 494
395 537
381 572
723 861
197 906
807 910
106 955
362 656
67 143
339 644
192 735
232 891
442 963
42 975
130 333
415 442
385 527
833 909
315 338
573 610
737 842
572 907
212 391
9 616
163 633
361 827
401 885
148 970
210 251
105 784
122 618
64 902
131 628
687 803
722 829
109 874
138 953
113 966
39 981
78 547
182 896
195 217
34 425
240 479
140 484
158 671
616 723
703 830
602 994
78 297
324 530
210 565
131 813
343 863
43 97
48 195
203 255
95 395
157 494
268 574
139 638
714 726
789 851
891 971
757 988
125 189
31 467
641 791
717 974
481 985
124 207
54 631
58 697
845 939
165 978
175 216
30 467
491 705
598 918
906 963
537 550
228 578
708 909
392 513
278 555
584 627
638 660
346 666
694 788
0 898
171 437
221 482
331 550
433 553
245 662
497 746
724 920
138 934
350 951
272 398
348 506
761 786
101 382
352 634
563 642
163 712
540 753
280 429
552 648
232 971
353 445
51 568
152 814
822 842
129 149
91 226
695 797
48 810
99 877
854 878
286 304
62 352
551 709
681 762
148 770
635 806
108 844
268 846
82 941
111 389
135 736
234 948
531 559
458 632
852 862
295 533
323 540
319 567
107 654
84 970
162 489
255 557
85 419
814 894
197 963
82 319
164 169
411 483
296 527
494 643
512 663
251 666
107 796
251 890
844 957
529 978
168 996
618 724
675 795
281 816
41 848
0 851
264 933
184 981
101 134
38 897
808 963
136 343
649 656
587 615
201 875
30 125
121 331
147 441
11 500
138 508
141 595
626 826
372 920
8 344
390 443
86 739
375 899
291 726
42 825
169 863
205 881
916 921
688 963
172 522
66 706
359 730
74 959
47 63
180 467
110 522
144 536
535 626
312 778
15 910
410 708
117 280
168 336
259 508
133 799
564 670
580 964
100 283
53 324
357 455
96 138
93 267
270 317
369 510
352 540
418 724
634 753
15 807
464 807
569 858
35 866
559 887
635 966
466 990
15 174
95 331
332 565
600 735
95 121
49 641
426 744
310 767
543 841
152 878
67 117
78 563
206 679
127 925
386 955
164 343
62 753
219 982
313 925
97 313
346 565
151 633
436 749
434 786
297 912
42 99
224 237
346 396
12 516
274 543
380 569
413 804
437 969
343 427
246 458
361 899
690 931
569 979
53 530
358 756
823 849
594 850
243 928
508 934
15 453
333 542
89 543
338 571
723 797
248 885
55 888
271 293
74 439
567 706
473 829
89 841
90 873
527 528
417 588
565 666
601 675
30 959
469 519
213 555
668 686
308 740
556 836
739 881
796 944
17 270
18 353
614 784
44 924
361 944
400 712
0 789
338 851
509 974
18 445
504 775
86 205
286 400
192 470
281 471
434 588
152 621
632 663
620 666
243 759
237 769
109 801
189 804
221 834
854 894
681 985
136 340
402 745
727 823
276 566
829 992
225 325
465 687
225 788
9 797
47 933
163 400
597 699
650 717
676 798
82 835
814 878
765 880
69 936
109 130
174 403
821 853
324 560
193 599
323 659
57 665
686 699
48 701
398 711
492 714
68 801
453 464
472 573
165 649
124 761
542 727
588 786
113 806
729 955
140 284
82 567
929 979
50 402
420 603
372 724
444 805
17 862
785 885
581 609
625 629
33 433
373 465
414 725
46 118
210 332
26 721
573 887
221 897
827 899
756 931
779 989
157 997
547 563
561 728
6 731
849 926
659 972
38 181
0 315
5 338
312 447
240 466
202 471
316 762
694 812
354 821
414 849
31 995
788 812
116 375
59 410
266 501
198 601
311 705
616 728
186 791
623 865
111 883
389 883
584 888
335 526
251 620
495 690
624 789
216 856
474 921
329 980
185 990
67 429
187 523
636 662
60 721
727 926
579 980
35 129
322 342
260 441
640 928
169 988
223 350
734 774
30 379
511 559
157 643
56 757
207 786
95 868
311 359
40 381
485 721
518 790
874 896
883 960
282 976
97 393
224 675
123 819
114 897
220 903
688 906
445 945
331 395
87 440
210 620
664 771
361 796
202 816
319 423
293 459
468 556
598 678
329 883
78 912
61 342
38 482
422 495
408 514
318 546
374 700
38 834
149 866
870 875
255 936
190 425
50 929
604 999
820 853
175 973
30 74
29 170
93 521
194 610
640 667
927 997
309 456
361 476
396 620
588 742
229 773
423 774
447 778
523 864
1 999
349 705
367 970
133 583
730 766
201 871
628 813
150 910
31 959
392 984
70 545
98 628
187 718
328 983
212 993
30 180
132 382
123 496
601 641
530 807
212 254
303 347
78 412
244 493
454 610
539 772
505 776
760 827
253 855
66 423
522 630
588 761
600 912
143 280
227 650
11 838
511 887
204 270
183 604
543 655
552 765
669 776
223 951
346 501
239 631
417 761
28 842
159 903
791 940
332 396
206 414
403 482
316 681
1 775
275 817
381 907
105 938
553 945
95 550
767 798
12 569
296 625
586 636
433 945
403 698
478 713
101 173
365 643
461 722
99 898
259 953
532 961
227 974
180 413
278 485
463 488
289 558
728 861
443 578
131 623
54 685
246 805
118 964
89 100
28 295
335 349
306 406
497 522
462 661
58 766
934 953
731 965
312 496
490 718
106 729
132 173
355 356
127 545
118 562
370 605
41 647
332 666
162 775
782 880
74 125
116 361
277 792
157 299
67 102
106 119
506 575
145 794
114 834
156 407
73 97
193 293
139 570
358 633
165 656
384 680
173 704
716 924
52 980
504 999
109 182
187 490
6 536
86 977
83 220
158 239
174 626
566 671
510 687
727 849
68 874
412 912
242 612
320 626
318 829
25 194
286 498
126 788
310 988
72 364
809 971
155 199
63 264
97 356
20 532
547 642
51 664
475 693
262 776
514 780
742 786
378 821
691 857
590 962
106 995
6 21
228 390
435 563
679 725
204 811
471 816
380 858
654 944
403 535
41 852
289 922
533 960
213 278
35 399
363 565
7 648
641 675
294 696
621 836
830 904
44 914
282 926
96 934
825 975
459 599
796 827
700 922
72 605
237 795
223 373
155 651
570 660
198 795
26 278
21 285
65 525
576 812
403 834
542 849
703 904
109 542
285 595
530 637
87 758
696 779
39 797
528 657
193 872
674 892
11 229
311 491
512 632
235 666
368 673
536 731
646 765
299 927
334 927
405 982
479 990
299 997
144 254
252 377
408 519
518 619
544 656
613 768
281 779
648 782
127 798
340 814
773 838
378 853
570 894
293 942
172 276
235 501
19 816
490 825
478 981
908 996
314 600
881 923
613 946
127 388
178 443
601 791
319 835
684 889
39 184
165 362
720 742
384 934
164 988
710 815
114 824
608 936
310 545
647 848
288 546
162 859
247 902
361 760
125 804
582 897
299 334
0 877
377 405
304 498
74 804
701 810
317 811
405 813
500 838
889 934
436 968
78 233
85 469
353 553
361 654
464 832
377 865
200 902
353 945
267 440
221 736
375 827
493 855
412 600
294 748
215 833
867 907
534 914
97 925
198 237
215 686
789 898
415 963
74 467
214 848
66 567
548 582
222 664
550 679
265 692
791 795
541 817
745 850
145 862
356 925
855 937
174 535
351 587
615 711
473 722
364 810
641 940
107 944
318 992
189 439
169 757
379 804
177 843
599 942
409 962
59 134
163 358
243 640
342 715
688 808
290 895
547 912
592 949
336 390
440 521
689 777
641 795
237 601
381 886
259 934
336 996
87 267
178 390
118 580
441 592
235 620
433 783
410 840
653 867
390 908
747 912
114 482
196 486
83 488
373 687
83 840
552 782
476 760
251 346
282 823
820 991
546 992
99 307
39 695
340 854
13 384
191 578
246 632
233 642
13 661
577 674
196 828
130 896
476 899
820 921
104 986
86 629
342 673
315 789
698 910
375 476
380 524
398 615
653 719
706 734
587 947
886 956
471 989
3 558
566 630
535 736
2 962
186 675
96 259
55 627
20 709
509 717
753 972
6 254
125 439
112 661
388 676
441 734
71 527
274 594
281 685
730 750
893 919
661 680
353 783
704 840
801 896
386 428
297 563
140 658
24 45
466 479
697 730
752 883
307 898
374 922
281 989
364 370
409 590
115 270
221 535
225 694
476 796
27 587
713 981
371 710
464 910
297 600
636 772
496 778
208 486
655 745
116 827
3 90
342 742
567 774
63 985
162 238
340 427
511 531
454 597
556 621
488 704
352 711
430 765
590 781
646 782
718 975
737 980
49 538
276 549
454 699
207 715
404 820
60 278
414 500
368 715
103 870
403 897
161 922
123 963
177 376
82 423
110 497
501 666
500 725
740 841
251 363
298 373
127 767
60 770
194 887
683 942
137 276
422 695
502 707
195 810
610 887
74 379
639 820
123 447
284 658
540 659
682 755
224 769
265 879
237 940
685 974
164 310
402 594
668 833
130 874
258 328
274 745
198 224
156 290
433 846
229 500
122 724
130 727
325 788
820 821
331 333
154 484
246 663
519 780
639 821
414 823
739 923
390 996
23 271
266 506
594 655
63 933
863 988
207 434
288 744
392 763
17 848
407 895
691 930
771 938
278 948
810 994
72 314
430 461
32 731
359 750
308 841
464 856
94 327
351 398
481 681
582 834
322 368
228 443
581 669
220 704
184 713
637 856
183 881
177 957
159 969
132 134
210 235
497 503
400 633
871 893
895 913
494 997
98 303
373 431
461 646
394 707
468 836
459 872
285 328
112 462
223 465
49 791
542 896
108 177
110 424
246 444
165 529
334 596
456 667
132 733
354 820
620 890
208 917
205 923
414 926
557 950
48 217
81 250
464 530
377 623
130 801
379 439
206 849
124 434
51 771
518 824
486 828
103 893
15 530
34 190
134 382
442 688
664 831
329 842
306 359
404 474
88 600
61 720
262 777
371 815
153 366
38 548
202 779
605 810
98 860
534 924
240 990
207 322
198 940
855 958
101 132
545 676
302 970
441 457
111 558
35 305
0 307
57 392
390 578
286 712
582 824
66 935
709 961
31 119
72 370
107 781
535 826
654 827
279 904
251 332
283 335
419 469
332 501
78 747
651 772
214 862
210 501
708 833
579 842
170 212
313 355
20 446
150 453
253 493
227 549
179 606
527 657
446 683
323 753
307 825
436 971
352 972
591 973
56 676
741 805
899 944
145 176
31 180
71 296
215 454
95 537
587 711
122 815
453 530
544 613
415 622
427 863
652 952
151 163
59 173
191 683
461 880
872 942
75 80
17 145
243 300
28 533
539 586
508 813
303 860
501 890
551 961
40 360
492 662
134 704
66 734
718 825
181 897
668 909
835 941
424 671
384 684
678 892
936 954
475 976
24 659
227 685
453 698
648 765
209 832
274 841
307 877
260 935
70 988
174 221
181 582
482 582
270 647
207 673
463 733
581 776
430 782
288 800
737 822
870 893
870 919
413 959
723 728
539 744
711 753
839 853
485 948
48 364
294 438
111 533
450 632
123 688
322 742
183 999
424 566
434 720
7 782
698 807
311 730
136 894
30 31
84 148
244 253
61 368
125 413
235 655
385 657
256 662
441 774
77 791
758 867
41 862
443 908
764 908
15 53
169 343
295 389
336 409
470 735
585 832
878 894
656 978
147 232
33 268
266 346
135 535
16 576
435 581
59 704
662 714
505 777
20 830
152 836
173 382
325 812
83 173
146 237
228 409
597 624
172 746
148 213
180 439
380 929
452 541
93 777
70 798
156 913
45 450
331 537
165 544
683 709
522 746
160 792
628 860
327 900
83 903
252 623
633 712
527 787
496 819
380 979
41 214
181 548
78 642
539 651
626 698
296 787
974 989
81 277
25 573
667 759
567 941
722 992
322 434
412 563
295 677
680 889
19 56
360 572
127 713
88 911
213 367
602 648
770 970
579 822
175 591
299 643
26 770
318 901
99 975
202 281
290 407
820 839
569 929
53 320
65 643
76 832
599 905
561 756
609 764
851 898
760 944
19 202
388 478
175 585
418 672
256 714
546 800
201 919
875 919
545 988
125 180
58 182
363 396
62 398
219 508
7 269
266 332
85 514
154 658
369 687
215 699
492 726
182 727
750 766
356 767
136 863
310 863
822 883
474 991
296 385
164 427
225 576
53 626
9 728
128 298
342 434
435 609
623 628
561 783
223 803
672 920
42 307
197 688
59 708
592 891
386 965
158 424
236 470
230 777
631 816
607 867
31 337
552 602
267 689
686 743
607 886
618 920
316 985
1 604
53 637
103 875
1 269
228 336
394 426
340 570
585 591
622 650
22 682
347 693
735 912
538 943
183 205
297 642
17 647
574 846
798 988
90 366
34 644
121 679
80 832
125 959
288 992
181 482
417 786
99 825
52 842
843 844
340 878
37 242
342 684
203 850
166 881
461 901
59 83
185 466
214 499
100 620
565 620
26 948
508 953
839 991
4 202
12 380
235 543
516 569
476 654
631 685
659 794
66 441
365 525
256 586
412 642
331 679
322 720
130 849
395 868
292 961
323 352
215 610
213 770
485 770
171 969
57 984
43 313
263 410
4 448
124 588
590 593
398 634
310 798
530 856
72 88
151 400
131 405
172 497
434 761
467 995
127 313
125 467
276 522
370 642
176 659
403 736
461 829
410 909
106 386
459 683
246 741
207 742
668 708
789 877
109 333
337 467
306 750
725 849
361 375
21 595
105 614
440 758
3 289
318 473
87 521
371 670
292 709
219 813
638 894
471 696
533 883
71 385
192 600
233 751
516 950
387 452
57 769
224 791
829 901
182 697
74 189
44 257
329 389
344 462
216 464
233 547
287 575
360 679
386 729
435 751
409 781
134 840
647 862
472 887
416 902
183 930
269 775
845 876
30 189
959 995
16 225
131 377
373 432
152 468
212 536
80 591
281 631
198 641
668 699
621 854
839 876
658 882
152 894
33 945
783 945
114 548
221 698
166 809
779 816
856 915
513 984
107 476
797 861
231 870
407 913
457 935
685 989
110 503
99 511
522 566
727 896
247 998
54 671
535 698
388 798
116 866
446 872
621 878
436 891
215 909
116 476
319 706
313 767
256 772
914 924
319 941
554 947
303 475
75 585
167 743
493 746
253 937
30 337
334 481
257 534
530 560
315 571
472 610
67 733
338 789
244 937
375 944
558 960
715 742
41 280
528 787
52 822
253 958
178 191
54 239
360 537
424 627
351 711
333 849
35 968
154 284
379 413
27 554
670 792
696 974
230 505
434 715
189 413
732 856
872 905
446 703
200 998
415 688
144 731
839 916
773 983
66 260
275 452
347 628
358 931
103 201
235 346
3 366
501 575
416 619
314 735
520 833
871 914
850 979
408 469
183 739
531 975
245 636
114 181
685 717
111 752
333 801
174 910
160 291
674 678
126 694
124 742
216 832
173 840
495 931
649 978
100 543
484 658
278 770
533 822
136 164
56 202
235 274
48 605
533 677
498 712
690 756
616 797
542 823
291 662
19 757
107 827
235 890
681 927
53 174
141 285
465 498
557 936
5 315
0 338
78 435
330 584
133 751
802 883
13 889
219 934
540 634
76 652
509 696
642 751
294 989
345 462
547 600
636 714
208 828
684 982
345 661
340 343
30 413
292 532
254 731
295 737
426 772
570 814
694 837
531 887
806 966
592 734
81 160
109 727
61 889
119 955
913 987
62 540
445 553
209 652
537 679
402 929
224 641
473 707
347 860
426 651
586 662
207 761
359 406
245 419
403 626
410 668
272 711
141 328
15 403
404 839
629 977
64 247
61 322
127 676
88 735
596 917
650 974
20 703
160 726
53 807
488 903
56 988
137 227
211 619
137 650
144 729
625 787
219 889
15 150
235 396
349 491
269 504
96 508
444 632
372 672
16 700
695 723
181 834
273 864
366 873
767 988
446 599
232 457
405 508
146 665
512 768
42 877
29 144
70 164
178 292
28 822
175 856
40 867
820 916
349 526
521 689
677 812
447 819
767 925
239 671
607 758
231 893
80 175
90 289
357 375
271 459
10 557
53 698
619 790
159 840
324 856
886 907
254 391
296 528
473 546
418 618
186 641
350 793
389 822
542 874
363 890
277 291
97 355
346 620
188 750
206 500
549 650
424 888
43 356
301 394
263 686
421 726
166 739
431 803
14 911
446 942
168 390
216 973
146 428
676 713
762 985
394 744
621 814
292 962
379 517
292 578
81 792
533 842
64 200
354 853
50 858
333 874
110 172
369 498
304 400
312 819
487 952
219 377
39 478
757 798
62 587
193 683
611 855
252 928
28 980
77 675
469 780
530 910
249 261
220 463
369 465
216 585
24 632
376 844
571 851
624 851
560 856
903 969
83 134
236 305
587 634
450 659
482 736
728 756
655 841
58 896
271 942
388 981
30 439
158 631
451 793
832 952
58 526
673 742
623 860
76 150
166 205
180 379
9 695
116 944
67 132
23 443
419 492
301 539
348 575
296 657
42 718
438 819
279 830
83 159
182 542
172 566
217 810
16 812
542 926
889 982
192 236
303 693
705 730
145 852
474 916
342 368
38 221
67 280
15 464
150 807
182 874
86 881
560 915
249 721
769 795
174 807
232 809
555 948
55 584
504 604
512 805
9 39
189 517
434 673
49 943
411 427
33 553
298 803
60 367
435 642
102 674
54 281
379 467
613 649
369 712
17 852
187 864
86 923
454 573
372 618
182 766
793 951
379 959
127 356
329 533
332 575
748 819
604 930
439 959
54 158
396 501
154 502
559 573
281 696
303 738
164 757
653 758
542 801
572 886
315 898
53 560
201 870
715 720
563 751
13 763
150 952
116 129
35 149
14 195
70 356
174 453
62 615
61 673
368 684
141 693
818 864
196 917
935 941
129 968
84 367
289 374
474 682
150 698
358 712
385 787
430 859
366 869
25 887
716 914
511 975
430 986
25 351
107 361
197 622
684 720
533 737
50 745
624 898
137 630
222 771
494 927
228 292
363 843
147 891
203 936
366 383
525 571
436 809
170 391
747 908
0 99
108 445
742 761
512 946
98 131
130 182
63 316
314 911
290 987
392 665
492 792
43 355
110 566
453 832
646 859
270 862
509 989
217 269
143 382
96 384
567 835
623 813
545 925
17 317
238 430
42 511
15 626
359 705
180 804
427 894
637 915
784 938
60 948
362 978
4 471
197 650
422 690
226 938
244 958
169 310
615 634
39 723
663 768
260 774
180 995
89 274
446 551
147 592
141 983
266 287
314 412
176 540
568 664
324 807
423 941
400 498
674 918
955 995
163 286
158 566
146 769
622 808
850 954
7 162
233 297
121 868
769 940
301 452
377 813
2 961
241 472
184 388
483 570
704 903
790 824
363 376
186 538
157 927
283 620
56 798
257 924
277 492
673 720
774 935
213 970
389 677
739 977
178 409
242 421
245 492
227 509
299 596
238 646
53 826
61 384
72 412
288 473
465 510
549 566
505 581
16 677
61 715
583 799
722 901
44 716
4 779
191 292
142 371
140 502
30 804
377 982
354 449
110 630
546 829
16 922
762 927
353 433
261 721
747 764
570 854
339 876
417 434
532 683
181 736
94 837
263 840
647 852
859 880
210 363
370 412
472 520
38 824
171 835
677 960
32 386
0 624
510 803
524 805
193 905
172 493
516 557
358 690
318 722
70 863
311 406
644 876
57 146
388 545
245 586
423 734
231 875
382 429
115 647
333 679
460 952
232 260
346 575
321 645
512 741
297 747
145 848
399 866
52 261
193 271
279 740
738 750
310 757
866 899
520 909
120 181
461 765
258 773
149 785
22 809
68 109
193 446
413 467
329 579
440 653
333 727
129 749
432 803
602 810
416 998
332 363
157 365
446 459
334 494
77 538
485 555
527 625
631 671
58 730
738 860
397 913
752 960
87 93
384 953
89 283
178 336
250 612
35 749
736 897
100 235
241 272
128 431
549 630
144 212
394 539
370 547
525 624
317 647
262 689
530 698
502 722
545 757
359 766
782 859
950 954
16 325
256 726
697 750
676 757
867 956
901 986
254 993
278 367
395 679
82 706
331 868
689 873
334 917
577 918
295 960
63 481
442 622
509 650
586 651
638 814
892 918
147 935
186 940
843 957
388 925
218 966
732 973
64 416
7 552
579 737
458 768
538 791
131 860
102 892
329 960
66 147
18 151
268 433
624 877
682 916
78 600
161 700
455 598
757 863
511 877
809 891
18 945
64 211
160 492
799 967
235 251
138 384
277 726
295 842
871 875
721 948
234 278
328 595
362 613
216 732
238 880
608 950
203 979
797 981
538 641
236 654
258 993
360 907
881 930
763 984
45 659
89 740
142 792
796 899
59 101
313 393
360 550
23 764
807 832
320 535
67 674
96 763
113 847
635 847
695 981
31 74
201 231
152 340
209 487
447 806
266 890
481 917
48 72
26 367
427 483
365 494
451 667
549 717
646 986
28 94
181 221
419 514
424 522
639 853
785 949
23 230
232 441
25 559
122 710
572 867
563 912
866 968
80 216
484 502
125 517
398 587
198 675
132 704
836 854
615 947
70 127
168 470
597 686
882 967
454 668
601 769
302 802
661 720
525 789
814 836
126 325
19 631
442 650
489 775
294 779
658 967
230 271
272 351
454 686
194 833
5 851
589 892
333 896
490 975
117 382
207 588
149 749
445 783
806 847
902 956
205 977
402 850
428 955
13 96
144 170
76 487
501 655
237 675
708 840
851 877
719 905
481 927
45 218
160 250
58 349
576 694
50 741
799 932
256 291
26 555
232 592
49 601
402 655
589 674
551 683
191 709
771 831
850 858
12 979
432 507
441 891
387 394
501 565
340 638
270 848
608 850
135 221
71 528
807 856
306 865
123 312
52 329
67 382
232 755
25 241
311 349
367 485
42 490
444 512
261 579
233 609
117 674
446 709
682 921
809 923
470 996
301 426
191 443
333 550
680 720
651 744
42 898
295 576
184 695
685 816
736 834
50 979
6 144
123 442
371 564
243 667
425 939
159 220
206 333
349 730
322 786
43 925
255 850
70 313
653 907
639 921
66 82
69 255
49 675
215 708
348 946
111 329
312 529
11 725
241 833
40 886
832 910
16 289
148 302
236 399
53 453
444 458
416 460
194 559
455 593
27 615
272 615
422 797
474 820
12 858
131 865
508 889
280 892
839 921
422 931
6 965
391 973
973 993
124 417
204 524
249 672
414 679
417 742
270 811
168 908
132 143
159 263
147 774
174 826
138 889
149 968
643 997
357 598
422 964
221 626
474 639
404 682
496 806
73 313
151 358
108 945
146 198
191 228
258 591
561 616
282 727
175 732
110 746
669 751
458 805
255 308
233 581
334 997
290 397
196 479
160 714
629 739
715 786
610 833
824 834
883 980
701 994
234 555
326 584
63 681
36 702
618 815
850 929
15 324
20 683
489 782
258 983
174 530
616 645
89 655
645 728
98 813
28 900
798 925
203 950
19 281
472 559
375 455
2 590
143 674
124 715
523 718
755 809
446 830
20 961
313 545
276 671
100 841
17 204
126 225
22 232
170 254
219 384
352 398
245 452
174 482
325 694
182 801
622 906
52 737
713 925
415 650
81 670
680 684
633 756
521 777
923 977
196 990
324 464
356 545
363 666
593 781
238 782
564 792
54 816
139 894
426 586
867 886
49 186
293 599
685 696
407 804
857 911
86 166
250 277
130 331
39 713
410 743
679 849
663 946
932 967
291 636
551 830
14 217
338 525
824 897
533 980
358 561
114 221
264 341
134 410
433 445
301 586
497 630
698 834
707 992
19 239
59 263
346 363
332 620
137 622
419 662
583 700
560 732
329 737
525 851
216 915
66 941
225 374
259 813
664 943
131 219
124 322
325 374
511 573
630 746
96 889
149 949
66 319
501 620
280 647
482 698
414 727
175 832
17 41
79 238
28 389
137 566
577 589
441 706
112 763
540 794
302 329
128 432
85 519
637 732
369 803
174 834
745 929
308 936
120 548
680 763
111 802
295 837
389 842
645 861
552 880
713 798
754 966
111 677
410 686
336 781
749 866
54 227
139 814
123 906
6 32
310 343
275 387
119 467
194 520
676 767
198 791
223 298
360 381
215 573
327 837
255 950
816 989
384 508
225 677
577 678
458 946
804 959
213 485
159 704
123 197
179 290
235 332
121 360
127 478
162 504
152 556
459 905
176 972
244 611
296 629
503 746
547 747
7 765
274 850
667 928
23 191
66 457
291 792
130 823
357 918
87 383
205 629
266 666
134 708
676 988
129 899
233 412
425 644
443 764
697 896
179 913
405 934
507 687
337 959
210 266
47 341
350 465
7 489
437 515
553 561
253 611
638 854
192 912
58 109
89 235
662 772
336 908
239 326
361 399
336 443
10 516
503 522
98 693
252 759
108 843
775 999
167 515
482 535
329 752
443 996
148 278
763 953
445 957
60 555
412 735
622 870
976 983
294 509
728 931
451 456
256 651
96 680
550 868
876 939
180 189
76 460
141 475
247 619
263 668
602 701
186 795
889 953
664 938
208 990
297 314
96 513
435 547
21 731
564 815
445 844
794 862
297 735
26 213
356 393
305 654
185 917
61 982
21 254
198 428
407 439
347 475
444 524
50 594
483 638
306 730
308 850
305 866
660 894
818 947
25 520
206 550
555 770
361 866
734 949
13 953
343 988
48 994
116 149
60 261
230 262
307 315
274 402
93 440
347 617
429 674
496 688
335 705
151 712
147 734
11 773
328 773
632 805
136 814
142 815
479 828
561 861
13 934
680 934
46 964
166 977
682 991
136 411
232 436
302 752
188 766
819 963
116 248
266 348
129 399
431 507
387 539
319 774
27 818
516 979
553 846
277 714
449 821
14 930
186 477
490 523
235 565
529 574
161 776
60 148
305 361
248 375
15 535
463 704
3 752
567 935
97 127
136 483
10 608
137 717
90 161
25 272
88 412
46 562
357 589
543 594
204 647
300 309
75 591
257 864
211 998
87 153
446 532
659 753
267 777
150 174
80 209
150 209
2 292
283 526
42 531
374 576
72 600
278 721
70 757
410 833
654 899
31 106
194 241
218 323
439 467
282 475
317 524
85 564
77 641
60 213
145 214
149 248
200 460
320 606
471 685
122 920
926 976
297 370
449 639
573 833
832 856
478 925
251 501
62 272
209 460
186 601
405 623
505 669
454 887
49 940
310 356
203 516
477 675
351 947
119 959
248 760
423 835
288 318
320 324
282 414
360 725
49 795
644 939
176 323
301 772
499 852
384 982
389 558
492 636
349 697
588 720
345 763
282 849
822 960
206 360
194 454
431 687
7 775
629 787
295 822
69 961
95 333
122 372
38 403
853 991
121 333
430 489
495 510
259 617
537 719
626 736
233 747
583 751
236 796
150 834
136 854
381 867
76 910
871 919
10 954
634 972
387 541
489 646
194 215
162 269
22 474
308 543
618 710
260 734
673 786
660 814
161 873
179 895
191 271
524 569
69 608
124 673
760 796
880 986
200 619
389 752
72 810
187 825
737 900
27 420
247 460
473 502
494 596
435 669
359 697
668 743
163 756
464 637
161 289
77 477
474 755
760 866
18 553
87 869
34 339
73 356
354 378
57 513
304 712
94 737
481 762
327 780
123 808
126 812
729 995
88 192
324 453
369 690
70 169
231 244
306 311
398 753
529 778
811 892
68 896
53 910
441 935
228 962
110 276
79 430
116 796
343 894
758 956
15 221
455 476
131 508
511 610
610 668
245 714
563 747
357 760
751 799
415 870
130 926
245 256
11 414
122 418
61 680
101 708
198 769
378 820
489 880
857 930
47 985
241 499
219 684
136 878
440 905
376 957
22 971
462 720
647 892
62 972
444 450
414 542
272 634
3 873
927 985
340 483
260 592
308 608
568 771
472 833
544 978
258 285
310 427
206 542
25 610
955 965
6 285
111 295
174 320
73 355
85 780
537 868
389 980
138 219
69 308
268 529
56 545
46 580
576 788
206 823
307 851
403 910
594 929
2 10
842 883
457 891
167 263
375 401
209 585
729 731
685 779
840 903
423 935
448 981
127 310
135 403
223 687
192 314
350 373
45 632
617 693
540 711
18 783
673 793
90 922
273 947
229 983
405 628
150 403
355 393
21 536
557 850
128 951
128 223
72 547
337 568
409 578
135 626
82 774
27 273
468 878
207 342
62 351
85 408
390 409
533 576
334 681
167 686
567 734
548 790
755 971
59 159
195 364
83 463
167 699
558 752
305 796
812 837
797 931
281 974
559 975
238 986
117 132
336 578
662 726
661 763
307 975
27 351
150 464
309 667
637 807
607 907
915 973
112 344
292 409
160 612
13 720
35 116
57 237
51 337
173 488
359 491
280 674
650 808
72 297
132 429
185 479
501 506
90 558
399 654
636 726
84 770
79 859
189 959
235 266
221 582
226 771
453 856
865 928
45 323
19 471
367 555
636 651
322 684
482 824
794 972
594 979
17 115
781 796
56 816
846 945
334 985
28 329
358 400
33 574
216 591
645 783
116 785
655 850
402 858
393 925
706 935
648 994
47 316
25 398
304 456
119 568
559 610
289 700
133 932
34 939
1 162
344 345
126 519
583 669
543 740
582 790
625 657
412 747
480 949
19 169
316 481
462 588
164 767
723 931
13 112
29 212
176 214
292 551
352 659
654 781
837 900
373 951
288 426
199 651
383 758
781 944
717 989
98 617
823 976
85 142
49 198
206 331
351 634
699 743
139 854
315 877
794 852
456 640
117 892
420 947
256 492
175 915
513 953
252 306
416 487
25 615
143 733
7 859
241 909
10 255
89 308
457 682
24 794
548 897
188 303
234 485
421 612
432 687
101 704
707 722
715 793
404 853
260 891
607 902
314 912
70 925
945 957
284 967
147 971
14 48
76 453
370 563
246 768
535 834
58 874
825 877
885 949
680 953
355 411
272 520
391 536
31 568
174 897
231 937
515 969
268 978
274 501
215 597
543 745
488 733
138 813
176 862
245 291
168 409
215 410
132 463
53 464
40 653
757 767
728 797
3 802
468 854
558 922
206 926
218 972
364 994
422 562
729 965
552 994
24 323
293 683
495 695
405 889
813 934
262 669
56 169
14 701
119 729
176 852
330 878
293 905
354 921
82 935
274 308
599 683
509 685
174 736
725 823
360 395
574 645
33 783
594 841
698 897
26 148
125 337
302 367
231 611
86 625
239 816
934 982
450 458
457 755
6 212
136 570
470 600
330 627
404 639
279 703
571 789
323 794
184 797
688 806
406 865
41 102
83 132
424 584
387 586
303 628
269 701
419 792
686 833
648 880
233 912
905 942
745 979
345 984
454 624
386 731
695 931
846 978
323 634
95 679
139 836
592 971
104 238
672 724
102 382
455 589
169 427
536 965
954 979
137 172
170 536
331 542
306 623
435 747
457 774
293 872
706 941
308 954
639 991
223 431
516 954
58 335
208 479
197 509
13 684
349 766
414 838
691 881
248 949
159 437
534 716
59 909
269 604
552 646
610 699
401 760
399 796
246 946
344 417
420 587
315 624
69 740
188 860
202 989
257 273
23 293
8 462
686 708
455 918
802 960
877 975
402 979
838 983
769 984
170 993
252 406
154 552
609 747
728 783
910 952
35 361
499 520
529 656
670 815
111 822
135 826
554 864
380 516
673 684
758 869
483 894
100 335
55 424
368 451
350 498
493 630
450 663
298 687
545 713
678 811
576 837
644 845
853 921
557 979
31 125
128 373
189 467
148 485
148 555
561 645
595 693
173 733
348 768
675 769
561 931
79 646
781 962
62 323
175 464
353 561
308 594
271 683
38 736
677 837
461 986
214 794
647 811
585 973
85 792
374 812
509 819
136 169
551 703
725 926
26 261
23 578
447 688
462 742
169 326
530 626
158 627
377 628
498 687
429 892
535 897
665 769
55 503
395 719
389 737
721 770
3 111
297 435
53 535
314 547
307 789
329 802
458 741
609 776
498 803
496 963
200 487
161 669
600 747
516 858
558 883
575 890
300 928
30 995
92 105
68 130
76 464
698 826
747 996
161 262
191 532
154 602
505 609
286 633
237 641
505 689
536 729
696 748
207 793
660 854
231 855
956 998
778 806
686 909
749 971
859 986
276 424
162 782
428 965
605 994
327 408
355 925
114 403
363 620
186 224
298 465
150 482
262 581
218 754
168 781
683 872
248 899
430 901
191 942
461 473
364 701
129 760
760 785
114 790
325 932
741 946
203 569
677 694
103 871
239 330
157 334
116 401
173 410
431 465
543 620
99 789
500 849
145 270
310 313
387 426
185 481
65 494
510 690
220 840
464 698
101 840
583 932
131 252
268 645
508 628
73 925
106 959
26 234
660 836
907 956
493 497
442 509
52 770
77 940
576 960
108 376
263 708
421 714
342 786
203 858
24 972
285 993
84 211
419 519
245 772
775 859
766 896
804 913
285 983
10 203
105 226
129 305
288 394
19 988
228 996
49 77
185 208
283 349
394 473
266 565
188 697
45 972
182 188
168 228
337 379
407 413
247 487
16 558
86 183
302 883
304 350
223 498
54 549
348 613
333 725
300 759
388 767
467 804
109 849
39 861
119 386
609 669
342 680
170 732
131 347
252 640
368 720
720 786
4 56
65 157
107 236
41 429
12 524
5 525
152 570
529 649
150 832
836 878
511 898
203 308
116 654
684 715
382 733
470 912
508 982
882 994
119 180
39 448
444 741
727 874
130 206
70 343
163 498
375 785
507 803
185 933
21 141
11 206
7 217
189 397
112 680
696 717
450 794
744 800
821 839
577 892
9 931
665 984
357 476
468 814
257 818
901 992
185 240
266 396
159 743
333 823
50 850
8 345
549 622
549 671
129 361
389 576
581 751
313 798
290 804
441 949
462 680
825 898
642 912
287 946
29 254
357 577
654 760
355 767
745 858
765 859
534 871
110 888
10 936
219 259
369 495
695 861
164 545
342 588
491 730
61 742
1 183
507 510
416 518
424 630
69 954
200 956
146 224
70 427
29 536
197 717
295 883
50 380
258 391
114 518
270 524
54 566
89 620
444 663
513 665
267 758
123 778
774 941
178 962
85 492
325 576
324 626
548 824
41 270
88 297
52 367
13 462
354 474
214 647
375 796
93 873
187 975
9 981
70 355
216 637
195 605
594 858
74 995
294 471
100 666
461 782
331 801
340 863
405 865
143 892
311 750
17 214
384 720
129 785
150 897
92 938
94 295
333 395
315 525
690 712
524 858
767 863
35 899
486 917
54 974
813 982
106 180
229 414
53 856
961 962
261 485
165 613
71 625
324 698
150 824
115 892
318 461
539 636
549 685
176 753
550 725
707 829
338 898
684 934
121 206
245 469
217 602
98 623
749 891
856 973
195 994
181 403
597 610
325 700
437 835
453 952
381 956
295 980
291 419
180 337
373 510
68 333
307 490
216 530
762 997
230 293
176 352
41 499
592 774
605 882
151 286
333 414
172 549
558 677
616 695
287 741
7 238
37 421
106 428
320 530
430 552
526 697
476 781
237 791
502 829
228 908
611 919
280 382
260 706
387 772
500 773
356 798
182 823
343 878
646 901
521 905
252 405
149 480
132 488
247 956
484 707
390 764
788 837
568 995
312 438
304 451
209 464
194 511
13 513
30 517
68 526
7 602
18 633
542 679
216 807
718 864
595 983
384 661
87 689
743 840
847 966
149 899
650 906
787 999
275 301
151 309
351 472
518 582
322 588
76 80
70 676
561 723
936 950
349 359
211 416
457 592
350 803
63 185
32 428
149 436
39 616
630 671
368 793
235 841
536 993
156 179
295 329
397 517
40 537
280 848
604 881
574 978
259 384
287 402
427 570
12 204
174 324
236 735
262 873
209 910
13 61
416 652
624 699
217 994
55 110
553 645
87 653
348 741
222 943
403 453
28 579
744 772
227 989
93 262
272 352
230 609
253 746
238 775
454 833
780 837
104 859
406 928
493 937
465 951
658 994
269 999
375 480
178 908
101 410
374 558
156 560
516 608
211 902
12 811
778 819
24 176
185 196
173 220
321 448
482 548
203 594
320 698
173 708
455 760
579 770
663 805
324 915
80 973
310 676
500 679
105 771
498 510
261 672
455 827
50 287
39 388
130 679
403 826
548 834
242 884
720 889
324 910
22 457
99 531
688 819
723 981
646 722
117 733
85 245
163 369
286 456
433 645
374 677
547 735
322 793
719 867
849 896
231 958
434 462
298 507
471 631
430 722
808 870
799 882
785 899
741 929
779 974
402 506
41 117
284 502
410 704
288 829
79 901
88 912
170 915
333 926
457 971
258 973
139 152
464 585
408 837
182 926
76 585
207 720
663 847
326 878
370 882
473 901
138 405
67 577
54 717
776 777
606 826
722 880
37 884
917 990
18 108
264 985
597 668
596 927
919 937
401 949
100 274
243 309
149 401
452 586
646 648
163 690
109 697
153 758
342 889
477 940
831 943
337 995
869 998
581 764
12 950
112 984
8 112
150 221
103 244
24 444
529 846
598 892
853 916
48 602
145 659
735 747
259 889
144 965
354 991
139 340
209 453
292 683
238 765
557 569
381 607
338 624
442 717
542 725
107 168
135 181
111 289
69 551
367 579
448 713
311 766
378 839
870 906
182 333
741 768
31 379
354 404
97 767
189 987
622 717
58 801
696 816
578 908
493 522
520 573
110 627
597 789
213 948
461 992
152 638
202 757
608 979
340 411
191 459
569 850
83 410
42 559
65 571
650 685
155 772
524 929
544 946
294 974
314 364
9 561
406 750
158 326
106 467
301 541
440 719
427 814
813 860
509 963
154 994
318 800
15 834
270 852
432 465
478 695
28 837
18 844
778 847
628 865
785 866
264 316
243 456
605 701
783 846
195 269
130 414
116 480
352 587
103 611
269 648
110 671
480 760
79 880
681 997
111 576
723 756
401 899
286 369
342 384
169 545
455 944
283 543
727 801
750 860
7 880
394 992
738 766
558 802
560 895
616 931
309 400
206 727
705 766
714 792
736 826
440 867
231 871
289 873
437 903
13 138
136 310
31 413
423 441
272 472
378 639
342 661
24 663
616 756
403 807
577 885
745 841
273 523
0 571
370 810
740 936
891 949
24 458
456 759
364 882
549 974
2 409
135 482
84 802
488 840
326 343
223 432
177 445
282 738
703 872
621 894
188 282
159 488
277 612
277 670
697 705
406 730
123 806
593 962
698 736
464 952
25 531
210 575
563 609
520 708
853 876
103 937
100 210
161 374
171 486
461 502
183 504
76 807
347 813
227 622
704 733
403 582
4 816
302 822
164 340
13 345
112 513
314 605
588 715
357 899
72 195
433 574
453 637
531 718
78 735
77 795
389 802
526 874
100 251
438 696
63 762
23 908
64 956
368 982
168 443
365 571
158 584
385 625
546 722
0 42
155 256
286 309
84 329
259 405
501 543
208 596
167 597
408 694
515 743
725 838
813 865
91 938
650 963
607 998
15 482
345 513
100 655
538 675
16 788
477 791
17 794
475 983
59 132
211 302
151 353
388 448
216 453
335 491
344 588
577 598
358 728
823 896
399 968
294 819
83 101
52 148
422 580
693 976
179 987
178 996
102 132
79 489
454 511
268 553
352 615
326 627
626 807
357 827
546 901
625 977
383 998
49 224
241 398
113 754
183 923
237 428
417 462
173 463
32 536
99 559
411 570
321 574
340 660
263 699
29 729
429 733
509 748
545 863
64 869
653 905
244 919
291 421
570 878
447 963
50 569
152 660
575 666
129 248
116 399
123 415
362 529
300 640
619 824
427 854
842 960
495 964
127 184
206 537
169 798
622 963
28 52
15 320
222 337
202 631
200 652
45 663
598 674
15 826
310 925
861 931
45 966
21 328
78 370
323 450
115 524
15 637
92 784
164 798
108 353
373 507
261 770
23 390
39 422
224 477
107 899
500 926
308 655
169 767
5 789
337 831
314 370
61 434
145 450
102 647
202 696
495 756
489 765
101 909
28 960
744 992
384 405
246 450
500 823
121 719
676 925
493 958
235 283
158 330
172 424
7 701
87 867
144 955
731 955
207 417
412 435
420 634
72 642
3 960
4 321
191 390
241 573
613 656
546 744
149 760
544 768
442 819
856 910
205 999
531 573
448 676
357 678
44 871
880 901
101 143
113 218
610 686
712 756
146 795
441 971
502 992
77 601
272 753
821 921
369 373
881 977
24 145
144 391
382 704
643 927
32 955
239 281
357 401
146 601
195 602
324 826
817 932
134 488
401 577
78 609
233 669
109 823
759 865
60 234
331 725
331 874
369 400
29 413
256 421
336 590
64 619
648 701
147 755
841 850
319 903
692 941
185 985
165 778
375 866
372 900
377 928
247 652
92 664
138 680
587 753
749 809
182 849
99 851
199 421
80 952
80 464
457 734
312 748
523 818
265 828
532 830
158 888
330 888
844 945
54 989
373 498
12 929
53 403
129 436
12 557
756 861
23 178
299 365
276 497
383 607
572 653
898 975
88 547
147 706
207 368
215 472
690 695
273 718
59 743
635 754
176 450
287 501
28 677
189 913
933 985
657 999
13 342
100 396
563 600
412 605
217 648
430 648
521 758
326 863
399 899
205 930
84 213
718 818
499 848
59 382
62 420
69 557
205 604
655 666
607 869
755 891
803 951
800 992
163 304
351 559
219 628
230 764
604 775
530 832
153 873
427 878
243 252
464 560
476 593
522 671
239 685
602 765
380 805
794 848
212 973
386 995
860 865
221 910
3 922
4 676
343 757
230 776
67 892
20 904
194 909
9 448
438 574
230 581
375 654
602 782
74 337
159 410
436 592
218 603
671 685
510 712
661 742
558 576
896 926
821 991
98 475
33 978
211 247
295 900
201 914
174 464
726 792
127 988
304 309
331 360
101 429
58 750
960 980
343 411
470 747
254 285
612 726
917 985
12 115
204 380
64 383
33 445
272 499
450 512
563 581
504 657
58 705
28 883
419 714
435 912
817 967
255 979
188 727
589 811
20 69
191 293
197 819
343 854
641 943
0 5
124 342
237 665
248 866
754 875
614 938
427 988
694 780
936 961
114 150
148 579
528 625
311 697
556 854
103 855
719 868
22 891
256 539
344 661
85 670
591 773
836 894
260 971
596 643
134 733
781 827
578 962
968 971
328 993
764 996
9 756
317 862
569 954
289 960
56 471
14 604
92 614
620 655
722 765
302 770
119 831
585 952
778 978
19 54
239 424
255 516
495 562
565 575
573 668
471 974
168 178
66 592
99 718
343 814
59 903
450 972
525 643
56 310
560 807
331 849
163 931
739 999
251 283
155 539
525 597
334 643
218 659
274 740
511 825
99 887
187 273
439 913
169 330
88 364
50 506
130 550
78 751
425 845
14 857
19 779
834 910
22 166
472 511
215 743
276 746
626 910
135 174
294 321
265 339
316 341
481 596
99 624
234 721
91 771
677 788
526 801
752 822
827 866
610 909
302 980
188 730
72 911
36 933
