100 929 287.2350953487404 medium
0 678 410
1 136 304
2 377 743
3 849 305
4 583 15
5 824 657
6 187 94
7 102 978
8 129 615
9 39 438
10 18 435
11 964 203
12 325 354
13 353 774
14 786 25
15 777 715
16 514 748
17 598 163
18 675 933
19 600 283
20 869 732
21 557 613
22 726 421
23 137 34
24 972 313
25 883 650
26 348 422
27 990 293
28 39 304
29 463 556
30 307 626
31 997 545
32 96 449
33 894 333
34 464 588
35 931 551
36 242 136
37 933 607
38 390 219
39 124 631
40 661 649
41 451 121
42 653 43
43 216 806
44 555 442
45 765 845
46 364 787
47 631 333
48 855 615
49 464 168
50 300 335
51 944 647
52 98 31
53 65 163
54 0 444
55 27 821
56 491 921
57 346 918
58 351 984
59 208 22
60 484 739
61 491 28
62 237 898
63 96 137
64 93 242
65 235 854
66 376 953
67 785 528
68 182 209
69 825 306
70 566 670
71 292 746
72 15 319
73 900 531
74 195 947
75 612 304
76 664 731
77 729 386
78 509 30
79 886 20
80 331 678
81 593 367
82 840 700
83 834 778
84 21 852
85 921 274
86 911 41
87 427 893
88 838 661
89 89 779
90 93 458
91 499 104
92 813 828
93 835 131
94 279 266
95 764 772
96 578 200
97 350 667
98 546 554
99 291 542
32 90
5 88
8 39
13 46
61 78
10 54
9 10
80 97
3 69
19 75
24 27
28 72
16 60
12 50
55 84
29 34
79 86
47 75
22 77
35 73
82 88
23 52
2 13
9 54
58 66
53 63
37 51
17 96
20 82
62 65
25 48
2 46
5 82
57 66
25 88
41 49
48 88
0 22
41 91
45 92
47 81
43 65
5 48
3 33
83 92
35 37
0 77
30 80
9 90
21 70
20 83
9 32
15 95
19 47
5 25
30 97
21 98
25 51
24 85
62 74
15 82
33 85
75 81
25 37
25 82
57 58
31 35
13 71
6 36
56 87
83 95
27 85
12 26
23 59
50 94
49 91
45 95
33 69
92 95
5 15
78 91
55 89
6 59
4 42
1 64
4 78
61 91
20 88
6 23
82 83
71 80
3 85
37 48
10 90
66 87
10 32
2 80
24 33
2 97
15 88
40 76
28 64
46 71
37 73
11 85
29 98
20 25
53 64
44 81
19 81
57 87
15 83
2 71
30 99
19 96
48 82
5 20
34 98
31 37
38 49
0 47
4 61
15 20
11 27
16 70
54 90
43 62
36 68
48 51
64 68
0 81
48 73
32 54
45 83
21 34
43 71
35 51
1 28
40 70
31 73
71 97
7 74
13 80
12 94
35 48
26 50
84 89
14 79
6 63
69 85
41 61
65 74
27 33
82 95
63 64
1 68
52 63
51 88
13 97
2 60
60 70
41 78
76 95
6 52
37 88
75 96
64 72
21 29
25 35
21 40
11 24
52 59
57 62
23 63
20 92
47 77
48 67
63 68
20 95
44 98
68 94
20 51
46 80
15 76
31 51
67 73
6 68
17 91
38 41
70 76
10 72
51 82
14 93
83 88
70 98
86 93
20 48
49 96
58 87
15 92
36 59
56 66
5 37
17 19
25 73
5 51
38 94
46 97
30 71
9 72
5 83
1 72
65 71
79 93
22 67
4 91
3 24
46 87
51 73
91 96
15 25
0 75
69 77
53 68
18 45
54 72
14 86
15 48
0 44
57 65
46 60
22 47
5 95
43 89
15 45
82 92
34 70
37 82
17 42
46 57
10 28
26 99
44 47
88 95
15 40
9 28
17 49
14 42
5 67
36 94
13 60
52 53
2 30
25 83
2 16
77 81
97 99
34 97
13 87
6 53
20 37
13 43
3 27
16 21
17 75
80 99
43 74
13 65
49 61
58 62
75 77
67 88
47 96
28 53
22 81
73 88
35 88
13 57
42 78
3 77
56 57
49 78
28 54
46 65
21 60
36 63
23 36
29 44
38 50
5 73
24 69
11 33
23 53
11 93
35 67
1 94
4 17
0 19
40 98
43 46
44 75
62 66
41 96
7 84
12 38
1 32
5 35
16 76
22 69
39 89
60 97
45 76
34 60
67 77
17 41
32 72
56 58
20 45
29 70
3 11
57 74
13 30
25 31
16 46
28 32
25 67
7 62
1 53
2 87
31 48
29 97
38 91
0 67
21 76
72 90
1 90
17 78
58 74
40 95
59 63
34 80
8 90
30 34
62 71
42 61
13 16
28 90
5 40
45 82
22 75
53 72
65 89
60 87
48 83
60 80
19 77
19 44
1 9
27 69
42 91
46 66
85 93
1 50
16 34
81 96
37 67
46 62
8 89
88 92
3 22
16 87
8 32
4 41
36 38
13 62
25 95
11 86
26 94
30 46
29 30
21 44
51 83
5 92
43 57
28 68
1 63
34 44
43 80
17 61
22 44
65 66
29 99
50 68
2 43
11 69
17 47
40 67
33 77
18 92
7 55
42 96
58 65
16 56
3 93
35 82
69 93
6 64
39 90
5 76
1 10
76 83
28 63
26 29
16 40
40 88
8 99
2 57
2 34
76 92
19 49
36 52
8 30
76 82
34 99
36 53
73 82
29 80
0 69
60 76
2 65
57 71
15 51
13 66
67 82
23 68
66 74
48 95
7 65
56 60
44 77
36 64
16 97
30 39
78 96
18 95
32 39
29 60
18 56
46 56
4 96
40 82
19 22
15 67
64 94
76 88
59 68
38 96
39 99
43 55
22 33
15 37
62 89
62 87
12 99
25 92
20 35
60 71
61 96
81 98
43 97
4 49
6 94
60 98
1 54
0 98
1 12
47 69
65 87
16 80
16 98
31 88
52 68
40 48
5 45
46 58
37 83
39 43
45 88
33 73
74 84
8 9
40 60
51 67
1 36
74 89
16 29
11 79
63 72
7 89
71 87
68 72
43 84
65 80
0 3
53 59
49 75
13 56
30 43
42 93
18 76
26 34
2 70
4 14
9 64
20 73
39 71
12 68
71 99
17 81
20 76
19 91
71 89
2 29
22 73
5 31
34 40
7 43
32 64
10 64
50 99
36 50
26 38
26 44
26 30
38 68
2 62
8 71
49 94
36 41
8 43
30 60
55 74
2 66
13 58
33 93
55 65
9 39
52 64
2 56
8 10
8 80
39 80
23 64
31 67
76 98
69 75
39 55
21 97
65 84
8 54
90 99
17 38
15 70
40 83
64 90
70 97
32 99
38 61
1 6
41 42
13 34
48 92
43 66
2 99
29 40
51 95
65 97
19 38
3 47
19 41
20 67
31 82
62 84
33 35
15 73
40 45
25 40
16 71
2 21
18 83
77 85
54 64
34 46
70 95
10 39
71 74
38 78
66 71
33 67
43 58
51 92
48 76
55 62
22 98
63 94
20 40
73 77
27 93
36 49
39 54
41 94
15 35
67 69
57 60
19 69
97 98
42 49
20 31
50 64
8 97
24 93
25 45
43 87
44 70
39 97
0 33
29 81
24 73
75 91
8 55
3 73
3 67
12 49
40 44
0 96
46 74
22 48
14 17
85 86
12 36
24 31
46 70
25 76
34 71
32 50
49 50
42 79
13 74
47 49
40 92
70 80
21 80
80 87
31 33
37 95
0 21
67 76
47 98
3 75
13 70
22 40
49 81
69 73
53 94
38 75
26 98
74 87
6 38
87 97
16 57
30 65
17 93
62 80
77 96
0 40
60 66
69 81
13 99
16 30
67 98
57 80
15 18
50 90
24 35
2 58
15 21
1 26
22 35
28 94
44 96
21 67
41 75
39 84
13 29
22 85
12 29
67 95
26 97
58 71
16 18
44 67
19 42
34 76
12 44
35 83
45 48
16 66
12 32
80 98
59 64
77 98
47 67
21 81
7 58
39 65
30 98
3 19
21 30
67 81
57 97
26 81
16 95
18 87
38 81
7 57
29 46
37 92
11 14
27 31
0 73
26 32
2 98
24 77
59 94
12 90
27 73
67 83
32 68
56 62
98 99
5 22
29 71
46 99
73 83
21 22
34 81
79 85
26 80
6 28
56 76
62 97
26 90
12 64
73 85
42 86
5 70
75 98
17 77
32 94
36 91
3 35
0 17
21 46
13 21
0 29
8 84
35 77
67 70
21 95
48 77
8 65
41 50
56 70
80 89
41 59
30 70
70 87
28 50
33 47
3 81
28 36
13 89
27 86
42 75
47 91
68 90
56 65
27 35
22 88
12 41
45 70
56 71
15 16
6 41
22 96
93 96
6 50
30 89
29 76
40 73
38 47
45 51
35 69
90 94
1 38
38 59
17 69
12 81
4 19
22 24
69 96
19 78
16 45
72 94
13 39
9 68
1 23
26 68
5 21
0 48
3 86
36 61
40 77
14 96
23 94
30 90
70 88
12 34
18 60
12 30
9 99
91 94
2 74
60 65
43 99
29 50
8 13
46 89
7 66
37 40
21 99
30 32
55 71
1 52
70 82
60 99
10 53
77 93
9 53
43 60
94 99
19 98
44 50
2 39
73 95
33 37
35 95
14 78
27 77
35 85
19 61
38 44
4 93
22 25
15 31
41 47
22 37
0 34
0 85
69 86
66 80
24 86
58 60
2 8
29 47
26 49
10 68
81 91
28 52
18 20
19 93
9 50
4 38
30 62
31 85
15 98
60 95
3 31
75 93
17 44
44 99
40 51
41 68
67 75
59 61
0 70
21 26
6 72
14 85
33 75
14 69
89 97
12 19
1 99
41 81
50 63
18 40
45 56
70 71
31 83
33 48
18 70
21 77
24 67
49 68
21 88
50 72
18 82
39 46
6 49
16 58
0 5
3 14
76 87
47 93
5 77
66 97
23 28
35 40
