100 2067 461.732606602566 medium
0 922 599
1 17 954
2 461 837
3 180 11
4 727 218
5 859 189
6 368 872
7 840 773
8 991 970
9 332 853
10 194 208
11 686 468
12 807 76
13 378 905
14 432 594
15 931 79
16 778 590
17 602 175
18 384 105
19 218 154
20 317 851
21 847 261
22 851 788
23 969 934
24 364 684
25 479 713
26 793 436
27 350 245
28 392 94
29 156 544
30 280 458
31 145 386
32 789 706
33 218 472
34 814 667
35 198 639
36 377 566
37 976 589
38 317 158
39 807 370
40 544 289
41 901 188
42 675 520
43 374 121
44 656 520
45 389 761
46 60 930
47 64 15
48 580 79
49 219 302
50 45 976
51 749 358
52 75 176
53 130 25
54 42 936
55 720 665
56 270 308
57 191 931
58 934 340
59 565 500
60 744 870
61 901 314
62 184 7
63 329 96
64 935 244
65 147 335
66 470 669
67 717 326
68 228 850
69 232 486
70 304 88
71 466 601
72 381 800
73 786 162
74 16 126
75 12 655
76 190 451
77 300 74
78 296 208
79 363 41
80 952 538
81 793 560
82 352 981
83 596 127
84 700 339
85 686 735
86 115 814
87 107 86
88 25 530
89 642 350
90 288 894
91 380 300
92 278 158
93 396 165
94 418 29
95 467 89
96 414 335
97 576 330
98 688 20
99 246 991
3 62
18 28
70 77
9 20
7 22
18 43
46 54
42 44
33 69
67 84
63 70
1 54
28 43
16 81
6 13
14 71
33 76
1 50
63 77
38 92
45 72
50 54
6 9
5 41
58 61
8 23
25 66
51 67
32 34
17 83
46 50
91 96
43 93
1 46
48 83
31 65
49 56
43 63
20 90
3 53
40 97
51 84
78 92
11 42
38 78
69 76
0 37
6 20
30 69
18 63
79 94
37 80
53 62
84 89
10 19
39 51
11 44
19 92
9 90
28 79
18 93
14 36
27 91
28 63
38 63
30 33
63 79
53 87
27 78
41 64
47 53
18 79
26 39
38 43
0 80
66 71
89 97
9 13
28 94
28 93
77 79
38 70
9 72
5 21
6 72
68 90
70 92
28 95
70 79
21 61
52 74
43 70
94 95
61 64
55 85
5 73
67 89
31 76
49 65
38 93
32 55
63 92
13 82
43 79
24 45
4 73
57 99
13 20
18 70
20 72
6 90
47 87
18 94
14 66
7 32
18 95
16 34
18 38
38 77
77 92
43 77
2 72
28 70
12 73
20 68
57 68
18 77
26 51
21 64
30 76
13 90
21 41
27 93
27 38
44 59
5 64
34 55
28 77
16 55
19 78
29 33
52 87
29 69
36 71
58 64
63 93
10 49
10 92
43 95
17 48
28 38
29 76
19 38
2 6
74 87
39 67
27 56
43 94
25 45
10 78
22 32
43 92
56 78
57 90
29 35
93 95
9 68
3 87
2 45
13 72
90 99
82 99
32 85
24 66
2 13
51 89
82 90
9 45
19 70
4 67
78 93
34 81
7 34
39 61
6 82
56 91
62 87
27 96
39 84
63 94
11 26
42 59
31 49
25 71
14 24
31 33
27 92
6 45
15 41
48 95
79 95
19 77
20 45
40 89
3 47
21 39
21 73
16 32
63 78
43 78
24 72
21 58
41 73
92 93
18 92
68 86
24 25
24 36
70 93
47 62
70 78
47 74
49 78
45 66
48 98
10 52
65 76
4 84
26 81
12 15
84 97
5 12
16 42
78 91
42 81
11 59
19 63
2 25
10 56
75 88
38 79
56 65
11 89
41 61
77 94
27 43
22 34
11 51
4 21
0 34
55 81
17 40
14 25
79 93
70 94
46 86
9 82
11 84
2 9
19 87
39 58
28 92
46 57
25 72
5 15
24 71
12 98
29 88
5 61
4 17
72 90
77 93
31 69
10 38
26 67
62 77
77 78
26 84
83 95
20 82
0 81
22 60
4 5
10 65
18 78
3 77
91 93
7 60
93 94
21 51
40 96
63 95
36 66
57 86
16 44
67 97
11 81
83 98
59 71
4 51
6 68
68 99
54 86
44 81
27 49
18 27
0 16
13 45
79 92
2 20
19 52
62 70
26 42
34 85
30 36
11 67
21 67
3 70
32 81
12 41
56 96
60 85
31 56
3 19
19 49
28 78
54 57
20 57
10 87
56 92
30 56
27 63
19 62
29 30
49 76
42 55
53 74
50 57
11 16
30 31
33 65
16 26
38 91
41 58
49 92
11 39
19 53
27 28
35 69
20 99
4 89
17 97
38 56
13 99
51 61
66 72
29 31
44 55
7 85
19 43
4 83
13 68
17 95
10 27
19 27
80 81
26 44
52 53
68 72
49 91
9 57
47 52
7 55
96 97
19 56
9 99
10 70
14 59
26 61
4 12
70 95
27 70
40 84
38 94
56 76
40 91
15 64
38 95
36 69
39 89
21 84
45 90
15 73
30 49
77 95
33 35
2 66
57 82
5 58
59 89
48 94
33 49
32 60
64 73
62 63
40 83
59 97
6 99
44 89
26 58
0 32
10 77
1 86
93 96
3 63
16 85
4 39
24 35
9 24
33 56
14 45
73 98
18 19
42 89
65 69
22 85
78 96
20 24
26 89
38 49
52 65
91 92
51 97
10 63
1 57
50 86
11 97
4 41
3 92
40 67
53 77
17 98
45 71
62 92
67 73
42 51
27 77
19 93
25 36
43 91
17 89
39 64
22 55
34 37
78 79
68 82
2 82
2 24
30 65
16 80
29 75
30 96
56 69
2 90
62 79
42 84
76 88
21 26
72 82
19 79
45 68
19 28
61 67
49 69
17 73
10 31
33 36
53 70
37 81
3 79
87 92
51 58
46 68
44 84
6 57
35 75
44 51
30 91
31 88
22 23
4 97
6 24
35 76
5 39
28 48
13 57
26 80
34 80
12 21
75 86
17 67
92 94
39 81
56 93
61 73
86 90
17 84
49 52
0 7
40 93
73 83
7 16
35 36
77 87
35 86
10 53
59 66
6 25
19 65
27 95
18 91
36 45
3 52
46 99
65 78
10 74
4 40
73 84
70 87
5 67
3 10
18 48
49 96
16 37
91 97
42 67
30 35
4 61
58 80
27 40
53 92
36 59
51 73
39 42
11 55
10 43
3 74
15 21
3 38
52 62
92 95
38 62
10 62
33 88
50 99
5 51
4 98
38 96
0 22
34 42
4 48
61 84
9 25
48 93
83 94
44 67
83 93
52 92
19 74
14 30
83 97
27 79
35 88
39 41
54 68
81 85
20 86
62 74
44 97
17 93
7 23
28 91
55 60
10 93
44 71
28 83
51 81
19 47
10 91
0 26
25 85
78 95
39 73
29 65
4 64
59 84
43 48
63 91
16 22
12 64
54 99
53 63
69 88
40 59
14 72
0 55
20 25
39 44
40 48
35 68
18 83
43 56
42 97
40 95
24 68
34 60
42 85
34 44
10 18
40 51
71 72
78 94
13 25
12 83
44 85
58 67
43 96
19 91
7 81
32 42
51 64
5 84
36 76
56 63
65 92
86 99
48 79
9 86
32 37
31 52
13 24
43 62
16 39
39 80
38 87
27 65
43 83
29 36
48 73
50 68
63 87
56 70
18 62
3 43
45 82
92 96
52 78
24 90
21 89
59 96
49 93
42 71
27 30
3 18
78 87
17 28
70 91
28 62
66 85
55 59
27 94
35 45
12 48
6 66
14 69
12 17
3 28
83 89
4 26
41 51
91 95
10 28
11 40
89 96
3 78
32 44
7 37
17 18
38 53
8 22
25 59
61 80
9 66
41 67
65 88
62 78
49 70
57 72
46 90
59 67
16 59
58 73
95 98
18 96
26 34
1 99
51 59
10 47
18 56
67 83
64 67
2 68
31 78
49 63
53 79
16 51
72 99
23 60
36 96
58 84
36 72
32 80
17 43
39 97
30 71
17 51
17 94
22 37
62 94
1 68
22 81
52 56
65 91
59 81
19 94
14 44
56 77
2 71
83 84
33 91
69 96
11 34
26 59
73 89
15 61
10 79
69 91
20 66
24 69
14 35
43 49
44 66
26 37
3 94
26 64
40 43
33 96
77 91
81 84
4 58
26 55
5 98
24 30
27 97
26 97
49 77
28 96
38 52
76 91
10 76
20 35
19 31
47 77
49 87
35 72
18 40
93 97
2 14
52 70
38 65
25 55
67 81
14 33
28 56
65 74
4 15
17 96
52 77
2 85
53 78
28 40
7 8
79 83
27 31
54 90
55 66
15 98
29 49
31 91
30 78
24 29
47 70
48 97
41 84
48 63
95 96
65 87
76 96
9 35
37 58
13 66
4 11
42 66
64 84
63 96
14 42
10 96
17 91
5 26
12 61
0 39
50 90
40 44
18 49
11 71
19 95
5 17
47 92
24 33
71 85
31 35
81 89
0 58
0 42
11 32
79 91
6 86
14 96
17 21
79 87
7 80
69 71
27 76
40 78
45 57
15 58
58 81
61 89
17 27
25 44
55 71
38 40
29 56
43 53
11 21
27 33
16 84
25 90
74 92
31 92
59 85
10 30
62 93
11 61
2 99
55 80
95 97
30 88
10 33
76 78
3 93
40 42
12 67
36 91
18 53
52 63
72 86
8 60
89 91
19 96
11 85
65 96
37 55
27 69
61 81
49 74
63 83
20 46
73 97
43 87
22 80
0 11
26 32
94 98
5 89
5 83
70 96
35 90
26 41
28 49
35 71
75 76
45 99
28 53
16 67
71 96
41 98
51 80
0 85
59 91
24 59
27 83
29 86
40 73
35 66
91 94
31 96
17 79
26 73
38 48
40 56
39 59
11 80
25 42
39 40
33 78
56 87
33 75
16 89
48 70
83 96
37 39
83 91
51 83
47 63
69 75
0 44
1 90
42 80
9 14
18 87
48 89
13 86
45 86
11 58
46 75
36 56
33 71
21 97
48 77
14 29
10 69
38 83
24 86
14 76
14 20
16 60
48 67
54 75
9 46
56 79
36 44
17 39
27 52
11 14
27 48
2 36
12 84
30 66
17 63
21 83
77 96
2 60
37 61
28 87
6 14
69 78
9 71
17 38
31 38
0 61
2 57
25 68
84 96
48 84
10 94
20 54
12 51
53 94
30 59
6 71
6 35
74 77
21 98
40 63
40 94
26 40
3 27
66 90
82 86
27 62
31 74
4 95
27 87
23 32
70 74
9 36
14 85
25 35
38 47
43 97
24 76
49 53
68 75
20 71
20 36
74 78
35 57
58 89
71 97
65 70
12 58
3 49
31 36
12 39
64 80
56 95
70 83
62 95
16 58
11 66
18 97
21 80
46 82
40 92
44 80
25 82
14 55
0 51
49 62
34 39
24 82
3 95
10 95
86 88
48 91
52 76
49 79
45 85
19 76
79 96
14 91
1 75
28 97
17 41
20 50
49 88
87 93
34 59
5 48
30 92
31 75
47 79
66 69
63 65
53 93
77 83
14 97
65 93
36 42
24 57
9 54
47 78
7 42
16 61
66 68
30 38
31 87
65 77
38 74
11 96
67 96
21 81
43 52
21 40
32 59
44 96
11 17
48 96
28 98
40 98
78 97
41 89
42 61
76 92
94 96
6 36
4 42
71 89
56 97
40 79
50 82
67 98
39 55
36 49
17 78
89 93
25 60
35 65
51 55
36 97
23 34
37 42
25 32
4 44
19 30
27 89
3 56
17 70
53 65
78 83
21 42
2 55
38 97
41 83
27 53
64 89
72 85
48 78
43 65
48 92
16 71
9 50
56 74
7 44
56 62
71 91
40 70
54 82
6 46
30 40
60 81
71 76
11 37
89 95
29 68
63 74
45 59
30 93
29 71
42 58
13 14
18 98
53 56
34 51
56 94
87 94
5 97
81 97
15 39
13 71
67 80
45 69
18 52
1 20
26 85
16 66
19 33
52 79
29 45
17 77
13 46
84 98
38 76
83 92
33 92
12 89
33 66
42 96
44 61
22 42
36 68
11 25
80 84
32 66
13 35
52 93
40 71
21 44
39 83
11 73
14 89
30 45
35 46
27 36
84 91
30 97
50 75
21 48
16 25
17 26
36 40
25 30
37 51
11 36
0 60
17 92
55 89
37 85
14 40
40 77
4 59
40 49
61 97
3 65
79 98
36 65
24 85
93 98
47 49
48 51
55 84
15 67
49 95
17 59
73 95
14 68
37 44
28 52
43 47
5 11
14 56
33 52
24 99
57 75
2 35
33 38
52 91
16 97
71 81
97 98
17 61
43 98
62 65
18 65
5 40
47 65
56 88
1 9
80 85
44 58
69 92
29 91
22 44
29 96
6 54
19 69
8 32
18 47
30 75
14 90
15 51
89 98
59 69
64 98
27 59
66 82
4 96
31 93
24 44
11 64
4 93
25 69
35 54
51 96
33 45
1 82
16 21
32 39
28 47
13 54
35 49
31 70
49 94
29 66
67 91
10 29
25 34
0 23
15 83
12 40
66 96
35 56
38 69
13 36
41 48
55 67
6 50
32 71
60 66
36 90
94 97
17 64
63 97
12 95
7 26
13 50
29 72
66 81
0 67
7 11
84 95
36 89
0 84
15 17
71 90
53 95
12 97
31 63
51 98
28 65
34 66
92 97
68 71
67 95
45 55
23 37
23 85
14 16
0 21
6 85
46 72
64 81
20 29
2 86
87 91
34 84
65 75
37 64
52 69
69 72
15 84
33 59
69 86
4 81
34 58
31 77
30 52
11 91
17 44
25 81
30 43
31 43
84 93
32 51
8 34
15 48
71 84
3 91
24 42
13 85
59 72
56 59
36 85
21 37
76 93
56 71
43 89
62 91
24 96
17 42
11 83
2 59
19 40
44 91
11 41
2 32
24 75
41 80
36 88
34 71
47 94
14 31
34 67
27 74
41 97
66 76
33 93
66 97
0 64
25 33
35 99
9 29
18 89
27 29
24 55
4 91
30 72
42 60
22 26
36 55
33 86
4 28
74 79
52 88
17 56
61 83
28 89
40 61
43 74
49 97
58 97
47 56
14 27
64 83
79 97
67 93
10 40
44 45
87 95
11 22
12 26
1 6
69 93
34 89
36 86
44 60
4 18
5 80
25 57
31 53
14 49
4 94
27 84
66 89
20 75
80 89
14 81
25 99
61 98
1 35
34 61
10 88
29 78
68 69
70 97
1 13
47 93
37 60
25 29
55 97
65 79
55 72
75 90
54 72
30 63
7 25
4 43
33 72
26 71
26 83
23 55
63 98
27 47
36 78
13 60
18 30
42 91
40 81
45 76
18 74
74 76
18 31
40 69
39 48
37 67
64 97
21 59
39 98
19 48
60 72
24 31
45 46
14 84
35 50
0 59
76 86
17 58
30 70
40 41
45 60
53 91
2 44
67 71
24 88
37 84
56 83
35 96
51 71
9 85
52 94
51 91
33 40
42 45
78 89
29 90
14 32
59 83
76 87
56 89
27 71
52 96
0 89
20 69
42 73
35 82
59 93
4 16
36 75
27 67
6 60
9 75
77 97
3 31
29 52
5 81
28 74
0 8
38 89
32 84
69 97
25 86
30 89
43 76
4 27
33 68
59 76
5 42
68 88
19 83
42 64
50 72
22 25
31 47
66 91
16 64
9 69
70 76
28 30
44 73
31 62
30 44
63 76
16 40
8 37
74 93
51 85
28 31
2 42
57 66
15 26
66 86
25 96
59 61
33 43
24 91
7 66
2 7
30 77
39 85
17 19
35 91
8 85
14 65
33 97
32 89
48 56
14 86
31 71
32 67
20 85
60 71
40 66
41 81
7 59
85 89
24 56
11 24
49 71
5 44
29 57
45 54
59 80
14 34
55 58
40 76
51 95
70 98
73 93
25 76
6 29
24 46
4 80
14 67
73 94
89 94
48 64
45 75
43 69
20 33
77 98
60 80
2 34
12 94
33 63
43 84
26 96
66 99
30 86
35 59
44 64
44 72
76 77
2 22
18 84
40 58
16 23
33 70
28 84
40 64
32 58
14 26
39 96
20 30
36 84
19 29
55 61
25 97
14 82
14 51
1 72
87 96
30 68
38 98
15 89
84 85
23 80
72 75
18 76
71 82
59 78
44 83
9 33
29 46
48 61
72 76
25 89
73 81
26 66
9 30
49 59
19 97
22 66
28 67
58 83
43 67
40 65
18 67
3 96
28 73
30 42
62 96
33 74
68 76
42 83
10 97
36 93
46 88
52 95
41 42
33 87
16 36
2 16
63 69
10 36
58 59
66 84
51 93
48 62
18 33
63 89
11 48
11 27
74 91
17 49
65 95
58 98
32 45
59 73
74 88
7 39
69 70
76 97
5 95
4 79
29 92
45 50
3 48
22 59
42 72
18 73
27 98
11 30
11 60
54 88
33 77
10 48
21 34
60 82
32 61
37 41
8 55
31 79
29 54
6 55
24 49
65 94
24 54
5 16
49 75
6 69
14 78
10 17
75 99
36 57
47 95
10 83
67 85
28 76
18 69
11 12
30 87
73 96
71 86
31 40
37 89
24 65
73 80
59 60
29 59
27 44
89 92
0 41
2 46
7 71
69 90
39 71
14 88
9 60
36 38
34 97
41 44
24 97
56 66
23 81
74 94
30 95
43 73
14 57
4 38
27 51
0 5
82 85
40 55
65 71
12 28
49 83
26 48
36 82
36 81
28 33
36 67
91 98
4 63
79 89
14 60
5 37
6 75
21 95
11 45
96 98
69 77
51 66
13 55
29 38
32 72
25 26
84 94
69 87
1 45
2 69
11 93
85 97
20 76
69 74
36 92
2 30
22 39
16 41
53 96
37 59
12 93
78 88
6 59
48 59
67 94
27 35
38 59
59 95
19 88
66 67
2 29
9 59
88 91
24 60
6 30
28 69
21 55
38 84
13 29
12 18
1 88
30 74
48 49
14 75
43 59
16 24
25 91
78 84
7 51
16 45
30 79
44 69
47 91
24 32
49 89
27 42
36 51
9 76
45 96
6 33
20 60
70 89
33 90
5 59
0 4
22 71
16 73
71 78
85 90
17 30
73 91
25 40
65 97
26 98
31 86
62 83
57 71
80 97
20 59
17 81
53 76
14 93
2 54
31 66
10 35
45 88
4 78
56 84
9 55
3 83
69 89
32 97
2 11
27 88
2 81
56 75
24 50
92 98
39 91
1 29
8 80
38 67
20 88
57 88
24 40
25 84
18 59
24 89
31 97
78 98
15 97
26 91
32 36
88 96
31 59
34 45
12 43
8 16
26 36
30 90
30 84
26 60
14 39
67 78
11 95
31 95
0 97
14 99
2 33
2 50
24 27
21 96
77 89
1 24
48 58
34 64
73 79
44 93
3 76
15 40
44 56
33 44
27 66
81 96
29 74
39 95
33 89
28 59
71 93
19 36
22 51
35 78
4 70
7 58
13 75
63 84
43 51
13 69
27 73
20 55
28 51
62 76
18 51
42 69
16 96
49 66
36 99
76 79
36 43
41 95
12 79
7 14
9 88
11 56
25 51
29 50
13 59
50 88
59 92
24 81
71 88
72 88
4 37
57 69
4 55
17 71
56 67
31 45
44 48
71 99
11 98
34 36
29 93
21 32
88 90
16 72
59 65
31 94
74 96
79 84
88 92
59 64
55 96
24 34
17 62
39 66
4 77
30 94
16 17
11 72
14 38
63 67
17 36
42 48
7 45
45 81
87 88
42 93
14 17
74 95
6 32
3 17
34 72
4 92
48 53
10 14
76 90
47 76
25 67
11 69
67 79
33 79
6 44
8 81
33 53
22 58
25 56
76 95
29 99
0 71
7 84
30 67
60 90
13 32
33 95
6 76
42 56
71 75
40 62
4 34
0 66
0 25
13 30
30 83
0 73
3 40
3 30
66 75
30 53
41 59
1 2
84 92
39 93
15 80
33 42
11 15
33 57
7 72
29 87
18 36
45 91
30 62
21 93
69 95
13 33
14 22
