100 1833 444.6268098079557 medium
0 787 568
1 572 782
2 209 816
3 886 848
4 414 176
5 904 333
6 270 337
7 894 835
8 133 771
9 795 566
10 46 24
11 328 420
12 457 1
13 693 318
14 314 317
15 28 761
16 781 119
17 617 684
18 258 870
19 356 53
20 511 49
21 341 163
22 935 946
23 460 553
24 256 231
25 951 880
26 325 370
27 740 986
28 853 790
29 848 631
30 227 897
31 639 295
32 116 473
33 60 216
34 714 269
35 905 930
36 158 934
37 772 583
38 282 964
39 22 482
40 446 282
41 685 313
42 343 330
43 88 202
44 939 953
45 158 424
46 478 380
47 257 889
48 817 531
49 110 932
50 977 273
51 313 137
52 33 90
53 54 104
54 492 989
55 381 193
56 326 294
57 242 280
58 25 85
59 796 588
60 121 939
61 320 129
62 483 831
63 343 256
64 287 656
65 299 48
66 855 505
67 528 767
68 484 236
69 857 138
70 755 215
71 35 837
72 708 853
73 625 272
74 34 124
75 83 753
76 374 8
77 869 241
78 963 495
79 175 736
80 262 338
81 566 669
82 3 210
83 276 904
84 705 60
85 476 680
86 471 183
87 234 707
88 936 31
89 319 849
90 762 594
91 823 698
92 530 24
93 771 690
94 837 931
95 192 900
96 153 839
97 332 966
98 508 675
99 308 246
22 44
6 80
0 9
13 41
52 58
51 61
49 60
37 90
3 7
18 47
0 37
0 59
9 59
47 83
37 59
52 53
14 56
31 73
53 74
9 37
30 47
33 43
20 92
14 42
85 98
22 35
52 74
59 90
53 58
30 95
0 90
63 99
4 55
36 60
21 51
18 83
42 56
21 61
58 74
35 44
18 30
9 48
56 63
9 90
26 42
48 66
1 67
0 48
36 49
36 95
6 14
19 76
31 41
30 83
21 55
38 97
11 26
24 57
56 99
91 93
34 41
8 75
17 81
13 34
24 99
14 26
68 86
8 79
15 75
14 80
19 65
33 82
4 86
81 98
13 31
40 68
38 83
2 96
48 59
7 28
57 80
6 57
6 26
10 58
18 89
32 45
79 87
47 95
3 28
10 52
29 59
14 63
34 70
22 25
25 35
35 94
37 48
83 89
6 56
26 80
8 96
14 99
29 91
12 20
95 96
3 25
18 95
7 25
41 73
2 18
6 42
64 87
55 63
47 89
25 44
42 63
4 21
57 99
26 56
15 71
12 92
56 80
62 67
30 36
16 69
38 47
31 34
10 53
14 57
60 95
42 80
13 73
2 30
12 76
83 97
48 90
61 65
9 29
19 61
83 95
3 35
65 76
56 57
43 82
9 66
2 95
30 38
2 79
2 47
0 29
49 95
51 55
2 8
55 61
34 73
21 99
29 37
51 65
55 99
24 63
55 86
81 85
42 99
11 42
74 82
4 68
0 66
21 63
75 79
29 90
30 96
67 98
24 56
19 51
32 39
5 50
43 74
36 96
33 74
7 35
16 84
3 94
90 93
71 75
28 91
29 93
18 38
5 77
6 99
22 94
16 70
10 74
6 11
67 85
1 62
59 66
40 86
49 96
80 99
40 46
69 77
14 24
43 53
30 89
57 63
11 14
44 94
29 48
60 96
59 93
4 61
67 81
11 80
79 96
8 15
40 63
6 24
4 63
37 93
24 80
47 97
1 17
4 51
66 78
36 47
21 24
6 63
51 99
17 98
18 96
3 22
24 51
40 55
38 95
2 83
4 40
75 96
19 21
27 94
55 68
7 94
2 87
33 53
50 77
42 57
1 81
59 91
12 19
40 42
37 66
30 60
2 89
55 56
63 80
47 96
26 63
70 77
61 99
3 44
53 82
89 97
71 96
8 71
7 22
18 36
8 87
13 70
24 61
41 70
90 91
40 56
38 89
49 71
18 97
17 67
36 83
30 49
26 57
21 65
51 63
0 93
52 82
1 98
43 52
25 94
26 99
30 97
37 91
11 56
29 66
7 44
9 93
58 82
4 99
36 38
69 70
23 85
2 36
66 90
33 52
61 63
28 93
24 55
23 98
21 86
24 42
21 56
61 76
43 58
69 88
25 28
60 71
0 91
9 91
45 80
33 58
4 19
14 40
27 72
89 95
64 79
83 96
20 86
1 85
2 75
31 70
14 55
17 85
6 45
8 95
28 94
70 73
42 55
19 55
63 68
40 99
51 76
20 76
42 46
46 68
47 60
68 73
4 56
15 96
63 86
39 45
15 79
28 35
26 40
48 78
16 77
72 94
62 85
2 60
2 49
47 49
21 57
26 46
18 60
1 72
17 93
7 91
95 97
87 96
19 20
24 26
11 46
14 21
36 71
76 92
23 81
8 30
34 77
51 56
18 79
75 87
62 98
28 72
54 62
21 76
21 40
60 83
28 29
8 18
51 57
4 20
61 86
18 49
21 68
54 97
8 49
3 91
70 84
38 60
55 57
16 34
11 57
51 86
11 63
18 87
12 65
79 95
8 36
62 89
2 38
56 61
87 89
48 93
31 68
89 96
55 65
45 57
21 42
48 91
4 24
56 68
49 83
8 60
71 95
30 79
42 68
4 42
86 92
57 61
11 45
24 43
17 90
69 84
8 47
4 65
5 78
43 57
71 79
4 76
4 14
19 86
47 79
23 46
27 35
46 56
72 93
86 99
38 49
11 99
2 71
26 45
14 46
22 28
68 99
19 92
36 97
73 86
2 64
3 72
29 78
16 88
84 92
5 66
40 73
38 96
14 51
4 12
50 69
49 75
11 40
6 55
62 81
31 46
36 89
9 78
46 73
12 86
56 86
10 43
75 95
79 89
46 63
47 87
28 44
6 40
17 37
55 76
26 55
7 72
11 23
12 61
55 80
6 21
24 65
14 61
14 68
20 68
14 45
2 15
15 49
60 75
5 70
30 87
7 93
64 85
0 78
10 82
59 78
4 92
17 72
21 80
13 77
8 64
40 80
10 33
33 57
72 91
31 40
34 69
2 97
20 55
20 84
42 86
8 83
42 51
3 93
64 89
66 91
61 68
36 75
79 83
24 33
24 40
40 51
46 86
87 95
41 77
51 68
12 51
40 61
65 99
36 79
32 80
19 99
17 62
22 27
12 21
67 72
76 86
5 34
5 69
15 60
3 27
4 57
30 71
23 64
83 87
8 89
27 44
31 86
11 24
42 61
62 97
17 59
66 93
19 63
30 75
40 57
19 24
17 23
6 51
20 21
6 32
0 17
81 93
14 86
17 91
12 55
49 79
20 61
51 80
42 45
21 26
26 68
7 29
34 84
81 90
28 59
60 79
37 78
18 75
46 55
38 54
35 72
5 13
20 65
6 46
45 56
63 65
60 97
15 87
4 26
9 17
4 46
6 61
15 95
41 68
7 27
18 64
4 6
28 90
5 48
15 36
16 41
24 45
46 99
20 51
61 80
68 92
60 89
41 46
13 16
16 73
11 32
65 86
1 93
96 97
62 83
5 41
46 80
24 86
3 29
77 88
47 75
43 80
64 98
1 54
4 80
28 37
50 78
25 91
54 89
37 81
19 68
13 46
78 90
43 99
13 68
67 89
23 67
49 97
49 89
54 67
55 92
18 71
64 75
62 72
16 31
27 28
73 84
6 43
64 96
23 26
47 71
24 68
18 62
50 70
33 45
32 57
85 89
9 28
0 28
4 73
54 83
65 92
34 68
72 81
43 45
45 99
84 88
26 32
11 55
26 51
47 62
91 94
43 51
21 92
61 92
47 64
33 80
25 27
31 77
12 68
6 68
17 29
26 86
71 87
24 53
57 65
36 87
11 64
40 41
38 62
15 30
26 61
11 68
20 40
6 33
19 56
0 81
43 61
85 87
13 69
8 38
59 81
31 84
77 84
68 80
25 72
51 92
75 83
22 72
41 69
50 88
73 77
57 68
19 40
35 91
24 74
13 48
78 91
5 16
76 99
13 66
56 65
27 54
64 83
30 64
57 86
57 82
16 50
13 40
33 99
93 94
45 63
63 76
71 83
41 86
20 73
32 64
9 81
53 65
44 72
17 48
23 42
38 79
14 32
24 76
68 76
6 86
14 43
41 84
24 82
19 57
10 65
15 18
4 31
75 89
41 48
67 93
1 23
12 84
43 56
54 72
47 54
21 43
46 57
41 66
55 73
21 46
89 98
49 87
5 9
11 21
53 57
34 86
60 87
70 88
13 84
81 91
4 11
17 28
13 86
57 74
80 86
43 63
34 46
51 53
43 65
38 87
28 48
1 89
25 93
64 95
32 87
50 66
15 47
29 72
0 5
18 54
62 64
32 33
34 50
93 98
65 68
24 52
45 82
1 27
84 86
30 62
66 77
72 90
1 91
33 51
64 67
45 64
73 92
7 59
20 63
90 98
0 13
53 61
1 90
14 19
24 46
5 31
72 98
69 73
9 13
32 42
34 40
16 92
31 69
33 39
52 65
14 65
25 29
32 79
77 78
40 92
23 40
68 70
22 91
32 43
39 82
24 58
14 33
23 87
78 93
33 61
2 62
0 41
7 90
35 93
34 66
3 59
65 74
87 98
9 41
32 56
40 65
58 65
13 37
11 86
87 97
5 59
33 56
19 42
20 31
31 55
37 72
14 23
38 71
39 75
62 87
79 97
8 97
16 20
23 62
15 39
59 72
51 74
64 81
67 97
12 63
15 64
37 98
24 32
39 80
7 37
44 91
30 54
1 28
12 40
34 48
32 75
1 37
63 73
52 57
68 84
3 90
5 37
20 99
40 76
11 51
37 41
51 52
71 89
13 90
29 81
28 66
42 43
42 65
5 73
70 86
33 63
21 33
61 74
32 82
15 83
48 81
7 9
12 99
67 83
6 39
13 50
0 7
6 23
39 43
42 73
3 37
26 64
80 82
13 59
18 67
18 85
72 85
52 61
10 51
56 76
38 75
6 65
26 43
53 99
67 90
11 61
41 90
23 56
57 58
31 92
33 65
23 80
65 80
51 58
21 53
45 87
43 55
10 61
46 51
48 77
41 50
10 24
20 70
70 92
85 93
31 48
6 82
0 72
3 9
1 59
39 79
46 98
41 59
46 61
6 19
0 3
5 90
47 67
32 99
27 93
17 66
63 92
31 42
58 61
8 32
31 63
85 90
39 57
0 98
62 95
11 85
20 34
2 85
27 91
56 73
9 72
74 99
46 85
67 87
19 80
27 62
29 94
83 85
59 98
15 32
31 66
11 87
46 81
57 76
1 97
47 85
67 91
5 29
0 1
48 50
4 41
5 88
15 89
1 94
22 93
21 73
29 35
23 90
27 67
33 42
12 24
37 67
81 89
79 85
19 53
34 92
36 64
26 33
19 43
66 70
20 56
9 98
82 99
0 34
9 34
38 64
39 87
54 85
21 74
8 39
64 71
1 9
0 31
10 19
28 81
37 85
1 64
44 93
11 98
11 39
45 79
9 31
74 80
54 95
31 56
4 13
53 80
64 97
4 84
20 24
23 37
7 48
92 99
23 31
32 63
4 34
14 73
54 98
1 29
14 76
28 78
3 17
38 67
7 17
26 73
91 98
52 99
40 70
20 41
21 52
16 86
39 64
18 98
31 37
6 53
23 68
6 74
73 99
51 82
19 26
21 45
12 73
64 80
23 63
16 68
34 37
6 64
1 83
85 97
62 93
1 3
12 56
45 55
40 45
33 55
48 70
59 67
62 79
48 73
10 57
46 70
2 67
26 31
13 78
45 46
26 39
26 65
31 90
42 76
71 97
11 43
3 48
45 74
13 20
19 52
15 38
34 88
21 58
58 99
14 31
28 67
23 73
21 31
83 98
17 27
1 18
10 21
45 51
1 7
53 63
0 67
22 29
41 55
4 43
61 82
0 23
20 42
66 73
75 97
23 89
30 67
49 64
41 92
60 64
10 76
23 45
54 81
34 90
14 82
23 41
34 59
17 54
19 74
47 98
62 96
30 85
0 85
2 98
25 59
17 94
42 64
13 23
17 64
2 54
53 56
11 73
41 78
66 81
7 66
31 59
19 58
14 20
20 46
1 47
59 85
9 77
56 82
53 76
81 87
9 67
17 46
31 99
29 44
76 84
11 31
9 23
14 39
46 64
63 74
14 53
13 55
13 92
34 78
45 53
45 61
11 33
61 73
0 77
0 73
65 82
45 75
52 80
23 59
5 84
56 74
19 33
56 92
36 54
79 98
23 79
31 50
9 85
53 55
9 73
23 93
48 72
51 73
14 74
14 64
97 98
17 89
48 98
36 62
40 84
21 82
34 55
6 52
1 38
41 42
23 99
25 90
29 98
63 82
24 39
4 70
24 92
10 99
38 85
37 73
3 66
11 81
12 16
26 85
9 50
6 76
90 94
59 94
50 84
43 76
12 31
1 87
69 92
58 80
41 63
25 37
12 14
19 73
7 78
85 91
29 67
8 45
12 42
76 80
70 78
19 46
19 84
26 87
13 29
23 57
67 94
54 94
73 90
13 42
55 84
9 25
52 76
1 48
0 50
11 79
6 58
52 63
50 73
12 57
0 25
23 32
9 70
55 74
37 94
67 79
0 70
20 57
59 77
8 85
8 62
39 42
39 71
2 32
13 63
37 77
46 90
26 98
4 33
4 45
45 52
52 56
20 69
37 46
29 41
58 76
39 56
23 48
30 98
39 74
32 74
42 92
35 59
74 76
85 95
59 73
41 56
26 82
31 61
46 92
85 96
42 82
6 73
58 63
15 45
14 52
3 78
67 95
27 81
0 46
31 51
52 55
50 59
2 23
1 30
28 98
14 92
56 64
45 58
73 76
1 35
26 41
1 2
62 91
35 90
26 76
62 90
0 94
56 58
3 81
15 97
40 43
42 53
38 98
12 70
66 69
3 67
4 53
9 94
9 46
7 81
13 56
18 81
62 94
32 96
11 19
37 70
23 55
77 90
73 80
80 87
23 86
14 58
54 96
39 99
20 26
14 41
27 29
46 48
34 63
24 73
12 34
42 74
6 31
4 16
35 37
37 50
13 26
6 87
55 58
48 85
7 67
28 62
19 31
69 78
16 40
11 41
32 71
48 67
11 65
81 83
13 81
32 46
13 17
25 48
5 91
32 53
54 60
42 85
55 70
29 85
10 55
59 70
21 41
41 81
6 20
18 23
34 42
13 88
45 68
33 76
10 63
81 94
17 41
46 65
41 88
60 62
66 72
81 97
21 84
55 82
57 64
17 35
11 13
13 14
70 90
47 81
39 53
31 80
12 46
26 53
4 23
46 59
13 93
9 35
39 96
29 50
0 35
31 78
37 62
5 93
23 34
26 74
31 81
10 80
23 24
32 40
20 80
67 96
54 87
42 98
2 39
41 99
21 32
57 73
43 86
4 74
17 87
26 81
22 59
6 12
13 21
6 10
68 77
25 78
57 92
32 55
68 69
29 34
2 81
49 54
46 76
19 82
50 90
66 98
12 41
49 62
41 93
11 82
25 66
8 98
17 25
21 34
95 98
27 98
24 31
69 86
34 56
10 56
72 89
23 72
12 80
32 51
17 31
46 67
29 77
4 52
31 76
23 91
54 64
96 98
61 84
11 17
1 25
33 40
13 99
32 52
12 26
44 59
42 52
39 52
22 90
46 84
42 87
23 47
39 63
72 97
27 90
28 85
8 23
16 66
73 88
17 78
8 67
48 69
45 86
12 13
2 45
65 73
26 79
29 31
23 29
1 66
59 62
23 83
79 81
39 58
10 14
46 66
31 57
31 88
43 68
14 85
40 98
1 95
23 66
22 37
14 87
4 10
1 22
32 58
40 85
51 84
4 58
1 79
75 85
16 46
32 61
6 85
44 90
48 94
11 67
17 97
73 81
42 58
8 11
45 65
13 91
26 34
27 59
31 98
0 62
13 98
26 92
77 86
77 92
14 34
41 98
3 62
80 85
63 64
27 85
27 37
17 18
26 52
1 44
73 78
9 22
40 81
54 79
42 81
17 83
0 22
37 44
36 67
88 92
65 84
20 77
40 64
34 99
16 55
6 92
36 85
14 98
79 80
62 75
21 23
46 87
45 85
27 97
30 81
35 48
41 61
54 93
41 91
9 62
38 81
6 79
64 99
35 67
7 62
41 51
10 12
63 84
17 22
17 73
28 54
33 86
4 82
80 92
1 46
9 44
6 98
11 75
2 11
16 48
11 20
26 58
0 44
63 70
56 85
17 47
11 34
11 76
46 77
45 96
32 85
10 45
23 30
6 41
3 98
12 53
29 62
31 93
94 98
35 54
11 74
80 98
21 70
66 85
16 78
7 98
31 85
19 34
34 61
13 61
11 53
3 54
66 67
19 41
17 44
23 96
73 98
8 54
12 43
31 65
19 45
0 27
4 32
13 51
18 32
16 76
13 85
34 51
56 98
41 85
76 82
29 73
12 69
1 96
56 87
6 13
9 27
41 80
53 86
33 68
34 93
40 77
20 88
24 64
17 34
29 70
66 94
10 42
34 81
46 93
23 75
57 87
32 89
42 70
35 81
35 66
5 46
34 76
43 46
13 19
17 26
2 17
11 89
16 19
7 54
40 53
19 70
45 98
45 71
5 68
22 48
13 80
75 98
23 97
9 69
14 81
12 52
35 62
78 81
70 76
32 95
73 85
72 83
36 98
40 69
41 76
0 69
56 70
1 11
17 38
24 41
17 40
23 54
32 68
25 67
30 32
11 12
84 99
23 95
35 78
25 81
1 8
32 47
11 62
44 48
42 79
60 85
72 78
81 95
68 98
85 94
12 58
38 72
12 74
68 81
54 91
74 86
32 98
1 36
23 51
40 74
14 79
60 67
16 21
34 91
11 52
27 89
73 93
31 91
3 85
61 70
37 40
23 39
68 85
40 90
41 57
49 85
63 85
17 30
10 26
11 92
8 26
22 67
4 69
