100 1050 293.4109745732085 medium
0 708 818
1 626 550
2 262 275
3 600 451
4 635 509
5 579 721
6 643 726
7 945 769
8 981 719
9 642 425
10 874 618
11 133 490
12 639 920
13 451 954
14 576 322
15 366 602
16 122 954
17 909 159
18 893 898
19 471 13
20 31 911
21 718 851
22 230 638
23 991 911
24 72 163
25 559 381
26 906 989
27 229 190
28 143 375
29 990 134
30 763 402
31 183 70
32 372 330
33 998 59
34 897 199
35 302 127
36 729 233
37 319 578
38 97 544
39 285 257
40 900 903
41 682 751
42 331 258
43 180 259
44 379 139
45 699 800
46 385 486
47 352 308
48 38 487
49 288 696
50 610 152
51 815 550
52 679 210
53 612 508
54 206 850
55 1 285
56 790 348
57 777 305
58 655 982
59 112 157
60 847 704
61 229 149
62 951 847
63 138 405
64 533 469
65 826 852
66 882 823
67 818 121
68 490 157
69 34 613
70 308 961
71 346 827
72 735 759
73 580 691
74 727 89
75 605 401
76 403 663
77 460 839
78 540 796
79 484 813
80 711 853
81 516 930
82 856 959
83 921 616
84 324 422
85 249 902
86 435 674
87 977 493
88 958 908
89 827 904
90 81 164
91 57 55
92 897 361
93 44 981
94 336 44
95 652 593
96 452 332
97 401 674
98 908 732
99 378 371
21 80
18 40
24 90
76 97
0 45
4 53
2 39
32 47
5 73
28 63
59 90
23 88
76 86
86 97
0 21
0 80
77 79
24 59
27 61
32 99
17 34
1 4
9 75
1 53
56 57
39 42
6 41
10 83
3 9
25 75
3 75
1 95
41 45
65 89
7 98
15 37
41 72
42 47
45 80
21 45
45 72
36 52
40 88
3 53
26 82
78 79
30 56
14 25
62 88
7 8
82 89
65 66
12 58
5 6
0 72
11 38
18 88
18 89
60 98
54 85
3 4
47 99
13 81
3 64
2 42
20 93
40 82
15 76
18 82
0 41
6 73
40 89
62 66
8 98
84 99
29 33
23 62
40 62
18 66
35 61
18 62
35 44
7 62
32 96
15 97
3 25
18 65
40 66
22 49
38 48
16 93
32 42
7 66
70 85
2 43
96 99
14 75
39 47
4 9
5 78
27 43
17 29
11 63
4 95
26 40
36 57
27 39
53 64
9 53
46 84
35 94
40 65
10 51
50 52
10 60
77 78
2 27
23 40
31 61
25 64
18 26
6 45
38 69
21 72
9 25
53 95
66 98
11 48
2 47
26 88
27 35
67 74
72 80
6 72
66 89
30 57
12 80
17 67
18 23
64 75
15 86
16 20
1 3
47 96
32 84
44 94
12 21
39 43
41 80
21 41
77 81
53 75
5 41
22 37
56 92
21 65
24 91
4 64
34 67
65 82
90 91
4 75
31 59
73 78
44 68
0 6
37 46
29 34
32 39
66 88
82 88
71 77
60 83
65 80
49 97
46 99
13 77
23 26
11 28
59 91
26 89
83 98
59 61
47 84
15 46
9 64
7 60
25 96
41 73
10 98
8 83
37 76
49 76
50 68
43 61
21 89
79 81
27 59
73 95
39 61
28 43
37 49
15 49
9 14
42 99
27 42
43 59
71 85
62 98
0 65
2 32
0 12
9 30
1 64
12 81
60 66
14 96
6 78
60 72
51 83
62 65
1 9
48 69
37 97
80 89
31 91
42 44
27 31
48 63
65 72
52 74
36 56
2 61
88 89
35 39
3 14
8 62
31 35
5 79
57 92
50 74
6 95
16 54
17 33
12 45
35 42
8 60
83 87
78 81
62 89
52 57
43 90
45 65
16 85
25 53
66 82
19 94
71 79
31 90
7 18
70 71
7 88
23 66
30 92
58 80
15 22
24 55
7 40
42 96
54 71
36 67
13 70
49 71
23 82
65 88
8 66
5 45
36 50
36 74
6 80
24 43
24 31
13 79
38 63
55 90
7 65
19 68
65 98
21 58
6 21
73 86
0 89
62 82
39 99
8 10
5 95
79 86
1 73
58 81
49 86
61 90
4 25
26 62
41 78
46 64
7 23
42 61
60 65
61 94
27 90
44 61
1 75
37 86
2 99
54 70
39 44
42 43
3 95
5 86
43 63
14 52
14 64
2 35
28 48
87 92
7 83
31 94
73 79
2 28
19 44
37 84
84 96
32 46
30 51
51 60
24 61
11 69
30 75
27 44
26 65
12 78
45 78
64 96
24 27
2 84
34 57
66 72
5 72
41 95
78 86
45 73
0 5
79 97
10 87
34 92
71 97
22 38
42 84
23 89
13 71
45 89
52 67
21 66
18 98
4 30
9 56
7 10
77 86
5 77
26 66
75 96
46 96
28 55
9 95
51 95
72 73
55 59
0 78
39 84
3 30
27 47
76 79
44 47
40 98
34 36
41 60
72 89
51 87
64 95
0 58
30 36
29 67
33 34
14 50
66 80
71 76
0 66
12 41
49 54
22 97
22 76
72 98
28 38
23 65
77 97
21 82
41 65
45 60
1 6
60 62
11 22
14 36
71 86
52 56
1 5
46 76
43 47
68 96
73 76
7 89
2 44
80 82
2 63
35 43
0 60
73 97
78 80
0 73
9 57
43 55
27 94
46 47
18 21
6 79
25 99
13 78
1 25
55 63
88 98
39 96
64 99
34 56
5 97
45 66
30 53
4 51
28 39
15 84
78 97
76 77
5 76
20 54
72 95
53 73
14 68
16 70
21 78
5 80
63 84
28 84
45 58
12 72
18 80
35 47
12 79
42 68
57 67
12 89
46 97
58 89
1 51
31 43
21 40
14 53
3 96
89 98
4 73
5 21
33 67
35 68
8 88
73 77
2 59
76 78
68 94
12 13
32 44
8 23
35 59
56 75
25 32
6 12
46 86
17 36
70 77
17 74
40 80
21 60
61 91
4 14
52 68
71 78
12 77
19 50
17 57
57 75
23 98
22 69
75 95
10 72
2 96
72 78
71 81
12 65
18 60
8 18
39 59
27 32
60 89
47 61
8 40
0 18
1 30
14 57
60 80
58 82
17 92
34 74
11 84
25 46
14 30
51 56
19 35
14 99
27 28
14 32
8 65
51 98
0 82
47 68
32 43
52 75
25 30
10 66
6 60
48 55
11 37
13 58
40 60
51 92
44 96
51 53
41 79
31 44
5 12
22 86
73 80
54 93
13 85
39 63
1 41
36 75
25 52
32 68
30 52
80 81
49 85
7 82
0 40
7 72
50 67
70 81
18 72
66 83
9 36
41 89
36 92
21 73
9 96
45 95
2 90
41 66
32 64
31 39
22 54
9 51
15 64
42 94
64 84
6 86
32 35
58 65
6 77
37 99
45 79
5 53
14 56
3 56
21 81
22 46
4 6
18 45
43 84
0 98
3 46
9 52
20 85
34 52
5 81
27 91
58 78
40 72
39 94
4 5
28 47
25 47
2 31
85 93
45 98
28 90
6 53
28 59
77 85
12 82
2 24
30 95
28 42
57 74
22 71
6 65
0 81
17 56
10 95
7 26
45 82
4 56
24 28
49 77
51 72
0 79
35 90
21 98
39 90
60 95
14 47
45 81
37 38
25 36
40 45
15 71
8 87
50 57
41 98
64 73
64 86
43 99
1 86
46 53
39 68
49 79
56 67
75 99
3 57
70 79
79 80
32 61
25 57
80 98
15 99
46 49
44 50
25 95
86 95
15 73
78 95
0 95
44 99
60 88
43 44
30 87
63 69
41 58
24 35
24 39
82 98
62 83
21 62
21 26
62 72
25 56
28 32
1 14
27 63
64 76
10 41
72 82
42 46
25 68
27 99
25 50
72 83
47 63
28 99
22 84
17 52
1 72
11 43
46 75
3 99
12 73
56 87
3 51
55 91
8 51
58 72
21 79
26 80
53 96
43 91
25 84
41 77
10 65
31 42
53 56
50 96
30 64
62 80
37 64
6 81
58 79
8 89
3 73
41 51
42 59
7 21
68 99
10 62
15 79
28 61
58 77
0 7
45 77
47 64
63 99
2 94
42 63
53 86
10 30
30 34
32 75
11 55
64 97
5 15
38 49
41 81
2 46
22 48
0 62
29 92
32 63
6 51
4 41
68 74
21 88
27 55
73 81
6 97
63 90
60 87
51 57
7 45
6 76
4 57
7 80
87 98
0 77
50 75
8 72
1 46
59 63
39 46
1 76
37 63
37 71
22 63
27 84
2 11
36 68
24 63
59 94
4 46
26 58
79 85
77 80
14 46
11 46
23 60
18 58
10 45
67 92
41 53
80 88
14 42
3 36
32 37
3 52
76 84
35 96
54 77
65 83
4 96
7 51
12 18
15 77
6 10
60 82
35 91
35 99
5 71
6 89
83 92
5 64
6 58
45 62
2 68
72 79
1 97
26 98
1 10
18 41
40 58
51 75
16 71
38 84
52 96
11 49
6 66
10 92
3 32
21 77
11 15
76 95
41 86
25 42
4 86
0 10
46 63
1 56
53 76
1 45
1 78
15 78
61 68
2 55
12 40
53 57
0 26
12 66
28 69
54 97
4 10
9 92
27 68
15 53
84 97
7 41
95 97
9 46
27 96
47 94
22 85
70 93
6 98
1 15
52 92
55 61
43 94
0 88
49 70
40 41
5 13
30 83
50 56
13 54
28 46
21 95
56 74
80 95
29 74
19 74
42 90
49 69
60 73
61 99
44 59
72 88
81 85
53 97
81 86
5 60
43 48
28 37
14 44
4 72
1 60
9 99
47 75
68 75
83 95
8 82
71 73
3 5
49 78
14 84
53 99
41 82
54 76
61 63
5 58
37 47
15 32
11 99
33 74
9 73
29 57
85 97
51 73
57 87
41 83
9 50
15 38
84 86
45 51
12 26
24 42
38 55
49 84
79 95
22 28
58 66
3 86
3 84
19 61
14 74
7 87
72 81
11 39
3 6
4 76
3 15
1 96
13 80
29 36
91 94
21 23
53 72
6 64
5 65
37 96
8 26
0 1
26 45
10 21
54 79
13 86
45 88
10 18
81 97
51 66
56 95
14 95
20 70
43 96
31 55
75 84
90 94
19 42
10 56
46 73
15 96
18 83
17 30
47 59
56 64
10 53
76 85
37 73
13 97
4 15
70 78
11 47
39 55
41 62
23 80
10 80
15 95
13 21
10 40
9 32
3 47
4 97
30 67
72 77
19 52
26 72
37 69
37 79
11 32
46 95
40 83
1 57
4 60
32 94
44 84
45 83
61 96
0 51
54 86
61 84
3 76
24 94
10 89
76 81
0 8
0 13
34 50
26 60
73 75
95 98
41 97
65 78
5 51
4 36
4 99
31 47
13 45
49 73
5 49
42 64
45 86
41 76
54 69
29 56
13 73
76 99
30 50
48 84
8 45
51 64
15 25
