100 2129 452.2001769128358 medium
0 710 153
1 526 798
2 645 600
3 217 335
4 815 727
5 549 614
6 470 610
7 501 390
8 222 272
9 35 580
10 576 442
11 570 478
12 481 36
13 927 524
14 817 489
15 164 748
16 288 105
17 255 726
18 157 462
19 18 483
20 336 276
21 327 136
22 812 80
23 210 64
24 159 603
25 774 194
26 631 845
27 228 782
28 535 316
29 285 212
30 717 654
31 394 2
32 31 551
33 31 161
34 576 32
35 502 508
36 679 221
37 985 356
38 406 275
39 385 65
40 132 334
41 700 450
42 993 136
43 140 875
44 91 219
45 524 102
46 737 184
47 3 941
48 849 596
49 309 653
50 289 475
51 870 357
52 118 488
53 979 996
54 561 216
55 893 385
56 306 537
57 137 520
58 256 420
59 389 519
60 914 838
61 526 859
62 306 925
63 741 138
64 1 247
65 746 425
66 22 245
67 74 659
68 949 571
69 64 615
70 604 951
71 187 885
72 897 918
73 605 790
74 437 970
75 760 102
76 504 207
77 915 532
78 20 897
79 491 404
80 386 822
81 410 194
82 143 752
83 918 484
84 132 834
85 792 414
86 359 754
87 62 899
88 576 111
89 118 786
90 302 273
91 822 461
92 642 136
93 673 300
94 978 399
95 835 754
96 402 854
97 177 625
98 485 449
99 150 162
13 77
7 79
64 66
15 82
24 97
14 91
9 32
4 95
20 90
0 63
80 96
51 55
10 11
52 57
25 46
63 75
13 83
0 46
43 84
78 87
82 89
37 94
67 69
79 98
9 69
46 63
18 52
47 78
65 85
43 71
77 83
16 21
84 89
68 77
13 68
41 65
45 88
85 91
22 75
54 76
15 89
26 73
1 61
7 98
18 57
35 98
17 27
3 8
29 90
31 39
50 58
50 56
25 63
36 46
19 32
20 38
0 92
88 92
0 75
32 69
47 87
15 27
80 86
44 66
11 35
0 36
71 84
0 25
12 45
34 88
14 85
5 6
36 93
1 73
8 90
38 81
7 28
43 87
60 72
20 29
44 99
82 84
33 44
65 91
33 66
56 59
3 40
46 75
24 57
55 94
21 29
8 29
34 45
9 67
16 23
11 98
2 30
27 82
17 49
33 64
7 10
10 98
21 39
22 63
43 89
15 84
48 77
68 83
36 92
25 75
10 79
12 31
3 58
15 17
44 64
76 81
12 34
84 87
14 65
24 69
37 55
51 85
2 5
28 79
9 19
83 91
25 36
41 85
63 92
10 35
19 52
12 39
14 83
21 81
24 67
55 83
48 68
28 54
36 63
55 91
38 90
83 94
35 79
61 73
16 39
55 85
3 90
26 61
54 88
13 48
46 92
45 76
6 35
14 77
16 29
32 52
18 58
17 86
11 79
67 97
86 96
27 84
50 59
8 40
26 70
27 89
32 57
20 81
27 71
14 48
7 11
57 97
49 86
53 72
28 76
69 97
35 59
54 92
8 20
51 91
23 99
17 82
37 51
1 26
60 95
13 14
67 82
51 94
5 35
49 56
32 67
77 91
7 35
36 54
9 57
59 98
33 99
38 76
62 96
57 69
45 54
76 88
22 25
61 70
71 89
12 88
74 96
6 59
43 78
40 44
24 52
4 30
13 91
41 91
45 92
75 92
43 82
34 92
14 41
15 97
9 52
61 96
10 41
19 57
0 22
62 71
71 87
9 24
87 89
29 81
15 67
56 58
17 97
27 43
22 46
78 84
14 55
15 43
18 40
62 80
39 81
8 99
82 97
48 83
46 93
10 28
18 50
3 20
11 41
81 90
27 86
67 89
49 97
13 94
4 48
28 38
51 83
1 96
29 38
21 23
5 11
48 91
52 69
24 32
62 74
15 71
28 93
21 90
19 69
54 93
71 82
20 21
0 88
3 18
3 29
18 19
18 24
8 44
51 65
40 66
1 80
28 98
14 51
61 74
13 55
2 11
39 45
36 75
29 99
83 85
30 48
25 92
37 83
65 93
61 80
15 24
25 93
45 81
77 94
16 31
78 89
55 77
4 60
9 97
7 38
52 97
16 99
17 89
21 31
24 82
36 88
40 58
16 81
0 93
8 58
43 47
27 49
55 65
41 93
66 99
54 81
57 67
59 79
52 58
58 90
18 32
38 79
40 52
30 95
76 92
14 68
57 58
17 24
49 59
56 97
74 80
40 64
3 50
24 49
69 82
50 57
48 95
2 41
21 38
70 73
24 56
6 98
0 54
17 80
27 62
27 80
32 97
17 84
31 45
18 97
20 58
85 93
27 97
6 11
11 28
58 59
38 54
23 29
15 69
6 49
18 56
92 93
63 88
71 78
47 84
82 87
91 94
68 91
70 74
16 90
9 18
56 57
2 35
77 85
7 59
53 60
10 65
3 44
89 97
50 52
64 99
1 70
8 21
10 93
2 10
28 36
12 76
5 30
1 86
17 71
40 99
12 81
15 49
43 62
5 10
13 85
68 94
28 81
23 39
2 6
72 95
36 76
63 93
30 73
13 51
52 67
46 88
5 98
16 20
13 37
29 39
46 54
21 99
22 92
62 86
18 69
49 50
69 89
6 56
8 16
0 34
40 90
51 77
20 76
6 86
65 83
15 87
3 52
24 50
7 76
12 21
11 65
8 38
7 54
75 88
67 84
14 94
31 34
34 54
19 67
5 73
19 24
39 76
1 5
3 99
11 59
81 88
49 80
40 57
5 59
85 94
50 97
24 89
19 40
90 99
17 43
27 96
25 51
34 76
37 77
22 42
12 92
78 82
21 76
48 85
38 98
24 27
47 71
31 81
0 45
76 93
14 30
17 67
47 89
49 82
1 74
41 51
22 36
34 39
37 91
7 93
29 44
23 31
2 73
55 68
52 56
28 35
17 96
15 86
23 44
36 45
29 40
17 56
34 63
1 6
54 63
62 84
39 88
34 75
12 54
27 67
61 86
76 79
50 98
35 56
3 38
6 10
56 98
48 65
21 45
65 77
33 40
7 20
54 79
8 18
20 79
37 85
3 57
8 66
2 65
10 59
50 90
20 28
27 87
9 82
8 81
23 33
41 55
2 48
20 50
2 14
30 41
12 16
51 93
17 62
4 68
11 93
13 65
35 41
16 38
6 79
24 58
15 78
7 41
4 72
8 23
41 48
38 58
71 80
28 88
28 92
38 45
26 30
79 93
29 58
40 50
38 39
9 15
20 40
31 88
2 4
88 93
76 90
28 41
73 96
0 76
19 97
8 50
18 67
84 97
41 79
50 79
25 54
14 37
28 45
25 88
36 65
3 66
41 98
34 36
48 55
35 50
68 95
82 86
7 81
71 86
75 93
20 39
71 96
49 57
44 90
10 85
5 79
37 68
20 99
46 51
4 26
29 76
4 77
4 73
91 93
58 97
30 91
45 63
2 98
37 42
41 83
25 85
3 56
8 33
17 69
73 80
34 46
49 96
68 85
9 89
6 7
8 64
5 41
86 97
26 95
56 86
36 85
39 90
70 96
6 73
25 55
2 91
79 81
6 50
43 67
10 54
25 42
15 62
3 21
16 44
56 79
6 80
51 68
45 46
20 98
23 90
7 50
5 7
26 96
11 30
69 84
54 75
15 57
74 86
61 62
36 41
79 90
32 82
41 77
26 74
30 65
58 98
7 90
1 2
11 85
38 50
4 13
39 54
34 81
57 82
30 77
24 84
31 76
25 65
49 89
73 95
20 54
3 64
65 94
62 89
15 80
27 69
46 76
36 51
49 67
47 82
42 75
48 94
58 79
55 93
77 95
45 75
5 86
16 45
38 88
46 85
29 31
19 64
59 86
28 90
59 97
2 85
17 57
28 65
14 93
27 78
15 32
62 82
4 14
22 88
19 66
18 90
10 38
23 81
13 41
16 76
18 59
49 58
3 81
81 92
0 28
1 30
32 40
8 52
93 98
48 51
67 87
84 86
3 16
22 34
46 65
28 46
35 49
76 98
86 89
5 49
10 36
67 78
18 49
7 56
6 17
2 95
38 59
24 59
54 98
5 26
62 87
2 26
7 36
10 14
10 76
5 61
26 80
19 58
73 74
30 68
17 59
20 23
10 91
7 58
63 76
13 30
11 14
21 54
7 65
13 95
45 93
49 69
3 19
73 86
20 59
37 65
2 79
28 59
65 68
21 44
43 86
21 88
12 38
48 60
32 89
24 86
6 30
15 47
30 85
20 44
43 80
18 44
3 59
35 38
57 59
42 63
49 52
11 91
67 71
43 97
80 82
42 51
49 84
17 50
6 96
70 80
90 98
1 62
51 63
39 99
56 69
80 84
15 56
46 55
10 30
2 7
3 33
5 56
6 61
18 66
25 34
65 79
20 45
27 56
0 12
35 65
18 20
29 33
17 87
0 51
30 35
44 58
71 97
22 93
32 58
42 46
15 96
59 90
11 38
23 66
1 49
35 58
52 66
81 99
65 98
56 67
49 71
11 54
8 57
36 79
20 56
43 96
16 33
29 50
29 45
30 83
12 29
42 94
8 39
4 83
56 90
9 17
15 52
71 74
5 80
9 40
50 69
29 66
52 82
54 90
14 95
18 64
81 98
25 37
4 91
25 45
25 41
39 92
57 89
40 56
52 64
38 93
42 55
25 28
2 59
41 46
32 50
35 93
60 68
49 98
30 60
36 55
56 82
21 34
25 76
24 40
44 52
36 81
80 89
11 56
84 96
28 29
43 69
12 36
3 23
19 50
25 91
31 54
9 84
49 62
41 54
28 63
12 23
24 43
52 59
9 58
5 65
31 38
58 81
0 85
58 69
38 92
19 44
3 24
0 65
9 56
17 52
9 50
28 85
21 28
32 56
27 47
26 72
37 48
29 54
75 76
41 68
16 40
27 57
51 75
23 64
21 40
8 56
36 38
82 96
2 77
11 76
58 99
43 49
54 65
11 36
12 63
36 91
9 27
38 99
7 29
20 31
6 41
30 61
45 90
38 40
1 17
12 20
38 56
63 85
18 29
11 50
23 40
27 74
66 90
5 96
17 18
29 79
53 95
31 92
83 95
3 79
41 94
50 67
52 90
22 51
26 60
24 71
0 42
9 49
81 93
69 87
17 32
35 86
6 26
34 93
2 61
3 32
12 28
20 35
69 78
22 54
15 18
29 64
6 58
31 90
10 56
12 75
26 86
28 34
63 65
80 97
62 78
50 86
23 38
16 88
22 45
10 50
7 88
7 45
4 5
40 69
25 94
3 7
8 76
46 91
55 63
18 82
7 92
17 78
47 67
1 35
3 98
20 88
31 99
10 20
7 85
89 96
2 13
58 66
28 39
21 58
3 97
28 50
19 56
33 90
91 95
6 97
8 19
40 97
16 54
5 50
70 72
0 55
12 46
5 14
56 80
32 49
34 38
2 83
19 82
69 71
6 27
12 90
57 90
21 33
16 34
87 97
0 41
1 4
28 58
35 54
52 89
57 66
14 25
8 59
5 28
1 27
10 81
62 70
49 61
36 98
8 79
4 41
18 99
37 41
35 73
15 50
58 67
67 86
32 84
5 48
16 66
35 76
6 28
79 85
2 93
14 36
37 46
17 61
64 90
15 19
0 81
7 8
11 48
59 80
47 62
27 32
70 95
45 79
20 52
10 46
54 85
17 74
44 57
2 28
35 85
57 64
79 88
3 9
2 68
32 64
50 81
17 58
60 77
10 51
32 66
83 93
65 92
79 92
4 70
27 61
7 21
29 88
58 64
27 59
49 79
35 90
85 98
11 20
30 98
4 65
29 98
28 75
1 59
6 24
40 81
18 38
24 87
48 73
43 74
56 89
1 95
41 76
55 75
60 73
5 91
27 50
10 92
50 82
9 43
7 46
10 48
75 85
4 85
27 52
11 73
57 84
78 97
21 79
11 49
3 76
13 60
70 86
5 17
41 63
5 85
20 57
21 92
4 53
14 46
24 80
20 66
14 35
22 55
85 92
0 7
8 28
23 45
16 58
40 59
37 93
8 98
10 25
9 78
51 92
4 61
30 70
3 39
28 56
88 90
5 95
0 10
41 59
3 28
72 73
3 69
19 89
11 58
41 92
30 72
38 44
44 81
8 31
9 87
16 64
93 94
10 58
15 59
96 97
30 55
28 91
10 90
10 55
19 33
57 86
29 52
46 94
1 11
65 75
35 91
11 51
44 50
25 83
21 66
29 59
2 86
16 28
24 78
36 42
48 72
7 49
29 56
59 81
65 76
22 37
20 33
11 81
69 86
49 73
18 33
18 89
61 95
12 93
62 97
58 76
23 76
46 81
37 63
35 81
0 38
52 99
0 91
18 27
62 73
2 55
18 98
7 91
17 35
60 70
86 98
46 79
40 67
86 87
14 28
26 48
10 88
3 49
7 14
2 51
56 96
17 47
47 69
39 44
6 65
59 76
41 95
36 39
12 25
63 91
80 87
0 79
22 76
3 35
12 22
74 84
30 51
14 98
36 37
22 85
26 62
9 64
35 80
77 93
9 66
59 96
6 15
63 81
79 91
7 25
11 55
20 64
20 92
0 39
14 79
8 24
30 79
19 49
35 36
91 98
32 44
11 90
28 51
5 93
20 93
8 32
11 46
33 52
13 93
59 82
59 69
18 79
37 75
17 19
51 54
61 71
2 49
10 49
15 58
9 71
65 95
6 38
7 30
21 50
2 80
1 56
5 70
29 57
0 37
32 43
49 74
38 41
29 34
20 34
50 99
85 95
87 96
42 85
33 58
38 46
50 76
8 54
10 45
28 31
56 84
48 93
21 64
10 83
59 67
2 56
6 57
7 39
35 97
10 63
32 78
6 18
52 84
59 73
8 45
19 99
20 36
11 86
36 94
7 63
11 83
18 35
54 59
49 87
45 98
11 77
10 73
4 11
24 96
32 87
11 92
58 86
11 25
1 71
88 98
92 98
0 31
46 83
8 12
21 98
58 82
10 77
4 55
68 72
42 92
22 65
1 98
5 58
7 18
2 96
35 61
15 74
67 80
50 66
25 79
63 94
0 14
62 67
41 73
41 75
19 90
2 70
55 92
0 11
24 62
60 83
3 67
12 99
7 12
76 85
30 59
97 98
50 89
43 57
18 86
6 62
57 98
39 79
16 92
36 83
7 16
17 73
8 97
24 35
42 83
6 82
30 93
76 99
65 88
54 91
35 48
38 52
57 99
56 81
59 93
52 86
23 58
14 63
2 60
9 59
31 36
32 59
1 10
42 93
22 94
24 90
6 20
11 13
17 98
35 96
50 80
8 9
10 13
24 98
47 97
26 35
41 88
16 79
73 98
6 74
75 81
38 63
21 36
14 60
5 27
9 47
27 58
39 63
13 25
0 94
38 57
22 28
25 81
3 54
4 6
75 91
28 55
40 49
30 94
34 90
29 92
63 79
35 57
9 44
19 27
1 15
46 98
40 79
7 34
74 82
8 35
25 77
4 94
6 70
59 61
90 92
33 39
54 58
29 35
11 88
42 91
50 64
23 34
6 14
18 21
9 86
56 71
5 38
78 86
12 79
14 73
74 89
57 71
75 94
18 81
32 71
23 88
19 84
52 98
59 65
39 40
16 50
7 51
6 93
10 29
30 80
40 98
91 92
39 46
38 65
30 86
39 93
0 98
20 24
4 10
90 93
11 26
85 88
5 97
24 47
66 69
57 79
54 55
6 52
31 44
31 63
19 59
18 84
30 96
5 74
7 40
64 69
55 95
90 97
78 80
3 6
79 86
4 51
14 54
33 57
3 10
26 49
5 77
50 54
61 72
6 90
43 56
25 38
39 75
6 85
27 73
3 31
2 50
8 69
53 70
39 58
20 49
49 78
15 61
45 99
11 45
6 48
26 53
31 75
19 20
10 86
49 90
42 65
16 18
19 29
33 81
59 89
2 36
36 90
11 63
3 11
1 48
22 91
34 79
67 96
74 87
51 79
4 35
6 91
52 79
23 54
11 95
94 95
69 80
21 93
24 66
51 88
0 21
20 97
11 61
44 56
28 30
79 97
78 96
35 52
56 76
38 66
3 45
25 98
32 86
1 82
80 98
43 61
57 87
72 77
7 57
22 41
10 75
68 93
41 81
24 79
7 75
27 35
43 52
21 59
56 62
60 91
32 90
31 46
5 13
60 61
63 83
8 88
2 94
1 41
13 46
24 64
1 97
11 29
1 72
24 44
41 45
56 61
32 33
1 60
11 80
5 24
11 68
38 49
36 77
7 86
8 49
46 77
0 83
32 47
58 89
14 75
5 83
65 73
66 81
57 80
13 36
56 73
50 84
45 65
33 38
7 55
6 95
48 98
8 10
3 17
2 54
40 76
62 69
6 89
13 42
1 43
0 20
14 92
38 75
29 36
73 91
17 26
14 42
10 21
6 71
5 62
10 68
57 78
61 84
13 72
7 52
50 96
51 76
1 79
1 84
51 98
31 33
16 98
39 98
44 69
35 92
61 82
35 51
29 93
5 54
51 95
3 12
6 67
17 79
5 20
35 46
7 97
1 50
30 37
11 17
26 41
47 80
18 23
21 56
14 26
47 86
5 68
55 79
73 79
7 31
63 98
7 24
52 71
73 77
28 40
2 38
20 41
41 56
42 77
35 88
10 94
6 54
8 11
7 48
6 76
75 79
39 66
18 28
6 84
10 95
2 72
28 49
38 64
26 59
6 69
56 99
48 79
33 50
59 84
35 45
10 26
32 99
9 90
76 91
56 66
37 92
5 15
65 81
68 73
16 36
26 27
30 49
4 37
1 89
31 93
47 96
1 7
35 40
25 48
14 22
21 52
5 76
25 39
2 17
35 55
54 56
10 34
38 85
66 97
19 43
24 38
20 32
24 29
17 40
21 35
5 51
23 28
45 85
20 46
0 35
36 48
41 50
11 96
61 98
27 70
64 81
21 46
55 98
12 98
44 76
5 55
7 73
11 18
18 43
75 83
96 98
31 79
35 77
5 36
69 96
21 63
19 78
35 95
8 67
52 81
59 62
61 89
54 99
15 35
28 99
52 87
44 97
15 40
17 70
25 35
11 94
1 24
25 68
36 59
45 58
3 15
7 17
59 85
48 61
69 90
35 83
64 97
10 12
66 67
2 76
13 73
22 83
42 88
22 81
10 37
59 71
40 82
79 99
28 83
38 97
19 87
64 67
2 37
23 50
7 99
55 88
9 33
16 52
6 8
49 70
10 18
11 21
11 97
26 68
73 85
10 61
61 97
47 49
6 81
5 18
52 78
48 53
27 98
28 48
56 64
5 90
39 50
11 75
14 76
50 93
26 98
70 71
30 74
50 71
58 80
5 57
10 39
26 77
44 59
31 40
3 88
6 43
74 78
3 82
29 32
18 71
1 14
2 74
0 16
10 80
39 64
57 81
22 31
0 90
13 35
37 95
25 31
2 25
2 46
53 68
16 59
9 80
57 96
18 80
92 94
34 98
43 50
29 97
46 48
53 73
22 39
30 56
7 83
8 34
55 76
88 91
9 20
20 63
34 65
52 80
5 60
21 57
13 63
10 17
2 58
71 73
5 82
26 91
88 99
14 59
0 29
41 42
11 24
59 99
34 42
0 13
45 51
18 76
63 77
12 44
30 53
0 77
79 80
48 70
4 98
16 93
74 97
4 96
10 22
58 84
16 56
11 37
1 65
9 99
3 5
23 52
58 93
35 82
21 75
83 98
79 83
43 59
72 83
20 69
30 36
47 74
11 57
26 65
19 86
41 90
34 41
6 9
19 71
20 65
6 40
14 72
56 87
13 26
59 91
56 93
7 23
28 77
42 68
7 77
73 83
77 98
23 92
34 51
45 59
15 98
9 62
34 85
57 62
6 29
10 97
7 22
42 54
4 80
31 58
19 38
44 67
35 63
41 49
44 79
81 85
45 50
23 79
24 99
98 99
60 85
46 68
8 92
6 36
16 57
29 49
47 57
36 68
5 81
3 86
75 98
77 79
6 32
15 73
41 60
10 16
60 94
13 28
46 90
83 92
7 44
31 66
95 96
41 61
58 88
9 29
40 54
41 58
12 58
34 99
20 25
26 71
60 65
10 57
11 34
50 73
54 83
37 54
7 13
32 80
10 24
7 80
3 27
18 87
28 57
10 96
24 61
2 20
26 56
14 88
67 90
13 98
44 45
1 91
59 88
5 52
4 74
4 93
50 62
22 38
28 94
21 25
11 12
35 69
28 52
50 61
35 68
0 2
28 37
6 77
8 93
11 52
5 71
