100 792 250.2179050347916 medium
0 807 144
1 365 458
2 492 666
3 490 942
4 990 174
5 320 122
6 809 585
7 443 266
8 165 563
9 71 433
10 673 541
11 93 600
12 356 545
13 135 869
14 886 145
15 226 198
16 678 677
17 183 687
18 580 765
19 183 798
20 778 766
21 659 145
22 980 728
23 317 829
24 506 802
25 743 302
26 365 717
27 292 991
28 173 696
29 380 106
30 844 237
31 420 353
32 756 202
33 704 663
34 675 273
35 311 147
36 360 606
37 298 1
38 52 995
39 823 752
40 495 412
41 469 191
42 835 185
43 927 113
44 192 215
45 621 650
46 789 944
47 446 449
48 338 462
49 66 59
50 180 426
51 532 155
52 901 483
53 795 370
54 684 312
55 873 164
56 326 68
57 811 181
58 241 496
59 284 652
60 464 599
61 445 0
62 302 103
63 964 461
64 52 291
65 54 328
66 874 844
67 458 184
68 346 478
69 862 590
70 932 894
71 28 307
72 660 635
73 847 11
74 91 562
75 864 837
76 810 293
77 469 501
78 731 279
79 566 587
80 841 411
81 500 870
82 953 238
83 986 560
84 600 79
85 276 100
86 215 459
87 807 385
88 402 442
89 319 108
90 454 706
91 45 375
92 638 148
93 96 180
94 5 89
95 26 34
96 480 909
97 239 457
98 597 523
99 376 175
66 75
41 67
17 28
5 89
62 89
48 68
53 87
21 92
14 55
86 97
42 57
25 78
5 62
62 85
5 35
1 48
1 68
64 71
16 33
65 71
3 96
64 65
0 57
15 44
11 74
58 97
35 89
34 54
1 88
56 89
45 72
56 62
80 87
42 55
85 89
81 96
47 88
35 62
58 86
16 72
20 39
49 95
65 91
50 86
5 85
0 42
14 43
33 72
30 42
6 69
5 56
2 90
34 78
47 77
54 78
35 85
32 57
94 95
56 85
25 54
29 89
12 36
40 47
53 80
5 29
16 45
9 91
55 57
14 42
30 57
30 76
29 56
68 88
50 97
52 63
48 88
25 76
12 68
49 94
24 81
0 55
29 99
71 91
35 99
79 98
41 51
37 56
2 60
3 81
25 34
4 82
8 74
43 55
66 70
5 99
0 32
29 62
10 98
53 76
30 55
84 92
0 14
7 41
51 67
76 78
29 35
35 56
32 42
8 11
32 78
1 47
67 99
18 24
14 57
7 67
45 79
33 45
64 91
12 48
25 53
13 19
1 12
4 43
89 99
21 84
70 75
36 59
77 88
26 90
7 31
31 88
76 87
40 77
50 58
52 80
41 99
39 75
30 32
10 72
31 40
40 88
60 77
15 35
48 97
31 47
0 30
25 32
14 30
8 58
63 83
37 85
51 84
37 62
44 93
19 28
60 79
48 58
62 99
26 59
47 68
29 85
36 60
25 87
39 66
72 79
32 76
51 92
9 65
58 68
17 59
60 90
32 34
4 14
2 79
47 48
55 82
30 82
37 89
68 97
24 90
9 50
15 85
24 96
29 67
42 76
17 19
26 36
53 78
20 75
57 76
21 32
1 77
12 88
7 99
52 69
14 82
52 83
8 86
10 79
42 43
4 55
56 99
1 31
28 59
64 93
25 30
30 78
12 60
10 45
5 15
12 77
15 62
23 26
76 80
18 45
5 37
32 55
48 86
29 41
20 66
0 43
29 61
49 93
11 28
85 99
12 58
68 77
11 17
53 54
8 17
10 33
1 97
57 78
20 33
21 51
54 76
69 83
43 82
72 98
93 94
36 68
12 59
21 34
45 98
8 97
42 82
15 89
43 73
77 79
1 58
32 92
77 98
2 45
34 92
78 87
9 74
46 75
6 33
15 93
46 66
32 54
12 47
16 18
18 81
68 86
2 18
63 80
9 71
29 37
8 28
16 20
43 57
52 87
10 16
31 48
34 76
48 77
2 24
2 26
35 44
56 61
36 90
6 52
19 23
8 50
1 40
25 57
0 73
18 90
14 73
42 78
3 24
30 53
14 32
7 51
44 85
6 10
54 87
9 64
55 76
16 79
71 93
50 91
2 36
31 68
36 48
9 86
12 97
35 37
25 80
37 61
0 21
1 36
33 39
8 59
25 42
0 76
30 43
1 86
40 98
13 38
47 60
5 67
36 77
46 70
35 67
15 99
21 78
30 87
18 72
57 82
60 98
76 82
65 93
26 60
34 53
0 78
52 53
7 40
55 73
17 74
4 42
31 77
21 57
44 62
28 74
22 66
6 72
51 99
33 79
5 44
67 89
22 39
4 30
22 75
44 64
50 65
29 51
6 16
8 9
18 33
78 92
74 86
58 59
93 95
48 50
36 58
50 74
40 68
16 39
79 90
88 97
58 74
23 27
35 41
15 56
34 57
5 41
63 69
24 26
40 48
45 60
12 86
61 89
44 89
14 76
2 77
39 69
6 39
22 83
47 98
9 11
60 88
21 54
60 68
0 92
31 41
36 88
9 97
58 88
81 90
54 92
0 25
2 72
41 89
78 80
7 29
12 26
1 60
41 84
32 53
30 34
22 70
34 87
31 67
0 82
57 73
50 68
61 84
16 98
30 80
33 69
41 92
42 73
63 87
5 61
18 96
56 67
62 67
57 92
45 90
33 98
61 62
20 72
67 84
30 54
6 80
13 28
2 98
19 59
7 35
51 61
21 25
20 46
44 65
59 90
18 79
6 83
36 47
39 70
4 57
15 29
23 59
69 80
21 42
7 88
11 58
9 58
74 97
22 69
23 96
2 12
54 57
34 42
55 78
47 79
7 47
31 99
67 92
6 20
23 90
17 26
61 67
0 34
59 68
34 51
0 4
54 80
50 64
48 60
2 16
13 23
25 92
11 86
23 81
59 60
1 50
86 88
44 71
61 99
13 17
44 99
12 90
41 56
41 62
40 79
42 53
5 7
40 60
25 55
86 91
53 57
32 87
24 45
37 99
23 24
8 12
53 63
36 97
12 40
41 61
74 91
32 43
50 71
26 28
11 50
17 36
39 46
20 69
20 45
17 23
10 69
21 41
23 28
61 85
85 93
15 64
42 54
48 59
11 59
18 20
6 63
3 18
32 84
13 27
44 56
35 61
6 45
19 26
60 72
17 58
8 36
8 68
6 87
59 97
20 70
32 82
8 48
42 92
67 85
44 49
39 72
7 89
91 93
42 87
12 31
18 60
16 69
3 27
57 87
26 81
2 81
11 97
90 96
21 67
14 78
59 86
27 96
20 22
77 90
10 87
53 82
80 82
36 86
21 30
3 23
36 79
69 72
47 97
82 87
1 7
24 60
64 94
28 36
65 86
10 77
80 83
34 84
0 54
2 59
31 97
15 37
10 53
1 59
47 58
91 97
52 76
88 98
28 58
44 50
21 76
32 73
15 49
2 33
69 87
14 25
10 80
12 50
16 24
45 77
59 74
41 85
40 54
49 85
12 79
5 51
43 76
21 55
6 53
7 62
15 65
4 76
34 80
4 73
10 60
0 84
44 91
29 44
11 19
35 93
72 90
51 89
51 54
79 88
71 94
25 82
10 40
62 93
2 10
53 55
18 26
6 98
35 51
29 84
19 27
34 41
2 47
7 48
40 41
50 88
6 22
8 91
24 79
63 82
51 56
26 96
12 17
30 92
76 92
44 94
65 97
32 80
78 82
16 90
1 8
34 55
15 71
30 73
42 80
39 45
0 53
14 21
23 36
24 72
7 15
34 40
31 51
16 60
63 76
7 92
58 77
54 98
32 51
31 58
10 54
53 69
7 56
11 91
17 86
58 91
55 87
31 86
21 73
40 67
47 86
5 93
57 80
7 34
90 98
49 64
15 67
15 50
31 35
7 68
72 77
64 86
77 97
89 93
57 84
51 78
34 67
10 52
7 85
55 92
4 32
8 19
51 62
36 40
33 75
7 77
19 38
17 97
65 74
12 28
2 68
3 90
59 77
37 44
1 79
78 84
37 49
2 23
26 79
26 77
26 68
27 38
54 55
49 62
25 52
27 81
28 86
59 88
1 98
71 86
0 87
2 88
24 33
12 98
10 18
18 98
14 53
6 79
37 67
15 41
61 92
2 96
18 39
84 99
1 2
65 94
7 84
24 36
10 47
44 86
16 75
7 54
31 98
68 79
44 95
58 60
15 94
44 97
41 54
14 34
69 75
7 21
54 84
28 97
14 92
10 20
15 31
33 66
45 69
33 60
50 59
10 25
55 80
9 44
73 92
31 60
64 97
29 31
