100 2123 463.8156961552724 medium
0 265 771
1 16 865
2 876 729
3 130 350
4 570 616
5 152 364
6 882 181
7 757 248
8 536 481
9 272 163
10 698 800
11 123 580
12 471 137
13 301 391
14 31 658
15 500 73
16 53 970
17 804 265
18 488 161
19 814 857
20 750 51
21 367 366
22 145 505
23 724 290
24 841 592
25 177 970
26 393 444
27 539 582
28 161 929
29 526 980
30 884 451
31 683 158
32 406 591
33 436 732
34 595 955
35 826 361
36 53 182
37 263 196
38 85 517
39 114 471
40 739 342
41 861 753
42 938 169
43 493 712
44 151 995
45 306 220
46 212 798
47 972 419
48 516 275
49 552 569
50 94 517
51 942 202
52 543 679
53 604 427
54 66 951
55 539 43
56 679 75
57 449 907
58 722 254
59 445 809
60 82 128
61 999 508
62 733 161
63 960 369
64 204 275
65 543 857
66 948 570
67 744 303
68 359 383
69 54 178
70 398 803
71 771 958
72 318 422
73 638 582
74 442 911
75 488 418
76 246 73
77 227 204
78 817 929
79 332 290
80 794 875
81 91 792
82 350 16
83 138 654
84 141 565
85 651 611
86 238 836
87 995 672
88 408 136
89 971 530
90 899 497
91 604 126
92 546 483
93 797 14
94 316 613
95 100 67
96 38 114
97 224 704
98 801 989
99 750 995
36 69
57 74
38 50
8 92
27 49
21 68
16 54
11 84
23 67
3 5
19 80
2 41
12 18
73 85
42 51
9 37
13 72
7 58
61 89
23 58
25 44
37 77
40 67
71 99
71 98
25 28
4 27
22 39
46 86
66 89
60 96
59 70
30 90
15 55
37 45
7 17
31 62
39 50
4 49
98 99
47 63
22 50
7 23
58 67
23 40
38 39
71 78
7 67
68 72
6 42
60 69
13 68
78 80
0 46
20 93
43 52
22 84
33 43
9 77
22 38
36 60
78 98
12 88
6 51
60 95
69 96
9 45
28 44
50 84
4 52
11 50
36 96
26 68
12 15
0 86
13 21
17 67
19 78
29 34
11 38
38 84
21 72
64 77
45 79
20 56
11 83
4 73
33 59
95 96
11 22
26 72
0 97
8 75
89 90
61 66
33 70
45 77
53 92
4 85
21 26
17 58
31 56
21 79
17 23
18 88
31 91
71 80
49 92
8 53
49 73
75 92
66 90
15 18
35 40
83 84
8 49
40 58
7 62
56 91
32 94
47 61
30 47
58 62
9 76
78 99
46 97
7 40
44 54
68 79
27 52
28 54
39 84
57 59
17 35
26 75
37 64
27 73
27 92
1 54
83 97
35 67
61 90
17 40
8 27
16 44
56 62
59 74
5 64
31 58
1 81
3 64
55 91
13 79
29 57
13 26
57 65
47 90
30 35
14 83
49 85
43 59
29 74
59 65
24 66
11 39
19 71
49 52
34 65
47 89
20 62
24 90
1 16
15 88
30 63
66 87
25 54
5 39
19 41
80 98
65 74
6 17
16 28
27 85
57 70
45 64
12 55
53 75
7 31
37 79
70 74
15 91
18 48
30 89
76 82
33 52
69 95
11 14
28 86
46 81
18 91
10 80
3 39
4 43
16 25
29 65
37 76
36 95
23 35
17 62
20 31
52 85
80 99
30 61
18 55
64 79
10 19
23 62
94 97
9 64
43 70
21 75
2 87
45 88
76 77
7 35
19 98
72 79
86 97
56 93
82 88
27 32
12 91
68 75
62 91
35 63
30 66
4 92
73 92
77 79
52 73
0 70
27 43
23 31
9 88
41 80
4 8
9 79
28 46
5 22
2 24
63 90
6 7
2 19
62 67
8 73
55 56
50 83
87 89
24 89
14 84
32 33
61 63
12 48
48 75
81 83
76 95
14 81
38 83
25 86
24 30
26 32
32 49
8 26
32 43
22 83
35 58
6 62
14 38
13 64
49 53
5 13
17 51
19 99
47 66
43 65
81 86
34 57
28 81
35 90
14 50
43 49
65 70
3 22
41 87
37 88
35 47
31 67
26 92
21 45
1 28
53 73
45 76
34 74
81 97
40 53
11 97
34 99
62 93
15 82
55 88
54 81
63 89
17 31
84 97
46 83
24 41
52 59
32 52
70 86
5 50
60 77
49 75
61 87
20 91
33 65
17 42
10 65
85 92
26 79
4 32
0 94
9 82
5 38
2 80
51 63
27 53
33 94
10 41
72 75
8 32
3 50
13 45
12 82
45 68
79 88
27 75
0 83
3 38
60 76
48 91
24 87
8 85
76 88
10 71
58 91
2 66
21 48
69 77
0 81
3 77
36 77
0 33
33 57
10 78
25 46
48 53
5 72
3 13
6 58
34 71
48 88
5 77
32 92
4 33
36 64
52 65
64 69
24 61
15 56
33 74
40 62
44 86
30 40
41 78
84 94
27 33
16 81
23 53
83 94
31 93
0 59
56 58
6 67
31 55
39 83
48 79
12 45
3 36
6 20
26 94
64 72
46 70
10 34
21 64
77 95
53 67
6 93
1 44
17 63
43 85
3 69
6 35
64 68
13 75
0 28
29 59
7 56
53 85
32 72
48 68
7 51
52 70
14 22
55 82
24 85
72 94
60 64
18 45
32 75
2 10
22 72
6 23
4 53
1 25
31 40
9 60
13 22
37 60
77 88
5 79
43 73
10 85
18 31
7 91
11 94
52 92
88 91
10 52
35 51
9 95
7 20
7 42
25 81
8 52
14 97
13 37
21 37
87 90
43 57
37 82
33 49
18 82
70 97
6 31
9 12
26 27
13 77
42 63
5 84
3 72
5 37
63 66
15 31
75 79
10 99
22 94
26 49
8 68
45 72
18 79
17 30
41 66
15 48
43 94
23 91
24 73
13 39
3 37
6 63
30 67
31 48
8 21
14 39
20 58
42 62
43 74
44 46
64 76
12 79
54 86
70 94
8 48
48 58
1 46
5 36
1 14
83 86
5 68
37 95
2 78
23 48
45 82
59 86
34 98
26 48
34 59
77 96
53 58
18 56
42 93
37 69
39 72
48 92
37 68
5 69
36 37
3 79
5 45
20 55
46 54
44 81
26 53
76 96
68 92
32 70
46 94
51 62
12 31
32 68
33 97
21 92
22 97
21 77
32 97
4 75
11 81
34 80
5 21
10 98
3 84
6 40
39 64
9 18
12 37
24 47
12 56
45 48
74 86
0 25
5 11
29 70
9 69
3 45
69 76
47 51
23 56
9 36
2 89
35 62
17 20
32 59
36 76
20 42
73 75
51 67
35 42
68 77
13 94
57 86
40 63
35 89
40 90
10 43
91 93
34 78
33 86
41 71
1 86
9 21
4 10
29 99
77 82
27 94
0 74
67 91
8 72
63 67
13 32
51 58
10 73
23 30
35 61
55 62
3 60
17 56
72 84
18 37
50 97
17 47
21 32
16 86
0 32
0 57
14 46
6 56
48 67
9 13
4 59
3 11
64 96
3 68
24 35
35 53
42 58
32 73
81 84
64 95
37 72
40 48
38 97
48 55
2 90
46 59
76 79
33 46
21 88
28 97
12 76
68 94
5 9
16 46
59 94
3 9
8 43
43 92
23 51
11 46
7 53
0 43
42 67
72 92
72 77
86 94
7 63
13 84
52 94
9 68
56 67
7 93
51 93
22 64
3 21
0 11
18 21
40 92
9 96
7 30
37 96
19 34
49 94
26 45
20 23
0 84
50 94
35 66
45 60
13 50
7 48
4 65
50 72
15 45
41 98
17 91
46 84
1 83
20 51
13 48
59 97
21 53
18 62
9 15
48 62
40 47
27 59
32 85
23 42
29 71
8 40
5 60
22 68
40 51
48 72
52 57
33 85
4 26
64 88
39 94
30 87
31 35
67 90
41 89
65 99
34 70
23 63
53 68
10 29
15 62
65 71
13 38
38 94
17 90
15 20
11 72
17 93
0 44
58 93
12 21
33 73
38 72
8 13
65 80
18 58
68 88
2 71
20 67
21 94
42 47
10 24
75 85
24 63
2 61
52 74
12 77
10 59
3 96
41 85
26 64
5 26
15 76
4 94
47 87
2 85
4 70
6 47
40 91
30 58
82 95
31 42
22 26
45 69
30 51
47 67
36 45
46 74
8 94
45 95
18 68
18 75
32 53
17 53
18 76
39 97
48 56
41 90
19 87
52 53
11 13
55 93
0 14
75 94
39 68
40 73
46 57
13 92
21 22
27 70
40 75
23 92
31 51
49 59
1 97
9 72
12 62
34 43
40 42
29 33
92 94
58 63
18 77
37 48
50 64
0 1
41 99
32 84
19 24
52 75
15 37
67 92
8 23
49 68
0 54
27 68
28 70
9 48
23 75
65 85
45 75
18 23
43 97
38 64
10 27
6 30
24 40
29 43
25 97
8 33
12 68
2 98
10 33
19 65
10 57
23 90
25 74
4 24
33 92
27 72
85 90
14 86
10 49
40 56
8 67
33 34
21 39
15 79
73 90
79 82
21 49
7 47
5 96
22 32
50 81
27 65
38 81
29 98
32 83
42 56
31 88
28 83
21 27
49 72
13 88
82 91
12 58
25 70
56 88
2 30
30 73
26 52
10 74
25 57
3 26
55 58
8 79
23 47
26 84
2 73
26 37
49 70
26 39
31 53
67 75
11 86
34 52
41 73
30 53
41 61
26 73
12 75
28 74
30 85
7 18
40 85
11 32
65 78
39 79
6 91
43 86
32 46
68 84
18 20
3 95
22 79
23 93
80 87
59 85
58 75
53 72
26 43
15 58
7 90
24 80
30 42
81 94
29 80
84 86
49 65
17 48
79 92
45 96
14 94
24 53
58 92
28 57
65 98
24 49
39 77
35 73
18 53
5 83
60 82
0 16
65 73
0 65
26 33
20 40
0 22
26 77
12 20
22 81
51 56
45 55
9 55
18 67
0 52
75 88
54 97
8 58
72 83
67 93
43 46
43 75
40 49
2 99
55 76
14 54
19 85
36 39
29 78
53 62
12 23
48 49
13 18
64 84
50 68
32 86
72 97
64 82
48 77
60 79
59 73
51 90
5 94
67 73
18 26
40 89
39 69
36 79
32 65
7 55
47 58
70 83
69 79
66 85
72 88
10 70
44 97
80 85
3 76
12 64
22 46
14 28
74 97
58 90
53 91
21 84
29 52
5 95
24 27
11 26
15 77
15 93
30 41
44 74
57 97
53 90
3 83
23 73
1 11
53 79
46 50
24 67
38 68
63 87
13 53
13 27
35 85
35 92
54 83
12 13
65 86
5 76
43 53
9 26
18 64
0 50
7 12
70 81
26 85
11 68
48 82
13 49
26 50
27 48
62 63
33 83
28 59
26 88
38 46
40 61
23 55
40 66
13 83
18 40
32 79
26 97
66 73
24 52
44 57
7 15
51 61
0 38
18 72
17 61
15 23
22 77
21 50
48 64
27 40
45 91
78 87
25 59
37 39
14 16
44 70
19 29
17 89
57 99
8 35
75 91
4 68
24 92
4 57
37 55
11 64
88 95
32 39
7 92
39 45
37 75
16 97
6 90
26 38
19 66
12 26
21 76
70 85
79 91
5 14
64 75
4 72
7 75
33 75
25 83
52 80
32 57
12 53
20 35
74 99
12 67
21 38
52 97
32 50
67 89
7 8
35 56
4 74
4 41
35 48
67 85
15 21
79 95
39 81
4 40
29 86
32 74
4 21
3 94
55 79
13 97
57 94
13 76
35 91
79 94
10 87
12 72
73 94
3 14
74 94
8 18
23 24
20 48
19 52
13 36
2 47
11 21
8 24
31 75
1 84
62 88
57 71
60 88
13 69
2 4
70 73
41 52
19 73
30 62
82 96
18 92
61 67
16 83
22 45
23 49
49 67
50 79
17 24
23 85
51 89
32 38
68 76
85 89
42 90
26 83
48 73
22 37
55 67
33 72
73 80
71 74
17 18
0 27
40 93
65 94
34 41
9 91
9 75
56 82
0 29
41 65
32 48
79 84
85 94
15 67
58 88
38 79
22 36
0 39
66 67
46 65
36 38
2 52
42 91
73 89
48 76
27 57
17 66
21 91
12 40
69 82
36 50
75 77
17 92
27 97
24 78
28 33
58 73
43 72
33 84
22 69
30 92
10 66
4 34
50 77
36 82
5 75
8 59
38 69
15 68
5 32
44 83
59 92
50 69
39 46
52 72
66 80
0 4
18 93
13 60
43 80
4 80
79 96
68 73
35 75
5 88
53 94
4 19
27 74
52 86
38 77
22 86
59 83
35 49
8 17
23 89
42 61
14 25
39 60
15 75
4 48
23 27
17 55
9 39
27 67
51 91
57 80
21 73
6 61
5 97
8 45
44 59
11 33
37 91
33 53
31 63
35 93
68 97
12 93
52 68
34 85
25 29
8 30
85 87
68 83
4 90
50 86
8 12
33 81
70 84
8 70
21 82
4 13
3 88
53 88
23 61
0 49
11 28
17 75
55 77
0 26
23 88
10 92
47 62
46 52
25 33
41 47
28 94
19 43
30 49
20 88
70 92
31 92
0 72
90 92
49 57
38 86
65 97
74 80
22 75
35 87
7 89
12 92
11 70
7 24
49 90
59 81
7 73
49 97
4 30
1 38
8 31
62 75
68 91
59 80
7 61
43 68
49 79
30 31
45 92
64 94
72 76
69 88
1 50
12 17
2 65
4 97
59 99
33 68
11 79
36 72
14 44
72 73
8 10
17 73
27 79
49 58
36 88
4 67
24 58
15 64
57 85
59 71
23 66
78 85
26 70
10 32
21 52
49 74
69 72
15 17
41 49
43 83
40 55
15 40
53 56
6 89
52 71
4 23
2 34
53 63
26 40
4 35
2 49
57 98
8 91
91 92
76 91
31 82
48 85
27 35
42 89
19 89
37 50
45 53
61 85
29 46
71 87
8 90
54 70
10 90
21 36
58 85
3 75
28 84
27 41
9 22
45 50
21 23
39 96
23 26
21 69
74 85
21 55
36 68
3 97
3 32
7 88
4 29
13 33
21 97
37 38
68 82
71 85
74 98
68 69
2 27
21 83
8 88
51 66
47 53
24 43
73 87
21 43
19 57
61 73
28 29
57 78
26 59
15 53
27 30
22 33
2 63
6 55
19 90
27 90
38 45
41 43
68 85
74 81
88 96
52 78
77 84
6 53
43 71
21 60
2 35
14 72
47 73
87 98
58 89
19 59
21 58
62 92
21 33
53 66
24 71
21 40
88 92
32 81
65 92
13 43
47 85
7 66
5 48
62 90
31 79
32 64
21 85
13 15
67 88
29 44
11 54
74 78
34 73
27 58
8 62
58 61
19 74
57 73
57 81
8 65
13 52
34 86
60 68
23 68
75 84
60 72
27 34
12 95
39 75
52 99
0 34
6 48
54 74
7 85
13 82
26 67
21 31
17 85
55 75
13 14
26 58
4 66
7 49
14 32
20 63
53 89
13 95
43 84
26 91
0 13
13 96
31 45
66 78
40 68
22 60
21 67
43 99
1 22
45 84
72 85
73 74
25 65
25 94
16 70
2 43
8 97
48 93
10 89
32 45
10 53
64 83
55 68
77 91
58 68
39 86
33 80
54 57
63 73
15 26
1 70
13 73
80 89
33 44
34 49
27 80
58 66
37 84
28 65
19 27
38 60
12 60
50 60
75 97
70 72
19 49
31 47
53 55
29 85
59 84
40 52
40 88
43 78
11 77
49 80
73 78
92 97
63 93
46 72
8 64
59 78
22 70
5 12
58 79
8 22
1 94
27 46
23 79
80 90
63 85
5 18
56 75
4 58
18 35
48 94
11 43
36 84
45 94
3 48
54 84
67 68
59 75
16 74
24 75
35 41
15 72
11 25
27 86
31 68
6 18
6 66
14 70
8 37
17 49
19 61
11 59
70 75
10 30
49 66
11 16
9 50
41 63
85 99
28 43
69 84
4 71
0 8
6 15
30 75
26 46
74 83
19 33
27 29
4 86
27 84
4 78
24 65
71 73
7 27
59 98
24 98
26 76
0 68
18 95
11 75
52 90
3 82
15 95
45 56
64 92
9 38
5 82
21 95
57 83
70 99
16 57
42 66
5 8
22 27
20 82
22 92
4 46
31 90
3 12
0 92
70 80
13 91
24 51
37 92
53 61
52 98
20 53
4 79
8 84
11 45
70 71
33 50
33 71
11 36
39 95
29 41
54 59
3 18
48 52
22 43
22 96
87 99
38 96
52 83
1 39
51 53
50 75
2 53
25 84
85 98
56 63
50 96
29 32
72 82
26 31
59 72
18 60
27 83
7 21
55 64
88 93
11 69
30 48
25 43
56 79
68 95
11 37
29 97
27 66
62 82
8 15
33 99
43 81
46 49
4 89
32 34
30 52
40 79
2 40
49 84
9 31
66 92
5 92
72 91
2 92
33 38
14 33
29 49
37 53
19 30
22 49
49 86
67 79
79 83
15 92
4 7
18 49
6 24
24 99
17 27
84 92
8 9
6 12
13 85
7 26
29 73
53 59
34 46
43 98
21 96
16 84
33 39
41 92
38 75
8 77
41 53
44 65
32 40
11 44
11 27
44 94
72 96
9 56
17 88
72 95
13 46
45 58
50 70
28 50
28 32
0 75
0 21
40 87
0 85
52 84
0 73
25 34
42 55
75 90
77 94
68 96
28 38
12 69
39 76
10 61
52 66
19 70
21 62
4 99
41 59
12 35
32 37
14 64
7 68
37 94
61 80
54 94
12 36
14 26
49 89
2 8
62 79
9 92
75 76
8 66
26 86
13 55
15 60
72 86
31 37
68 70
20 30
4 17
42 53
8 39
75 83
0 5
49 83
9 84
29 94
73 79
13 70
16 59
77 92
8 41
23 45
38 70
18 27
9 53
22 28
8 11
75 82
10 94
33 41
35 52
52 67
31 73
32 77
66 71
3 8
21 56
26 55
64 91
23 72
45 49
7 79
22 59
89 92
78 89
79 97
53 64
73 99
14 68
30 56
35 55
1 74
24 33
40 72
4 87
40 41
53 70
33 78
30 91
23 52
56 92
11 49
26 36
63 92
64 97
20 47
33 54
44 84
26 82
8 56
27 45
2 29
47 92
26 69
63 91
45 62
31 49
11 52
62 73
73 97
4 84
39 92
48 51
5 81
1 59
56 76
51 55
37 56
30 80
12 96
4 83
0 10
8 83
24 42
11 92
72 81
53 65
18 69
22 52
38 54
59 68
28 34
8 57
13 23
50 54
62 68
57 92
15 35
24 32
1 57
42 48
27 89
18 36
10 75
22 48
3 92
39 70
85 97
61 62
70 78
58 72
43 48
18 32
8 89
23 32
8 55
53 77
21 70
5 46
2 59
73 98
24 34
8 63
55 72
4 98
62 89
4 22
27 39
26 65
12 49
55 95
78 90
41 57
2 33
55 92
8 74
46 68
22 95
8 47
74 92
1 33
14 59
13 40
26 35
60 84
47 93
34 94
58 82
27 71
13 59
0 3
67 72
26 62
4 61
83 92
65 75
52 79
48 90
13 58
25 32
9 11
26 60
16 94
8 50
22 76
3 81
70 98
43 44
66 98
32 67
43 50
56 68
5 27
40 43
24 62
27 78
14 21
31 76
30 93
39 88
45 67
34 44
47 49
2 67
49 91
67 87
49 62
33 98
49 71
18 73
82 93
49 78
39 48
13 31
4 47
27 31
41 74
34 97
17 26
15 42
4 11
9 32
17 21
39 49
39 43
13 86
5 49
17 87
27 50
21 59
40 45
50 95
18 42
12 27
38 95
31 72
16 33
20 75
49 61
24 59
13 67
43 79
6 92
7 45
47 56
52 87
9 94
38 43
8 38
18 96
79 85
13 81
22 54
65 83
22 88
52 89
50 92
8 46
5 15
61 92
48 63
11 60
24 48
33 79
16 38
31 85
49 63
27 64
49 87
16 50
32 88
3 46
49 64
18 51
53 93
49 88
5 53
28 52
50 59
65 81
73 91
10 35
62 85
6 8
15 69
48 60
31 77
74 84
12 32
27 38
61 78
77 83
21 46
21 35
9 58
46 92
43 90
11 74
6 75
10 40
15 36
19 92
57 84
17 68
28 39
15 51
25 50
27 91
26 81
29 54
49 50
9 62
52 58
10 86
53 87
4 63
11 57
24 31
32 58
62 66
3 15
25 38
38 92
4 18
84 96
2 57
37 58
27 47
8 86
38 59
27 62
23 82
27 99
8 61
15 96
