100 2387 500.0339988440786 medium
0 536 8
1 258 303
2 930 438
3 233 969
4 154 69
5 893 357
6 727 962
7 896 726
8 849 999
9 681 424
10 343 413
11 827 537
12 271 141
13 46 595
14 472 688
15 721 646
16 649 418
17 979 432
18 269 25
19 815 998
20 71 498
21 371 807
22 873 647
23 697 807
24 764 22
25 926 570
26 47 994
27 320 84
28 30 831
29 768 686
30 688 646
31 822 495
32 221 783
33 925 636
34 311 116
35 624 674
36 75 864
37 652 790
38 182 773
39 503 448
40 84 891
41 906 26
42 596 547
43 160 68
44 263 187
45 441 636
46 161 391
47 823 330
48 227 947
49 188 387
50 675 906
51 830 861
52 529 885
53 729 479
54 960 719
55 426 621
56 725 14
57 781 340
58 389 867
59 325 27
60 984 426
61 372 316
62 624 232
63 206 740
64 783 595
65 503 8
66 260 87
67 884 952
68 796 478
69 442 492
70 429 515
71 510 116
72 235 579
73 815 941
74 295 172
75 640 573
76 245 370
77 246 669
78 335 72
79 619 469
80 165 360
81 117 485
82 604 383
83 360 429
84 898 214
85 411 12
86 334 438
87 840 981
88 743 679
89 203 290
90 412 581
91 59 168
92 394 69
93 458 760
94 841 538
95 334 975
96 212 568
97 922 696
98 672 190
99 933 983
4 43
17 60
11 94
27 78
8 87
45 55
3 48
10 83
72 96
29 88
69 70
10 86
46 49
83 86
36 40
19 87
31 68
46 80
9 16
15 30
0 65
27 34
8 19
44 74
49 80
12 74
15 88
7 97
24 56
32 38
38 63
11 31
55 90
47 57
54 97
32 63
59 78
12 44
31 94
12 34
73 87
20 81
23 37
2 17
34 78
42 75
67 87
22 33
12 66
2 60
28 36
18 59
1 89
19 73
16 82
27 59
67 99
34 74
8 67
34 66
78 92
16 79
49 76
85 92
27 66
33 97
14 45
15 29
45 90
21 58
18 66
62 98
30 88
7 54
25 33
11 68
53 68
8 73
70 90
1 76
22 97
30 35
67 73
11 64
9 53
14 93
68 94
5 47
12 27
39 69
27 92
6 50
66 78
9 79
18 27
80 89
15 64
76 80
28 40
59 92
18 78
14 55
42 79
64 94
51 73
63 77
7 22
19 67
8 99
34 44
46 76
9 82
79 82
59 85
30 75
59 66
2 5
29 30
33 54
34 59
76 89
6 73
72 77
25 94
27 74
66 74
65 85
29 64
87 99
64 88
22 25
69 90
12 78
31 53
7 33
6 19
34 92
78 85
49 89
21 93
39 70
44 66
13 20
18 34
16 53
15 35
3 95
10 61
23 50
43 66
35 75
69 83
46 81
22 64
11 25
51 67
55 70
75 79
77 96
10 76
31 64
4 66
74 78
30 64
65 71
15 75
1 80
1 49
46 89
26 40
70 83
53 79
48 95
0 71
76 86
22 29
22 54
5 57
22 94
61 83
11 53
5 17
5 60
6 87
1 61
12 18
27 85
1 44
32 77
18 43
27 44
64 68
39 79
37 50
19 99
35 88
44 89
11 22
35 37
39 82
51 87
69 86
49 81
58 95
45 70
38 77
2 31
70 86
14 90
4 18
65 92
0 85
71 92
45 93
73 99
25 97
12 59
81 96
53 94
10 69
9 68
58 93
6 8
61 86
53 64
25 31
33 94
76 83
53 75
55 69
35 42
9 57
13 81
1 46
2 25
18 92
12 43
26 36
10 70
2 94
22 88
80 81
7 29
30 42
66 92
44 78
39 42
23 88
1 74
4 91
4 12
19 51
61 76
47 84
57 68
1 10
11 33
8 51
16 42
20 46
2 68
23 29
36 38
52 58
24 41
43 91
12 92
18 85
55 93
2 11
74 92
5 84
37 88
23 51
71 85
52 93
45 69
6 51
39 83
34 85
50 73
29 35
64 75
25 64
50 52
33 64
75 88
17 25
59 74
53 57
30 37
16 39
18 74
42 53
9 42
74 89
7 51
47 68
72 81
23 35
21 32
15 22
2 47
11 15
62 82
14 35
25 54
16 57
38 40
40 48
29 97
9 75
0 92
49 86
1 86
5 68
5 31
25 60
16 75
37 52
29 37
14 21
10 49
6 67
43 44
20 96
53 82
9 31
6 23
34 43
16 68
7 25
25 68
15 42
51 99
15 37
7 88
11 29
22 31
31 57
4 44
83 90
27 43
39 90
23 30
20 49
50 51
15 94
18 44
1 83
1 12
62 71
28 38
15 23
86 90
61 74
42 69
63 72
10 39
12 89
26 28
4 34
32 48
42 82
29 33
11 88
31 47
29 94
4 27
32 36
20 80
15 53
19 50
3 40
13 96
66 85
44 61
17 31
39 86
43 59
42 70
9 47
43 74
29 75
61 89
44 59
88 94
64 97
57 84
30 53
21 95
76 81
63 96
72 86
7 64
36 48
17 94
32 40
31 33
4 74
43 78
4 59
31 60
47 53
21 52
44 92
11 30
72 90
49 83
68 79
35 64
94 97
21 63
71 98
14 70
86 96
2 57
69 79
23 73
42 45
59 65
46 86
9 39
38 48
65 78
88 97
36 63
71 78
48 58
4 78
50 87
41 56
10 90
60 94
15 31
57 82
49 96
68 75
20 72
10 46
56 98
44 76
15 68
46 96
9 11
11 17
21 45
90 93
22 30
11 97
23 52
42 55
57 98
39 75
29 51
22 68
10 80
39 61
26 48
80 86
21 77
55 77
10 89
3 32
17 47
3 58
35 45
35 93
33 88
42 90
30 94
47 60
6 37
3 26
16 62
14 42
32 58
77 90
41 84
5 94
17 68
89 91
51 97
0 56
16 31
39 55
61 69
13 72
3 36
30 79
12 85
11 75
57 62
24 98
37 51
5 11
21 38
11 60
7 15
51 54
27 71
42 64
75 82
21 55
40 63
1 34
29 54
16 47
60 68
69 82
72 83
70 79
55 72
7 94
25 29
37 93
9 94
28 32
49 61
8 50
14 58
42 88
74 85
86 89
49 72
45 77
39 45
31 75
10 72
2 33
28 63
27 65
14 69
29 31
44 80
34 71
9 64
30 68
31 88
9 62
90 96
53 88
76 96
21 48
38 72
7 11
51 88
30 31
46 72
12 61
11 57
3 38
46 83
10 96
55 83
83 96
14 75
33 68
75 94
74 76
15 33
70 72
15 79
5 53
32 72
82 98
31 79
34 89
55 86
44 91
35 55
35 79
14 52
2 53
59 71
47 98
64 79
80 83
14 37
57 94
61 70
11 47
6 99
57 79
15 97
38 96
68 88
48 63
45 75
47 94
34 61
72 76
83 89
29 68
29 53
66 89
0 78
17 33
42 68
61 80
0 59
6 52
3 21
25 88
81 89
80 96
13 77
44 49
12 91
45 72
69 75
50 67
11 16
68 82
52 95
7 23
2 64
32 96
5 25
13 63
1 66
20 76
54 64
54 94
2 22
66 91
25 53
37 75
33 60
22 51
17 57
15 25
70 75
11 79
70 82
55 75
80 91
16 69
14 30
34 65
57 60
55 96
54 88
29 42
22 53
35 53
47 62
16 64
81 86
56 65
9 30
71 74
37 73
45 83
5 9
58 63
32 95
7 30
70 96
46 61
10 55
13 38
31 97
19 23
69 72
77 81
45 86
23 87
47 82
11 54
9 15
43 89
2 84
7 67
4 89
16 94
14 77
0 98
84 98
38 58
1 27
44 46
39 53
75 90
0 24
74 80
28 48
23 64
60 84
0 27
16 98
44 85
21 90
7 73
72 80
1 81
12 76
3 63
77 93
11 42
16 30
35 52
35 90
69 76
31 42
79 94
17 84
43 92
24 84
9 98
13 46
70 76
18 65
37 64
79 90
74 91
13 28
23 67
45 58
27 89
50 88
62 79
10 81
30 33
35 50
27 61
22 23
56 71
32 93
29 50
45 96
15 16
70 77
30 97
17 22
10 44
4 92
49 74
56 62
12 71
16 70
1 91
0 62
23 75
15 51
61 82
14 39
69 96
7 31
61 71
12 80
1 78
23 93
10 45
79 88
45 79
33 51
58 77
22 75
20 77
8 23
11 35
54 67
31 82
42 94
46 91
3 28
55 79
10 74
20 89
70 93
61 78
47 79
77 86
30 45
22 60
39 62
61 92
93 95
82 83
65 98
9 69
55 58
37 42
81 83
2 9
0 34
25 30
15 54
55 63
22 35
23 97
33 53
5 16
35 70
66 71
68 97
13 49
7 37
24 62
14 15
63 93
38 95
42 93
18 91
49 91
17 53
14 23
62 65
1 43
78 89
17 64
61 66
57 64
65 66
1 4
35 94
35 39
9 35
30 93
46 74
13 32
45 63
44 71
43 85
16 35
34 91
35 69
18 71
30 51
2 97
67 97
26 38
29 73
36 77
12 49
7 99
63 90
30 50
53 60
44 83
35 68
44 86
14 72
75 93
7 87
25 47
37 45
32 55
24 65
50 93
79 83
5 64
9 88
34 76
60 64
10 82
31 54
30 55
22 37
29 79
4 85
13 80
40 95
14 79
1 69
42 83
15 50
45 52
69 77
19 37
56 84
32 45
65 74
74 83
54 73
54 99
21 72
61 62
77 83
31 35
73 97
7 68
12 65
0 18
63 95
9 70
47 64
37 87
61 90
14 32
53 62
69 93
74 86
1 96
76 90
50 99
39 76
20 86
28 77
17 97
63 81
51 64
1 20
13 36
1 92
24 71
30 39
11 82
14 63
14 88
73 88
25 57
57 75
1 70
49 70
18 89
12 46
26 32
10 77
37 58
27 91
62 84
76 91
40 77
49 69
82 86
82 90
9 29
30 82
38 93
7 35
1 72
5 98
7 8
60 97
20 63
23 54
16 88
64 82
42 57
32 90
89 96
1 18
35 51
48 77
23 42
6 29
15 45
5 33
10 12
21 37
10 79
30 54
2 16
36 95
62 92
14 83
37 55
2 54
37 67
68 84
71 82
82 94
52 55
66 76
6 88
30 90
42 86
7 19
79 98
1 59
34 80
1 39
10 20
23 33
7 50
9 25
14 86
41 98
21 35
37 97
25 75
10 42
14 96
15 93
79 86
58 90
30 52
21 96
0 66
8 37
72 93
97 99
53 69
38 55
17 54
26 95
16 90
15 82
49 77
54 87
50 58
66 80
16 83
59 89
2 7
5 82
29 67
30 69
30 70
6 7
53 97
61 79
5 22
46 77
72 89
31 84
4 80
52 73
54 68
0 74
35 82
33 75
43 80
89 92
78 91
59 61
38 45
16 29
54 60
9 22
23 99
15 39
22 42
39 68
53 98
2 15
16 61
38 81
46 70
27 76
14 29
5 79
15 55
2 29
88 93
49 90
0 12
61 72
20 38
87 97
5 62
52 88
20 83
55 82
48 93
34 49
21 70
14 50
9 17
7 53
7 75
39 57
39 72
13 40
61 96
46 69
10 34
35 97
76 77
21 40
44 65
38 90
26 63
11 23
22 73
62 68
3 77
13 76
45 82
59 91
8 54
16 45
21 36
12 83
16 55
51 52
9 84
53 70
14 38
9 60
92 98
33 35
12 86
29 87
10 14
35 58
47 75
2 88
45 88
23 94
22 67
7 17
6 35
61 81
40 58
10 16
70 80
62 85
25 51
61 85
15 52
69 80
3 93
67 88
19 52
11 37
75 97
3 52
23 45
48 52
39 98
49 66
18 61
55 76
15 73
55 61
22 79
81 90
29 52
76 78
9 90
8 97
15 57
93 96
2 79
7 60
69 89
34 46
70 81
33 37
68 98
24 47
43 76
23 58
1 71
56 85
36 58
42 47
53 84
19 54
4 76
39 96
46 90
75 83
37 94
41 47
39 93
19 29
32 81
16 86
15 90
85 98
16 25
6 15
37 54
42 62
39 64
27 80
63 70
34 83
87 88
62 69
1 90
37 90
6 30
77 95
24 57
14 95
33 67
15 69
29 93
70 89
2 30
25 35
77 80
21 50
46 66
4 49
30 57
28 96
2 75
15 70
9 45
43 49
16 22
37 53
19 97
22 57
39 49
22 47
9 83
30 73
42 61
16 84
20 32
4 46
9 55
55 88
81 91
31 39
33 47
37 79
34 86
14 16
21 69
43 46
25 79
51 94
9 33
8 29
11 51
50 97
33 73
32 52
14 64
28 72
69 81
61 98
52 87
52 90
21 23
22 50
36 96
43 61
0 44
58 72
36 72
82 88
19 88
9 61
45 61
63 86
45 53
13 86
35 73
23 55
1 85
84 94
33 57
31 62
50 64
62 83
4 61
23 53
23 25
10 27
6 97
17 29
20 91
16 17
62 78
45 76
27 49
2 82
11 84
56 57
25 42
29 45
47 56
52 75
5 41
14 53
80 90
44 81
15 47
39 71
14 82
16 71
79 93
5 75
53 90
53 54
39 88
49 55
34 62
10 62
62 74
78 80
75 86
53 55
61 65
50 75
16 60
15 17
20 28
56 92
22 87
76 92
11 39
23 31
5 15
28 95
10 66
6 93
6 54
9 14
8 88
10 75
55 81
41 57
29 60
27 62
9 10
39 77
35 54
39 89
82 84
32 70
8 52
29 99
31 98
5 97
31 37
10 71
33 42
50 54
37 99
39 47
10 78
57 88
22 99
62 75
17 88
21 28
63 69
15 60
13 89
23 68
37 68
30 47
62 70
21 42
45 64
29 82
42 52
51 75
86 93
88 90
83 93
39 74
27 46
18 76
61 91
29 57
40 72
15 67
39 46
23 79
63 83
71 83
33 99
6 22
85 89
9 86
27 83
40 96
58 96
64 73
49 78
10 92
50 95
29 55
43 65
10 13
33 79
0 61
41 62
39 80
91 92
7 42
60 88
39 94
18 80
46 55
20 90
6 58
2 42
25 37
57 71
16 33
54 75
20 61
46 63
5 29
69 74
59 76
9 71
5 42
8 22
71 89
24 85
43 71
49 63
44 69
52 63
37 70
70 88
58 70
68 69
27 86
4 65
5 30
69 88
10 63
39 44
45 49
1 82
13 83
5 88
33 87
45 95
15 87
21 30
62 86
19 22
52 77
29 39
64 69
66 83
14 48
21 75
28 81
78 98
25 84
38 70
45 50
45 81
2 98
78 83
55 64
47 88
89 90
20 70
42 97
88 99
66 86
5 24
4 71
76 82
1 55
74 81
35 83
29 47
28 58
1 13
17 30
52 67
83 92
17 79
42 72
59 62
64 70
32 86
46 78
30 67
9 97
23 90
44 62
15 19
64 93
12 62
37 69
38 52
26 58
42 98
32 69
20 44
10 93
55 95
78 86
20 36
31 51
1 77
13 90
11 62
71 86
71 76
9 37
17 75
60 79
42 50
44 70
27 98
38 86
30 87
37 95
33 50
48 72
5 54
70 74
34 98
30 60
68 70
2 62
3 14
5 7
35 57
55 80
59 80
71 79
80 92
0 41
42 77
7 9
21 86
8 33
18 49
64 67
20 69
29 90
6 64
64 90
61 75
57 69
30 58
16 37
63 76
45 46
25 82
53 83
1 62
24 92
37 39
86 92
35 86
21 26
60 75
74 82
19 30
6 14
61 77
10 91
62 94
35 87
8 15
20 55
19 35
12 81
22 82
74 98
45 48
82 92
7 79
79 84
35 77
21 83
17 82
19 33
50 55
79 97
58 69
49 92
47 97
47 71
48 96
29 69
69 98
29 70
1 45
31 69
11 98
32 83
35 67
0 43
13 55
26 77
42 58
0 82
36 81
6 33
77 89
18 46
5 56
48 55
69 71
63 80
60 82
21 39
38 46
38 69
57 97
52 70
9 23
59 98
1 65
10 35
34 39
25 67
75 98
44 96
51 68
42 96
12 39
85 91
49 59
14 61
15 21
86 91
51 93
52 64
11 14
38 49
14 68
10 59
2 35
58 75
0 4
94 98
76 79
25 73
38 83
11 69
39 81
8 30
13 21
6 21
56 82
65 82
45 68
10 32
16 97
3 72
64 87
45 80
53 93
12 69
10 43
14 76
17 98
60 98
13 70
42 51
10 53
16 93
62 66
16 23
53 61
4 10
3 45
44 72
83 98
57 70
42 76
20 40
6 95
30 83
44 82
21 88
31 70
56 78
10 38
39 92
76 85
7 16
24 82
20 45
10 18
10 21
51 53
8 35
20 74
13 48
40 93
62 64
23 70
34 82
32 46
55 68
36 93
13 45
53 86
1 79
32 49
35 47
10 98
46 92
68 90
14 51
3 55
64 84
15 99
34 69
14 94
83 91
11 45
11 70
6 75
15 58
13 26
11 50
55 89
46 59
72 79
14 31
17 42
7 52
23 95
71 84
56 59
73 93
35 72
5 39
58 88
3 96
69 94
90 95
52 69
42 54
7 47
7 57
14 22
9 93
62 76
41 65
59 83
50 94
73 94
12 98
11 73
19 64
82 93
74 96
72 75
23 69
0 1
75 77
70 98
12 70
9 54
41 71
31 45
42 60
10 85
16 76
70 71
40 81
27 39
17 62
73 75
41 60
1 16
38 76
23 39
72 95
62 90
33 82
43 86
14 81
60 62
44 98
13 69
12 20
8 64
11 55
57 61
37 82
48 90
21 81
9 24
4 86
30 86
18 62
27 56
16 56
59 86
78 82
72 74
82 89
12 82
65 89
39 78
45 94
9 56
16 24
27 82
47 54
17 41
0 57
70 94
2 41
43 83
25 99
38 80
32 76
14 49
47 69
18 83
4 83
21 29
31 55
52 99
5 35
64 99
49 82
34 70
67 94
10 30
39 63
0 84
30 99
1 42
34 81
11 90
32 35
4 81
72 82
35 95
18 86
50 90
3 13
82 85
22 52
79 96
11 67
30 62
31 90
54 57
43 81
21 79
86 98
25 50
25 87
64 98
45 89
29 58
83 85
22 39
49 71
15 83
44 90
71 80
54 79
33 84
66 81
35 63
55 94
77 79
37 77
53 71
52 72
66 98
95 96
62 89
15 62
0 16
74 90
35 96
52 79
7 14
69 92
27 69
80 85
14 73
34 56
32 80
36 55
2 39
13 91
3 90
75 96
91 96
19 93
13 61
1 98
17 35
14 46
22 93
57 83
50 53
20 21
32 37
12 96
16 74
11 93
90 94
36 45
0 47
24 78
22 45
16 92
58 73
58 86
16 54
85 86
57 65
69 78
82 96
6 45
22 84
28 93
23 82
39 58
14 36
2 51
20 39
42 63
39 66
6 42
16 65
47 70
10 65
18 98
40 55
8 25
13 14
52 97
49 85
0 89
2 23
55 62
31 50
6 11
4 20
35 99
35 60
13 58
39 52
35 61
32 39
14 40
81 93
42 49
40 45
49 79
68 83
58 83
24 59
6 94
20 43
7 93
9 76
15 86
12 72
42 71
74 79
80 82
6 25
1 9
39 65
36 90
1 63
68 93
25 39
1 14
0 9
50 79
57 90
51 58
0 39
87 93
35 62
75 84
19 25
30 77
93 94
87 94
46 82
32 42
45 62
14 20
13 93
66 69
10 15
10 57
75 76
11 87
16 72
46 71
76 93
65 76
27 70
65 83
50 68
40 52
51 79
65 84
39 85
19 58
31 73
82 97
3 50
72 91
70 92
22 55
2 24
28 55
52 96
24 27
2 37
0 10
37 63
14 80
45 51
27 81
42 84
16 44
48 50
63 89
14 97
31 93
7 82
67 75
42 73
45 57
20 34
47 61
40 90
61 93
59 82
20 66
9 65
5 71
52 53
55 57
70 78
79 89
35 38
37 48
16 34
25 62
66 82
61 68
47 65
71 91
46 85
17 51
44 79
75 87
64 83
94 99
36 52
21 76
6 55
28 45
61 63
26 72
3 37
14 33
18 56
30 98
0 83
10 58
9 92
28 90
38 39
26 96
30 61
25 98
39 59
24 68
9 41
83 88
57 86
10 68
30 72
22 69
56 74
21 49
11 52
77 82
8 93
24 53
11 99
15 98
79 92
28 46
39 84
19 75
58 79
24 60
66 70
49 93
19 94
9 74
8 94
11 19
31 67
68 71
51 60
9 51
52 54
50 70
33 39
65 86
16 96
12 90
16 49
13 44
42 46
21 51
14 19
8 11
62 88
24 34
34 96
49 62
17 24
22 70
21 64
76 98
68 73
44 55
68 86
21 73
7 45
16 89
37 83
0 76
14 28
56 61
46 79
53 56
63 75
58 87
41 68
14 57
22 90
21 46
52 94
31 83
15 84
79 80
78 81
56 79
16 78
67 93
37 72
20 93
41 82
55 74
33 52
1 75
37 57
93 97
0 79
34 79
12 16
32 75
16 41
16 27
58 81
14 25
34 72
17 23
56 68
90 98
42 89
70 95
42 80
51 55
24 79
53 73
37 38
32 50
14 87
16 85
56 66
5 69
2 56
28 49
12 56
23 77
38 42
65 91
9 72
57 92
26 93
47 83
46 93
37 86
23 57
8 75
86 88
16 77
48 81
50 69
0 86
71 75
71 90
20 48
65 79
15 77
64 86
34 90
1 38
10 64
17 39
29 62
31 41
62 80
24 31
6 31
23 32
13 95
48 70
23 60
16 21
12 79
16 51
8 58
58 64
11 83
59 69
89 98
13 39
15 61
30 84
10 88
14 89
9 44
14 62
36 46
42 74
69 85
7 39
9 34
1 32
39 60
19 95
47 90
7 55
35 48
9 50
67 68
16 52
29 83
73 95
44 77
30 96
84 97
45 73
44 45
42 81
6 53
20 27
33 93
30 95
19 21
66 96
18 39
38 89
21 82
22 62
33 45
31 61
18 81
45 97
17 37
9 52
21 53
35 76
10 31
52 83
31 87
41 53
35 98
45 74
56 60
30 32
52 68
39 97
20 58
10 47
10 37
16 80
27 79
39 56
52 86
31 52
65 69
65 80
78 79
16 50
8 14
16 46
49 75
6 68
14 54
17 56
39 50
14 67
45 47
25 45
54 82
46 62
29 84
3 35
28 80
24 61
50 77
84 88
5 70
36 49
25 69
18 82
42 44
23 48
15 72
9 96
31 56
37 47
32 61
5 23
13 74
31 71
2 69
21 61
30 63
31 86
3 23
43 62
21 80
47 55
24 74
9 85
66 72
37 60
9 21
49 65
37 96
0 69
83 94
44 56
32 89
23 47
9 78
63 79
3 6
88 98
26 52
6 90
9 49
57 85
3 70
38 61
69 95
18 24
41 85
5 37
23 63
80 93
27 96
9 27
53 76
55 98
9 89
20 26
61 64
28 86
42 67
77 88
36 70
4 62
50 63
81 82
3 81
53 67
42 87
18 69
3 20
9 12
36 86
1 93
59 70
33 55
0 5
9 77
22 98
74 77
24 39
10 11
38 75
81 92
29 86
25 70
