100 948 272.12129648375554 medium
0 513 662
1 901 561
2 14 711
3 620 961
4 400 821
5 505 456
6 324 507
7 654 430
8 746 802
9 406 925
10 485 810
11 550 99
12 513 490
13 957 648
14 964 73
15 699 602
16 742 234
17 103 357
18 597 762
19 244 712
20 700 37
21 40 450
22 59 211
23 722 981
24 842 837
25 609 845
26 584 559
27 577 937
28 357 345
29 799 670
30 801 992
31 127 924
32 215 397
33 733 854
34 329 442
35 79 996
36 117 856
37 681 109
38 872 960
39 373 406
40 243 60
41 896 713
42 65 693
43 318 105
44 681 1
45 545 460
46 169 611
47 691 968
48 564 479
49 787 463
50 634 503
51 777 541
52 608 777
53 661 396
54 58 627
55 488 984
56 794 874
57 400 989
58 788 548
59 514 841
60 736 709
61 130 901
62 170 414
63 648 733
64 276 556
65 353 94
66 739 375
67 934 596
68 985 305
69 666 205
70 365 608
71 766 777
72 402 925
73 719 904
74 711 250
75 1 689
76 387 601
77 727 299
78 52 426
79 969 897
80 959 405
81 777 900
82 701 534
83 315 33
84 111 253
85 14 770
86 289 538
87 392 611
88 907 896
89 416 919
90 842 409
91 177 587
92 980 9
93 605 679
94 293 369
95 865 723
96 366 311
97 569 732
98 73 306
99 152 574
9 72
76 87
9 89
51 58
72 89
18 52
64 86
70 76
31 61
46 91
2 75
21 78
45 48
70 87
91 99
56 81
8 71
41 95
23 47
7 53
16 74
5 12
28 96
43 65
5 45
20 44
46 99
18 97
10 59
12 45
6 86
36 61
32 62
1 67
3 27
74 77
33 73
12 48
8 33
2 42
34 39
13 67
73 81
18 63
2 85
17 98
52 63
52 97
24 56
79 88
28 39
5 48
69 74
33 81
57 72
93 97
42 75
33 56
9 57
6 34
84 98
14 92
42 54
16 77
22 84
25 52
15 82
28 94
6 64
31 36
63 93
47 73
3 47
57 89
65 83
43 83
38 88
50 82
48 50
29 60
60 71
20 37
26 50
7 50
51 82
40 83
66 77
23 73
49 90
30 38
49 51
63 97
23 30
53 66
56 73
16 69
34 94
75 85
26 48
32 94
18 93
33 71
18 25
54 75
29 95
49 58
4 10
17 78
31 35
8 56
40 43
24 88
17 62
58 82
55 57
39 94
13 41
0 97
24 81
60 63
42 85
94 96
8 60
0 93
2 54
30 81
25 59
39 96
22 98
24 71
55 89
37 69
25 27
23 81
52 93
45 50
12 26
15 51
4 89
49 66
27 55
28 34
56 71
9 55
7 66
8 24
7 48
8 81
64 70
68 80
70 86
1 13
64 91
3 23
34 86
4 72
15 58
4 9
55 72
17 84
8 73
29 41
26 45
35 61
54 99
37 44
66 90
6 70
47 81
24 33
50 53
49 82
29 71
69 77
46 54
6 39
17 21
38 81
30 47
71 95
7 45
6 76
15 60
52 59
1 58
7 82
3 73
18 59
10 97
27 59
56 88
40 65
38 79
4 59
38 56
24 95
76 86
3 25
80 90
53 77
27 47
30 56
15 50
25 63
62 78
13 95
17 32
26 82
64 76
8 63
25 97
30 73
46 64
15 29
33 47
15 93
12 50
26 93
78 98
10 18
59 97
86 91
29 58
32 34
15 26
41 67
71 81
6 87
25 33
25 73
0 26
59 89
64 99
54 91
1 51
34 64
19 46
63 71
86 87
24 38
10 52
23 33
48 53
66 74
64 87
10 25
23 56
10 89
60 95
5 26
81 88
0 18
29 51
62 94
0 87
11 37
42 46
45 53
3 55
36 85
60 93
21 62
24 41
71 73
34 96
9 59
7 49
5 50
16 37
47 56
9 10
0 76
59 72
24 73
8 52
24 79
46 86
15 63
16 66
5 39
6 94
86 99
10 72
19 91
8 29
49 53
8 95
30 88
8 25
53 82
37 74
67 95
41 71
52 60
33 60
35 36
62 98
55 59
27 73
7 26
33 52
51 90
42 99
48 82
21 98
25 47
33 63
50 51
18 60
58 90
0 52
1 29
54 85
7 77
1 49
0 10
28 32
5 7
23 38
23 27
1 41
17 22
0 63
7 12
58 67
30 33
29 67
42 91
8 18
53 74
6 32
3 33
39 86
10 27
11 69
0 70
52 71
49 50
32 39
77 90
32 86
19 64
13 29
19 70
41 60
3 59
24 30
50 58
62 99
34 62
27 89
11 20
38 73
27 52
1 90
12 39
66 82
11 44
29 63
18 33
15 49
6 28
50 66
32 78
7 51
19 99
1 95
25 93
24 60
51 67
1 80
56 95
21 99
5 53
6 91
29 82
12 76
4 57
3 81
60 97
32 98
52 73
86 94
58 60
34 76
18 71
34 70
51 66
32 64
36 42
25 71
12 87
20 69
9 27
62 84
62 86
0 12
59 63
24 29
45 82
51 60
62 91
26 97
32 96
82 93
10 55
8 41
49 77
33 38
8 47
56 60
61 85
12 53
27 72
18 27
56 79
5 34
27 33
25 81
23 25
68 90
62 64
32 84
10 93
7 15
2 36
21 54
88 95
50 93
60 82
7 58
78 99
39 64
33 88
0 59
19 87
19 86
58 66
6 62
19 42
26 53
10 63
39 45
34 87
8 23
19 76
16 53
38 47
53 90
49 80
15 48
78 84
21 32
41 88
3 30
15 97
25 55
3 52
2 46
27 57
71 88
6 99
5 28
66 69
63 73
46 75
4 55
26 63
51 53
59 93
33 95
25 60
8 88
6 46
57 59
5 76
8 93
18 73
25 56
15 71
23 24
64 94
32 99
5 6
73 88
82 90
71 93
7 74
7 90
70 91
12 70
15 18
6 12
75 99
0 48
12 34
4 19
8 97
17 94
41 56
4 97
31 85
53 69
58 95
5 87
19 36
79 81
67 80
30 79
12 82
21 91
32 91
26 51
29 93
2 99
3 56
0 4
60 81
0 15
29 33
37 77
39 76
60 73
46 70
13 58
46 62
11 65
41 58
15 52
81 95
8 30
41 79
53 58
10 57
49 67
26 87
28 62
0 50
24 47
3 18
6 96
5 96
54 78
16 20
26 76
16 90
1 82
71 97
8 38
39 70
51 95
3 10
79 95
3 8
56 63
39 62
36 75
27 81
18 26
75 91
48 66
23 88
47 55
78 91
29 56
48 93
26 58
33 97
39 48
19 54
0 45
44 69
28 86
2 91
27 97
47 71
15 95
8 15
4 18
39 87
63 82
74 90
1 15
0 5
21 46
5 70
0 25
25 89
29 49
47 52
3 89
67 90
23 71
52 81
41 51
13 51
21 84
15 45
15 53
52 56
34 91
4 87
12 93
4 25
76 91
5 82
63 81
38 71
43 96
4 27
45 76
45 66
4 52
12 28
20 74
26 60
87 97
59 73
7 16
45 87
48 76
22 78
33 41
70 99
84 94
4 70
27 63
8 27
87 91
34 45
48 87
33 93
3 9
12 15
63 95
65 96
30 71
47 59
42 61
9 25
46 76
32 46
46 78
29 52
26 52
33 59
10 87
6 19
24 63
28 45
4 76
51 93
19 61
11 74
34 99
3 72
13 24
62 96
1 60
41 81
3 57
48 51
25 72
18 29
66 80
46 85
17 99
2 61
58 80
46 87
48 49
87 93
50 77
76 97
26 70
26 49
58 93
7 69
6 45
27 56
28 64
15 41
49 74
18 47
18 56
18 81
45 93
51 80
0 82
47 88
0 60
60 67
73 97
50 90
94 98
12 86
5 94
13 60
54 64
3 63
50 60
2 19
58 71
50 63
13 71
15 66
27 30
10 76
5 86
29 81
51 63
22 62
76 93
12 96
58 63
11 43
73 95
34 46
45 96
14 68
45 70
24 25
16 49
23 52
40 84
23 55
48 58
3 97
11 16
29 50
3 71
10 70
15 67
35 85
8 59
71 79
51 71
77 82
36 54
76 99
38 95
48 70
19 85
34 48
82 97
22 40
50 97
29 97
70 97
52 89
47 63
31 42
52 55
18 89
86 96
85 99
21 22
33 79
15 90
26 66
54 62
16 44
67 82
2 31
17 34
24 52
17 91
89 97
6 48
25 30
26 29
45 49
19 31
21 75
8 79
22 32
5 15
48 77
87 99
45 77
13 80
28 43
19 75
11 83
21 42
5 93
0 6
55 73
85 91
45 51
12 64
28 48
1 66
91 94
67 71
51 77
29 73
18 55
54 86
5 66
27 71
78 94
38 41
61 75
12 97
41 63
94 99
13 79
4 93
70 94
5 64
73 79
82 95
70 93
76 94
9 52
36 46
29 88
18 82
23 59
44 74
28 65
12 94
9 18
49 60
13 49
71 82
42 64
10 33
3 38
18 23
10 73
73 93
9 97
13 88
48 97
16 68
49 68
60 88
12 66
52 72
7 93
25 57
18 72
3 24
17 28
15 33
43 84
18 87
1 71
77 80
72 97
66 68
0 86
18 24
58 77
8 58
28 76
24 67
68 77
59 60
25 29
45 58
21 64
23 63
32 70
64 78
15 25
27 93
17 86
10 47
0 64
48 96
59 71
10 19
52 82
59 87
41 73
26 39
3 4
23 79
64 96
8 10
8 13
87 94
84 96
18 50
13 15
78 86
2 21
17 46
52 95
28 84
8 51
47 60
28 70
4 63
20 77
17 64
93 95
21 86
50 74
29 90
18 76
55 97
41 82
50 87
6 26
43 94
19 72
13 90
21 94
47 97
50 76
56 97
14 20
31 75
39 91
32 76
17 96
11 77
6 17
42 78
81 97
48 63
9 19
45 86
45 74
75 78
45 94
28 87
12 51
19 89
1 68
69 90
59 81
10 26
10 60
18 95
49 95
0 7
59 76
56 93
8 82
0 8
5 77
46 94
48 74
