100 455 188.8200201249857 medium
0 3 378
1 402 560
2 564 463
3 748 740
4 634 521
5 191 607
6 685 995
7 862 831
8 707 351
9 860 98
10 687 293
11 400 623
12 610 635
13 916 841
14 231 361
15 934 244
16 359 649
17 124 249
18 477 825
19 6 401
20 674 457
21 227 77
22 122 337
23 449 179
24 717 195
25 935 278
26 848 462
27 989 29
28 81 364
29 270 794
30 931 645
31 671 9
32 86 73
33 924 921
34 156 525
35 948 14
36 95 343
37 85 863
38 950 101
39 781 303
40 414 419
41 297 43
42 78 906
43 740 325
44 25 880
45 283 327
46 212 76
47 689 382
48 335 851
49 336 343
50 472 215
51 519 596
52 237 46
53 394 592
54 744 983
55 321 787
56 525 96
57 507 679
58 477 358
59 871 733
60 76 336
61 266 338
62 511 489
63 109 779
64 280 385
65 119 782
66 331 154
67 229 168
68 299 25
69 265 874
70 233 815
71 428 588
72 888 344
73 996 454
74 548 526
75 404 856
76 757 214
77 786 360
78 637 962
79 633 923
80 645 114
81 645 993
82 361 308
83 116 25
84 348 668
85 202 29
86 152 486
87 997 79
88 938 205
89 318 475
90 26 785
91 724 590
92 187 678
93 854 772
94 619 631
95 177 487
96 829 416
97 206 512
98 815 536
99 608 395
12 94
63 65
21 46
41 68
36 60
45 61
16 84
0 19
86 95
28 36
22 36
28 60
11 53
78 81
21 52
1 53
15 25
53 71
8 47
1 71
95 97
52 85
46 52
78 79
34 86
15 88
6 81
14 61
8 43
29 70
59 93
23 50
49 82
34 95
37 42
27 35
24 76
11 71
22 60
39 43
46 85
11 16
61 64
22 28
26 96
27 87
29 55
34 97
38 87
62 74
21 85
14 64
7 13
45 49
32 83
39 77
43 77
45 64
6 78
42 44
2 62
7 93
86 97
41 52
6 54
8 10
10 43
14 45
37 44
1 11
2 74
52 68
48 55
16 53
69 70
11 84
48 75
49 64
49 61
77 96
79 81
5 92
25 88
48 69
4 20
51 74
20 47
43 47
21 41
0 28
18 75
8 77
29 69
45 82
13 33
2 99
25 72
26 98
35 87
27 38
47 99
63 90
19 28
51 57
0 60
83 85
4 74
29 48
35 38
37 63
40 58
37 65
17 22
8 39
21 68
6 79
53 84
10 47
5 34
9 38
20 99
2 4
21 67
41 46
51 71
16 71
39 76
55 70
13 93
65 90
72 96
46 67
10 39
44 90
19 60
41 85
5 97
68 85
64 89
37 90
17 36
7 59
0 36
1 16
12 51
17 60
47 77
54 81
61 82
46 68
10 24
66 67
72 77
55 69
38 88
10 76
91 98
51 94
19 36
30 59
14 49
51 62
55 75
48 70
31 80
8 99
24 80
46 83
40 49
54 78
7 33
15 72
2 20
3 93
8 20
4 94
40 89
14 22
64 82
12 57
43 76
23 56
91 94
71 84
4 91
39 72
41 66
4 12
13 59
89 97
65 70
26 77
1 89
10 77
40 62
57 71
23 66
1 84
11 57
5 95
96 98
39 47
56 80
9 35
57 94
11 51
55 84
52 67
1 51
12 91
21 83
39 96
17 28
52 83
40 82
3 59
32 85
65 92
26 72
51 53
12 74
24 39
0 22
32 46
54 79
58 82
74 94
4 62
5 86
43 96
63 92
4 99
10 99
63 70
62 71
21 66
1 62
50 56
42 65
42 63
44 63
42 90
24 43
9 88
19 22
17 67
66 68
49 89
71 74
62 99
58 62
44 65
58 99
2 58
14 95
14 36
4 51
8 96
40 64
9 87
87 88
53 89
69 75
14 82
2 51
21 32
28 86
1 40
89 95
67 85
49 58
20 91
46 66
41 67
53 57
29 92
50 58
16 55
52 66
14 89
20 74
15 38
22 61
47 96
74 99
18 48
70 92
50 82
64 95
8 76
3 7
9 27
61 89
64 97
20 43
29 75
72 88
14 86
20 77
29 84
26 73
30 93
76 77
2 47
18 57
43 72
43 99
4 47
1 74
14 28
76 80
16 57
29 65
3 91
22 86
45 89
14 97
32 52
50 66
36 86
72 73
14 17
9 76
37 70
53 62
25 39
28 95
34 92
23 82
8 24
2 40
66 82
14 60
71 89
57 74
1 57
30 98
67 68
57 84
22 95
40 45
20 96
18 55
22 45
84 92
20 98
29 63
64 86
9 15
15 39
10 20
33 93
22 64
36 95
20 62
86 89
92 97
53 74
17 61
45 67
60 86
5 84
16 51
40 61
3 94
19 86
11 89
34 89
40 71
31 56
25 77
16 29
36 61
73 96
40 74
32 67
82 89
26 39
65 69
55 92
9 24
5 16
3 12
61 95
61 67
11 62
25 96
20 26
40 53
16 92
26 43
70 75
12 62
15 87
2 94
0 17
11 74
17 45
28 34
25 38
26 47
2 12
26 91
77 98
62 94
16 89
24 77
8 26
15 76
45 66
66 85
42 70
17 32
14 34
37 69
8 72
23 58
76 88
47 76
77 99
4 98
2 8
60 95
41 83
11 55
67 83
58 74
20 94
63 69
68 83
5 89
27 88
48 84
10 80
0 86
61 97
18 79
72 76
2 71
4 8
39 88
51 84
25 73
70 84
49 50
61 86
28 61
34 64
74 91
20 39
10 96
12 71
15 77
36 45
1 2
