100 1968 412.84379612633154 medium
0 557 145
1 717 288
2 341 943
3 755 424
4 280 680
5 637 574
6 378 188
7 651 784
8 72 423
9 910 49
10 656 367
11 859 289
12 813 751
13 17 217
14 596 908
15 905 504
16 831 725
17 228 866
18 713 44
19 145 577
20 685 576
21 336 134
22 579 495
23 416 240
24 786 859
25 769 235
26 567 547
27 273 618
28 248 736
29 246 456
30 297 255
31 501 246
32 48 466
33 355 145
34 1 758
35 51 378
36 36 601
37 563 127
38 532 211
39 318 685
40 318 491
41 445 418
42 398 320
43 888 841
44 447 420
45 486 984
46 857 948
47 62 38
48 762 635
49 432 30
50 298 409
51 690 422
52 753 174
53 919 269
54 421 369
55 526 1
56 844 968
57 408 760
58 881 399
59 746 927
60 580 471
61 124 563
62 880 441
63 352 876
64 331 788
65 9 293
66 182 685
67 358 555
68 867 130
69 540 978
70 599 585
71 463 167
72 955 352
73 321 801
74 812 2
75 269 895
76 734 490
77 99 883
78 656 93
79 837 143
80 678 358
81 912 359
82 690 298
83 716 318
84 555 427
85 823 338
86 891 479
87 889 714
88 703 72
89 562 473
90 808 668
91 785 982
92 446 983
93 117 914
94 801 494
95 592 570
96 955 571
97 471 791
98 507 666
99 159 654
41 44
64 73
70 95
60 89
0 37
21 33
10 80
46 56
22 60
19 61
22 89
15 86
1 82
18 88
1 83
12 16
68 79
82 83
26 95
77 93
4 39
66 99
5 70
62 86
45 92
58 62
72 81
5 95
84 89
31 38
5 20
6 33
8 32
8 35
26 70
17 75
58 81
60 84
78 88
22 26
42 54
45 69
41 54
80 83
48 90
44 54
16 87
56 91
11 85
80 82
16 90
4 27
25 52
11 53
6 23
4 28
10 51
3 51
51 80
76 94
59 91
15 62
2 63
6 21
3 76
29 50
57 97
0 38
22 84
26 89
1 25
5 26
18 78
40 67
22 95
13 65
10 82
26 60
10 83
19 99
24 59
46 91
29 40
1 80
58 86
27 39
51 76
63 73
38 71
57 64
23 42
12 90
28 66
15 96
3 94
58 85
40 50
12 87
63 75
23 31
20 70
2 75
28 39
23 71
6 71
31 71
58 72
11 81
62 81
32 35
37 38
52 79
14 69
53 81
63 64
53 72
86 94
81 85
9 68
22 70
87 90
20 95
69 92
35 65
62 94
36 61
57 73
0 71
20 48
61 99
28 73
28 64
5 22
4 66
49 55
25 83
20 76
37 78
60 95
1 10
25 82
3 80
89 95
24 43
39 64
15 94
11 25
6 30
27 67
56 59
51 83
73 75
18 74
37 71
15 58
44 84
41 42
9 74
83 85
3 85
33 71
41 84
12 24
42 44
43 46
19 36
0 78
86 96
11 58
2 92
23 33
3 83
46 59
27 66
16 48
17 73
52 88
24 46
19 66
3 10
25 79
11 72
0 31
60 70
39 73
25 85
62 72
12 43
39 57
1 85
10 84
5 60
62 85
70 89
53 85
9 79
4 64
1 52
27 99
23 38
23 30
30 42
51 60
26 84
27 28
17 93
28 99
20 26
81 86
52 68
70 98
24 91
32 61
24 56
64 75
4 99
51 82
58 94
30 33
17 63
5 89
3 62
52 78
44 89
12 48
31 42
43 87
21 30
4 73
95 98
5 76
3 58
10 60
57 63
23 54
17 64
16 43
41 89
50 54
74 88
97 98
17 77
21 71
37 55
17 28
51 94
72 85
21 23
22 51
26 98
20 22
6 42
14 45
42 50
36 99
31 37
19 27
43 56
27 40
61 66
51 84
53 58
32 36
7 14
6 31
39 66
18 52
39 67
57 98
1 51
2 17
51 89
33 49
82 85
52 82
5 48
68 74
64 97
49 71
80 84
1 3
16 24
21 49
10 89
3 82
1 11
20 94
72 86
63 92
44 60
74 79
76 80
2 73
25 68
8 65
41 60
15 81
10 76
11 83
54 84
63 97
48 94
80 85
40 41
3 86
31 54
40 44
41 50
0 55
4 67
19 32
11 79
48 76
84 95
53 68
20 60
52 83
8 61
10 22
44 50
29 67
48 87
60 80
62 96
53 79
73 97
37 88
2 45
4 57
14 59
79 88
22 44
25 80
75 93
11 62
20 90
25 53
30 50
62 76
20 51
7 24
22 41
22 76
60 76
2 64
6 38
11 52
85 86
51 85
76 86
87 96
85 94
19 29
50 67
18 79
27 61
34 77
11 68
55 78
5 98
40 54
15 72
28 75
20 89
34 36
5 51
44 67
28 57
39 99
29 61
41 67
76 95
37 49
0 88
80 89
70 84
27 29
13 35
70 76
7 12
43 59
42 71
6 49
3 20
14 92
5 84
30 54
36 66
22 80
11 82
10 85
4 19
0 49
3 81
3 15
0 23
3 11
75 77
8 19
48 70
38 78
14 97
18 37
15 76
7 59
45 63
94 96
38 42
76 89
58 76
76 83
10 25
68 88
90 94
28 63
43 91
26 44
81 94
54 89
26 51
25 88
90 96
76 85
53 62
18 68
26 76
8 29
32 65
51 95
31 33
26 41
55 71
24 87
52 85
27 64
7 97
33 42
23 41
38 82
74 78
31 41
66 73
64 66
3 60
25 78
8 36
52 74
48 95
31 44
5 94
23 44
80 94
58 83
0 6
13 47
15 85
23 37
22 98
7 48
67 98
0 18
6 54
39 97
7 98
51 70
82 84
17 66
58 96
78 79
30 71
1 79
12 59
40 42
31 84
33 38
54 60
34 99
27 73
25 81
7 16
19 28
3 25
76 84
3 22
39 98
42 84
15 90
43 90
55 88
3 5
51 62
52 53
18 55
24 90
51 58
11 86
10 94
76 90
4 40
38 54
4 17
19 40
45 97
92 97
11 80
57 75
15 48
39 40
39 63
34 93
83 84
6 37
2 57
4 61
5 90
34 66
7 90
29 54
83 94
79 85
37 52
27 57
31 82
21 42
14 24
54 67
10 31
76 82
9 18
75 92
16 96
20 84
1 58
0 52
29 32
25 58
52 80
35 61
18 25
3 89
10 38
69 97
21 31
20 98
2 97
3 84
81 83
1 38
9 52
89 98
10 26
12 46
0 33
2 69
22 54
17 39
48 86
29 41
1 76
0 82
1 53
14 91
25 51
48 96
19 39
29 42
30 31
29 44
1 78
60 83
62 83
60 82
7 70
23 50
54 71
86 90
71 78
38 49
40 61
58 80
38 80
29 30
1 81
78 82
5 10
60 98
9 88
16 20
44 95
33 37
4 63
53 83
17 57
51 86
26 67
28 77
31 80
72 94
29 35
38 55
5 7
27 50
21 38
23 49
15 87
7 20
10 20
57 67
3 48
41 95
28 67
53 86
59 69
3 72
68 85
79 83
28 61
38 83
10 95
37 82
11 94
8 13
1 84
79 82
63 69
26 48
19 67
64 98
68 78
0 1
66 77
11 51
4 75
10 44
39 75
10 52
58 82
29 99
81 96
1 88
12 20
82 89
10 41
38 84
10 11
31 78
1 68
64 99
20 80
32 99
62 80
83 89
73 99
66 67
3 95
72 96
16 59
26 80
12 56
25 72
5 80
67 89
11 15
1 31
19 35
30 41
9 53
38 88
73 92
4 97
76 81
28 93
0 21
70 94
7 95
22 94
60 94
67 99
94 95
1 94
1 37
17 99
30 44
35 36
7 69
33 55
1 62
22 83
38 52
3 70
42 89
44 70
16 46
38 41
3 26
48 51
70 90
82 94
24 48
10 70
38 44
3 53
2 93
22 82
57 92
82 88
64 92
8 50
4 29
31 83
31 49
2 28
48 62
21 37
41 70
75 97
19 50
10 58
66 75
4 98
20 86
40 99
1 60
79 81
80 95
22 67
39 61
12 96
28 97
73 98
15 51
26 54
81 82
0 25
22 48
34 61
51 81
53 82
19 34
15 20
21 55
50 61
25 37
49 78
12 91
78 83
16 94
23 84
15 16
73 93
68 81
9 25
33 54
25 62
80 81
61 67
67 95
45 75
64 67
67 84
0 83
10 54
86 87
6 50
31 89
76 96
15 53
10 62
46 87
0 42
42 60
73 77
11 76
77 99
40 66
30 40
25 74
87 94
20 62
45 57
90 95
60 67
27 36
29 66
83 86
62 82
66 93
63 93
57 66
62 90
25 38
42 67
31 60
6 55
68 72
27 98
7 91
30 38
44 80
14 57
6 41
89 94
26 94
72 79
29 39
70 80
41 80
68 83
1 89
72 83
43 48
6 44
70 97
67 70
44 51
0 10
16 56
7 43
84 98
52 81
1 18
68 82
7 57
5 44
40 89
37 83
0 80
80 86
48 60
41 51
69 91
9 11
40 84
5 16
14 63
18 38
31 55
20 87
83 88
45 73
1 72
8 99
5 41
17 92
28 34
7 87
3 96
64 93
67 73
1 22
35 50
2 77
5 12
3 90
45 64
21 54
3 52
64 77
13 32
28 36
17 34
7 26
41 71
22 42
95 97
17 27
63 77
16 86
44 98
44 71
37 42
53 94
16 76
17 97
28 40
57 69
84 94
18 82
14 56
29 36
26 40
8 40
41 98
63 66
51 52
10 81
32 50
4 36
59 87
32 66
48 98
53 80
54 80
12 94
48 89
10 37
2 14
25 76
40 98
50 84
9 78
14 98
56 87
37 80
71 88
31 51
1 86
52 58
2 39
57 70
7 45
58 79
20 83
10 86
31 50
47 65
72 76
22 31
25 94
63 98
22 40
16 91
67 97
0 54
31 52
71 82
26 97
10 42
30 49
40 60
27 97
23 55
7 46
93 99
12 15
27 44
38 51
38 89
27 41
54 95
14 46
20 58
48 58
38 60
57 95
75 99
15 83
26 57
78 80
45 59
59 90
31 88
7 56
11 88
79 80
85 96
12 14
5 83
25 31
28 98
52 72
58 68
23 40
26 90
27 63
15 80
2 4
20 96
33 50
72 82
82 86
57 99
12 70
16 70
32 40
5 86
10 23
27 32
4 50
50 89
44 82
4 77
76 87
12 76
25 86
41 82
51 90
62 87
26 83
5 97
24 69
10 78
18 83
51 72
51 54
49 88
37 79
23 29
23 89
30 35
20 85
51 53
71 84
39 50
5 15
5 62
60 85
27 75
72 80
21 50
26 82
10 71
20 82
43 96
54 82
37 74
18 71
58 90
5 67
54 70
28 29
0 79
8 27
23 82
37 54
10 53
8 30
83 95
5 82
19 64
18 49
1 71
23 78
69 73
50 99
0 84
11 78
0 30
84 85
64 69
13 30
42 80
12 86
26 42
23 60
69 75
40 57
17 45
8 66
10 15
46 90
20 44
26 39
16 95
19 73
40 95
4 93
11 18
52 55
12 95
7 92
55 74
1 15
22 90
80 88
76 98
20 41
23 80
33 41
87 91
25 84
71 80
29 65
53 74
44 83
22 38
10 79
16 62
10 48
53 76
5 87
50 60
41 83
36 77
82 95
48 80
27 54
4 34
1 20
35 40
33 44
52 71
22 85
21 47
30 65
11 74
14 64
70 83
85 88
42 49
53 88
0 74
48 59
3 79
18 31
42 82
50 71
48 84
61 65
6 78
85 89
22 50
63 99
36 39
71 83
39 44
5 57
0 41
14 73
30 37
39 77
44 76
39 41
52 62
32 34
68 80
0 44
40 70
35 99
78 85
1 5
39 95
40 64
6 84
15 82
5 54
7 22
41 76
14 16
11 96
39 70
10 88
6 29
45 91
1 26
10 72
54 83
50 66
14 43
37 84
5 58
20 24
5 85
1 44
17 19
34 75
90 98
70 82
62 79
60 90
1 74
15 25
1 41
60 62
9 85
56 90
26 50
25 60
26 27
22 23
36 40
2 66
48 85
20 97
37 68
51 96
53 96
56 69
21 41
39 93
1 23
51 98
18 53
59 92
33 78
7 76
61 64
31 40
22 62
27 34
30 67
9 72
38 50
21 44
59 97
1 54
1 9
0 51
66 97
3 44
26 31
3 38
1 95
6 40
61 73
4 44
36 65
54 98
42 51
19 77
58 60
4 41
23 83
9 81
40 73
3 41
30 84
3 31
29 84
0 68
3 16
70 86
60 86
62 68
50 65
33 47
22 86
38 79
86 95
7 63
25 71
69 98
18 85
89 90
37 41
20 81
48 81
3 68
90 91
19 65
8 67
22 97
58 87
37 44
51 79
22 57
25 89
62 95
4 32
62 70
18 80
4 26
42 95
53 78
29 89
15 70
28 92
52 76
22 58
27 77
12 62
10 68
70 87
38 85
12 98
42 83
5 96
16 26
46 69
45 98
3 87
14 48
12 26
1 70
62 89
30 47
15 95
7 64
74 82
14 90
23 67
48 83
17 61
19 57
1 42
7 60
61 77
63 67
37 51
52 84
5 24
71 89
22 25
24 97
32 67
27 95
21 78
92 98
22 39
34 73
2 98
14 70
27 42
39 89
36 93
27 89
7 89
52 94
39 92
36 50
24 45
36 67
34 39
62 84
66 98
57 89
60 71
81 90
15 22
30 32
7 94
15 60
0 60
27 35
46 48
58 84
17 36
14 75
85 95
58 89
27 70
20 67
10 18
0 89
0 85
23 51
86 89
57 93
16 98
29 33
13 21
5 40
22 27
16 58
87 95
48 97
74 83
75 98
29 31
85 90
7 73
26 62
26 85
4 8
6 10
51 78
89 97
28 50
6 82
4 95
13 29
26 86
50 98
34 64
17 69
9 83
24 70
2 27
3 12
9 82
39 54
20 57
23 88
57 77
42 70
4 70
11 60
70 85
26 29
35 66
20 43
11 84
24 96
10 98
16 51
29 60
21 29
0 11
27 93
52 86
37 85
31 85
29 98
50 95
22 29
20 54
54 76
11 20
58 95
28 32
80 90
92 93
11 38
74 85
64 70
57 60
5 14
31 95
40 97
17 67
10 90
26 64
25 55
31 76
15 43
11 37
5 39
58 70
26 38
14 95
60 97
19 93
39 60
3 54
91 92
49 54
6 89
24 98
55 82
19 41
84 86
64 95
35 47
79 86
13 50
19 44
27 60
31 67
27 84
94 98
15 26
97 99
16 22
19 75
51 71
51 68
4 54
2 99
8 42
55 79
30 55
0 3
23 26
44 57
8 34
48 72
29 64
48 56
39 45
30 89
17 98
23 52
42 78
52 60
14 20
42 55
28 45
41 57
12 97
15 89
37 60
38 76
29 57
48 82
38 68
1 55
6 80
6 88
3 78
4 92
13 33
19 54
57 61
33 84
37 89
3 98
12 22
26 58
7 39
11 22
32 39
6 60
48 91
22 71
33 40
83 96
24 95
36 73
98 99
2 7
72 90
50 70
5 42
78 84
5 81
36 64
11 89
38 74
84 90
80 96
6 47
4 89
68 86
1 48
51 88
39 84
60 81
0 22
20 72
61 93
20 25
9 58
12 51
14 87
31 79
67 75
4 22
35 42
49 52
70 73
41 61
80 98
10 67
38 40
79 94
31 70
23 25
29 73
8 54
44 61
30 61
51 87
1 6
26 73
3 37
59 98
35 67
54 61
52 89
40 71
81 88
12 69
5 31
33 88
9 37
81 87
3 88
18 23
30 60
19 30
73 95
20 59
70 96
14 39
16 60
21 40
51 67
43 94
45 56
15 84
12 58
90 97
8 28
11 48
8 39
22 81
10 40
10 50
11 31
19 42
77 92
5 11
29 71
44 94
83 90
24 92
10 96
76 79
43 86
6 83
6 13
14 26
13 61
61 75
54 78
26 87
42 98
95 96
15 52
81 84
21 65
19 63
5 25
27 30
38 95
57 84
41 94
7 51
12 60
29 95
55 68
6 18
22 52
24 94
4 60
21 84
0 9
16 97
42 61
5 43
5 27
6 22
40 65
4 45
15 79
91 97
6 67
39 69
50 57
72 87
81 89
33 82
22 37
16 89
78 81
5 59
55 83
7 84
1 96
0 50
68 94
47 49
35 54
22 30
34 63
14 17
74 81
26 28
41 99
44 99
7 96
25 44
25 26
44 97
3 42
7 67
18 33
49 82
25 41
21 88
59 70
58 88
4 5
18 81
24 76
45 46
19 98
25 54
8 41
5 64
28 44
84 97
39 42
4 84
41 97
43 69
23 95
10 33
28 41
15 24
12 89
3 7
93 97
44 66
71 79
41 66
16 81
8 44
36 75
21 35
6 52
48 57
45 93
67 80
29 70
15 68
10 30
33 65
42 76
29 38
72 88
20 40
57 59
5 50
20 31
5 38
7 15
72 74
6 35
40 51
18 51
4 42
25 95
4 35
32 42
28 69
22 87
58 78
38 70
74 80
50 64
82 96
25 42
49 74
24 26
44 48
67 76
63 70
85 87
28 95
13 19
28 70
3 18
11 90
0 53
54 55
20 39
33 35
77 97
34 35
37 53
43 76
81 95
50 80
22 96
6 65
68 76
40 80
42 52
22 64
31 68
25 96
41 48
1 49
13 36
20 42
84 88
44 85
87 98
52 54
8 47
4 7
32 54
38 67
60 78
16 69
17 40
3 23
6 8
44 64
20 53
71 74
70 81
43 70
41 85
9 80
40 63
33 80
37 50
9 55
2 34
16 85
54 99
41 64
61 63
41 78
18 21
11 95
0 76
5 72
33 89
55 80
44 78
7 86
60 96
14 28
41 49
82 90
2 67
10 55
26 96
59 95
29 34
63 95
3 71
5 73
25 70
1 33
31 94
46 96
8 23
11 26
4 14
42 65
19 97
6 51
21 82
23 35
44 49
38 94
23 70
64 89
1 90
24 57
65 99
54 57
38 53
8 21
78 89
18 72
50 51
44 52
50 73
18 58
26 81
41 52
26 63
16 72
42 88
60 87
9 62
60 72
6 25
30 78
11 70
26 71
24 86
25 49
53 60
13 42
30 80
31 74
30 82
4 69
72 78
20 38
10 21
35 41
33 60
54 66
38 58
61 98
8 33
53 84
10 74
59 63
69 70
16 80
26 30
7 75
66 92
35 44
48 53
56 92
10 16
71 85
33 52
13 23
76 97
32 41
45 77
54 94
25 48
43 62
79 84
22 73
33 83
5 23
37 76
44 73
43 95
12 45
32 44
67 71
49 50
0 26
22 72
41 73
58 74
60 64
54 85
29 97
27 92
23 27
12 81
49 83
23 76
36 57
76 78
10 49
89 96
12 57
2 59
68 71
6 26
28 54
3 9
7 28
83 98
16 84
87 89
35 39
40 75
72 84
9 10
34 57
73 89
13 40
50 82
21 89
23 47
20 52
38 81
22 53
5 29
48 69
28 35
21 80
26 66
62 88
22 78
22 28
54 88
28 89
31 58
69 90
20 46
49 80
33 67
17 29
23 65
57 90
34 67
42 99
1 21
82 98
53 89
72 89
9 38
69 95
0 58
48 67
56 96
7 62
46 92
20 64
59 96
7 27
