100 634 235.76683396949622 medium
0 276 352
1 362 369
2 689 614
3 825 628
4 420 930
5 923 181
6 322 708
7 531 354
8 976 251
9 286 267
10 292 104
11 885 483
12 366 404
13 836 292
14 693 330
15 462 141
16 861 971
17 547 675
18 883 566
19 609 490
20 992 406
21 62 515
22 745 953
23 226 392
24 546 466
25 35 65
26 149 230
27 527 85
28 732 693
29 477 433
30 5 334
31 293 575
32 319 861
33 540 170
34 989 144
35 411 284
36 579 984
37 254 966
38 477 731
39 149 453
40 419 325
41 445 694
42 119 105
43 684 356
44 510 123
45 805 117
46 529 161
47 80 445
48 265 315
49 260 702
50 633 439
51 794 725
52 673 162
53 924 85
54 658 418
55 745 763
56 123 936
57 410 408
58 863 546
59 714 425
60 758 41
61 609 761
62 284 393
63 609 138
64 15 179
65 467 429
66 215 323
67 192 587
68 976 109
69 964 865
70 20 671
71 965 995
72 498 828
73 537 267
74 997 968
75 186 582
76 636 620
77 586 869
78 174 725
79 807 369
80 942 647
81 429 217
82 511 86
83 221 124
84 722 867
85 756 707
86 26 58
87 764 138
88 38 597
89 324 642
90 188 65
91 553 970
92 769 713
93 942 285
94 272 61
95 524 12
96 930 997
97 290 83
98 17 271
99 3 783
67 75
29 65
25 86
33 46
85 92
27 82
10 97
14 43
51 92
28 85
18 58
94 97
36 91
50 54
71 96
1 12
44 82
34 68
0 48
27 44
35 40
0 62
71 74
51 85
28 92
44 46
12 57
45 87
10 94
8 93
38 41
48 66
15 44
9 48
2 76
55 92
33 44
19 50
54 59
55 85
53 68
23 62
57 65
1 57
51 55
6 49
0 23
30 98
6 89
11 58
43 54
19 24
0 66
83 90
52 63
35 81
39 47
28 51
23 66
15 46
28 55
29 57
1 40
21 47
74 96
27 95
15 82
16 96
10 83
31 89
82 95
43 59
5 34
27 46
33 63
70 88
24 29
46 82
42 90
83 97
48 62
83 94
1 62
50 59
13 79
12 62
15 81
11 18
15 33
46 63
40 57
90 94
3 18
21 88
0 9
15 27
27 33
23 48
19 54
7 73
24 65
0 1
49 89
34 53
5 8
33 82
49 78
22 84
45 60
5 68
17 38
2 28
3 58
9 66
24 50
64 98
25 42
52 87
14 54
12 40
7 29
5 53
33 73
72 77
60 87
14 59
43 50
27 63
1 35
23 39
62 66
7 65
38 72
44 63
18 80
31 67
3 92
3 51
90 97
17 41
42 83
0 12
12 65
42 86
17 76
3 85
5 93
17 61
13 93
77 91
46 73
55 84
16 71
21 39
31 75
8 34
69 74
40 81
59 79
61 77
63 82
1 48
10 90
44 95
7 24
70 99
3 28
26 66
40 65
46 81
2 85
12 29
36 77
7 40
25 64
16 22
3 80
73 81
14 79
33 81
28 76
1 65
64 86
24 54
4 32
29 40
45 53
32 37
19 59
43 79
6 41
35 57
44 81
14 50
9 62
9 35
57 62
35 73
1 9
2 92
42 64
26 83
12 35
58 80
4 72
26 42
61 72
69 71
20 93
31 49
40 73
1 29
41 89
11 20
7 57
7 50
19 76
33 52
49 67
30 47
39 75
5 45
37 56
12 48
38 61
55 61
77 84
16 74
6 31
69 96
2 3
1 23
11 79
26 98
9 23
4 91
7 35
67 78
45 52
12 23
28 61
39 67
21 75
49 75
5 13
9 26
8 68
7 54
67 89
15 95
26 64
75 78
61 76
19 29
26 48
46 52
41 72
9 40
0 57
0 40
39 66
8 13
44 73
15 73
15 63
2 19
39 62
63 73
16 69
24 57
52 60
13 14
76 85
21 67
34 93
75 88
6 78
46 95
35 48
75 89
0 35
40 62
9 81
15 35
63 95
72 91
2 51
25 90
7 43
6 32
19 43
1 66
40 48
67 88
2 17
19 65
81 82
61 84
63 87
23 47
30 64
35 65
8 20
29 50
61 85
6 38
7 19
54 79
3 11
3 55
9 83
47 88
9 12
33 95
79 93
2 55
42 94
51 84
17 72
84 92
21 70
86 90
0 39
76 92
29 35
9 10
70 78
84 85
7 14
27 81
5 87
13 43
27 52
1 81
50 65
61 92
51 80
2 61
35 62
44 52
4 36
14 73
53 87
22 36
14 52
26 90
32 49
1 7
4 37
13 87
35 46
7 81
45 68
12 66
78 89
53 60
52 73
43 73
33 35
48 57
7 12
42 97
24 59
10 42
47 75
16 84
11 80
8 53
10 15
28 84
36 72
38 77
0 26
24 43
65 73
29 73
4 77
38 89
41 61
10 81
6 67
26 30
13 45
60 63
24 76
52 82
68 93
23 26
55 76
22 77
39 48
13 59
11 59
78 99
14 19
47 67
50 76
15 97
29 54
39 88
47 66
32 72
18 51
31 62
27 73
73 82
2 50
9 97
7 33
23 57
36 84
47 98
80 92
41 49
6 75
58 79
17 28
12 31
34 45
18 92
62 65
78 88
30 39
2 58
50 79
9 57
70 75
51 61
20 79
31 39
15 40
35 44
3 76
88 99
51 76
21 30
24 40
57 73
18 85
22 55
22 96
20 58
12 24
10 26
2 59
48 81
55 77
54 65
67 70
31 78
58 92
51 58
58 59
57 81
22 91
7 46
31 41
81 97
13 20
58 85
54 73
18 20
38 76
23 75
43 52
56 99
42 98
23 31
17 19
25 83
80 85
48 83
7 59
63 81
33 40
28 58
50 73
29 62
45 63
11 13
18 28
12 81
40 46
17 77
84 91
23 67
2 54
32 78
66 83
24 73
35 66
2 18
14 24
25 26
53 93
1 73
54 76
26 97
31 57
40 66
0 81
23 40
32 38
14 87
66 98
41 76
21 23
2 24
83 86
0 65
11 93
8 79
15 94
9 94
25 98
4 38
64 90
1 24
13 52
17 24
26 94
32 41
14 63
32 56
59 76
30 66
47 62
18 79
52 95
17 85
26 86
26 62
15 52
10 48
57 66
13 34
62 75
6 72
86 98
64 83
68 87
23 35
62 67
28 80
19 57
65 81
10 35
61 91
5 60
9 15
17 55
0 29
45 93
0 47
56 78
1 31
8 45
13 54
10 44
38 49
32 89
69 80
12 73
10 82
18 59
51 69
29 43
5 79
82 97
29 81
81 94
14 33
40 44
35 82
12 39
26 39
44 97
0 31
7 15
22 71
9 90
41 77
39 98
13 53
36 61
34 87
50 57
17 92
17 89
26 47
81 95
47 48
33 87
24 35
31 65
72 84
6 17
81 83
62 81
60 68
23 30
55 80
28 77
43 65
1 39
7 63
27 35
13 68
43 63
87 93
9 39
3 59
48 65
7 44
19 79
10 66
43 87
29 31
9 42
22 51
48 97
47 70
19 73
0 83
35 97
77 85
79 87
27 60
33 43
22 61
5 20
14 46
2 11
10 27
