100 759 260.7393334347543 medium
0 691 328
1 29 869
2 130 479
3 63 770
4 284 468
5 660 659
6 693 693
7 632 966
8 254 681
9 635 740
10 373 934
11 821 265
12 504 262
13 608 783
14 584 426
15 705 459
16 665 602
17 732 836
18 309 990
19 932 157
20 913 125
21 303 985
22 598 223
23 637 1
24 871 245
25 6 814
26 892 999
27 398 711
28 128 65
29 145 824
30 551 797
31 446 474
32 72 153
33 736 96
34 933 795
35 283 118
36 726 824
37 879 975
38 790 989
39 543 636
40 987 374
41 68 715
42 587 668
43 870 978
44 174 736
45 594 773
46 602 982
47 29 726
48 392 147
49 994 933
50 12 844
51 757 414
52 278 258
53 133 466
54 988 815
55 247 330
56 661 94
57 916 211
58 491 728
59 106 299
60 548 97
61 236 687
62 620 237
63 1000 251
64 429 916
65 865 524
66 367 308
67 794 101
68 288 348
69 247 21
70 978 633
71 614 872
72 202 944
73 864 791
74 270 28
75 212 773
76 814 140
77 301 940
78 123 589
79 202 5
80 715 727
81 773 395
82 176 46
83 862 772
84 37 973
85 322 981
86 900 538
87 406 753
88 120 503
89 48 972
90 60 400
91 681 422
92 403 224
93 569 849
94 696 71
95 231 626
96 658 833
97 560 485
98 197 709
99 186 964
18 21
37 43
84 89
2 53
17 36
18 85
13 45
8 61
73 83
21 85
69 74
51 81
72 99
2 88
22 62
26 37
1 50
26 43
25 50
7 46
44 98
19 20
65 86
53 88
6 80
41 47
56 94
27 87
67 76
15 91
55 68
61 98
21 77
77 85
33 94
5 6
69 79
79 82
30 45
71 93
18 77
9 13
28 82
9 45
44 75
11 24
39 42
30 93
3 41
3 47
19 57
24 57
5 16
33 67
34 54
13 30
71 96
10 64
1 25
8 95
61 95
8 98
14 97
75 98
36 96
15 51
34 73
10 85
13 96
74 79
3 25
10 77
5 42
17 96
34 83
6 9
33 56
69 82
51 91
13 93
48 92
52 55
44 61
45 93
38 43
9 80
29 75
5 9
10 18
20 57
78 88
9 42
10 21
5 80
45 96
66 68
58 87
13 71
61 75
33 76
95 98
3 50
37 38
93 96
52 68
35 74
25 47
66 92
30 58
23 94
29 44
57 63
15 81
0 91
27 58
6 16
28 79
7 71
74 82
9 96
81 91
23 56
8 44
14 91
36 80
30 71
3 29
53 90
72 77
20 76
45 71
8 75
9 30
12 22
52 66
16 42
26 38
67 94
35 69
28 32
1 84
1 3
1 89
42 45
2 90
39 58
0 81
19 24
12 92
41 44
0 51
6 42
21 72
11 57
2 78
17 80
46 71
59 90
45 58
35 48
30 96
56 60
42 58
78 95
31 97
0 62
19 63
3 44
18 72
25 41
13 42
77 99
49 54
12 62
21 99
88 90
47 50
19 76
5 39
24 76
4 68
80 96
13 80
20 67
26 49
36 71
55 66
37 49
70 86
17 71
53 78
40 63
6 13
9 36
44 95
57 76
1 29
13 36
11 76
64 85
14 15
72 85
18 99
29 98
54 73
16 39
28 69
20 24
6 45
9 93
35 82
24 63
41 98
13 58
45 80
52 92
64 77
23 60
50 84
5 45
0 15
43 49
29 72
7 93
50 89
54 83
56 67
29 41
9 71
30 42
5 13
29 50
16 80
13 17
6 36
7 96
22 60
91 97
9 17
76 94
46 93
85 99
23 33
41 78
89 99
11 81
9 39
35 79
25 29
17 73
35 52
0 22
41 50
42 80
18 64
78 98
9 16
36 45
36 73
4 55
1 47
22 56
21 64
58 93
6 96
55 59
0 11
9 58
12 66
17 83
0 14
44 47
36 83
29 99
14 31
39 45
28 74
8 27
3 98
15 97
6 17
75 95
15 16
56 62
19 67
3 75
32 82
84 99
61 78
32 59
60 94
34 49
4 53
30 87
17 45
29 47
39 97
20 63
80 83
51 65
2 4
11 19
64 93
41 75
44 78
72 89
65 70
16 97
60 62
65 81
1 41
36 93
48 52
46 96
7 38
56 76
8 78
35 92
6 39
12 48
13 39
30 39
25 84
4 31
11 51
73 80
48 66
27 39
24 67
25 89
17 93
17 38
27 61
28 35
48 60
7 17
57 67
29 61
64 87
88 95
47 78
11 67
4 95
11 20
72 84
4 88
34 70
8 87
47 98
68 92
53 59
7 36
41 61
30 64
48 74
12 60
10 72
72 75
15 65
14 51
24 40
5 96
27 30
5 30
6 30
71 80
52 59
29 89
36 38
30 36
53 55
5 36
40 57
30 80
2 95
24 81
20 33
11 63
42 96
8 29
39 87
4 66
16 91
22 94
70 83
2 59
42 93
54 70
61 87
12 14
5 58
62 94
33 62
1 99
31 66
10 87
29 84
7 13
37 73
42 97
17 30
16 45
46 64
25 44
40 86
41 95
23 67
6 83
43 73
27 95
7 30
22 33
53 95
34 37
33 60
38 46
59 68
1 72
55 92
31 39
47 75
45 87
8 41
87 93
11 33
75 77
51 86
58 71
10 99
2 55
13 16
64 71
80 93
3 78
5 17
81 86
14 81
3 61
30 46
48 69
14 62
49 73
60 92
75 99
40 65
34 43
37 54
14 16
27 42
29 77
39 80
44 50
62 91
53 68
70 73
22 92
75 87
17 46
6 71
27 75
7 45
1 44
32 79
6 73
58 96
58 64
17 43
0 24
0 12
11 40
13 46
78 90
6 93
55 90
42 87
5 97
36 46
27 98
24 33
43 54
4 78
31 68
17 37
3 89
11 62
14 22
37 83
24 51
13 87
38 96
75 78
0 97
59 88
3 84
5 15
6 58
17 34
2 68
19 33
27 45
42 71
43 83
1 75
27 64
26 54
35 66
26 34
49 83
36 42
34 36
7 64
45 46
16 51
51 97
44 72
26 73
25 75
4 52
73 96
11 91
65 91
15 86
47 61
5 93
3 8
36 43
38 71
50 99
38 73
38 49
50 75
83 96
87 98
33 57
10 93
32 35
14 39
77 87
39 93
55 88
16 65
50 72
16 58
36 37
40 81
35 55
4 8
22 91
29 95
87 95
63 76
62 76
62 92
61 88
5 71
25 98
41 88
45 64
32 69
22 48
27 93
12 31
88 98
62 81
62 67
3 95
17 42
13 27
3 72
8 88
13 64
20 94
51 62
19 40
58 80
4 61
10 27
10 30
0 76
23 76
27 44
47 95
22 23
21 29
16 30
7 9
11 15
12 52
48 68
11 22
10 75
39 96
44 99
34 80
17 26
68 88
38 83
64 72
26 83
50 98
9 83
9 87
8 47
3 99
12 97
12 56
35 68
52 74
16 36
21 75
11 94
22 67
16 96
32 52
81 97
22 76
5 83
1 98
12 68
44 87
57 81
18 29
40 51
2 61
16 81
48 55
68 90
10 46
4 90
32 74
11 56
6 15
25 99
9 73
28 59
72 98
25 72
52 82
75 85
0 56
29 78
0 33
29 85
23 62
74 92
2 8
83 86
48 79
10 58
18 75
15 62
5 91
7 43
48 82
12 91
9 27
52 69
44 88
2 98
71 87
31 42
15 39
15 42
44 77
31 91
47 88
34 38
6 65
26 36
8 58
27 31
14 42
5 73
85 87
16 17
16 86
64 96
53 61
2 41
9 46
28 52
5 14
48 62
22 81
4 59
5 65
31 55
60 67
22 66
39 71
8 53
47 89
24 94
6 97
14 66
47 84
7 37
32 90
64 99
86 91
65 83
22 51
27 77
10 71
32 55
0 67
24 62
19 94
53 98
65 80
58 97
7 80
10 29
35 59
77 98
52 53
0 57
25 78
16 31
31 92
21 87
36 58
20 56
13 83
39 91
63 67
77 89
62 97
98 99
21 89
73 86
69 92
18 87
13 73
4 98
43 96
17 54
0 94
41 53
41 89
51 57
75 89
31 58
58 61
76 81
6 86
24 56
34 86
15 22
40 70
61 72
15 31
24 91
20 40
41 84
64 75
52 90
16 83
2 44
