100 917 259.6247291765559 medium
0 707 838
1 778 868
2 648 126
3 490 190
4 606 926
5 942 138
6 167 198
7 50 929
8 502 878
9 25 354
10 430 299
11 617 513
12 544 766
13 277 160
14 712 272
15 799 776
16 236 953
17 760 65
18 356 104
19 460 236
20 639 935
21 158 894
22 751 987
23 344 115
24 80 905
25 799 360
26 702 187
27 540 148
28 837 770
29 311 305
30 975 562
31 586 227
32 292 101
33 426 685
34 852 875
35 401 613
36 927 902
37 724 543
38 623 157
39 835 434
40 403 431
41 154 303
42 320 638
43 273 506
44 560 693
45 333 712
46 480 247
47 607 58
48 773 715
49 649 288
50 628 336
51 381 755
52 231 351
53 196 280
54 355 664
55 482 715
56 863 879
57 344 65
58 253 145
59 376 748
60 133 360
61 142 372
62 575 357
63 909 391
64 682 129
65 774 600
66 380 983
67 757 726
68 887 455
69 133 1000
70 376 431
71 843 836
72 464 988
73 757 565
74 159 674
75 734 873
76 233 573
77 411 474
78 761 396
79 299 707
80 570 947
81 22 487
82 758 45
83 118 559
84 375 271
85 882 133
86 414 495
87 640 468
88 967 889
89 772 916
90 545 402
91 360 226
92 88 769
93 265 830
94 582 335
95 51 431
96 429 325
97 331 62
98 985 802
99 604 687
51 59
34 56
57 97
60 61
18 23
48 67
17 82
77 86
19 46
62 94
10 96
40 70
13 58
2 64
4 20
45 79
7 24
15 28
65 73
37 73
2 38
34 71
18 57
4 80
36 88
42 54
40 77
0 75
1 75
44 99
50 94
56 71
84 91
41 53
1 89
18 97
23 57
11 87
25 78
49 50
45 54
23 32
62 90
23 97
3 19
32 97
70 77
45 59
39 68
50 62
75 89
3 46
32 58
5 85
41 60
13 32
26 64
10 84
81 95
32 57
33 55
18 32
45 51
40 86
14 49
3 27
15 67
38 64
28 71
15 48
63 68
36 56
35 54
10 19
41 61
20 80
54 79
42 79
10 46
1 71
29 84
33 54
22 89
1 34
15 71
70 86
12 44
42 45
37 65
33 35
84 96
90 94
0 1
43 76
21 24
52 53
31 38
2 47
34 36
12 55
33 59
13 23
44 55
9 95
2 26
49 94
25 39
39 78
33 51
27 38
66 72
28 48
26 38
35 42
14 26
39 63
1 56
54 59
6 53
59 79
31 49
88 98
34 89
41 52
28 67
27 31
52 61
19 84
29 52
29 91
46 96
19 96
1 15
51 54
51 79
23 58
13 18
33 45
8 80
16 21
56 89
52 60
12 99
38 47
19 91
17 64
6 58
10 91
49 62
0 89
53 60
3 31
47 64
56 88
14 50
6 41
50 90
13 91
28 34
53 61
36 71
71 89
46 84
31 46
31 94
9 60
61 95
60 95
42 76
51 55
24 69
21 69
40 96
7 69
2 27
18 58
0 15
55 59
11 37
13 97
28 56
23 91
27 47
15 34
37 87
16 69
64 82
20 75
7 21
72 80
58 97
26 49
25 63
1 28
4 8
48 65
71 75
22 75
36 98
87 90
27 46
76 83
34 88
33 42
13 57
6 13
8 72
15 75
31 50
29 53
34 75
9 61
0 20
2 31
70 96
74 92
35 86
19 27
10 29
8 12
29 96
81 83
35 45
91 96
57 58
15 56
46 91
1 22
18 91
74 83
0 67
26 31
42 59
20 22
14 25
3 10
21 93
55 99
74 76
19 31
16 93
65 67
43 70
2 17
79 93
62 87
33 79
56 75
25 68
35 55
31 62
42 51
11 90
50 87
9 81
14 78
38 49
14 31
0 4
58 91
33 44
20 89
46 94
10 40
71 88
3 91
17 26
0 71
45 93
24 92
2 82
54 55
3 38
31 64
35 59
59 93
51 93
30 68
4 75
35 79
9 41
68 78
90 96
35 77
0 48
67 71
17 85
48 71
42 43
3 84
78 87
43 86
43 77
29 70
32 91
15 89
10 70
12 33
27 64
21 92
35 51
1 67
74 79
56 98
14 94
83 95
13 53
40 90
87 94
46 62
14 38
28 75
50 78
71 98
14 64
53 58
0 28
16 66
13 84
63 78
3 96
8 20
67 75
13 29
45 55
11 73
76 79
62 96
0 34
40 43
77 96
22 34
48 73
28 98
47 82
37 78
34 98
73 87
82 85
77 90
54 76
39 73
26 82
1 36
1 48
17 47
94 96
1 20
49 90
10 90
4 72
0 22
37 39
22 56
49 78
36 89
29 40
10 62
10 94
29 41
19 94
4 22
67 99
6 32
23 84
3 18
2 14
28 36
28 89
70 84
26 47
43 52
86 90
8 66
67 73
14 62
0 56
11 62
57 91
2 49
49 64
40 84
48 75
16 24
12 51
43 83
3 23
19 29
8 55
41 95
7 92
52 84
42 74
17 38
6 60
52 70
6 52
61 81
4 89
26 50
25 49
91 97
26 27
35 43
19 62
19 23
18 19
18 84
46 90
60 81
12 59
38 46
73 78
29 58
68 73
31 47
2 3
86 96
42 86
45 76
48 99
70 90
4 12
3 94
10 31
8 51
53 91
25 50
35 76
46 50
46 49
11 99
0 80
58 84
38 82
6 61
10 77
28 88
3 47
34 67
22 71
39 65
11 50
27 49
15 65
35 44
43 54
33 99
45 74
0 12
34 48
29 46
37 48
54 86
38 50
53 84
42 55
6 29
11 65
15 36
52 91
31 90
75 80
49 87
8 59
19 38
28 65
11 94
1 4
29 61
35 40
38 94
0 99
20 72
12 80
55 79
30 63
35 70
65 68
31 96
37 68
22 80
11 78
37 67
56 67
29 60
9 53
41 58
19 90
3 49
10 27
48 56
92 93
40 62
3 62
43 61
37 99
7 16
42 77
15 98
26 85
65 87
61 83
74 93
13 41
11 44
54 93
78 94
32 84
18 27
18 46
44 51
23 46
30 39
40 52
62 78
1 88
33 86
26 94
67 89
65 99
66 93
27 94
44 59
3 57
25 87
23 29
66 80
12 20
8 44
6 91
36 75
22 36
6 23
19 50
73 99
19 49
5 17
27 91
54 74
29 77
13 52
10 86
88 89
52 95
76 86
25 37
39 87
54 77
13 19
25 26
23 27
50 96
40 46
60 83
24 93
52 96
42 93
44 67
64 85
3 50
48 89
10 50
3 64
62 77
70 76
43 60
15 88
43 79
43 74
10 23
32 53
40 94
19 40
14 39
76 77
11 86
3 97
80 89
65 78
29 43
30 65
29 32
70 91
38 62
10 52
27 84
18 29
9 52
5 82
77 84
0 44
19 57
10 13
2 46
44 54
52 58
8 33
27 50
57 84
10 18
14 87
0 8
27 96
25 73
53 95
12 35
40 91
11 77
6 9
2 50
6 18
46 70
33 77
14 90
27 62
3 26
14 27
62 86
83 92
26 62
62 70
19 70
14 17
3 29
27 57
6 97
84 97
50 64
44 48
15 99
42 70
43 45
84 90
12 54
3 13
15 73
69 93
19 32
31 84
35 99
78 90
29 86
15 22
8 99
19 97
84 94
33 93
12 67
42 83
3 32
26 78
1 98
62 84
12 45
2 19
52 77
30 73
12 75
25 94
3 90
2 94
10 49
14 85
41 91
79 92
21 74
28 73
77 94
6 84
61 76
13 46
20 34
6 57
40 76
23 53
87 99
52 76
37 44
1 80
40 42
49 96
33 76
41 84
25 62
13 96
9 83
15 20
59 76
31 91
27 97
19 58
41 81
23 96
20 71
75 99
46 57
11 49
70 94
84 86
86 87
46 47
44 45
76 81
37 90
51 66
37 50
64 94
39 50
77 87
0 36
48 98
11 40
59 74
26 46
14 63
55 86
16 72
76 95
19 47
20 56
63 73
14 82
45 86
74 81
11 39
86 94
8 75
18 96
52 86
4 66
51 99
44 65
14 46
22 28
75 88
47 49
79 83
46 64
54 70
2 85
21 79
43 95
51 76
12 48
10 58
10 53
44 73
53 70
59 66
17 27
60 76
41 43
69 92
33 43
12 72
59 99
16 92
51 74
39 49
3 14
7 93
52 83
8 45
22 88
46 77
53 96
4 44
46 97
17 31
11 25
18 53
40 54
11 35
32 46
37 62
14 47
43 53
44 87
43 96
4 99
21 66
37 63
10 38
40 87
20 67
30 98
67 98
27 82
79 86
3 58
25 65
61 70
10 32
89 98
25 85
8 93
36 48
29 57
2 62
11 55
19 77
31 78
76 92
29 97
24 74
40 50
4 15
32 41
36 67
4 55
15 37
5 26
16 51
55 93
65 71
44 86
42 44
58 60
19 64
13 60
19 26
31 87
0 65
91 94
51 72
68 87
28 99
66 69
55 80
16 59
63 65
46 58
17 49
10 57
52 81
35 74
28 30
54 99
44 75
31 82
45 77
20 99
4 67
1 99
25 31
4 34
55 77
13 61
45 92
30 37
43 81
58 96
62 91
37 94
62 64
12 79
27 32
21 45
58 61
15 44
60 70
77 91
14 68
29 90
30 48
4 71
28 37
16 79
61 84
27 90
72 93
44 80
14 19
20 44
11 70
11 67
87 96
33 40
5 63
18 47
12 15
11 48
1 12
90 91
35 90
59 72
59 86
35 93
43 84
3 40
40 53
19 52
41 70
53 97
0 55
46 86
38 96
10 97
11 33
38 90
50 77
32 52
25 90
20 48
20 28
60 84
12 42
41 83
77 79
33 70
25 64
76 93
11 14
54 83
63 85
8 54
