100 1964 418.07296013973445 medium
0 494 791
1 614 941
2 388 66
3 621 320
4 505 883
5 835 915
6 371 306
7 222 415
8 713 211
9 872 593
10 396 501
11 102 271
12 278 492
13 857 84
14 556 582
15 11 42
16 761 2
17 114 294
18 439 712
19 851 423
20 241 335
21 46 720
22 260 364
23 735 8
24 690 576
25 936 159
26 421 145
27 700 544
28 889 407
29 554 818
30 964 911
31 550 501
32 989 697
33 512 314
34 160 653
35 555 915
36 551 289
37 243 406
38 812 427
39 229 463
40 541 203
41 307 57
42 346 328
43 635 195
44 689 972
45 957 279
46 715 934
47 503 324
48 108 284
49 930 396
50 786 177
51 432 44
52 846 314
53 430 456
54 770 589
55 42 976
56 766 730
57 492 802
58 198 176
59 145 368
60 809 544
61 668 92
62 180 188
63 292 814
64 382 763
65 54 224
66 74 993
67 121 638
68 247 997
69 539 225
70 720 521
71 193 326
72 847 159
73 427 944
74 413 901
75 756 612
76 883 839
77 420 170
78 39 3
79 352 192
80 832 377
81 888 914
82 695 122
83 518 925
84 599 511
85 151 270
86 22 168
87 631 498
88 171 850
89 442 178
90 386 486
91 530 756
92 546 452
93 902 462
94 900 641
95 454 362
96 919 207
97 548 630
98 255 673
99 451 461
0 57
17 48
33 47
11 48
10 90
53 99
58 62
40 69
7 37
77 89
26 77
11 17
16 23
54 75
27 70
6 42
24 27
84 87
20 22
55 66
35 83
26 89
19 38
61 82
19 28
34 67
28 49
4 83
17 85
73 74
48 85
22 37
44 46
33 36
15 78
7 39
14 97
20 71
11 85
31 92
2 51
19 80
31 84
0 91
25 96
5 81
53 90
38 80
9 94
10 53
28 93
12 39
37 39
4 35
36 47
54 60
57 91
47 95
24 70
7 22
50 72
59 71
29 57
19 93
28 80
1 35
65 86
52 80
36 69
0 29
29 91
11 65
10 99
90 99
71 85
20 37
77 79
49 93
76 81
24 75
33 95
13 72
30 81
18 64
3 36
22 71
84 92
28 38
8 43
9 60
17 59
8 50
48 65
24 54
31 87
1 44
14 31
4 29
45 96
2 41
4 57
7 20
27 87
14 84
27 54
19 49
26 79
54 70
17 71
2 26
60 75
72 96
36 40
62 85
27 75
25 72
5 76
7 59
8 82
79 89
48 59
60 70
70 87
17 65
0 4
12 37
73 83
33 69
22 42
7 71
4 74
40 43
37 71
43 82
48 71
7 12
92 99
0 18
38 93
87 92
29 35
53 95
34 98
1 83
24 87
70 75
59 85
4 73
95 99
49 80
6 95
43 69
18 91
1 46
20 59
26 51
9 54
40 89
28 52
63 64
22 39
18 57
58 85
37 59
32 94
20 42
47 69
11 59
27 84
11 71
50 82
31 99
65 85
23 61
74 83
69 89
43 61
12 90
30 76
2 77
13 25
27 60
19 52
3 33
80 93
20 85
21 67
24 84
14 87
29 83
42 95
11 62
33 40
22 59
0 64
6 79
53 92
45 52
57 64
13 50
38 60
49 52
9 75
38 52
3 47
10 12
56 75
48 62
45 49
23 82
36 95
70 84
5 46
25 45
38 49
24 60
1 4
60 93
2 89
17 62
6 22
40 77
3 69
41 51
57 83
3 43
36 43
63 88
13 16
15 86
51 77
57 74
39 59
40 47
8 61
91 97
19 60
31 53
20 39
92 95
31 97
5 30
37 42
12 22
35 57
16 61
4 91
84 97
52 96
14 92
11 86
62 65
2 79
69 77
35 73
38 70
21 34
60 94
6 20
6 47
26 40
17 20
14 24
51 89
9 93
47 92
11 58
42 79
0 83
50 96
18 97
0 74
1 29
16 82
13 96
0 35
67 98
62 71
54 94
48 58
54 56
6 33
90 95
64 74
39 71
3 40
33 92
41 79
20 48
26 69
3 8
35 74
13 23
8 72
22 85
26 41
48 86
6 77
17 58
28 45
50 61
35 44
63 98
6 89
47 99
75 94
64 91
14 27
63 74
50 52
58 71
10 95
47 53
25 50
7 42
58 65
3 92
24 97
43 50
33 89
42 71
11 20
42 53
10 31
58 79
52 72
36 89
64 98
87 97
17 86
27 31
57 73
12 53
84 99
18 29
72 82
9 32
5 44
42 47
10 92
47 89
52 93
28 60
39 90
24 31
45 80
20 62
33 99
62 86
41 77
56 76
14 99
56 94
35 91
35 46
6 53
69 95
12 20
41 58
7 85
17 22
27 38
7 17
6 37
45 72
42 90
36 92
90 92
19 70
29 74
37 90
33 53
37 85
85 86
31 90
20 58
68 88
78 86
54 87
13 82
33 42
0 73
38 54
9 70
8 52
51 79
60 80
6 26
40 61
31 95
75 87
83 91
42 99
0 97
59 65
17 37
33 77
33 43
31 70
10 39
9 19
24 56
22 48
4 64
62 79
8 40
3 95
65 71
66 88
66 68
9 56
7 48
40 82
46 81
6 99
42 77
8 69
27 97
14 18
47 77
14 70
22 90
12 99
14 91
58 86
9 38
23 50
16 50
36 77
32 76
44 83
12 42
53 84
92 97
42 89
14 53
3 87
39 42
7 90
19 45
9 27
29 73
18 63
16 72
93 94
6 71
25 52
10 14
27 92
8 36
10 42
10 37
55 88
21 88
29 64
6 90
6 36
57 97
20 79
40 95
41 89
12 59
37 48
70 80
41 62
12 98
9 24
31 47
54 93
4 18
11 22
59 62
87 99
60 87
89 95
43 47
6 7
19 54
1 57
61 69
74 91
12 71
6 69
64 73
75 84
9 28
69 82
15 65
1 73
70 92
63 73
7 11
68 73
54 84
23 72
18 98
29 97
63 68
13 61
40 79
49 96
69 79
24 92
18 74
31 33
56 60
80 96
45 93
61 72
49 60
70 93
68 74
26 33
8 13
0 1
3 84
24 38
40 51
46 76
10 22
38 75
22 53
22 62
19 27
37 53
43 89
26 36
22 95
7 10
3 31
38 87
97 99
77 95
22 79
11 37
14 90
88 98
6 10
26 47
46 83
34 88
27 56
5 56
26 42
22 58
79 95
29 46
76 94
6 40
36 99
45 50
58 59
10 97
12 34
47 90
57 63
47 79
39 53
33 79
34 39
14 75
28 96
1 91
10 84
0 63
42 85
70 97
28 70
8 23
8 80
4 44
17 39
29 44
42 59
1 74
50 80
53 87
9 49
2 40
39 67
8 96
55 68
36 53
10 47
38 45
44 81
84 95
71 79
6 12
39 85
34 63
36 42
75 97
75 93
20 90
47 84
53 97
51 69
46 56
3 82
64 83
19 75
39 98
6 39
31 36
7 53
23 43
42 58
60 84
64 97
27 80
33 90
56 70
14 54
21 98
22 99
73 91
12 67
8 16
84 90
20 95
43 72
37 99
10 18
33 84
30 32
37 95
79 85
47 87
39 48
4 46
70 94
6 58
43 77
90 97
42 62
28 54
20 65
67 88
0 14
27 93
3 50
72 80
3 80
42 69
12 95
3 38
33 87
13 45
2 69
26 95
2 58
9 80
26 43
24 94
10 33
36 82
56 81
3 99
54 80
36 79
65 78
39 99
58 77
19 24
27 94
10 98
1 5
6 85
87 95
15 62
19 94
36 87
4 63
3 70
20 53
6 62
3 52
26 58
32 56
54 97
8 33
19 96
37 62
69 92
10 20
36 84
18 83
6 92
64 88
90 98
3 89
38 84
8 25
14 57
36 61
29 56
15 58
11 39
13 52
35 64
16 43
7 62
38 94
40 42
18 90
18 73
19 87
62 78
3 61
71 86
52 60
27 28
7 99
18 35
31 75
28 94
6 59
37 58
3 53
17 42
80 87
59 86
58 78
10 87
16 25
44 76
42 92
14 29
32 60
31 54
25 49
56 91
3 27
8 38
7 95
18 31
8 47
32 81
82 96
56 97
37 79
7 58
2 6
62 77
24 93
51 61
24 91
2 62
25 80
61 89
42 48
43 52
52 70
14 95
20 77
25 82
58 89
32 54
52 82
28 75
49 70
24 80
38 96
26 62
7 67
20 99
63 91
87 90
63 67
7 34
9 76
22 47
43 95
40 50
11 15
39 95
49 94
75 80
74 88
34 64
32 75
13 43
40 92
22 65
30 46
3 6
11 42
32 93
49 54
71 90
3 77
14 64
49 72
18 99
38 50
23 25
22 77
28 72
50 69
63 83
69 99
3 19
28 50
25 28
26 61
8 19
43 51
8 45
44 56
7 65
19 50
84 91
20 89
53 69
93 96
12 85
31 91
14 60
21 55
18 53
4 97
46 91
18 84
22 33
14 56
36 90
6 41
12 17
6 17
7 79
16 96
17 79
9 87
82 89
46 57
61 77
1 56
7 98
75 76
44 57
22 89
36 50
34 37
15 48
48 79
24 28
20 26
29 63
49 50
37 67
11 79
62 89
20 47
10 64
37 65
27 99
31 60
54 92
10 36
0 46
21 63
14 47
8 28
71 95
44 73
6 48
75 92
41 85
19 72
6 31
3 24
24 99
33 82
2 42
3 26
0 44
0 98
5 32
19 84
38 92
37 98
31 42
15 85
75 91
10 71
43 80
44 91
30 56
59 90
56 87
12 48
51 58
80 84
6 51
57 98
3 14
64 68
38 72
53 71
12 92
23 96
59 67
6 11
33 61
14 33
59 79
27 91
22 26
20 33
43 92
12 31
15 17
31 38
36 51
27 52
80 94
12 18
37 47
73 88
8 89
40 99
81 94
87 93
41 78
27 49
28 87
41 42
51 82
54 76
21 66
60 97
26 82
23 40
3 42
53 79
11 78
1 81
56 84
20 86
71 77
70 99
40 41
61 96
31 69
2 36
25 61
40 53
64 90
87 91
2 33
19 25
49 75
74 98
30 94
3 72
24 29
53 89
60 92
2 43
47 82
0 56
53 98
77 82
39 62
5 35
9 52
68 83
35 56
10 34
12 47
34 90
18 92
2 61
33 51
5 94
30 44
35 63
3 28
4 68
63 66
2 47
11 12
52 87
43 79
89 99
56 57
27 53
95 97
10 59
43 96
33 37
52 61
47 61
44 74
9 84
35 97
8 49
18 34
52 54
34 59
18 24
20 41
53 77
24 53
6 43
41 69
79 99
77 85
36 70
91 98
18 87
1 76
3 90
10 91
69 87
46 73
1 18
29 75
39 58
98 99
3 10
47 51
48 78
64 67
80 82
78 85
71 89
51 62
12 64
0 24
26 71
71 99
38 43
41 71
12 14
69 84
54 91
23 69
1 64
3 60
77 99
14 36
89 92
47 70
8 92
33 70
12 33
13 80
36 80
37 77
36 38
25 38
27 47
27 36
0 31
7 47
80 92
8 77
79 90
36 52
97 98
39 65
11 41
15 41
83 97
42 51
27 33
53 70
5 29
26 85
39 79
55 63
3 79
16 40
31 40
53 59
8 87
0 84
22 92
14 38
8 26
65 79
8 95
24 49
24 57
22 36
17 78
56 93
18 88
41 48
70 91
4 56
69 90
37 89
74 97
43 87
25 43
41 65
12 97
2 95
10 24
45 60
46 74
60 76
91 92
87 94
25 93
24 52
23 51
85 89
4 14
91 99
45 82
67 90
17 41
22 34
41 86
90 91
27 95
0 10
33 50
19 92
38 56
37 92
31 57
2 20
6 84
32 49
28 32
19 32
84 93
10 27
7 33
10 67
39 47
22 67
3 54
50 93
72 93
31 80
28 84
22 86
40 87
77 92
12 79
22 98
59 95
40 72
47 97
64 99
70 95
42 65
47 71
57 84
8 70
29 84
18 27
27 29
22 41
53 64
10 69
19 31
26 53
31 64
52 75
22 69
2 82
10 79
42 84
2 85
89 90
57 68
5 75
20 36
40 84
24 47
19 43
8 93
14 98
16 69
29 54
31 56
3 93
69 72
7 77
63 97
56 83
21 39
26 37
49 87
10 57
52 84
9 14
53 91
58 95
85 95
24 33
29 31
24 90
5 83
39 92
0 75
26 99
31 43
20 69
7 86
77 90
1 97
43 84
33 97
42 43
3 49
3 97
19 56
24 95
3 96
35 68
51 95
24 36
47 50
85 90
33 71
27 90
12 62
52 69
59 99
33 39
67 71
13 49
33 38
22 31
8 84
73 98
31 37
9 81
32 70
12 84
0 27
0 68
3 75
12 63
24 32
40 90
32 38
6 87
31 39
36 72
16 52
7 89
43 99
0 87
0 90
22 40
68 98
5 9
59 98
2 22
79 92
57 88
40 52
62 95
13 28
46 75
10 70
37 86
2 71
57 75
12 21
9 45
23 52
38 47
18 39
20 67
12 58
7 92
9 97
33 80
24 76
10 89
18 67
4 98
38 82
20 92
8 51
27 32
6 65
18 56
20 40
84 94
20 34
0 88
19 36
34 71
33 41
61 80
29 87
36 37
14 42
75 81
29 76
10 63
69 80
17 77
52 92
28 43
79 86
9 30
41 47
27 57
10 40
52 94
61 79
26 92
4 5
16 51
42 87
10 77
43 53
3 23
48 77
6 14
29 98
18 75
5 54
64 84
8 31
43 45
0 99
17 90
14 35
35 81
38 97
47 80
8 27
57 90
11 77
3 13
33 52
34 53
57 87
3 51
9 31
14 19
53 85
7 26
4 88
70 90
23 36
73 97
36 41
35 76
10 85
39 64
43 70
15 71
13 40
20 98
3 45
41 95
45 70
21 64
23 89
59 77
47 58
19 82
13 19
40 80
7 31
16 45
38 69
18 70
82 95
12 36
29 70
75 99
31 89
36 97
0 53
63 90
17 26
31 98
0 54
21 68
26 48
23 26
26 90
0 92
11 26
33 58
47 52
57 99
48 90
18 68
54 99
14 80
34 55
5 91
50 89
40 58
17 67
45 61
58 69
61 95
2 3
28 82
14 83
28 56
54 81
13 38
28 92
1 63
46 94
8 60
17 95
46 97
37 69
69 70
55 67
27 76
3 16
29 81
13 69
17 89
14 39
20 51
34 99
14 94
12 65
46 54
14 74
39 77
10 17
79 82
31 52
54 57
50 70
23 45
18 95
60 91
49 84
48 89
47 62
41 59
34 66
20 31
66 74
1 30
14 63
53 57
38 40
64 92
28 31
2 23
2 11
12 77
0 70
7 21
94 97
7 36
15 59
11 89
71 98
59 89
12 87
18 54
3 25
57 92
31 93
10 29
18 46
23 77
48 67
12 89
34 74
60 96
56 92
2 78
48 95
37 41
26 59
34 68
2 48
6 8
27 43
83 88
17 53
33 62
9 92
29 68
31 77
16 36
85 99
39 89
41 43
2 8
19 33
47 85
92 93
11 90
66 73
32 80
2 17
50 87
39 63
42 98
10 26
43 49
27 69
70 76
14 69
71 78
28 36
66 67
1 75
4 24
53 67
24 46
14 37
56 80
36 71
39 97
24 64
39 86
69 71
37 40
10 48
51 85
18 44
47 59
62 69
49 82
5 57
40 62
42 86
0 34
53 75
8 79
19 47
57 70
17 34
45 54
82 92
8 99
62 90
32 46
58 90
38 99
76 91
41 61
36 60
0 5
22 51
42 97
18 37
11 95
35 75
53 58
64 87
1 14
3 22
33 85
38 95
34 57
30 75
83 98
16 89
38 61
24 35
40 70
12 91
50 92
48 53
53 54
92 98
78 79
21 59
8 24
36 39
6 61
50 77
29 92
44 75
14 93
26 50
45 94
53 62
19 97
31 79
11 67
60 99
14 22
66 98
50 60
7 18
7 41
84 89
13 36
5 24
16 26
0 12
40 71
33 72
27 45
6 97
95 98
67 85
4 75
2 65
22 84
19 69
7 69
2 37
51 71
44 97
65 77
81 83
55 98
36 58
21 37
3 9
33 59
88 91
37 84
1 68
44 64
36 54
26 39
29 99
87 89
68 91
70 96
5 60
29 90
49 56
15 20
15 79
6 82
34 48
1 24
39 84
10 11
12 69
7 14
12 88
29 60
8 53
46 64
34 42
67 99
71 92
76 83
6 86
12 26
9 46
26 65
33 60
30 54
17 99
14 28
47 54
27 40
11 53
12 57
10 75
47 60
27 50
31 94
36 96
33 54
76 93
43 93
2 15
40 96
50 51
19 61
80 95
60 81
37 97
2 16
55 74
23 33
26 31
9 91
14 40
2 86
50 95
59 78
61 92
19 40
16 77
84 98
3 20
10 62
80 97
69 96
67 68
4 76
10 58
13 93
58 99
82 87
47 72
23 80
16 80
24 69
8 54
36 75
29 53
50 84
43 90
7 64
7 40
42 67
38 53
37 64
34 85
47 75
70 72
53 63
4 84
3 12
34 91
10 54
4 81
14 73
29 88
64 66
36 62
4 31
62 99
28 61
6 98
24 43
1 54
77 84
33 75
8 42
56 64
35 98
48 99
27 64
14 46
55 73
11 34
2 7
60 72
63 99
91 94
2 59
3 37
49 92
10 43
28 33
20 78
29 94
34 97
9 96
45 75
7 84
53 60
24 83
54 95
35 88
9 29
43 60
77 87
80 99
17 47
27 46
35 54
7 97
69 85
65 89
12 40
39 69
75 90
4 27
81 91
36 93
39 88
18 22
44 54
24 81
93 97
0 76
23 47
22 97
75 95
56 74
2 53
44 94
45 87
57 76
67 74
18 21
75 83
18 47
41 82
36 49
31 49
22 87
28 69
5 27
28 47
76 97
14 52
52 95
34 73
14 43
18 42
51 78
40 85
4 54
24 44
47 48
4 10
11 99
25 40
54 90
31 71
77 86
82 93
27 35
30 60
17 33
37 87
20 84
60 95
16 33
42 61
24 45
26 86
70 82
2 99
14 20
0 60
10 74
36 85
11 51
82 84
31 50
56 73
46 60
55 64
91 95
92 94
49 61
24 40
19 95
19 99
27 96
72 87
14 34
25 69
8 14
0 67
48 51
8 75
64 75
28 40
79 84
39 87
17 98
5 97
11 47
17 51
18 33
7 63
4 87
69 97
33 48
42 82
25 60
72 89
31 63
57 67
31 82
6 27
6 34
36 45
39 40
1 27
18 60
25 36
35 84
32 44
26 84
15 22
64 95
28 97
26 78
61 87
37 51
57 60
32 52
30 35
5 73
21 74
87 96
3 41
32 87
53 80
59 92
6 70
54 96
3 7
24 50
5 70
26 87
37 63
22 43
57 81
6 18
51 53
14 44
27 72
11 33
50 54
16 47
21 90
0 81
10 21
12 86
46 70
2 50
39 41
36 59
34 95
8 9
31 35
79 87
56 99
4 90
1 94
13 33
4 34
27 42
87 98
27 81
10 60
10 88
21 22
6 67
64 70
48 98
74 90
14 76
77 78
85 98
43 54
2 92
33 93
19 76
22 64
3 39
7 87
51 99
41 53
82 99
14 49
6 24
60 69
38 76
