100 1030 299.0819285747636 medium
0 991 7
1 2 888
2 830 105
3 653 379
4 54 628
5 42 143
6 956 670
7 537 117
8 552 373
9 189 203
10 918 845
11 524 191
12 149 44
13 75 982
14 361 799
15 894 211
16 617 581
17 546 691
18 728 591
19 745 261
20 439 595
21 55 103
22 671 770
23 889 568
24 564 937
25 956 86
26 452 119
27 810 754
28 210 181
29 52 990
30 38 414
31 178 732
32 457 132
33 789 292
34 809 794
35 540 680
36 343 922
37 375 412
38 843 989
39 238 643
40 879 90
41 172 527
42 352 292
43 532 891
44 112 183
45 721 537
46 110 609
47 128 35
48 685 649
49 820 504
50 531 682
51 435 706
52 638 73
53 278 115
54 779 599
55 629 822
56 598 799
57 154 208
58 894 409
59 381 703
60 892 189
61 322 704
62 11 183
63 249 766
64 415 756
65 495 105
66 499 800
67 887 139
68 730 668
69 316 581
70 108 413
71 486 295
72 522 290
73 727 753
74 298 379
75 789 390
76 229 15
77 150 398
78 97 815
79 299 861
80 933 647
81 9 533
82 574 971
83 66 599
84 437 113
85 64 592
86 875 29
87 912 828
88 320 24
89 14 891
90 255 108
91 776 601
92 899 390
93 621 710
94 806 810
95 117 604
96 434 479
97 544 488
98 104 699
99 706 490
54 91
83 85
46 95
35 50
1 89
17 35
26 32
26 84
34 94
17 50
10 87
58 92
15 60
12 47
53 90
13 29
32 84
9 28
4 83
6 80
9 57
24 82
71 72
4 85
55 56
27 34
5 21
7 65
70 77
46 83
26 65
32 65
48 68
44 57
18 91
46 85
45 99
40 67
60 67
5 62
2 40
83 95
18 54
19 33
51 64
51 59
85 95
18 45
24 43
27 94
22 73
65 84
59 61
4 46
40 86
28 57
59 64
2 67
22 55
4 95
14 64
30 70
18 48
15 67
7 11
36 79
18 68
25 40
17 93
22 93
22 56
31 63
9 44
5 44
81 85
31 98
68 91
7 32
27 73
37 74
45 91
54 68
45 54
7 26
68 73
12 76
28 90
35 93
0 25
4 98
25 67
81 83
14 79
8 72
2 86
48 93
11 32
37 96
46 98
43 82
23 80
11 65
21 62
76 88
34 73
56 93
23 49
50 93
41 95
28 53
64 66
61 63
95 98
16 48
76 90
43 66
73 94
33 75
28 44
14 59
21 44
50 51
56 66
11 72
25 86
39 69
21 47
40 60
7 84
53 88
44 62
3 8
11 26
8 71
42 74
14 61
41 46
48 91
47 76
18 99
49 54
39 61
45 49
2 60
4 81
29 89
88 90
48 54
49 91
61 64
58 75
83 98
31 39
63 79
87 94
35 51
34 87
13 89
75 92
7 52
96 97
67 86
11 71
12 21
20 51
53 76
16 18
17 51
48 73
55 93
78 89
16 45
51 61
30 77
43 56
1 29
51 66
85 98
23 54
73 93
49 99
8 97
9 90
31 78
20 96
78 98
14 63
68 93
11 84
10 94
27 68
45 48
23 91
22 68
0 86
49 75
16 97
17 66
14 51
1 13
43 55
1 78
55 73
17 56
10 34
49 58
25 60
22 48
15 40
6 23
37 42
50 66
30 81
20 59
3 99
61 69
39 63
20 69
2 15
12 90
14 36
9 53
16 35
27 87
41 85
46 81
18 49
20 50
35 66
39 95
16 99
2 25
41 83
16 93
81 95
5 57
75 99
41 70
41 77
16 17
54 99
91 99
45 68
55 66
20 35
24 55
35 56
39 46
15 33
16 50
39 41
42 71
50 56
19 75
3 75
56 73
50 64
14 66
5 47
59 69
49 92
0 40
15 25
22 27
22 34
31 46
22 94
10 27
31 95
24 56
57 90
16 68
17 20
12 44
21 57
57 62
17 48
39 98
33 60
5 12
17 64
59 63
35 64
47 90
52 65
31 61
84 88
12 53
33 92
17 22
35 48
34 68
44 47
74 77
3 19
20 97
12 28
50 59
66 93
24 66
59 66
41 69
3 97
53 57
39 59
17 55
4 41
70 81
69 96
64 79
27 91
15 19
33 58
48 50
27 54
3 72
8 96
61 79
5 9
55 82
22 35
53 84
23 58
63 78
73 91
63 98
20 61
18 93
16 91
48 99
35 59
60 86
68 94
37 71
54 80
3 33
44 90
4 31
45 75
18 73
97 99
10 38
54 73
26 88
18 23
20 64
16 54
27 80
41 81
27 48
80 91
19 60
9 12
6 87
11 52
12 57
22 50
17 59
32 71
63 64
28 76
9 21
28 47
35 55
0 67
6 27
13 78
74 96
47 53
42 72
23 45
32 72
50 55
3 45
12 88
5 28
51 69
48 56
21 28
7 72
56 82
31 83
26 53
32 88
22 66
47 57
38 87
30 41
31 79
55 94
39 83
2 19
59 79
23 92
16 20
43 64
9 47
37 69
15 92
6 10
9 62
26 71
44 53
68 99
32 53
30 85
28 42
31 85
29 78
36 64
8 37
39 85
33 67
48 55
84 90
36 63
34 55
80 87
49 80
18 27
38 94
15 86
45 97
8 11
55 68
22 43
70 85
4 39
26 72
41 98
7 71
37 97
17 68
9 42
56 68
51 93
66 82
3 71
65 72
49 68
30 83
19 67
51 56
23 68
18 22
56 64
0 2
71 84
47 62
91 93
57 77
65 71
32 52
35 68
70 83
6 54
34 48
37 72
71 96
70 95
81 98
17 73
32 42
2 33
36 43
26 52
28 88
42 53
4 78
35 97
9 76
6 34
34 80
47 88
6 91
65 88
70 74
54 93
27 55
8 99
20 37
27 93
14 43
41 74
50 97
2 52
14 31
21 76
77 81
51 63
34 91
12 62
46 70
72 84
16 22
63 69
34 54
26 90
34 38
15 58
36 66
48 49
42 84
22 24
10 80
14 39
9 77
23 99
22 91
28 62
72 97
11 42
50 68
73 87
26 42
45 93
21 90
69 95
17 43
35 73
19 92
64 69
60 92
61 66
48 94
71 97
43 93
23 27
22 54
69 74
17 97
32 90
68 80
16 73
23 75
42 96
31 69
58 99
44 76
52 84
31 59
31 41
3 16
6 94
30 95
71 74
34 93
51 79
14 50
46 78
80 94
20 39
39 51
9 74
57 76
78 79
0 60
15 75
17 18
30 46
46 69
18 35
42 90
56 94
50 73
72 96
3 49
77 95
43 51
63 95
43 50
66 79
54 75
16 96
46 63
39 64
19 58
18 75
57 70
50 61
93 94
18 97
34 56
64 93
91 94
35 43
75 91
78 95
10 73
89 98
77 85
18 80
54 94
20 66
48 97
14 17
33 49
4 30
6 49
33 99
46 77
1 98
14 35
42 57
45 58
20 93
8 42
5 90
45 73
19 52
28 74
27 56
18 50
16 49
53 65
19 40
92 99
77 83
8 16
61 98
78 83
44 77
14 20
18 34
16 56
36 61
35 61
23 48
58 60
16 51
33 40
24 36
4 70
9 88
54 58
36 59
39 78
14 69
8 19
22 82
21 53
57 74
55 64
17 61
3 18
19 72
50 96
9 70
28 77
58 91
78 85
37 77
60 75
0 15
6 68
51 55
39 79
5 76
51 96
35 96
3 11
61 95
42 77
31 89
76 84
44 70
59 96
35 45
45 92
73 80
11 19
41 61
19 99
46 61
18 94
30 62
66 73
17 45
37 41
24 93
24 64
27 45
36 51
43 79
93 97
1 31
42 65
8 45
93 99
7 88
36 82
30 57
28 84
14 56
56 59
27 38
50 69
8 75
5 53
31 64
22 45
45 80
4 63
43 73
45 50
48 66
23 34
17 96
65 90
59 93
3 96
54 92
72 74
52 86
43 59
58 80
6 18
16 55
40 52
68 87
30 44
69 98
3 58
6 73
51 97
91 92
22 51
35 69
18 56
14 24
24 73
23 73
52 72
26 76
69 97
3 92
18 58
17 24
17 91
69 77
63 83
57 88
22 87
48 80
16 66
35 91
8 20
4 77
62 70
26 28
27 49
8 33
17 54
69 83
61 78
41 63
67 92
18 55
61 96
31 36
28 32
20 48
69 85
63 66
35 99
35 54
7 19
28 70
79 98
3 54
3 91
63 85
39 81
8 74
33 45
19 49
13 79
7 42
17 69
62 90
39 96
20 63
23 94
62 77
32 76
22 64
48 51
7 8
17 99
16 75
24 50
11 53
52 67
20 74
50 91
91 97
24 35
10 22
10 68
31 51
20 56
68 97
7 53
8 32
16 27
80 92
9 30
50 99
54 97
39 77
23 87
31 81
19 71
50 54
44 88
30 74
38 73
42 44
11 88
9 84
73 99
75 97
18 92
39 70
14 78
24 51
87 91
53 74
54 87
1 4
25 33
82 93
55 91
16 59
49 73
19 86
33 52
4 89
66 68
63 89
4 69
56 91
73 82
41 96
11 37
37 70
33 72
16 64
69 70
64 82
6 58
36 78
37 39
54 55
14 55
52 71
74 97
67 75
38 82
54 56
59 97
42 88
6 45
58 67
44 74
13 31
39 74
5 30
17 27
38 55
34 45
72 99
6 48
3 48
96 99
16 23
42 70
8 26
41 59
24 94
14 82
8 65
19 25
42 97
74 90
13 36
14 93
53 71
55 59
62 76
1 63
20 41
53 62
24 79
14 98
80 99
9 26
49 97
21 88
61 83
33 86
5 77
59 98
19 45
9 32
13 63
64 96
5 70
22 38
10 23
4 61
29 79
48 75
52 60
9 37
3 37
27 35
8 18
69 79
65 76
43 61
61 85
17 82
11 90
59 95
7 90
22 99
10 91
82 94
17 34
10 54
55 87
36 56
11 33
24 34
27 99
24 38
28 37
68 75
8 84
13 98
72 75
66 69
43 94
6 92
45 94
17 94
70 98
43 48
49 93
3 7
79 89
16 34
46 59
20 99
29 31
20 45
2 75
27 50
74 95
18 20
48 87
45 56
22 80
28 30
10 55
34 49
48 64
20 22
15 52
37 59
42 69
32 37
56 61
34 35
50 82
30 98
45 96
35 82
50 79
2 92
2 7
34 43
23 33
32 74
3 15
11 74
71 99
34 82
50 63
75 80
19 65
20 31
28 65
16 37
77 96
78 81
39 50
29 98
51 73
1 83
41 42
20 55
35 94
12 84
79 82
83 89
37 61
16 94
46 74
24 59
22 23
71 90
93 96
64 97
51 68
41 78
22 59
11 97
46 89
36 39
43 68
1 79
8 49
29 63
57 84
28 71
29 36
61 93
3 68
