100 2130 469.63177064589655 medium
0 97 609
1 181 535
2 213 633
3 630 494
4 394 880
5 670 114
6 242 47
7 459 619
8 215 588
9 928 525
10 956 140
11 583 917
12 800 486
13 888 338
14 674 375
15 918 590
16 541 938
17 837 772
18 6 29
19 659 14
20 279 551
21 831 958
22 390 445
23 311 224
24 271 252
25 914 490
26 512 875
27 355 794
28 901 45
29 647 695
30 924 373
31 249 885
32 494 719
33 602 968
34 122 681
35 204 984
36 359 952
37 356 277
38 151 565
39 855 82
40 480 199
41 214 844
42 85 499
43 42 464
44 1000 660
45 312 778
46 407 200
47 640 67
48 346 117
49 336 137
50 120 435
51 177 651
52 484 470
53 772 604
54 869 635
55 140 62
56 437 186
57 782 448
58 448 953
59 748 49
60 328 650
61 921 202
62 232 546
63 427 13
64 760 76
65 821 877
66 150 892
67 71 85
68 632 427
69 927 192
70 272 626
71 606 203
72 294 510
73 4 100
74 309 95
75 322 367
76 563 689
77 50 209
78 945 498
79 439 277
80 234 188
81 968 139
82 167 804
83 886 497
84 533 812
85 279 913
86 405 268
87 158 945
88 979 697
89 607 268
90 403 584
91 773 901
92 606 706
93 411 966
94 716 910
95 240 443
96 693 294
97 810 574
98 966 306
99 438 934
61 69
10 81
58 99
48 49
25 83
59 64
9 78
25 78
46 56
79 86
9 25
58 93
2 51
31 85
93 99
12 57
1 38
29 92
44 88
48 74
20 72
40 56
2 8
8 62
27 45
76 92
11 16
20 62
53 97
23 24
37 86
49 74
13 30
9 83
1 62
66 87
65 91
36 93
31 41
11 33
42 43
5 47
19 47
91 94
78 83
28 39
2 70
10 69
35 87
60 70
41 82
34 51
1 8
71 89
9 15
7 90
26 84
15 54
14 68
69 81
3 68
16 33
8 38
46 86
8 70
67 73
16 26
23 37
0 38
4 99
18 73
10 61
62 72
55 67
42 50
40 46
8 51
8 20
24 80
32 76
20 70
0 34
61 81
30 98
41 66
4 36
36 99
21 91
21 65
6 74
11 26
37 79
38 62
14 96
43 50
46 79
29 76
13 98
54 97
23 80
18 67
72 95
12 83
4 93
56 86
40 79
12 97
24 37
36 85
36 58
2 62
62 70
66 82
38 51
89 96
0 51
23 49
4 58
56 79
2 38
37 46
38 42
16 58
4 27
26 99
41 85
46 49
39 64
19 59
15 78
37 75
22 52
5 64
51 70
15 83
23 46
31 66
1 20
60 90
15 25
5 19
32 84
26 58
5 59
53 54
40 86
1 42
2 34
46 48
16 99
1 2
6 55
35 85
62 95
22 75
23 86
2 20
7 32
17 65
35 66
15 44
83 97
31 35
31 87
15 97
1 95
47 59
5 71
10 28
65 94
20 60
0 42
8 72
75 95
0 1
39 59
49 56
23 48
32 92
61 98
49 80
12 25
48 56
20 95
57 83
31 82
28 81
41 87
1 72
22 72
1 51
2 60
11 84
10 39
1 50
25 30
70 72
4 26
41 45
73 77
0 2
19 64
51 62
74 80
34 38
4 85
0 8
50 95
47 64
69 98
12 53
37 56
15 88
31 45
21 94
9 54
85 87
6 48
7 76
67 77
24 75
71 96
40 71
14 89
16 84
54 88
39 81
76 84
30 78
3 14
9 97
33 94
20 90
1 70
84 92
20 38
31 36
8 60
45 60
23 74
57 97
75 86
26 33
30 83
6 49
14 57
66 85
4 45
34 82
39 69
8 34
23 56
72 90
48 63
24 49
48 80
16 93
11 94
44 54
38 50
25 97
9 12
7 60
24 86
38 70
26 93
39 61
70 90
18 55
25 57
23 79
45 85
54 83
22 90
27 31
11 58
52 90
13 61
47 71
35 41
17 54
27 85
55 73
6 80
82 87
37 49
60 62
85 93
20 51
23 75
46 74
63 74
17 91
60 72
28 64
40 89
4 31
12 78
24 46
72 75
11 99
68 96
37 40
27 60
15 53
8 95
2 72
45 82
75 79
3 52
49 86
38 43
0 62
28 69
27 41
22 95
51 60
37 80
38 95
7 52
13 69
57 68
25 54
9 30
13 57
9 44
28 59
38 72
51 82
20 22
49 63
52 68
13 25
42 62
24 48
29 53
84 99
33 58
4 84
29 32
78 97
0 43
1 43
82 85
53 57
53 83
54 78
40 49
26 32
56 74
40 48
45 70
55 80
12 15
1 34
8 42
50 62
27 32
4 16
27 36
35 36
28 61
3 57
13 83
34 70
37 48
85 99
30 57
17 88
68 89
24 74
48 86
27 99
32 90
29 84
12 54
58 84
42 95
9 57
10 98
5 89
81 98
33 99
12 30
12 14
79 89
13 78
24 79
56 71
3 12
57 78
33 84
7 92
23 40
30 61
44 78
26 36
22 37
12 13
55 74
55 77
56 63
46 80
58 85
49 79
34 62
9 53
22 79
6 67
62 90
0 50
2 45
0 70
26 27
2 82
16 94
22 86
42 51
57 96
12 68
24 56
11 93
27 84
9 88
3 53
32 60
8 50
17 53
36 45
36 41
27 93
30 69
31 93
5 96
25 53
16 36
71 79
51 72
17 94
4 41
33 91
35 82
27 58
14 71
48 79
77 80
18 77
2 42
45 51
34 42
70 95
17 21
1 60
7 70
34 41
7 22
27 70
46 75
22 62
5 39
37 74
8 90
46 63
6 63
27 82
56 89
80 86
20 75
50 72
4 32
6 23
25 44
11 91
33 93
0 20
25 98
9 13
32 45
76 90
2 95
52 75
7 20
4 11
67 80
26 76
78 98
26 92
40 63
24 95
52 72
53 92
31 99
2 90
19 71
38 60
84 93
41 51
15 57
20 50
3 97
7 72
17 44
74 86
45 66
52 79
44 83
46 71
43 95
15 17
75 80
64 71
17 97
13 96
40 74
62 75
45 99
20 42
36 87
3 29
78 88
86 89
37 95
7 29
53 78
29 97
56 80
64 69
7 27
47 89
20 34
61 64
17 29
10 64
3 76
54 57
70 82
7 84
43 62
26 94
6 24
83 98
0 82
40 47
19 39
84 94
35 93
5 40
34 60
44 97
88 97
42 72
10 13
59 71
3 96
49 55
31 58
2 41
46 89
71 86
3 7
11 92
14 52
45 93
8 43
34 66
50 75
48 55
8 45
34 45
3 92
22 60
45 90
56 75
13 81
2 27
27 90
39 47
90 95
24 40
22 70
7 45
4 35
52 86
25 88
15 30
11 32
13 14
64 81
51 95
36 66
2 50
0 95
1 75
47 63
12 96
20 52
0 72
83 88
8 82
45 58
32 99
9 98
26 45
60 82
36 84
50 51
79 80
45 84
74 79
16 32
60 95
26 29
41 60
6 46
24 77
68 71
41 70
53 76
53 68
29 94
4 33
8 22
42 70
11 36
22 24
53 88
10 59
45 87
3 89
27 66
1 90
1 22
64 96
27 51
11 76
59 69
21 33
20 45
29 54
23 95
49 75
40 75
43 51
24 55
68 97
59 61
11 29
30 97
34 43
37 52
75 90
41 93
92 94
19 63
57 98
35 45
52 76
27 76
47 96
40 96
0 60
22 23
44 53
16 91
10 30
16 27
47 56
23 55
51 90
26 85
52 89
50 77
6 18
90 92
33 65
24 50
59 81
30 81
52 60
67 74
60 76
7 62
32 58
4 60
35 99
4 82
6 56
65 88
38 82
17 92
31 34
2 43
86 95
32 70
23 63
16 92
14 97
5 28
37 72
11 65
41 99
29 91
36 82
51 66
34 72
22 68
27 35
92 97
33 36
6 73
5 56
19 28
50 70
30 96
3 90
4 66
68 79
14 83
4 87
31 51
12 98
3 22
45 62
52 95
64 89
8 75
22 46
61 96
7 8
35 58
34 50
40 80
73 80
2 7
54 65
31 60
27 87
13 97
8 27
14 53
32 52
16 76
39 98
14 30
57 89
59 96
48 75
37 89
6 77
11 21
29 65
20 43
38 90
13 15
87 93
2 31
79 96
20 27
14 79
4 76
80 95
43 77
69 96
63 86
84 91
8 41
3 83
43 72
6 37
91 92
19 40
13 39
41 58
2 22
7 68
27 34
12 29
24 72
11 27
79 95
19 89
31 70
59 89
63 80
24 67
32 93
37 71
5 14
63 71
60 84
7 26
23 77
38 75
28 47
14 40
22 40
33 92
26 91
84 90
0 41
3 32
5 63
26 31
16 85
52 62
52 70
9 17
22 56
68 83
70 75
63 79
12 44
16 29
34 95
52 92
5 61
27 92
62 82
14 25
72 86
45 76
34 87
2 66
39 96
38 45
22 38
60 85
30 54
29 90
46 47
29 68
5 69
45 72
76 94
4 7
28 98
32 36
1 82
49 67
22 50
68 76
40 52
13 68
42 75
66 93
32 33
58 94
50 80
74 75
54 92
76 97
20 32
52 96
96 98
84 85
37 63
0 45
48 71
40 68
4 92
72 79
6 86
65 92
76 99
1 45
30 53
20 82
29 33
12 88
5 46
27 62
39 71
48 67
68 86
23 67
53 65
3 54
68 90
29 52
56 96
49 71
18 80
94 99
17 83
16 45
22 89
83 96
34 85
68 92
87 99
46 52
19 56
7 95
51 85
44 65
43 70
29 57
33 76
4 70
19 96
6 40
57 61
5 79
54 91
74 77
60 75
92 99
60 92
7 51
37 50
3 25
23 50
20 37
24 63
38 41
42 60
17 76
23 72
16 65
7 75
70 85
5 10
2 75
2 85
52 56
0 66
58 76
15 98
25 61
12 17
25 68
3 79
86 96
32 72
14 86
32 85
13 89
88 91
58 87
13 53
1 7
27 72
15 29
26 60
16 21
47 79
66 99
55 63
12 89
13 64
3 71
42 77
17 25
11 17
14 22
66 70
32 94
82 93
22 32
58 92
31 84
13 28
12 92
52 71
8 52
2 32
57 69
17 78
51 87
46 95
49 77
9 14
65 84
25 96
23 71
31 32
4 90
37 62
22 51
43 75
24 62
16 31
30 44
30 68
1 24
61 78
53 91
61 83
34 90
13 54
14 78
70 76
47 48
25 69
76 91
41 62
52 57
8 31
5 81
30 39
20 24
22 76
50 60
23 89
3 9
26 41
21 88
14 98
20 41
60 66
46 55
82 99
22 80
23 52
32 53
49 89
46 96
77 95
3 13
48 89
14 61
57 71
75 89
27 33
45 92
6 79
15 65
14 56
65 97
96 97
3 15
36 60
11 85
44 57
58 66
60 99
11 45
37 55
10 96
24 52
73 74
40 64
17 33
2 4
5 86
69 78
17 84
32 41
27 38
0 90
40 59
24 73
69 83
8 32
27 29
12 61
64 98
26 65
79 90
24 42
47 86
22 42
20 86
14 47
1 52
48 77
39 89
56 68
97 98
93 94
18 74
29 83
37 90
54 76
26 90
1 41
8 66
53 94
14 64
47 61
1 37
9 68
47 49
1 27
12 76
24 43
63 89
14 69
57 92
5 13
13 71
7 38
22 49
47 69
19 46
7 53
4 29
37 77
34 35
32 62
37 68
75 77
54 94
61 71
3 78
0 31
5 68
54 68
4 51
81 96
7 99
68 75
20 76
42 82
76 93
86 90
71 74
2 52
12 52
2 87
53 84
20 79
0 27
29 99
57 88
52 53
3 30
58 82
51 75
3 86
65 76
14 46
46 68
50 90
53 96
12 69
72 82
70 84
41 84
49 95
61 89
68 78
21 29
13 59
14 29
69 71
41 90
19 69
55 56
29 60
19 61
10 19
82 90
7 11
32 68
59 63
9 61
72 76
4 94
56 95
5 48
32 51
78 96
10 47
22 71
28 96
14 54
92 93
7 14
14 15
21 54
57 76
29 58
58 60
26 35
60 93
38 66
62 86
72 80
33 85
71 75
9 29
20 23
17 57
30 88
28 30
69 89
91 97
58 91
42 90
15 68
7 16
19 48
9 96
21 26
6 75
46 72
50 86
0 75
22 48
3 40
44 91
23 73
8 85
23 62
21 84
29 88
47 74
3 84
7 41
14 37
36 76
15 92
9 69
14 76
32 91
3 75
19 81
30 89
49 73
35 51
7 58
14 59
28 71
31 38
5 49
24 38
20 31
11 31
55 86
0 22
47 81
43 80
3 72
24 89
25 29
91 99
59 98
4 34
1 23
36 70
37 96
21 92
32 82
14 92
31 90
88 94
22 96
24 71
70 87
22 92
7 31
63 64
30 64
16 17
31 62
62 79
56 59
3 60
16 35
16 41
60 87
8 24
13 44
17 26
43 60
56 64
8 37
0 87
22 45
52 97
14 90
40 95
48 73
4 8
7 79
21 44
45 95
7 34
48 95
19 79
54 98
12 71
15 91
41 72
70 92
37 67
14 39
74 89
7 85
42 80
29 45
52 84
19 49
7 82
26 70
38 52
18 24
3 17
33 45
17 32
18 49
32 97
7 36
68 72
22 43
1 86
4 20
36 92
27 52
94 97
83 92
3 37
70 99
7 93
37 42
22 27
2 36
1 80
2 35
18 48
1 77
85 90
36 51
90 99
14 75
26 82
5 57
10 25
45 52
5 98
37 47
50 67
37 38
10 57
5 37
7 97
56 72
0 85
2 76
50 73
29 44
74 95
25 81
7 86
46 67
55 75
68 98
62 66
53 98
3 20
10 71
44 98
23 42
50 79
35 60
51 52
1 31
22 34
46 77
7 37
29 78
24 90
62 80
10 78
16 60
1 66
22 29
21 53
37 70
19 86
19 74
22 74
29 93
36 94
42 45
78 81
77 86
34 36
47 68
23 43
62 76
30 71
57 81
26 87
83 89
89 98
14 19
5 74
8 87
76 85
20 92
20 85
18 23
0 7
43 82
8 76
40 72
26 66
31 33
5 30
1 32
32 65
63 67
3 56
10 83
20 84
35 70
49 52
23 47
20 66
1 79
84 97
37 43
7 57
11 53
50 52
20 80
43 73
7 12
82 84
61 68
40 55
2 84
10 14
89 97
81 83
70 93
13 47
71 81
91 93
9 65
49 50
55 79
82 95
41 42
72 92
15 76
30 59
3 46
28 89
11 60
63 75
27 95
9 92
53 90
62 85
38 77
31 76
13 88
36 90
38 85
46 50
4 62
35 84
58 70
23 90
10 89
58 90
15 96
50 82
8 86
34 75
71 80
57 64
46 59
88 92
39 57
50 55
20 46
64 68
32 34
24 70
37 60
46 64
20 68
53 89
71 98
32 95
49 72
5 23
26 53
76 83
2 99
32 38
89 90
11 41
25 92
8 23
23 38
52 80
14 81
60 68
7 33
68 69
67 75
31 72
75 96
15 21
44 94
15 94
11 90
64 79
25 89
48 52
27 94
10 12
4 91
56 67
21 76
54 84
23 68
16 90
38 87
43 67
43 90
58 65
67 86
7 89
29 70
80 89
3 70
41 76
70 86
90 93
3 5
62 77
21 58
16 87
57 79
8 79
4 72
81 89
2 37
54 96
59 79
46 90
32 54
21 97
12 32
2 26
11 35
51 99
3 98
32 66
72 84
2 24
65 83
12 81
7 50
29 36
9 10
38 80
70 79
63 96
85 92
65 99
2 93
72 77
56 77
46 62
51 76
15 61
9 81
61 97
7 94
14 32
23 96
8 84
50 74
60 79
48 96
60 86
0 35
49 96
48 50
1 85
51 84
38 86
88 98
66 84
40 57
8 36
12 65
32 75
22 57
68 95
51 93
40 90
7 42
39 40
32 35
45 50
14 23
3 95
16 66
21 99
22 84
55 95
37 73
5 12
42 86
77 79
20 29
59 68
32 57
72 89
67 95
6 95
6 71
8 35
48 72
44 92
13 19
2 58
0 24
16 82
68 84
78 92
20 56
4 38
84 87
25 65
15 69
33 35
42 66
6 47
29 72
66 90
65 78
3 26
20 26
31 92
56 90
69 97
2 92
27 42
42 52
9 76
57 59
8 80
7 96
14 28
24 68
19 37
17 68
3 62
11 54
5 52
62 84
33 53
41 95
0 4
24 60
75 76
57 90
0 77
52 83
26 51
50 56
14 72
72 85
25 76
64 86
29 96
3 88
23 70
1 46
47 98
34 99
32 87
20 40
1 4
3 44
51 58
62 87
34 93
26 52
71 83
76 95
16 53
19 23
89 95
47 57
9 91
6 50
62 92
59 86
3 27
90 97
42 73
38 79
33 41
48 59
12 39
7 17
66 72
17 30
8 92
78 89
20 36
12 90
24 51
90 96
7 54
1 87
39 68
45 75
0 52
9 89
11 97
68 70
20 77
8 99
1 76
12 64
16 70
0 32
12 22
20 87
25 39
3 61
7 66
7 24
76 82
2 86
43 86
24 47
8 26
21 32
8 77
14 49
22 53
43 55
52 74
22 77
19 68
43 45
42 67
56 62
49 68
37 51
20 99
67 79
46 73
73 75
72 74
41 92
76 96
12 91
48 64
76 88
39 83
73 95
41 43
36 91
12 79
14 48
62 68
30 47
57 86
42 79
20 49
3 23
6 19
52 54
34 52
31 42
83 91
65 93
41 50
4 52
33 60
21 93
28 57
7 40
2 23
25 71
0 37
92 96
49 59
18 63
14 24
12 84
2 79
18 50
48 68
7 23
49 62
7 91
5 24
7 46
35 38
22 82
76 89
71 97
26 97
3 69
47 80
19 98
24 96
34 58
40 67
6 22
29 30
3 94
63 77
13 52
45 94
26 72
36 62
3 8
3 11
39 78
8 93
11 70
11 87
23 60
3 45
40 62
6 89
33 54
4 65
76 78
3 47
1 49
29 85
3 65
27 75
49 64
53 61
29 89
18 37
17 58
27 50
14 17
12 40
40 77
26 54
5 75
38 76
76 79
40 50
25 52
80 90
17 99
13 29
39 56
57 65
13 40
11 82
34 84
3 91
27 91
0 36
71 90
63 73
26 62
47 52
12 94
14 20
33 90
74 96
51 92
1 56
10 68
8 46
3 24
14 44
8 58
56 57
5 6
20 89
39 63
5 22
7 56
22 63
11 66
53 71
25 91
73 86
4 22
20 93
44 68
26 34
18 46
20 58
22 41
54 61
87 90
18 43
13 17
85 94
47 75
71 95
71 72
3 64
44 76
89 92
78 91
14 63
2 29
43 79
35 62
20 48
14 95
62 99
36 38
22 97
42 46
20 35
64 83
9 94
2 3
70 80
68 88
5 83
43 49
12 59
53 69
42 55
0 23
42 49
29 62
40 61
57 84
29 31
34 76
7 71
59 74
43 66
56 73
25 64
14 60
43 52
31 95
5 80
75 92
68 81
0 80
15 32
14 88
7 87
9 21
48 62
4 21
7 83
15 84
7 65
33 87
7 43
8 29
25 28
7 35
32 79
2 80
33 97
51 86
38 46
19 30
53 60
16 54
83 94
36 72
35 90
54 69
46 70
22 26
8 68
40 69
9 52
23 51
15 89
72 99
2 16
1 84
5 25
28 40
12 47
9 39
71 78
1 48
46 57
1 35
76 86
1 40
82 92
15 52
43 46
32 83
30 52
92 95
1 3
54 89
19 57
12 86
37 64
64 74
10 15
42 87
90 94
49 90
28 83
12 28
3 4
16 97
3 16
11 88
57 91
13 79
22 47
1 36
37 59
72 96
15 81
24 34
2 77
27 43
38 84
28 78
19 24
9 71
43 74
72 87
4 17
62 93
51 79
46 60
20 74
42 85
22 55
62 74
11 52
10 97
29 41
66 95
50 66
1 92
1 74
27 53
33 66
18 56
37 57
14 84
8 56
19 80
39 79
0 86
32 86
27 68
51 77
7 15
14 74
66 76
79 92
3 59
30 92
52 82
52 63
84 88
58 62
64 78
37 76
41 52
43 48
29 75
52 78
42 74
63 68
22 31
3 49
6 43
42 48
18 75
81 97
32 37
68 74
1 67
39 46
4 95
16 51
13 92
75 82
1 68
26 68
68 80
21 83
33 88
25 94
32 42
17 52
35 76
44 61
33 82
32 89
18 86
6 72
38 49
52 99
2 11
51 80
57 94
53 79
62 89
34 37
29 79
2 68
8 49
60 94
57 75
28 68
16 20
38 99
31 94
4 53
36 65
17 93
31 50
11 15
59 83
54 90
63 95
58 72
31 43
32 96
3 39
53 99
32 50
1 73
73 79
