100 620 230.7834482799839 medium
0 999 93
1 102 924
2 521 916
3 704 169
4 971 731
5 614 389
6 373 771
7 859 432
8 1000 986
9 287 529
10 160 373
11 820 324
12 452 911
13 13 226
14 636 94
15 68 287
16 217 432
17 87 842
18 288 516
19 628 649
20 929 286
21 789 62
22 362 712
23 176 48
24 981 565
25 220 573
26 936 332
27 193 336
28 907 682
29 498 304
30 819 269
31 534 522
32 416 300
33 480 661
34 176 14
35 873 55
36 526 329
37 485 127
38 29 318
39 363 61
40 302 217
41 467 466
42 183 322
43 504 251
44 891 596
45 902 377
46 68 222
47 472 506
48 151 605
49 311 865
50 5 50
51 769 104
52 662 22
53 982 588
54 93 831
55 436 671
56 93 103
57 273 970
58 769 398
59 862 605
60 148 673
61 100 488
62 536 225
63 392 334
64 632 973
65 764 981
66 627 645
67 424 495
68 474 996
69 831 104
70 526 448
71 873 343
72 9 717
73 794 221
74 531 353
75 745 720
76 717 867
77 524 704
78 243 673
79 16 628
80 70 631
81 925 668
82 162 838
83 668 933
84 551 56
85 817 130
86 931 853
87 826 420
88 409 364
89 785 585
90 716 474
91 479 745
92 187 653
93 720 450
94 582 675
95 448 827
96 302 468
97 111 336
98 124 38
99 707 918
19 66
17 54
9 18
27 42
28 81
24 53
90 93
36 74
69 85
44 59
23 34
63 88
7 87
29 36
41 47
43 62
32 63
83 99
60 92
45 71
33 55
21 51
20 26
47 67
10 27
15 38
18 96
41 67
76 99
19 94
23 98
29 43
64 83
79 80
66 94
30 73
51 85
11 30
13 46
10 42
11 71
26 45
34 98
29 74
21 69
78 92
48 92
6 22
77 91
58 87
10 97
33 77
41 70
51 69
9 96
26 71
31 47
32 88
35 69
77 94
15 46
15 97
48 60
2 12
54 82
7 45
58 93
56 98
42 97
21 85
31 70
17 82
25 48
14 52
4 81
47 70
59 89
44 81
20 71
9 25
4 28
36 43
27 97
10 16
29 32
13 15
76 83
1 17
38 97
33 91
12 95
21 35
22 55
65 99
48 80
55 91
25 92
31 41
45 87
28 44
29 62
91 95
12 68
60 80
18 25
59 81
28 59
72 79
11 58
7 71
71 87
5 74
44 53
30 71
3 51
16 96
58 90
2 68
64 99
14 84
13 38
1 54
35 85
6 95
73 85
55 77
20 45
60 78
70 74
24 44
11 87
7 58
37 84
11 45
53 81
16 27
23 56
32 43
3 14
25 78
50 56
33 94
38 46
3 73
36 62
1 82
72 80
43 74
5 70
11 73
5 36
44 89
65 83
29 88
6 91
16 18
29 63
87 93
37 62
20 30
49 57
67 70
6 49
31 67
32 36
48 78
7 11
35 51
2 95
16 42
11 20
52 84
11 26
24 81
41 88
58 71
19 77
6 55
66 77
36 70
80 92
3 85
50 98
9 16
51 73
15 42
28 53
53 59
22 91
46 56
34 56
46 97
36 88
5 93
74 88
87 90
69 73
25 60
65 76
91 94
2 64
67 96
22 78
37 43
24 59
10 15
7 26
32 74
48 61
62 74
4 86
22 33
10 61
16 61
41 74
89 90
0 35
67 88
64 65
5 90
26 30
21 52
25 96
14 51
36 63
15 27
45 58
51 52
64 76
30 45
3 21
19 75
48 79
18 67
30 58
24 28
37 39
30 85
43 63
60 79
66 75
7 93
63 74
75 89
26 87
32 40
16 25
9 67
32 62
54 72
10 38
49 95
3 69
16 97
4 53
22 95
5 29
70 88
77 95
71 73
60 72
55 94
61 80
29 70
13 56
25 61
13 97
17 72
40 63
43 88
33 66
2 83
12 49
19 33
7 90
31 33
36 41
88 96
75 76
20 73
8 86
89 93
9 78
30 87
49 82
41 63
3 30
42 46
61 97
3 52
6 33
38 42
31 66
14 37
5 31
33 47
5 58
47 88
9 48
28 89
14 21
55 95
4 44
19 31
40 42
21 73
9 92
64 68
31 94
6 12
25 80
11 93
22 49
27 40
63 96
7 20
22 77
81 89
6 78
61 79
18 78
18 48
47 74
59 75
63 67
14 62
29 41
27 38
41 96
6 77
30 69
60 82
5 41
4 24
28 75
4 59
7 44
54 60
39 40
7 30
12 91
0 69
47 55
66 89
20 87
31 74
33 95
75 94
27 46
19 89
62 84
7 89
87 89
18 92
10 96
68 95
23 50
27 96
30 51
57 82
28 86
79 92
7 59
32 41
47 96
34 50
33 67
63 70
2 91
13 50
55 67
5 43
10 46
1 57
3 62
19 91
29 37
67 74
78 80
27 61
31 55
66 91
58 73
26 58
17 60
26 73
7 24
62 63
48 72
5 62
40 88
31 77
11 90
46 50
78 82
35 73
5 47
38 61
18 47
32 70
14 85
22 92
36 47
81 86
16 48
42 61
15 56
0 85
18 41
2 99
32 37
9 47
61 92
82 92
71 93
75 81
23 39
44 87
58 89
52 69
39 84
31 90
62 88
42 96
59 87
12 57
52 85
72 92
47 63
45 73
18 61
3 84
12 64
9 41
60 61
9 61
44 75
70 90
10 18
20 85
46 98
55 66
66 90
34 39
55 78
31 36
19 55
3 11
70 93
11 85
18 88
36 67
72 82
32 67
13 42
14 69
20 58
33 41
19 90
45 93
59 90
24 89
53 89
9 22
43 70
7 53
22 25
27 63
31 93
9 60
16 63
43 84
9 10
54 92
54 80
31 88
73 87
75 99
47 94
2 76
94 95
57 68
14 73
61 96
32 96
18 27
15 61
29 47
49 78
16 88
3 35
48 96
24 45
37 40
68 83
71 90
47 77
23 46
29 67
40 43
14 43
9 88
0 20
37 52
9 55
36 37
30 93
49 91
5 88
20 69
2 6
41 55
10 13
15 16
47 66
10 25
49 68
21 30
42 63
18 22
18 63
45 90
59 93
18 60
65 86
23 40
13 27
10 40
25 79
19 47
17 80
2 77
24 87
0 21
74 93
78 96
44 90
32 47
35 52
17 92
5 87
18 55
29 40
76 86
9 27
5 11
66 93
2 49
3 43
16 67
5 32
54 79
12 83
1 49
22 60
5 67
27 88
92 96
54 78
33 70
41 43
13 98
25 67
12 22
12 77
19 93
44 45
16 38
71 85
6 92
11 69
18 42
49 54
30 35
7 73
29 31
74 90
66 70
6 82
9 63
75 77
89 94
6 57
3 37
16 92
22 94
51 84
62 70
38 56
44 93
70 96
40 97
17 49
19 70
17 79
45 53
22 67
17 57
11 51
27 32
57 95
4 75
75 83
80 82
58 59
37 63
1 72
54 57
36 93
75 86
5 63
53 87
30 90
31 91
42 88
17 78
6 94
0 51
37 74
49 55
