100 500 197.24603925047518 medium
0 121 654
1 491 280
2 891 105
3 324 8
4 449 663
5 426 863
6 368 177
7 446 560
8 4 588
9 52 202
10 987 498
11 899 30
12 965 75
13 888 716
14 952 505
15 512 116
16 94 59
17 895 497
18 142 599
19 440 726
20 800 69
21 89 977
22 851 723
23 639 598
24 780 347
25 643 532
26 515 938
27 650 387
28 712 271
29 550 921
30 942 715
31 314 981
32 848 605
33 108 147
34 610 652
35 694 996
36 762 131
37 296 101
38 123 400
39 290 613
40 608 51
41 163 805
42 118 537
43 411 481
44 286 761
45 32 480
46 491 953
47 619 801
48 152 98
49 703 74
50 177 455
51 91 296
52 924 586
53 388 927
54 976 520
55 601 285
56 260 419
57 576 965
58 858 119
59 422 951
60 476 327
61 821 296
62 871 886
63 64 584
64 329 897
65 99 333
66 972 551
67 461 838
68 753 906
69 257 208
70 559 88
71 756 369
72 641 142
73 307 665
74 751 793
75 638 482
76 455 780
77 869 698
78 307 626
79 776 376
80 146 415
81 59 86
82 646 925
83 286 547
84 568 393
85 97 4
86 180 117
87 287 86
88 157 614
89 591 937
90 748 589
91 781 556
92 851 640
93 708 626
94 439 55
95 679 568
96 706 609
97 512 28
98 699 883
99 630 791
47 99
93 96
37 87
71 79
18 88
39 78
10 54
13 77
38 80
26 46
14 54
24 79
22 77
54 66
57 89
24 71
48 86
32 92
10 14
2 58
13 22
51 65
26 29
73 78
53 59
5 67
29 89
16 81
90 96
90 91
95 96
1 60
23 95
14 66
25 75
50 80
25 95
29 57
0 88
13 30
90 93
15 70
39 73
10 66
16 85
19 76
82 89
14 17
67 76
68 98
0 18
52 66
8 63
77 92
23 34
40 70
4 19
93 95
24 61
33 48
23 25
39 83
53 64
18 42
26 57
29 46
82 98
23 96
46 59
16 48
38 65
42 63
90 95
20 36
5 53
23 93
30 77
2 11
26 89
70 97
20 58
38 50
94 97
33 86
33 81
32 52
9 33
18 63
2 12
11 12
57 82
78 83
36 49
27 84
22 92
32 91
52 54
17 54
13 92
31 64
14 52
35 82
46 57
42 88
3 87
7 43
5 76
15 97
5 59
16 33
0 63
81 85
50 56
52 92
22 30
31 53
61 79
91 96
10 17
49 72
17 52
48 81
26 59
17 66
65 80
15 94
75 95
32 77
27 75
29 82
36 58
40 72
3 37
20 49
63 88
40 49
61 71
2 20
11 58
70 72
44 73
40 97
25 96
42 50
91 93
46 89
32 90
34 93
9 51
24 28
91 95
5 64
4 7
42 45
16 86
74 98
6 37
34 96
46 53
11 20
28 71
27 71
59 64
35 68
10 52
68 82
34 95
38 51
45 63
48 85
91 92
23 90
1 55
5 46
86 87
8 45
28 61
28 55
31 59
55 84
68 74
35 98
27 55
60 84
75 84
26 67
37 69
19 67
56 80
25 93
47 98
90 92
98 99
53 67
6 69
12 58
15 40
23 75
9 81
5 26
0 42
37 86
4 76
17 32
30 92
13 32
22 32
35 89
46 67
69 86
25 90
59 67
62 68
73 83
89 98
74 99
38 45
36 72
29 67
6 87
35 57
22 74
28 79
3 94
25 34
70 94
52 77
8 42
81 86
42 80
69 87
27 79
47 82
26 53
17 91
30 52
56 83
41 44
51 80
45 80
29 59
27 28
2 36
15 72
26 82
55 60
47 74
39 88
0 8
13 52
82 99
32 66
48 87
24 27
44 78
1 84
5 29
38 42
5 19
38 56
29 47
8 18
47 89
9 65
25 91
85 86
34 99
6 94
43 83
32 93
4 73
32 96
44 64
50 83
33 85
92 93
37 48
75 96
14 32
9 48
64 67
49 70
30 32
50 65
25 27
83 88
52 91
19 73
4 78
45 50
28 72
57 98
39 44
23 91
18 50
92 96
55 72
28 36
18 39
9 16
34 47
17 92
33 51
66 92
37 94
78 88
89 99
74 77
34 90
62 74
48 69
29 99
18 83
75 90
32 54
9 86
29 98
7 78
57 59
87 94
8 88
22 52
6 15
0 41
13 74
46 82
19 44
25 84
73 88
75 93
50 88
1 6
7 83
33 69
75 91
4 34
49 58
45 65
53 76
18 45
29 53
47 67
29 35
5 31
77 90
43 56
71 75
67 89
22 62
7 39
68 89
12 20
1 15
47 76
7 19
19 78
4 39
30 66
77 91
43 60
18 78
42 83
68 99
14 92
74 82
26 76
22 90
40 94
47 57
59 89
17 79
29 76
44 76
11 36
47 68
13 62
57 67
46 64
50 63
64 76
26 47
62 98
72 97
34 75
74 93
22 93
32 95
5 44
54 92
17 90
36 40
0 39
75 79
59 76
7 73
3 6
20 72
36 61
76 99
4 67
10 32
67 99
52 90
55 71
77 93
46 76
18 73
43 78
14 91
39 43
31 46
66 77
43 84
79 91
3 86
50 51
58 61
5 89
22 91
5 57
57 99
93 99
56 65
74 92
45 88
27 95
18 80
27 60
22 96
42 56
6 60
13 66
30 62
19 34
77 96
4 43
33 65
0 73
92 95
57 68
26 99
21 41
73 76
19 39
63 80
51 69
62 77
7 34
39 42
0 78
26 35
71 91
28 84
17 71
17 24
13 90
3 97
33 87
74 96
24 55
71 84
41 64
4 44
26 64
2 49
15 55
66 91
41 88
44 67
1 27
53 57
26 98
80 83
13 91
20 40
23 99
45 51
38 63
33 37
27 61
19 47
3 48
39 50
44 53
16 87
0 45
15 49
44 88
24 75
34 91
39 56
47 93
49 97
10 92
0 44
0 83
7 23
28 49
96 99
55 79
