100 2168 458.66109492739844 medium
0 771 790
1 448 46
2 520 127
3 987 547
4 796 48
5 200 967
6 754 341
7 624 519
8 268 49
9 800 839
10 415 799
11 99 321
12 220 220
13 99 191
14 697 340
15 230 226
16 119 821
17 100 869
18 356 71
19 389 416
20 474 503
21 587 45
22 716 656
23 374 544
24 182 533
25 858 140
26 277 534
27 381 494
28 305 199
29 803 822
30 742 840
31 482 357
32 424 882
33 457 797
34 8 193
35 481 773
36 331 979
37 915 422
38 901 236
39 508 793
40 156 616
41 652 559
42 196 987
43 735 337
44 940 128
45 100 419
46 964 790
47 355 157
48 990 623
49 25 413
50 894 470
51 181 421
52 637 278
53 514 763
54 533 904
55 480 724
56 390 513
57 954 856
58 490 595
59 691 536
60 340 2
61 709 992
62 277 452
63 324 45
64 962 181
65 249 140
66 427 903
67 301 594
68 366 174
69 16 262
70 763 541
71 249 188
72 320 513
73 604 115
74 600 888
75 340 126
76 394 349
77 110 663
78 432 69
79 183 826
80 765 273
81 78 513
82 397 668
83 854 916
84 639 126
85 750 580
86 313 469
87 134 150
88 184 903
89 40 940
90 978 999
91 988 660
92 632 732
93 541 761
94 94 59
95 416 627
96 525 108
97 6 537
98 517 610
99 194 836
12 15
79 99
9 29
6 43
2 96
47 68
5 42
27 56
32 66
53 93
1 78
39 53
58 98
35 39
33 35
47 75
35 53
23 56
73 84
48 91
14 43
62 86
70 85
18 63
10 33
15 71
12 71
72 86
82 95
0 29
41 59
60 63
39 93
26 72
65 71
7 41
35 55
23 27
33 39
16 17
53 55
37 50
13 87
68 75
8 63
0 9
6 14
28 71
18 75
44 64
0 30
9 30
35 93
23 72
29 30
27 72
16 79
26 67
28 47
40 77
28 68
5 88
33 53
46 57
19 76
88 99
54 74
6 80
7 59
34 69
56 72
43 80
18 60
10 35
55 93
21 73
59 70
27 86
59 85
26 86
39 55
62 72
45 49
81 97
18 78
3 48
16 99
33 55
79 88
19 27
73 96
15 28
58 95
28 75
45 51
28 65
26 62
38 64
63 75
25 44
67 72
22 85
10 32
20 56
2 73
42 88
12 65
8 60
18 47
14 52
24 40
12 28
15 65
31 76
21 96
23 67
56 86
17 88
8 18
13 34
32 33
33 93
65 75
19 86
17 89
8 65
23 95
10 39
20 58
20 27
17 79
9 83
24 26
1 18
14 80
92 93
21 84
45 81
23 86
19 56
23 26
11 45
1 96
10 55
87 94
17 99
55 82
41 85
78 96
51 62
11 69
95 98
18 68
16 88
10 66
25 38
10 53
2 78
8 75
2 21
24 81
54 66
29 83
47 65
20 23
75 78
1 2
13 69
71 75
19 31
33 66
47 71
63 78
12 87
4 25
32 54
26 27
25 64
24 51
27 62
41 70
3 91
49 81
22 92
39 54
60 78
43 52
38 44
26 56
20 98
84 96
65 87
22 41
47 63
55 95
1 60
57 83
56 95
47 78
19 62
68 71
11 49
58 82
2 84
19 72
67 95
55 98
56 67
3 50
63 65
71 87
67 82
19 20
65 68
53 92
32 39
36 66
15 87
22 59
32 35
60 75
1 63
68 78
22 70
12 13
24 62
49 97
67 86
23 82
23 58
18 65
27 67
52 80
56 62
19 23
40 81
11 51
56 58
55 58
11 13
5 99
33 54
5 36
10 93
13 94
46 91
10 82
39 74
6 52
34 87
82 98
23 62
24 67
32 36
1 75
35 82
36 42
30 83
13 15
63 68
39 66
20 95
27 95
18 28
51 81
39 92
8 47
1 21
24 72
7 85
5 17
74 93
8 71
24 45
51 86
7 98
7 70
35 66
35 54
38 80
5 79
33 82
53 54
15 47
16 89
54 93
62 67
3 37
41 98
76 86
1 47
0 22
57 90
27 76
15 68
24 86
26 40
20 31
40 67
26 51
27 58
24 77
15 75
88 89
12 47
50 70
72 95
32 53
83 90
30 74
13 71
0 92
61 74
53 82
7 20
45 97
0 83
42 99
49 69
53 74
1 68
52 84
17 42
55 92
12 75
93 98
53 98
12 68
77 81
7 58
30 92
20 72
8 28
29 57
9 57
56 82
28 63
30 61
47 60
62 76
49 51
35 92
21 78
11 34
23 98
11 12
10 54
16 77
13 65
18 71
8 68
34 94
74 92
56 98
35 95
2 68
63 71
42 79
11 15
5 89
25 80
19 26
69 87
42 89
77 97
61 83
56 76
29 46
20 86
4 44
53 66
7 22
8 78
60 65
36 88
35 74
41 58
52 73
51 72
35 98
5 16
39 82
26 95
46 83
32 55
53 95
92 98
2 47
8 87
32 93
46 48
33 74
40 97
53 58
27 31
1 73
9 46
82 93
10 95
68 96
18 96
72 82
2 18
20 76
66 74
58 93
60 68
31 52
41 92
8 94
28 76
11 87
27 82
33 95
65 94
4 84
24 97
32 74
47 96
68 76
8 12
28 87
9 61
73 78
45 69
35 58
77 79
27 98
26 82
72 76
2 75
1 8
45 62
6 37
48 50
6 38
8 15
31 56
50 85
28 78
20 82
66 93
79 89
16 42
39 98
93 95
22 30
89 99
75 96
37 38
20 41
55 66
33 92
22 29
54 55
86 95
58 72
58 67
59 98
39 95
6 50
2 52
23 24
77 99
85 92
0 46
37 70
11 81
29 92
7 14
80 84
40 72
29 61
38 43
0 57
20 67
47 76
23 76
14 59
65 78
33 98
40 51
54 61
0 74
58 92
24 49
36 99
54 92
19 67
10 36
39 58
57 91
37 43
9 92
20 26
15 18
28 60
26 81
6 70
11 71
15 51
9 22
71 94
12 18
31 86
24 27
67 77
55 74
4 73
20 62
12 63
52 96
43 59
40 62
15 63
22 93
22 98
12 94
33 58
59 92
12 51
40 45
6 59
15 76
10 74
19 58
43 70
9 74
13 28
17 77
60 71
1 84
43 50
75 87
19 51
62 81
12 69
16 40
23 55
24 56
4 21
1 28
46 90
58 59
51 97
51 67
63 96
26 77
0 85
26 45
0 61
37 80
14 70
40 79
50 91
2 63
30 57
4 64
19 95
36 79
27 51
7 92
7 43
60 96
50 59
29 74
12 34
37 48
78 84
10 98
40 86
4 38
15 94
7 31
36 54
14 31
32 82
23 31
30 93
82 86
67 98
12 76
31 68
71 76
15 69
63 87
58 86
10 58
64 80
69 94
71 78
30 54
45 86
26 76
2 60
25 84
20 59
72 98
1 65
6 7
34 49
8 13
11 62
20 55
47 87
55 67
33 36
26 58
14 84
40 99
62 95
14 41
10 99
3 70
15 34
51 76
31 72
73 80
31 62
6 25
2 28
10 92
4 80
44 80
30 46
11 24
13 45
51 56
37 85
22 53
23 51
14 38
51 69
55 56
75 76
23 40
63 94
41 93
15 62
70 92
43 84
0 93
25 43
12 45
19 98
18 21
19 28
15 45
14 37
2 31
68 87
10 79
13 49
7 56
22 58
38 50
7 95
32 99
10 67
85 98
11 65
11 97
50 80
18 87
48 57
5 66
14 50
66 82
31 47
41 43
67 81
28 31
19 24
28 96
31 58
21 52
41 55
30 39
12 62
6 85
81 86
45 72
3 85
9 90
11 28
5 32
92 95
30 53
6 41
32 88
34 71
7 52
48 70
40 49
72 81
66 99
51 71
66 88
19 68
14 73
43 85
82 92
48 85
6 84
34 45
3 46
13 51
45 77
7 27
1 71
69 71
68 73
37 64
22 55
41 95
14 85
42 66
29 91
41 53
40 82
34 65
62 82
32 79
29 85
15 19
86 98
12 60
29 90
37 91
22 39
0 70
15 60
13 75
27 55
7 55
21 60
32 42
85 91
77 88
7 23
37 59
26 98
18 73
19 82
24 95
51 77
47 73
60 94
31 96
23 35
0 91
52 76
28 94
10 88
60 87
31 43
35 67
24 82
28 51
65 76
70 91
28 62
35 36
75 94
49 62
32 95
25 73
2 76
31 98
70 98
74 83
40 56
15 78
7 93
17 36
66 79
21 68
27 40
33 67
32 92
58 62
7 19
14 25
36 39
15 86
22 50
21 47
43 73
41 50
72 77
13 47
10 23
0 53
69 81
12 19
17 40
22 74
9 91
0 41
23 53
21 75
30 85
11 86
40 95
12 78
67 79
58 85
25 52
19 47
11 94
67 76
18 94
6 64
22 35
21 63
65 69
0 39
20 53
82 99
52 59
8 96
9 85
2 8
0 54
31 41
49 77
58 76
73 75
16 36
67 99
55 72
62 71
12 86
33 99
41 56
79 82
23 33
0 59
45 67
20 93
66 92
38 52
13 68
19 71
7 53
70 80
13 63
29 93
62 77
61 90
30 35
20 35
28 86
59 93
9 93
26 31
31 73
26 97
45 87
31 75
61 92
6 73
2 65
7 82
53 67
22 91
54 82
6 31
5 10
29 48
59 80
23 93
35 41
76 96
12 49
7 50
39 41
9 54
45 71
51 87
31 59
69 97
0 48
43 64
35 56
33 79
22 48
66 95
14 20
85 93
2 14
68 84
41 82
15 49
4 96
11 26
2 71
20 52
65 96
31 95
26 55
20 92
58 70
23 41
27 41
47 94
76 95
53 56
31 84
26 49
4 52
57 61
18 76
24 76
77 86
41 52
22 46
29 54
76 78
55 59
1 15
23 39
6 44
39 61
36 53
7 80
13 18
19 52
29 70
36 74
15 31
62 97
38 84
30 90
49 87
2 80
61 93
47 84
77 89
7 76
34 51
20 22
30 55
20 85
1 12
77 82
2 4
10 56
39 67
60 73
21 25
62 98
71 96
32 98
9 48
25 37
31 71
53 59
71 86
30 33
18 84
83 92
40 88
76 98
63 73
10 42
14 96
83 91
19 45
51 65
21 80
23 77
59 95
74 98
52 68
56 93
0 35
27 45
16 67
80 96
7 35
20 70
52 70
33 56
62 68
20 39
3 22
31 78
67 93
11 72
43 44
52 78
33 88
24 79
49 86
20 24
36 89
35 99
19 75
0 90
22 83
54 98
20 33
32 58
16 24
22 33
29 53
30 41
37 44
31 80
68 94
36 55
4 43
9 39
12 31
61 66
28 69
9 53
4 6
3 59
11 76
27 35
29 39
37 41
10 16
50 64
28 34
8 34
7 39
23 81
31 67
0 55
53 85
10 26
75 84
1 52
74 82
19 41
68 86
30 70
46 85
27 53
9 70
11 40
67 97
2 43
54 95
28 45
53 61
15 72
44 84
23 45
10 72
22 95
10 20
56 59
45 76
35 79
36 93
14 76
24 99
29 41
27 81
39 56
11 47
7 72
20 51
27 28
11 68
55 86
30 91
45 56
95 99
47 62
11 19
32 61
16 97
35 72
55 85
13 60
79 95
2 15
66 98
7 37
26 79
47 52
10 27
19 40
29 59
55 99
22 37
80 85
41 80
15 27
33 41
31 51
1 76
77 95
5 33
22 54
30 59
0 7
4 14
51 68
78 87
14 64
20 43
19 65
12 72
11 75
28 73
43 96
16 81
15 24
3 57
22 57
3 6
16 32
27 93
0 98
48 59
49 72
15 26
63 76
54 58
56 81
27 33
51 95
18 31
70 93
27 59
1 31
58 74
37 52
32 67
26 99
62 65
55 79
0 33
2 12
24 58
26 35
28 72
58 66
73 76
86 97
47 86
14 21
72 97
7 86
12 24
33 72
39 59
13 62
35 61
47 51
45 65
53 72
14 22
35 59
9 41
39 99
5 77
2 6
23 59
10 40
82 88
14 19
6 22
2 19
16 82
49 71
56 77
15 96
12 27
24 69
36 82
31 65
33 61
26 33
16 66
76 82
8 21
12 26
22 82
23 92
74 95
27 77
22 43
46 70
8 11
27 68
38 73
30 32
50 52
19 55
54 83
30 66
21 28
30 98
59 91
9 59
59 82
39 85
31 82
52 85
14 44
3 38
10 17
13 81
33 42
62 69
48 83
6 20
60 84
35 88
17 32
7 33
14 98
15 81
27 39
12 96
19 59
0 3
63 84
28 56
46 61
8 76
12 81
29 35
9 35
19 81
56 92
39 79
6 96
21 43
76 87
46 50
34 81
16 26
64 84
3 43
51 82
53 99
14 58
15 56
17 66
21 31
30 48
10 30
26 53
8 69
49 67
79 81
67 88
1 87
11 27
3 29
35 85
76 84
7 67
25 50
62 75
72 93
41 76
71 72
41 74
10 22
27 71
53 70
52 75
66 67
10 77
62 87
25 96
13 76
40 58
38 70
27 52
51 75
65 86
41 72
3 41
42 77
31 70
22 61
26 28
44 73
19 96
53 79
55 70
46 92
39 72
85 95
10 41
20 40
29 55
27 47
44 52
78 94
2 25
34 75
12 56
16 33
79 97
5 54
90 91
52 64
55 62
11 67
56 68
6 21
9 55
23 79
17 67
52 56
43 76
28 52
5 35
40 55
72 79
23 32
28 84
7 30
0 58
68 72
39 88
11 77
8 73
74 85
0 50
23 99
81 99
57 85
24 98
41 48
34 97
75 86
40 89
57 92
17 97
44 50
10 86
9 33
54 99
17 24
27 92
55 88
20 68
18 19
72 99
3 9
29 33
26 39
42 54
26 71
7 26
35 86
24 31
20 28
1 4
26 93
11 56
31 85
34 47
34 63
54 88
18 52
15 23
83 93
43 98
7 10
52 58
19 78
31 63
33 59
41 86
13 86
41 91
59 76
21 65
60 76
33 40
69 75
24 71
30 58
14 27
10 61
83 85
23 28
7 29
13 24
14 56
28 49
55 61
3 80
41 67
52 98
49 65
97 99
7 62
10 24
5 40
5 39
24 55
11 23
1 94
56 71
51 58
13 78
81 82
16 95
47 69
19 43
93 99
57 74
43 58
65 73
24 28
22 56
29 98
76 81
11 63
0 10
53 86
3 14
35 42
17 81
81 95
70 95
40 76
47 56
47 72
5 82
33 86
13 97
53 88
34 68
39 70
6 98
11 18
54 79
67 92
17 82
12 23
0 32
22 23
45 94
6 76
21 76
88 95
49 94
68 69
35 40
40 98
45 68
69 86
0 66
36 95
71 73
21 44
23 66
91 92
29 50
59 74
82 85
79 93
19 49
64 73
9 98
3 7
17 33
4 78
33 85
41 54
27 49
16 35
35 70
7 9
45 47
86 87
20 47
56 85
38 59
6 58
3 64
31 55
21 71
13 19
39 83
71 81
81 87
39 42
21 38
6 48
16 72
23 97
57 70
19 87
19 35
18 34
19 53
15 20
22 32
7 74
19 73
24 88
23 68
27 75
14 68
86 93
50 92
32 56
5 55
26 68
20 80
37 46
59 72
33 77
22 27
51 94
6 19
19 77
23 49
53 83
46 59
40 42
34 62
10 62
16 55
56 70
23 52
48 92
5 53
49 76
1 19
15 67
55 77
8 31
56 79
38 85
26 41
52 86
48 90
16 23
19 63
63 69
46 74
26 69
19 93
42 82
23 71
27 97
32 40
23 85
26 32
27 65
56 99
1 13
39 86
36 61
45 95
9 32
49 56
9 66
76 80
45 75
2 20
17 26
27 85
8 84
14 78
22 31
65 72
79 86
22 66
12 20
35 62
7 48
26 88
40 69
9 50
72 92
24 33
10 59
58 99
3 30
24 34
14 23
8 51
20 32
31 60
12 97
12 67
32 77
19 84
34 60
43 48
15 97
20 45
32 72
70 74
24 35
29 32
10 19
59 86
58 79
88 93
29 66
11 31
55 76
56 97
27 70
26 47
1 14
30 82
51 98
36 77
62 79
86 99
70 83
24 87
58 77
22 80
22 52
36 67
8 19
5 67
13 26
27 79
29 58
2 87
35 77
31 45
40 53
19 33
9 10
42 55
20 71
54 67
27 43
43 56
70 82
28 81
23 47
72 75
45 82
14 47
69 76
41 46
32 89
10 29
66 89
42 53
23 70
18 62
33 62
36 92
30 95
27 99
1 80
54 85
41 62
18 69
16 39
15 73
52 63
56 75
65 84
7 91
27 32
78 80
13 72
0 95
50 57
53 62
18 51
56 66
3 83
2 27
4 37
62 99
17 35
87 96
7 84
0 82
23 54
74 90
39 40
98 99
69 72
59 67
19 70
9 58
52 72
40 66
71 84
26 65
28 67
0 37
19 39
32 41
7 54
6 91
7 38
20 81
2 38
19 85
15 40
38 48
38 96
14 92
66 77
20 77
79 98
17 95
12 73
20 96
52 71
26 66
5 93
19 92
24 65
56 65
21 64
33 70
16 53
35 83
2 86
11 60
52 62
30 50
20 75
10 85
15 21
3 92
18 86
54 59
10 89
12 40
16 62
14 95
19 97
16 86
50 98
51 63
19 80
16 45
6 56
20 66
5 95
36 40
8 62
6 27
43 68
24 68
19 69
24 53
31 92
81 88
66 72
89 97
7 73
43 78
37 84
16 51
31 87
51 79
14 86
20 74
20 54
52 60
2 7
19 22
2 62
23 88
8 45
62 93
26 92
12 21
17 55
42 67
88 97
31 53
2 56
14 48
87 97
5 74
38 41
72 87
43 92
31 93
1 43
20 73
67 71
74 99
6 92
62 63
26 87
41 83
16 56
43 91
15 52
65 81
77 98
41 66
68 80
64 70
34 86
40 93
20 84
27 66
23 74
52 65
69 77
39 62
27 96
25 70
82 97
42 93
26 75
0 20
72 88
52 95
62 78
36 98
59 84
86 92
59 83
24 47
13 27
26 59
61 85
57 59
7 32
33 83
14 72
17 39
51 99
45 79
29 37
60 69
44 96
36 58
42 74
70 76
31 35
48 80
23 43
53 77
14 75
74 88
54 56
34 76
31 40
49 68
14 28
11 20
19 60
24 39
76 94
78 86
13 31
11 78
47 49
80 98
17 72
86 96
16 49
39 77
16 27
67 74
23 75
22 67
37 92
95 97
2 44
58 81
55 83
43 47
19 21
1 25
12 52
22 72
15 84
20 50
6 78
74 79
3 44
42 95
16 54
8 86
6 68
59 62
7 96
50 58
23 65
76 77
58 80
27 87
41 57
54 57
18 27
57 93
46 93
62 96
63 86
76 85
24 32
67 68
1 6
17 23
71 97
24 93
51 55
2 13
47 80
49 75
16 93
56 96
3 25
20 65
66 83
31 50
17 53
45 99
61 98
32 86
45 58
27 78
50 84
81 89
13 40
12 84
54 70
25 59
56 74
59 73
20 30
7 68
6 23
53 76
24 89
43 95
76 97
32 83
2 94
7 66
22 90
25 78
18 45
51 78
27 69
14 91
9 37
35 76
38 91
31 81
70 84
41 84
10 70
4 50
29 95
67 89
62 94
61 91
94 96
30 36
13 56
13 96
25 31
58 88
29 82
8 52
14 18
26 34
5 24
17 54
16 58
14 62
2 72
20 79
7 46
20 99
72 85
37 57
45 63
20 78
31 38
24 75
41 61
31 39
37 73
32 59
90 92
28 58
23 36
27 54
76 93
67 69
8 49
9 82
31 37
40 71
9 95
58 68
6 47
27 73
5 26
37 98
47 67
4 31
1 62
11 95
4 18
31 33
33 89
56 88
14 55
3 52
19 34
26 52
34 78
2 23
10 81
77 93
15 95
28 95
43 86
49 79
7 24
6 95
28 40
48 64
27 80
64 96
18 56
2 59
18 72
88 98
24 66
70 72
1 86
56 87
22 86
1 11
32 85
14 82
10 51
68 81
22 76
56 80
54 72
2 64
7 25
49 95
46 54
56 78
41 73
59 64
80 91
34 72
10 31
13 23
50 83
43 75
18 20
4 68
34 40
51 60
26 36
20 37
66 86
2 51
82 89
14 93
67 85
0 6
44 70
27 84
81 98
75 80
53 57
61 82
26 54
17 45
74 91
92 99
56 69
39 57
16 98
10 76
27 74
43 72
13 67
46 53
85 86
76 92
7 47
49 82
47 81
28 97
15 58
28 43
2 41
12 95
64 85
7 28
56 73
59 66
3 90
62 92
30 37
33 76
27 63
86 88
1 27
17 62
25 85
15 77
17 86
58 61
7 51
72 96
27 88
55 81
52 92
17 93
24 42
61 70
4 47
81 94
10 83
60 62
0 43
32 62
70 73
54 90
83 98
17 51
49 99
22 26
70 86
23 69
68 95
39 46
0 14
18 80
59 61
12 77
66 85
65 67
5 23
11 82
50 93
1 20
72 78
52 82
20 49
73 86
20 29
91 93
4 60
47 58
50 73
39 76
69 78
45 98
