100 1731 403.39558748206457 medium
0 965 872
1 381 306
2 767 115
3 379 124
4 860 599
5 219 958
6 959 340
7 891 777
8 361 719
9 776 266
10 611 941
11 198 751
12 908 196
13 836 670
14 895 354
15 766 868
16 697 749
17 647 448
18 852 97
19 876 215
20 523 893
21 786 213
22 188 536
23 140 764
24 248 154
25 993 768
26 296 10
27 748 360
28 98 475
29 983 52
30 553 283
31 891 324
32 246 837
33 723 150
34 671 727
35 387 832
36 393 384
37 664 292
38 647 802
39 316 131
40 309 445
41 1 484
42 890 723
43 889 563
44 640 899
45 403 636
46 172 895
47 587 768
48 444 802
49 322 489
50 539 992
51 225 113
52 403 79
53 423 949
54 143 747
55 125 420
56 952 726
57 174 20
58 642 492
59 774 364
60 437 694
61 15 839
62 820 447
63 580 782
64 614 250
65 134 270
66 723 368
67 748 377
68 158 963
69 659 134
70 56 325
71 620 562
72 106 128
73 583 318
74 257 382
75 417 567
76 14 455
77 85 177
78 753 469
79 739 941
80 969 550
81 428 732
82 389 48
83 927 482
84 143 596
85 558 989
86 696 69
87 658 260
88 737 576
89 690 623
90 583 174
91 668 986
92 324 589
93 216 160
94 465 740
95 202 333
96 797 993
97 653 270
98 508 764
99 223 838
87 97
47 63
27 67
23 54
50 85
32 99
37 97
27 66
27 59
66 67
59 67
14 31
41 76
37 87
24 93
52 82
16 34
12 19
81 94
60 81
64 97
17 58
64 87
40 49
30 73
4 43
24 51
51 93
94 98
3 52
10 44
59 66
72 77
60 94
9 21
7 42
11 54
2 33
25 56
11 23
5 68
28 55
42 56
3 39
35 48
37 64
48 94
6 14
33 69
88 89
45 60
8 81
38 47
30 64
46 68
6 31
38 63
45 75
62 78
10 85
24 39
48 81
10 91
16 38
58 71
74 95
63 98
48 98
64 73
69 86
4 13
22 84
13 42
46 99
3 82
15 79
79 96
5 46
34 38
1 36
47 98
7 56
80 83
8 60
43 80
40 74
64 90
79 91
2 86
73 97
37 73
33 86
69 90
81 98
28 76
2 18
10 50
21 33
43 83
19 21
11 99
44 91
45 92
67 78
65 95
39 51
71 89
8 45
34 47
32 46
73 87
59 62
65 70
75 92
37 66
38 44
28 41
9 59
9 27
11 32
45 81
60 98
2 21
49 92
10 20
20 50
62 67
26 82
30 97
39 52
20 85
7 25
36 40
39 93
65 77
66 78
34 89
51 57
8 94
34 63
59 78
30 87
44 79
0 25
17 78
27 37
35 81
78 88
48 60
22 28
27 78
2 69
19 31
85 91
17 66
39 82
23 99
30 37
16 47
9 19
25 42
62 83
27 62
30 90
58 78
12 18
87 90
9 67
72 93
20 53
9 66
9 37
8 35
55 95
55 76
20 44
17 71
8 48
55 70
71 88
9 87
90 97
13 43
14 62
37 67
4 80
51 72
5 99
7 13
18 19
0 7
66 97
20 48
35 94
45 94
54 99
14 59
16 63
44 85
26 57
35 53
63 94
26 39
49 75
9 97
12 21
17 67
31 59
50 53
5 32
64 69
20 63
26 51
62 66
4 88
47 94
49 74
69 87
66 87
16 89
36 49
58 88
26 52
9 33
4 42
57 72
33 87
10 79
60 75
23 32
15 96
9 31
13 56
28 84
12 31
50 91
91 96
15 44
20 98
27 97
37 59
44 63
14 83
22 55
77 93
18 21
17 27
3 24
27 87
4 83
23 46
43 62
8 92
36 74
15 38
69 97
21 87
13 88
70 76
32 54
65 93
44 50
55 74
48 63
15 16
18 29
35 98
33 97
18 33
58 89
41 55
14 19
20 47
53 85
68 99
3 26
32 35
44 47
22 49
31 62
33 90
67 97
37 90
10 38
73 90
38 98
24 72
21 97
65 72
40 92
17 73
21 37
1 74
6 83
23 61
22 92
57 93
70 95
11 46
0 56
35 60
47 48
14 27
27 31
67 87
2 19
33 64
9 14
58 66
48 53
66 73
14 67
20 35
9 12
21 69
6 19
55 65
46 54
70 77
54 84
2 9
22 40
21 59
24 26
21 27
17 59
31 67
43 88
6 12
21 31
24 57
59 97
13 89
15 91
62 88
32 68
8 98
33 37
20 38
51 77
86 90
60 92
3 51
7 15
40 95
28 70
59 87
58 67
17 88
1 40
4 56
17 37
4 62
54 61
37 69
18 86
12 14
13 16
42 43
63 81
16 44
64 66
8 75
10 63
31 83
71 78
12 29
2 12
24 65
9 64
40 75
47 81
20 94
35 99
11 84
24 77
8 32
34 88
43 78
75 81
45 98
8 11
19 33
65 74
78 89
46 61
38 79
0 42
3 93
34 98
47 60
21 66
45 49
60 63
23 84
41 70
21 67
4 78
22 74
27 58
21 86
26 93
15 34
27 73
45 48
10 15
4 89
24 52
20 91
14 66
34 71
17 62
27 64
1 30
93 95
31 66
78 83
13 34
10 47
43 56
34 44
67 73
6 62
21 64
28 95
9 69
24 82
51 82
56 80
81 92
55 84
16 88
47 89
17 97
14 21
13 80
75 94
17 89
39 57
57 77
19 59
4 7
41 84
1 95
62 80
84 92
51 52
2 87
51 65
1 3
8 99
14 78
30 69
44 96
58 62
58 73
58 59
38 89
28 74
36 75
64 67
24 95
13 25
38 91
9 18
40 55
9 62
6 59
1 39
20 81
79 85
10 53
17 87
44 98
30 36
61 68
16 98
17 30
30 66
42 80
12 33
15 42
76 84
22 76
38 94
1 49
2 97
10 96
59 83
2 90
63 89
19 27
22 41
16 42
86 87
19 29
77 95
7 16
59 64
59 73
18 69
16 79
35 45
49 95
6 9
36 95
37 78
64 86
0 15
69 73
67 88
35 63
23 68
9 73
31 78
17 64
32 48
36 73
37 58
1 24
16 71
1 73
38 48
11 61
71 75
70 72
22 95
52 90
53 98
52 93
2 64
5 53
9 78
2 37
10 98
15 63
15 47
11 92
86 97
11 35
82 93
50 79
34 94
19 67
92 94
21 90
0 96
38 85
67 83
43 89
61 99
5 11
28 65
63 85
66 88
49 84
47 71
49 55
13 83
70 74
14 43
32 53
5 23
14 80
27 30
35 47
5 35
13 15
39 72
3 90
32 81
6 80
10 16
27 33
6 27
83 88
42 88
48 50
9 86
40 45
28 40
53 94
9 90
50 63
7 43
6 67
6 21
12 59
4 25
59 88
11 22
11 68
22 54
30 33
27 88
36 92
19 66
30 67
54 68
27 83
20 60
57 82
75 98
53 81
10 48
13 78
74 92
33 66
38 50
33 73
44 48
62 89
48 85
34 42
25 80
66 71
8 54
37 62
33 59
1 93
65 76
35 50
51 95
20 79
4 16
63 91
10 34
58 97
20 34
19 87
44 53
78 97
47 85
9 17
13 62
63 71
7 79
42 89
9 30
26 72
48 99
35 46
76 95
5 54
40 84
28 49
34 79
63 79
67 71
2 29
37 86
8 23
19 37
7 34
60 71
74 93
16 20
72 95
45 47
30 58
73 78
8 63
1 52
24 74
4 34
33 67
21 73
53 99
39 65
47 50
12 27
53 63
31 37
45 71
45 63
78 87
19 97
70 93
43 59
25 43
3 57
38 81
50 98
89 98
47 79
18 31
85 98
13 38
78 80
62 71
11 81
81 99
71 98
32 61
22 75
8 47
82 90
19 69
19 86
39 95
35 85
16 94
58 87
47 91
22 23
8 49
43 67
80 88
66 83
6 43
15 56
11 45
49 60
30 59
39 77
7 96
3 30
71 94
38 60
5 61
0 79
34 60
44 94
21 62
52 57
48 75
34 58
22 45
58 75
6 66
8 20
8 53
32 60
19 62
16 91
31 43
85 96
34 48
31 80
27 71
14 37
66 90
32 94
1 64
0 13
7 80
54 92
15 85
1 90
13 71
38 71
12 67
31 87
31 33
74 84
66 69
4 71
4 58
38 96
27 69
2 31
34 81
6 78
38 88
21 30
62 97
58 64
47 88
42 83
31 97
47 53
15 20
48 92
74 75
7 38
56 83
11 60
2 27
55 77
71 73
12 86
27 43
62 87
4 14
40 65
53 91
15 25
1 51
10 94
27 90
4 67
22 70
2 59
10 35
1 65
4 59
8 84
59 71
35 92
11 48
41 95
8 22
41 65
36 45
12 66
67 89
28 92
57 65
30 52
7 88
7 89
18 87
89 94
74 76
23 92
92 98
21 29
84 99
14 87
32 45
22 36
53 60
38 42
16 56
43 66
14 97
23 35
71 81
15 89
12 69
46 53
2 66
43 58
24 70
66 89
59 69
30 86
39 74
60 99
50 96
12 87
21 78
1 82
8 46
35 54
36 64
16 48
15 50
67 69
17 75
63 88
34 91
64 78
32 92
3 36
14 18
55 92
94 99
4 17
67 90
35 44
35 38
52 69
17 36
32 84
56 88
12 37
50 94
2 67
9 58
60 89
16 58
45 84
47 75
13 58
1 75
9 83
18 97
16 96
35 68
4 27
19 64
36 39
49 81
42 79
14 17
53 68
6 18
12 97
16 60
85 94
12 62
3 64
35 75
14 33
11 94
16 43
13 47
74 77
38 53
17 43
4 66
92 99
43 71
26 77
27 89
59 90
59 80
16 81
84 95
63 75
62 73
44 81
36 55
39 90
45 99
34 78
18 37
51 74
2 14
51 70
36 58
22 65
52 64
19 83
24 36
32 98
2 30
59 89
14 88
34 43
3 72
17 21
30 78
73 86
37 71
91 98
17 31
5 48
3 95
2 73
1 97
61 84
55 93
75 84
41 74
28 54
83 89
4 31
4 6
16 85
10 81
29 33
5 8
18 59
15 98
75 89
8 40
45 58
7 44
13 63
18 90
40 60
40 70
17 34
3 69
1 55
44 89
67 80
1 87
34 56
17 90
47 58
3 73
56 89
30 39
17 83
19 78
20 32
45 54
50 81
18 27
18 64
36 65
34 45
36 90
1 37
69 82
92 95
20 45
81 89
36 97
70 84
42 62
4 15
62 64
58 83
3 65
34 85
3 74
54 81
36 93
16 78
42 96
11 75
36 37
30 82
12 83
31 64
76 77
30 71
29 31
45 89
46 48
29 86
58 60
13 79
81 85
14 58
80 89
36 71
44 60
42 78
49 65
1 92
49 94
6 29
23 81
16 50
11 49
48 91
79 98
27 80
13 17
20 96
23 28
23 45
0 4
36 87
55 72
30 40
45 74
24 55
52 86
37 88
15 88
25 83
11 28
71 97
72 82
4 38
34 96
98 99
0 16
22 60
38 45
40 76
31 88
72 74
27 86
2 6
19 90
34 50
88 98
58 63
16 25
7 83
71 92
24 40
48 71
9 29
8 38
28 77
25 96
18 67
54 60
3 77
6 37
41 54
12 64
52 73
73 75
14 64
11 53
40 93
31 69
18 66
34 75
66 86
1 22
31 58
46 84
73 88
52 72
13 44
1 17
40 73
10 60
64 82
56 79
63 96
34 35
8 71
6 33
58 98
46 81
21 83
22 99
7 47
48 89
71 87
58 94
20 99
16 17
23 60
59 86
36 52
7 91
42 44
13 67
48 54
66 80
42 47
26 65
23 48
22 32
49 71
25 79
17 33
82 86
47 96
5 81
1 26
17 45
31 73
56 62
28 36
56 96
30 49
22 81
49 76
60 84
38 58
8 34
11 98
3 87
40 41
3 97
19 73
40 81
5 20
7 63
6 87
49 73
64 71
30 74
13 59
67 86
33 62
9 88
49 70
23 41
52 87
36 60
30 62
45 53
6 97
12 78
21 58
49 54
14 73
39 40
17 69
57 95
38 56
42 71
14 29
52 97
30 75
16 45
50 60
42 63
81 84
53 79
34 62
71 83
88 97
8 68
20 89
88 94
9 43
75 95
0 91
47 92
0 43
41 77
36 51
60 85
91 94
54 76
32 75
25 88
49 58
75 88
33 78
35 91
1 58
63 92
39 64
16 35
31 86
41 49
4 47
13 14
58 81
3 86
79 89
5 50
0 80
54 94
13 27
60 88
13 66
14 69
51 55
1 77
73 89
58 90
17 60
52 95
6 88
39 70
37 83
7 10
25 34
56 78
13 96
11 40
1 70
17 47
0 38
87 88
12 90
23 94
8 50
39 73
16 62
48 79
0 44
65 84
17 19
1 69
55 75
57 70
15 94
54 55
17 49
1 72
10 89
33 52
36 84
0 34
54 75
48 68
3 40
15 48
5 94
38 75
15 43
1 28
23 49
52 65
19 30
6 17
77 82
36 66
26 90
1 45
3 37
24 30
32 50
46 94
11 41
49 98
28 75
37 89
8 44
58 80
73 74
40 71
58 92
73 82
46 60
52 77
34 53
75 99
23 76
40 94
16 75
29 69
8 85
8 10
4 63
9 71
24 90
25 89
48 49
36 82
2 62
40 58
52 74
28 93
26 95
8 36
37 52
16 80
44 88
8 16
7 78
7 62
44 71
76 92
17 80
17 40
65 82
23 53
14 89
32 63
42 58
11 55
15 71
16 53
45 88
35 84
41 92
72 76
79 94
23 75
38 43
5 85
30 31
78 90
17 63
82 95
13 98
46 92
47 78
36 70
5 60
40 51
82 87
31 90
8 89
20 75
39 69
24 49
9 80
4 9
22 94
17 94
42 91
23 55
40 54
14 71
28 45
20 71
82 97
3 33
17 98
53 54
49 93
7 71
30 88
81 88
39 55
83 97
34 80
45 46
32 85
28 72
12 73
1 66
14 86
25 38
19 80
32 47
69 78
5 98
18 73
19 43
64 88
11 76
83 87
22 61
35 49
71 80
33 82
40 77
14 30
81 91
38 78
36 81
75 78
1 71
13 31
20 46
18 62
33 58
50 99
6 58
62 69
45 55
18 30
6 13
10 13
37 43
16 83
15 53
17 92
8 74
84 94
1 57
2 17
17 38
44 45
10 42
2 78
24 28
34 83
30 95
11 20
89 97
36 67
41 61
68 81
27 36
32 49
6 64
35 71
22 35
44 56
76 93
63 78
13 91
39 49
34 67
58 69
17 81
30 93
8 28
74 82
12 80
22 46
60 74
14 90
31 89
46 98
0 10
31 71
23 40
8 58
63 99
62 90
40 64
19 58
34 66
49 99
4 79
12 17
51 90
36 94
20 92
45 95
89 91
6 69
4 37
15 81
87 89
39 97
25 62
48 84
21 43
43 47
79 88
66 75
36 69
54 98
45 73
12 30
39 87
2 52
8 61
21 88
30 89
17 42
9 89
90 93
68 84
47 56
85 99
12 43
89 92
37 82
48 58
23 98
35 89
35 79
96 98
14 42
10 45
22 48
3 49
30 51
37 75
5 84
36 78
48 88
56 71
47 99
5 45
1 27
0 89
36 77
41 72
65 92
57 74
20 68
4 44
35 61
15 60
60 91
24 73
64 75
28 61
53 92
34 92
22 77
0 88
11 74
1 67
42 67
26 74
79 81
73 92
26 30
27 34
1 84
16 67
29 59
1 33
40 98
56 63
70 92
43 97
14 56
40 72
25 44
53 96
6 73
22 93
15 80
42 59
34 59
49 64
13 94
6 86
40 52
24 64
7 58
43 63
10 71
75 97
68 94
10 32
46 50
3 70
64 74
64 89
15 35
8 55
43 87
45 50
73 83
36 89
24 76
73 95
36 59
67 75
40 48
16 66
53 75
50 68
17 86
30 92
54 74
20 88
7 98
11 63
25 78
37 39
78 98
21 80
30 45
26 69
28 51
5 92
2 82
28 99
61 76
42 98
13 20
4 19
36 72
47 49
18 78
39 86
56 91
89 96
40 90
45 85
36 76
7 20
29 87
40 97
6 56
10 88
26 36
21 71
37 40
22 24
74 90
19 88
38 92
27 29
60 68
45 78
60 78
2 3
49 51
56 58
4 97
4 98
41 93
85 89
6 42
11 47
74 81
64 83
33 83
71 90
27 42
3 55
60 79
75 87
27 75
49 63
6 89
28 32
25 91
49 89
49 77
0 83
43 73
1 60
0 47
18 83
42 66
16 27
5 10
16 59
22 98
4 21
36 88
8 17
1 86
4 73
4 87
37 49
7 85
35 40
38 62
40 87
0 63
78 94
29 97
17 74
15 58
26 70
1 76
47 62
49 97
1 9
36 98
32 40
2 58
71 79
1 59
46 85
61 92
62 86
12 58
26 64
50 89
32 44
31 42
4 96
29 37
15 78
37 80
23 74
73 93
13 60
44 75
2 83
58 74
9 36
68 85
29 67
48 96
10 99
5 63
84 98
51 76
8 88
40 99
32 38
68 98
55 57
10 56
60 73
56 59
