100 1079 296.1215966457023 medium
0 201 159
1 732 823
2 561 301
3 242 334
4 219 289
5 663 485
6 772 409
7 472 416
8 961 980
9 797 779
10 473 810
11 285 333
12 162 208
13 618 2
14 196 444
15 609 286
16 818 637
17 688 401
18 667 279
19 166 456
20 697 495
21 2 379
22 836 61
23 841 99
24 353 890
25 437 647
26 2 332
27 625 233
28 537 326
29 242 190
30 8 576
31 338 248
32 316 695
33 969 603
34 832 844
35 310 809
36 593 189
37 598 497
38 838 587
39 258 716
40 800 551
41 856 100
42 550 572
43 606 617
44 986 771
45 914 737
46 513 926
47 779 963
48 187 369
49 220 915
50 124 692
51 88 221
52 594 797
53 417 212
54 910 958
55 131 545
56 432 899
57 45 78
58 756 732
59 831 418
60 667 291
61 378 794
62 648 384
63 927 77
64 398 721
65 33 750
66 511 923
67 29 639
68 888 742
69 915 315
70 403 388
71 629 638
72 170 781
73 254 201
74 738 659
75 971 326
76 952 737
77 507 414
78 160 544
79 951 276
80 273 518
81 174 554
82 734 594
83 986 888
84 384 121
85 535 571
86 781 98
87 176 930
88 37 947
89 312 97
90 805 493
91 720 949
92 644 792
93 719 408
94 13 108
95 595 571
96 562 175
97 57 357
98 277 32
99 276 253
46 66
18 60
23 41
42 85
29 73
78 81
45 68
55 78
43 71
17 93
14 19
36 96
2 28
7 77
5 20
45 76
22 23
3 11
17 62
22 41
57 94
55 81
42 95
49 87
21 26
43 95
44 76
52 92
2 15
3 4
0 29
38 40
6 93
69 79
16 38
75 79
27 36
15 27
8 54
73 99
69 75
15 60
40 90
15 18
21 97
6 59
85 95
23 86
26 97
47 91
32 39
31 99
18 27
9 58
0 12
68 76
74 82
3 48
5 37
22 86
30 67
4 99
0 73
35 61
29 99
27 60
42 43
9 34
89 98
37 95
7 70
41 63
62 93
41 86
12 51
71 95
58 74
14 48
61 64
84 89
1 9
40 82
4 11
59 90
24 56
44 45
11 99
12 29
15 28
56 66
16 74
25 64
6 17
43 85
46 56
27 96
32 64
4 48
31 53
5 17
3 99
16 40
19 78
23 63
37 42
19 48
20 93
6 90
24 35
12 73
22 63
28 77
1 92
2 27
1 58
16 82
17 20
4 73
60 62
5 93
8 83
19 55
31 73
10 61
53 84
37 85
10 56
9 68
15 36
19 81
20 37
4 12
24 61
38 90
11 31
50 72
4 29
5 62
1 34
44 68
42 71
54 83
38 82
11 48
80 81
15 62
20 82
14 78
2 60
35 39
18 62
14 80
70 77
50 65
20 90
2 18
50 67
39 72
5 95
71 74
7 28
65 67
17 60
29 31
14 81
59 93
16 58
71 82
6 20
32 35
71 85
78 80
34 68
10 64
29 89
2 36
18 36
32 61
44 83
20 40
56 61
73 89
10 66
3 14
14 55
2 62
0 99
37 43
15 96
90 93
20 62
10 52
12 99
10 46
37 77
38 74
82 90
37 62
19 80
17 18
25 85
9 45
35 64
40 74
28 62
2 77
4 31
2 96
36 60
16 68
6 62
1 91
30 55
58 92
0 89
20 95
27 28
60 93
3 31
0 51
43 82
5 82
25 32
11 70
34 47
48 97
47 54
0 4
17 37
33 38
58 68
5 6
59 69
3 73
9 74
28 60
34 45
33 76
31 84
24 49
34 58
11 73
25 42
51 94
39 50
40 59
34 54
18 28
43 74
16 45
55 67
35 49
18 93
84 98
51 97
15 17
58 82
87 88
39 64
26 51
1 52
65 72
82 95
5 90
11 14
5 42
35 72
49 72
39 61
9 16
3 19
5 43
3 29
17 59
62 77
10 24
37 71
55 80
16 90
6 40
33 45
2 7
48 99
50 81
53 99
50 55
19 97
63 86
4 51
28 70
1 47
18 96
28 36
0 98
17 90
72 87
3 12
11 29
51 57
53 96
7 37
37 93
52 66
35 56
5 40
20 43
50 78
46 52
73 84
27 62
28 96
31 89
34 91
9 92
5 85
31 70
20 59
71 92
16 33
76 83
30 78
53 89
60 96
4 14
5 71
29 51
29 84
6 60
58 71
45 58
20 71
25 61
77 85
89 99
34 83
9 76
34 76
33 68
24 66
2 17
67 78
29 98
52 71
38 68
74 92
12 48
10 35
0 31
53 73
15 77
42 77
14 97
24 46
30 50
1 74
15 93
40 93
28 53
20 42
38 58
10 25
37 82
6 18
51 73
16 76
45 83
7 85
30 81
59 75
74 95
67 81
38 45
20 38
17 28
33 44
20 74
38 59
2 53
32 72
3 70
34 44
84 99
73 98
6 69
11 19
5 77
68 74
25 43
10 92
48 80
7 42
91 92
52 58
24 64
12 57
4 19
25 95
11 12
4 97
0 57
1 68
30 65
68 83
29 53
53 70
33 40
48 78
36 53
48 51
7 62
20 85
74 90
11 53
43 92
17 27
12 94
0 3
21 51
77 95
2 70
43 52
12 31
35 87
5 59
48 73
19 21
56 64
24 87
17 77
28 37
13 96
32 80
12 97
39 81
8 47
70 80
48 55
9 47
21 48
61 66
42 82
70 99
11 80
48 81
49 88
59 79
84 96
59 62
40 58
3 97
16 20
3 80
12 89
82 93
9 91
66 92
0 84
17 40
29 48
46 92
8 34
38 76
13 36
26 48
46 61
7 15
6 82
16 71
43 58
9 44
13 86
5 74
6 38
54 91
51 99
2 93
3 51
62 90
52 56
25 39
40 71
32 50
25 71
45 74
0 11
31 48
17 95
5 60
62 95
10 32
0 94
6 37
34 92
9 82
58 76
9 38
65 88
21 30
52 91
33 90
7 95
39 78
24 39
19 30
17 82
24 32
39 80
27 93
49 61
52 74
2 37
28 93
41 79
67 72
32 81
82 85
63 79
59 82
1 45
60 77
44 54
55 97
12 26
5 38
39 49
36 62
5 28
5 7
64 85
9 52
6 15
7 11
14 21
93 95
1 16
40 43
19 26
15 53
25 35
40 95
5 18
20 60
5 15
27 86
20 77
37 90
14 99
42 74
59 60
16 34
34 74
46 91
23 79
61 72
25 80
36 86
4 70
27 53
37 40
69 90
18 77
52 64
21 55
12 98
40 68
2 5
0 48
8 44
66 91
7 53
15 37
9 54
1 71
42 62
77 93
4 53
49 56
72 88
42 64
16 43
39 55
24 72
3 53
4 89
78 97
68 82
28 31
18 86
37 74
14 70
7 31
16 44
38 93
18 59
38 71
6 75
52 61
27 77
7 17
48 70
69 93
5 16
32 78
54 68
25 52
37 60
82 92
47 92
18 20
40 45
9 83
62 85
9 71
16 59
17 42
35 50
36 84
58 91
25 37
47 83
98 99
45 54
53 77
4 26
74 85
0 53
41 69
6 79
37 70
1 54
7 80
14 26
90 95
60 86
26 94
30 97
31 98
54 76
3 78
70 85
40 62
13 22
43 77
52 95
62 96
92 95
11 51
29 57
15 20
62 82
72 81
55 65
39 65
58 95
74 76
9 40
53 98
71 90
23 69
21 78
19 67
18 37
17 85
1 82
50 80
81 97
39 87
2 31
11 97
42 52
6 27
14 30
15 70
45 82
65 87
3 81
33 59
19 99
17 43
35 66
13 27
64 66
7 60
47 58
86 96
10 71
17 36
43 64
16 95
6 16
20 28
16 92
44 58
52 85
7 25
38 43
11 84
12 21
35 46
10 43
43 90
10 39
32 56
4 21
46 64
33 82
4 80
75 90
4 84
42 93
42 70
31 96
64 72
38 44
1 76
11 77
57 98
43 62
31 77
2 20
2 6
72 78
56 92
11 89
43 93
33 74
32 55
63 69
7 18
64 80
3 55
12 14
12 84
7 20
7 27
17 38
70 73
55 72
42 92
19 50
6 95
3 26
32 49
40 76
36 77
65 81
1 43
7 43
39 67
65 78
1 46
14 31
97 99
57 73
1 66
34 52
17 69
49 50
8 91
8 76
13 23
29 94
25 77
61 87
38 95
50 87
22 79
58 90
26 30
3 7
3 21
20 58
17 71
60 90
0 97
28 85
62 70
11 78
77 96
21 81
64 71
85 93
37 59
9 33
79 86
28 42
47 68
85 92
19 70
52 82
10 85
71 93
3 89
7 93
11 81
8 45
19 51
64 95
14 51
12 19
47 52
8 68
26 55
33 58
68 92
60 69
6 28
29 97
49 65
16 93
14 73
10 42
18 23
9 43
18 69
40 42
73 97
31 51
32 85
74 93
28 95
25 56
11 28
6 74
2 84
39 56
36 93
25 92
63 75
94 97
41 75
23 27
18 90
62 71
15 86
5 27
7 99
12 53
69 86
71 77
29 70
28 84
3 84
51 89
64 92
77 80
37 38
14 67
34 38
24 25
7 36
7 96
13 41
26 57
56 87
14 29
14 50
15 59
24 52
59 74
73 94
1 38
17 96
18 53
23 60
1 44
1 10
8 9
18 41
76 82
16 37
42 58
25 70
30 72
21 67
79 90
23 75
31 36
4 78
89 96
11 55
53 60
1 83
68 90
13 84
40 69
17 74
45 47
49 64
4 98
0 26
23 36
5 58
32 42
26 78
75 93
80 99
6 77
70 95
27 37
27 84
40 85
70 96
22 69
61 92
6 43
27 41
68 91
79 93
42 90
45 90
51 98
80 85
70 84
57 89
10 95
34 82
46 47
41 60
4 81
80 97
50 88
16 17
19 73
19 31
6 71
4 55
27 70
47 66
28 99
2 42
21 94
2 85
30 80
20 27
7 71
44 74
2 95
22 27
67 80
61 85
83 91
58 85
54 58
4 57
32 87
15 31
30 48
50 61
10 49
4 94
22 36
94 98
36 70
16 52
6 42
50 64
45 92
16 42
62 69
19 39
18 22
6 33
19 29
3 77
27 59
33 75
33 34
7 14
5 70
1 8
36 41
31 80
2 11
58 83
38 62
5 25
14 32
48 53
26 29
25 81
14 39
15 84
68 71
57 97
64 81
1 40
42 61
26 81
93 96
85 90
60 70
59 95
13 18
77 99
19 32
42 80
38 92
44 47
72 80
40 75
38 69
20 69
70 81
11 26
4 7
37 58
35 65
67 97
10 91
6 36
26 73
18 79
13 15
35 52
60 79
47 76
76 90
0 14
15 90
26 99
17 70
15 95
22 60
33 83
18 70
25 66
9 90
30 39
11 21
1 95
6 85
40 92
56 72
45 91
27 31
53 62
40 44
32 65
38 42
43 61
70 78
7 48
35 81
2 99
60 95
25 46
23 96
34 71
62 74
77 82
57 99
9 95
74 91
16 85
13 53
49 66
17 79
15 42
40 60
56 91
32 67
20 33
17 75
38 75
33 69
13 60
46 49
35 80
10 58
2 59
15 85
34 40
3 28
61 80
61 71
25 78
36 89
32 52
