100 1809 414.8493702538308 medium
0 839 257
1 539 692
2 723 444
3 867 337
4 76 37
5 985 394
6 344 505
7 740 123
8 122 486
9 542 675
10 427 976
11 32 489
12 607 519
13 141 788
14 822 732
15 512 161
16 618 212
17 304 563
18 965 358
19 598 759
20 249 986
21 126 523
22 349 356
23 727 418
24 558 195
25 61 325
26 5 239
27 109 577
28 501 28
29 684 927
30 554 58
31 630 25
32 201 417
33 673 959
34 342 149
35 730 296
36 30 288
37 533 98
38 865 895
39 421 965
40 258 567
41 245 465
42 848 670
43 192 363
44 862 178
45 800 521
46 727 85
47 141 930
48 540 508
49 604 158
50 211 977
51 681 501
52 357 891
53 515 50
54 509 467
55 737 377
56 699 603
57 498 57
58 672 779
59 372 363
60 202 919
61 20 944
62 461 976
63 201 292
64 586 142
65 928 860
66 928 692
67 210 180
68 926 144
69 147 609
70 840 484
71 253 996
72 25 979
73 492 303
74 351 197
75 920 702
76 777 510
77 439 377
78 362 110
79 657 794
80 689 468
81 32 222
82 472 963
83 740 988
84 69 248
85 788 309
86 131 108
87 521 595
88 291 892
89 178 744
90 166 438
91 98 155
92 646 653
93 613 372
94 354 119
95 808 336
96 529 112
97 434 535
98 499 443
99 971 635
20 71
78 94
10 39
66 75
37 96
62 82
1 9
53 57
58 79
22 59
49 64
45 76
54 98
28 53
2 23
28 57
26 81
34 94
85 95
29 33
51 80
10 62
61 72
8 21
20 50
30 53
7 46
32 90
5 18
39 62
2 80
23 55
34 78
30 37
81 84
50 71
17 40
10 82
25 36
34 74
27 69
39 82
37 53
48 54
15 96
37 57
45 70
32 43
26 36
16 49
36 84
30 57
21 27
15 24
86 91
13 89
50 60
3 95
24 49
35 85
30 96
24 64
28 30
47 60
16 24
23 80
57 96
53 96
64 96
26 84
32 41
8 90
52 88
36 81
15 37
14 42
12 48
70 76
2 55
59 77
19 79
37 64
6 17
2 51
66 99
43 63
38 65
44 68
0 85
56 92
33 83
12 51
15 64
19 58
48 98
28 37
16 64
25 84
74 94
42 75
43 90
35 55
20 60
55 95
0 44
9 87
29 83
30 31
42 66
41 90
3 85
75 99
47 50
0 3
0 95
55 85
2 76
35 95
74 78
24 96
49 96
21 69
28 96
48 87
77 98
1 19
4 86
30 64
8 11
73 77
8 27
15 49
60 71
22 77
37 49
60 88
21 90
81 91
6 97
23 51
51 76
12 80
84 91
76 80
39 52
1 87
11 21
24 37
3 18
9 19
54 97
14 75
25 26
40 41
55 80
20 88
51 56
23 76
8 32
15 57
87 97
6 40
9 92
6 41
67 86
25 81
2 45
48 97
10 52
71 88
12 54
15 53
15 30
30 49
63 67
97 98
14 66
1 92
54 77
31 46
17 41
67 91
12 87
41 43
23 95
0 35
53 64
19 92
50 88
11 27
15 16
31 53
40 69
4 91
45 51
56 76
31 37
20 47
47 61
23 35
57 64
80 93
23 93
45 80
2 70
55 93
12 56
8 41
23 85
32 63
31 64
26 91
8 69
47 72
23 45
24 73
42 99
54 87
58 92
28 31
21 32
47 71
45 56
23 70
3 5
2 93
12 98
21 41
17 97
31 96
15 28
7 44
16 96
59 73
93 98
52 62
56 80
31 49
34 67
52 82
29 79
31 57
3 55
51 55
25 43
24 30
2 95
87 92
2 12
69 89
55 76
21 40
63 84
73 93
35 93
12 92
49 53
16 35
73 98
7 49
54 93
48 51
79 92
8 43
13 47
67 74
16 37
28 64
0 68
3 35
46 49
11 90
15 73
20 52
25 63
13 60
6 59
51 93
57 78
49 57
12 93
7 31
52 71
2 35
29 58
55 70
6 22
39 88
27 40
36 91
3 70
2 85
59 98
63 90
27 90
44 85
24 57
22 41
81 86
7 16
24 53
70 95
70 80
46 64
22 73
84 86
87 98
25 90
48 80
48 93
47 88
7 64
16 73
38 83
1 79
51 92
67 94
42 45
67 84
57 94
12 23
22 43
45 55
14 58
0 55
52 60
77 97
65 75
8 40
15 78
40 90
18 95
1 58
22 74
3 44
6 77
10 88
51 70
22 32
16 93
32 40
2 56
22 63
28 78
0 18
3 23
41 59
42 56
15 94
17 69
44 46
53 78
54 73
15 74
48 77
9 79
33 79
28 49
14 65
11 69
9 58
11 25
0 7
16 30
6 98
44 95
9 48
78 96
59 74
67 78
16 46
25 32
6 32
65 66
43 84
14 38
9 12
6 54
50 52
12 76
15 34
5 70
39 71
36 63
63 91
37 78
54 59
69 90
8 25
9 56
28 94
21 43
20 39
7 35
22 98
12 97
25 91
77 93
41 69
42 76
30 46
94 96
10 71
53 94
51 54
27 41
14 79
73 74
24 28
60 89
76 95
9 97
35 80
35 44
18 70
63 74
80 95
14 99
56 58
56 87
14 56
10 20
41 63
36 43
17 32
40 97
13 69
32 59
2 3
48 92
43 59
33 58
54 80
15 31
37 94
27 89
34 57
19 87
26 86
17 21
13 88
70 85
59 97
67 81
63 81
1 56
49 73
18 85
11 32
60 61
29 38
43 67
1 48
56 70
27 32
24 31
59 63
45 95
48 56
24 93
51 87
19 56
1 12
85 93
50 72
42 70
17 90
88 89
5 95
64 73
35 49
60 72
23 56
7 68
80 85
16 31
19 29
1 97
62 88
47 89
80 92
4 81
6 90
34 96
51 98
80 98
16 53
7 85
12 55
14 92
12 45
50 61
2 48
76 92
40 89
82 88
37 46
73 96
22 54
3 76
17 27
56 79
7 24
16 85
3 45
4 67
6 48
16 57
0 23
63 86
7 30
74 96
13 61
8 17
34 37
22 97
93 95
6 87
30 78
34 53
32 69
24 35
28 34
46 96
70 99
0 5
74 77
22 90
38 75
34 63
11 36
33 82
76 85
13 50
41 97
24 46
3 68
33 38
36 90
42 92
45 92
57 74
26 63
16 55
11 43
0 46
45 99
42 65
36 86
24 74
42 58
22 34
37 74
18 44
23 48
46 68
25 67
6 43
51 95
21 25
7 37
62 71
37 73
30 94
8 63
36 67
39 50
48 73
9 54
80 87
35 51
35 64
79 83
35 46
4 84
17 59
7 96
17 22
14 45
20 62
45 85
38 66
33 62
41 77
43 81
26 67
84 90
13 27
19 33
45 66
24 78
4 26
49 93
32 36
76 93
11 41
40 43
32 84
5 85
46 53
34 86
34 73
29 82
68 85
2 54
10 50
34 59
45 75
24 77
18 68
24 94
35 70
16 28
8 36
6 21
35 76
59 90
17 87
47 52
58 83
51 85
12 77
0 2
53 74
17 89
24 34
3 80
71 82
48 59
9 51
2 92
6 69
6 8
86 94
23 54
13 72
7 95
39 60
2 98
20 72
20 82
22 67
26 43
5 45
38 58
68 95
0 16
13 20
14 19
38 42
66 70
28 74
64 78
17 54
14 76
16 95
1 54
0 70
21 89
65 83
42 79
15 77
25 86
15 46
43 91
29 62
71 72
18 55
17 98
65 99
55 56
17 43
23 98
27 43
22 40
17 77
43 74
73 94
30 34
46 57
76 99
63 94
78 86
54 92
7 15
25 41
38 79
64 93
52 89
18 45
10 60
46 85
70 75
73 78
20 61
77 87
16 23
28 46
64 94
54 56
40 59
15 93
44 55
50 89
12 70
35 45
9 98
13 71
66 76
7 53
48 55
48 76
22 94
32 67
74 86
42 51
1 51
49 85
58 87
35 73
5 76
61 71
14 29
11 40
45 93
73 97
13 52
75 76
19 82
12 19
79 87
59 93
87 93
32 77
64 74
5 99
18 76
93 97
56 75
17 48
92 97
21 63
63 78
18 35
16 77
11 84
8 84
34 91
22 48
34 64
59 67
59 94
12 73
54 55
18 23
56 66
15 59
6 27
30 74
57 73
22 78
16 44
56 93
10 33
49 78
55 98
43 77
34 77
3 51
35 68
5 44
23 92
5 55
14 70
3 7
51 97
50 62
13 40
43 69
6 73
79 82
24 59
7 57
11 26
33 39
1 98
2 87
20 89
30 73
63 77
49 94
29 65
70 93
59 78
0 93
21 36
9 80
7 55
53 73
15 22
81 90
2 16
12 35
61 89
24 98
41 98
0 49
4 36
24 55
55 73
26 90
49 74
56 98
49 55
92 98
3 93
15 35
74 91
25 27
6 63
19 62
24 85
2 18
5 68
73 80
42 80
7 28
70 92
19 48
32 81
2 42
91 94
44 49
0 80
5 23
11 63
58 75
16 98
45 48
0 76
6 9
32 97
34 43
50 82
8 22
10 29
23 73
67 90
64 85
34 49
43 86
40 77
71 89
9 17
6 12
80 97
46 95
22 24
41 54
8 89
22 93
40 87
26 32
60 62
19 42
13 21
16 80
29 39
77 80
32 74
2 5
0 45
11 81
16 74
62 79
78 91
12 58
1 17
58 65
14 83
82 83
19 83
1 80
1 52
76 87
1 6
40 54
58 66
14 51
2 73
49 95
19 51
40 98
54 76
14 33
19 39
23 87
77 94
58 82
12 95
51 77
35 96
5 35
93 96
8 26
33 65
60 82
56 97
51 73
35 98
56 99
49 77
19 52
28 73
23 44
16 78
59 87
61 88
1 29
10 19
24 54
29 92
18 99
64 77
12 85
16 54
19 97
13 17
77 78
31 44
0 64
51 58
44 64
75 92
36 41
21 22
3 16
8 59
75 79
8 81
65 79
1 82
62 83
35 37
55 64
41 84
35 54
12 79
7 93
23 42
77 90
23 24
72 88
77 96
16 94
72 89
38 99
40 63
21 84
31 78
32 91
11 17
12 59
39 47
15 98
92 93
16 34
4 63
9 52
12 42
35 48
66 92
90 97
37 93
9 14
1 14
76 98
74 84
41 89
24 95
74 98
41 67
9 76
23 49
0 24
45 58
40 48
41 74
3 46
4 25
56 95
4 34
16 59
45 87
58 62
58 76
31 35
9 29
66 79
22 25
10 47
4 94
17 63
34 84
55 92
0 51
23 77
6 89
90 91
63 73
39 79
31 94
2 77
46 55
43 94
10 79
73 87
21 59
2 9
11 89
51 79
37 77
22 87
1 62
64 95
4 78
7 23
41 73
14 80
16 51
45 54
30 35
59 96
73 85
9 82
69 97
25 69
43 97
18 80
1 39
55 77
41 48
2 24
1 33
32 98
27 63
27 36
1 76
19 38
55 68
6 93
22 84
2 44
9 45
48 70
48 58
35 77
67 77
8 13
15 67
12 14
24 80
32 34
2 97
22 96
5 66
49 98
74 90
9 40
24 44
2 14
43 78
29 42
19 80
41 87
5 80
16 22
12 22
19 54
1 10
43 73
15 54
9 42
16 48
12 17
89 90
7 73
19 76
44 70
55 87
56 85
33 92
12 16
1 40
59 64
67 73
6 74
5 42
45 79
21 97
76 79
35 56
21 26
1 2
46 93
48 79
49 59
2 49
1 42
23 64
37 59
31 73
45 98
9 93
58 80
9 62
15 55
1 45
32 54
25 40
19 45
51 66
0 31
51 75
39 58
6 11
32 73
9 33
54 74
84 94
2 99
57 67
15 85
10 83
25 59
42 55
64 98
24 48
31 34
9 39
10 58
3 56
5 75
60 69
74 93
52 79
9 77
21 81
16 68
23 97
3 99
44 93
8 97
9 23
32 86
22 37
25 74
43 98
3 12
69 88
73 95
18 51
48 85
3 49
4 74
11 13
8 67
48 95
34 81
85 98
1 88
31 68
22 64
51 99
30 93
39 83
74 81
46 73
54 85
17 73
47 69
49 80
2 7
22 91
63 69
2 66
9 10
5 51
49 68
22 49
41 81
33 52
49 54
47 62
22 69
78 84
59 84
29 56
2 75
31 85
7 18
57 77
85 96
92 99
29 75
22 36
67 96
22 27
38 92
54 95
23 99
40 88
35 53
95 98
19 75
66 80
79 80
12 24
27 97
80 99
31 74
32 89
14 23
28 67
1 93
39 89
75 80
29 52
17 88
26 41
24 51
22 86
89 97
1 77
30 44
34 41
14 87
57 59
37 85
19 98
13 39
27 84
54 70
53 67
25 34
2 64
9 88
86 90
8 91
58 99
17 52
1 23
96 98
47 82
23 46
90 98
35 57
18 42
37 67
34 98
59 69
3 42
43 54
36 74
59 80
54 64
22 57
63 98
52 58
19 88
32 94
15 23
8 77
57 93
6 25
42 87
53 77
42 83
38 56
18 66
6 92
42 95
53 93
63 97
19 66
55 96
6 51
15 63
44 80
70 87
16 76
33 42
75 83
81 94
34 90
52 87
51 59
37 44
23 68
29 66
40 52
2 58
2 19
27 59
30 77
13 41
44 96
58 70
23 66
64 68
3 24
17 25
10 89
11 91
95 99
0 15
58 97
52 61
34 36
36 69
55 97
79 97
64 80
3 64
0 96
10 13
44 76
41 91
30 85
23 75
70 98
52 72
11 22
15 95
76 97
59 91
53 59
22 81
56 65
54 90
56 77
0 37
77 92
19 65
21 77
37 55
4 43
32 78
37 98
18 75
6 80
31 93
0 30
83 92
42 48
74 97
22 53
15 48
6 13
55 99
24 67
78 81
26 74
44 45
7 80
26 34
65 92
0 12
0 73
36 59
15 44
66 83
68 70
59 86
13 90
34 93
32 48
16 70
49 51
6 67
52 69
79 99
54 58
73 76
18 93
12 40
28 35
40 73
73 90
2 15
21 67
17 19
26 27
17 92
9 70
5 56
54 63
15 80
27 60
27 47
28 77
94 98
30 59
9 59
82 92
77 85
54 96
48 49
92 95
6 34
9 55
2 79
40 60
33 75
11 67
33 56
1 83
95 96
22 80
25 94
61 69
31 95
16 45
54 79
28 59
2 46
34 54
6 19
23 59
70 79
78 98
14 48
3 66
2 59
36 40
12 49
22 28
18 56
22 30
28 93
24 97
93 94
18 46
2 68
22 51
45 65
12 75
11 59
41 94
78 93
76 77
27 81
17 93
22 26
37 95
9 41
27 88
48 74
35 59
52 97
23 96
56 73
19 23
12 66
1 89
35 87
30 67
14 55
23 58
55 59
5 7
36 94
46 78
1 70
62 89
42 85
12 41
32 87
45 97
19 70
82 89
35 92
30 55
31 55
59 81
6 56
55 66
8 74
3 75
48 64
1 59
17 74
3 48
26 94
21 91
33 66
69 84
37 54
44 53
29 87
25 78
24 63
44 51
90 94
17 60
9 83
12 15
9 89
57 86
40 84
13 62
82 87
77 95
51 64
1 41
24 68
16 97
1 55
85 92
62 92
5 93
9 22
69 77
55 75
0 56
50 69
41 78
85 99
87 89
63 96
23 37
69 87
52 92
13 82
46 94
7 70
41 86
5 14
9 73
87 88
66 95
13 32
53 85
6 84
16 18
3 73
30 95
6 24
36 78
43 48
45 73
12 64
27 61
64 67
58 98
8 86
7 78
15 43
28 86
57 63
79 88
9 75
8 98
42 93
41 93
26 78
38 45
15 51
35 97
48 90
3 54
54 94
1 75
65 76
43 89
40 47
21 98
40 74
25 77
6 36
30 68
12 99
15 97
17 51
78 90
73 92
23 79
7 51
75 95
6 15
3 98
22 23
39 87
44 57
24 76
2 6
1 38
57 85
2 22
0 53
37 63
2 96
88 97
39 92
15 86
46 80
79 98
3 92
22 35
62 87
27 77
1 22
57 98
7 94
54 78
6 94
65 70
6 52
9 66
87 95
21 54
13 97
56 83
68 93
19 93
26 59
8 54
0 98
33 88
87 90
17 36
53 86
22 55
45 77
7 76
54 69
30 98
1 66
69 98
69 72
40 67
10 92
34 46
80 96
0 48
19 40
44 73
20 69
6 88
67 98
9 38
28 44
0 54
85 87
35 74
3 31
1 73
77 84
35 42
49 76
70 73
46 74
10 87
12 18
6 23
17 84
19 99
53 98
11 86
7 77
17 67
33 87
29 88
49 67
2 37
38 76
52 83
16 87
42 54
68 76
53 55
0 57
6 78
37 68
7 74
21 74
48 96
3 15
39 72
14 95
26 69
53 63
17 80
34 97
17 56
58 88
40 92
45 68
3 14
86 96
5 12
68 96
38 82
7 34
59 92
16 56
55 57
23 30
28 63
4 32
27 52
0 99
14 18
9 69
31 77
7 98
1 69
6 16
69 71
68 80
21 87
37 80
39 61
17 47
28 85
24 87
48 63
10 72
37 86
8 34
49 70
7 45
5 46
43 87
24 43
15 32
21 60
69 81
24 70
21 88
15 41
11 97
23 31
40 93
56 59
48 69
24 45
3 96
1 60
19 55
77 91
55 58
21 47
66 85
10 61
0 28
77 86
70 97
16 67
1 13
29 99
53 95
27 67
5 16
34 48
37 48
14 54
46 77
54 57
73 86
27 72
3 37
4 90
58 93
12 74
30 54
38 70
57 91
38 62
35 78
27 98
27 87
40 81
45 49
40 50
18 49
8 73
27 50
1 20
0 42
75 87
63 64
6 55
24 41
49 97
8 87
19 77
15 91
26 40
21 48
15 68
7 54
12 96
32 93
54 67
75 85
64 76
46 70
27 54
