100 1826 418.09687872549347 medium
0 802 176
1 24 364
2 685 565
3 56 502
4 999 927
5 1000 66
6 693 604
7 605 193
8 974 289
9 269 908
10 654 883
11 762 737
12 743 135
13 439 174
14 190 633
15 977 814
16 575 361
17 553 841
18 800 993
19 465 936
20 223 964
21 650 858
22 114 432
23 310 365
24 916 428
25 217 624
26 687 936
27 60 793
28 347 567
29 34 467
30 989 550
31 925 850
32 741 53
33 552 683
34 8 903
35 424 740
36 349 432
37 945 919
38 812 182
39 177 497
40 721 381
41 750 873
42 457 836
43 955 485
44 854 536
45 509 611
46 743 874
47 302 172
48 165 756
49 979 145
50 517 435
51 162 655
52 318 4
53 669 523
54 582 661
55 210 959
56 411 144
57 727 354
58 306 171
59 50 442
60 24 784
61 11 833
62 770 350
63 699 451
64 300 338
65 542 850
66 478 784
67 649 320
68 991 580
69 479 836
70 666 808
71 632 305
72 683 944
73 199 888
74 270 613
75 737 62
76 870 554
77 943 839
78 240 904
79 450 863
80 897 346
81 998 214
82 939 448
83 672 948
84 148 727
85 432 7
86 742 176
87 448 192
88 189 667
89 255 102
90 815 952
91 862 441
92 498 695
93 490 233
94 525 810
95 620 678
96 318 783
97 654 42
98 724 719
99 643 693
47 58
41 46
26 72
32 75
0 38
72 83
20 55
17 65
26 83
13 87
31 77
42 69
67 71
44 76
10 21
95 99
40 57
42 79
14 25
23 64
9 78
51 88
29 59
30 68
24 82
48 84
14 88
14 51
27 60
33 54
69 79
2 6
43 82
12 86
13 56
3 29
54 95
17 94
11 98
15 77
57 62
65 94
18 90
73 78
2 53
60 61
25 88
66 69
21 70
69 94
66 94
25 74
4 37
33 92
24 91
42 66
40 62
87 93
0 86
3 59
56 87
20 78
10 26
55 78
25 51
15 31
27 61
65 69
22 59
10 83
10 72
33 95
54 99
24 43
35 66
34 61
38 86
49 81
31 37
0 12
55 73
9 20
84 88
9 73
42 94
12 75
51 84
30 43
40 63
17 69
19 79
10 70
82 91
23 36
9 55
13 93
53 63
8 81
20 73
16 71
37 77
5 49
12 32
1 59
14 74
12 38
26 46
66 79
33 45
24 80
47 89
6 53
16 67
45 92
98 99
57 67
75 97
58 89
42 65
21 26
35 92
22 29
32 97
45 54
26 41
10 46
28 74
22 39
54 92
3 22
66 92
33 99
79 94
65 66
21 72
48 88
46 72
21 83
65 79
16 50
17 66
21 46
40 67
44 91
8 80
17 42
10 41
74 88
41 72
17 21
19 42
57 63
19 69
48 51
21 41
80 91
46 70
35 42
43 68
6 99
41 90
46 83
43 91
14 84
1 29
6 95
4 77
17 79
36 64
46 90
41 70
70 98
4 31
57 71
41 83
21 65
56 58
10 17
43 76
15 37
27 84
80 82
35 69
27 48
95 98
47 56
1 22
43 44
76 91
30 82
52 85
75 86
35 96
2 63
4 15
7 71
19 65
51 74
52 89
10 65
40 71
70 99
17 70
92 94
56 93
30 76
6 98
11 70
34 60
3 39
27 34
7 93
44 82
35 94
32 86
92 95
62 63
68 76
25 84
24 44
62 67
6 54
33 66
14 48
35 79
76 82
18 26
18 72
11 99
62 80
12 97
26 90
62 91
17 19
45 95
26 70
33 94
18 41
2 95
65 70
0 75
18 46
72 90
13 58
25 39
21 94
37 90
24 76
9 96
7 67
2 99
28 36
18 83
30 44
48 73
60 84
11 41
14 39
13 47
70 72
0 32
70 95
7 86
11 46
39 59
56 85
19 94
33 35
70 83
63 67
2 54
70 94
38 75
1 3
25 48
68 82
25 28
24 30
69 92
83 90
58 87
48 60
44 68
78 96
8 49
92 99
62 71
29 39
42 92
32 38
16 40
47 87
5 81
10 94
39 74
42 96
7 12
6 11
31 90
8 24
43 80
40 53
16 57
19 66
6 63
16 63
40 91
54 98
16 93
11 95
79 96
35 45
48 96
17 92
46 98
41 98
7 87
45 99
21 98
17 33
73 96
39 51
7 97
2 98
71 93
54 94
66 96
17 83
86 97
57 91
63 71
54 66
65 92
35 65
56 89
6 33
53 95
94 95
18 37
65 83
8 82
53 54
63 91
17 35
17 26
11 21
21 99
24 62
17 72
48 78
47 64
94 99
80 81
74 84
7 13
58 64
13 85
33 65
30 91
52 58
28 45
36 50
52 56
27 73
26 65
47 52
73 84
33 70
54 70
65 72
24 68
69 96
33 69
71 86
57 80
14 28
39 88
7 16
77 90
38 49
67 86
2 44
27 51
53 99
48 61
21 69
38 62
17 99
61 84
88 96
50 71
79 92
6 44
50 67
10 90
50 53
33 98
45 66
45 50
17 95
62 86
31 41
74 96
35 54
44 63
0 62
66 95
48 74
2 33
10 98
57 86
53 57
84 96
40 80
0 49
33 42
27 88
10 69
67 93
10 11
2 45
17 54
21 95
45 53
50 63
10 18
31 46
28 39
36 39
6 76
6 45
9 48
38 80
2 76
44 53
85 87
4 90
7 75
3 51
9 79
65 99
28 88
21 66
16 53
23 39
3 14
2 40
25 96
66 99
2 11
38 81
8 91
65 95
51 60
69 70
28 35
66 70
68 91
21 90
18 31
10 99
34 73
38 57
17 46
0 57
23 47
54 65
23 58
8 38
58 93
21 42
0 80
44 80
7 32
16 62
62 82
11 54
61 73
41 77
10 19
8 43
14 96
36 74
13 89
47 93
0 7
28 92
9 19
33 53
11 31
78 84
17 41
35 74
63 76
45 94
0 81
0 97
21 79
7 56
19 35
53 62
37 41
92 96
21 33
24 40
19 21
85 89
39 64
9 42
83 94
51 96
18 21
10 66
3 25
7 57
60 88
46 65
70 92
10 42
1 39
24 57
12 71
46 77
54 69
53 76
60 73
53 98
50 93
53 67
44 62
40 44
20 96
28 51
10 79
26 94
23 28
35 95
6 70
0 8
40 86
14 27
55 96
46 99
58 85
33 79
37 46
22 23
72 94
70 90
7 38
19 83
12 67
11 77
10 95
64 87
48 55
22 64
21 54
13 52
94 96
41 65
41 99
34 55
4 18
53 91
76 80
47 85
17 98
0 67
18 77
42 70
40 50
38 97
16 87
27 78
69 95
3 88
19 96
2 50
11 76
11 26
15 90
8 62
87 89
0 71
38 67
78 79
14 22
13 64
42 54
34 48
2 57
6 92
28 50
71 87
20 48
2 91
12 62
11 33
49 80
64 93
69 99
9 84
22 25
28 96
38 71
19 72
24 63
23 50
38 40
94 98
12 57
26 98
76 98
0 40
5 38
7 40
11 44
53 71
73 88
23 87
11 90
11 72
44 57
19 26
9 69
21 92
70 79
69 83
23 93
20 34
56 64
27 55
30 80
35 99
63 80
65 98
14 60
44 98
10 33
5 8
85 97
6 40
34 84
50 57
0 5
45 69
42 95
62 76
46 94
19 78
92 98
42 78
29 51
2 92
7 62
14 29
40 82
22 51
40 76
11 15
18 70
52 87
9 35
72 98
43 62
24 81
11 83
80 86
13 23
25 27
26 69
69 72
42 45
2 62
13 16
46 95
2 16
39 84
57 82
34 78
25 36
13 71
85 93
11 53
10 54
51 61
11 17
41 94
28 64
65 96
17 45
41 95
15 68
15 41
42 99
6 91
83 98
22 36
50 54
55 61
28 33
51 73
12 49
20 27
14 59
16 36
25 35
50 64
79 83
19 70
67 87
9 27
22 74
45 74
49 86
61 78
31 98
63 82
36 45
55 84
64 89
63 95
54 63
45 98
51 59
3 74
25 29
45 65
54 79
81 82
15 46
17 96
74 92
42 83
78 88
53 92
23 56
9 66
3 84
19 92
61 88
19 20
2 70
36 93
6 50
10 92
67 91
57 76
35 88
35 78
72 79
22 88
26 99
12 40
25 59
60 78
11 65
2 67
26 79
11 94
45 63
63 99
20 79
69 78
20 84
20 61
16 86
67 80
77 98
90 98
33 50
42 72
25 60
26 42
23 74
79 95
35 70
15 18
93 97
45 70
68 80
73 79
13 97
6 57
50 87
29 88
26 31
28 54
28 66
9 88
7 85
66 83
72 99
66 98
33 96
4 41
87 97
21 35
14 73
32 49
28 84
55 60
8 57
13 67
49 75
19 55
40 43
14 36
83 99
45 96
79 99
14 35
7 50
6 21
8 86
11 37
27 96
43 63
86 93
26 66
55 79
26 37
16 45
11 18
81 86
45 79
39 48
5 32
35 48
31 72
36 87
66 72
50 92
51 78
9 34
12 80
4 46
8 30
28 48
31 70
43 57
44 99
5 75
42 73
37 72
68 77
56 97
38 91
71 97
50 95
36 47
15 30
59 88
36 58
25 73
81 91
24 53
71 75
16 23
2 71
6 62
62 81
6 94
5 12
57 93
76 99
66 78
26 95
20 42
46 69
50 62
12 81
46 54
24 38
71 91
11 92
19 33
71 80
20 60
14 61
2 24
9 61
23 89
89 93
63 98
8 40
66 74
22 28
35 73
33 46
6 16
15 98
19 73
41 54
59 64
10 35
23 59
31 83
12 93
69 98
0 91
16 56
13 50
67 75
10 31
13 36
72 95
56 71
41 69
44 95
26 77
9 94
40 93
43 81
33 41
37 83
32 71
6 46
7 63
9 60
8 44
33 63
9 51
83 95
6 41
21 31
23 25
6 17
35 51
14 78
42 55
16 64
35 84
3 48
0 24
27 74
64 74
1 64
29 74
8 12
11 68
31 68
67 97
63 86
59 74
70 77
76 95
9 65
2 82
46 66
53 82
6 66
72 77
5 86
25 78
15 76
12 16
2 43
6 10
32 67
11 45
3 60
29 84
73 74
6 24
36 88
18 98
21 45
17 90
8 76
69 73
19 46
53 70
1 23
9 14
41 66
20 69
52 93
26 33
50 99
6 67
6 43
11 66
24 67
42 46
43 53
3 23
53 80
6 65
9 25
25 92
62 75
24 49
17 18
33 74
28 42
54 96
33 83
86 91
3 27
36 51
42 74
6 82
65 90
8 68
42 98
38 63
9 17
19 41
34 51
33 72
77 83
57 75
25 45
10 77
74 78
2 94
30 77
55 88
49 62
0 16
11 63
46 79
10 37
25 61
21 77
14 23
0 63
3 64
60 96
11 30
76 77
23 29
26 54
86 87
36 56
28 95
38 82
18 65
9 74
2 21
41 42
29 64
55 69
56 67
30 62
22 84
16 38
34 88
66 73
44 67
25 64
16 91
37 98
3 28
5 80
32 62
19 54
20 88
6 68
36 59
44 54
60 74
28 69
7 58
11 69
16 54
78 94
41 79
37 70
75 93
12 87
54 72
35 98
54 83
6 30
20 35
19 95
68 98
31 76
28 94
19 99
21 37
3 36
32 57
2 66
59 84
6 35
63 93
75 81
36 92
42 48
13 86
32 81
46 92
62 93
7 47
4 11
15 44
2 30
48 79
50 74
0 82
2 80
57 81
6 71
49 82
69 74
2 17
25 66
35 55
24 86
26 92
2 68
30 63
12 13
30 31
65 78
83 92
54 76
16 28
51 55
74 79
10 45
41 92
32 93
24 71
79 98
50 56
75 85
36 71
72 92
88 92
91 98
90 99
61 96
15 70
66 88
4 26
20 66
32 85
11 91
40 54
9 92
40 45
28 79
40 95
14 92
2 35
48 66
30 98
2 46
15 26
2 41
14 64
20 51
6 69
54 74
44 77
1 14
63 92
23 45
4 72
30 40
42 88
75 87
29 36
67 82
35 36
29 60
0 93
29 48
11 43
27 39
49 91
13 75
35 50
2 65
39 96
62 68
12 63
8 63
63 68
17 78
40 75
2 10
95 96
14 45
55 66
16 95
25 42
36 67
44 71
57 97
11 42
22 47
53 94
30 53
15 72
40 99
28 99
67 76
31 44
1 51
28 59
74 94
16 80
57 87
31 99
33 36
16 33
90 94
45 67
53 66
40 81
35 83
1 25
22 58
48 69
32 87
45 88
28 53
14 66
39 60
13 32
23 88
23 51
14 34
70 76
75 80
38 93
79 88
8 67
14 55
36 54
53 68
27 29
30 57
35 53
49 57
23 71
42 84
4 83
19 45
22 48
26 35
8 75
12 91
28 29
32 40
16 97
43 98
6 80
62 97
16 58
16 44
7 80
35 72
15 43
45 71
15 21
10 15
18 94
44 70
6 42
79 84
8 32
32 80
78 92
1 36
16 47
40 87
6 26
12 56
34 96
56 86
14 20
36 53
15 83
64 71
77 99
25 79
91 99
3 61
48 59
52 64
66 84
38 43
25 55
73 94
14 42
40 68
21 53
69 88
82 86
33 44
30 81
7 53
56 75
90 95
12 85
11 79
45 57
25 69
96 99
7 64
1 47
19 98
50 58
2 28
11 35
40 98
6 31
52 97
51 92
17 53
48 92
18 99
71 82
91 95
20 65
16 99
11 82
20 94
54 57
13 57
47 50
18 19
61 74
20 25
16 75
6 72
25 33
12 24
21 96
2 69
53 93
41 76
43 49
49 97
57 95
51 66
7 23
1 58
23 67
37 68
32 56
8 71
16 92
17 28
59 60
50 86
6 77
36 89
33 76
7 52
28 65
45 64
46 76
71 76
6 83
4 98
0 43
1 88
50 91
65 73
11 24
40 97
39 50
51 64
82 98
35 46
33 40
42 51
35 39
5 97
4 68
14 79
64 88
16 24
54 67
57 68
43 67
4 10
6 28
39 47
55 94
69 84
25 34
24 98
70 96
57 99
1 89
55 65
64 67
40 49
45 51
9 28
13 40
19 48
16 32
1 74
31 95
7 36
19 90
36 63
10 96
39 58
53 65
39 45
27 59
55 74
50 66
50 98
84 92
44 50
45 46
35 41
17 20
36 96
58 71
16 76
41 44
44 81
44 45
85 86
14 69
6 15
28 73
28 78
4 70
20 74
2 42
43 77
0 87
25 50
53 86
6 79
15 99
51 79
69 90
4 21
44 46
47 71
73 92
41 45
74 95
54 91
64 85
38 44
36 84
17 73
7 91
18 69
11 19
11 40
63 70
62 87
46 53
22 89
71 85
67 95
41 53
54 71
25 94
10 53
63 87
62 95
65 74
77 95
23 52
2 36
9 33
7 89
17 55
18 95
0 13
76 81
22 60
28 93
33 88
54 62
17 74
0 44
48 94
38 87
67 81
57 98
22 27
51 69
88 94
27 28
14 33
5 62
45 76
62 99
68 99
36 95
68 81
53 69
31 43
29 61
25 54
27 35
15 82
6 90
45 62
12 82
47 59
43 71
38 53
26 45
28 63
2 26
58 97
30 37
0 53
5 24
62 98
17 31
50 76
2 31
36 48
37 76
33 57
54 90
58 59
67 99
13 38
71 95
45 48
18 79
49 67
58 67
16 82
45 83
30 99
39 61
13 62
36 66
43 99
50 94
47 97
21 76
43 86
36 40
12 50
79 90
45 72
33 67
33 90
42 90
2 77
38 76
66 90
44 86
7 49
4 30
71 81
39 92
37 99
18 42
47 67
19 74
42 53
23 85
45 93
14 94
2 72
45 84
41 68
56 57
2 79
19 84
23 92
13 63
24 99
2 7
67 85
21 44
7 8
74 99
1 28
63 81
16 85
9 45
15 95
49 71
14 50
33 78
31 65
2 83
1 84
68 95
2 15
18 66
0 76
3 96
82 99
9 21
8 53
11 57
6 36
81 97
46 68
20 92
2 93
0 50
40 92
19 88
9 10
36 57
84 94
33 71
43 95
5 82
11 62
28 71
19 28
24 95
16 98
71 99
28 87
48 65
38 50
11 50
28 60
80 97
7 24
44 92
17 77
28 67
40 56
50 80
15 91
83 96
30 95
55 92
15 24
34 74
63 75
33 51
77 82
39 73
31 54
45 91
23 35
23 53
0 56
59 61
14 54
54 88
36 99
2 86
82 95
33 91
7 81
10 76
37 44
33 48
4 76
51 94
12 53
16 74
25 65
27 79
23 84
5 57
18 33
68 70
59 89
18 54
17 48
28 47
65 88
45 78
76 92
53 87
33 62
28 58
23 63
19 25
29 47
9 54
35 63
72 96
63 94
24 50
75 91
76 86
27 42
26 96
5 91
23 33
2 8
63 66
17 37
16 43
28 70
17 25
32 63
10 44
50 96
65 77
50 70
50 88
76 90
30 41
23 54
29 58
31 94
31 82
35 60
54 77
39 89
6 19
38 56
50 69
22 50
6 37
6 18
17 88
89 97
2 38
13 28
3 34
8 97
67 92
53 79
37 95
9 83
30 49
8 16
42 50
22 96
67 98
77 91
0 2
33 84
32 91
28 98
25 95
0 85
30 46
24 54
24 75
17 50
16 35
39 87
90 92
33 73
64 92
2 90
30 38
31 33
37 65
53 74
14 19
12 43
9 70
39 93
21 63
30 67
44 49
57 92
96 98
80 98
22 87
23 40
63 97
68 90
3 47
3 73
16 89
39 78
24 77
71 92
43 54
21 78
65 84
53 64
19 51
26 53
30 70
14 65
11 80
22 56
24 32
31 91
56 62
22 61
10 78
63 64
49 63
3 58
5 7
13 22
28 55
31 53
6 96
9 72
54 82
45 73
50 65
39 66
13 39
20 28
70 91
12 44
50 97
17 63
1 48
54 68
36 94
4 44
23 48
23 57
50 51
64 84
28 40
2 74
44 90
13 53
23 96
27 66
