100 565 200.9975124224178 medium
0 526 630
1 310 82
2 680 429
3 853 539
4 513 673
5 18 687
6 299 517
7 566 651
8 540 191
9 956 245
10 546 287
11 430 794
12 554 940
13 590 913
14 444 563
15 373 822
16 521 542
17 111 333
18 354 763
19 818 750
20 846 872
21 337 831
22 518 918
23 271 982
24 919 604
25 555 516
26 620 29
27 328 129
28 718 53
29 900 212
30 622 550
31 55 367
32 129 27
33 196 458
34 432 566
35 585 622
36 453 743
37 87 408
38 666 247
39 573 538
40 587 183
41 972 303
42 704 51
43 419 600
44 255 736
45 295 85
46 548 346
47 146 479
48 670 942
49 993 775
50 897 218
51 157 690
52 923 692
53 349 478
54 440 167
55 939 675
56 849 115
57 477 778
58 398 968
59 87 697
60 70 554
61 66 149
62 167 583
63 852 705
64 365 980
65 835 485
66 164 941
67 110 5
68 564 925
69 404 433
70 88 820
71 648 498
72 282 222
73 432 409
74 265 661
75 745 101
76 424 953
77 887 436
78 763 364
79 973 690
80 554 555
81 371 600
82 384 109
83 770 419
84 761 582
85 46 384
86 968 307
87 770 590
88 556 828
89 820 405
90 721 840
91 479 579
92 715 540
93 210 410
94 343 141
95 210 836
96 664 453
97 136 171
98 772 461
99 621 151
41 86
29 50
84 87
14 34
28 42
1 45
12 68
27 94
31 85
52 55
39 80
25 39
13 68
2 96
32 67
58 76
7 35
58 64
16 80
34 43
69 73
15 21
55 79
14 91
25 80
83 98
12 22
36 57
16 25
14 43
0 4
12 13
0 7
22 68
40 99
37 85
8 40
71 96
43 81
34 91
11 57
33 93
52 79
1 27
30 39
83 89
31 37
82 94
16 39
33 47
27 45
28 75
78 83
11 36
16 91
19 63
3 65
4 7
30 71
10 46
27 82
0 35
9 41
15 18
84 92
9 86
6 53
11 15
43 91
42 75
9 50
64 76
9 29
17 31
65 98
1 94
30 80
0 91
5 59
34 81
18 21
78 89
51 59
53 69
65 77
13 22
52 63
61 97
45 94
89 98
24 55
35 80
77 89
87 92
25 30
44 74
2 71
17 37
80 91
1 82
71 92
14 16
0 80
54 82
30 35
65 89
14 81
11 18
17 85
35 39
39 71
13 48
26 42
49 79
24 52
0 16
4 35
8 99
2 83
13 88
55 63
16 34
45 82
4 36
37 47
3 24
65 83
57 88
30 92
23 64
47 93
25 71
8 10
7 80
68 88
2 98
3 87
78 98
92 98
22 88
25 91
4 91
11 21
22 76
54 94
92 96
26 28
18 36
60 62
16 30
72 94
24 79
3 84
38 40
16 35
39 91
18 44
8 54
0 39
27 72
56 75
2 78
30 96
0 14
38 99
47 62
47 60
48 68
51 62
53 73
44 51
96 98
3 77
49 52
29 56
44 95
6 81
71 80
81 91
25 35
14 80
4 57
0 43
83 96
10 40
51 74
12 88
15 36
3 98
15 57
7 91
7 39
41 50
50 56
49 55
0 34
50 86
48 90
35 91
23 66
66 95
7 30
12 48
29 41
2 92
29 86
16 43
0 25
77 98
7 16
77 83
27 54
6 33
4 43
33 37
19 52
14 25
34 53
24 63
84 98
63 79
65 84
26 99
74 81
34 80
59 70
37 93
70 95
65 87
18 57
53 81
39 96
4 80
0 30
19 20
62 74
17 93
21 44
25 96
10 38
21 95
14 53
23 58
33 62
87 98
20 90
71 98
4 14
42 99
22 58
11 88
12 76
4 16
14 39
46 73
65 92
19 90
25 34
83 92
78 96
36 88
75 99
2 30
4 34
16 71
6 69
0 36
18 74
7 25
34 69
14 69
32 61
45 72
8 38
28 99
47 85
3 89
3 92
5 51
35 71
6 93
59 62
15 76
43 53
65 78
71 84
63 87
6 34
39 92
2 89
43 80
19 55
30 84
1 72
68 76
5 60
66 70
77 78
34 39
59 60
32 97
26 75
31 47
28 56
71 83
21 36
24 65
7 36
22 57
6 43
3 83
30 91
15 44
4 11
36 43
37 60
51 70
6 62
4 39
40 54
6 74
15 58
24 87
21 57
21 76
21 58
13 90
80 96
17 47
5 70
7 14
61 67
17 33
21 64
38 78
11 22
6 14
72 82
2 25
77 86
2 39
71 87
14 35
63 84
30 87
35 92
22 48
38 46
33 53
14 73
72 97
53 93
7 57
8 46
10 99
1 54
51 95
7 43
23 76
0 57
2 46
34 73
49 63
26 40
6 47
46 96
41 77
0 81
15 64
23 95
33 60
12 58
42 56
7 34
11 76
24 84
4 81
25 43
16 69
16 73
10 54
16 81
4 88
31 93
3 55
48 88
84 96
51 60
18 95
80 92
25 92
4 25
34 35
25 73
89 96
83 84
15 95
18 81
17 97
69 91
4 30
53 91
21 23
2 65
36 81
22 64
88 90
43 74
3 63
38 75
39 43
36 91
85 93
19 79
45 54
10 73
19 87
20 63
33 85
54 72
35 43
40 46
43 69
31 33
67 97
46 69
3 52
9 56
16 96
25 46
69 81
13 76
57 68
83 87
24 77
89 92
6 73
58 68
60 85
25 69
44 59
2 84
87 96
7 71
15 22
65 96
30 98
18 43
32 45
13 57
20 49
8 82
73 91
40 42
44 62
71 78
19 49
11 58
7 88
19 84
86 89
19 24
40 75
2 80
34 36
62 93
14 30
68 90
44 81
35 36
12 57
0 71
14 36
35 84
8 26
45 97
59 74
5 62
54 99
76 88
46 71
78 92
2 38
4 18
57 76
41 89
15 88
74 95
16 53
52 87
11 44
2 87
28 40
21 74
59 95
7 92
24 49
35 96
84 89
22 36
44 70
43 57
11 68
71 91
65 71
31 60
35 87
63 90
80 81
1 32
55 87
20 48
17 61
35 57
15 23
0 11
73 80
6 91
29 75
30 34
39 73
43 73
11 12
87 89
50 75
34 74
37 62
77 84
3 79
39 84
12 64
69 80
77 87
39 46
15 74
16 92
11 43
12 90
2 16
2 10
69 93
1 97
71 89
20 52
52 84
27 97
3 78
11 64
7 11
30 83
16 46
36 44
50 78
39 69
57 91
11 13
38 42
13 58
0 88
73 81
21 22
55 84
60 93
28 38
38 83
