100 600 229.0349318335524 medium
0 61 504
1 32 918
2 399 970
3 165 846
4 952 781
5 480 923
6 228 403
7 241 222
8 536 20
9 671 398
10 144 254
11 87 272
12 992 549
13 598 870
14 752 711
15 606 59
16 782 528
17 41 248
18 988 899
19 150 790
20 372 36
21 835 900
22 942 90
23 83 43
24 829 442
25 710 346
26 964 137
27 963 946
28 501 906
29 780 921
30 179 410
31 433 723
32 175 168
33 533 465
34 236 392
35 146 989
36 784 213
37 102 918
38 267 712
39 159 273
40 81 487
41 7 486
42 652 18
43 772 465
44 760 817
45 871 412
46 478 863
47 966 115
48 412 475
49 204 291
50 507 377
51 977 769
52 448 684
53 212 300
54 764 864
55 836 253
56 844 787
57 261 161
58 737 723
59 425 900
60 631 38
61 481 390
62 953 758
63 122 270
64 180 745
65 64 588
66 884 510
67 757 331
68 603 2
69 9 52
70 48 550
71 153 866
72 815 667
73 448 860
74 415 338
75 527 334
76 973 876
77 918 473
78 986 334
79 582 853
80 660 76
81 183 938
82 861 282
83 210 866
84 104 877
85 162 829
86 672 370
87 243 320
88 145 696
89 617 445
90 580 508
91 314 142
92 136 834
93 252 543
94 826 329
95 133 696
96 900 821
97 644 11
98 538 106
99 563 38
42 97
88 95
49 53
6 34
3 85
14 58
26 47
4 62
3 71
13 79
10 39
0 40
51 62
85 92
5 28
10 63
18 76
4 51
9 86
42 60
50 61
60 97
46 73
3 92
8 99
15 60
22 47
11 63
71 92
53 87
39 63
71 85
55 82
19 85
37 84
65 70
31 52
68 97
25 86
60 68
59 73
19 92
44 54
50 75
0 70
60 80
15 99
39 49
49 87
28 46
3 83
25 67
6 30
71 84
66 77
42 68
24 45
11 17
22 26
18 27
84 92
68 99
19 64
57 91
15 80
0 41
71 83
15 68
3 19
42 80
82 94
21 29
29 54
39 53
5 59
10 11
30 34
5 46
64 88
83 85
15 97
24 43
15 42
35 81
33 90
16 43
7 57
46 59
9 25
56 96
36 55
4 96
80 97
64 95
60 99
3 84
67 94
8 68
1 37
28 73
10 49
5 73
27 76
40 70
9 89
11 39
34 87
98 99
61 75
37 71
89 90
40 41
23 69
2 59
84 85
41 70
19 71
28 59
55 94
14 72
81 83
45 77
71 81
7 49
21 54
8 15
83 92
10 53
62 96
15 98
1 84
7 53
37 81
35 37
17 63
61 74
0 65
6 87
49 63
7 32
97 99
64 85
8 98
32 57
33 89
24 66
44 56
37 92
42 99
33 61
76 96
10 32
33 50
51 96
86 89
38 64
68 80
67 86
2 5
3 81
19 88
24 77
45 94
53 63
34 53
19 95
3 37
58 72
39 87
7 39
8 60
44 58
28 79
19 83
4 76
16 24
7 87
19 84
45 66
64 92
81 84
50 74
3 64
7 10
21 96
40 65
10 17
36 82
13 28
16 66
80 99
6 53
46 79
29 44
34 49
12 77
32 39
14 44
83 84
51 76
37 85
4 56
7 91
8 97
9 67
48 61
30 87
81 85
55 67
54 56
21 44
74 75
43 45
56 62
24 94
21 56
81 92
6 49
12 66
30 53
32 63
67 82
60 98
8 42
41 65
25 94
18 96
11 49
10 87
14 56
35 84
62 76
37 83
13 46
2 28
2 73
17 39
43 66
20 91
36 67
9 43
33 48
30 49
68 98
38 88
35 71
4 18
36 94
56 72
5 79
64 71
30 40
64 83
56 58
80 98
32 49
11 53
65 95
7 63
50 89
5 13
45 82
18 51
63 87
33 75
1 71
24 67
2 46
1 92
85 88
25 43
73 79
51 56
1 35
43 67
38 95
65 88
78 82
25 89
21 27
8 80
85 95
11 32
48 50
19 37
48 74
32 53
31 73
43 86
92 95
88 92
30 39
35 83
45 78
45 67
27 96
44 96
21 76
19 38
32 91
34 39
49 57
6 93
97 98
54 96
9 90
16 72
75 89
54 58
42 98
3 35
18 62
16 45
43 77
43 94
16 77
61 89
31 46
6 39
53 57
29 56
75 86
10 57
50 90
13 73
0 30
30 63
1 3
3 88
39 57
19 81
30 93
34 93
25 36
64 84
1 81
24 25
18 21
3 95
9 33
14 54
61 90
77 78
23 32
35 92
17 32
29 96
43 89
25 55
56 76
38 85
1 85
9 75
86 94
44 72
10 30
57 87
78 94
35 85
7 11
45 55
24 82
11 87
59 79
25 82
9 24
38 83
8 20
50 86
62 72
9 50
4 27
11 30
10 34
86 90
13 54
31 38
32 87
4 21
34 63
20 57
33 86
3 38
17 49
70 95
6 40
38 93
9 94
7 34
6 63
71 88
13 44
55 78
77 94
9 16
6 10
71 95
48 90
66 72
24 86
26 55
74 87
33 74
48 93
25 45
1 19
70 88
13 59
72 96
52 73
57 63
31 59
27 51
26 82
4 72
17 53
38 92
40 93
20 98
67 89
6 7
46 52
44 79
34 40
75 90
48 75
83 88
54 79
18 56
12 45
38 52
84 95
25 75
14 96
21 62
27 29
16 89
36 80
49 91
1 83
14 16
84 88
83 95
88 93
34 74
30 41
53 91
27 62
13 29
24 55
47 55
37 64
66 94
9 61
58 96
24 78
20 99
11 34
51 72
38 71
87 91
30 70
61 86
6 11
16 86
36 86
64 81
21 51
65 93
93 95
22 55
34 48
0 93
12 24
0 6
64 65
28 31
4 44
26 36
16 25
43 90
47 82
6 48
31 79
7 30
6 74
29 76
26 78
16 67
17 69
27 56
19 35
77 82
16 58
22 36
9 45
55 86
7 17
44 62
58 79
13 58
21 58
32 69
29 58
39 91
16 90
45 86
66 78
54 72
43 82
10 91
16 94
70 93
0 95
25 50
5 31
4 54
11 57
14 21
14 62
43 72
53 74
36 47
48 89
25 90
0 34
22 82
82 86
7 74
18 29
17 23
54 76
29 79
0 88
12 16
14 29
4 14
30 65
24 89
48 52
12 62
12 72
17 30
25 33
23 57
17 87
64 93
67 77
11 40
12 78
27 54
40 95
52 79
2 83
49 74
54 62
9 36
36 45
2 79
52 59
59 83
2 81
40 88
58 62
66 67
19 65
10 23
72 77
9 55
47 78
52 90
74 91
12 51
40 63
13 31
44 76
13 14
43 55
14 79
4 29
44 51
9 82
4 58
2 13
87 93
37 95
24 72
37 88
18 54
91 98
7 20
1 64
39 40
28 52
75 98
40 53
11 41
74 89
67 78
11 23
