100 1735 395.170849127311 medium
0 181 54
1 355 319
2 960 624
3 206 311
4 596 433
5 856 817
6 84 116
7 366 929
8 243 83
9 223 865
10 25 491
11 197 45
12 759 218
13 904 575
14 726 825
15 976 150
16 344 184
17 992 941
18 921 325
19 94 62
20 910 141
21 809 814
22 712 456
23 962 209
24 814 801
25 434 189
26 946 420
27 650 417
28 878 284
29 167 723
30 263 341
31 964 670
32 502 502
33 947 299
34 738 359
35 179 61
36 987 216
37 844 145
38 483 442
39 939 714
40 736 954
41 999 691
42 33 292
43 552 183
44 623 402
45 309 859
46 542 492
47 767 248
48 427 115
49 530 666
50 927 471
51 712 972
52 742 578
53 539 522
54 557 514
55 427 306
56 500 735
57 494 949
58 397 506
59 106 309
60 165 297
61 824 397
62 789 737
63 478 536
64 723 754
65 781 879
66 819 913
67 900 918
68 682 157
69 754 682
70 561 514
71 775 767
72 580 20
73 213 920
74 351 268
75 981 65
76 622 812
77 107 753
78 374 12
79 936 274
80 541 72
81 715 161
82 255 596
83 771 206
84 521 388
85 25 853
86 507 826
87 705 692
88 395 234
89 79 30
90 12 100
91 478 48
92 508 405
93 162 677
94 828 356
95 583 663
96 618 383
97 523 468
98 623 696
99 357 806
54 70
0 35
21 24
12 83
0 11
44 96
53 54
84 92
53 70
11 35
23 36
46 54
33 79
46 70
40 51
46 53
46 97
27 44
12 47
62 71
68 81
19 89
18 33
32 97
31 41
4 44
61 94
32 46
32 63
32 53
47 83
3 60
38 92
5 24
2 31
29 93
27 96
5 21
38 97
69 87
31 39
65 66
1 74
24 71
95 98
49 95
18 79
64 71
26 50
4 96
6 19
74 88
9 73
32 54
4 27
53 97
54 97
21 71
28 79
18 28
25 88
8 11
70 97
59 60
32 70
15 23
53 63
32 38
39 41
3 30
64 87
92 97
72 80
62 69
38 84
20 37
15 20
15 36
29 77
80 91
8 35
62 64
0 8
24 62
23 79
28 33
21 65
14 64
16 88
45 99
81 83
12 81
1 55
22 27
6 90
25 48
2 13
42 59
49 56
14 71
14 65
36 79
38 46
2 41
46 63
64 69
55 88
21 62
4 46
84 97
4 97
66 67
63 97
54 63
87 98
14 21
48 91
16 74
24 65
55 74
19 35
15 75
20 23
63 70
6 89
9 45
58 63
0 19
40 65
4 84
69 71
28 94
4 70
4 54
34 94
16 25
7 45
19 90
14 24
23 33
56 86
33 36
4 92
2 39
40 66
46 92
77 93
1 88
34 61
38 63
1 30
17 67
37 83
5 71
62 87
89 90
84 96
32 92
5 65
38 53
49 98
18 94
18 26
12 68
21 66
3 59
22 34
47 81
68 83
24 64
71 87
5 66
44 84
38 54
20 75
22 44
5 62
11 19
52 69
35 89
0 89
14 76
21 64
32 58
27 34
4 53
72 91
46 84
38 70
13 50
38 58
30 60
20 36
16 48
14 62
6 35
56 95
78 91
5 67
43 80
12 37
24 66
65 71
92 96
13 31
23 28
4 38
45 73
30 74
25 74
34 47
44 92
0 6
32 84
64 98
51 65
48 78
76 86
76 98
64 76
4 32
28 47
25 55
25 43
4 22
11 89
22 96
54 92
44 97
52 87
18 61
26 33
53 92
44 46
70 92
48 80
51 66
34 96
34 44
18 23
48 88
82 93
7 99
57 86
47 94
26 61
47 68
55 84
65 67
28 61
87 95
22 52
22 61
50 61
18 36
96 97
55 92
44 70
14 66
28 36
37 47
56 98
77 85
14 40
7 57
37 81
44 54
5 14
15 79
54 84
27 46
58 97
27 70
69 98
33 94
15 37
42 60
70 84
27 84
5 39
28 83
43 68
46 96
24 69
6 11
23 37
26 94
27 54
63 92
14 87
53 84
1 16
20 79
79 94
12 28
27 97
64 65
21 67
49 63
62 65
43 48
27 92
12 34
8 16
70 96
53 58
21 69
28 37
13 39
56 76
49 53
54 96
24 67
23 75
38 44
46 58
14 69
76 87
18 50
26 79
9 99
44 53
20 28
38 55
5 64
38 96
16 55
14 51
25 91
53 95
8 78
1 3
13 41
58 92
8 19
70 95
36 75
3 74
54 95
86 99
50 94
39 62
15 33
26 28
1 25
24 39
66 71
9 29
27 53
22 94
7 73
20 83
43 91
76 95
63 84
24 87
12 94
49 54
29 82
49 70
2 50
34 83
4 63
7 9
32 44
33 61
21 40
37 79
25 80
37 75
28 34
71 76
47 61
36 37
56 99
53 96
4 34
54 58
30 59
21 87
83 94
13 26
9 77
49 86
22 70
13 52
20 33
6 8
37 68
21 39
58 70
43 81
68 80
63 95
43 88
14 98
43 72
22 54
52 62
15 28
32 96
61 79
32 49
64 95
52 98
30 55
71 98
40 67
58 82
27 38
5 69
12 20
30 88
27 32
68 72
48 74
47 79
62 98
58 84
35 90
24 40
69 95
18 47
39 71
8 89
65 76
49 76
33 50
22 46
3 42
86 98
46 49
16 78
7 86
27 61
0 90
17 66
43 55
1 92
46 95
16 30
49 87
52 64
78 80
1 38
79 83
62 66
20 47
1 84
86 95
11 78
48 72
32 95
52 95
40 76
5 40
5 31
62 76
6 42
15 18
51 76
73 99
5 17
13 69
18 20
22 53
69 76
33 37
21 51
27 52
12 79
64 66
18 34
8 48
25 78
21 76
33 47
31 62
57 76
3 16
39 69
27 94
60 74
55 97
22 97
12 61
5 41
16 91
48 55
40 71
23 83
1 60
18 83
1 58
52 71
52 70
70 98
24 76
29 85
11 90
42 90
53 98
28 50
54 98
12 18
6 59
13 61
72 81
80 81
51 67
52 54
18 37
20 81
67 71
5 87
29 45
50 79
14 67
44 63
0 78
9 93
73 77
57 99
49 97
61 83
6 60
9 85
13 62
52 61
65 69
23 47
23 94
84 88
33 83
24 51
24 31
10 42
10 59
34 81
73 85
56 63
40 64
45 86
44 61
35 78
47 96
65 87
55 58
29 73
11 16
31 50
22 84
12 23
88 91
95 97
3 88
28 81
2 26
12 33
2 62
88 92
27 47
45 57
4 52
16 35
55 96
72 78
61 96
43 84
29 99
63 96
39 67
16 43
49 58
26 36
74 84
74 92
0 16
27 63
56 87
34 68
32 55
12 43
44 94
22 92
31 69
52 53
43 96
44 47
4 55
21 31
5 51
23 26
37 94
16 60
94 96
36 94
4 58
49 64
62 67
31 71
44 52
15 83
30 58
50 52
75 79
2 69
56 57
8 74
8 88
51 71
22 32
41 62
22 47
24 41
34 79
22 50
77 82
63 98
14 95
36 83
1 48
53 56
26 34
12 96
25 84
33 34
46 52
24 98
80 88
43 74
44 55
51 64
71 95
38 74
8 25
46 55
62 95
34 84
14 86
34 52
51 57
2 5
46 98
39 64
34 50
17 65
43 83
21 98
3 55
66 76
36 47
49 99
17 21
2 52
78 88
85 93
25 72
40 62
56 64
1 97
49 69
43 47
81 94
38 88
13 22
43 92
21 41
17 24
16 80
12 27
12 15
64 86
45 56
8 60
12 36
45 77
54 56
25 92
39 65
20 68
32 98
25 30
12 44
38 49
70 87
59 90
56 70
22 38
2 24
49 52
22 69
3 6
20 94
43 44
4 95
4 61
15 47
13 87
63 82
3 8
10 93
52 96
68 91
13 71
41 50
54 87
8 90
13 94
39 66
32 56
17 39
23 61
82 99
28 68
93 99
2 71
45 93
83 96
5 76
24 52
34 92
1 32
68 96
39 87
30 42
34 70
55 63
7 56
22 87
35 60
33 75
41 71
22 26
34 46
8 91
53 87
19 42
52 94
34 54
60 88
34 37
22 28
86 87
10 60
1 43
39 52
66 69
14 39
31 52
11 48
34 97
64 67
65 98
28 75
40 57
30 38
4 49
81 96
58 74
38 95
12 22
2 21
27 83
13 24
14 56
39 50
53 55
58 95
0 60
36 61
22 95
4 94
52 97
41 69
54 55
21 52
19 60
44 83
46 56
18 22
5 13
68 94
43 78
19 59
51 62
22 63
55 70
14 52
41 67
79 81
26 47
73 93
59 74
66 87
44 58
97 98
27 55
1 59
1 63
60 90
25 68
17 41
13 18
26 31
56 58
3 35
23 81
51 86
32 52
4 47
44 68
14 49
37 61
10 82
58 96
75 83
30 92
0 48
15 94
27 43
35 48
4 43
11 60
74 91
13 64
1 46
27 95
30 82
31 64
3 10
77 99
69 70
22 98
34 43
31 67
17 40
22 83
74 78
13 21
34 53
25 38
44 81
46 87
26 52
0 3
48 68
35 59
3 25
8 30
54 69
56 69
31 87
61 81
55 80
1 8
15 81
49 92
27 68
36 50
55 60
30 84
40 86
12 80
5 98
81 91
52 76
55 91
14 57
18 81
74 97
40 87
2 87
27 28
44 95
27 81
8 59
32 82
23 50
4 98
2 61
5 52
49 71
76 99
0 59
42 89
3 11
80 83
1 4
72 83
88 97
18 75
12 72
52 63
25 96
95 99
56 97
53 69
38 43
34 38
27 58
88 96
45 82
49 62
92 95
6 16
16 59
24 95
35 74
23 34
12 75
4 12
33 81
20 61
16 84
2 64
1 96
9 82
11 74
15 26
21 95
10 29
58 88
13 34
17 31
40 69
50 69
3 58
74 80
3 19
35 42
0 74
11 88
1 53
71 86
47 50
10 77
38 82
16 92
12 26
63 87
32 34
26 41
27 49
26 83
35 88
56 71
11 25
36 81
67 69
20 34
31 65
22 49
32 87
17 71
49 84
16 19
28 96
32 74
61 68
65 86
30 48
11 59
13 33
0 88
68 79
44 49
51 87
0 42
59 89
27 98
27 87
60 89
1 44
41 52
1 54
28 44
4 87
11 91
20 26
10 30
7 76
68 84
47 75
40 98
56 82
17 51
84 95
95 96
27 50
25 81
57 73
22 33
75 81
4 88
72 88
31 66
47 84
41 64
44 88
1 70
9 57
49 82
57 98
14 31
45 85
19 78
27 69
46 69
25 44
23 68
49 57
25 35
41 66
69 86
18 27
7 29
47 80
43 97
4 83
3 90
9 86
0 25
34 36
16 72
6 30
17 62
98 99
61 70
41 65
30 32
52 56
32 88
22 79
87 97
48 84
56 62
4 68
8 55
3 82
30 97
64 70
25 60
51 98
15 61
38 98
14 17
30 63
58 93
74 96
52 92
22 62
52 84
63 86
54 61
48 81
54 64
37 72
18 68
13 28
30 35
66 98
12 84
38 52
25 97
4 25
65 95
51 69
16 38
26 37
45 49
61 69
53 82
38 56
44 98
41 87
26 39
15 68
46 74
37 43
1 82
47 72
4 69
22 81
58 98
55 68
4 74
3 48
57 65
78 89
62 86
63 99
26 27
53 64
8 42
49 96
11 42
63 74
4 81
46 88
82 97
0 91
68 88
67 76
46 61
1 91
22 64
8 80
0 30
67 87
59 88
81 84
55 78
2 94
13 27
35 91
57 95
2 22
50 62
2 67
22 68
33 68
57 64
48 92
44 87
2 18
53 76
21 86
58 99
13 79
47 92
68 92
61 84
44 74
11 30
52 65
12 50
14 41
70 76
54 76
46 82
53 86
13 98
9 56
3 38
16 89
31 61
13 14
6 74
50 83
1 78
18 44
24 86
6 78
3 89
2 14
18 96
73 86
84 94
44 69
43 46
1 80
83 84
61 97
32 69
18 52
7 49
70 94
36 68
1 27
53 61
63 76
2 65
37 80
44 50
63 69
60 82
58 60
1 35
68 75
92 98
54 82
12 92
96 98
7 77
63 88
50 87
5 95
54 94
27 88
25 27
39 40
24 49
34 63
69 97
34 55
56 65
21 49
54 86
53 74
61 92
29 58
1 11
3 92
22 43
45 76
39 98
80 84
70 86
46 94
15 34
70 82
4 56
82 92
0 1
30 46
22 71
51 56
61 87
46 64
2 17
42 74
62 70
21 56
4 28
22 58
48 60
25 58
27 33
27 79
81 92
25 32
80 96
24 56
54 74
55 59
87 96
50 96
2 66
25 46
54 62
40 56
53 88
22 55
55 81
32 43
1 42
59 82
34 69
70 74
54 88
26 44
92 94
66 86
28 52
32 86
7 93
3 84
55 72
84 98
15 50
8 43
26 69
94 97
2 33
70 88
43 94
19 30
12 25
16 58
73 82
57 66
17 64
13 65
63 64
37 96
81 88
12 91
69 96
47 97
75 94
40 95
48 96
49 65
16 42
30 43
19 74
53 62
83 92
46 76
13 44
30 53
26 96
56 92
20 50
22 31
47 52
43 54
43 70
70 71
38 48
39 76
46 47
32 76
57 87
6 88
50 71
13 95
83 91
4 50
29 56
53 94
54 71
27 74
27 37
69 94
38 87
34 87
80 92
82 95
57 71
51 95
32 64
85 99
16 97
46 86
79 96
37 50
47 70
32 99
45 95
55 82
19 48
39 61
53 99
25 83
72 74
82 84
22 37
44 79
25 47
58 86
1 6
16 96
32 61
47 54
37 44
16 68
4 13
43 53
33 96
33 44
44 80
53 71
68 78
30 54
82 86
34 95
28 43
56 73
52 86
74 82
61 62
31 98
41 61
31 94
16 90
4 18
84 91
21 57
8 72
56 93
3 78
6 48
13 67
7 95
12 55
22 39
39 51
52 66
66 95
12 97
38 47
38 61
13 96
30 70
2 98
27 64
82 85
47 55
11 80
4 64
4 30
2 34
63 93
43 61
33 52
19 88
7 98
26 81
30 78
25 54
44 48
38 68
12 48
56 84
18 31
11 55
46 62
30 90
34 80
87 92
25 34
13 70
13 66
35 55
7 51
24 50
50 64
27 62
25 70
64 97
68 74
5 86
25 53
25 59
68 97
7 85
38 60
12 46
2 28
25 63
4 26
22 56
2 79
30 93
7 82
58 59
22 23
47 91
20 72
27 56
17 69
14 70
0 55
3 32
13 54
52 58
24 57
3 63
5 50
60 78
26 62
3 97
45 98
54 99
14 54
16 44
40 49
4 16
13 47
67 98
44 56
16 32
29 86
84 87
12 38
38 94
48 83
49 51
14 53
34 98
12 70
70 99
47 53
26 75
32 94
30 96
6 25
87 94
76 97
48 89
55 83
91 92
43 58
12 54
86 97
61 95
5 49
60 92
39 95
22 24
58 87
4 62
4 48
61 98
12 52
46 71
0 80
20 43
52 79
43 63
83 97
30 89
74 89
27 80
38 69
10 85
81 97
35 80
21 50
29 63
19 25
46 68
91 96
57 62
26 87
30 91
45 58
31 40
12 88
38 81
46 99
45 63
1 68
72 96
22 36
34 88
47 48
30 44
4 80
56 66
5 56
48 97
9 49
44 64
16 46
87 99
1 19
46 83
42 88
32 47
22 76
61 75
60 84
29 49
49 93
13 76
13 36
50 70
3 93
13 53
3 43
14 22
14 99
64 99
62 63
31 76
69 92
13 23
34 49
7 40
21 22
22 41
32 62
61 64
56 96
34 58
31 33
13 46
27 71
16 81
28 84
40 41
20 22
78 81
1 10
59 93
47 88
10 58
38 83
50 54
78 90
26 68
57 69
72 84
2 27
70 83
61 63
52 83
61 71
46 81
44 62
34 72
1 72
18 41
49 55
38 80
7 14
39 94
52 67
23 27
54 83
48 59
69 84
12 53
4 79
20 80
27 48
50 81
4 33
86 93
41 98
40 52
41 94
88 89
63 71
13 17
42 82
97 99
16 63
68 70
83 88
4 82
50 98
54 68
62 97
74 90
3 91
37 91
4 71
2 95
20 27
20 96
74 81
6 10
58 76
4 76
17 87
60 93
4 37
49 66
14 46
32 71
14 63
11 43
58 77
31 95
82 98
34 62
34 75
3 46
1 22
32 93
44 91
24 70
62 94
12 32
11 72
19 91
44 72
31 34
16 27
38 86
13 49
1 34
70 81
38 99
24 54
5 57
12 13
22 25
23 96
46 50
64 96
54 81
2 76
30 80
26 71
22 88
20 44
82 88
1 49
5 22
25 89
32 68
21 70
28 92
18 39
55 95
23 44
16 53
71 97
10 90
50 53
28 70
72 92
24 53
21 54
17 76
51 99
53 68
53 83
6 55
48 58
13 83
27 36
35 43
16 54
94 95
0 43
14 32
62 96
1 81
31 51
56 77
63 94
38 64
60 63
29 30
50 95
38 91
18 69
46 48
32 48
3 53
42 55
27 30
32 60
43 79
28 54
16 70
10 74
51 52
28 46
