100 1221 321.7343624793597 medium
0 858 862
1 831 13
2 500 249
3 126 372
4 198 558
5 812 147
6 336 385
7 821 10
8 272 490
9 749 99
10 396 236
11 605 302
12 588 398
13 144 598
14 793 465
15 499 507
16 315 165
17 247 132
18 388 725
19 892 1
20 325 255
21 872 600
22 382 103
23 13 60
24 495 884
25 921 374
26 680 422
27 867 227
28 400 145
29 219 886
30 643 798
31 278 662
32 69 132
33 228 304
34 917 573
35 256 494
36 160 556
37 148 400
38 187 566
39 906 743
40 86 440
41 646 790
42 26 617
43 29 927
44 405 351
45 766 325
46 779 315
47 248 7
48 251 417
49 916 262
50 355 400
51 855 979
52 341 926
53 712 188
54 546 866
55 783 646
56 997 695
57 277 628
58 76 932
59 262 708
60 525 782
61 466 338
62 113 614
63 31 460
64 832 631
65 605 173
66 164 728
67 762 113
68 806 806
69 302 240
70 322 455
71 821 761
72 932 358
73 398 228
74 312 550
75 921 191
76 112 249
77 943 966
78 259 937
79 692 182
80 911 650
81 451 697
82 422 860
83 334 770
84 303 508
85 985 522
86 852 723
87 261 869
88 919 611
89 714 547
90 761 979
91 823 958
92 851 589
93 149 610
94 720 126
95 975 403
96 857 532
97 849 834
98 899 391
99 283 821
10 73
30 41
1 7
13 93
4 38
45 46
8 35
9 67
25 72
53 79
21 92
6 50
20 69
25 98
36 38
0 97
31 57
13 62
3 37
8 84
62 93
4 36
34 88
51 91
9 94
80 88
74 84
67 94
13 36
29 87
22 28
64 92
72 98
43 58
68 71
21 88
31 59
35 84
71 86
21 64
55 64
68 97
21 34
87 99
13 38
24 54
36 93
70 84
92 96
39 86
38 93
40 63
27 49
5 67
8 70
25 95
1 19
72 95
44 61
53 94
79 94
21 80
50 70
29 78
27 75
90 91
4 13
34 92
78 87
18 81
21 96
44 50
18 83
49 75
6 70
4 93
88 92
7 19
8 74
83 99
34 96
10 20
37 40
36 62
16 17
8 48
16 69
0 68
35 70
24 82
6 44
95 98
35 48
34 80
20 73
71 97
3 40
35 74
5 9
48 70
64 80
57 59
52 78
28 73
34 85
57 74
80 92
4 35
54 60
39 71
42 62
16 28
65 79
38 62
55 92
51 77
64 88
53 67
16 20
6 48
10 28
23 32
29 99
16 22
14 96
39 80
80 86
51 90
10 69
64 86
5 94
68 86
59 83
12 26
2 61
70 74
9 53
69 73
56 80
5 27
49 72
11 12
33 69
52 87
67 79
35 38
59 66
21 55
88 96
4 8
9 79
4 62
64 96
0 91
39 56
34 64
55 86
2 73
16 73
37 48
52 82
2 10
48 84
48 50
4 57
24 60
39 97
0 71
10 16
53 65
5 53
20 33
38 57
85 88
86 97
25 49
60 81
14 89
8 38
35 36
4 74
7 9
56 88
59 99
33 48
10 44
4 84
0 51
31 74
5 75
2 11
39 68
78 99
30 54
7 67
1 9
66 93
30 60
85 95
13 42
50 84
52 99
77 91
55 89
14 26
55 71
17 69
41 60
1 67
31 83
8 50
3 33
57 84
6 8
83 87
44 73
42 93
10 61
3 76
54 82
65 94
27 46
21 86
32 76
62 66
33 37
20 44
5 79
17 47
41 54
82 83
22 73
38 74
91 97
18 31
18 59
50 61
6 84
55 80
0 39
33 76
29 52
85 96
11 65
60 82
57 93
14 98
61 73
3 63
26 89
2 65
26 45
38 84
80 96
8 36
49 98
6 20
64 71
86 88
4 31
37 63
13 66
31 66
31 38
39 88
3 48
44 70
20 28
10 22
86 92
39 64
0 77
6 33
6 35
1 5
35 57
55 96
12 61
13 57
28 69
35 50
14 92
5 7
21 85
36 57
36 40
81 83
17 22
8 57
6 61
31 93
0 86
18 82
2 44
55 88
12 15
27 45
11 26
46 98
18 99
14 45
71 80
35 37
89 92
11 61
46 53
89 96
2 28
82 99
64 89
51 97
17 20
26 46
34 56
27 72
48 74
46 49
21 39
96 98
36 42
45 53
18 57
56 86
80 85
20 50
11 79
18 60
45 98
13 31
6 69
59 93
85 92
29 58
4 48
14 46
36 84
57 66
66 99
44 69
0 90
36 74
34 55
13 35
49 95
68 91
57 83
8 37
17 28
25 46
7 94
27 67
5 49
37 76
31 84
50 74
52 83
11 53
14 21
36 37
25 27
39 55
85 98
21 56
14 25
42 63
35 93
1 94
31 36
22 69
46 72
46 79
31 99
33 50
24 52
27 53
38 59
6 10
41 68
36 63
59 87
45 79
4 70
25 85
82 87
13 59
38 40
55 68
9 65
77 97
38 48
20 22
25 45
11 45
4 40
45 49
4 59
30 68
29 83
34 86
39 92
20 61
38 66
16 33
14 34
57 62
22 47
81 82
4 37
59 74
36 48
5 19
40 48
21 89
6 74
27 98
29 66
72 75
8 13
44 48
65 67
13 40
50 69
6 73
38 42
21 71
10 50
45 72
31 35
90 97
34 39
25 96
37 38
14 64
66 87
24 30
5 46
19 67
16 47
31 62
8 93
36 66
8 31
15 61
72 85
2 12
17 33
9 19
4 66
56 85
74 93
9 27
62 63
11 46
71 92
13 74
38 70
95 96
2 20
66 83
14 72
40 62
59 62
31 81
64 68
56 64
42 66
67 75
50 73
41 71
24 41
33 70
17 32
20 48
3 35
27 94
13 63
35 40
17 76
57 70
68 90
17 73
71 88
15 50
34 95
51 68
78 82
56 92
27 79
10 33
14 55
40 93
10 17
30 71
4 42
15 44
77 90
37 70
13 84
34 98
25 75
36 59
58 78
78 83
29 59
33 44
5 45
48 69
15 70
84 93
61 70
33 73
35 62
40 42
3 36
57 81
44 84
3 8
2 22
64 85
56 71
68 80
46 75
6 37
38 63
37 84
12 44
59 81
72 96
69 76
18 74
63 93
36 70
61 69
86 96
8 33
60 83
18 24
15 74
18 87
33 35
24 81
19 75
14 95
8 44
12 45
8 40
40 76
14 88
57 99
4 63
54 81
80 97
29 43
9 75
12 89
58 87
15 81
15 84
33 40
71 91
24 83
46 94
13 37
2 69
41 55
25 34
55 97
3 4
1 75
15 26
20 70
14 85
75 98
8 62
74 81
46 67
56 97
2 16
2 79
3 38
6 15
64 97
92 98
28 61
59 84
45 94
29 82
34 89
45 75
28 47
11 44
28 44
18 52
27 95
35 44
16 44
30 55
7 75
28 65
37 50
31 87
41 97
12 46
26 96
5 65
7 53
81 99
53 75
62 74
30 97
2 50
37 93
11 94
13 48
3 6
68 77
21 98
34 71
75 94
31 70
1 53
18 54
45 67
48 57
19 94
3 70
2 6
20 76
23 76
52 54
35 59
65 73
49 67
88 89
46 95
56 96
7 79
88 95
34 72
12 14
61 65
69 70
41 81
30 90
21 68
39 96
41 86
37 62
30 81
1 27
49 53
0 56
33 84
62 84
48 76
9 46
8 59
10 65
48 93
32 47
0 80
15 89
75 95
1 79
10 11
14 80
55 56
44 74
16 76
11 73
3 69
2 53
51 71
59 82
88 98
56 68
6 16
74 83
24 99
26 98
41 90
4 6
45 65
68 92
7 27
30 86
37 69
58 66
37 74
80 89
21 95
4 50
45 95
3 84
92 95
86 89
0 41
18 66
48 63
0 30
46 65
68 88
12 65
63 76
39 77
71 90
25 92
45 96
9 45
3 13
19 27
40 84
35 63
8 15
45 89
13 70
0 55
20 37
59 78
48 61
75 79
30 82
66 78
16 61
26 61
43 78
39 91
46 96
3 50
11 15
3 20
10 70
21 25
66 74
29 31
71 96
52 59
10 48
70 93
0 64
54 83
12 50
18 84
9 49
18 29
52 60
22 65
88 97
28 33
32 33
6 38
24 87
41 82
39 85
58 99
21 97
61 84
38 50
26 53
40 70
86 91
25 88
55 85
14 49
49 79
16 50
71 77
49 94
26 92
3 93
43 87
47 69
71 89
70 73
48 73
12 79
81 84
26 79
33 61
43 66
48 62
30 91
8 20
23 47
46 89
50 57
85 86
39 51
57 87
24 78
89 98
3 62
5 72
8 63
54 90
15 35
12 53
41 91
83 93
15 18
41 64
72 92
17 23
31 82
92 97
60 99
6 36
11 67
25 26
8 61
31 48
26 55
3 32
18 78
16 32
6 28
20 35
11 14
9 11
37 42
22 44
64 98
14 27
21 72
22 61
2 26
36 50
93 99
6 57
10 12
42 57
33 63
40 74
35 66
38 83
8 69
5 25
4 83
2 94
30 64
6 12
41 89
15 57
42 59
4 18
22 33
72 88
20 84
52 81
12 73
80 95
4 33
6 40
31 42
51 86
18 38
13 83
81 87
32 69
3 74
2 15
34 68
35 69
11 28
0 88
26 64
5 11
28 50
5 98
80 98
77 86
19 53
20 47
33 74
16 48
26 72
59 70
26 65
66 84
35 42
30 89
33 36
8 66
35 61
37 44
21 26
37 57
61 74
6 76
8 18
19 49
0 21
62 70
13 99
1 49
15 48
83 84
39 41
29 57
3 42
14 86
52 58
33 38
18 93
18 30
52 66
18 35
18 41
54 99
54 68
47 73
27 65
44 65
62 99
40 57
69 84
11 89
6 17
11 50
30 39
3 17
49 85
64 95
7 49
34 97
19 79
25 89
15 31
17 44
26 27
62 83
7 65
31 52
86 90
40 50
25 64
12 70
85 89
2 70
38 99
11 27
74 99
10 47
31 50
0 92
59 60
57 82
8 81
70 81
39 89
31 60
61 79
68 89
13 18
43 99
31 78
36 83
53 98
24 29
25 80
63 84
15 60
56 77
49 96
4 99
2 45
8 42
1 65
39 90
45 92
2 33
47 76
18 70
60 87
53 72
68 96
2 17
30 51
32 37
25 53
3 44
55 98
3 16
26 34
35 81
6 11
41 51
60 68
87 93
24 90
8 10
6 31
46 92
18 36
11 20
20 32
26 44
35 76
10 76
29 93
54 87
17 48
26 49
17 37
6 22
50 76
2 46
6 13
73 76
8 83
35 83
41 92
10 84
53 61
16 37
72 89
14 53
4 81
66 81
17 50
8 76
13 50
66 82
71 85
10 15
16 70
16 65
34 45
2 9
8 73
64 72
63 70
58 59
48 59
55 60
20 65
54 91
57 60
29 62
24 59
46 85
36 99
31 37
6 93
34 46
4 44
72 80
56 95
31 40
10 35
42 74
79 98
70 76
50 93
28 79
54 71
40 69
45 85
38 81
21 45
62 87
30 92
0 34
63 74
13 87
2 67
21 41
20 74
26 95
54 78
73 84
18 62
15 73
60 71
14 15
3 57
10 37
14 71
73 79
13 29
72 79
33 47
42 84
57 63
89 95
67 72
22 50
40 66
26 94
25 79
11 22
63 66
29 81
12 20
41 80
21 46
14 39
45 61
2 48
14 79
12 96
17 61
10 79
42 48
35 73
60 89
96 97
20 40
3 10
12 94
14 75
21 30
81 89
37 73
5 95
58 83
54 97
26 88
52 57
25 55
5 26
44 57
27 96
4 15
12 84
25 67
13 33
30 80
38 44
28 76
15 20
1 46
22 76
11 98
78 81
60 90
14 56
3 73
60 78
7 46
32 40
11 69
57 78
55 95
67 98
42 43
28 48
69 74
44 76
30 83
65 69
24 31
15 83
36 76
15 59
34 49
12 98
38 87
43 52
0 54
50 81
41 83
45 64
11 49
84 99
46 61
6 63
72 94
81 93
22 32
55 91
28 53
60 74
12 74
12 28
70 83
56 91
66 70
12 55
33 93
15 55
65 75
53 73
9 72
89 97
4 87
51 56
15 38
77 80
27 85
5 14
1 45
15 41
42 58
31 63
25 94
56 89
56 98
36 44
10 53
6 62
28 70
26 67
16 23
7 45
43 59
94 98
22 79
58 62
80 91
46 64
28 94
40 59
24 68
11 16
4 76
26 85
45 55
29 38
11 70
50 59
