100 1933 419.07517225433435 medium
0 446 44
1 441 608
2 309 720
3 297 382
4 515 762
5 377 77
6 240 205
7 683 692
8 67 359
9 847 944
10 840 186
11 283 976
12 264 268
13 597 191
14 894 614
15 10 659
16 956 28
17 71 286
18 118 51
19 658 785
20 753 387
21 492 532
22 712 395
23 985 622
24 693 607
25 315 998
26 426 366
27 6 109
28 334 444
29 24 364
30 327 43
31 839 398
32 508 877
33 753 876
34 522 326
35 740 901
36 563 322
37 475 652
38 681 586
39 481 453
40 912 956
41 383 718
42 742 218
43 381 437
44 244 286
45 553 408
46 839 824
47 796 591
48 706 727
49 609 504
50 218 404
51 891 839
52 506 2
53 851 88
54 425 800
55 353 217
56 42 103
57 811 401
58 340 914
59 994 349
60 600 622
61 714 490
62 899 341
63 383 422
64 891 419
65 782 602
66 532 195
67 215 253
68 678 471
69 116 14
70 116 485
71 88 530
72 976 541
73 84 113
74 386 309
75 396 320
76 379 309
77 118 778
78 685 557
79 399 707
80 61 520
81 198 805
82 189 513
83 101 124
84 237 2
85 758 183
86 66 102
87 792 453
88 68 270
89 198 428
90 351 145
91 950 229
92 914 123
93 948 995
94 20 189
95 806 289
96 758 885
97 76 571
98 922 975
99 707 247
74 76
33 96
74 75
43 63
17 88
47 65
41 79
75 76
73 83
73 86
40 98
56 86
35 96
24 38
12 44
31 57
33 35
71 80
38 78
50 89
93 98
27 56
18 69
42 85
11 25
61 68
34 36
83 86
20 22
7 48
71 97
56 73
8 29
44 67
42 99
28 43
24 78
12 67
70 71
40 93
80 97
28 63
46 51
6 67
26 75
57 87
1 37
31 64
20 57
27 86
5 30
56 83
13 66
70 80
9 40
6 12
26 74
26 63
18 73
55 90
53 92
3 28
31 87
5 90
18 86
61 78
8 17
0 52
26 76
2 41
18 83
19 48
0 5
49 68
20 87
27 73
70 82
62 64
21 39
6 44
9 98
27 94
23 72
85 99
57 64
3 50
10 85
31 62
22 68
26 43
11 58
77 81
39 45
82 89
7 24
68 78
61 87
36 45
20 31
25 58
34 45
38 60
56 94
8 88
24 65
2 79
17 29
14 23
1 21
18 56
41 54
49 78
37 79
88 94
24 60
3 63
70 97
22 61
59 62
42 95
55 76
27 83
7 19
54 79
10 92
4 54
55 74
86 94
10 53
22 87
30 84
22 57
73 94
70 89
3 43
33 46
14 47
69 86
39 43
46 96
38 61
38 65
71 82
12 55
39 63
63 75
26 39
10 42
29 88
83 94
16 92
26 34
69 73
24 47
64 87
30 90
49 61
7 38
57 62
62 95
9 96
65 78
60 78
1 79
95 99
10 95
7 60
38 49
3 89
17 94
3 44
14 72
3 76
15 97
20 61
69 83
45 49
20 95
55 75
91 92
57 95
20 68
14 65
50 82
63 74
63 76
9 93
32 54
37 41
6 55
9 51
31 95
38 68
38 47
3 74
4 32
9 35
68 87
56 69
9 33
47 78
85 95
3 75
4 37
43 75
10 91
49 60
3 12
40 51
24 61
0 30
9 46
21 49
26 28
24 48
44 50
16 53
21 37
69 84
12 76
28 50
62 91
13 99
1 41
59 64
35 46
18 27
34 75
6 90
82 97
22 31
59 91
43 76
43 74
80 82
4 79
37 60
18 84
12 74
44 55
3 26
47 61
50 70
36 66
61 65
34 66
19 33
57 61
24 49
53 85
34 39
26 45
7 65
7 78
8 70
13 36
24 68
28 89
44 76
34 74
39 49
47 87
21 45
28 75
0 90
4 41
51 98
2 81
45 68
21 60
51 96
2 54
19 96
20 64
22 95
12 75
5 55
19 35
54 58
28 76
55 67
33 51
38 48
12 50
44 74
26 36
34 76
28 74
4 19
27 69
21 43
48 65
10 99
28 39
20 99
13 42
17 67
67 88
15 80
8 89
22 99
64 72
48 60
78 87
5 52
44 89
65 87
83 88
22 49
71 89
57 68
12 90
15 71
40 46
50 67
7 47
29 70
3 67
20 62
13 34
36 39
21 63
62 87
31 61
64 95
44 75
91 95
37 54
33 48
8 50
73 88
39 75
5 84
22 45
1 60
1 39
29 80
28 82
15 77
6 83
8 80
13 85
36 99
31 59
47 48
35 51
4 60
22 78
87 95
46 48
17 83
80 89
10 62
22 36
26 55
50 63
51 93
43 50
48 96
76 90
36 75
85 92
65 68
74 90
86 88
47 68
34 63
56 88
18 94
20 42
40 96
42 53
3 82
60 68
45 63
1 4
48 78
32 58
67 83
8 71
53 91
46 98
39 74
27 88
17 44
19 60
12 89
1 2
38 87
67 76
17 73
6 76
67 90
0 66
3 55
60 61
43 45
29 94
67 89
30 55
19 32
8 94
39 76
44 88
31 68
44 90
35 48
36 74
29 71
33 40
21 26
58 81
6 74
2 37
34 43
22 42
67 74
45 75
55 66
35 40
22 64
45 61
75 90
21 28
50 71
6 73
1 43
19 24
28 44
4 7
8 67
66 99
83 84
84 90
24 87
60 65
20 78
43 89
30 52
6 88
6 30
17 86
36 76
66 75
63 89
19 46
66 74
17 56
29 89
20 49
57 99
3 6
47 72
50 76
96 98
6 17
5 6
36 49
66 90
89 97
36 68
17 50
17 27
73 84
12 26
12 28
49 87
57 59
17 89
47 57
14 87
61 64
66 76
11 81
8 44
23 47
67 73
1 54
59 72
50 74
67 75
22 38
6 75
12 17
45 74
4 48
44 63
21 78
12 63
22 62
52 66
5 66
1 63
14 64
50 80
42 57
21 68
1 28
33 98
10 16
12 88
0 55
2 58
6 18
8 82
35 98
47 64
42 92
21 38
50 75
7 33
3 39
59 95
85 91
1 49
31 47
39 68
31 72
92 95
29 50
84 86
34 49
21 79
47 60
26 44
49 65
64 91
45 78
37 39
42 62
69 94
2 77
37 49
45 76
6 50
19 38
57 78
31 99
41 58
20 36
16 91
20 45
34 55
14 24
50 88
34 99
26 66
32 79
7 49
22 34
31 91
6 86
32 41
46 93
6 84
57 65
65 72
15 70
43 44
72 87
23 65
17 70
20 85
7 46
7 61
41 81
31 42
88 89
67 94
12 43
36 63
53 95
47 49
43 82
39 60
36 42
7 96
55 63
21 34
3 70
42 91
20 47
18 30
13 52
2 4
0 13
52 90
77 97
42 66
26 50
20 38
62 85
7 37
31 65
10 31
67 86
8 97
22 24
34 68
30 69
64 65
0 84
22 47
29 97
62 99
45 66
63 82
62 72
53 99
21 24
14 38
58 79
36 43
21 41
44 83
48 51
37 38
57 72
76 89
7 35
14 78
22 85
10 57
20 65
8 12
14 46
12 83
60 79
22 65
62 92
14 61
10 20
45 60
50 97
38 45
64 68
14 48
93 96
56 84
70 88
6 94
29 67
19 65
61 95
7 68
57 91
31 78
13 45
21 36
43 55
28 70
5 12
28 45
28 34
29 82
74 89
68 95
24 37
6 56
45 99
87 99
14 31
79 81
23 64
18 67
10 59
57 85
18 88
7 14
14 51
28 67
75 89
25 81
68 99
36 61
21 61
38 57
11 54
19 37
66 85
25 54
49 57
6 89
54 81
59 87
32 37
6 69
25 32
28 55
20 24
35 93
33 93
14 57
56 67
39 78
26 49
46 65
1 45
19 78
31 85
37 78
50 55
13 95
15 82
3 8
4 21
6 8
4 58
3 34
5 76
5 74
21 75
32 35
26 90
29 44
19 54
44 82
12 30
13 22
17 80
37 43
36 55
44 73
39 61
4 24
26 89
23 51
44 70
46 47
48 61
41 60
24 57
8 83
12 73
61 62
43 49
30 67
15 81
19 47
22 39
63 67
10 64
13 75
20 34
19 51
5 67
2 82
26 67
36 85
17 18
59 92
30 83
38 39
42 87
49 63
1 38
92 99
13 74
4 38
1 26
37 48
10 13
3 90
61 99
48 49
45 87
24 45
91 99
5 75
20 59
44 94
55 84
17 71
13 26
32 33
34 42
10 22
36 95
13 55
3 17
31 38
11 32
6 26
3 21
8 73
21 74
9 19
37 63
5 44
5 13
43 67
13 76
64 78
32 48
34 90
7 21
23 46
1 78
54 60
71 77
21 76
80 88
32 96
42 64
13 90
13 20
83 90
18 90
28 37
16 85
64 99
67 84
1 24
29 83
67 70
34 61
20 91
30 73
6 27
22 60
31 49
2 32
27 67
27 84
7 32
7 51
3 88
24 31
30 66
27 29
60 87
17 82
44 86
3 71
1 7
37 45
12 82
62 68
12 94
23 87
30 44
6 28
8 86
8 56
2 11
3 45
8 27
53 62
48 68
11 77
29 73
45 57
12 86
12 29
67 69
9 48
14 68
21 22
28 36
6 63
36 57
5 18
58 77
69 88
28 71
71 88
51 65
42 68
67 82
0 6
12 18
24 46
29 56
55 89
24 39
2 21
12 70
7 87
39 66
36 87
52 55
4 33
81 97
77 80
12 34
4 35
36 78
29 86
47 51
4 78
18 44
39 79
61 72
14 20
12 84
23 31
39 50
30 86
1 3
42 45
6 29
38 64
39 55
5 69
55 83
73 90
52 84
69 90
22 66
43 70
1 82
47 62
19 79
43 79
64 85
28 79
20 72
30 76
32 60
10 87
82 88
6 43
63 66
0 74
41 77
37 68
85 87
4 96
30 74
44 56
3 36
26 68
24 64
14 62
23 59
0 76
3 80
42 61
3 29
1 68
13 53
87 91
63 70
77 82
4 49
49 99
33 65
24 33
17 69
34 85
36 90
21 54
45 55
2 97
12 56
11 41
2 28
1 32
12 66
2 25
28 41
76 82
63 90
26 82
45 95
7 54
20 39
5 83
1 19
8 28
20 60
0 75
34 44
41 43
23 57
28 49
49 75
41 82
39 41
34 78
75 82
19 41
14 59
28 80
74 82
42 59
65 96
44 84
39 89
7 79
14 22
31 92
17 97
12 39
19 49
43 66
63 79
30 75
24 96
38 46
22 59
79 82
62 65
16 42
31 45
31 36
34 95
84 94
13 39
43 60
48 87
22 26
28 97
18 55
25 41
5 34
33 47
86 90
55 73
59 85
0 12
37 61
36 38
21 48
44 71
66 95
77 79
55 88
39 44
26 37
22 91
17 55
48 54
1 48
24 72
3 97
50 90
30 56
14 19
72 78
2 71
13 68
1 75
49 95
2 43
0 34
49 79
81 82
6 66
50 94
23 24
20 66
11 79
70 77
5 26
1 34
43 90
23 62
12 69
78 95
14 60
49 64
37 58
60 63
5 73
25 77
15 29
41 63
71 81
49 74
47 96
57 92
33 60
27 44
64 92
44 80
1 61
14 33
53 59
24 35
15 89
89 94
39 82
23 48
21 65
34 87
7 22
38 72
20 21
34 57
33 38
68 85
43 68
63 68
28 90
13 57
45 65
19 61
3 66
44 69
7 9
16 95
88 97
7 41
23 61
49 76
0 36
22 72
35 65
44 66
47 95
1 50
36 60
1 89
21 50
19 21
25 79
12 27
14 96
50 83
21 82
12 36
72 95
1 74
62 78
2 70
45 47
45 85
59 99
67 71
34 38
24 51
2 15
26 99
1 76
8 15
14 49
57 60
39 99
34 60
68 72
23 38
19 40
6 70
17 28
60 96
6 34
38 79
23 78
2 63
2 60
43 71
5 36
48 79
54 77
13 30
40 48
10 66
46 78
67 80
10 36
38 96
17 76
55 86
20 92
4 25
88 90
26 60
21 47
51 72
7 23
61 85
21 87
31 53
52 85
24 79
78 99
4 39
1 36
39 87
37 65
70 94
41 49
4 65
0 67
56 90
21 89
5 86
55 69
35 60
8 18
6 82
66 68
7 45
2 89
47 59
1 81
7 20
7 39
46 60
72 91
13 49
24 36
76 88
59 61
17 90
26 61
34 50
65 95
63 71
46 72
19 68
20 53
13 63
35 47
0 44
3 5
42 49
53 57
34 67
4 11
12 71
17 74
8 76
80 81
37 81
70 76
84 88
52 99
2 39
28 88
7 57
37 82
28 66
16 62
32 81
49 66
13 31
2 80
83 89
8 55
75 99
68 75
4 81
42 52
28 60
28 29
50 73
74 88
35 38
36 44
13 61
12 45
89 90
26 78
8 63
38 95
1 58
66 67
70 74
0 26
8 74
78 79
41 48
16 59
3 37
8 43
12 80
3 83
13 92
34 52
22 75
70 75
36 52
31 34
19 98
14 35
38 41
33 78
13 87
37 47
17 75
18 29
43 78
74 99
24 32
13 43
31 60
20 26
27 30
10 68
48 72
38 62
0 18
38 51
2 50
48 98
24 34
4 47
17 84
15 50
10 61
24 41
34 37
52 74
7 72
4 46
59 65
22 63
20 23
24 54
70 81
43 80
0 99
35 54
63 78
44 97
55 56
8 75
0 69
16 99
45 90
75 88
22 48
26 70
44 45
52 76
49 62
39 67
7 31
43 97
9 14
53 64
80 94
4 68
22 43
38 54
76 99
90 94
68 74
76 83
39 57
55 94
39 90
6 52
38 43
73 89
3 49
45 50
32 46
39 65
5 56
78 96
45 79
24 62
53 66
52 75
36 62
63 80
33 54
14 95
26 38
22 53
4 61
22 74
43 61
13 62
24 95
3 94
26 30
61 63
50 86
45 64
2 3
76 84
55 82
32 38
59 68
22 92
21 66
34 89
74 83
30 94
38 99
68 76
38 63
3 30
17 63
41 97
3 79
1 65
74 84
63 97
37 75
36 37
0 85
12 13
23 40
36 64
26 79
23 68
41 78
14 40
48 57
3 73
19 58
7 64
20 48
0 42
6 36
30 34
54 96
42 78
79 89
39 47
22 76
41 89
23 33
21 55
30 88
1 22
17 43
21 57
5 63
28 68
21 32
9 32
6 39
61 66
57 66
3 41
27 90
67 97
23 96
10 34
1 70
71 94
9 65
35 78
8 69
49 54
50 56
12 21
26 42
51 78
21 44
7 40
22 37
63 88
41 71
9 23
79 97
39 42
39 54
4 43
86 89
87 92
61 91
45 62
66 84
50 79
17 30
41 45
45 48
49 85
0 83
73 76
75 83
37 74
41 70
39 48
36 50
26 41
41 50
43 88
36 67
60 64
31 48
2 19
13 91
22 23
55 99
24 43
47 99
1 47
36 65
75 84
52 53
45 89
8 90
3 13
54 78
36 47
4 45
37 76
37 89
12 97
46 61
9 47
13 21
21 99
33 37
37 50
6 13
55 70
71 79
19 87
19 93
23 98
6 71
77 89
8 26
29 76
48 64
12 52
24 26
70 79
5 43
73 74
24 99
29 55
56 89
61 75
42 75
24 63
48 93
70 83
1 71
29 69
14 98
31 39
6 80
65 99
10 45
3 86
51 60
20 75
27 50
27 55
5 50
35 37
29 63
17 26
39 95
68 91
5 88
29 43
60 75
4 63
13 28
1 77
19 23
71 76
30 36
68 79
82 94
13 44
43 54
32 78
4 28
29 74
66 87
39 70
37 96
1 97
18 50
18 76
28 54
42 74
31 66
63 99
0 73
28 78
49 72
0 3
5 28
2 49
53 87
90 99
7 98
9 24
5 17
26 88
71 74
36 53
5 99
23 35
54 82
20 63
45 67
21 31
18 74
13 64
27 89
5 27
59 78
26 52
71 75
2 26
38 42
6 45
70 73
75 78
46 87
5 94
42 76
37 87
73 75
29 75
61 74
23 93
5 45
28 38
2 7
20 74
76 86
20 43
26 71
26 87
19 39
3 18
13 78
11 37
42 47
81 89
30 50
40 65
50 66
34 62
43 99
1 44
15 41
15 17
3 56
41 80
23 95
76 94
37 77
4 9
45 82
21 70
26 85
60 74
34 65
0 45
36 89
10 72
54 63
34 64
61 76
78 85
74 86
22 28
34 47
25 37
10 52
76 80
34 82
20 76
1 20
61 79
28 61
40 47
30 63
60 76
0 63
1 12
1 87
4 51
20 37
52 67
0 86
49 55
60 72
3 84
41 68
14 93
32 51
23 60
74 94
18 89
28 81
42 65
94 97
70 86
79 80
44 52
32 49
3 60
26 57
39 85
18 75
13 67
75 79
75 85
50 77
74 80
26 95
33 61
46 68
16 31
32 65
74 78
66 92
15 28
7 36
42 55
14 91
56 70
38 75
60 99
1 80
5 39
75 80
52 69
58 60
18 52
3 68
5 42
51 61
19 45
60 95
27 70
15 79
24 42
33 79
35 79
38 59
74 85
66 78
10 49
21 67
15 88
47 91
29 90
19 22
76 78
5 89
23 49
46 49
13 16
24 28
23 91
9 38
62 66
56 76
69 76
7 43
2 38
8 84
5 85
75 86
28 83
37 70
2 45
26 80
16 64
24 59
21 95
2 48
65 79
4 77
61 96
30 43
42 90
28 77
80 83
36 91
75 94
41 75
74 79
0 43
14 45
65 98
51 87
72 99
76 79
82 83
42 72
3 15
33 49
3 27
76 85
7 34
69 74
16 57
35 58
2 24
34 79
39 71
1 11
76 97
22 55
79 96
1 55
19 72
56 74
28 30
6 97
35 41
21 81
21 42
50 81
41 61
26 29
10 78
82 90
33 41
32 77
33 72
50 84
7 93
37 46
50 69
36 92
49 50
7 63
19 25
13 38
21 71
47 98
28 94
38 74
26 83
26 97
37 71
9 60
4 26
32 47
74 97
30 89
34 53
71 83
55 85
13 84
75 97
4 14
37 97
66 89
72 96
10 47
0 53
73 80
54 65
0 56
46 64
7 58
45 52
85 90
41 74
41 76
65 91
49 96
19 20
8 30
2 75
47 85
38 76
2 78
1 25
3 69
55 71
26 84
63 87
4 82
14 21
63 83
38 85
60 62
0 39
41 96
43 81
48 58
21 58
75 95
1 33
43 87
39 64
32 40
35 61
33 68
21 90
14 99
24 40
7 62
45 54
16 20
55 68
6 21
42 63
24 75
70 90
19 57
73 82
47 79
26 31
27 80
21 64
46 54
33 58
69 75
28 73
4 87
49 59
54 68
7 26
52 95
3 22
56 75
0 28
41 65
34 41
4 22
2 76
71 73
15 58
54 97
56 80
75 87
21 97
61 92
49 89
12 49
80 86
35 49
2 74
11 15
38 66
36 79
1 35
0 10
58 96
5 8
