100 905 260.49184248263896 medium
0 428 654
1 137 908
2 112 491
3 634 909
4 26 700
5 99 101
6 204 3
7 223 632
8 365 347
9 402 705
10 560 702
11 125 788
12 381 280
13 975 248
14 243 212
15 271 511
16 273 662
17 882 876
18 135 631
19 511 948
20 739 99
21 183 496
22 502 313
23 143 849
24 756 417
25 250 936
26 792 308
27 797 897
28 727 268
29 370 681
30 296 855
31 822 426
32 660 258
33 453 485
34 617 536
35 161 634
36 593 651
37 868 703
38 984 264
39 622 872
40 366 482
41 302 81
42 870 67
43 518 630
44 113 753
45 129 428
46 363 635
47 535 780
48 482 365
49 800 175
50 95 529
51 973 214
52 626 466
53 781 840
54 66 38
55 42 63
56 717 386
57 876 628
58 965 555
59 18 574
60 860 422
61 841 483
62 553 53
63 297 722
64 303 362
65 618 385
66 496 364
67 947 370
68 66 697
69 753 309
70 992 470
71 919 167
72 926 516
73 615 239
74 475 38
75 1000 358
76 852 968
77 721 849
78 292 630
79 313 126
80 675 833
81 728 618
82 136 708
83 152 773
84 639 811
85 731 562
86 722 593
87 811 455
88 370 447
89 183 463
90 236 653
91 396 48
92 426 327
93 86 117
94 928 456
95 656 506
96 959 612
97 710 290
98 826 891
99 431 775
48 66
13 38
5 93
7 90
81 86
18 35
28 97
27 98
11 83
31 87
85 86
21 89
13 51
54 55
40 88
11 44
16 78
16 90
31 60
3 39
26 69
9 29
4 68
61 87
2 50
80 84
44 83
41 79
29 46
69 97
28 69
77 80
32 73
34 95
24 56
52 95
44 82
38 51
22 66
67 75
58 72
22 48
81 85
0 9
58 96
17 98
7 16
60 87
27 53
1 23
32 97
72 94
31 61
78 90
53 77
10 36
7 35
39 84
11 23
8 64
60 61
0 29
8 92
45 89
16 63
12 92
2 45
70 94
39 80
24 31
24 87
82 83
48 92
0 46
28 32
53 98
5 55
8 12
7 78
55 93
34 52
68 82
5 54
2 21
46 78
51 71
44 68
37 57
9 99
60 94
26 28
2 89
23 83
18 82
22 92
35 90
36 43
35 82
66 92
62 74
74 91
9 46
70 72
11 82
76 98
52 65
54 93
10 47
10 43
29 63
26 97
57 96
56 69
3 80
21 45
33 40
17 27
7 18
67 94
50 59
58 70
15 21
27 76
27 77
77 84
61 94
61 72
33 88
63 90
63 78
0 43
25 30
29 78
85 95
16 46
21 50
38 75
18 68
56 97
17 76
20 49
3 84
13 71
16 29
56 65
15 40
41 91
8 88
15 89
23 44
60 67
72 96
39 77
4 44
18 90
24 60
47 99
3 77
58 94
32 69
53 80
9 63
45 50
17 53
24 61
73 97
24 69
26 56
64 88
11 68
47 84
46 63
86 95
18 50
67 70
50 89
31 94
4 82
14 79
42 71
29 99
38 67
70 75
31 56
13 75
77 98
12 64
79 91
35 68
82 90
68 83
24 26
60 72
57 58
16 35
7 82
28 73
1 25
7 63
56 87
38 71
34 85
87 94
34 36
15 88
28 49
8 48
28 56
49 71
34 86
1 11
15 78
0 99
52 56
75 94
26 31
57 72
33 48
65 66
18 44
35 50
13 67
6 41
2 59
12 22
4 59
39 47
65 95
64 92
46 90
35 44
33 66
37 96
42 49
4 18
3 19
18 59
7 15
72 87
35 78
12 48
59 68
8 66
65 97
88 92
4 11
26 60
30 63
9 78
81 95
26 49
85 87
32 65
24 95
19 39
56 95
10 84
20 42
8 40
22 73
24 97
61 85
40 64
31 69
1 83
9 16
34 43
22 65
29 90
31 67
48 65
31 72
27 80
23 25
34 81
0 78
9 43
48 88
24 52
36 81
35 83
21 35
7 46
32 56
0 10
60 70
26 32
8 22
23 82
16 18
36 47
36 86
24 65
7 21
2 18
49 69
52 85
6 54
12 66
18 83
18 21
58 61
5 6
14 41
63 99
16 82
53 84
4 83
70 96
65 73
49 97
15 90
53 76
83 90
51 75
24 85
56 60
67 72
0 63
26 87
10 99
57 81
57 61
47 80
4 35
66 88
43 47
34 65
15 16
2 35
61 70
24 28
15 64
9 47
40 46
23 30
63 83
12 14
60 75
15 46
69 73
65 69
61 67
7 29
35 59
43 46
0 16
60 69
46 99
29 43
1 44
64 89
30 99
18 78
62 91
69 87
11 18
56 61
7 83
57 86
9 10
36 95
11 35
51 67
44 90
33 43
94 96
52 86
57 85
28 65
2 15
33 92
67 87
14 64
63 82
80 98
35 63
61 86
39 53
37 53
3 53
3 47
32 49
87 95
17 77
3 27
7 44
31 85
8 33
37 81
6 93
16 83
36 85
86 87
7 50
6 79
15 45
40 48
15 35
0 36
52 66
0 47
40 78
21 90
30 83
40 92
36 84
26 67
22 32
12 88
1 30
12 79
43 99
20 28
58 60
19 47
7 68
23 68
50 68
0 33
33 34
35 89
66 73
21 78
6 55
17 37
7 89
9 90
33 52
10 80
78 82
72 75
18 89
11 90
61 96
33 46
10 34
40 66
31 70
68 90
48 52
61 81
31 97
24 94
56 85
27 39
15 50
37 58
76 77
49 51
20 32
41 74
59 82
22 33
56 73
48 64
24 86
2 7
42 51
57 94
21 64
27 84
34 56
10 39
15 18
70 87
26 61
5 14
8 14
21 59
37 86
0 40
81 87
24 34
52 81
48 73
45 59
14 93
21 40
58 87
50 82
11 30
9 30
15 33
40 89
16 44
7 11
11 63
31 95
74 79
28 31
4 50
57 87
52 87
43 95
24 32
18 63
58 67
45 64
61 95
44 63
20 73
19 84
88 89
50 90
10 81
36 52
22 88
46 88
16 21
8 15
29 30
4 23
13 49
26 71
26 73
25 83
26 65
60 85
31 75
19 99
10 29
20 62
0 90
20 71
29 47
13 26
31 58
37 98
3 98
33 65
64 66
20 97
7 9
21 88
87 97
11 25
33 64
16 99
16 30
11 16
31 86
61 69
52 97
10 86
32 66
49 73
37 72
57 70
62 73
43 52
37 85
24 67
15 29
24 72
22 52
26 38
6 91
89 90
47 77
9 36
59 89
78 88
29 40
78 89
23 63
36 80
60 97
38 94
1 82
31 52
58 75
78 83
19 80
72 85
65 92
38 60
78 99
26 94
52 69
35 46
61 75
12 40
16 40
44 59
24 81
18 45
67 69
84 98
28 60
26 51
5 41
2 90
36 99
33 95
38 49
39 98
67 71
22 64
28 87
65 87
38 70
0 7
27 37
57 60
56 86
37 77
7 40
43 86
71 75
32 48
31 65
10 46
4 7
35 45
73 92
13 60
31 57
13 42
22 97
30 44
16 68
65 85
34 87
34 66
43 81
20 69
30 90
32 52
2 68
84 99
17 80
40 43
0 15
75 87
81 84
15 63
6 14
29 33
7 59
13 94
31 81
26 75
66 95
12 41
29 35
39 99
60 96
40 90
0 88
4 90
5 79
20 26
52 61
23 35
87 96
8 89
14 92
33 78
22 40
28 71
23 90
21 82
33 36
44 78
12 33
30 82
43 84
34 48
10 77
72 86
18 23
10 95
2 82
16 89
69 71
41 93
25 63
69 95
60 86
3 10
60 95
10 85
50 78
80 81
37 61
56 66
16 50
28 52
56 94
76 80
1 68
95 97
13 70
72 81
0 34
36 39
43 85
85 94
48 95
14 91
7 45
44 50
46 47
29 36
30 78
9 33
3 76
9 40
43 78
2 4
66 97
49 56
8 79
22 56
24 73
79 93
52 73
21 46
2 78
38 42
16 23
18 46
53 81
69 94
25 44
31 38
26 52
22 28
11 78
30 46
90 99
34 61
13 69
2 64
36 46
56 67
79 92
31 96
81 96
77 81
32 62
7 23
59 90
19 77
56 81
53 57
63 68
12 91
65 86
21 68
31 34
37 80
61 97
84 86
31 32
85 96
29 88
9 15
58 85
19 30
7 30
13 31
2 16
8 21
38 69
43 88
29 82
68 78
1 4
36 77
16 88
48 56
64 79
7 88
60 81
29 83
51 60
12 73
86 96
52 60
46 82
15 82
11 59
43 63
51 69
41 54
59 83
48 97
26 95
18 29
0 30
15 92
45 88
24 70
10 33
25 99
67 96
28 67
71 97
24 57
40 45
3 99
28 61
52 92
61 65
32 92
49 67
14 45
80 86
60 65
73 74
47 63
10 52
58 81
1 63
88 90
58 86
24 49
56 72
51 94
28 42
22 95
16 43
86 94
26 72
32 95
17 57
14 54
32 87
28 95
13 28
46 89
45 90
39 76
82 89
8 45
40 63
4 16
67 97
28 66
3 17
14 55
24 58
30 47
50 83
80 99
10 19
62 79
22 34
22 69
24 75
9 35
17 84
57 95
69 75
28 51
31 49
47 81
46 83
7 99
16 33
41 62
21 63
37 84
47 53
26 42
53 86
69 85
2 40
49 60
37 94
37 87
25 82
35 40
65 88
8 65
12 15
77 86
15 48
43 80
51 70
52 88
34 40
28 38
75 96
26 70
81 94
34 47
4 21
65 81
38 87
14 89
38 72
32 60
30 35
9 83
12 65
45 78
12 74
9 84
9 88
17 39
31 51
40 52
