100 2101 443.2268042436062 medium
0 778 201
1 225 674
2 69 586
3 5 207
4 730 285
5 788 342
6 225 319
7 374 811
8 112 377
9 313 751
10 506 440
11 507 603
12 862 733
13 564 194
14 571 1000
15 996 81
16 324 626
17 543 315
18 273 452
19 680 929
20 691 437
21 471 503
22 437 676
23 405 374
24 659 264
25 25 160
26 895 361
27 35 308
28 86 36
29 8 55
30 987 104
31 878 76
32 909 3
33 934 65
34 734 141
35 765 910
36 349 602
37 373 812
38 961 803
39 726 232
40 327 450
41 534 833
42 9 958
43 665 252
44 787 87
45 650 612
46 774 399
47 638 137
48 484 733
49 291 897
50 369 810
51 153 517
52 643 246
53 516 897
54 126 376
55 858 535
56 609 926
57 401 440
58 279 190
59 75 911
60 837 272
61 184 116
62 963 883
63 694 566
64 347 833
65 330 26
66 276 863
67 667 684
68 233 574
69 81 502
70 335 924
71 650 737
72 110 27
73 472 676
74 107 362
75 362 457
76 588 949
77 166 582
78 648 49
79 341 641
80 742 645
81 339 484
82 161 155
83 332 179
84 366 330
85 426 559
86 837 592
87 692 784
88 141 317
89 759 947
90 478 601
91 42 8
92 924 629
93 431 676
94 319 812
95 992 978
96 433 463
97 279 270
98 773 683
99 14 494
7 37
37 50
7 50
22 93
24 43
8 54
8 74
16 79
43 52
54 74
24 52
15 30
28 72
11 90
56 76
50 64
37 64
16 36
7 64
22 73
64 94
75 81
40 75
40 81
49 66
35 89
57 96
36 79
73 93
57 75
61 82
80 98
50 94
3 25
49 70
28 91
4 39
14 76
37 94
18 40
58 83
7 94
21 96
67 71
74 88
31 33
29 91
48 73
5 46
23 84
0 39
55 86
54 88
9 94
71 87
45 63
15 33
39 43
30 33
23 57
51 77
41 53
8 88
66 94
85 90
32 33
68 77
69 99
72 91
19 56
75 96
21 85
10 21
4 43
6 97
18 81
51 69
22 48
45 67
4 24
24 39
0 34
40 57
73 90
34 44
57 81
10 96
64 66
48 93
31 32
58 97
38 62
28 29
11 73
42 59
19 89
4 5
9 50
14 56
6 88
39 52
67 80
2 69
66 70
49 64
5 60
22 90
7 9
9 37
19 35
36 85
90 93
47 78
9 64
53 76
18 75
49 94
27 74
20 46
34 39
31 44
64 70
11 85
0 60
63 80
23 96
13 47
23 75
19 76
21 57
86 92
13 52
4 52
34 47
85 96
81 96
79 93
0 4
2 77
53 56
45 80
51 68
21 90
62 95
1 68
11 22
12 98
22 79
67 87
8 27
16 68
10 57
83 97
3 27
11 93
84 97
29 72
67 98
26 60
11 21
25 29
27 88
40 96
50 66
2 99
4 60
5 26
2 51
80 86
23 40
47 52
1 77
37 66
1 16
36 93
7 66
86 98
41 48
30 31
70 94
9 79
27 54
6 54
0 44
55 92
81 85
22 36
57 84
61 72
13 43
69 77
14 53
15 32
49 50
1 9
85 93
22 85
9 66
39 60
13 24
15 31
37 49
79 85
16 93
43 47
37 70
21 75
36 81
50 70
36 68
41 56
7 49
7 70
75 85
58 61
1 79
10 23
63 67
12 92
12 38
17 52
57 85
16 85
4 46
13 17
58 82
16 22
0 43
45 71
9 16
6 74
73 85
34 78
40 84
5 39
28 61
17 24
26 46
6 8
75 84
68 79
30 32
41 76
23 81
18 68
18 57
24 47
8 69
36 90
20 63
87 98
39 47
14 19
71 80
10 17
34 43
11 48
48 90
21 81
54 69
71 98
0 24
7 48
73 79
5 20
25 82
37 48
18 51
17 43
72 82
25 28
48 50
34 52
68 81
9 93
6 58
28 82
51 99
63 98
0 5
6 18
6 84
46 60
45 98
0 52
69 74
79 90
16 81
12 86
11 45
1 36
10 85
36 73
51 54
4 34
24 34
44 78
21 23
9 22
10 75
90 96
63 86
19 87
36 75
35 87
88 97
8 51
7 93
40 85
9 49
50 93
80 87
37 93
32 44
25 27
33 44
12 80
84 96
7 22
17 23
22 50
22 37
41 71
5 24
56 89
3 29
5 43
8 99
25 91
65 83
9 36
18 23
18 84
21 40
36 40
0 47
83 84
40 68
16 90
16 73
81 84
35 56
4 20
79 81
21 36
44 47
39 44
25 72
31 34
11 36
11 96
46 55
55 80
0 31
92 98
18 96
61 83
74 99
7 41
51 74
37 41
36 96
54 99
10 11
82 88
23 97
10 90
16 77
2 68
3 82
56 87
82 97
58 84
25 61
41 87
18 54
7 53
6 40
48 71
37 53
13 39
41 50
34 60
7 73
55 63
1 94
19 53
48 53
13 78
18 36
68 69
37 73
18 77
41 73
50 73
48 64
48 79
36 57
11 79
55 98
50 53
76 89
14 41
50 79
61 65
58 65
9 48
45 90
79 94
82 83
10 81
1 51
21 73
43 60
7 79
16 75
39 46
5 52
37 79
68 75
4 47
9 70
19 41
3 88
77 99
9 73
20 24
16 40
6 82
93 94
6 83
87 89
21 22
63 71
45 87
24 46
12 87
21 93
8 18
17 84
38 95
26 55
38 92
10 84
64 93
13 34
24 60
61 91
57 90
1 2
10 40
11 67
20 45
22 94
53 64
12 62
61 97
22 64
35 76
16 18
4 26
81 90
18 97
80 92
29 82
48 94
43 46
53 70
48 85
36 77
17 96
11 16
22 41
77 79
75 90
10 20
46 63
75 79
3 74
16 94
54 97
23 85
29 61
40 97
40 51
18 85
20 43
41 64
27 99
58 88
41 93
45 86
36 48
71 73
6 23
18 88
18 74
51 81
82 91
45 73
17 57
3 28
4 13
4 17
16 50
48 67
21 79
6 27
11 63
40 79
7 16
44 60
16 21
17 20
64 79
16 37
16 48
67 86
56 71
68 85
20 55
9 68
19 71
11 57
6 75
69 88
76 87
74 97
67 73
25 88
14 89
52 60
1 66
11 71
16 96
20 52
52 78
0 46
12 55
1 50
27 82
0 26
8 97
18 69
77 81
39 78
27 69
41 67
35 62
0 78
31 60
51 88
79 96
1 64
6 81
64 73
30 44
3 61
18 79
3 8
17 39
12 67
16 57
17 21
46 52
17 47
12 35
1 37
21 84
1 7
3 91
16 51
46 86
43 78
18 21
75 97
73 94
43 44
5 55
45 48
61 88
11 75
11 81
1 93
4 44
67 90
59 66
0 33
6 61
35 71
3 54
20 39
5 34
40 77
23 83
16 64
3 72
53 71
36 50
15 44
53 87
57 97
21 45
57 79
54 77
7 36
6 51
36 37
8 77
1 22
12 71
36 94
26 39
65 82
81 93
20 86
93 96
22 96
2 8
40 90
6 57
36 51
62 89
14 35
74 82
33 34
0 13
20 80
48 87
40 54
44 52
53 94
57 68
24 78
22 81
41 94
49 59
73 96
51 75
2 54
20 26
31 39
88 99
25 74
63 87
24 44
63 90
41 70
71 90
65 72
20 60
71 76
22 71
1 81
45 55
81 97
22 45
68 93
9 85
32 34
9 90
23 58
38 98
35 38
54 82
9 77
10 45
1 69
49 53
54 68
51 79
30 60
53 73
84 88
10 36
10 63
8 40
1 18
35 98
2 74
71 93
8 82
74 77
22 68
45 93
33 60
40 88
68 96
75 93
20 21
48 56
17 75
22 67
45 85
21 48
0 30
36 64
8 68
66 79
22 75
1 85
11 41
31 78
21 63
75 77
13 83
1 49
6 69
68 99
10 24
10 18
73 81
8 25
7 90
22 53
23 36
58 72
89 95
83 88
37 90
50 90
9 41
67 93
11 40
71 89
71 86
84 85
53 93
12 63
40 74
35 95
0 32
10 52
12 89
57 93
26 86
10 73
25 54
23 90
63 92
41 90
11 80
22 57
54 81
48 76
27 51
13 23
13 84
47 60
86 87
54 58
16 66
55 67
48 70
53 66
66 93
5 63
27 61
58 74
35 41
9 11
2 18
12 45
28 65
54 84
38 86
73 75
73 87
48 66
19 67
17 46
10 22
1 40
10 43
35 67
57 73
45 46
5 17
68 90
68 74
22 66
3 6
7 11
28 58
96 97
27 97
1 73
13 44
14 87
31 47
10 93
63 73
11 20
14 70
46 80
38 89
53 89
20 67
11 37
21 68
15 60
40 93
11 50
0 15
56 67
65 97
35 53
54 75
41 45
4 78
9 53
11 23
8 58
8 81
17 83
41 49
22 40
40 69
0 20
41 89
10 13
6 96
68 94
48 49
18 90
5 47
70 76
27 29
26 43
7 76
17 40
5 86
37 76
5 44
6 68
24 26
6 25
30 34
25 58
4 31
1 75
62 92
7 85
50 85
61 74
2 16
8 84
17 34
37 85
69 81
11 87
81 88
20 96
20 98
50 76
51 57
41 66
68 73
10 79
10 16
59 70
49 79
74 84
77 85
34 46
53 67
0 17
75 88
49 93
7 56
18 58
37 56
74 81
18 99
8 75
67 92
19 98
45 96
59 94
1 90
23 68
55 60
90 94
89 98
40 58
16 23
22 49
17 81
32 78
1 48
70 93
35 80
77 88
54 61
64 90
50 56
33 39
21 67
64 76
12 19
80 90
17 97
63 85
22 70
9 81
48 63
5 13
40 73
15 34
20 90
72 83
6 77
82 84
26 92
38 87
57 83
38 80
23 88
23 52
17 85
8 61
66 73
36 66
27 58
40 83
10 46
67 85
73 80
74 75
41 79
50 68
4 10
36 84
48 80
26 34
16 69
26 30
68 88
7 14
16 49
14 37
1 70
56 70
18 93
6 99
13 20
3 58
45 92
23 79
57 77
46 92
14 71
85 94
48 96
11 68
7 68
62 98
37 68
51 85
77 94
31 43
67 76
27 28
23 24
25 97
22 87
26 52
19 48
51 97
14 50
1 99
12 95
2 79
18 22
11 98
68 84
56 64
18 27
57 58
32 60
2 88
11 18
67 89
23 54
87 92
18 83
14 64
22 63
58 75
75 83
2 27
11 64
41 80
2 36
1 59
63 96
5 31
14 48
4 55
61 84
11 94
3 97
77 93
87 90
41 98
54 57
87 93
59 64
64 68
70 79
4 63
70 73
42 66
51 84
9 51
10 97
13 60
46 98
28 83
69 75
13 58
54 83
56 73
63 93
51 96
64 85
26 31
49 73
7 71
17 78
36 69
71 85
28 88
33 78
19 62
9 59
22 77
37 71
26 63
38 55
3 99
23 43
57 88
13 65
48 81
62 87
42 49
65 91
2 81
24 31
52 84
23 51
55 71
20 57
74 83
31 52
11 17
50 71
19 80
30 39
1 11
27 72
2 40
72 88
20 85
17 58
66 68
60 78
77 96
10 67
1 57
20 23
17 63
8 23
32 39
56 98
84 90
17 90
48 98
13 46
10 48
29 88
9 21
11 53
26 44
41 85
71 92
2 9
21 71
69 79
16 41
13 97
13 57
46 47
8 57
36 41
8 83
72 97
1 96
73 76
48 68
17 60
15 26
9 75
16 70
23 74
14 49
53 90
5 10
26 33
58 91
16 84
20 34
13 96
55 87
1 21
18 73
4 33
58 81
27 91
24 84
36 49
73 98
24 96
36 45
9 40
83 96
49 76
9 18
48 75
66 77
76 94
20 92
21 97
52 96
32 47
80 89
45 57
10 39
29 58
17 18
20 71
23 93
5 45
28 97
22 56
22 23
27 77
24 63
21 24
10 68
57 74
46 67
48 57
33 47
3 69
20 47
69 97
81 83
50 77
6 10
21 80
65 84
90 98
5 80
22 80
56 93
6 21
11 84
68 97
25 83
19 38
47 83
6 36
43 84
2 6
21 52
23 73
15 39
7 77
37 77
64 77
53 79
52 57
5 30
45 79
50 59
56 80
6 65
41 63
56 94
22 76
9 96
79 84
44 46
24 57
80 93
77 90
10 80
6 85
5 33
58 96
43 96
10 83
6 72
1 54
37 59
4 30
14 94
76 93
45 53
21 77
7 59
6 28
43 63
17 45
19 95
40 99
45 56
23 77
62 86
38 67
21 43
18 82
36 54
5 92
1 8
64 71
38 71
6 17
52 83
12 56
21 51
19 45
65 78
16 54
57 63
54 96
7 87
49 56
7 67
35 45
60 86
73 77
2 75
37 87
51 93
21 46
37 67
77 84
67 96
36 70
6 16
29 74
26 80
13 21
35 92
7 21
9 57
29 65
21 50
50 67
71 79
40 48
66 76
27 83
76 98
52 63
50 87
43 57
20 73
21 37
85 97
88 91
27 40
5 78
62 80
2 59
4 86
81 99
14 66
22 51
57 69
35 86
16 45
88 96
28 74
8 36
60 63
8 16
45 75
50 81
47 65
80 85
19 73
33 43
42 70
23 82
7 19
49 68
3 83
36 67
19 37
81 94
67 79
7 81
20 75
37 81
36 71
10 71
11 86
14 67
10 47
39 55
66 90
27 68
13 75
27 84
77 97
35 48
16 53
8 96
23 47
69 84
19 50
25 65
47 84
1 74
5 15
17 44
4 32
25 99
53 98
72 74
4 15
13 31
39 63
51 90
21 41
11 46
22 98
24 55
45 81
4 45
83 91
16 99
4 23
2 94
9 71
10 58
24 83
8 29
53 80
40 82
51 94
4 21
11 56
14 73
9 76
49 77
56 66
36 53
66 85
36 97
31 46
71 94
24 33
23 61
7 45
9 69
76 80
36 74
43 83
26 47
54 79
74 96
5 98
59 77
23 45
11 77
37 45
78 83
6 29
16 74
12 20
8 28
29 54
93 98
20 84
6 79
28 54
43 55
45 76
42 94
33 52
12 41
30 78
0 55
3 51
45 50
9 56
26 98
21 94
16 71
19 70
62 71
12 46
2 66
29 97
4 96
17 36
25 69
19 64
36 63
29 83
46 96
23 63
97 99
65 88
20 87
1 41
18 61
11 66
16 67
24 45
23 69
85 87
48 89
64 87
32 43
20 22
13 40
12 76
64 81
54 72
63 75
15 78
8 79
71 96
69 85
53 85
1 23
75 99
8 72
49 90
56 90
51 58
30 47
14 22
26 45
19 22
23 39
35 63
27 81
18 48
52 75
54 85
21 98
36 99
48 77
84 93
45 89
21 64
21 83
36 88
50 96
14 93
7 96
64 67
50 75
20 93
22 84
70 90
91 97
37 96
69 96
24 75
7 75
30 43
19 93
17 26
1 6
20 81
37 75
11 76
5 21
92 95
23 65
69 82
51 73
56 62
62 67
1 42
38 63
87 95
21 87
11 55
75 94
2 85
89 92
26 32
46 90
79 99
9 14
80 96
16 97
17 65
86 90
16 88
27 75
74 91
5 32
46 71
4 80
52 55
32 52
9 67
43 45
42 64
6 91
63 79
57 67
10 98
20 48
10 51
6 13
40 45
24 32
73 84
0 10
51 82
40 94
15 47
40 50
2 57
5 67
75 82
47 58
20 44
18 94
8 85
3 18
19 63
40 61
86 89
55 62
4 57
30 46
49 85
50 51
7 40
74 79
11 70
20 40
10 86
11 51
63 81
9 45
68 70
10 55
52 97
11 49
37 40
24 30
38 45
76 90
1 10
43 75
9 10
45 52
70 71
1 53
1 88
4 84
13 81
94 96
21 58
51 66
95 98
60 92
23 48
21 54
9 42
7 51
17 73
37 51
52 58
10 77
85 98
11 19
82 99
58 69
23 46
56 63
33 46
18 50
13 26
67 94
51 64
10 60
50 57
11 24
1 84
19 86
2 64
7 57
46 78
3 65
21 39
30 52
59 68
15 43
57 82
38 56
7 18
2 93
37 57
39 84
39 96
24 86
12 26
18 37
85 88
87 94
81 82
2 50
0 63
73 86
16 63
74 85
35 73
45 64
5 96
46 57
8 91
53 63
23 27
14 98
24 85
10 34
40 52
79 97
70 85
17 22
64 75
21 86
39 86
2 42
54 91
17 93
12 48
11 12
16 59
2 37
21 88
2 22
6 90
2 7
79 87
59 79
25 51
2 97
19 94
20 36
64 96
24 97
48 86
67 75
16 17
9 87
8 21
24 40
79 88
62 76
52 85
57 94
25 84
43 86
3 84
70 77
11 52
2 49
51 83
24 90
52 65
47 97
12 53
46 85
18 25
70 87
15 24
17 79
5 11
40 64
41 96
67 81
66 81
17 55
2 96
5 23
2 3
61 75
47 57
40 63
60 80
11 43
47 96
10 88
19 90
10 54
17 80
55 90
39 57
52 81
90 97
35 55
43 97
63 89
56 95
19 92
45 94
58 68
24 58
41 86
39 45
57 71
15 46
13 61
45 60
9 23
18 64
36 87
21 55
24 81
84 99
4 11
13 18
43 85
27 57
42 50
17 67
15 52
24 80
57 61
21 69
13 85
19 49
21 74
20 78
57 99
69 94
69 93
43 58
10 87
56 79
83 85
52 90
40 43
13 33
2 84
37 42
49 71
7 42
46 87
7 10
10 41
14 80
13 63
12 73
9 99
13 32
10 50
66 71
73 89
76 79
12 14
4 92
58 78
10 37
48 51
36 80
26 67
0 86
43 90
14 45
22 69
21 53
72 84
52 86
57 64
10 26
41 68
58 85
2 23
63 76
39 83
57 80
26 78
5 12
78 84
8 10
5 57
61 81
61 69
41 81
43 81
6 11
45 84
4 98
43 80
16 87
38 76
71 81
11 35
79 80
51 59
71 75
17 88
11 14
51 61
21 47
22 35
7 63
23 34
65 74
58 99
7 35
3 40
11 97
7 80
34 83
17 86
4 67
17 68
5 90
35 37
63 84
43 65
4 90
49 51
56 86
37 63
13 82
96 98
37 80
76 95
54 65
20 79
23 78
23 67
28 84
12 90
24 65
4 75
50 63
10 74
20 31
68 83
42 77
1 97
35 93
50 80
9 19
58 77
3 77
27 65
7 89
35 50
22 86
37 89
23 99
59 69
69 83
14 62
69 90
4 85
2 90
19 66
21 66
18 45
67 70
14 90
46 73
56 85
66 69
17 61
2 21
82 96
55 73
18 66
52 80
0 23
17 31
4 83
6 93
85 86
1 27
87 96
40 67
16 20
2 73
11 13
36 59
34 55
8 65
39 80
50 89
41 75
34 84
16 56
46 84
45 62
17 82
61 99
86 93
41 57
66 75
6 22
36 56
62 63
49 81
60 98
86 95
10 78
13 90
46 75
40 66
10 94
80 95
49 87
85 99
16 76
54 90
11 92
36 58
18 20
32 46
71 95
5 71
16 80
25 40
45 68
7 98
9 54
48 84
57 65
34 65
24 67
96 99
37 98
22 89
36 76
17 54
59 99
14 95
50 69
35 90
5 85
17 48
5 84
76 85
47 75
48 55
36 83
66 87
18 52
50 98
9 63
55 89
10 64
75 80
40 65
86 96
9 84
6 52
8 9
70 89
64 69
35 64
68 82
89 93
7 69
37 69
20 41
14 79
11 89
59 93
13 45
34 63
77 82
61 96
27 96
64 89
54 93
39 75
69 73
38 41
2 25
12 22
8 90
18 24
53 68
1 45
10 69
1 71
16 27
66 96
18 65
66 67
2 70
78 97
27 36
35 70
0 45
0 21
11 39
55 96
22 59
36 98
0 84
41 62
43 67
3 68
40 71
22 54
49 67
65 75
19 55
23 80
13 30
47 63
55 85
21 60
56 92
21 49
0 96
3 23
93 97
3 81
17 98
80 81
79 98
6 73
24 98
12 93
76 86
17 71
40 41
8 17
4 40
22 97
3 75
77 83
23 25
18 63
22 46
14 38
8 93
64 80
6 24
23 50
11 69
63 64
23 71
7 23
67 95
16 58
2 11
17 74
52 67
4 81
29 99
23 37
17 51
70 81
18 43
41 92
9 74
41 55
2 48
13 88
94 99
2 82
88 90
34 96
6 9
46 93
57 66
53 59
40 47
5 75
74 90
8 22
53 96
9 80
20 83
1 67
46 48
21 70
53 86
46 81
