100 699 223.89283150650448 medium
0 759 84
1 705 205
2 213 949
3 524 219
4 106 32
5 101 172
6 364 608
7 549 746
8 205 903
9 58 526
10 116 264
11 997 716
12 36 113
13 95 225
14 193 377
15 775 812
16 685 386
17 299 564
18 540 382
19 138 196
20 561 285
21 663 674
22 284 258
23 730 366
24 987 865
25 687 114
26 145 136
27 200 812
28 29 778
29 550 151
30 479 322
31 280 414
32 729 137
33 407 730
34 514 216
35 713 8
36 362 682
37 98 989
38 148 443
39 809 524
40 846 52
41 607 685
42 401 122
43 467 461
44 400 320
45 750 310
46 859 367
47 536 150
48 337 948
49 630 732
50 561 947
51 477 86
52 524 147
53 253 182
54 424 512
55 119 300
56 358 373
57 926 276
58 84 113
59 16 347
60 213 107
61 221 729
62 484 318
63 287 883
64 820 724
65 445 348
66 394 775
67 264 815
68 948 590
69 444 177
70 270 365
71 423 264
72 362 609
73 588 351
74 998 424
75 644 600
76 169 454
77 937 793
78 326 909
79 407 488
80 747 694
81 554 394
82 405 338
83 961 438
84 991 263
85 306 987
86 401 28
87 102 887
88 370 21
89 664 515
90 204 340
91 874 721
92 707 733
93 15 45
94 161 921
95 842 926
96 380 49
97 294 36
98 581 38
99 333 262
6 72
30 62
3 34
47 52
29 47
18 81
44 82
38 76
29 52
54 79
86 96
88 96
86 88
10 55
14 90
74 83
48 78
65 82
30 65
5 19
10 13
2 8
33 66
63 78
8 94
25 32
12 58
22 99
62 65
16 23
48 85
31 70
13 19
41 49
44 65
5 13
64 91
73 81
80 92
5 26
21 41
18 73
56 82
2 94
23 45
19 26
44 71
0 32
5 58
27 67
26 58
33 36
43 79
57 84
43 54
21 49
44 56
87 94
34 47
34 52
42 69
3 47
70 90
12 93
20 73
10 19
63 67
3 52
1 32
3 29
36 72
21 92
26 60
6 36
29 34
3 20
30 82
42 96
71 82
21 75
51 52
49 92
17 72
88 97
14 70
0 25
6 17
13 55
64 80
30 44
14 38
34 69
78 85
30 71
14 76
62 71
62 82
48 63
22 53
7 49
20 34
20 62
4 58
44 62
42 51
7 41
8 63
53 60
18 62
52 69
18 30
27 61
21 80
65 71
96 97
47 51
75 89
24 77
5 12
31 56
56 70
44 99
0 35
69 71
20 30
71 99
3 69
56 65
8 27
4 93
0 40
37 94
41 75
1 25
5 10
55 90
42 86
14 31
51 86
77 91
47 69
61 67
51 69
58 93
11 77
29 51
36 66
15 64
19 58
2 63
18 20
16 45
2 85
18 65
37 87
13 26
34 71
16 73
62 81
51 96
30 81
8 87
15 92
82 99
42 88
19 55
63 85
8 67
31 90
34 62
3 62
14 55
4 12
86 97
18 43
60 97
22 70
62 73
25 35
29 69
20 81
43 81
3 71
41 92
4 26
12 26
30 34
27 63
3 30
13 58
67 78
30 73
46 57
53 99
6 54
55 59
64 92
56 99
1 45
51 98
22 90
43 65
54 72
27 94
19 53
10 90
19 60
29 98
38 90
26 53
31 76
65 81
76 90
2 78
47 98
70 99
8 78
15 80
2 37
9 38
45 46
52 98
49 80
11 91
27 87
2 48
46 83
56 79
51 88
42 52
12 13
56 71
2 87
6 79
23 46
33 72
72 79
58 60
5 55
6 33
5 60
80 91
10 59
32 35
25 98
4 60
16 89
28 87
10 26
16 81
30 56
8 85
12 19
22 44
63 94
20 65
17 79
15 95
9 76
0 1
49 75
17 36
20 29
15 91
70 76
7 21
31 38
34 51
11 68
35 98
17 54
64 77
66 67
10 14
22 56
8 37
42 97
20 47
56 62
44 70
2 27
70 82
43 82
42 47
22 71
75 80
8 48
30 43
20 71
69 99
4 5
35 40
43 56
41 80
3 51
65 99
25 29
18 82
23 73
20 52
7 33
65 73
69 96
2 67
42 71
43 62
32 40
38 70
16 18
22 82
65 79
39 89
13 59
38 55
31 82
62 69
3 73
34 42
31 79
75 92
67 94
36 61
34 65
30 69
11 24
44 69
14 22
79 82
46 74
66 78
68 91
90 99
17 31
3 65
53 97
48 67
29 42
63 66
5 53
31 44
68 83
18 44
5 93
54 56
39 68
34 73
34 44
10 58
52 71
69 86
25 47
42 99
22 31
43 44
3 42
24 95
56 90
7 66
30 99
19 90
13 90
7 92
19 22
26 93
21 89
27 78
81 82
20 69
85 94
10 53
42 53
16 20
3 44
47 71
31 99
62 99
74 84
55 76
1 23
23 89
15 77
38 59
77 95
43 73
81 89
34 82
13 53
3 18
1 29
55 70
57 74
1 20
20 82
20 44
39 46
21 64
14 56
36 67
54 65
53 90
78 94
15 49
69 82
57 83
26 55
18 71
25 52
33 67
22 60
13 60
4 19
45 73
91 92
61 63
18 34
46 84
10 22
44 79
3 82
66 72
6 66
29 71
18 79
22 55
17 76
25 40
44 81
10 12
65 69
52 86
69 88
68 74
31 54
52 96
7 75
18 54
32 45
27 28
79 81
39 83
8 61
16 46
54 82
54 81
52 62
65 70
47 62
23 39
60 96
67 85
12 60
11 64
67 87
3 81
83 84
31 65
1 47
15 21
48 94
32 98
23 81
53 55
61 66
60 88
45 57
41 89
22 69
22 42
26 97
6 43
14 59
29 32
29 62
86 98
30 52
73 89
13 14
30 79
36 54
39 80
14 99
30 47
43 72
1 3
39 75
10 38
18 89
47 86
1 16
48 66
18 56
34 81
17 61
53 58
24 91
70 71
73 82
53 70
0 98
9 59
53 96
70 79
10 70
22 65
10 60
71 81
22 26
63 87
61 72
29 30
64 68
16 39
47 96
33 61
51 71
71 73
62 79
59 76
34 99
1 73
6 61
20 23
4 97
59 90
42 60
53 71
14 19
51 97
3 98
1 52
49 64
34 98
55 58
44 73
20 45
18 23
53 69
1 34
13 22
31 43
27 48
29 86
4 13
32 47
44 54
17 38
3 25
19 59
33 63
5 59
28 94
19 93
69 98
3 99
60 99
33 78
13 93
44 90
17 43
5 90
56 81
1 35
10 76
31 55
80 89
27 66
7 36
30 54
61 87
42 44
17 33
28 61
29 96
42 98
52 88
53 88
36 79
20 43
17 56
39 64
25 34
82 90
9 14
17 70
61 94
96 98
7 50
44 53
43 71
5 22
54 62
64 95
68 77
29 73
60 86
14 53
43 89
27 37
12 55
27 85
7 80
33 41
22 30
32 52
56 76
69 97
19 99
25 45
31 71
39 91
60 93
91 95
47 73
27 36
1 98
37 85
1 40
61 78
22 62
21 39
4 53
47 88
15 41
6 31
31 72
88 98
25 51
16 62
26 90
20 25
44 52
42 62
54 70
45 81
30 70
53 86
52 73
39 74
56 69
34 96
77 80
19 70
36 63
30 42
55 60
14 44
14 17
64 75
14 82
23 57
16 30
8 28
52 65
20 51
42 82
21 91
41 64
37 63
29 35
10 99
55 99
44 47
53 82
16 75
47 65
53 56
96 99
15 24
24 64
33 54
62 70
43 70
30 31
71 96
34 86
0 29
49 89
2 61
3 32
20 56
34 56
38 56
39 45
28 37
18 45
29 88
89 92
22 97
10 31
45 89
27 33
3 96
52 99
33 49
29 65
19 97
1 46
58 97
20 32
