100 1212 332.0557182160849 medium
0 404 522
1 227 496
2 915 784
3 891 802
4 118 698
5 466 750
6 868 942
7 946 562
8 593 969
9 528 658
10 963 654
11 826 313
12 21 711
13 265 387
14 876 590
15 698 309
16 863 992
17 434 206
18 980 38
19 924 714
20 765 984
21 554 638
22 903 67
23 486 631
24 828 832
25 470 273
26 394 161
27 769 474
28 439 177
29 255 36
30 806 281
31 295 319
32 975 943
33 602 480
34 836 598
35 531 720
36 66 319
37 312 583
38 305 729
39 104 287
40 898 466
41 781 685
42 58 78
43 239 456
44 472 284
45 242 138
46 841 890
47 154 405
48 270 52
49 432 955
50 977 947
51 878 963
52 970 793
53 488 281
54 344 231
55 439 718
56 650 572
57 140 664
58 155 251
59 584 2
60 144 960
61 706 458
62 903 463
63 95 426
64 53 126
65 709 376
66 20 389
67 564 362
68 664 839
69 213 199
70 298 281
71 777 195
72 804 106
73 74 655
74 872 721
75 573 926
76 184 376
77 601 881
78 779 754
79 682 141
80 447 139
81 309 896
82 637 171
83 946 322
84 913 226
85 458 568
86 626 355
87 97 165
88 329 979
89 343 497
90 755 251
91 542 913
92 952 807
93 715 320
94 463 27
95 92 929
96 965 447
97 454 841
98 264 119
99 612 126
32 50
40 62
25 44
44 53
25 53
15 93
29 48
52 92
6 51
45 98
17 28
2 3
16 51
9 21
75 91
11 30
31 70
28 80
4 57
14 34
47 76
1 43
5 55
2 92
8 75
26 28
42 64
36 39
9 23
6 16
82 99
19 74
75 77
79 82
2 52
65 93
26 80
6 46
64 87
30 90
24 46
71 90
17 26
60 95
3 92
4 73
9 35
67 86
39 58
47 63
62 96
27 61
0 89
57 73
77 91
48 98
45 69
15 65
54 70
17 80
21 23
23 85
41 78
40 96
3 24
2 19
0 85
10 19
5 35
79 99
13 43
13 31
7 14
68 77
8 91
17 25
2 74
12 73
58 69
3 52
90 93
15 90
13 76
46 51
61 65
18 22
3 74
29 98
63 66
36 66
21 35
81 88
15 86
65 86
26 54
17 44
8 77
45 48
30 71
19 52
37 89
5 97
35 55
24 78
17 53
71 72
17 54
7 10
3 19
11 90
69 98
42 87
86 93
43 76
19 92
41 74
4 12
16 20
74 78
23 55
30 93
32 51
43 47
2 24
23 35
50 51
31 54
25 28
3 46
83 84
63 76
29 45
34 41
58 87
33 56
16 46
49 88
33 61
22 72
6 32
7 40
9 55
7 62
10 14
6 50
28 54
71 79
0 37
36 63
5 9
13 70
53 67
11 93
6 20
15 30
43 89
28 44
36 58
13 47
10 74
80 94
91 97
9 85
27 65
20 51
28 53
1 13
7 34
1 89
49 97
21 56
7 96
1 47
6 24
74 92
49 91
69 70
21 85
24 74
39 76
30 84
11 83
44 67
5 23
20 46
69 87
52 74
1 37
3 78
39 87
16 32
16 50
11 84
36 47
59 94
55 97
33 67
31 76
68 75
14 40
83 96
24 92
72 79
56 61
59 99
33 86
1 76
11 71
12 57
11 15
39 47
34 74
58 76
27 40
2 46
25 67
14 62
61 86
36 76
14 74
79 90
39 66
25 54
11 65
14 19
65 90
14 41
38 55
27 62
13 89
54 69
47 66
85 89
25 26
30 65
25 80
0 23
49 81
26 98
54 98
32 92
45 54
54 80
61 93
44 54
2 10
46 92
15 71
10 34
10 52
2 78
39 63
71 84
71 93
21 55
39 69
24 51
27 34
3 6
71 82
50 92
5 21
82 90
45 58
68 91
68 78
35 97
49 75
32 46
15 67
31 69
19 34
26 44
65 67
34 40
30 83
19 41
58 70
37 38
75 97
37 43
37 85
43 63
44 80
24 52
62 83
46 50
45 87
53 80
31 43
8 68
70 76
15 61
33 65
9 56
1 63
46 78
32 52
19 78
34 62
26 94
15 82
55 85
40 83
28 94
19 24
77 97
26 53
53 54
72 90
10 92
45 70
7 19
26 70
26 45
47 58
50 52
27 56
24 41
81 97
17 70
31 58
53 86
67 93
36 87
48 69
14 27
6 92
22 84
84 90
3 41
58 64
46 52
3 51
8 49
72 84
5 38
27 93
16 24
3 32
24 68
66 76
20 24
3 10
2 6
26 48
21 33
31 47
80 99
70 98
86 90
34 78
2 41
38 81
27 33
82 93
29 69
14 96
3 50
11 62
35 85
15 79
33 85
39 64
11 40
44 86
2 32
59 79
11 27
58 98
61 67
46 74
25 70
8 20
51 92
41 56
87 98
44 70
23 56
2 50
13 63
13 54
13 58
30 72
28 70
7 74
35 77
64 69
25 86
20 68
60 81
59 82
38 57
0 43
35 68
71 99
94 99
0 1
17 31
72 82
69 76
22 71
15 27
5 91
28 99
31 44
23 37
6 52
78 92
25 31
17 94
79 93
5 85
2 51
0 9
80 98
24 32
46 68
82 86
31 89
28 98
49 77
10 41
43 70
26 69
58 63
53 82
37 55
60 88
27 86
88 97
38 97
26 31
26 29
30 79
34 56
5 77
11 61
24 50
31 45
18 72
8 97
1 57
45 64
13 39
4 38
1 31
0 21
36 69
35 56
90 99
53 70
47 70
54 58
37 57
23 33
14 78
17 98
34 61
56 85
3 16
40 61
80 82
9 33
72 99
58 66
11 96
51 52
35 91
65 71
41 68
36 64
42 45
31 39
20 77
48 54
59 80
0 13
39 70
19 46
48 94
30 86
52 78
13 69
17 99
25 82
33 93
23 89
15 33
27 30
42 69
31 53
61 62
48 80
9 97
7 27
27 96
2 14
28 82
42 58
53 99
34 96
10 40
0 55
18 84
76 89
44 82
10 62
20 75
28 45
29 42
13 37
30 82
2 34
15 99
28 31
31 98
0 33
17 67
39 45
30 61
17 45
83 90
29 87
11 86
25 99
67 82
56 65
45 80
16 92
7 41
23 38
70 80
5 75
17 82
30 62
30 40
48 87
10 96
5 49
6 78
11 72
29 94
40 65
10 78
68 97
42 98
41 92
47 89
28 48
35 75
13 36
44 99
64 98
3 34
27 41
71 83
15 53
23 97
3 14
62 65
61 90
42 48
41 46
20 32
39 42
47 69
29 54
5 81
2 16
20 50
14 61
54 76
39 43
5 68
65 82
41 52
29 80
56 86
77 78
84 93
94 98
81 95
93 99
71 86
55 81
55 91
70 89
1 73
36 43
26 99
67 90
6 74
17 69
29 64
79 86
3 20
43 58
38 85
88 91
56 78
28 67
10 24
27 90
14 52
2 7
11 79
17 48
4 37
82 94
16 52
35 38
0 67
21 97
9 68
1 70
14 56
31 63
56 67
84 96
28 69
5 37
28 59
15 44
76 87
6 68
9 37
31 36
15 72
43 66
21 68
48 64
12 95
33 53
86 99
0 38
1 4
55 77
48 58
30 96
14 92
63 73
3 68
53 93
43 57
0 31
20 78
15 84
48 70
15 25
83 93
13 44
51 78
67 85
72 93
28 29
21 41
39 98
70 87
24 77
7 52
4 95
1 66
22 79
27 83
27 67
81 91
9 38
20 91
40 93
24 34
13 25
19 32
9 77
6 19
22 30
79 80
36 70
38 89
33 44
0 35
21 61
31 80
22 90
54 94
62 93
0 5
11 82
65 79
34 52
66 87
49 55
29 58
62 84
37 47
19 50
34 92
41 61
68 74
53 79
1 36
7 83
46 77
40 84
53 65
67 99
55 89
36 42
69 80
1 85
51 74
57 63
88 95
1 39
38 73
17 86
65 83
26 82
59 72
37 76
32 74
45 76
13 66
7 92
9 89
25 33
28 79
44 93
1 38
43 85
25 94
79 84
3 7
39 54
47 87
14 24
17 29
79 94
13 53
45 94
51 68
55 75
21 77
0 44
13 17
26 59
21 37
40 41
43 54
30 99
15 83
37 73
29 70
44 89
50 74
19 40
63 70
25 93
75 88
25 79
2 20
13 45
33 35
35 78
67 79
31 87
16 68
0 56
38 88
67 80
19 62
16 78
35 41
36 45
21 78
5 8
17 59
65 84
19 51
41 62
21 89
44 79
44 65
15 40
9 41
7 78
35 49
30 67
0 53
53 94
1 58
26 58
9 91
55 68
54 87
34 65
63 69
5 56
54 67
40 74
17 79
15 62
55 56
8 35
18 71
2 68
44 94
25 98
20 92
25 89
0 25
47 54
11 22
63 89
28 86
40 90
43 69
35 37
72 83
43 73
62 90
22 83
67 89
61 96
38 49
47 57
49 68
33 89
62 74
53 89
13 26
56 93
25 65
8 46
63 87
7 61
33 34
47 73
57 89
26 67
0 70
4 60
0 76
8 88
31 37
13 85
10 27
25 45
64 66
21 38
44 98
65 96
10 46
75 81
54 89
41 77
11 67
5 88
15 56
56 68
56 74
25 69
27 74
9 61
37 63
13 98
65 99
31 48
75 78
53 90
9 78
76 98
57 95
40 56
19 96
46 75
21 27
4 43
67 71
66 69
8 16
16 74
85 86
61 85
6 41
66 73
14 65
9 75
24 75
8 24
33 41
32 78
31 67
61 71
44 45
44 69
13 28
59 71
4 63
85 97
23 68
6 77
73 95
4 81
23 77
21 91
33 90
56 62
61 83
0 47
21 67
6 8
7 11
53 98
50 78
14 83
12 60
0 86
67 70
13 87
27 71
11 33
23 61
23 67
27 78
20 52
93 96
80 86
53 61
38 43
45 47
5 89
82 84
36 98
11 14
38 60
64 76
17 58
55 88
35 81
15 17
31 66
20 74
11 99
8 78
44 85
45 53
16 77
12 38
16 19
21 34
44 90
30 33
8 51
11 34
78 91
22 82
19 27
29 31
25 90
18 83
65 72
27 84
53 69
57 81
90 96
23 91
39 48
54 99
49 60
33 55
19 68
53 85
21 75
26 79
51 77
77 88
10 32
74 96
43 44
1 54
68 92
64 70
15 28
57 76
36 54
44 61
35 89
21 86
34 46
1 23
38 95
77 81
29 39
8 81
10 50
28 58
40 86
25 59
41 51
12 63
8 55
37 97
7 24
25 43
53 59
61 82
4 47
25 85
14 33
6 75
57 60
34 68
62 71
7 56
33 40
47 64
40 71
22 99
26 87
34 83
0 54
24 91
62 86
1 69
16 75
31 85
1 12
25 48
9 67
66 70
18 30
54 82
20 41
0 57
25 61
46 91
23 41
73 76
57 66
38 91
13 67
26 76
15 96
3 77
41 96
7 65
33 62
53 71
4 89
14 46
59 90
5 33
37 70
17 76
44 76
26 86
23 43
70 94
63 64
15 80
34 93
9 27
17 93
6 10
44 59
69 94
55 57
13 57
25 76
43 53
21 65
61 78
17 89
72 86
47 98
1 55
51 75
23 75
44 48
13 80
33 37
54 86
19 56
0 61
54 64
52 68
23 86
31 64
58 89
18 90
28 93
61 84
33 82
61 74
40 78
73 89
9 49
58 80
56 77
60 73
37 81
5 78
11 56
42 66
19 20
9 34
7 30
42 70
14 93
71 96
84 86
74 77
35 61
24 56
11 18
22 93
18 79
25 58
65 85
56 89
48 53
26 39
54 63
62 78
86 89
25 71
14 30
17 43
15 22
84 99
41 65
24 35
0 17
8 9
44 71
16 41
23 78
12 37
61 79
48 59
30 53
43 45
39 89
41 75
30 34
2 40
9 86
53 76
23 81
44 58
25 29
79 83
15 34
10 51
34 86
2 62
17 33
4 55
5 41
83 86
12 66
32 41
0 97
10 61
17 65
45 63
80 93
9 81
28 76
42 76
10 56
0 63
23 27
43 87
1 44
17 90
4 66
42 54
28 90
27 85
69 89
22 59
14 21
33 78
14 68
41 50
6 91
15 59
80 90
32 68
35 88
23 49
34 35
70 85
2 77
21 74
4 76
13 73
13 23
36 89
29 44
43 55
1 25
30 56
41 91
27 82
16 91
29 59
50 68
54 59
60 97
