100 698 222.1823575354263 medium
0 371 893
1 237 886
2 234 857
3 446 28
4 432 567
5 329 374
6 850 943
7 603 470
8 380 451
9 697 625
10 412 865
11 491 626
12 328 74
13 507 133
14 199 142
15 261 105
16 229 643
17 511 79
18 535 71
19 117 165
20 308 543
21 679 612
22 302 547
23 646 721
24 316 785
25 333 813
26 207 175
27 616 877
28 233 873
29 131 203
30 914 343
31 334 24
32 323 888
33 554 173
34 169 631
35 513 235
36 957 265
37 419 291
38 874 979
39 789 145
40 679 173
41 459 421
42 698 123
43 754 888
44 699 262
45 371 621
46 543 28
47 853 492
48 549 652
49 512 427
50 927 311
51 232 8
52 589 353
53 58 958
54 193 472
55 359 791
56 360 429
57 737 810
58 22 920
59 494 234
60 576 278
61 553 599
62 393 512
63 986 631
64 897 398
65 376 513
66 982 50
67 110 55
68 304 288
69 107 602
70 577 84
71 576 556
72 419 564
73 255 273
74 310 114
75 362 399
76 67 271
77 469 412
78 786 282
79 1000 473
80 132 843
81 894 903
82 769 432
83 409 85
84 534 753
85 634 202
86 841 468
87 47 941
88 675 482
89 301 843
90 152 607
91 119 688
92 255 848
93 727 773
94 951 421
95 238 792
96 8 443
97 847 369
98 202 268
99 743 256
20 22
4 72
41 77
1 28
2 28
62 65
35 59
53 87
9 21
2 92
17 18
47 86
1 2
34 90
8 56
56 75
58 87
24 25
28 92
14 26
25 55
30 50
57 93
19 29
5 75
1 92
6 38
24 55
18 46
12 74
25 89
18 70
44 99
69 90
49 77
89 92
0 32
61 71
0 10
15 74
32 89
78 99
12 31
68 73
53 58
48 61
73 98
41 49
40 42
40 85
13 17
36 50
8 75
30 64
64 97
62 72
92 95
64 94
6 81
24 89
17 46
16 34
13 33
8 65
8 62
5 56
11 48
2 95
46 70
17 70
65 72
4 62
11 61
3 83
13 18
34 69
2 89
79 94
30 97
14 15
7 88
12 15
20 65
28 89
33 35
45 72
25 32
34 91
52 60
35 60
1 89
4 65
55 89
24 95
38 81
32 92
43 57
82 86
26 29
89 95
28 95
22 65
4 45
12 83
3 17
4 11
8 41
16 90
33 85
14 19
13 70
25 92
56 65
33 59
1 32
0 89
30 94
69 91
90 91
24 92
15 26
44 85
0 25
30 36
44 78
56 62
5 68
64 86
7 71
20 62
19 26
10 55
40 44
28 32
14 29
10 32
33 70
50 64
5 8
59 60
26 98
31 74
29 76
39 42
1 95
37 59
2 32
10 25
11 72
60 85
23 93
29 98
31 83
3 46
8 77
25 95
22 62
50 97
3 18
86 97
41 56
41 75
48 71
20 45
82 97
7 49
22 45
15 51
42 85
13 59
48 84
13 35
17 83
0 55
2 80
74 83
47 82
24 32
31 51
17 33
32 55
18 33
47 64
68 98
40 99
28 80
78 97
82 88
49 52
33 60
75 77
45 65
2 25
9 23
15 31
2 24
26 73
13 83
35 37
11 71
19 67
56 77
6 43
13 46
45 62
3 31
41 62
50 94
20 72
10 89
1 80
39 40
21 23
14 74
65 75
37 68
94 97
23 84
12 51
25 28
8 20
62 75
19 76
21 71
80 95
7 52
43 93
22 72
55 92
16 91
23 48
8 72
86 94
26 74
11 45
39 99
16 22
1 25
24 28
55 95
47 94
0 24
3 13
85 99
37 75
5 37
80 92
47 97
71 88
8 22
41 65
44 60
0 92
14 67
10 24
33 40
4 61
5 73
68 75
20 56
35 85
62 77
14 98
4 20
3 12
21 61
18 83
4 8
42 70
23 57
64 79
16 20
32 95
1 24
16 69
80 87
21 88
51 67
37 77
70 85
22 56
4 22
51 74
22 54
64 82
19 98
52 77
11 84
8 49
0 1
58 80
76 98
20 54
40 70
37 41
21 48
53 80
39 78
65 77
14 51
5 41
27 57
7 61
27 43
61 72
42 44
9 71
0 28
35 52
42 99
43 81
54 90
2 55
0 2
30 78
29 73
3 70
14 73
44 52
59 85
16 45
50 78
49 71
4 71
13 85
4 48
9 88
30 86
5 77
33 46
46 83
12 14
36 64
7 77
49 62
9 61
41 52
5 65
40 60
56 72
39 44
47 79
4 41
41 72
27 84
26 68
16 95
15 83
29 67
37 56
28 55
11 62
9 48
38 43
78 82
9 93
36 97
56 68
49 56
7 41
27 93
5 62
52 59
33 42
49 75
40 78
23 61
97 99
20 75
26 67
1 55
52 88
61 84
80 91
4 56
54 69
30 79
17 59
15 19
17 35
36 94
48 72
71 72
22 34
37 60
52 85
12 26
10 92
91 95
63 79
23 27
15 67
79 86
4 77
22 75
72 77
64 78
13 60
34 54
49 65
3 74
30 47
7 21
11 65
4 49
22 90
49 60
15 29
35 70
18 85
20 34
8 37
37 49
37 73
39 85
73 75
5 98
18 35
49 72
10 84
16 24
86 88
0 95
5 54
70 83
21 93
18 59
15 73
73 74
60 99
20 90
26 51
80 89
61 88
33 83
26 76
33 44
30 82
8 45
7 82
5 20
45 55
18 42
59 70
60 77
59 83
78 85
36 78
49 88
54 56
24 45
15 98
17 85
68 74
6 57
72 75
16 54
5 22
34 95
19 73
1 10
18 40
13 40
49 61
35 40
50 79
82 99
2 10
47 88
41 71
50 86
55 84
10 28
23 71
14 31
33 37
71 77
59 77
14 68
8 68
45 48
3 33
13 37
37 52
7 9
42 78
11 23
42 46
76 96
4 75
52 99
61 62
82 94
35 77
57 81
35 83
44 97
12 17
45 61
33 52
44 82
54 75
14 76
41 60
79 97
17 31
54 96
69 96
54 65
35 44
15 68
73 76
56 73
74 98
8 54
62 71
12 13
11 21
10 95
9 57
7 48
41 59
5 49
13 42
30 99
35 49
7 11
50 99
17 42
45 56
47 63
17 40
29 68
24 80
1 53
51 83
35 41
49 59
7 60
78 86
60 70
84 93
20 41
28 53
19 51
40 59
47 50
25 45
32 80
16 65
46 85
52 82
4 7
61 65
16 55
42 60
26 31
59 68
1 87
13 74
28 87
40 46
23 43
50 82
16 25
19 74
29 74
11 49
3 15
11 20
40 52
21 82
41 61
22 41
71 84
34 45
21 84
22 69
2 53
25 80
52 71
54 62
90 95
17 74
54 98
41 68
10 27
2 91
13 31
65 71
11 22
9 47
61 77
2 87
16 72
88 97
9 82
9 11
37 83
21 57
68 77
18 31
33 99
36 39
7 72
16 92
75 98
44 59
12 18
8 11
9 84
11 41
20 77
37 74
54 73
67 74
31 46
35 46
17 60
52 78
64 99
20 69
48 62
45 84
25 84
6 93
16 62
91 92
60 78
5 72
57 84
18 60
11 55
59 75
21 47
3 59
48 88
81 93
46 59
12 73
4 84
36 79
16 89
24 34
63 94
9 86
2 16
7 62
36 99
22 77
0 84
54 68
3 51
45 71
39 66
11 77
34 80
48 93
12 68
35 68
78 94
44 70
39 50
28 58
35 42
5 59
36 66
45 95
21 86
4 16
28 91
8 73
38 57
77 88
3 35
14 83
1 58
63 86
37 98
90 96
41 45
4 5
12 67
45 90
24 91
29 51
59 74
12 46
67 76
24 84
47 78
39 70
26 83
2 58
72 84
44 88
48 65
45 75
