100 2121 467.04175402205743 medium
0 871 149
1 658 88
2 110 520
3 120 582
4 669 699
5 663 508
6 294 353
7 291 736
8 951 353
9 170 426
10 318 347
11 876 285
12 735 760
13 748 83
14 998 667
15 662 16
16 12 955
17 8 189
18 681 570
19 565 574
20 903 471
21 265 472
22 790 549
23 21 835
24 932 779
25 35 92
26 833 176
27 463 198
28 214 214
29 92 69
30 568 137
31 495 274
32 391 332
33 874 690
34 820 639
35 497 377
36 534 412
37 515 839
38 747 866
39 320 889
40 651 56
41 248 460
42 389 366
43 818 189
44 910 720
45 69 814
46 242 72
47 194 273
48 134 389
49 408 346
50 119 876
51 550 895
52 196 1000
53 913 907
54 751 617
55 616 393
56 869 867
57 587 625
58 148 922
59 672 549
60 725 109
61 626 123
62 496 348
63 510 471
64 104 737
65 84 375
66 584 583
67 74 862
68 184 59
69 280 109
70 673 322
71 166 548
72 434 713
73 90 329
74 303 494
75 785 234
76 864 489
77 105 764
78 592 787
79 12 726
80 5 204
81 190 52
82 37 845
83 729 644
84 211 802
85 225 688
86 59 412
87 913 739
88 357 192
89 665 937
90 205 451
91 552 31
92 121 880
93 541 845
94 147 69
95 446 715
96 959 803
97 15 86
98 633 693
99 994 461
50 92
68 81
72 95
17 80
23 82
44 87
26 43
21 41
25 97
19 66
32 49
18 59
6 10
37 93
64 77
42 49
35 62
1 40
32 42
13 60
54 83
24 96
4 98
68 94
67 82
15 40
5 59
57 66
20 76
9 90
21 74
41 90
24 87
45 82
65 86
81 94
65 73
0 26
33 44
50 67
1 61
45 67
58 92
67 92
51 93
35 36
9 48
48 65
23 45
46 69
50 58
29 94
19 57
46 81
43 75
3 71
46 68
53 56
23 67
30 61
25 29
45 77
28 47
2 71
33 87
2 3
24 44
21 90
36 63
5 18
41 74
37 51
0 43
1 60
40 61
1 15
34 54
10 42
31 62
33 34
48 73
36 62
10 32
26 75
78 93
22 54
48 86
87 96
29 97
45 50
4 83
7 85
57 98
27 31
45 92
36 55
18 54
45 64
9 41
50 82
49 62
18 83
73 86
4 12
10 49
1 13
82 92
40 60
55 70
34 83
20 99
52 58
29 68
64 79
37 78
35 49
48 90
59 66
22 34
35 63
46 94
58 67
22 76
6 42
44 96
18 66
6 32
29 81
60 61
9 65
77 79
17 25
13 40
8 11
40 91
1 30
78 98
14 44
67 77
31 35
17 97
7 84
54 59
11 75
71 90
45 79
9 21
77 82
27 88
32 62
24 33
23 50
69 81
12 38
74 90
30 91
83 98
24 56
68 69
38 89
42 62
35 42
18 57
5 66
13 15
23 79
23 92
19 59
23 77
56 96
4 57
59 83
18 22
15 91
14 87
2 9
16 67
9 86
11 43
15 60
77 84
16 82
50 77
15 61
22 83
31 49
69 88
53 96
57 59
6 49
25 94
84 85
32 35
51 78
25 80
4 54
30 40
18 19
12 83
8 99
6 41
19 63
4 78
77 92
11 26
2 90
22 59
50 84
61 91
47 73
5 19
80 97
31 32
84 92
2 86
35 55
41 71
16 23
1 91
66 98
0 75
34 44
27 30
79 82
38 56
12 98
9 71
51 89
6 21
43 60
62 63
28 69
5 55
21 71
64 84
9 73
13 26
14 33
13 43
26 60
64 82
8 20
6 47
55 62
13 61
23 64
64 67
24 53
4 18
14 24
64 85
47 48
55 63
18 98
16 92
6 90
10 41
76 99
16 50
94 97
2 48
5 22
45 58
63 66
41 48
58 82
56 87
58 84
10 21
0 11
34 87
19 98
20 22
60 75
69 94
39 84
5 57
0 13
50 64
16 58
5 54
31 42
54 98
6 74
33 96
14 96
52 92
37 95
77 85
36 49
70 75
45 84
65 90
33 54
57 83
31 36
4 66
6 9
12 54
64 92
32 88
10 47
28 88
28 46
7 72
12 78
50 52
17 29
71 74
2 65
10 74
12 34
59 98
3 85
9 74
67 79
67 84
37 72
47 65
29 46
4 59
2 41
86 90
73 80
5 83
0 60
71 85
16 45
27 32
36 42
33 83
44 56
25 68
15 30
10 90
27 62
23 58
42 74
89 93
9 47
21 48
18 34
30 31
13 75
12 33
7 39
3 64
3 90
34 76
7 95
66 83
5 63
28 68
27 49
30 60
28 94
10 88
25 81
42 63
6 28
31 88
29 80
5 36
93 95
49 63
8 76
57 78
48 71
49 88
17 73
2 21
4 34
4 19
78 95
21 42
58 77
28 81
3 9
32 36
6 48
22 33
54 57
19 36
36 70
55 59
46 88
39 52
78 89
57 95
73 90
9 10
53 87
10 28
28 73
41 42
31 55
72 93
54 66
54 76
38 53
68 97
12 56
57 63
6 88
71 86
34 59
38 78
72 78
39 58
57 72
3 41
42 88
33 56
93 98
10 62
36 66
81 97
19 83
47 90
62 70
37 89
82 84
12 87
24 34
27 61
12 44
59 63
3 79
14 34
3 86
49 74
10 35
3 21
47 88
27 35
3 77
32 63
27 42
17 94
52 67
50 79
4 38
31 70
32 74
35 70
19 95
41 65
47 69
5 70
7 64
44 53
20 34
5 98
37 98
13 30
11 20
19 55
7 77
95 98
21 32
65 80
18 55
79 92
10 48
1 43
27 91
16 52
44 54
28 29
60 91
58 64
12 89
21 49
19 54
66 95
19 72
4 5
65 71
10 31
32 41
2 73
29 69
28 48
55 66
4 22
23 84
3 48
1 75
47 86
61 75
4 93
36 59
41 47
34 98
2 74
41 86
1 26
80 94
44 83
41 49
43 70
12 18
31 63
18 63
12 24
78 83
66 72
52 84
64 71
48 74
38 51
39 92
31 61
72 98
18 76
12 57
45 85
17 65
59 76
47 80
33 76
37 39
39 50
5 76
6 62
42 90
13 91
54 87
43 61
3 74
27 69
2 85
17 47
66 78
8 75
11 76
6 35
24 38
5 34
61 70
4 33
41 73
21 65
6 73
76 83
32 47
14 99
11 70
46 47
28 65
38 93
83 87
38 98
17 28
51 95
10 27
25 46
4 37
63 74
19 35
22 66
22 44
62 88
38 87
74 85
28 80
47 94
39 72
3 65
72 85
20 54
6 65
8 43
21 47
5 35
12 93
11 99
16 77
30 70
8 26
28 32
79 84
22 98
49 55
40 43
26 61
47 68
21 86
19 78
39 95
80 86
34 96
56 89
18 36
51 72
50 85
6 31
42 47
79 85
9 28
26 70
25 28
22 57
33 38
2 64
14 20
81 88
26 40
12 22
30 88
68 88
85 92
51 98
17 68
38 44
0 8
60 70
36 57
21 85
12 59
33 53
32 90
63 70
20 33
47 81
38 96
0 1
7 50
52 82
22 99
39 85
85 95
38 83
7 92
40 75
14 76
30 62
4 95
35 66
1 27
71 77
57 93
45 52
39 93
27 36
48 80
10 36
7 71
37 57
21 73
47 49
22 87
19 22
35 74
59 70
9 42
18 33
46 97
17 81
29 47
12 96
2 79
49 90
10 63
42 55
10 73
17 86
16 79
12 51
41 85
4 51
6 27
39 51
3 7
68 80
67 85
12 53
5 62
28 42
71 73
11 60
35 88
55 75
12 66
54 78
15 43
32 55
34 56
6 71
34 57
37 38
22 55
12 37
55 57
15 26
1 70
18 78
7 58
28 49
7 45
71 79
4 72
44 76
27 40
10 65
19 62
17 48
28 97
16 64
28 90
3 45
30 75
85 90
14 56
4 89
3 84
34 38
58 79
0 40
11 13
14 22
80 81
72 84
9 32
23 52
25 47
10 69
33 98
4 44
62 74
6 86
7 74
34 66
5 20
24 54
18 20
25 73
88 94
24 83
20 59
27 70
2 77
6 69
82 85
21 63
36 74
20 83
35 59
25 69
89 98
6 63
33 59
58 85
0 61
47 74
7 37
6 36
4 87
1 31
39 67
0 15
27 55
18 70
28 41
2 6
39 77
34 99
38 54
20 44
32 69
65 74
27 28
31 91
53 89
30 35
15 75
13 70
84 95
21 35
7 67
62 66
16 84
9 49
59 78
23 85
28 86
12 19
10 71
14 54
63 95
88 91
52 77
8 22
63 72
70 76
63 98
73 97
27 46
14 53
76 87
3 73
72 74
30 43
22 70
42 48
74 86
71 84
33 99
47 97
61 62
29 73
30 55
2 47
4 56
54 55
17 46
39 45
5 12
21 62
41 63
35 41
0 70
21 28
19 34
30 49
74 95
32 48
56 83
30 32
35 57
39 64
20 75
37 66
7 21
66 93
55 76
69 97
49 70
73 94
18 35
40 70
75 76
10 86
59 62
9 85
26 30
31 40
20 87
49 69
73 74
15 27
19 37
14 83
55 61
22 24
2 10
31 69
46 80
3 23
34 78
19 93
41 62
44 99
19 42
51 57
7 93
18 44
19 74
20 70
19 70
4 24
83 93
55 83
21 36
66 70
3 82
18 95
7 82
47 71
54 56
9 80
27 60
19 49
27 63
30 36
48 49
11 22
61 88
4 63
44 98
52 64
5 33
12 14
54 96
63 83
42 69
7 79
27 47
7 41
83 96
8 70
59 95
7 52
11 55
54 63
2 7
32 70
36 88
69 91
31 60
45 71
17 69
34 53
3 67
87 98
35 61
10 46
18 72
6 46
68 73
39 82
4 76
18 87
9 17
43 55
25 65
28 31
42 70
7 23
3 6
42 71
5 78
5 31
56 78
54 99
18 62
59 72
38 57
41 88
30 69
37 83
87 99
36 41
22 36
39 78
30 42
22 63
69 73
69 80
57 62
42 66
83 95
31 74
29 88
12 95
31 75
44 59
56 98
28 74
1 11
3 50
33 57
21 72
73 81
20 43
21 88
66 74
49 66
66 76
2 45
65 97
20 55
48 88
7 90
24 76
11 61
36 98
3 92
19 32
33 78
36 54
46 73
2 84
9 88
32 46
5 95
83 89
5 75
73 88
12 76
88 90
55 98
31 47
32 73
35 90
42 73
10 55
5 49
72 83
21 95
36 83
20 26
0 30
18 38
36 61
64 90
21 31
43 76
23 39
7 51
55 60
12 72
22 96
42 65
54 70
7 78
63 90
29 65
15 70
37 84
1 62
74 88
26 55
59 87
3 10
13 27
15 31
5 72
36 75
1 55
19 31
4 96
76 98
51 83
5 11
75 99
57 76
18 93
5 42
62 90
75 91
33 66
31 41
20 24
43 91
27 81
22 78
54 93
32 65
21 64
24 89
4 55
62 75
19 76
24 98
47 62
27 68
89 95
49 61
32 71
41 64
28 62
65 94
48 85
46 91
57 74
25 48
52 85
51 66
6 68
41 72
64 74
32 61
26 76
8 34
71 72
57 70
16 39
22 75
70 91
49 71
36 95
48 69
18 37
7 57
26 91
32 66
19 21
13 31
4 36
36 72
87 89
8 14
79 86
10 68
3 47
80 90
9 64
63 88
7 19
49 73
6 81
1 88
2 42
34 55
6 94
22 38
51 56
48 94
14 38
35 47
54 95
46 49
4 53
25 86
53 83
11 40
19 51
74 84
35 75
23 71
31 66
10 81
57 89
72 89
62 91
83 99
85 86
62 69
29 48
41 95
89 96
2 28
33 89
0 20
59 93
31 46
71 82
40 88
5 32
43 99
24 99
37 54
27 75
6 55
78 87
44 78
6 80
49 65
5 44
48 97
38 59
42 57
71 95
10 94
63 78
10 30
28 35
38 66
18 24
4 20
70 83
37 85
31 59
5 8
67 71
44 89
2 23
26 99
22 56
17 90
55 88
76 96
64 86
77 90
65 88
42 46
56 93
55 74
86 97
6 17
37 59
52 79
19 33
65 69
7 66
4 14
40 62
9 35
1 35
64 72
60 62
8 54
54 72
36 90
50 71
54 89
18 99
65 68
49 57
14 18
53 54
30 46
8 60
7 9
84 93
72 77
21 77
2 80
49 59
2 82
42 86
11 59
48 68
59 99
31 43
12 20
5 99
21 84
59 75
74 77
46 48
71 92
9 62
0 99
10 19
9 69
34 89
41 77
79 90
27 74
44 57
20 96
38 95
19 41
13 55
42 59
25 88
8 55
28 71
21 66
8 13
21 27
2 32
20 66
40 55
36 76
27 41
30 63
9 79
42 61
31 90
22 35
65 81
0 76
24 78
0 91
3 72
5 87
8 59
3 58
27 94
32 91
32 86
16 85
48 81
70 88
11 30
46 65
35 95
35 72
6 85
32 68
53 78
64 95
9 63
51 54
65 85
11 15
7 63
96 99
2 67
41 84
35 98
96 98
19 38
10 80
9 77
77 95
29 86
32 81
7 98
35 69
3 42
2 49
11 18
57 87
8 33
61 69
49 91
2 17
8 18
14 59
34 93
1 36
24 59
10 17
72 90
39 89
38 72
39 79
6 29
6 30
17 88
48 64
34 70
35 54
20 98
18 31
6 19
70 99
42 72
69 90
35 91
18 51
84 90
18 56
51 84
20 57
18 75
35 60
26 31
3 95
15 88
80 88
53 98
41 69
32 57
63 71
34 63
85 93
0 55
41 80
18 49
19 20
10 85
44 66
42 95
35 83
86 94
58 72
63 76
5 43
50 72
7 16
11 54
72 92
77 86
32 59
37 56
27 43
49 86
10 66
41 79
10 70
35 40
2 50
22 62
18 42
21 57
37 52
90 95
9 94
41 66
88 97
36 60
63 85
10 29
65 79
11 34
48 79
5 93
21 79
19 85
32 94
9 31
43 62
1 49
21 55
2 92
9 25
5 74
22 43
36 43
9 46
27 90
42 85
1 32
17 41
28 30
64 65
5 37
81 91
18 96
58 95
31 57
63 75
66 89
35 48
51 53
21 69
49 68
66 87
55 95
9 36
48 62
50 95
92 95
34 37
11 36
4 35
34 36
9 29
13 62
14 98
49 81
8 83
12 63
3 39
61 63
51 59
9 68
33 93
36 47
18 89
78 96
57 85
55 91
6 25
5 38
49 72
37 63
55 72
3 32
5 27
68 91
42 68
51 52
8 44
39 98
6 66
62 72
62 95
86 88
26 27
54 62
5 14
49 95
15 62
62 98
9 27
56 57
42 81
35 43
34 51
74 79
3 49
42 91
35 71
52 72
47 63
5 26
59 74
70 98
21 80
9 97
20 36
66 85
41 55
56 59
39 71
58 71
68 86
9 81
19 44
36 40
40 69
69 86
46 62
18 32
63 93
22 26
39 57
48 77
37 58
28 36
19 89
62 83
4 70
41 57
2 72
53 93
31 81
60 88
24 57
56 76
31 68
52 93
9 84
40 49
26 62
22 53
1 69
45 72
31 48
52 95
32 40
36 78
15 55
4 7
71 80
3 28
78 85
6 70
27 48
19 90
49 94
5 10
46 90
10 61
7 48
26 36
10 25
11 31
78 84
36 91
34 95
5 24
22 95
17 21
7 42
5 30
6 7
81 86
42 94
59 96
33 51
32 72
73 85
35 76
10 72
55 99
28 91
54 75
48 63
19 87
11 62
51 85
74 98
18 74
69 74
12 55
62 71
46 86
6 97
6 72
90 94
13 35
5 61
22 93
87 93
1 42
10 57
32 95
46 61
30 81
45 90
8 87
49 85
11 83
41 46
59 89
3 16
43 59
2 95
33 37
65 77
19 27
44 93
67 72
10 95
45 95
7 10
9 72
11 35
4 62
26 35
30 68
22 72
28 63
17 71
36 71
13 36
68 90
6 95
27 29
32 85
20 63
34 72
15 69
10 91
49 75
33 55
62 76
21 45
55 78
38 76
1 8
51 87
3 80
27 73
39 74
36 69
12 99
49 60
37 92
0 31
45 74
24 93
41 45
15 35
25 90
4 39
20 56
35 46
37 50
30 47
8 61
29 32
29 90
7 86
19 39
24 51
81 90
24 66
9 95
5 21
22 37
6 57
19 71
10 97
67 95
5 6
44 51
58 93
21 46
36 48
9 45
11 14
66 90
32 60
12 36
45 86
56 66
66 75
4 99
51 58
2 63
5 51
22 31
20 60
76 78
27 66
37 53
5 60
2 58
41 94
6 61
31 94
71 88
39 66
73 79
60 76
18 43
37 74
19 75
7 36
11 33
3 63
40 42
13 88
32 75
41 68
26 59
62 73
34 75
32 80
91 94
7 49
10 59
22 89
42 98
70 74
85 98
0 22
64 73
27 59
3 17
31 73
17 32
18 53
40 46
35 73
37 87
11 63
1 63
2 88
0 27
90 97
74 78
11 91
41 81
57 96
37 44
2 35
6 91
62 65
35 65
14 57
35 85
49 98
75 83
7 35
5 56
21 59
36 85
0 5
55 90
57 84
74 80
34 35
7 65
47 85
15 36
7 32
15 32
1 46
15 49
20 35
42 80
37 77
11 66
42 75
43 63
5 41
13 20
5 96
27 65
72 82
84 86
51 96
33 70
66 71
4 74
57 90
21 94
29 42
1 5
93 96
17 42
48 84
29 49
19 24
21 39
53 76
35 78
21 68
29 41
60 63
19 84
22 51
8 36
24 37
92 93
9 19
28 61
11 27
8 40
72 79
19 56
13 76
18 26
14 66
2 62
42 60
50 93
31 65
14 78
37 64
15 46
7 18
50 74
74 93
17 74
7 59
0 62
11 19
2 39
7 89
20 38
23 86
33 63
56 99
3 52
30 59
20 62
25 41
62 68
62 81
6 59
23 90
51 63
10 18
46 74
8 24
30 94
21 81
74 92
31 76
49 80
18 21
1 10
36 37
0 36
38 39
66 99
57 71
31 54
31 71
82 90
6 64
59 61
14 89
33 95
63 69
5 89
98 99
3 35
82 95
21 98
51 92
25 32
21 50
17 49
13 49
45 48
75 88
23 72
53 57
18 27
67 90
50 51
53 59
47 91
66 84
22 49
21 92
36 93
8 66
43 54
41 59
5 13
67 74
82 86
50 90
79 95
21 67
2 25
12 39
32 98
21 70
66 96
62 85
19 88
39 41
4 42
16 71
13 32
73 77
9 23
34 62
41 50
84 98
20 53
5 7
11 44
61 76
63 65
19 30
49 54
90 92
21 82
21 23
26 63
2 36
31 83
49 83
0 35
41 67
57 75
40 63
23 41
21 29
47 55
41 92
57 99
7 62
4 49
41 82
43 49
33 36
42 83
45 65
35 86
9 82
8 30
44 55
5 88
55 69
28 55
74 82
42 54
33 72
41 97
22 42
25 27
31 98
48 72
37 67
23 95
62 86
61 81
63 91
10 40
12 70
23 74
9 66
3 62
14 19
60 99
59 60
31 72
63 73
20 78
77 93
19 99
6 18
31 95
15 42
8 15
21 37
4 85
21 25
2 97
30 74
27 57
7 12
2 69
22 60
20 61
8 19
10 64
60 69
3 19
37 96
65 84
2 16
63 84
35 68
11 57
30 66
4 8
9 67
61 68
37 45
18 41
0 59
62 94
41 70
69 70
35 81
9 55
18 30
3 36
7 83
25 42
36 46
26 54
32 97
62 78
56 95
52 78
34 43
41 98
8 96
64 93
1 6
67 86
32 43
18 61
1 76
12 35
68 74
13 99
48 95
25 49
2 29
36 65
74 83
36 73
21 30
66 88
29 31
5 40
6 77
2 94
74 94
39 90
9 50
52 71
20 31
53 99
69 71
70 95
7 73
21 78
22 32
8 57
37 71
8 35
1 20
30 41
63 86
8 62
17 27
19 61
13 63
58 74
11 87
19 96
55 87
74 81
3 88
22 61
8 63
6 84
9 92
2 31
13 42
27 86
37 55
47 61
31 86
26 49
27 80
55 93
2 19
43 66
70 72
27 71
39 63
32 54
4 31
21 97
30 76
32 83
23 48
4 32
38 63
19 43
8 12
43 88
40 81
1 59
56 72
1 28
5 90
29 91
53 66
27 97
0 18
61 66
9 57
35 37
36 99
8 31
4 11
18 60
26 34
44 70
4 21
37 41
43 83
51 77
3 66
21 93
44 95
58 78
42 43
23 65
6 40
54 74
33 75
28 40
21 58
8 98
48 82
35 94
2 68
40 68
2 46
