100 1582 386.76607917447984 medium
0 302 895
1 345 889
2 248 127
3 765 573
4 150 209
5 787 366
6 73 994
7 125 230
8 321 181
9 189 131
10 780 911
11 565 461
12 459 806
13 372 783
14 929 988
15 893 318
16 959 666
17 883 556
18 434 609
19 680 232
20 532 760
21 254 7
22 621 189
23 255 566
24 786 32
25 206 941
26 650 452
27 719 128
28 956 236
29 555 543
30 534 890
31 232 39
32 665 47
33 443 56
34 512 435
35 818 270
36 991 289
37 463 90
38 703 969
39 157 551
40 106 27
41 491 27
42 207 522
43 150 978
44 502 901
45 408 318
46 46 475
47 367 903
48 677 309
49 988 292
50 780 904
51 987 138
52 62 53
53 781 10
54 57 783
55 896 195
56 515 191
57 859 131
58 505 158
59 726 250
60 349 464
61 718 432
62 254 900
63 758 515
64 105 516
65 829 452
66 488 848
67 186 268
68 730 958
69 911 227
70 725 737
71 211 448
72 743 719
73 354 471
74 60 350
75 405 297
76 833 899
77 180 535
78 555 686
79 872 653
80 792 642
81 118 672
82 677 791
83 670 668
84 131 423
85 556 670
86 810 601
87 555 924
88 961 233
89 450 338
90 69 181
91 876 494
92 463 160
93 87 239
94 309 339
95 14 727
96 997 777
97 649 262
98 485 453
99 673 582
36 49
28 88
10 50
60 73
78 85
45 75
24 53
70 72
1 47
39 77
38 68
42 77
34 98
4 7
30 44
56 58
55 69
21 31
7 93
33 37
30 87
58 92
19 97
0 1
80 86
28 69
45 89
0 62
19 59
69 88
12 66
40 52
3 86
50 76
10 76
48 97
44 66
33 41
44 87
39 42
3 63
11 34
2 9
56 92
90 93
75 89
30 66
17 91
39 64
65 91
25 62
28 36
36 88
28 49
49 88
23 42
0 47
25 43
10 68
37 41
4 67
4 93
37 92
54 95
26 61
46 64
7 67
70 82
28 55
19 22
50 68
55 57
3 80
42 71
7 90
55 88
48 59
19 48
64 77
20 78
59 97
22 97
6 43
37 58
11 98
79 80
79 86
23 77
11 29
71 84
11 26
4 90
17 86
83 99
12 20
4 9
16 79
70 83
15 35
72 83
2 31
12 13
2 8
72 80
1 62
61 63
71 77
3 99
15 69
20 85
35 59
63 65
5 61
5 65
10 38
64 84
27 32
17 79
72 82
20 66
15 49
51 88
23 39
46 84
63 86
38 50
49 69
5 35
45 94
36 69
66 87
9 31
74 84
42 64
15 36
35 69
28 51
67 93
15 28
12 44
75 94
33 92
22 56
0 25
51 55
35 55
63 99
15 88
57 69
1 13
19 27
12 30
61 65
47 62
37 56
83 85
29 98
74 93
34 89
22 27
29 34
70 80
39 71
5 15
78 83
51 69
24 27
17 65
16 96
81 95
7 9
68 76
3 17
33 58
63 91
22 58
13 47
2 21
89 98
22 59
32 53
24 32
27 59
77 84
24 57
15 55
82 83
5 48
29 99
80 83
42 84
26 63
17 80
86 91
46 74
23 71
64 71
31 40
54 81
29 85
39 81
2 4
51 57
52 90
48 61
43 62
9 90
20 30
39 84
14 76
5 59
60 94
63 80
26 29
17 63
41 58
26 99
0 13
73 98
22 48
47 66
13 66
9 40
80 99
27 53
3 79
36 55
12 47
49 55
16 17
3 83
39 46
44 47
72 86
41 92
3 91
18 85
60 98
7 74
3 65
9 67
23 73
18 29
86 99
23 60
60 71
26 34
73 94
9 21
27 57
89 94
1 12
8 9
67 94
28 35
28 57
29 78
19 35
6 25
8 75
18 78
8 92
53 57
20 44
57 88
71 73
72 79
35 57
26 48
67 90
35 48
85 99
71 94
46 77
3 72
38 76
35 88
20 82
1 25
15 65
9 93
3 61
22 32
1 66
75 92
9 52
21 40
65 86
67 74
77 81
36 51
27 97
56 97
5 63
12 87
56 75
50 82
33 56
42 60
12 78
72 99
49 51
2 67
38 87
83 86
45 98
42 73
11 61
5 91
34 45
64 81
61 99
78 99
1 44
45 60
23 64
10 82
40 90
8 94
79 91
18 73
70 86
2 7
8 67
22 92
56 89
78 82
60 89
13 20
5 26
34 73
11 99
45 73
8 45
16 86
70 99
73 89
18 98
67 84
26 98
25 47
34 60
20 87
41 56
20 83
45 56
13 62
3 26
12 85
46 71
4 74
45 92
30 47
8 31
10 14
42 46
18 60
11 89
8 37
16 80
3 70
35 97
74 90
70 79
61 91
29 83
19 56
80 91
31 52
14 50
82 85
58 75
35 49
5 19
64 74
5 97
27 35
0 43
23 81
4 8
2 40
30 82
35 36
42 81
34 75
8 33
32 41
68 82
66 78
75 98
13 44
50 70
79 96
60 75
63 83
15 91
70 78
58 97
68 87
57 59
89 92
55 59
63 79
26 65
4 52
38 82
18 20
71 74
15 59
0 12
82 87
73 75
67 71
70 85
59 61
35 65
10 70
60 77
61 97
18 23
13 18
73 77
8 58
19 32
27 48
5 69
59 69
8 21
22 37
30 38
2 90
45 58
4 40
52 93
7 52
58 89
80 82
50 72
4 31
11 48
1 30
47 87
84 93
27 55
23 84
76 82
19 58
26 97
15 57
35 61
66 85
18 34
72 78
16 91
0 66
61 86
7 84
72 85
65 80
13 30
8 56
20 70
70 76
32 58
21 33
10 72
2 93
24 55
84 94
29 61
66 82
21 52
11 18
12 18
0 44
2 52
11 63
48 56
72 76
14 68
7 8
79 83
5 55
15 51
65 99
8 89
19 61
7 40
6 62
76 96
63 72
29 63
30 78
4 94
19 57
65 79
36 57
34 61
49 57
17 61
32 37
44 82
13 78
30 68
2 33
34 48
22 41
32 56
3 5
48 65
15 61
82 99
11 85
42 94
94 98
46 81
39 60
11 73
79 99
32 57
17 99
6 54
31 33
32 59
3 29
92 97
38 44
11 45
39 73
40 93
5 17
1 87
22 35
89 97
5 28
27 56
29 73
7 94
5 49
1 43
35 51
4 84
17 72
20 72
37 75
3 16
32 97
26 59
13 85
11 97
11 60
27 69
43 54
27 58
31 90
15 48
26 83
25 54
2 92
53 55
34 99
5 36
2 37
20 29
20 47
12 82
26 86
7 31
5 88
56 59
19 55
74 77
2 94
29 60
34 97
67 75
68 70
30 85
91 99
48 63
44 78
14 96
60 84
19 26
32 33
22 33
16 72
61 80
39 74
63 70
34 94
21 37
11 78
10 87
12 62
49 65
50 87
24 59
42 74
19 24
59 65
39 95
14 38
22 89
20 99
1 20
4 21
24 51
45 67
22 24
23 46
98 99
73 84
85 98
19 92
48 89
48 58
11 75
54 62
13 25
3 11
8 41
43 47
15 19
64 95
36 65
26 91
26 89
29 89
3 85
28 59
49 91
13 87
19 69
35 91
2 75
32 92
24 69
82 86
0 30
11 83
38 70
23 94
31 67
61 98
7 71
37 45
77 94
44 68
36 91
3 82
59 88
45 71
5 86
92 94
31 37
26 80
44 85
26 85
80 85
21 41
78 87
15 17
3 78
15 63
79 82
34 85
68 72
58 59
65 69
46 93
62 66
48 98
22 53
9 94
24 35
17 70
18 99
17 83
61 83
78 80
8 93
5 11
22 75
51 53
71 81
5 22
71 93
18 42
18 83
78 98
93 94
19 53
33 75
34 56
5 99
16 70
30 70
22 57
18 66
80 96
5 57
71 75
53 59
30 50
75 97
13 23
4 71
38 66
10 30
48 55
31 93
45 97
57 97
5 27
26 35
48 69
44 62
52 67
37 89
17 96
22 45
76 79
2 45
74 94
81 84
27 41
60 64
0 6
84 90
46 67
15 97
16 65
28 65
16 63
50 96
97 98
8 90
12 83
35 63
26 78
39 54
70 87
53 69
64 73
38 72
19 89
37 97
56 94
77 95
40 67
21 90
85 87
46 95
9 74
48 57
63 85
34 78
0 87
42 67
60 67
10 96
17 26
65 88
55 97
66 83
11 19
23 98
86 96
29 80
7 46
29 72
7 21
15 27
29 70
27 92
34 63
27 37
2 58
21 92
31 41
19 37
76 80
30 83
50 83
27 28
72 96
48 92
31 92
39 94
64 67
72 91
29 86
22 61
66 70
65 97
32 48
50 80
35 53
2 41
71 89
85 86
19 34
67 73
56 98
27 88
29 48
11 65
33 45
69 97
8 40
18 77
22 26
9 33
16 76
49 59
11 59
63 78
62 81
24 28
55 65
19 65
66 68
24 88
0 20
10 83
58 94
59 63
18 26
67 77
50 79
24 97
36 59
27 51
65 83
29 45
78 86
22 34
45 48
10 80
69 91
61 79
0 54
83 91
21 67
4 75
20 38
30 72
64 94
28 91
32 35
54 64
18 89
48 91
48 75
9 75
48 99
67 89
6 95
10 79
71 98
32 55
88 91
2 56
11 56
12 70
70 96
18 71
22 55
63 97
9 92
19 28
5 80
29 82
26 45
44 70
54 77
9 37
34 58
13 81
15 26
64 93
11 22
59 92
44 50
72 87
10 44
3 48
19 41
76 87
34 92
63 98
12 29
20 68
4 45
30 62
65 72
83 87
19 88
34 83
61 69
42 95
33 89
11 86
19 75
76 83
26 72
34 59
18 39
25 81
41 97
41 75
5 34
73 85
11 94
83 98
61 89
51 59
17 49
8 60
53 97
39 67
27 33
19 45
3 15
43 95
20 80
4 46
66 72
28 53
21 93
70 91
42 45
59 91
42 98
53 88
7 64
12 25
20 50
47 78
44 83
90 94
25 95
63 82
61 85
7 75
9 45
17 36
61 72
29 75
3 34
28 48
23 34
29 65
8 71
8 52
16 83
0 81
59 89
23 95
26 75
11 80
10 20
41 53
23 74
33 97
23 45
1 6
2 74
5 29
8 73
60 85
1 78
2 89
18 45
22 69
37 94
21 58
17 35
12 38
19 63
23 54
1 18
92 98
26 56
48 88
73 78
26 70
19 98
46 90
15 86
24 41
19 33
13 43
58 98
62 95
46 94
68 83
45 84
29 97
7 45
55 61
26 73
25 66
22 98
52 74
12 72
67 92
50 66
18 94
24 48
9 84
16 50
31 58
16 99
18 30
25 44
10 66
3 20
76 86
30 76
5 79
26 79
55 91
42 75
18 44
23 89
47 85
8 22
11 20
23 29
42 54
15 22
26 60
34 71
18 47
75 84
61 78
13 29
62 87
44 72
71 90
41 45
38 83
60 78
46 60
5 51
7 42
65 70
10 16
18 82
27 61
1 85
49 61
50 86
3 98
42 89
32 69
61 70
13 82
15 24
23 67
37 48
1 54
42 93
3 35
43 81
8 84
6 47
91 96
37 59
24 58
23 75
46 73
28 97
36 61
46 54
28 61
16 82
13 42
11 58
3 96
31 94
12 99
7 77
73 81
77 93
4 64
20 98
31 75
60 74
12 68
60 81
8 74
20 62
10 86
48 49
29 66
17 82
13 73
11 91
33 94
35 56
53 58
50 78
18 75
88 97
11 72
13 77
41 89
19 49
1 81
61 88
24 56
5 98
36 48
45 77
12 23
0 18
13 54
27 49
56 61
59 98
77 98
27 36
19 36
13 39
79 85
48 53
4 92
11 35
9 58
34 42
34 65
8 98
9 71
8 34
11 92
18 70
73 74
4 42
10 78
2 84
23 85
78 79
11 70
21 56
38 78
9 41
13 83
56 60
29 94
39 93
13 60
14 82
20 86
82 96
49 63
48 86
97 99
19 51
31 56
17 48
53 56
68 80
18 81
57 65
68 96
7 39
56 73
23 78
2 71
75 93
14 16
5 56
68 78
14 70
4 60
5 83
7 60
50 85
41 59
66 99
59 75
91 97
36 63
60 92
29 91
6 81
45 59
3 59
20 34
84 95
63 69
40 74
4 89
21 75
14 72
74 81
19 91
11 23
4 77
75 77
15 53
26 58
37 53
18 72
0 78
24 37
17 28
17 29
24 36
10 85
24 49
37 67
73 92
47 82
20 26
31 45
84 89
17 69
45 61
4 33
89 99
45 93
44 76
35 86
26 27
3 50
9 56
20 76
11 17
3 97
25 30
4 73
17 88
0 23
57 61
47 54
35 58
7 73
3 18
3 76
9 89
33 67
38 85
20 63
0 95
5 24
23 62
77 89
32 51
18 61
4 37
19 29
1 23
22 65
29 79
12 50
15 79
16 61
59 99
68 79
68 85
21 94
64 90
18 63
58 67
18 87
10 12
73 99
41 48
8 97
56 67
30 99
5 89
20 23
33 40
22 28
3 10
38 80
29 59
50 99
0 85
15 80
20 73
47 81
14 79
26 82
49 97
61 75
33 53
34 86
27 89
5 32
71 95
18 64
4 39
28 63
27 65
18 62
39 98
38 47
7 89
39 45
22 88
36 97
33 59
58 60
15 99
24 33
17 59
65 98
35 99
26 69
33 48
83 96
60 99
7 92
60 93
5 16
10 99
1 82
22 94
17 85
17 76
34 77
26 92
28 32
21 45
58 61
24 92
63 88
58 73
29 30
34 35
20 60
34 80
34 37
55 63
11 82
85 89
94 97
29 42
66 76
13 98
74 75
56 57
36 53
65 85
25 87
45 74
32 88
49 53
19 99
76 78
5 58
12 73
38 96
3 19
51 65
53 92
67 98
2 60
48 80
17 78
22 63
12 43
73 93
12 98
48 51
15 32
15 16
11 71
29 56
63 96
39 75
57 58
76 99
23 47
63 89
84 98
31 74
75 90
18 84
5 72
26 55
13 70
5 53
20 79
27 75
49 86
29 71
86 98
82 91
11 15
30 80
38 79
4 58
3 49
48 83
26 94
12 60
76 85
18 80
8 42
2 73
51 97
22 29
7 23
65 78
43 44
80 98
32 75
36 86
59 86
11 12
41 94
17 55
61 82
48 73
73 97
60 97
87 99
32 89
29 44
13 99
44 99
45 64
11 79
43 66
39 62
39 89
13 95
7 33
37 40
8 19
48 60
17 50
3 36
11 42
57 91
78 89
37 98
27 45
85 91
4 56
45 90
23 66
7 37
68 86
65 96
6 13
34 72
61 73
34 67
12 81
1 38
11 27
47 68
66 80
54 84
23 93
42 90
80 87
1 95
54 71
34 91
8 32
48 94
62 78
9 60
22 51
34 70
10 17
31 89
27 34
60 61
72 98
77 90
16 68
12 80
8 11
64 75
65 82
35 92
13 71
70 98
4 23
14 80
40 94
73 83
62 77
9 46
61 92
20 25
51 91
35 80
0 39
34 39
32 45
26 49
78 91
45 99
35 89
26 28
12 34
29 77
13 34
16 49
86 97
11 13
3 69
17 97
16 26
18 86
5 70
89 93
52 84
13 72
20 61
13 64
52 94
9 73
26 36
2 22
96 99
23 25
8 48
16 36
29 35
42 85
49 79
14 87
62 85
13 38
12 42
74 95
35 98
0 77
68 99
39 90
60 83
26 88
48 85
42 62
40 92
29 87
33 52
55 56
8 77
22 49
34 84
5 85
45 85
5 45
17 19
41 57
71 92
36 79
26 57
38 86
22 36
47 83
81 94
5 92
92 93
3 12
21 89
42 78
11 37
0 42
40 41
64 98
33 34
12 76
18 48
19 94
4 41
3 68
7 58
1 39
