100 2436 528.4931409204854 medium
0 19 800
1 643 791
2 335 981
3 263 84
4 526 622
5 130 963
6 498 840
7 534 125
8 942 927
9 699 991
10 246 747
11 83 733
12 47 576
13 725 807
14 434 927
15 2 387
16 154 196
17 404 502
18 733 729
19 94 109
20 380 113
21 629 371
22 168 152
23 960 366
24 895 811
25 976 880
26 769 623
27 894 966
28 784 130
29 986 678
30 779 26
31 149 993
32 29 590
33 620 732
34 412 262
35 481 533
36 463 806
37 179 592
38 165 225
39 397 594
40 74 750
41 321 913
42 54 799
43 109 623
44 431 122
45 76 541
46 176 282
47 375 313
48 100 914
49 224 760
50 795 93
51 993 286
52 684 789
53 336 141
54 973 51
55 569 412
56 59 516
57 489 990
58 562 941
59 364 105
60 874 916
61 190 401
62 443 552
63 470 756
64 509 635
65 572 574
66 420 181
67 269 266
68 908 123
69 747 153
70 614 789
71 327 409
72 733 646
73 33 975
74 77 915
75 417 311
76 829 116
77 294 524
78 610 773
79 752 309
80 61 608
81 985 162
82 123 77
83 236 958
84 261 884
85 349 697
86 516 756
87 44 804
88 873 755
89 900 733
90 274 803
91 65 171
92 658 919
93 622 948
94 46 199
95 341 811
96 866 601
97 140 570
98 515 786
99 849 973
42 87
70 78
20 59
11 40
4 64
12 32
48 74
0 87
10 49
1 70
86 98
45 56
16 38
91 94
88 89
12 80
0 42
5 31
32 80
1 78
28 50
1 52
50 76
47 75
33 78
35 62
26 72
19 82
28 69
13 52
37 97
12 45
27 99
53 59
63 86
16 22
92 93
28 76
6 36
34 75
43 80
36 63
20 44
20 53
40 42
27 60
63 98
36 98
6 98
33 70
5 48
8 25
38 46
44 66
24 88
58 93
12 56
43 97
40 87
8 27
60 99
39 62
10 90
34 47
1 33
17 62
49 90
4 65
41 84
90 95
32 45
19 91
45 80
30 50
8 60
44 59
2 41
52 70
45 97
5 74
11 42
21 55
36 86
22 38
0 40
73 74
52 78
37 43
50 69
18 52
12 43
83 84
24 89
13 18
20 66
68 76
32 56
11 87
34 66
84 90
9 92
18 72
17 35
1 13
14 57
19 22
33 52
6 86
68 81
32 43
23 51
22 82
80 97
64 65
57 58
9 93
43 45
6 63
16 46
69 76
48 73
56 80
17 39
16 91
3 53
0 11
31 48
53 66
12 97
31 83
46 67
59 66
78 86
78 98
41 83
44 53
54 68
56 97
5 73
58 92
70 98
26 96
4 35
35 65
2 83
19 94
29 89
30 76
7 44
3 59
70 86
8 99
35 39
41 95
28 30
22 91
16 19
35 64
62 64
5 83
31 74
24 25
33 86
24 60
47 71
6 14
16 94
25 60
84 95
4 62
1 18
82 91
54 81
38 67
18 26
17 77
13 70
2 14
32 97
11 43
18 33
39 85
38 91
14 41
85 95
10 85
10 95
37 45
74 87
47 67
3 22
50 68
31 73
33 98
43 56
42 74
25 27
37 80
39 64
6 58
41 90
71 77
46 61
13 78
3 20
17 71
64 86
38 94
2 84
36 95
16 82
48 87
42 48
28 68
51 81
14 36
39 77
8 24
6 70
11 80
7 66
63 64
49 95
1 98
14 58
0 74
1 92
13 33
49 84
85 90
66 75
22 46
6 78
13 92
18 78
22 94
62 65
30 69
40 43
1 86
4 39
52 92
12 37
71 75
18 70
37 77
4 86
63 85
16 67
19 38
89 96
29 88
61 71
70 92
21 79
10 84
47 66
57 93
0 48
49 85
3 82
63 95
72 96
63 78
15 56
34 44
53 67
33 72
37 56
18 88
29 96
40 80
34 53
48 83
34 67
11 49
82 94
4 33
4 63
9 58
33 64
63 70
14 95
35 55
32 37
6 57
40 49
36 78
9 99
64 98
52 72
62 77
33 63
36 70
22 67
20 34
11 32
5 84
1 6
78 92
38 82
88 96
46 94
2 57
67 71
7 20
67 75
24 27
69 79
3 16
31 84
61 67
13 88
46 91
25 99
36 85
54 76
1 93
70 93
83 90
6 95
58 70
77 97
60 88
11 12
61 77
24 29
13 72
30 68
25 88
58 98
55 65
14 98
76 81
6 33
10 11
68 69
48 84
34 59
4 98
6 93
74 83
40 74
33 65
25 89
40 48
32 40
18 89
36 58
26 88
22 53
24 99
10 37
52 98
17 64
34 71
13 24
2 95
1 58
11 37
1 72
52 93
3 19
15 45
64 78
26 89
4 17
7 59
52 86
73 87
64 85
3 38
10 40
3 44
11 97
4 78
62 85
66 67
33 36
37 49
56 61
42 49
13 93
58 78
14 63
78 93
0 73
95 98
12 40
39 65
61 97
47 53
65 72
1 63
72 78
36 64
85 86
42 73
72 88
39 63
38 61
36 41
14 84
6 92
43 49
45 61
1 36
83 95
5 42
5 87
41 49
77 85
18 24
11 48
28 79
3 67
11 74
10 41
55 75
17 65
50 54
57 92
86 95
7 34
51 68
62 71
42 43
3 66
18 96
26 33
13 60
10 43
41 57
60 89
49 87
8 88
9 13
36 57
70 72
2 31
64 70
26 52
74 84
59 67
35 77
17 55
2 90
72 89
53 75
55 62
85 98
15 61
4 70
20 67
36 90
14 93
13 26
44 75
14 86
31 41
37 40
13 89
16 53
9 60
65 86
38 53
58 86
33 92
42 80
17 47
37 61
17 75
19 46
6 41
40 97
52 88
11 45
4 85
43 87
6 52
15 94
93 98
12 15
4 36
52 58
92 98
30 54
0 80
9 27
80 87
0 5
46 71
5 41
48 49
35 71
39 71
49 83
92 99
8 89
0 43
7 53
10 42
44 47
37 85
20 47
14 83
39 86
46 47
20 75
22 59
63 90
50 81
25 29
14 90
9 52
65 78
17 85
26 65
15 46
11 90
28 81
73 83
18 92
15 32
28 54
47 61
6 64
23 81
1 4
1 64
57 98
62 63
2 5
10 97
48 90
6 85
58 63
84 85
40 90
13 99
1 9
49 97
76 79
16 61
47 59
4 72
63 65
0 49
40 45
43 77
10 87
55 79
1 26
9 57
0 32
32 42
35 85
21 65
13 58
13 98
10 83
46 82
24 96
27 88
24 52
59 75
36 93
46 53
49 74
4 55
32 87
7 69
10 39
13 86
5 90
2 6
20 22
23 79
33 93
31 42
60 92
86 92
31 87
3 46
3 91
41 63
52 63
36 84
62 86
44 67
2 36
33 58
34 55
47 55
41 85
37 39
11 56
26 78
45 77
18 86
65 70
9 70
86 93
88 99
21 35
65 98
7 75
4 6
42 90
5 40
50 79
21 75
41 48
36 52
10 48
36 39
53 82
49 80
12 42
52 89
35 63
18 65
5 49
42 84
26 29
39 95
14 92
10 63
64 72
10 36
15 91
67 91
18 98
39 98
36 92
35 86
0 12
12 61
47 77
24 26
74 90
14 70
6 90
26 70
31 90
38 47
12 87
10 77
1 65
93 99
52 60
40 73
15 80
16 59
15 97
6 13
15 38
4 52
87 90
40 84
2 58
55 64
35 75
24 72
84 87
10 80
37 90
41 98
13 27
3 34
57 95
38 59
0 31
1 88
67 94
4 18
27 89
0 10
52 64
11 84
14 78
18 60
40 56
5 11
57 63
19 67
56 77
37 71
9 78
57 86
51 54
51 76
43 61
17 61
57 70
34 46
69 81
10 74
67 82
39 49
17 34
27 92
16 20
6 84
90 98
42 83
37 42
64 77
55 71
51 79
17 37
62 75
20 38
52 65
39 90
41 58
59 82
33 35
46 75
68 79
21 34
18 64
4 26
72 86
64 95
36 49
61 80
41 74
15 16
19 53
43 90
61 75
35 47
2 48
85 97
42 97
31 49
62 98
63 93
63 84
38 71
5 10
14 85
89 99
73 84
18 93
3 94
75 77
49 63
83 87
49 77
7 47
66 71
86 90
71 97
30 81
11 73
52 99
2 49
77 80
21 69
54 69
8 13
61 94
32 61
57 78
47 62
23 68
63 92
1 14
13 96
34 38
22 61
7 28
16 47
41 86
2 10
39 55
43 85
8 9
37 87
6 9
57 84
1 57
4 77
12 77
33 62
1 24
8 29
87 97
23 96
22 66
60 93
33 88
31 40
65 85
36 62
3 47
29 72
57 83
0 90
35 98
12 49
0 84
36 65
58 95
18 29
39 97
46 59
32 49
38 66
42 45
72 98
15 43
67 77
20 82
21 62
0 97
6 18
5 95
13 63
10 14
26 64
17 21
24 92
21 47
28 51
70 88
13 25
46 56
52 96
61 91
34 61
13 36
48 95
22 47
33 39
10 12
2 63
0 37
17 63
1 60
7 50
29 60
1 89
78 88
40 83
7 21
46 66
9 18
7 30
45 49
18 63
10 31
4 95
31 95
22 44
20 46
45 87
0 45
2 98
6 39
9 24
38 75
16 34
2 74
16 66
37 62
10 45
22 34
10 32
53 71
11 31
14 49
11 85
0 83
6 10
90 97
46 77
14 33
11 95
19 59
10 86
18 99
88 92
9 33
15 37
4 21
78 95
4 13
10 98
78 85
17 67
11 83
84 98
18 58
37 95
35 78
27 93
17 97
9 14
53 91
32 77
36 83
33 85
35 36
40 95
70 95
3 7
3 75
16 71
27 52
1 99
55 66
9 98
79 81
6 65
13 64
35 72
50 51
62 78
10 62
17 86
45 46
39 78
62 95
33 96
13 65
34 35
51 69
77 90
33 89
52 57
40 85
70 85
18 36
39 47
24 70
23 76
21 66
65 77
39 61
42 56
72 92
45 71
39 75
74 95
8 92
30 79
2 85
83 85
57 90
63 72
38 44
7 79
84 86
6 49
14 52
55 72
26 86
10 64
19 20
18 25
24 33
18 27
21 28
16 44
0 56
16 75
42 95
34 77
6 83
24 78
49 73
15 22
8 18
21 26
56 87
35 70
56 71
2 86
58 99
80 90
71 85
64 90
2 93
7 55
33 57
60 70
39 43
33 95
21 64
64 71
46 97
41 42
26 55
77 95
13 29
43 48
63 77
70 89
4 71
10 17
34 62
39 70
49 86
49 98
62 70
14 31
8 52
78 89
15 19
1 96
15 67
6 62
9 88
43 74
21 72
23 28
49 56
41 73
61 62
7 76
65 96
65 71
22 75
53 94
40 41
73 90
55 77
11 77
87 95
10 56
41 87
9 86
53 61
11 41
9 25
70 99
43 95
13 57
9 36
25 96
7 67
60 78
20 71
44 46
23 69
80 85
14 64
26 35
26 98
49 62
43 84
2 73
22 71
27 29
62 90
1 95
41 93
37 84
62 97
21 71
60 72
1 35
6 72
62 72
17 98
89 92
44 71
65 75
24 93
43 71
25 52
1 27
5 14
59 91
59 71
58 84
4 10
19 61
74 80
6 35
35 37
78 96
48 80
1 85
63 83
17 36
38 56
37 46
4 90
58 64
49 64
26 60
35 95
44 82
1 62
78 99
10 73
42 85
93 95
58 60
23 29
79 96
33 60
95 97
36 72
55 69
70 96
45 85
26 79
17 49
66 82
13 14
60 96
1 39
23 54
17 95
40 77
17 33
26 92
88 93
17 46
56 94
44 69
10 35
21 44
41 70
61 66
4 14
17 43
23 50
18 35
58 90
35 61
23 26
20 91
39 84
65 79
25 92
8 93
64 92
4 58
12 90
12 46
77 86
41 78
44 55
17 66
29 52
72 93
21 39
0 95
0 41
15 77
85 87
21 50
58 85
33 55
21 76
32 90
57 85
4 92
29 99
3 61
12 85
39 45
38 77
15 71
12 71
58 83
56 67
35 52
47 65
9 89
26 63
83 98
17 90
39 41
9 63
66 69
38 45
45 90
1 8
32 74
36 77
2 92
4 75
25 26
67 97
21 96
48 85
17 45
61 82
65 95
21 23
3 71
27 70
37 48
59 94
32 48
4 49
71 80
34 39
33 99
64 93
15 82
37 64
27 58
55 67
26 62
16 56
19 66
37 63
14 48
8 96
62 67
2 42
92 95
75 79
14 39
41 64
45 67
61 85
39 80
84 97
30 51
64 75
41 92
19 44
78 90
25 72
32 85
72 79
52 62
37 67
2 70
37 74
51 96
54 79
18 62
4 93
39 72
31 57
35 90
70 90
12 74
17 78
2 87
5 43
4 96
80 84
35 67
37 47
47 91
58 72
32 46
43 62
56 85
12 48
77 98
35 49
35 97
34 82
34 79
45 94
59 61
27 78
11 39
10 57
52 95
4 47
1 41
5 85
1 25
2 78
20 94
20 61
56 91
47 82
83 86
17 56
46 80
0 85
80 95
38 97
48 97
9 72
39 56
72 99
39 52
6 26
19 47
52 85
43 46
10 71
55 86
47 94
47 97
4 37
2 40
74 85
32 71
47 64
11 61
73 95
33 41
8 26
8 72
12 39
10 61
34 65
74 97
71 94
6 17
49 57
37 41
65 88
7 71
64 84
89 93
35 79
55 96
39 67
34 69
19 34
28 44
33 90
2 11
16 45
20 55
71 91
28 55
66 91
11 15
65 92
57 64
36 37
17 70
66 79
8 70
4 41
26 36
16 77
26 93
18 55
86 88
14 74
31 85
35 66
18 57
53 55
24 58
55 63
27 72
43 83
20 21
56 90
14 18
64 96
39 40
34 91
17 80
26 99
17 72
41 43
88 98
5 57
55 85
43 73
27 33
57 99
23 72
25 93
49 61
30 44
21 33
1 29
77 84
5 80
1 2
18 39
58 88
55 78
2 9
0 2
65 89
12 17
10 78
42 77
26 27
44 50
66 77
31 36
70 84
49 71
17 38
69 75
8 78
27 96
78 84
84 93
13 35
7 22
58 65
45 62
37 38
17 53
28 66
40 61
32 39
73 80
5 36
37 75
21 77
44 61
10 65
55 59
20 69
1 90
44 91
4 57
29 33
15 40
45 91
12 38
10 70
37 83
10 58
85 93
34 94
44 79
4 88
62 66
23 89
31 43
96 99
21 53
4 84
18 21
26 39
25 70
21 68
45 48
21 51
45 74
7 68
5 37
16 97
10 33
66 94
32 84
9 26
64 97
37 86
21 67
1 17
12 84
14 62
63 71
6 99
77 87
21 59
47 56
75 82
65 90
45 47
6 77
21 30
12 95
8 33
90 93
12 94
47 79
65 93
4 34
55 98
45 95
2 33
62 84
36 48
63 97
75 91
14 65
55 61
75 97
26 58
55 70
46 62
19 71
22 56
92 96
13 62
8 58
15 47
85 92
24 98
17 44
19 75
41 62
6 31
12 67
25 78
60 98
7 38
39 46
32 95
94 97
35 43
86 96
98 99
24 86
64 88
49 58
41 52
6 60
13 95
39 58
6 88
17 26
86 89
43 63
47 85
32 73
23 30
17 32
50 66
53 77
18 85
34 64
25 33
56 62
9 41
59 69
4 79
62 80
83 93
1 55
49 78
5 32
7 16
33 77
11 36
2 64
72 85
75 94
11 63
29 78
41 97
37 98
5 6
29 70
89 98
4 97
32 38
0 77
71 82
45 84
17 20
33 84
41 77
4 89
7 46
50 55
35 96
30 66
49 70
13 39
43 67
80 83
32 94
13 85
2 39
75 85
57 60
29 51
60 86
44 94
22 77
36 40
62 79
5 97
1 84
37 65
23 55
55 76
52 55
49 65
28 34
12 16
31 80
35 46
71 86
16 17
11 17
61 64
5 12
40 63
48 57
12 62
96 98
16 37
14 35
38 80
58 89
33 49
86 99
71 90
17 79
39 83
44 76
5 63
6 24
2 52
36 43
84 92
23 88
7 17
17 59
31 63
12 73
56 74
1 10
39 42
83 97
17 18
22 45
3 15
36 97
48 56
43 64
67 80
18 95
24 65
9 95
41 80
17 52
14 42
11 14
36 74
90 92
14 40
21 86
38 43
31 37
4 61
71 95
77 78
48 63
21 78
11 62
63 88
64 89
32 67
9 64
14 73
34 37
6 37
20 28
26 51
6 48
47 69
35 45
12 91
11 71
27 57
91 97
39 57
64 79
2 4
58 62
29 92
4 9
17 84
36 55
56 95
20 30
43 47
19 56
77 94
14 87
36 42
28 75
80 94
37 73
52 90
14 72
61 90
39 87
34 97
53 69
45 75
7 35
35 41
56 75
17 40
21 81
36 88
0 15
16 32
39 66
7 82
46 55
35 44
70 83
66 76
35 84
4 24
15 53
37 94
15 42
20 50
70 77
6 27
32 62
35 58
6 89
31 58
21 63
39 92
4 43
78 83
14 99
13 41
35 53
15 17
42 63
21 70
25 58
34 50
40 62
57 74
73 97
22 97
36 87
15 87
2 37
17 41
61 65
39 93
86 97
27 98
36 71
56 84
20 77
1 49
1 21
12 47
18 79
20 79
31 98
31 32
32 91
36 99
42 61
28 59
77 91
73 85
14 37
71 98
65 66
21 52
57 72
41 65
15 75
17 22
32 83
35 56
16 80
30 59
64 83
31 97
2 43
5 98
83 92
63 74
57 65
93 96
24 64
9 96
40 71
35 92
9 29
13 55
53 62
44 77
59 77
63 96
72 95
62 92
5 45
36 60
62 96
14 17
12 83
10 93
26 85
14 77
35 80
29 65
2 13
6 74
18 23
43 86
24 63
6 11
15 34
61 87
43 94
63 87
38 62
12 31
16 43
37 55
21 85
44 62
21 98
0 39
63 89
47 80
50 59
20 35
65 97
24 36
65 67
19 45
27 86
5 58
97 98
6 40
52 84
11 86
6 55
0 14
15 49
0 61
48 98
12 41
60 63
62 93
34 56
10 15
63 80
11 98
32 41
48 77
38 39
9 65
33 71
12 35
45 73
37 91
30 34
50 75
39 48
7 62
71 79
63 99
34 45
31 86
61 95
29 79
80 91
11 64
43 98
77 83
5 86
35 93
59 79
67 85
43 75
6 96
4 67
65 84
1 77
30 55
34 85
1 83
10 52
21 61
22 37
14 60
49 93
64 67
23 65
7 19
57 62
12 22
7 61
3 77
3 17
35 38
34 76
40 86
51 55
2 62
40 98
13 17
36 89
45 64
33 79
32 47
20 62
56 82
35 59
24 57
4 83
0 36
51 72
48 86
14 43
38 55
7 54
11 35
41 45
6 43
55 68
33 83
6 42
15 39
13 21
10 92
45 83
74 77
28 47
36 80
28 53
63 75
6 97
3 55
53 79
64 80
45 63
20 76
79 89
46 85
8 98
23 24
40 64
57 88
35 88
7 65
9 84
13 90
18 41
61 63
36 96
21 89
14 26
6 8
7 81
5 56
10 47
47 63
0 63
29 93
39 74
4 66
59 62
43 91
81 96
2 97
21 88
12 75
39 79
6 87
5 39
4 60
32 35
72 77
62 83
75 76
75 86
65 69
58 96
57 73
60 65
51 89
74 98
4 11
35 57
39 53
9 85
55 97
4 45
8 57
30 53
31 45
55 88
16 62
2 77
15 59
17 42
8 86
22 32
55 95
12 63
56 73
27 36
11 46
72 75
60 64
19 77
30 75
42 62
49 52
71 78
55 89
42 98
35 40
50 53
26 57
14 27
21 46
36 73
79 88
49 92
14 97
64 66
33 37
48 58
2 80
19 97
4 29
69 96
75 80
6 71
35 69
42 86
9 83
35 89
9 90
47 86
18 90
3 21
59 76
4 80
15 85
10 55
56 64
43 65
21 36
7 77
12 64
15 66
53 56
16 39
45 82
17 58
15 20
74 86
33 75
37 78
26 95
16 55
10 75
22 80
5 77
17 94
36 45
39 96
12 19
16 35
4 40
31 39
21 54
17 87
71 72
10 46
13 84
26 75
25 98
26 69
21 29
15 62
2 65
2 18
2 35
32 63
7 91
34 43
87 98
14 88
52 77
53 97
47 49
62 87
17 96
27 63
39 44
44 65
17 91
47 50
86 87
22 43
42 57
31 93
12 36
14 24
62 88
41 56
56 63
42 71
56 83
70 71
25 86
29 86
37 66
44 68
4 99
45 53
37 70
37 53
3 56
32 75
22 55
28 96
80 86
77 82
52 83
4 56
29 64
40 46
66 97
40 57
64 99
71 84
6 25
68 96
46 49
11 57
0 6
4 12
20 39
12 34
10 67
61 86
32 64
57 87
10 13
29 98
42 64
2 17
51 88
6 73
18 77
57 89
32 36
52 79
67 79
75 98
72 90
26 77
78 79
46 64
55 81
19 32
33 47
22 62
31 56
58 74
65 99
71 87
17 83
76 96
7 51
21 38
0 17
6 21
10 18
80 98
4 46
61 84
17 92
36 61
7 39
49 75
63 73
3 69
47 72
17 69
7 23
45 86
55 90
49 55
39 59
19 37
35 83
14 80
31 77
41 72
26 71
67 69
0 62
66 68
62 89
69 71
28 65
46 65
5 93
56 66
34 80
22 35
53 65
69 72
26 28
47 98
82 97
7 94
53 76
3 45
8 36
1 79
29 55
64 87
6 80
47 76
48 64
17 57
30 47
58 77
1 71
49 67
0 98
17 93
2 32
18 84
2 12
15 90
4 7
45 65
36 75
36 56
10 72
34 63
0 71
22 39
45 66
4 32
24 35
48 62
13 79
9 39
29 58
0 86
3 35
47 95
25 57
20 65
70 79
23 33
13 23
19 80
47 90
34 72
17 19
75 78
15 35
36 47
5 64
3 97
26 47
21 37
3 62
62 69
8 63
12 86
39 88
11 67
45 98
35 42
13 49
4 27
61 98
4 23
41 71
4 42
28 35
15 44
32 34
37 57
12 82
14 89
34 86
1 37
23 52
57 77
79 86
75 95
77 79
43 55
16 21
38 85
33 97
25 65
0 57
9 35
23 35
27 65
31 64
26 34
27 64
31 70
8 14
9 62
4 44
26 81
17 82
45 55
18 49
51 65
65 83
21 22
26 76
2 45
7 64
31 78
8 65
11 47
13 83
56 59
78 97
17 48
65 80
75 90
10 34
50 96
12 98
59 65
18 51
33 34
2 99
21 24
6 29
11 65
35 87
19 43
23 25
5 70
31 92
32 86
9 10
11 38
55 92
64 74
3 37
34 68
4 87
20 56
24 55
62 74
13 77
4 8
29 81
59 97
56 86
20 97
5 78
56 65
4 48
47 78
5 62
18 71
70 75
0 64
4 53
6 45
73 98
37 82
37 58
25 36
4 69
28 72
4 25
44 64
26 68
3 30
20 37
2 72
55 56
48 61
66 85
24 62
37 59
25 63
73 77
52 71
32 82
49 72
40 67
39 89
29 63
24 79
70 97
11 58
12 53
8 64
12 14
33 43
45 59
4 5
6 12
43 78
3 28
48 93
53 64
18 75
32 98
40 58
20 45
12 65
23 64
65 76
29 35
68 75
85 96
21 95
61 74
14 45
26 90
17 74
14 32
39 73
85 88
3 39
25 64
42 58
21 97
20 68
40 65
9 49
10 38
43 57
39 94
41 61
