100 484 187.3846311734236 medium
0 378 236
1 765 503
2 32 355
3 564 763
4 468 80
5 612 266
6 212 108
7 507 230
8 480 305
9 166 147
10 305 637
11 442 516
12 431 630
13 527 96
14 75 55
15 600 463
16 818 887
17 141 381
18 134 453
19 420 220
20 304 813
21 542 237
22 641 28
23 128 512
24 628 88
25 511 582
26 432 49
27 227 990
28 104 821
29 304 746
30 260 92
31 846 879
32 571 729
33 366 240
34 292 775
35 761 111
36 919 173
37 694 208
38 157 963
39 508 441
40 739 698
41 277 375
42 294 422
43 873 187
44 77 425
45 42 714
46 505 566
47 748 703
48 225 971
49 102 576
50 702 684
51 604 690
52 426 851
53 130 694
54 276 17
55 801 67
56 607 596
57 876 711
58 141 226
59 757 464
60 110 891
61 121 462
62 932 410
63 479 610
64 235 479
65 745 887
66 780 893
67 178 786
68 124 633
69 474 416
70 117 383
71 793 532
72 192 454
73 91 4
74 967 319
75 623 732
76 758 648
77 843 130
78 766 544
79 359 760
80 548 929
81 838 108
82 338 510
83 904 464
84 399 217
85 276 214
86 678 567
87 557 348
88 96 504
89 48 936
90 342 950
91 126 483
92 49 194
93 501 268
94 945 114
95 749 358
96 750 227
97 299 260
98 257 256
99 318 521
40 47
0 33
18 61
25 46
27 48
19 84
61 91
77 81
82 99
17 70
0 84
23 91
16 31
71 78
18 91
29 34
23 88
3 32
65 66
7 21
88 91
16 66
7 93
40 50
1 59
20 34
33 84
1 71
1 78
97 98
39 69
25 63
8 93
0 19
51 75
85 98
4 26
36 43
61 88
64 72
47 50
41 42
23 61
6 30
32 51
46 63
21 93
85 97
12 63
32 75
14 73
40 76
55 81
47 76
29 79
44 61
19 33
44 70
18 72
37 96
18 23
35 55
6 9
62 83
49 68
4 13
53 68
22 24
18 44
18 88
43 77
36 94
50 76
3 75
20 29
31 66
38 48
34 79
23 49
33 97
28 60
61 72
18 70
72 91
49 88
17 18
16 65
27 38
55 77
5 21
44 91
20 79
60 89
30 54
56 86
59 71
35 81
17 44
61 70
7 8
11 46
59 78
44 88
28 67
42 64
0 97
9 58
2 44
3 51
17 61
35 77
38 60
23 72
43 81
36 77
7 19
8 87
17 72
2 70
45 53
78 86
8 21
50 75
64 99
12 25
33 85
51 56
19 93
15 39
11 25
49 91
25 56
58 92
62 74
87 93
12 46
50 51
42 82
5 87
11 39
70 91
5 37
23 44
11 63
13 24
31 65
42 99
43 94
17 91
77 94
70 72
53 67
36 81
8 19
11 82
18 64
76 78
0 85
11 69
39 87
13 26
59 95
46 56
42 72
81 94
69 87
64 82
1 86
72 88
7 84
84 97
9 30
10 29
64 91
33 98
5 7
5 93
8 69
6 54
23 64
21 87
2 17
41 64
38 89
52 79
76 86
84 93
11 12
34 67
61 64
45 68
49 61
41 72
35 96
10 99
41 97
35 37
44 72
48 90
50 86
8 84
58 98
71 86
41 98
40 75
23 68
71 76
49 53
27 90
0 98
15 87
70 88
84 85
30 85
0 8
19 21
28 45
6 85
11 99
39 46
60 67
9 92
10 12
18 49
0 93
19 97
20 52
28 89
7 87
47 57
47 75
56 63
9 85
20 67
0 7
43 96
9 14
23 70
50 56
28 53
59 86
52 90
15 86
71 83
17 88
95 96
10 82
8 33
17 23
68 88
29 67
13 22
15 56
57 76
10 79
77 96
15 69
24 35
40 51
35 43
7 13
58 85
17 64
17 41
56 75
24 37
40 57
5 8
6 58
32 56
33 93
32 50
10 34
8 39
2 61
43 55
48 60
15 46
25 39
64 88
7 33
14 92
2 18
13 21
9 98
20 90
25 51
72 99
5 96
51 86
19 85
1 83
21 84
40 86
47 51
52 80
1 76
1 95
22 35
6 14
59 83
84 98
4 19
81 96
41 82
51 63
15 25
12 79
68 91
32 63
69 93
45 49
55 94
28 38
49 72
41 99
12 82
64 70
47 86
44 49
46 69
27 60
4 84
36 74
45 67
50 78
34 52
6 98
21 37
4 7
17 58
40 78
72 82
15 59
12 99
74 83
17 42
36 55
46 51
25 32
2 91
58 70
75 76
3 50
26 54
78 83
6 73
51 76
56 76
37 95
47 78
4 24
41 70
29 52
41 85
9 73
58 97
33 41
2 92
43 74
42 97
2 88
67 68
18 41
18 42
3 52
13 19
0 21
30 98
49 64
22 55
5 95
69 82
11 15
3 80
40 56
19 98
44 64
56 78
25 86
55 96
37 77
2 58
35 36
1 15
25 69
42 98
9 54
17 98
31 57
32 40
61 68
26 84
19 26
12 32
39 63
0 41
12 29
21 24
3 56
30 97
10 64
63 82
46 86
39 93
4 21
75 86
13 93
24 55
9 97
40 71
3 63
6 97
37 81
11 42
32 46
10 20
21 33
50 57
10 63
46 82
13 84
20 48
47 71
37 55
47 56
50 71
26 30
36 96
42 61
38 67
41 61
5 24
42 91
32 47
30 58
12 56
71 95
0 4
42 69
37 43
18 68
48 89
4 22
10 68
34 53
42 70
29 53
34 90
23 53
30 33
15 95
10 11
67 79
12 51
59 62
14 58
1 56
11 56
39 82
39 56
63 99
59 76
2 23
47 65
35 94
10 53
6 92
15 78
62 71
24 96
16 57
54 73
38 90
41 91
0 30
8 97
7 24
3 40
78 95
30 84
27 89
25 75
25 82
