100 1243 339.8028840372018 medium
0 565 80
1 867 496
2 583 327
3 772 889
4 269 782
5 158 994
6 956 908
7 530 471
8 163 89
9 60 570
10 746 539
11 792 845
12 10 930
13 896 914
14 538 958
15 992 501
16 540 257
17 616 175
18 498 19
19 36 199
20 266 915
21 789 146
22 617 693
23 313 805
24 691 461
25 754 795
26 964 748
27 418 714
28 673 730
29 728 146
30 595 830
31 676 92
32 673 119
33 35 10
34 373 50
35 618 389
36 80 324
37 403 269
38 454 994
39 83 493
40 494 847
41 622 357
42 493 698
43 153 975
44 207 138
45 50 867
46 918 701
47 510 794
48 8 873
49 859 318
50 610 65
51 400 153
52 576 930
53 811 85
54 920 690
55 516 360
56 988 478
57 735 31
58 314 245
59 566 670
60 958 122
61 201 958
62 546 655
63 18 585
64 522 39
65 906 337
66 720 367
67 536 442
68 274 379
69 393 521
70 603 747
71 983 143
72 725 697
73 101 572
74 454 510
75 578 699
76 647 951
77 994 947
78 950 103
79 558 303
80 921 87
81 552 362
82 413 855
83 660 697
84 604 451
85 163 195
86 931 881
87 688 767
88 720 903
89 109 41
90 10 232
91 246 575
92 418 5
93 843 221
94 925 920
95 442 442
96 431 531
97 207 601
98 589 85
99 537 773
46 54
5 43
60 78
15 56
0 98
59 62
31 32
50 98
7 67
13 94
74 96
18 64
59 75
35 41
60 71
78 80
6 94
47 99
2 79
28 83
55 81
6 86
69 96
22 75
86 94
28 87
9 73
19 90
45 48
22 83
9 63
2 81
91 97
14 52
0 50
13 86
3 11
2 41
16 79
4 23
49 65
43 61
60 80
71 78
3 88
70 75
62 75
6 77
40 47
22 70
22 59
5 61
12 48
79 81
0 64
6 13
21 29
29 32
28 72
69 74
11 25
35 84
34 92
21 53
72 83
26 46
8 44
22 28
42 62
67 84
74 95
41 81
55 79
70 99
2 35
31 50
35 81
25 87
44 85
28 70
8 89
26 54
52 76
77 94
12 45
2 55
29 31
83 87
70 83
7 84
27 42
20 61
42 59
72 87
17 32
33 89
9 39
22 62
39 73
18 92
64 98
30 99
40 82
67 81
75 83
2 16
32 50
30 70
71 80
41 79
63 73
55 67
75 99
31 57
42 75
7 74
59 70
40 99
42 99
31 98
70 87
76 88
24 84
95 96
0 18
32 98
77 86
14 38
50 64
37 58
30 47
21 93
11 88
7 95
69 95
53 57
17 98
67 95
10 24
3 25
41 84
42 47
35 67
59 83
49 93
24 66
41 66
28 75
30 52
25 72
17 31
30 40
24 35
22 87
29 53
81 84
13 77
25 28
47 70
35 66
35 79
16 81
16 55
8 85
35 55
41 55
34 51
67 74
59 99
32 57
0 17
22 72
62 70
14 76
64 92
73 97
53 80
17 50
55 95
7 81
0 31
16 17
23 82
7 55
30 87
18 98
39 63
22 99
25 88
47 82
0 32
29 57
36 90
17 29
7 96
37 51
40 52
47 75
62 99
21 32
14 40
20 23
7 35
42 70
41 67
18 50
62 83
27 47
1 56
28 59
22 42
2 67
11 13
24 41
1 15
21 31
2 84
51 58
3 13
55 84
28 30
21 57
19 85
20 43
1 10
18 34
16 41
75 87
50 57
11 87
30 76
70 72
65 93
30 75
19 36
27 99
4 20
5 20
31 53
25 83
81 95
47 59
26 86
29 93
16 37
67 96
38 52
44 89
22 30
23 27
3 76
87 88
53 93
58 68
14 30
53 78
17 79
67 79
27 62
27 82
32 53
28 99
2 66
29 50
66 84
47 62
11 86
21 80
83 99
30 88
38 82
73 91
37 55
7 69
7 41
52 88
72 75
22 47
49 66
28 62
40 70
30 83
3 87
82 99
40 42
51 92
43 45
34 64
12 43
9 97
8 33
87 99
47 52
44 58
53 60
60 93
29 98
38 40
11 94
27 40
16 35
36 85
2 7
27 59
79 84
80 93
2 17
57 98
59 87
3 94
24 67
69 91
85 90
25 70
37 79
20 82
58 85
3 86
78 93
10 72
6 26
71 93
27 75
74 84
5 12
59 72
7 24
4 82
52 99
14 82
84 95
55 74
11 72
30 59
25 30
31 64
56 65
85 89
67 69
1 65
4 27
39 97
0 92
17 64
11 28
18 51
14 47
21 78
5 45
30 42
51 64
42 83
10 84
8 19
66 81
36 39
62 96
37 68
40 75
7 79
24 81
21 60
22 25
32 64
62 74
2 24
10 66
19 89
66 79
16 51
28 47
17 21
37 81
6 11
0 29
42 82
45 61
13 88
26 94
0 57
43 48
37 95
74 81
42 96
1 49
47 83
0 16
16 98
28 88
13 26
68 95
52 82
1 24
11 76
10 83
47 87
0 51
46 86
62 87
79 95
53 71
19 44
30 62
2 95
17 41
39 91
28 42
27 96
30 82
35 95
62 72
7 62
3 6
52 70
40 76
14 99
16 67
15 65
13 25
68 69
21 49
23 40
30 72
9 91
3 30
17 57
3 28
34 44
27 70
65 66
76 87
4 61
92 98
19 33
25 46
2 37
25 76
23 61
63 97
14 88
91 96
84 96
66 93
55 96
40 59
54 86
4 97
11 46
16 32
42 74
18 31
5 48
12 61
46 72
44 51
59 96
21 71
57 80
0 34
27 69
70 88
54 72
59 74
1 66
17 18
25 54
21 50
25 86
22 40
10 35
23 47
11 26
11 30
17 81
3 72
38 76
52 87
68 91
32 93
11 83
66 67
40 62
41 95
22 27
3 52
25 75
51 98
10 22
11 54
1 54
50 92
26 77
18 32
36 68
29 80
50 53
24 55
7 59
15 54
69 97
55 69
72 99
42 69
62 69
34 58
35 74
20 38
55 66
16 84
16 50
10 28
49 56
88 94
72 88
24 79
42 87
27 74
38 47
81 96
4 91
47 76
70 76
65 71
21 98
76 99
16 95
23 42
8 90
40 87
17 55
6 46
48 61
16 66
31 93
1 46
27 30
25 94
62 84
86 88
11 70
57 64
62 67
15 46
8 34
16 31
28 40
17 35
13 46
7 16
33 44
49 71
83 88
17 53
68 85
89 90
25 26
29 49
30 38
7 66
32 79
8 58
17 51
51 79
74 91
25 99
37 67
44 90
16 29
17 66
68 96
70 82
57 93
16 64
34 98
46 94
49 60
79 98
10 41
24 49
3 70
14 70
6 54
34 37
29 66
27 91
60 65
20 45
53 98
59 84
3 83
28 52
69 84
39 68
28 76
10 59
68 74
54 56
0 79
75 96
25 52
33 90
40 83
2 74
21 65
88 99
69 81
33 85
4 43
36 44
13 54
25 59
74 75
29 78
15 49
23 99
11 77
16 58
7 10
2 32
57 78
75 82
41 74
50 51
63 91
59 69
3 77
23 97
59 67
7 42
54 94
10 54
52 75
10 62
29 60
10 67
29 79
6 25
21 66
17 93
74 79
11 22
68 97
2 29
10 75
42 72
11 52
29 64
55 58
17 37
40 88
7 75
23 43
49 78
0 21
46 56
22 88
4 40
96 97
35 96
4 45
58 95
10 87
61 82
37 44
23 38
47 72
37 41
6 88
38 99
29 41
10 46
47 88
91 95
62 95
51 55
18 57
34 50
49 53
20 40
24 83
3 46
65 78
3 26
24 72
7 22
7 37
49 80
4 42
46 87
4 5
27 97
23 91
59 82
62 82
41 49
22 52
51 85
57 60
4 47
16 18
31 79
24 74
2 98
24 62
22 84
27 83
55 68
14 87
32 41
22 24
24 59
50 79
3 14
25 47
26 72
5 23
54 87
31 80
22 74
8 51
0 53
1 72
35 37
37 74
42 52
22 96
28 46
9 36
36 58
0 2
52 83
3 54
24 65
10 49
75 88
15 26
36 73
10 15
0 37
8 36
75 84
44 92
10 56
24 95
3 22
32 80
44 68
28 54
65 80
25 62
58 79
37 85
35 49
13 76
20 27
37 69
83 84
32 66
10 70
2 51
2 31
76 82
16 24
76 83
2 96
13 87
29 71
34 85
27 28
38 61
10 25
12 20
69 75
46 77
10 65
46 83
41 96
51 81
51 68
37 64
11 75
68 73
41 93
59 95
42 67
22 76
54 83
52 59
67 75
22 82
7 83
35 69
17 92
79 96
42 95
29 65
75 76
20 48
58 92
37 98
14 75
3 99
10 81
18 29
74 97
2 50
24 75
37 96
22 67
14 42
34 89
96 99
37 92
14 28
11 99
25 40
58 81
72 76
16 34
64 79
29 35
1 84
16 74
2 10
18 37
54 77
7 27
27 52
4 99
36 63
86 87
8 92
4 73
21 41
24 96
53 65
67 68
24 28
1 26
23 45
31 41
14 25
42 84
1 35
39 90
26 56
37 84
32 81
2 69
3 75
14 27
7 68
14 23
57 71
31 92
20 47
32 49
16 21
27 95
17 34
69 79
41 98
72 84
2 21
31 78
47 96
32 51
27 87
14 20
40 72
32 35
35 62
74 99
42 91
1 93
70 96
2 49
72 86
17 84
13 72
4 48
14 22
52 72
52 62
26 87
23 62
32 78
77 88
11 14
74 83
25 42
31 66
68 81
29 81
3 47
17 67
59 88
21 79
32 92
81 98
76 94
70 74
16 92
50 93
2 93
35 93
38 88
3 40
2 58
4 38
41 69
1 41
19 58
17 49
87 94
0 81
27 38
22 69
31 51
0 41
83 96
46 88
23 30
67 83
31 60
95 97
45 63
25 77
24 93
0 55
36 89
55 98
41 65
32 60
23 75
7 70
35 59
11 59
43 82
11 47
23 59
9 68
58 69
28 84
49 84
32 55
21 64
66 95
14 83
93 98
48 63
38 70
28 82
1 83
82 87
4 69
26 88
13 28
58 89
14 59
47 74
56 66
69 99
18 79
5 82
37 50
75 95
31 49
23 52
18 58
10 55
26 28
51 95
54 88
41 50
59 76
76 86
53 64
16 68
35 65
58 64
62 81
82 83
10 74
68 79
2 64
16 96
23 69
56 93
17 24
23 70
7 28
5 38
70 84
42 76
53 66
69 73
27 67
55 62
79 93
58 67
47 69
31 81
21 35
9 45
24 56
4 9
19 39
11 40
4 12
23 96
19 68
16 57
7 72
38 42
4 96
10 42
28 86
24 70
45 73
72 94
58 74
8 37
0 58
3 59
36 91
22 46
29 55
49 79
41 51
38 43
10 79
10 26
66 74
42 97
7 99
16 69
68 90
7 91
31 35
50 81
6 87
62 88
22 54
14 62
15 66
15 24
1 28
24 69
22 35
58 90
4 62
36 97
16 93
35 98
42 88
31 34
20 99
22 95
24 87
9 48
27 72
41 62
32 34
7 17
26 83
59 81
69 70
39 85
24 42
32 37
45 97
58 96
10 11
50 55
17 58
49 81
20 52
28 74
62 91
8 68
82 88
11 62
35 83
32 71
66 98
89 92
31 71
39 69
0 93
50 80
51 89
6 76
31 55
67 70
23 48
13 30
35 75
7 58
49 57
62 76
6 72
28 96
40 61
2 68
34 79
0 35
10 99
55 59
20 42
18 44
23 73
48 73
10 96
28 94
24 29
15 93
33 36
67 72
4 59
17 80
18 21
41 59
85 92
57 92
58 98
1 22
46 70
17 95
28 67
67 91
4 63
32 65
10 95
51 67
20 97
2 18
1 25
69 83
18 53
4 75
38 75
13 52
13 83
21 81
16 53
55 64
14 72
35 51
50 66
4 14
54 70
27 84
40 96
65 84
2 65
81 93
7 47
24 54
22 23
35 50
64 81
82 96
57 79
16 49
1 87
3 62
31 37
38 87
82 91
35 72
0 66
27 61
23 74
84 87
82 97
83 86
36 37
41 58
12 23
10 30
29 51
63 68
84 99
4 74
29 84
79 92
72 74
4 30
27 76
21 24
66 72
2 62
44 64
24 46
1 2
67 99
41 53
15 72
84 93
37 66
80 98
17 65
66 96
10 93
2 53
73 96
2 57
11 42
35 42
41 64
59 91
53 79
6 28
69 82
3 38
56 71
1 67
66 83
83 95
7 87
4 70
22 41
31 65
57 66
35 58
62 66
9 69
58 91
14 61
48 97
13 70
22 81
72 96
68 84
1 7
75 81
3 42
42 55
39 58
32 84
40 74
20 30
