100 1796 434.41224660453577 medium
0 107 574
1 238 631
2 602 304
3 78 876
4 104 491
5 853 525
6 560 565
7 937 872
8 405 407
9 512 425
10 265 293
11 159 256
12 340 416
13 587 855
14 407 913
15 262 981
16 359 388
17 464 878
18 603 157
19 488 942
20 803 748
21 709 897
22 10 237
23 40 968
24 974 643
25 985 630
26 679 709
27 785 762
28 33 901
29 550 367
30 353 175
31 59 467
32 611 18
33 644 917
34 585 542
35 147 333
36 248 92
37 8 299
38 814 34
39 935 224
40 230 809
41 716 820
42 314 746
43 525 664
44 126 170
45 720 807
46 39 23
47 848 961
48 326 966
49 324 802
50 145 695
51 299 117
52 376 462
53 818 958
54 215 330
55 932 48
56 351 981
57 340 917
58 440 964
59 708 685
60 23 126
61 187 266
62 381 902
63 448 156
64 662 238
65 718 350
66 613 558
67 204 363
68 888 322
69 366 777
70 860 739
71 348 325
72 974 435
73 791 54
74 708 998
75 116 955
76 658 211
77 574 88
78 695 365
79 824 959
80 50 896
81 41 469
82 892 29
83 789 957
84 672 274
85 808 28
86 505 760
87 38 558
88 710 279
89 378 319
90 709 201
91 138 43
92 628 179
93 21 316
94 84 774
95 667 473
96 352 121
97 915 424
98 333 550
99 143 560
53 79
38 85
41 45
24 25
28 80
31 81
37 93
20 27
47 79
64 76
65 78
14 62
53 83
48 56
11 61
47 53
38 73
71 89
73 85
34 66
18 92
12 16
6 34
3 80
54 67
79 83
64 84
26 59
84 88
0 99
57 62
76 92
55 82
49 69
8 16
48 57
4 31
3 28
76 90
19 58
51 96
6 66
30 96
36 51
42 49
20 70
12 52
47 83
64 90
72 97
42 69
14 58
22 37
8 52
10 54
64 88
16 71
35 67
76 84
56 57
8 12
15 48
4 81
14 17
14 57
23 28
21 33
35 54
64 92
17 19
9 29
54 61
0 87
65 88
16 89
23 80
18 77
16 52
2 84
18 76
23 75
21 41
11 35
88 90
35 61
38 82
27 70
27 45
32 77
30 51
4 99
22 93
2 29
84 90
10 61
0 4
90 92
82 85
13 33
48 62
56 62
58 62
76 88
14 19
17 62
78 88
3 75
14 56
75 80
65 84
10 71
15 56
81 87
2 64
17 58
27 41
56 58
21 45
74 83
12 71
8 89
11 44
11 54
10 67
31 87
78 84
4 87
40 49
14 48
30 63
52 98
43 86
61 67
28 75
3 23
50 94
8 71
21 83
18 64
66 95
15 57
46 91
21 74
20 45
3 94
63 96
33 74
73 82
12 89
46 60
84 92
40 42
6 43
87 99
68 97
77 92
26 45
34 95
36 96
8 9
2 76
39 68
27 59
57 58
2 88
2 78
78 95
22 60
44 60
10 11
1 50
20 41
44 61
20 59
48 58
19 62
18 90
49 62
10 89
11 67
49 57
26 41
53 74
0 31
26 27
5 97
1 99
38 55
36 91
33 41
74 79
45 59
0 81
10 35
2 65
1 98
21 53
17 86
13 17
64 65
31 99
13 86
55 85
7 47
62 69
80 94
0 50
35 93
44 91
2 92
13 21
88 92
20 26
17 57
21 79
64 78
13 19
54 71
65 95
10 16
13 41
33 45
30 36
22 44
12 98
50 99
41 59
18 84
34 43
81 99
28 94
43 66
1 42
9 34
14 49
18 32
40 69
52 71
69 86
17 69
9 52
6 95
55 73
13 45
60 91
68 72
14 69
40 50
57 69
19 56
7 79
15 62
0 1
52 89
35 37
63 77
10 12
36 44
47 74
29 78
12 67
30 89
7 53
2 18
10 30
6 9
15 75
2 90
67 71
76 77
24 70
65 90
30 71
19 57
40 94
11 22
8 29
33 83
11 93
2 9
5 72
65 76
12 54
17 56
21 47
29 84
7 70
51 63
40 57
81 93
21 27
18 63
41 83
16 54
45 70
31 93
11 37
16 67
9 16
29 95
19 33
76 78
59 66
17 49
8 98
14 15
31 35
26 43
59 70
32 92
9 95
18 88
4 67
54 89
17 48
4 35
19 48
48 49
16 98
35 44
78 90
26 66
45 83
41 70
25 70
3 40
9 66
22 35
73 90
5 25
29 65
5 24
42 62
7 83
44 46
29 64
9 89
61 71
41 53
9 12
65 68
35 81
13 26
42 57
37 81
61 93
37 60
50 87
64 77
37 44
15 40
31 37
39 55
41 79
77 90
20 21
42 50
51 91
40 62
63 89
1 40
41 74
31 67
29 34
29 89
33 53
15 58
10 51
22 61
67 89
44 93
45 53
8 10
44 51
49 56
2 95
26 86
63 92
14 86
37 61
7 20
29 88
19 86
13 58
44 54
68 88
26 70
32 73
75 94
40 48
45 79
17 33
43 59
36 61
33 79
40 75
10 44
49 86
51 61
11 36
6 26
13 74
7 27
11 60
62 86
34 59
67 93
13 14
30 61
15 49
29 76
60 93
98 99
21 26
6 59
14 42
45 74
1 49
42 86
26 34
9 71
16 29
9 78
10 96
3 50
5 95
41 47
48 69
65 92
4 93
1 4
1 69
67 81
54 93
27 83
43 69
25 72
4 54
63 71
42 98
32 85
38 90
11 51
78 92
68 78
61 89
29 52
6 29
52 67
32 76
88 95
27 53
23 94
84 95
49 58
85 90
39 82
89 96
17 42
40 80
45 47
20 24
13 43
27 79
39 97
58 69
29 66
35 71
11 71
0 94
10 36
10 52
6 86
29 92
32 38
71 96
56 69
8 54
19 69
14 40
73 92
8 67
73 76
5 68
37 67
67 99
29 71
30 54
32 90
31 54
24 72
4 50
44 67
52 54
34 78
49 50
13 59
33 47
27 47
37 54
33 58
20 83
27 33
33 86
66 78
36 63
12 35
1 94
11 30
77 84
48 75
40 56
65 97
20 53
6 52
16 61
26 33
13 62
3 15
21 59
20 79
1 87
16 30
32 63
2 63
51 71
11 91
58 86
5 70
12 61
18 73
39 72
4 37
19 49
60 61
12 29
5 59
59 95
22 46
68 90
59 86
18 29
51 89
20 25
63 76
28 40
25 97
20 47
2 77
1 52
9 98
21 70
13 27
16 35
9 65
41 86
73 77
61 96
9 84
45 86
36 46
42 48
87 94
5 65
68 84
6 8
94 99
2 8
50 80
47 70
15 23
17 43
54 81
39 73
70 79
53 70
43 98
24 27
34 52
77 96
2 89
18 65
64 73
5 78
8 34
22 54
38 39
71 98
19 21
32 64
13 83
42 43
7 45
15 17
24 97
19 74
7 41
35 99
30 44
39 90
67 98
57 75
0 98
18 78
6 98
36 60
57 86
91 96
78 97
11 89
61 91
15 80
5 20
10 63
51 54
15 69
66 86
63 64
70 83
15 19
7 21
69 98
29 90
44 96
22 67
35 89
39 88
42 94
7 24
20 33
34 86
0 67
22 91
65 66
11 31
39 85
34 65
22 81
29 63
13 69
77 88
28 50
85 92
64 95
22 31
89 98
11 96
50 69
38 92
38 76
26 95
56 75
4 98
76 85
14 33
50 98
30 77
8 30
42 56
1 12
43 95
31 61
2 34
73 88
9 43
11 16
25 27
9 64
4 61
30 67
36 54
33 59
15 42
54 99
13 20
64 68
35 60
6 78
4 11
12 30
77 85
11 12
49 94
43 45
18 85
5 66
15 28
87 93
1 31
11 81
31 50
43 49
17 40
12 99
18 38
0 35
10 93
21 86
17 21
38 77
9 88
5 27
41 43
7 25
4 12
23 40
27 74
16 63
50 81
54 98
54 96
35 87
61 81
73 84
18 30
39 65
43 52
88 97
82 90
42 58
34 98
49 98
30 91
42 99
52 99
95 97
13 53
63 84
5 26
36 71
18 96
2 66
38 64
8 63
13 57
2 71
1 81
4 10
68 76
52 66
64 85
67 87
3 49
8 66
10 37
2 16
49 75
17 41
19 41
13 79
9 76
30 35
8 61
37 87
40 58
10 22
35 36
7 74
36 89
50 75
11 46
19 42
76 95
35 52
32 84
33 62
51 67
40 99
3 48
35 51
2 6
63 90
3 57
0 40
17 45
6 12
10 98
38 88
6 65
0 54
27 66
16 96
20 74
13 56
68 95
39 84
6 16
13 49
8 35
19 45
5 34
20 66
0 42
24 59
56 86
3 42
85 88
10 31
65 72
1 67
58 74
8 95
62 75
55 90
44 71
4 22
45 66
26 83
86 98
1 16
17 74
0 93
9 92
52 61
93 99
48 86
15 94
39 64
17 26
16 34
4 52
36 67
4 16
30 92
29 30
90 95
12 34
14 43
2 52
16 99
51 60
46 51
9 63
51 77
21 58
18 89
39 76
55 68
16 51
37 46
27 43
43 62
39 78
22 36
32 96
40 98
38 84
32 88
40 86
1 8
33 43
33 70
27 86
29 77
9 10
66 98
54 60
10 91
2 30
19 43
84 85
32 82
0 12
41 66
12 63
13 47
34 84
69 94
92 96
25 59
9 18
61 63
13 48
8 43
67 96
4 94
59 83
29 98
46 61
5 88
48 80
10 81
2 12
68 73
26 53
84 97
12 31
35 98
23 48
2 32
31 98
89 92
2 68
37 91
6 69
72 78
42 75
30 52
54 87
8 11
1 43
26 79
63 88
49 80
66 84
6 45
35 91
19 40
20 43
26 74
42 52
57 80
54 63
8 96
34 88
52 95
6 13
0 52
0 37
23 50
3 56
1 3
44 89
8 78
68 82
57 94
46 93
10 99
37 99
13 42
14 75
10 60
53 59
10 29
35 96
87 98
4 71
12 96
64 89
66 88
50 57
7 59
5 6
9 30
7 33
76 82
1 86
92 95
13 70
68 92
21 43
91 93
54 91
61 99
27 34
38 68
34 45
84 89
59 79
29 43
13 66
60 67
20 86
8 84
9 90
6 41
65 77
6 27
11 52
33 56
20 34
76 89
28 48
70 74
19 26
19 83
12 51
1 54
30 32
49 99
77 78
24 26
24 45
14 21
77 89
81 98
0 3
8 99
26 47
90 97
42 80
82 92
1 57
12 81
33 57
3 62
6 20
34 89
23 57
11 99
31 44
3 69
68 85
65 73
7 26
18 71
6 42
16 66
11 63
6 89
66 70
1 62
18 51
72 88
20 95
69 75
30 76
34 41
28 49
28 57
8 64
12 66
31 94
81 94
8 51
48 94
15 50
82 88
72 95
12 43
5 84
47 59
2 96
16 31
39 92
64 82
44 81
17 59
69 99
33 69
23 56
41 58
1 35
5 45
43 58
6 84
9 54
71 99
5 39
27 95
4 8
14 74
56 80
74 86
24 41
22 51
59 74
13 34
0 16
2 73
43 57
34 64
50 62
64 97
9 67
52 63
0 49
52 69
30 64
71 92
29 96
40 87
25 26
18 82
16 36
36 37
31 52
8 65
0 61
25 45
55 76
8 18
36 93
8 92
76 96
16 44
61 98
16 95
70 97
63 67
8 76
6 71
59 78
26 69
78 89
55 88
3 87
28 42
45 58
34 69
34 71
4 44
33 48
31 71
16 43
22 87
0 11
44 63
0 10
32 55
18 95
3 99
14 41
25 68
6 88
62 94
77 82
4 89
63 78
64 66
58 75
70 72
52 86
1 80
1 71
5 41
11 87
73 78
9 59
64 71
48 50
36 77
12 44
67 91
0 80
71 93
32 51
6 17
89 95
71 77
61 87
28 56
46 96
71 84
21 62
50 52
16 81
35 46
15 86
70 95
1 6
40 43
1 14
23 49
60 96
0 69
82 84
18 68
25 41
9 26
86 95
63 91
66 69
55 64
38 65
71 76
4 42
19 53
66 97
14 45
8 88
12 42
55 92
62 80
3 14
64 96
12 95
24 68
63 65
16 84
59 97
52 78
30 60
12 87
76 97
42 87
30 84
12 93
65 85
88 89
2 5
6 49
17 83
1 17
51 92
94 98
52 81
9 86
59 65
66 89
2 97
0 28
16 18
19 79
89 99
16 78
12 36
29 54
2 10
50 67
69 80
56 94
16 64
45 95
80 87
34 70
19 59
18 39
34 76
1 28
1 10
71 81
34 42
14 26
33 49
12 50
16 92
62 74
14 50
29 68
37 71
17 27
65 89
0 8
11 98
5 29
52 96
51 93
1 89
4 40
24 47
72 84
2 39
6 64
9 77
95 98
1 9
20 97
31 60
28 87
37 51
2 38
43 70
60 81
9 96
43 78
49 52
26 78
2 85
55 84
5 64
41 62
16 93
83 86
29 67
1 75
1 48
0 71
18 55
6 70
19 27
23 62
16 76
28 62
22 30
13 15
80 99
32 65
30 46
10 87
58 83
35 63
22 71
71 78
22 99
26 58
24 79
66 76
7 13
41 95
34 97
52 84
0 22
1 15
24 95
8 42
8 31
52 87
89 90
24 53
71 91
14 94
31 89
71 95
38 78
8 36
12 37
45 62
10 46
21 66
50 56
41 69
23 42
66 71
17 66
42 66
17 98
51 52
72 90
46 54
59 69
29 51
29 32
5 90
25 95
84 96
26 62
29 59
62 98
45 69
28 69
5 9
78 85
70 86
2 51
5 43
17 75
20 72
30 90
89 93
5 7
32 78
17 34
56 74
14 80
63 73
1 34
25 47
28 99
12 78
52 65
13 40
55 77
33 66
19 47
30 93
16 42
18 36
8 77
16 65
12 84
26 65
22 96
43 56
43 48
9 61
6 33
12 69
35 50
16 37
27 97
66 68
34 90
17 53
17 20
16 87
52 64
21 69
6 21
10 18
24 83
2 98
71 88
59 72
65 82
26 29
34 92
89 91
50 86
39 95
90 96
8 44
25 79
30 37
26 42
8 86
26 49
57 98
21 24
8 90
6 76
16 88
21 56
17 50
1 56
12 64
25 53
2 43
34 49
1 61
43 65
81 89
64 72
17 79
16 77
12 18
8 81
29 97
21 57
5 76
66 90
19 20
26 97
55 65
53 86
32 36
14 98
37 89
10 77
65 71
24 66
14 23
51 76
50 54
33 42
30 88
8 69
0 89
19 75
3 58
12 92
4 60
14 28
16 50
34 68
9 51
43 89
12 22
30 98
49 87
79 86
21 34
55 97
9 35
40 52
29 61
57 74
22 89
9 42
92 97
52 76
14 59
27 72
23 69
46 67
31 42
53 58
49 66
12 76
25 66
52 92
66 92
33 34
6 14
18 52
16 22
10 92
32 89
26 98
43 74
52 88
4 49
9 69
60 71
0 75
25 83
43 50
66 72
12 86
6 62
71 90
6 97
1 66
63 85
31 40
43 71
1 93
51 64
1 11
48 74
12 65
6 19
52 93
32 39
21 25
58 79
93 96
44 52
14 83
63 95
18 34
39 77
38 63
3 4
3 17
12 49
58 59
25 65
15 33
37 96
72 76
71 87
4 69
2 54
8 50
41 57
42 81
40 81
16 69
24 65
21 48
55 72
1 58
78 82
36 92
9 68
93 98
73 97
13 95
44 99
1 23
26 52
30 78
88 96
9 11
36 52
68 77
6 92
41 49
59 62
25 78
17 47
9 99
6 90
24 78
17 94
2 72
43 83
69 87
12 88
8 93
29 73
2 59
29 86
45 57
82 97
55 78
58 80
43 99
75 99
45 49
77 95
21 49
16 90
8 87
13 98
47 86
26 57
44 87
20 78
42 67
59 98
42 59
50 93
5 21
41 56
1 19
50 58
16 86
0 23
2 82
27 58
52 59
23 58
10 64
18 66
6 10
49 59
10 76
24 34
4 30
2 67
37 52
26 72
38 97
12 77
9 97
8 49
34 72
58 94
19 66
1 37
60 89
32 71
29 35
0 44
75 87
51 84
30 65
59 68
10 34
59 88
11 29
78 98
20 65
14 27
27 78
69 74
10 84
57 99
8 26
45 56
47 58
12 40
6 68
29 36
4 80
3 81
1 29
41 42
70 78
25 39
6 67
3 31
25 34
34 63
16 91
23 87
85 97
6 18
6 40
14 66
63 98
42 45
37 98
18 97
29 39
8 59
32 68
8 37
14 34
19 34
62 83
28 58
15 43
2 26
59 84
2 36
5 92
4 9
14 53
86 99
34 62
3 98
65 70
72 82
30 31
17 80
0 57
1 13
62 66
43 53
6 57
3 19
16 49
87 89
48 98
4 28
41 48
6 58
62 99
2 61
43 84
6 99
27 65
6 54
2 55
68 70
51 90
9 32
37 50
27 69
10 50
14 79
17 70
5 86
31 36
43 79
23 99
24 39
78 96
34 67
86 94
9 49
6 24
19 98
4 51
50 71
42 71
20 58
72 73
19 50
21 42
52 90
52 77
19 70
5 13
6 63
12 91
4 36
31 51
18 54
45 48
9 36
29 38
17 52
61 77
29 85
60 63
16 60
21 95
26 56
34 54
36 76
12 90
80 81
31 49
43 88
52 94
0 62
27 62
0 43
58 98
42 54
69 95
33 40
67 94
30 81
24 33
14 20
31 80
29 72
96 98
22 52
12 60
45 97
6 25
8 22
18 61
46 63
36 81
72 92
50 61
26 88
49 74
31 91
56 98
0 9
17 28
65 96
38 72
42 89
46 71
28 81
60 87
44 98
30 95
54 77
17 23
9 27
65 98
6 72
30 34
51 98
20 68
5 53
