100 1123 329.2567387313432 medium
0 652 794
1 15 702
2 24 380
3 851 264
4 251 52
5 322 879
6 693 846
7 878 261
8 125 80
9 929 527
10 849 530
11 984 814
12 269 357
13 745 408
14 288 966
15 406 216
16 592 91
17 956 703
18 57 265
19 275 749
20 296 636
21 507 141
22 878 125
23 630 166
24 814 928
25 280 588
26 635 188
27 221 311
28 821 829
29 457 900
30 781 292
31 663 44
32 839 198
33 224 141
34 911 937
35 345 80
36 337 794
37 696 681
38 232 75
39 253 989
40 957 870
41 856 485
42 960 242
43 821 996
44 108 608
45 436 426
46 143 235
47 299 806
48 204 553
49 496 519
50 315 1000
51 114 797
52 58 993
53 17 556
54 520 139
55 8 807
56 259 807
57 23 252
58 995 655
59 300 291
60 22 496
61 578 132
62 179 707
63 533 825
64 744 587
65 237 113
66 259 400
67 188 459
68 530 719
69 419 851
70 532 450
71 468 901
72 998 887
73 503 33
74 996 235
75 959 289
76 329 834
77 278 172
78 715 132
79 507 675
80 571 487
81 184 808
82 628 824
83 985 725
84 111 234
85 454 983
86 528 738
87 933 147
88 309 105
89 522 144
90 779 152
91 840 915
92 764 769
93 184 783
94 3 80
95 131 226
96 358 162
97 134 504
98 75 636
99 279 942
54 89
29 71
21 54
46 95
21 89
68 86
84 95
23 26
81 93
14 99
3 7
24 91
4 38
33 65
46 84
18 57
17 83
42 74
38 65
0 82
36 47
47 56
36 76
47 76
14 39
44 98
16 61
14 50
35 88
12 66
40 72
10 41
5 76
42 75
68 79
20 25
39 99
70 80
61 89
54 61
22 87
19 56
53 60
19 47
17 58
29 69
23 61
11 40
33 77
18 84
4 65
39 50
74 75
0 6
79 86
12 27
33 38
78 90
3 32
50 99
24 43
6 82
69 71
67 97
58 83
51 81
51 93
21 61
65 77
15 96
65 88
12 59
77 88
7 32
11 72
34 91
56 81
56 76
88 96
3 30
32 90
62 93
5 99
5 47
19 36
49 70
4 88
56 93
36 56
26 61
9 10
77 96
34 40
27 59
49 80
38 88
28 92
22 32
35 96
29 85
71 85
43 91
18 95
25 48
16 23
7 42
9 41
16 31
48 97
7 75
5 36
16 54
63 86
16 89
28 91
11 83
1 98
57 84
18 46
23 78
69 76
33 88
66 67
4 33
5 14
63 82
48 67
5 56
27 66
19 93
24 34
26 78
4 35
16 21
42 87
53 98
45 70
24 28
36 69
63 71
34 72
19 76
5 69
62 81
7 30
31 78
22 90
6 92
19 62
44 53
1 55
37 64
63 68
16 26
16 73
51 55
29 63
32 87
8 38
44 97
54 73
38 77
34 43
21 73
74 87
19 81
27 46
23 89
30 32
44 48
45 49
3 75
51 62
57 95
3 42
37 92
60 97
73 89
35 65
35 38
23 54
35 77
11 17
0 92
19 20
47 81
2 60
8 33
59 66
8 65
63 69
47 93
76 99
10 64
2 18
7 74
59 77
46 57
5 50
0 37
26 89
13 30
44 62
8 94
31 61
0 63
4 77
27 95
20 48
33 46
61 73
26 54
40 91
21 23
15 21
62 98
33 95
23 31
7 87
2 57
53 97
56 62
47 69
32 42
4 8
6 28
16 78
5 39
15 59
12 67
65 96
82 86
1 44
3 90
27 84
13 41
15 77
33 35
33 96
7 22
0 86
21 26
56 99
15 89
69 85
5 29
20 62
61 78
1 51
47 99
15 54
14 76
5 19
30 90
50 85
32 78
28 34
44 60
59 96
3 22
28 40
22 42
3 87
11 34
0 68
68 82
9 58
29 76
75 87
97 98
51 56
1 53
8 95
6 24
33 84
26 31
82 92
7 90
76 81
15 88
5 71
40 83
3 74
45 80
26 90
46 77
15 35
23 90
60 98
27 77
21 96
32 75
41 64
27 67
63 79
38 96
36 93
48 98
4 96
36 81
76 93
46 65
87 90
71 76
24 40
8 84
65 95
5 81
47 62
48 62
8 46
25 62
49 79
77 95
69 86
37 82
25 67
31 90
36 99
11 58
29 36
10 13
14 47
31 73
72 91
19 25
32 74
22 74
6 63
14 56
6 91
72 83
48 66
66 97
22 78
20 36
54 96
11 28
1 62
81 99
91 92
35 73
89 96
6 37
51 98
2 97
56 69
50 76
24 92
46 59
14 85
69 99
28 43
17 40
19 51
5 85
5 93
33 59
25 97
44 67
36 71
2 84
27 33
20 47
60 67
37 68
18 27
31 54
68 69
0 28
39 76
31 89
30 78
21 35
25 44
57 94
29 50
71 86
14 69
65 84
20 56
12 46
11 91
55 81
2 53
19 69
63 85
29 86
37 86
71 82
55 93
30 75
9 17
77 84
8 77
3 13
14 36
45 66
13 64
26 30
85 99
36 62
12 45
59 95
14 29
38 95
50 69
2 67
39 56
50 71
29 99
22 75
93 98
38 46
64 92
55 98
21 31
29 47
23 73
17 28
35 54
20 93
47 51
12 77
93 99
40 43
8 88
30 42
59 88
28 72
48 53
29 82
1 93
2 95
2 46
0 79
84 94
35 89
24 72
39 47
17 72
59 65
44 51
37 79
14 81
25 66
3 78
20 44
12 95
48 60
44 93
13 80
14 71
15 61
45 59
79 82
10 58
68 71
52 55
18 94
19 99
28 82
22 30
78 89
71 99
39 81
28 37
47 71
73 96
94 95
28 83
9 64
76 85
47 50
39 52
54 78
29 68
62 76
12 15
53 67
23 30
16 90
69 79
15 33
8 18
6 43
6 86
59 84
15 65
55 62
7 13
36 63
79 80
27 65
36 86
1 81
12 97
38 84
64 80
8 57
12 84
20 76
50 56
39 85
21 88
46 66
59 67
61 90
42 90
27 96
49 68
17 92
10 17
26 73
81 98
51 52
63 76
26 32
11 24
20 81
9 83
1 60
12 48
27 57
6 68
73 88
30 41
36 68
15 73
36 50
20 67
36 79
43 72
7 78
62 97
15 27
18 33
21 78
19 48
2 27
46 94
20 97
67 98
30 87
0 24
14 93
25 98
69 82
46 88
4 95
23 32
27 97
15 45
36 39
4 46
0 71
24 82
54 88
25 36
44 81
12 96
20 79
10 37
88 95
35 59
39 69
66 95
88 89
13 70
39 93
25 93
14 19
37 63
5 63
40 92
51 76
40 58
78 87
19 44
29 56
25 47
9 13
41 58
51 99
8 35
25 56
12 33
76 86
20 98
3 41
49 86
41 75
53 62
0 29
61 96
36 85
66 84
30 74
29 39
44 55
36 51
34 92
0 91
5 51
5 62
52 81
15 38
27 88
15 16
34 83
11 92
25 45
7 41
83 92
4 15
75 90
70 79
38 59
0 64
25 49
52 99
46 96
46 67
66 77
3 26
38 94
56 71
33 94
71 79
15 23
33 57
4 84
19 98
22 31
13 32
29 79
15 26
82 91
37 80
48 93
1 97
21 77
12 18
12 25
68 76
14 52
6 71
20 49
58 72
39 71
74 90
50 81
18 60
31 32
73 78
43 92
18 67
47 63
47 85
15 66
18 65
68 80
82 85
2 66
95 96
6 34
27 38
84 88
65 94
19 29
39 51
63 92
10 83
67 84
86 92
17 34
76 79
35 61
20 66
47 86
69 81
83 91
68 92
18 77
17 41
0 69
67 95
9 75
25 81
1 48
19 39
17 64
17 91
3 23
6 29
14 51
27 48
18 66
2 44
20 51
25 79
19 79
27 45
4 59
57 60
54 77
11 43
5 20
18 59
16 96
69 93
13 75
52 93
77 89
19 71
47 79
13 26
28 58
2 12
12 65
47 68
8 96
16 35
10 30
20 69
62 67
20 68
4 94
5 86
2 48
44 56
8 27
45 67
25 76
55 56
22 26
18 97
53 55
56 98
22 23
64 68
20 45
64 70
6 79
4 73
64 79
37 41
19 86
20 86
50 93
10 92
7 26
28 64
19 50
35 46
80 86
12 88
57 65
62 99
21 59
60 66
48 81
85 86
19 68
44 66
50 52
89 90
49 64
84 96
37 49
58 92
66 96
13 90
18 38
30 61
43 82
45 79
35 95
54 90
51 53
48 56
58 64
48 51
4 27
17 37
2 98
33 66
72 92
27 35
5 68
56 85
60 62
0 43
64 86
15 46
64 82
6 64
1 19
41 42
73 77
45 48
57 67
10 75
25 53
6 40
49 66
24 83
7 23
1 56
15 70
3 10
17 24
59 89
25 51
57 77
54 59
12 57
13 23
42 78
19 63
68 70
46 97
16 32
32 61
59 97
47 48
61 88
7 10
7 9
84 97
4 21
21 65
13 42
27 60
23 96
21 90
41 83
13 49
19 55
79 92
0 85
24 37
52 56
38 57
25 60
6 69
8 59
38 73
3 9
56 63
30 31
68 85
37 91
44 47
15 95
36 48
45 96
57 97
5 79
6 85
16 30
60 84
13 37
66 70
13 78
56 86
64 83
9 30
65 73
95 97
26 96
57 66
12 49
12 70
48 59
9 37
50 63
63 99
57 59
62 69
35 84
12 20
56 79
14 62
47 98
59 70
10 80
26 70
53 93
25 68
14 63
19 97
4 54
21 38
21 33
25 27
37 70
16 88
12 60
93 97
54 65
12 38
56 68
41 80
50 51
4 89
41 74
30 80
9 42
65 89
12 35
25 70
32 41
5 52
46 60
65 66
53 66
16 22
28 63
70 86
29 81
4 18
1 25
1 20
31 87
3 31
25 86
77 94
2 59
75 78
20 53
47 55
60 95
39 62
9 11
37 83
36 82
6 11
9 92
51 97
21 45
18 53
48 49
5 25
1 52
34 58
19 85
45 89
30 70
36 44
38 54
15 84
0 34
33 54
29 93
30 64
25 69
25 59
23 35
33 89
38 89
12 44
1 67
30 89
18 88
41 92
71 81
45 54
45 77
76 82
33 73
66 88
66 98
24 63
74 78
6 17
9 74
22 61
37 58
10 28
23 70
20 70
73 90
49 59
2 94
67 77
26 87
53 81
1 47
30 54
61 77
58 91
55 99
19 67
20 63
3 61
4 57
23 87
53 57
34 82
13 74
47 52
39 55
7 31
4 12
26 80
36 98
70 89
20 99
28 86
88 94
71 93
48 76
20 60
45 68
6 72
25 80
81 97
49 63
10 42
20 29
15 31
26 35
13 45
51 69
21 70
26 45
52 62
5 82
28 68
54 70
55 60
3 16
2 33
45 97
8 15
8 12
79 85
13 22
20 80
21 30
49 67
52 76
0 40
10 11
51 60
0 36
20 71
6 83
15 49
44 76
0 49
2 8
43 83
37 71
11 37
62 66
15 80
0 17
0 80
27 94
36 49
27 44
63 64
18 96
27 53
19 49
63 91
31 35
33 67
15 78
59 61
9 28
48 55
12 53
61 70
12 21
57 88
32 89
13 87
81 85
86 99
14 55
76 98
1 2
55 76
5 55
19 53
37 40
13 61
17 43
50 62
18 48
46 48
66 80
67 93
71 92
29 37
16 77
23 45
32 54
39 63
37 69
45 86
0 76
41 70
38 66
23 80
15 67
45 61
19 52
7 61
48 79
23 88
10 70
31 96
24 58
56 97
55 97
59 73
2 77
12 80
36 55
