100 1315 344.64619539463945 medium
0 864 895
1 759 576
2 908 156
3 160 860
4 996 326
5 186 933
6 683 832
7 451 241
8 742 229
9 531 916
10 729 677
11 685 542
12 434 620
13 698 731
14 870 382
15 677 280
16 551 288
17 712 169
18 753 612
19 21 976
20 933 153
21 82 466
22 196 367
23 597 347
24 557 641
25 883 470
26 235 468
27 7 41
28 957 32
29 307 621
30 125 984
31 380 705
32 743 17
33 566 580
34 12 344
35 573 0
36 517 946
37 205 574
38 733 29
39 359 204
40 96 715
41 670 588
42 943 274
43 926 180
44 2 927
45 952 942
46 599 883
47 631 531
48 282 728
49 331 677
50 341 388
51 46 138
52 281 396
53 542 758
54 516 316
55 797 90
56 60 695
57 533 533
58 390 638
59 245 56
60 709 475
61 480 160
62 250 696
63 52 746
64 739 236
65 804 63
66 415 37
67 345 981
68 844 695
69 334 448
70 482 139
71 263 82
72 632 859
73 968 240
74 546 733
75 424 824
76 257 682
77 4 224
78 608 332
79 746 1000
80 340 808
81 236 688
82 533 864
83 352 240
84 319 208
85 2 790
86 775 48
87 964 149
88 586 997
89 749 882
90 285 30
91 533 797
92 684 421
93 905 224
94 362 188
95 418 626
96 483 826
97 990 334
98 55 969
99 95 923
8 64
4 97
32 38
62 76
62 81
39 94
12 95
23 78
61 70
76 81
2 20
53 74
20 43
55 65
2 43
58 95
20 87
59 71
65 86
9 36
19 98
1 18
39 83
53 91
39 84
46 72
40 56
42 73
32 86
16 54
48 62
83 84
38 86
55 86
84 94
12 58
59 90
11 41
43 93
43 87
56 63
9 82
48 76
19 44
83 94
40 63
11 47
31 49
2 87
71 90
33 57
6 72
91 96
75 96
60 92
50 69
50 52
29 49
48 81
98 99
24 33
10 13
42 93
82 96
73 93
74 91
63 85
82 91
8 17
44 98
31 58
30 99
2 93
46 82
41 47
10 18
48 49
49 58
11 60
30 98
16 78
17 64
43 73
49 76
4 42
52 69
16 23
9 46
15 64
42 97
20 93
32 65
3 5
38 65
29 76
5 30
33 47
1 11
8 15
6 89
49 62
36 82
29 58
26 52
75 80
36 88
7 61
18 41
15 78
23 54
31 95
38 55
14 25
1 41
22 52
53 96
4 73
3 99
32 55
19 99
73 87
5 99
24 74
44 99
54 78
20 73
29 62
87 93
42 43
49 81
51 77
47 60
73 97
11 18
29 81
9 88
47 57
6 46
48 80
7 83
72 82
7 39
7 54
0 45
31 48
12 31
49 95
26 69
9 96
6 13
2 73
36 46
7 94
19 30
33 41
15 23
27 51
1 10
53 82
7 70
10 41
22 26
46 91
29 48
26 37
7 16
31 80
24 57
29 95
29 31
56 85
75 91
29 37
74 96
1 60
23 92
46 88
0 89
9 72
17 55
75 82
15 17
10 68
72 91
78 92
28 87
12 49
24 53
79 89
37 81
9 91
72 89
41 60
37 76
40 85
34 77
11 92
61 94
20 42
66 70
47 92
2 42
18 68
20 28
36 96
12 24
24 41
11 33
31 76
15 16
42 87
31 75
12 29
39 61
3 30
2 55
14 97
46 96
70 94
37 62
66 90
31 62
14 42
13 18
49 80
74 82
12 57
24 47
26 50
2 28
53 75
53 72
30 44
1 47
5 98
7 84
17 86
4 93
44 85
46 53
4 14
71 84
12 33
93 97
61 66
39 70
2 65
24 95
58 76
17 65
48 58
21 34
9 75
15 92
17 38
10 11
40 81
82 88
62 80
18 60
13 72
80 96
36 72
31 81
71 94
72 88
13 41
1 68
16 61
18 47
22 50
41 57
57 95
50 83
8 55
36 91
20 55
46 89
13 68
76 80
61 83
21 22
28 43
3 98
58 62
13 74
74 75
11 57
72 74
72 96
21 26
6 82
36 75
6 91
33 74
33 95
17 32
40 62
39 71
28 65
3 63
55 64
43 55
20 65
24 91
0 79
13 53
9 53
3 40
66 71
80 81
31 96
46 74
12 74
6 53
13 89
22 69
79 88
66 94
54 61
6 10
11 24
14 93
4 43
58 81
35 66
85 99
64 78
35 38
37 49
8 93
1 25
21 37
16 70
40 76
70 83
15 54
5 67
35 70
64 93
1 13
43 97
74 95
24 58
13 24
41 92
61 84
31 74
8 78
6 74
43 65
59 84
26 29
48 95
23 60
28 55
31 53
76 95
5 19
32 35
59 66
2 86
52 83
48 75
3 44
55 93
37 48
1 92
14 73
3 85
25 97
67 80
6 9
49 75
25 60
60 78
29 69
12 53
36 67
10 24
67 75
90 94
10 47
39 66
56 81
59 94
70 84
55 87
8 65
58 80
57 58
33 60
13 91
37 40
31 91
6 79
33 53
3 48
4 87
23 64
54 70
37 69
7 23
54 83
3 19
53 95
84 90
72 79
50 84
2 8
71 83
13 46
7 78
65 87
62 95
63 99
58 74
28 86
27 77
4 25
7 50
9 74
8 86
5 44
4 20
46 75
64 65
39 50
35 61
33 58
57 60
22 34
14 60
40 48
12 48
85 98
39 59
87 97
8 23
19 85
2 64
3 62
23 47
3 80
12 76
44 63
46 79
57 92
3 81
16 92
24 31
37 56
58 75
39 90
50 54
11 13
36 53
10 33
20 86
18 33
20 97
29 80
56 62
14 92
65 93
8 43
41 74
10 74
6 88
64 86
2 4
0 6
52 84
81 95
18 25
39 54
63 81
3 56
64 92
1 33
80 91
17 78
37 52
53 58
16 64
43 64
37 58
2 97
66 84
14 64
2 17
23 57
69 95
9 67
56 76
15 60
33 92
80 95
58 69
75 95
54 92
18 24
5 80
28 93
12 69
12 62
24 96
8 14
88 89
88 96
8 16
6 96
8 38
16 17
54 94
47 78
57 74
13 33
43 86
8 92
17 93
80 82
0 68
22 84
50 94
22 83
6 36
3 76
12 91
10 60
18 92
10 53
62 63
12 75
41 68
16 83
25 92
25 42
8 20
10 89
8 42
91 95
10 72
88 91
38 64
7 66
22 37
39 52
42 64
67 96
35 86
40 99
53 80
28 73
69 83
34 51
12 81
16 39
14 43
58 96
68 89
12 80
95 96
11 25
13 47
72 75
21 52
20 64
6 68
45 89
12 96
17 23
13 82
8 32
1 24
66 83
41 53
59 83
49 96
16 94
58 91
11 23
45 79
17 43
86 87
61 78
28 32
57 78
63 76
36 74
26 76
51 59
2 32
62 75
12 47
2 38
57 69
82 89
54 57
14 15
31 37
86 93
17 35
32 64
47 74
75 76
74 80
37 95
9 80
33 91
26 81
30 67
83 90
23 61
9 89
11 68
31 82
3 67
67 82
17 20
49 74
63 98
52 94
1 14
48 96
11 78
28 38
31 33
51 71
24 82
48 56
36 80
54 84
15 55
54 69
24 60
70 90
53 57
49 53
24 75
8 73
70 71
5 48
29 52
55 73
25 68
26 62
6 24
24 49
49 69
64 73
2 14
7 15
30 85
10 91
26 49
7 52
21 56
1 57
26 58
5 63
31 57
37 63
37 50
70 78
22 39
24 72
61 71
15 61
56 99
48 63
9 79
6 18
29 40
40 44
17 70
75 81
19 63
89 91
17 61
16 50
5 85
47 95
0 13
12 37
20 32
18 57
29 75
61 90
0 72
15 93
42 55
49 91
23 33
13 96
36 79
20 38
29 50
5 40
8 87
11 74
54 64
75 88
14 20
23 70
7 69
40 49
12 41
27 59
44 56
22 77
35 65
18 74
69 84
50 57
15 70
36 89
60 64
64 87
65 73
53 89
35 55
67 88
26 95
8 54
28 42
29 57
53 88
10 57
25 41
10 46
47 53
47 54
22 94
6 41
11 14
16 60
17 54
38 43
32 43
25 73
39 69
16 84
5 62
24 46
16 57
7 71
69 76
25 93
49 57
8 60
52 54
30 63
9 13
21 40
41 91
12 50
5 81
54 60
50 95
12 26
3 49
24 29
59 70
14 87
15 65
33 78
23 41
74 89
15 86
21 69
42 65
79 82
17 87
17 92
17 42
24 92
33 49
21 77
50 58
41 95
26 34
15 47
81 85
16 47
13 60
26 83
0 10
18 53
67 99
59 61
15 38
40 98
32 87
13 57
29 56
10 25
14 18
60 68
11 53
6 75
69 81
23 50
27 71
25 47
9 31
33 96
10 92
38 93
38 87
48 91
48 67
5 76
31 69
40 80
69 94
48 53
5 75
62 69
11 15
2 15
29 33
51 90
11 12
32 93
67 91
12 82
41 78
47 58
29 74
57 91
48 74
26 48
82 95
1 74
14 17
62 85
0 46
52 58
17 73
15 42
3 75
14 78
62 96
33 69
74 88
50 61
1 6
23 83
58 82
52 95
76 96
68 72
15 43
7 90
33 54
47 68
3 31
5 56
8 97
64 97
45 68
16 69
46 80
61 64
18 89
7 35
37 80
48 99
21 81
29 96
21 50
30 40
80 99
7 17
10 82
8 61
15 32
12 52
19 40
49 56
89 96
4 8
29 53
78 83
73 86
46 67
4 64
50 78
21 29
26 84
13 79
41 72
22 51
24 80
34 52
38 70
56 98
81 99
64 70
25 64
62 99
18 72
8 70
14 23
49 82
9 24
7 59
76 85
22 29
31 36
23 39
6 33
26 31
30 80
21 76
31 67
27 90
8 25
11 95
39 78
15 25
1 23
3 29
17 28
13 36
21 63
42 86
14 47
23 69
51 84
11 54
31 46
33 75
35 94
81 96
1 53
26 40
47 91
19 56
23 94
29 63
31 40
41 58
7 22
8 35
48 69
21 62
38 61
78 94
49 52
16 66
48 82
15 20
33 82
50 70
12 13
29 91
26 56
33 72
48 85
52 57
1 78
52 76
14 41
11 16
49 63
18 91
10 96
7 64
32 70
24 48
35 64
13 88
16 35
49 50
13 75
3 37
35 90
6 11
67 98
76 99
6 45
16 52
15 57
7 8
8 28
26 39
24 68
16 33
22 71
25 43
74 76
15 73
59 77
5 49
79 91
7 92
63 80
24 69
53 76
31 72
71 77
52 81
35 39
33 50
92 93
0 88
30 56
72 80
37 85
4 28
23 24
54 66
11 91
57 96
69 78
53 67
42 92
62 74
53 62
28 64
15 35
76 91
13 95
32 61
5 31
34 37
30 48
68 74
62 67
10 12
62 91
33 68
14 55
52 62
56 80
41 96
24 76
27 34
7 57
41 46
28 97
40 58
0 18
49 67
41 89
33 46
26 57
60 74
31 47
6 47
50 76
17 60
1 89
70 86
55 78
1 15
26 94
18 23
24 36
25 78
15 41
41 82
24 89
47 69
42 60
53 68
4 55
52 61
46 68
1 72
80 88
11 58
13 92
9 10
12 72
12 46
11 64
57 75
23 84
12 60
55 97
9 95
23 25
9 12
9 49
67 76
18 46
9 58
67 72
24 62
9 48
41 54
67 81
31 41
24 78
74 81
7 26
57 76
53 81
30 62
14 68
47 64
46 95
60 97
78 84
52 71
22 59
12 54
2 25
10 95
18 78
79 96
77 84
15 87
61 86
5 96
16 55
50 71
38 73
78 93
1 91
30 81
72 95
81 91
53 79
16 38
32 73
68 92
15 97
50 81
48 57
12 23
38 66
92 97
8 11
60 93
55 70
13 31
12 18
67 74
31 50
26 54
12 92
3 58
23 52
15 33
39 51
13 25
51 94
31 56
33 48
68 79
36 48
35 71
22 76
20 25
33 80
35 54
50 62
11 72
13 58
8 47
46 58
4 15
51 83
38 42
16 41
61 69
17 97
47 50
4 60
10 79
22 81
22 54
19 67
24 81
31 52
4 17
55 61
3 96
17 66
54 95
33 76
4 65
32 42
23 55
14 65
52 77
4 92
35 83
52 70
21 49
57 62
15 39
10 14
6 12
36 49
68 91
80 98
15 83
24 54
58 72
38 78
60 95
1 12
47 72
15 94
16 86
35 84
6 31
53 60
32 66
65 97
62 82
78 86
30 76
21 48
21 51
47 96
75 89
13 45
37 57
31 63
45 72
76 82
65 70
57 82
25 87
48 98
5 36
61 92
23 95
23 93
29 82
34 50
48 52
16 32
37 75
0 82
14 16
24 50
35 59
26 63
65 78
36 58
52 78
22 58
22 62
74 79
47 49
0 9
21 85
35 78
40 95
81 98
44 81
6 57
18 82
1 97
5 29
56 58
36 95
57 81
18 95
62 98
25 33
6 95
34 84
92 95
0 1
57 80
26 77
29 47
12 36
12 78
33 62
73 92
9 33
46 49
22 49
61 65
34 69
80 85
16 65
10 75
44 62
30 75
33 52
42 78
15 18
1 64
57 72
41 75
49 99
22 95
74 92
10 58
7 47
77 90
43 92
52 59
10 36
69 70
32 78
44 48
75 99
6 80
57 83
1 4
18 96
50 92
54 71
1 95
