50 902 649.3211840068057 dense
0 298 300
1 733 27
2 228 516
3 449 635
4 539 916
5 561 608
6 124 184
7 268 669
8 553 800
9 226 222
10 359 794
11 802 603
12 831 161
13 596 387
14 412 17
15 637 369
16 259 184
17 902 146
18 664 362
19 338 383
20 447 149
21 484 105
22 984 190
23 976 690
24 232 981
25 793 600
26 370 813
27 133 499
28 595 640
29 379 684
30 546 221
31 450 813
32 802 444
33 611 101
34 314 294
35 809 475
36 103 893
37 846 574
38 909 62
39 167 488
40 339 78
41 524 295
42 27 6
43 570 550
44 184 890
45 591 611
46 463 853
47 187 786
48 975 768
49 495 904
11 25
0 34
10 26
15 18
28 45
5 45
32 35
27 39
31 46
13 15
4 49
5 28
9 16
11 37
20 21
5 43
25 37
46 49
43 45
2 39
13 18
12 17
30 41
23 48
26 31
36 44
17 38
3 29
0 19
19 34
10 31
17 22
28 43
14 40
2 27
4 46
26 46
31 49
24 44
8 31
44 47
8 46
35 37
0 9
6 9
10 29
7 29
14 21
9 34
3 5
13 41
4 8
8 49
10 46
0 16
20 30
16 34
25 35
12 38
21 33
11 35
20 40
26 29
21 30
16 40
6 16
15 41
36 47
4 31
30 33
14 20
32 37
7 47
1 33
3 45
3 28
29 31
21 40
3 43
22 38
7 10
26 49
18 41
12 22
24 36
25 32
2 7
11 32
18 32
20 41
13 43
8 28
1 12
20 33
10 47
2 19
13 30
15 30
23 37
10 49
7 26
3 31
1 38
15 32
3 10
9 40
8 26
18 35
18 30
3 7
26 47
29 46
16 20
5 8
8 45
15 43
8 10
21 41
11 23
3 26
3 8
9 19
20 34
5 29
4 26
10 44
24 47
19 39
26 44
25 28
15 35
25 45
6 42
23 25
19 41
1 17
7 39
0 6
8 29
34 41
18 43
11 28
11 45
0 20
33 41
13 32
16 19
14 33
7 27
24 26
29 47
34 40
4 10
3 46
6 34
28 29
5 13
13 45
29 45
28 31
0 40
2 29
10 24
0 41
14 16
0 2
12 33
25 43
0 39
13 35
7 31
5 25
9 20
37 48
5 31
29 43
19 27
7 44
11 43
2 34
16 21
11 48
6 40
5 11
30 34
34 39
14 30
15 45
31 45
25 48
29 49
35 43
8 43
28 46
5 15
2 3
30 40
13 28
21 34
32 43
35 45
37 45
13 19
19 20
0 27
41 43
18 45
28 37
0 30
1 21
12 18
19 30
5 46
24 46
31 47
18 33
5 18
7 46
32 45
15 33
1 30
0 21
28 35
18 25
23 35
9 39
3 49
33 40
2 47
27 34
45 46
24 49
15 28
10 36
5 10
24 31
3 19
9 14
31 44
37 43
11 18
7 36
26 36
15 25
18 37
5 26
13 20
5 35
44 46
4 28
10 28
4 29
28 49
9 21
29 44
26 28
46 47
12 15
12 32
28 32
40 41
19 43
11 15
13 33
18 28
5 37
16 41
3 13
29 39
31 43
16 30
13 25
15 20
12 30
5 32
27 47
9 27
6 19
16 42
15 37
9 42
14 34
2 9
7 19
17 33
3 4
10 45
13 34
11 13
39 47
5 7
1 22
15 19
26 45
14 41
33 38
23 32
3 47
5 49
13 21
19 29
18 20
19 40
0 14
15 21
9 41
6 39
2 10
27 29
45 49
4 5
4 45
0 13
1 20
44 49
13 37
8 25
22 32
7 8
18 21
4 24
19 21
7 24
17 32
12 35
6 27
5 41
32 41
5 19
8 11
16 39
3 39
9 30
40 42
1 14
43 46
17 18
10 43
41 45
7 43
6 20
3 15
12 13
18 19
7 49
7 45
7 28
2 26
47 49
30 43
26 43
24 29
15 34
6 14
2 16
22 35
12 41
35 48
35 41
16 27
30 32
1 41
19 45
17 35
1 18
2 43
3 27
2 5
3 25
0 15
29 36
15 17
3 18
2 6
3 41
12 21
28 41
33 34
3 11
1 15
4 44
31 36
18 34
10 39
16 33
43 49
34 43
36 46
18 22
19 28
17 30
30 35
8 47
4 7
3 34
32 48
4 43
0 3
3 44
13 29
8 24
6 21
2 41
0 43
8 37
0 7
2 31
0 33
0 18
10 27
14 19
2 45
4 47
2 44
7 34
8 44
26 39
22 33
12 20
23 28
14 42
1 13
5 30
18 38
2 28
13 17
2 13
15 22
36 49
0 29
19 33
30 45
32 33
23 45
26 27
13 16
3 35
27 44
27 36
29 34
30 38
32 38
2 36
1 40
5 34
0 42
28 48
3 32
3 37
13 40
39 44
9 33
25 31
0 5
9 13
4 25
39 41
17 41
34 42
25 41
15 29
39 43
22 37
3 24
4 11
11 31
36 39
15 38
2 46
10 19
5 39
13 14
12 37
8 35
5 47
45 48
11 41
6 41
29 41
8 13
25 46
15 40
14 15
20 43
17 21
15 16
34 45
11 46
28 30
25 29
1 32
5 23
33 35
8 48
6 30
35 38
3 30
25 49
37 41
21 38
14 18
0 45
2 20
23 43
11 49
18 29
19 47
11 29
31 39
19 26
3 36
2 8
18 40
17 37
7 13
28 47
2 30
8 32
2 15
13 22
9 15
4 36
8 23
22 30
8 15
20 39
27 43
45 47
12 25
13 39
27 41
39 45
5 27
16 18
11 12
12 14
20 42
5 48
19 31
39 40
28 34
27 31
7 9
43 47
38 41
13 31
33 43
13 38
11 22
0 28
8 18
2 40
22 25
25 30
18 23
7 41
21 43
28 39
1 35
17 20
8 36
4 37
9 18
11 30
43 48
4 48
20 32
2 18
31 37
30 37
30 39
21 32
2 24
15 23
17 25
21 42
11 17
19 32
12 43
27 40
8 19
3 9
39 46
20 38
20 27
5 44
10 13
2 49
27 45
22 41
5 20
25 26
37 46
9 43
10 25
7 15
13 27
29 35
29 37
19 35
16 43
11 26
28 44
37 49
15 31
13 26
10 11
27 28
20 45
27 46
2 21
13 46
15 39
7 16
3 20
13 23
19 46
29 32
9 29
20 35
19 42
3 16
4 23
24 27
29 30
21 35
31 35
44 45
6 33
8 39
1 34
21 39
24 39
5 24
0 10
27 30
24 28
0 47
48 49
12 40
14 38
18 31
1 16
22 23
7 18
39 42
10 34
19 25
27 42
8 41
6 7
2 4
14 17
21 22
10 15
34 47
5 21
5 33
31 32
12 45
33 45
32 34
5 9
18 48
35 46
18 39
20 28
11 19
0 1
6 13
16 29
15 46
43 44
24 45
37 38
8 27
4 35
21 45
0 26
15 26
46 48
15 27
5 16
26 34
5 12
17 43
15 48
31 41
0 32
40 43
10 41
23 49
13 49
31 48
34 35
7 30
21 27
33 37
10 18
7 25
39 49
3 23
19 44
18 46
14 39
3 21
25 33
32 46
35 49
1 19
2 14
4 13
26 37
9 45
12 34
12 28
10 37
0 31
31 34
11 33
13 48
7 11
23 46
18 26
20 22
28 33
20 29
5 36
0 35
23 31
4 32
26 41
12 19
16 45
3 48
19 37
27 49
1 9
19 49
6 15
21 28
24 43
1 43
2 42
18 27
12 23
22 43
17 23
7 20
25 38
0 12
11 38
10 35
32 49
28 36
15 49
26 35
4 15
3 6
14 43
14 27
9 28
3 33
1 37
17 45
8 34
0 8
6 29
41 46
19 36
30 42
36 45
10 32
2 33
9 47
16 28
4 39
17 40
18 49
3 40
4 18
26 32
25 34
20 25
6 18
4 19
38 40
2 25
13 47
12 16
5 17
5 40
7 35
41 42
22 45
1 25
11 20
6 43
0 46
11 34
22 48
14 32
2 32
34 46
0 25
8 30
36 43
7 32
1 11
2 11
17 28
4 27
2 35
20 37
21 25
7 37
9 10
0 11
21 29
33 39
40 45
32 40
11 21
33 42
21 37
38 43
5 22
22 28
7 40
41 47
23 29
14 22
30 31
23 41
0 44
1 45
34 37
29 48
16 32
10 30
7 21
6 47
1 5
14 35
16 47
17 34
26 48
29 40
19 24
9 12
9 26
3 12
5 6
5 14
41 49
34 44
17 19
0 37
15 47
35 40
10 48
9 32
28 40
26 30
10 16
23 26
3 14
14 45
2 37
4 41
27 33
16 35
0 17
12 48
0 36
10 23
17 48
29 33
1 28
1 6
23 38
9 31
6 45
25 47
38 45
34 36
0 49
9 35
25 39
23 30
34 49
32 39
30 46
18 47
34 38
16 26
11 47
35 39
16 17
11 39
5 38
14 28
