50 755 552.8562200066126 dense
0 255 526
1 846 881
2 185 10
3 316 954
4 243 420
5 688 164
6 140 891
7 301 521
8 281 577
9 341 330
10 658 645
11 632 815
12 804 438
13 95 318
14 81 789
15 437 388
16 586 954
17 387 479
18 734 617
19 377 919
20 286 941
21 821 829
22 312 457
23 258 598
24 519 895
25 192 475
26 768 723
27 174 70
28 732 936
29 885 449
30 646 460
31 180 639
32 166 381
33 83 132
34 687 671
35 975 379
36 695 522
37 365 682
38 630 723
39 926 356
40 401 136
41 711 338
42 491 776
43 838 80
44 693 181
45 796 243
46 383 85
47 723 762
48 498 828
49 534 935
5 44
8 23
3 20
10 34
24 49
0 7
42 48
40 46
35 39
16 49
0 8
1 21
7 8
26 47
2 27
7 22
24 48
3 19
18 34
0 23
4 25
34 38
17 22
4 22
30 36
10 18
0 25
12 29
10 38
4 32
23 31
7 23
16 24
0 22
11 38
19 20
13 32
7 17
26 34
25 32
34 47
38 47
29 39
18 36
15 17
11 47
0 4
27 33
18 26
9 15
48 49
29 35
4 7
6 14
7 25
21 26
8 31
21 47
44 45
22 25
24 42
8 22
1 28
41 45
10 36
9 22
4 9
5 45
10 47
8 37
11 48
10 26
8 25
0 31
23 37
12 41
12 36
26 38
30 41
11 24
21 28
23 25
0 17
15 22
19 24
8 17
18 47
11 42
11 16
12 39
16 28
18 38
38 42
34 36
22 23
19 48
16 48
11 34
6 20
11 49
4 17
9 17
11 28
37 42
19 49
41 44
2 33
12 30
4 8
11 26
25 31
22 32
42 49
43 45
38 48
7 31
0 32
1 47
5 43
10 11
39 45
7 37
28 47
17 23
5 41
1 26
43 44
4 23
14 31
4 13
18 30
12 35
9 32
19 42
13 25
36 41
10 30
13 33
3 6
11 21
31 37
7 15
0 37
12 18
7 32
17 25
7 9
12 45
4 15
37 48
28 49
16 42
9 40
29 36
17 37
24 38
29 41
21 34
9 25
27 46
36 38
3 24
2 46
16 19
10 42
26 36
0 9
30 34
39 41
26 28
24 28
21 38
3 49
15 30
3 48
34 42
11 18
1 11
29 45
35 45
22 31
18 29
8 32
4 31
0 15
18 21
22 37
42 47
38 49
47 48
16 38
23 32
16 47
28 38
27 40
19 37
20 24
6 19
29 30
20 48
36 47
17 32
10 48
24 47
8 15
34 48
10 21
9 13
20 49
9 46
3 42
2 40
10 12
8 9
15 40
6 31
14 20
47 49
13 22
28 48
31 32
17 30
15 25
13 27
14 23
12 34
17 31
0 13
32 33
24 37
20 42
1 34
30 38
30 45
16 21
35 41
1 38
37 38
28 34
25 37
3 16
1 16
20 37
15 32
11 19
15 23
3 37
15 41
18 41
12 44
24 34
9 23
26 42
30 44
36 39
10 24
1 18
3 14
12 26
41 43
5 40
4 37
7 13
28 42
8 42
39 43
26 48
26 30
18 42
15 36
39 44
8 14
23 42
16 26
10 37
40 44
36 45
29 34
5 12
26 29
11 37
30 39
5 30
11 36
10 29
10 28
16 20
16 34
1 10
24 26
15 37
14 37
33 46
37 49
34 49
5 39
21 49
6 37
15 46
9 27
21 24
17 36
27 32
10 41
30 47
35 36
17 42
5 46
0 14
10 49
26 49
6 23
18 48
1 49
10 16
10 17
7 42
33 40
8 13
18 28
19 38
20 31
2 13
34 37
21 48
14 19
13 23
18 39
44 46
4 40
9 33
36 42
1 24
35 43
15 44
4 33
29 44
9 30
8 48
21 36
13 31
23 48
14 25
22 40
13 17
34 41
12 38
12 47
22 30
21 42
5 15
18 35
30 35
10 15
32 40
31 42
36 44
19 23
19 31
3 31
17 40
0 42
20 23
6 8
17 38
35 44
3 11
5 29
7 14
9 31
13 15
7 30
16 37
18 24
30 42
1 48
29 47
9 37
17 41
8 19
11 30
19 28
2 9
13 40
17 34
4 27
5 36
30 37
5 35
15 31
12 43
25 33
3 23
32 37
4 46
6 48
36 48
8 20
7 48
22 42
17 48
36 37
37 47
32 46
16 18
11 20
6 42
31 48
40 41
9 41
1 42
12 15
13 46
2 32
29 43
17 18
29 38
18 37
15 18
18 49
15 34
7 10
8 38
3 8
22 46
6 24
18 45
19 47
9 44
0 6
8 10
8 30
5 9
21 29
7 38
15 38
15 45
0 48
22 36
26 41
1 36
3 38
12 21
15 42
23 38
10 19
38 41
10 22
7 36
17 46
10 39
23 24
34 39
6 49
0 30
30 48
19 34
8 24
22 33
7 40
25 40
26 39
26 35
9 36
10 23
4 14
6 7
14 22
4 30
26 37
7 19
25 27
30 40
20 38
21 30
40 45
34 35
14 42
22 27
0 19
23 30
24 36
15 27
10 35
2 4
7 34
41 46
11 12
22 38
22 48
28 36
11 17
0 20
22 41
3 28
0 40
8 34
14 32
8 36
14 48
12 17
6 25
0 10
7 20
0 38
8 11
41 47
25 42
24 31
10 45
30 43
17 44
0 33
22 34
0 3
11 23
7 24
3 7
1 29
4 42
25 46
23 34
14 17
23 49
5 17
17 24
15 33
19 26
18 44
8 49
17 47
0 36
17 19
40 43
34 45
45 46
7 11
36 49
7 18
23 36
7 46
15 48
11 29
1 12
16 36
7 33
20 28
28 37
9 10
7 41
3 47
6 16
14 24
18 22
15 29
17 26
19 21
24 30
13 37
0 24
39 47
25 30
2 15
8 18
43 46
5 18
0 34
8 40
31 38
30 46
35 47
0 46
12 42
3 10
17 27
17 33
31 49
0 27
9 45
4 36
36 43
2 22
2 25
10 44
1 30
19 22
3 34
6 22
25 48
18 19
7 27
11 15
22 44
1 19
9 42
15 47
15 26
13 14
38 39
4 10
17 45
20 47
17 20
0 11
7 49
4 41
20 25
10 20
9 12
21 35
14 49
18 23
5 22
10 31
21 37
17 49
8 47
11 22
3 17
6 17
26 45
19 25
4 48
5 10
4 6
20 34
11 41
23 40
28 30
16 23
22 24
21 39
20 22
8 16
11 31
36 40
9 34
7 47
30 32
9 18
8 33
35 38
0 18
9 38
37 41
30 49
34 44
15 39
41 42
4 38
8 41
12 22
23 47
0 41
3 25
0 49
12 48
10 25
3 22
16 30
23 33
6 11
17 29
30 31
12 37
8 46
21 41
12 28
25 38
12 40
25 36
15 43
5 34
3 26
38 45
31 34
8 26
19 36
7 26
4 44
7 12
4 34
28 29
2 17
6 32
32 42
22 47
29 42
4 5
15 24
16 31
16 17
31 33
4 19
6 38
8 27
1 35
7 16
7 44
3 21
1 37
0 2
9 48
23 41
5 27
4 20
2 7
45 47
0 47
23 26
2 5
5 7
22 49
9 14
22 26
23 46
31 36
20 26
4 18
22 45
27 44
1 39
14 16
19 30
24 25
25 34
41 48
15 19
23 27
1 3
2 44
14 15
25 41
3 18
36 46
15 35
12 24
3 4
0 16
8 12
29 48
11 39
38 44
20 21
32 41
18 43
26 44
37 40
32 36
4 24
31 40
12 46
0 26
11 14
17 39
