50 898 716.8856254661548 dense
0 325 75
1 501 499
2 657 524
3 418 622
4 270 557
5 121 200
6 564 309
7 420 204
8 995 879
9 5 783
10 661 598
11 878 206
12 147 65
13 655 605
14 987 84
15 242 113
16 76 639
17 39 245
18 692 563
19 228 825
20 32 878
21 746 446
22 80 491
23 782 371
24 881 5
25 470 879
26 337 848
27 80 930
28 87 368
29 832 633
30 146 562
31 965 12
32 355 823
33 252 112
34 927 495
35 334 191
36 724 241
37 970 694
38 951 111
39 392 577
40 439 892
41 307 583
42 830 742
43 11 366
44 4 954
45 229 594
46 199 646
47 336 507
48 234 865
49 788 881
10 13
15 33
26 32
25 40
19 48
14 38
4 41
10 18
3 39
2 18
4 45
13 18
45 46
20 27
2 10
14 31
28 43
41 45
27 44
20 44
2 13
41 47
0 33
4 47
21 23
24 31
39 41
7 35
30 45
39 47
0 15
5 17
22 30
9 20
30 46
31 38
16 30
26 48
12 15
32 40
29 42
26 40
19 26
4 46
33 35
12 33
0 35
3 41
2 21
11 38
15 35
22 28
16 46
4 39
4 30
17 43
41 46
19 32
24 38
25 32
32 48
18 21
17 28
14 24
1 39
25 26
5 12
45 47
3 47
23 36
22 43
42 49
37 42
16 22
1 3
5 15
29 37
18 29
5 33
11 36
1 2
16 45
0 7
9 16
3 4
30 41
11 14
39 45
9 27
1 47
27 48
29 34
9 44
5 28
6 36
10 21
10 29
6 7
0 12
13 29
22 45
19 46
19 27
13 21
8 37
1 13
21 34
1 10
23 34
11 23
3 45
7 33
46 47
22 46
2 23
30 47
5 43
7 15
1 6
11 24
4 22
1 18
20 48
28 30
19 20
34 37
39 46
21 29
2 29
21 36
40 48
8 49
12 17
4 16
3 32
1 41
18 23
11 31
5 35
8 42
3 46
19 40
46 48
10 42
13 42
12 35
18 42
6 23
9 19
6 21
19 45
2 6
32 46
25 48
9 46
3 13
16 41
30 43
1 4
0 5
3 26
16 19
15 17
16 20
9 48
3 10
26 46
18 34
32 41
22 41
30 39
44 48
19 25
32 39
17 22
1 21
17 33
29 49
19 41
22 47
10 23
2 3
19 44
6 35
37 49
32 45
36 38
9 30
3 25
4 28
13 39
34 42
13 23
26 41
23 29
28 45
26 27
10 39
2 39
3 40
45 48
16 28
4 19
2 34
11 21
19 30
16 48
26 45
26 39
3 19
2 42
3 30
4 32
3 18
16 43
24 36
6 18
28 47
10 34
20 46
1 45
2 36
16 27
41 48
16 47
9 45
11 34
13 34
5 22
27 32
8 29
19 39
15 28
4 26
5 7
28 46
17 35
18 39
9 22
6 47
28 35
28 33
3 48
6 10
1 7
7 36
14 36
7 12
13 49
20 26
18 37
28 41
21 42
27 46
1 23
12 28
6 13
4 48
23 38
10 49
25 39
7 47
43 45
30 48
35 47
32 47
25 49
6 39
39 40
2 47
4 43
16 39
16 44
10 37
18 36
22 39
34 36
13 37
20 32
39 48
12 43
6 11
13 25
18 49
31 36
0 17
13 47
21 37
16 32
16 26
30 32
0 6
17 30
19 47
1 46
20 30
40 41
43 46
10 47
25 41
9 26
10 25
26 47
1 36
3 16
15 43
40 46
26 30
3 6
20 45
4 9
13 41
40 49
26 44
33 43
1 35
9 32
14 23
43 47
10 41
2 41
1 32
2 37
1 29
25 46
13 40
18 47
1 30
27 40
9 41
3 22
10 36
5 30
44 46
40 45
19 22
41 43
35 43
27 45
10 40
6 33
28 39
13 36
13 32
7 28
4 35
3 21
47 48
25 45
23 37
27 30
7 39
23 42
32 44
5 47
4 40
6 41
6 15
21 39
0 28
4 25
23 24
10 32
2 49
1 25
7 17
4 7
4 6
34 38
25 42
18 41
1 26
18 25
4 5
2 11
4 13
4 17
2 4
20 22
8 34
35 39
21 38
35 41
22 35
4 10
35 36
25 27
25 47
7 41
16 17
17 47
17 45
1 40
2 7
40 47
7 23
4 20
13 26
2 25
11 18
23 31
20 41
33 47
22 48
15 47
7 21
29 36
20 40
6 34
5 45
1 42
10 26
34 49
15 22
3 29
21 47
27 41
18 40
14 34
30 35
22 33
35 45
30 44
9 43
3 28
3 7
4 27
40 42
6 29
1 22
4 18
9 28
44 45
2 32
1 19
18 32
5 41
1 34
13 45
2 40
0 43
3 42
11 29
9 47
22 32
12 22
17 41
17 46
10 45
0 47
0 36
2 45
1 28
7 45
6 38
14 21
39 43
8 10
8 13
32 49
21 49
25 29
8 18
20 25
9 39
22 27
3 35
6 24
40 44
6 45
22 26
7 43
23 39
5 16
30 40
3 23
16 40
3 9
29 39
4 15
7 22
4 33
1 16
9 40
10 11
7 18
7 30
3 49
26 49
5 46
1 48
25 30
18 26
2 26
5 6
11 13
3 27
13 46
7 11
0 1
15 30
21 41
1 33
21 24
16 25
7 10
30 33
3 20
2 35
18 45
5 39
10 46
7 13
1 15
23 47
39 42
22 44
20 39
36 47
29 40
27 39
25 44
36 39
2 46
33 41
15 41
35 46
9 25
1 11
1 49
4 44
19 28
41 44
6 14
20 47
13 19
6 28
12 47
3 43
15 45
32 42
33 45
0 22
23 35
6 12
1 5
31 34
21 35
17 39
0 4
33 39
21 31
15 39
6 30
3 36
4 21
10 19
33 36
2 8
24 34
7 46
27 47
13 48
11 37
6 46
12 30
15 36
6 31
39 49
8 21
18 46
7 24
10 48
26 42
0 39
2 38
4 12
19 43
1 43
1 37
6 42
0 41
23 49
13 30
29 47
36 42
2 30
20 43
20 28
29 32
21 25
36 37
3 5
10 30
18 35
16 35
6 22
28 48
0 30
23 41
18 38
10 35
13 35
2 19
3 34
8 25
1 17
29 41
0 45
28 32
6 17
3 44
18 19
25 37
3 17
15 46
12 45
29 38
3 33
33 46
21 45
11 42
22 40
3 15
9 17
7 38
36 41
26 29
39 44
26 28
34 39
21 40
12 41
21 32
2 48
11 35
0 23
4 23
18 30
43 48
41 42
42 47
18 48
2 14
22 25
8 23
15 16
4 36
48 49
7 16
0 3
6 32
16 33
6 43
8 40
3 37
44 47
0 2
6 37
1 12
0 24
0 21
27 28
14 18
19 49
2 24
41 49
37 40
10 38
4 29
12 39
27 43
0 11
14 29
1 9
32 43
21 26
13 38
6 25
2 33
24 35
7 31
2 22
12 16
7 14
13 16
26 43
21 46
37 38
12 46
2 15
7 34
0 46
6 26
13 22
10 16
47 49
43 44
6 16
18 24
37 39
4 42
23 33
10 22
2 28
34 47
28 44
2 16
1 38
5 9
7 29
23 25
6 40
23 45
21 33
25 34
2 31
15 23
1 27
1 20
12 36
15 21
29 45
5 36
19 42
36 45
42 48
10 14
17 19
14 37
0 18
4 49
21 30
11 39
6 49
18 31
13 28
6 19
18 22
0 16
13 14
10 28
42 45
3 12
11 47
3 11
16 18
0 10
23 32
35 38
7 32
1 8
1 24
23 40
0 13
34 41
2 5
0 38
45 49
32 37
34 40
24 29
18 33
28 40
3 8
32 35
10 24
11 33
17 20
29 46
19 29
5 19
46 49
29 31
10 33
18 28
15 18
13 33
24 33
42 46
25 28
1 14
10 15
13 24
29 48
19 21
13 15
8 32
38 42
11 15
19 35
0 31
36 49
23 46
6 48
15 24
7 26
28 36
17 48
7 19
26 37
23 26
31 35
26 35
8 26
17 32
32 34
4 34
10 31
13 27
37 47
30 36
21 48
14 35
0 14
36 46
21 28
23 30
2 43
5 32
29 35
34 35
21 22
13 31
10 27
5 13
5 10
5 21
37 41
17 26
1 31
1 44
9 13
8 39
5 48
7 42
14 42
5 18
7 25
9 35
2 17
40 43
13 20
11 49
35 48
9 10
31 37
5 23
5 26
8 11
5 20
11 41
17 36
2 12
17 27
7 48
25 36
13 43
26 34
7 40
25 43
10 20
32 36
29 30
10 43
22 36
8 36
24 37
23 28
16 21
33 38
25 35
2 9
4 11
12 23
34 45
2 27
30 42
35 40
18 43
15 38
27 49
17 44
12 21
36 40
9 15
15 19
22 23
7 9
4 37
19 33
13 17
18 27
6 8
9 33
10 17
19 23
30 49
