50 1192 1006.6742273446758 dense
0 584 758
1 590 899
2 482 761
3 484 136
4 953 656
5 531 771
6 793 218
7 693 491
8 543 850
9 322 508
10 749 875
11 602 183
12 781 355
13 449 130
14 189 228
15 69 489
16 966 737
17 756 30
18 149 123
19 304 828
20 445 156
21 45 508
22 904 485
23 145 931
24 902 88
25 467 822
26 922 189
27 138 890
28 541 197
29 66 998
30 326 942
31 167 500
32 684 49
33 791 195
34 876 613
35 416 148
36 885 808
37 319 917
38 74 20
39 742 737
40 717 734
41 6 39
42 786 603
43 327 957
44 250 855
45 438 713
46 394 819
47 643 923
48 434 452
49 150 290
30 43
6 33
39 40
30 37
13 20
20 35
15 21
3 13
13 35
37 43
23 27
3 20
2 5
0 5
1 47
19 44
11 28
2 25
2 45
1 8
3 35
38 41
25 46
14 49
17 32
5 8
8 25
5 25
4 16
3 28
4 34
19 37
19 46
34 42
37 44
15 31
0 8
0 2
24 26
23 29
20 28
2 46
16 36
2 8
5 45
14 18
25 45
13 28
45 46
30 44
19 30
10 47
27 44
21 31
37 46
8 47
9 48
3 11
18 38
43 44
23 44
27 29
22 34
19 43
26 33
6 26
0 25
28 35
0 40
6 12
10 39
30 46
1 5
39 42
0 1
10 40
1 25
5 46
7 42
40 42
44 46
10 36
8 46
0 45
16 34
43 46
24 33
9 31
17 24
11 32
11 20
0 39
36 39
12 33
1 10
11 13
7 12
19 25
18 41
4 36
22 42
18 49
17 33
6 24
8 45
23 37
4 42
0 47
1 2
25 37
19 45
19 27
4 22
12 22
32 33
23 30
34 39
27 37
36 40
23 43
25 30
5 47
11 35
11 33
19 23
5 40
2 19
6 17
6 11
25 43
27 30
34 36
0 46
34 40
27 43
6 32
0 10
25 47
40 47
28 32
8 10
1 40
8 40
31 49
39 47
7 22
1 46
5 39
15 49
11 17
12 26
3 32
25 44
7 34
24 32
1 39
16 39
16 42
2 37
4 39
36 42
2 47
8 39
17 26
29 44
8 37
5 19
9 45
44 45
8 30
37 45
2 40
14 38
2 30
8 19
1 45
14 35
8 43
5 10
21 49
7 40
12 42
11 12
4 40
13 32
16 40
2 43
28 33
2 44
7 39
6 28
9 15
0 42
30 45
10 16
5 37
16 22
45 48
2 39
20 32
7 48
14 41
29 43
25 40
29 37
27 46
14 20
29 30
5 30
1 30
36 47
43 45
18 35
1 43
46 47
31 48
1 37
17 28
14 31
23 46
10 42
12 34
5 43
26 32
28 48
9 21
9 49
13 14
40 45
38 49
32 35
10 25
14 15
12 28
25 39
0 7
0 19
6 22
41 49
2 10
6 7
10 34
3 17
19 29
8 44
12 24
5 44
45 47
1 19
20 48
22 26
18 20
4 10
2 9
22 39
13 18
35 49
35 48
39 45
0 36
5 42
4 7
1 36
3 14
0 37
9 14
22 33
22 40
7 33
3 33
2 48
11 24
14 21
0 30
11 48
30 47
43 47
9 46
3 6
3 48
11 26
9 19
12 32
7 11
13 48
13 17
5 7
22 36
20 49
37 47
0 43
12 17
0 34
48 49
7 28
14 48
5 48
40 46
3 18
17 20
5 9
25 27
7 45
13 49
23 25
0 48
2 42
2 7
1 44
8 36
31 45
9 25
8 42
4 12
0 44
13 33
20 33
27 45
42 47
10 45
19 47
14 28
6 20
9 44
1 42
6 13
19 31
5 36
39 46
10 46
17 35
12 48
0 9
31 44
42 45
35 38
23 45
15 48
2 27
7 16
3 49
3 12
46 48
7 36
7 9
25 48
9 35
16 47
9 20
29 46
15 18
24 28
18 31
2 23
33 35
7 26
5 34
9 28
26 28
0 16
0 4
42 48
6 35
12 39
12 40
6 42
25 42
34 47
7 10
7 8
12 20
13 38
27 31
31 46
21 48
21 27
20 38
22 24
19 48
9 13
18 21
44 47
18 28
40 48
7 25
12 13
28 49
21 44
6 34
1 34
2 36
3 9
8 23
15 27
8 27
8 9
33 42
15 44
8 34
9 37
2 31
4 47
1 16
5 27
19 21
3 7
15 19
8 48
11 14
7 20
5 23
25 36
12 35
39 48
10 22
0 22
3 24
1 7
2 34
9 18
19 40
9 27
35 41
12 16
3 38
26 34
33 34
11 22
10 30
6 48
9 11
10 43
31 35
23 31
15 45
10 37
9 30
21 23
7 47
18 48
7 13
26 42
5 16
1 4
4 5
8 16
25 29
37 40
33 48
25 31
7 35
3 26
7 32
20 31
30 40
44 48
21 45
7 46
31 37
1 23
19 39
10 19
42 46
15 23
0 12
9 43
40 43
34 45
1 27
13 41
4 8
5 31
7 24
20 41
15 41
13 24
9 40
11 18
36 45
11 42
9 23
25 34
37 39
20 24
15 46
22 28
30 39
11 49
12 36
0 27
13 31
7 17
4 6
21 46
4 26
29 45
15 38
39 43
30 31
5 22
34 48
21 41
22 48
0 23
1 48
9 42
1 9
28 42
32 48
13 26
20 26
9 39
17 22
2 29
37 48
28 31
40 44
2 4
3 31
9 12
31 43
2 16
5 12
15 35
3 41
31 41
22 32
4 33
21 38
31 38
24 35
0 31
21 29
36 46
21 37
2 15
15 37
12 45
23 47
10 44
28 38
8 29
30 48
15 20
2 12
2 22
2 21
39 44
27 47
16 25
26 35
29 31
15 29
22 47
11 34
45 49
8 22
4 25
8 31
7 19
47 48
43 48
21 35
21 30
5 29
4 45
22 45
15 25
1 22
15 30
10 12
6 39
6 40
13 15
34 46
9 47
24 34
21 25
7 31
28 45
14 32
10 48
24 42
16 45
27 48
21 43
17 48
19 42
20 21
1 29
28 34
15 43
11 31
18 32
5 15
33 40
33 39
3 15
14 45
3 22
6 16
9 38
8 12
16 26
22 25
11 38
5 21
9 29
6 9
13 21
26 48
11 45
15 28
3 42
20 45
4 48
28 41
23 48
19 49
20 42
38 48
0 28
12 25
37 42
11 40
9 10
32 42
9 33
9 34
20 22
28 40
35 45
9 41
7 37
2 28
7 14
16 33
4 24
0 29
11 39
30 42
7 44
44 49
17 42
5 28
36 48
30 36
0 11
3 21
28 39
2 49
36 37
1 12
26 39
13 22
36 43
16 46
3 45
7 49
0 6
42 43
13 42
0 15
19 36
7 30
1 31
29 47
26 40
4 46
9 22
46 49
13 45
12 47
9 32
21 28
32 49
35 42
4 11
2 11
5 11
42 44
7 43
24 48
22 35
0 21
41 48
17 34
32 34
8 15
6 36
31 40
27 40
0 33
27 49
14 17
14 33
16 48
6 14
8 21
12 46
23 40
12 14
2 20
10 23
2 14
6 45
22 46
32 38
14 19
19 34
10 27
5 6
11 41
5 49
17 18
11 15
2 35
4 28
3 34
0 20
25 49
26 36
33 36
5 20
31 39
27 39
7 15
2 3
14 46
2 6
33 45
31 42
23 39
20 34
25 28
14 44
0 3
12 31
2 13
5 33
0 35
5 35
12 49
34 37
3 5
36 44
31 47
9 36
0 49
20 40
28 46
30 34
23 49
5 14
3 40
0 13
13 34
2 33
11 21
9 17
18 33
5 13
6 49
34 43
33 49
4 9
7 21
37 49
6 18
16 24
20 39
8 28
11 25
3 39
34 35
14 25
4 17
7 18
18 45
29 48
6 10
35 40
17 49
13 40
0 14
0 26
11 16
1 15
4 32
14 27
20 46
20 25
16 19
24 39
11 46
8 11
1 21
34 44
35 46
4 19
16 37
12 19
24 40
16 30
35 39
12 18
13 39
19 28
30 49
16 43
25 35
32 41
9 26
6 8
10 33
17 38
9 16
7 27
8 49
4 37
32 40
31 32
11 36
3 25
6 25
6 31
19 20
16 28
3 46
4 30
19 35
43 49
32 39
19 22
13 46
13 25
10 31
15 40
10 29
31 33
4 43
3 4
8 33
8 20
5 26
14 37
28 36
29 40
7 23
1 28
14 23
14 42
17 40
25 33
17 39
10 11
10 26
32 45
27 42
42 49
21 40
10 28
11 19
1 6
4 20
13 19
29 49
26 45
8 35
3 19
8 14
0 32
1 11
9 24
3 8
15 39
31 34
28 44
15 47
2 18
23 42
40 49
24 36
6 47
6 46
2 26
18 19
12 15
29 39
16 44
20 44
15 42
8 13
35 44
14 24
14 30
22 37
12 37
21 47
4 13
12 44
4 44
14 40
1 33
28 47
21 39
14 26
22 30
22 31
16 17
18 46
5 32
33 38
18 44
4 35
33 46
2 32
11 47
0 24
39 49
14 43
12 30
33 47
16 32
22 43
6 38
21 42
0 17
17 41
23 36
1 49
22 44
27 36
14 39
12 21
13 44
5 18
17 45
28 37
17 31
18 24
12 43
3 44
15 32
1 20
11 44
14 22
8 26
18 27
18 25
0 18
1 3
3 16
1 35
20 37
6 15
5 17
35 37
28 30
18 26
5 24
7 38
24 45
26 49
24 49
22 49
25 26
15 33
14 29
16 20
10 20
2 17
31 36
1 14
6 19
1 13
10 15
12 38
3 36
38 45
1 26
3 10
32 36
26 47
20 36
11 37
21 32
14 34
27 34
17 36
28 43
20 47
27 35
2 24
10 21
34 49
20 30
20 27
23 34
13 16
18 42
13 37
3 37
19 33
30 35
10 35
33 41
41 45
4 31
27 28
10 24
6 21
47 49
25 32
3 47
10 13
16 35
13 36
7 29
6 41
35 47
11 30
18 23
21 33
20 43
35 36
18 37
8 32
35 43
13 47
15 34
26 31
13 27
29 42
13 30
3 30
11 43
26 46
7 41
32 46
15 17
8 18
10 32
23 35
3 27
14 47
24 38
20 23
16 31
23 28
18 40
15 22
3 43
13 43
12 27
12 41
6 44
10 49
18 22
21 34
18 30
19 38
29 36
16 27
8 24
24 31
17 25
19 41
16 23
6 37
10 17
11 27
2 38
8 17
4 27
41 44
18 43
24 25
38 44
33 44
4 23
18 39
1 32
10 14
17 21
13 23
12 23
21 22
38 46
27 41
6 30
33 37
3 23
26 38
2 41
22 27
19 32
17 46
1 24
41 46
27 38
6 43
24 47
32 47
4 14
15 36
11 23
18 34
18 29
5 38
30 33
22 23
4 49
1 17
19 26
24 46
21 36
33 43
1 18
25 38
29 34
0 38
24 41
36 49
4 15
17 47
5 41
23 41
15 26
14 36
25 41
23 38
32 44
17 19
29 35
4 21
38 42
0 41
20 29
15 24
26 41
14 16
37 38
16 49
15 16
28 29
37 41
21 26
16 29
6 27
18 47
32 37
26 37
26 44
13 29
16 21
4 29
22 38
19 24
8 38
27 33
21 24
30 38
3 29
30 41
26 30
38 40
29 41
12 29
10 18
30 32
41 42
6 23
4 18
17 44
38 43
26 43
41 43
8 41
11 29
32 43
29 38
23 33
38 39
22 29
17 37
40 41
34 38
22 41
27 32
18 36
24 44
