50 859 704.5771781714193 dense
0 792 191
1 724 310
2 416 66
3 726 470
4 276 414
5 639 103
6 649 998
7 873 989
8 243 868
9 550 635
10 192 779
11 6 232
12 591 855
13 980 373
14 906 248
15 12 81
16 199 451
17 106 957
18 244 289
19 504 176
20 929 185
21 336 424
22 156 900
23 120 809
24 88 44
25 578 521
26 600 884
27 871 996
28 877 948
29 234 346
30 468 428
31 757 789
32 499 850
33 331 28
34 428 348
35 18 445
36 413 510
37 667 99
38 890 335
39 178 395
40 714 186
41 724 618
42 18 637
43 373 779
44 695 89
45 39 433
46 945 951
47 553 403
48 498 665
49 20 90
7 27
15 49
35 45
5 37
37 44
12 26
7 28
27 28
5 44
18 29
16 39
9 48
4 21
14 20
28 46
29 39
17 22
10 23
0 40
4 29
7 46
24 49
15 24
4 16
27 46
14 38
30 47
30 34
12 32
8 22
2 33
13 38
22 23
30 36
40 44
37 40
4 39
8 10
26 32
16 29
5 40
21 36
9 25
21 34
25 47
6 26
1 40
18 39
10 22
0 14
21 29
4 18
21 30
8 23
34 47
0 1
0 20
16 21
0 44
2 19
11 49
25 30
39 45
32 43
13 14
3 41
17 23
11 15
5 19
6 12
20 38
0 37
3 25
8 43
1 3
21 39
16 45
34 36
18 21
8 17
25 48
25 36
4 34
4 36
35 39
1 38
16 18
43 48
31 41
0 38
9 41
25 41
36 47
0 5
36 48
12 31
19 37
10 43
16 35
26 31
32 48
9 36
3 47
19 34
35 42
1 14
4 30
18 34
29 34
1 47
13 20
10 17
28 31
23 42
14 40
11 45
42 45
11 24
19 44
19 40
6 32
12 48
3 38
11 35
29 45
20 40
21 47
1 37
9 32
16 36
6 27
9 30
1 44
1 5
9 12
6 7
10 42
2 5
19 33
9 43
25 34
38 40
41 48
12 43
7 31
9 47
19 47
6 28
6 31
27 31
11 39
29 35
4 45
30 48
1 20
3 9
26 48
29 36
24 33
11 18
29 30
31 46
22 43
26 43
18 45
16 34
20 44
2 37
9 26
34 39
19 30
23 43
11 29
1 25
8 32
1 19
9 31
16 42
4 35
21 25
3 30
36 39
0 13
18 30
1 13
14 44
31 32
47 48
16 30
40 47
12 41
3 13
36 43
18 35
41 47
18 33
20 37
4 47
18 36
2 44
2 18
14 37
1 30
2 34
18 19
3 40
26 28
3 14
0 3
31 48
0 19
39 42
21 48
18 24
30 39
11 16
7 26
26 27
26 41
22 42
21 45
1 34
19 21
18 49
6 46
3 48
9 21
12 28
5 20
5 14
1 41
15 18
9 34
5 47
7 12
12 27
38 44
10 32
3 36
5 33
33 49
21 35
30 41
19 29
0 47
4 25
3 31
17 43
2 40
3 34
25 31
8 42
32 41
5 34
15 33
29 47
34 48
37 47
37 38
13 40
4 11
8 48
10 48
10 16
38 41
34 40
2 24
36 41
18 47
25 43
4 19
17 42
29 33
29 49
2 29
12 25
33 34
4 48
24 29
25 32
4 42
5 38
33 37
39 49
45 49
38 47
44 47
30 40
34 37
15 29
19 36
22 32
10 36
8 12
3 20
32 36
26 46
4 9
6 43
19 25
15 45
13 41
35 49
15 39
21 43
16 47
8 26
25 40
24 39
29 42
25 38
30 43
25 26
28 41
2 47
15 35
6 48
2 30
16 23
12 46
2 21
5 30
16 48
3 19
1 9
33 44
1 36
16 43
34 44
4 10
39 47
2 4
3 37
6 9
10 35
3 5
4 43
23 35
10 45
23 32
11 21
36 45
3 44
42 43
21 42
10 21
11 33
31 43
10 39
30 37
23 45
8 9
16 25
14 47
9 10
25 29
41 43
6 41
12 36
4 33
28 32
24 45
3 21
19 39
1 2
0 25
21 33
0 2
9 16
8 36
0 34
2 49
33 39
34 45
7 32
27 32
41 46
7 41
35 36
34 41
0 30
13 44
16 49
2 15
1 21
23 48
11 42
27 41
2 39
10 12
18 25
24 35
17 32
3 12
30 44
14 19
16 19
14 41
4 49
29 48
33 40
15 16
36 42
18 42
22 48
4 24
13 37
43 47
19 38
23 39
26 36
23 36
39 48
8 16
25 39
1 48
10 26
34 35
16 24
5 25
30 33
30 32
4 23
4 15
19 20
6 8
14 25
13 47
9 29
13 25
30 45
39 43
25 37
40 41
30 38
0 41
3 26
21 41
34 43
20 47
5 13
10 29
33 47
19 24
31 47
5 18
12 22
11 34
5 21
21 23
2 16
36 40
2 11
3 32
9 39
31 36
16 33
2 36
22 26
12 30
10 30
21 40
25 44
32 47
30 35
16 22
9 28
9 38
3 4
12 47
8 21
18 48
21 24
29 43
4 8
24 34
21 32
32 46
21 49
1 4
9 19
9 18
34 38
30 31
18 37
9 23
21 37
10 25
5 36
22 36
3 43
15 21
13 31
5 29
28 48
31 38
12 23
14 30
26 30
9 22
22 35
23 29
8 39
4 5
9 40
20 41
8 35
7 9
1 31
1 18
8 45
42 48
43 45
18 40
22 45
6 25
8 25
34 49
2 25
9 27
36 37
26 47
1 33
23 26
20 25
35 43
14 34
17 48
33 36
0 33
19 48
4 32
21 44
1 29
10 34
19 49
4 41
10 18
11 36
18 44
19 41
4 40
8 30
15 34
0 36
7 48
12 17
30 42
29 37
27 48
16 32
33 45
17 26
4 22
12 21
15 19
11 19
3 28
34 42
11 30
4 37
6 22
9 13
22 39
0 9
9 46
29 40
18 43
36 44
6 10
32 34
3 29
36 38
21 22
2 3
0 21
38 48
45 48
16 17
3 18
45 47
13 30
13 19
23 30
17 35
8 31
20 30
10 47
25 28
33 35
5 41
8 29
37 41
2 14
40 48
9 14
32 42
2 45
2 20
20 34
3 16
29 44
35 48
17 45
3 46
41 44
4 44
21 26
46 48
19 45
28 43
9 42
12 34
3 6
18 23
35 47
5 9
3 7
24 30
23 25
4 12
6 36
8 41
17 36
7 43
27 43
1 16
6 17
2 38
3 27
5 39
25 45
42 49
9 17
9 37
9 45
2 35
31 34
16 41
25 33
8 34
13 34
1 39
3 39
7 25
5 24
23 34
19 35
10 41
15 42
0 18
32 39
21 31
0 48
25 27
14 36
8 47
22 29
29 41
5 16
1 12
21 38
14 31
30 49
6 23
0 4
12 16
26 34
13 48
9 35
9 44
10 31
25 35
25 46
22 30
17 39
22 25
24 36
4 17
29 32
4 26
37 39
25 42
15 30
11 47
36 49
39 40
10 11
8 18
13 46
0 29
16 40
5 48
17 21
24 37
18 41
13 36
14 48
42 47
13 28
2 9
1 32
16 37
1 43
15 36
1 26
24 47
11 23
9 20
39 41
16 26
37 48
3 33
23 47
14 21
24 42
43 46
6 30
0 31
12 38
39 44
6 47
31 40
2 48
24 44
44 48
20 36
4 31
22 31
12 42
28 38
16 44
22 34
14 33
18 32
3 10
19 43
18 22
47 49
12 39
20 33
38 46
4 38
5 49
12 13
32 45
26 38
12 29
17 29
7 13
3 8
5 15
20 31
32 35
15 47
2 41
26 42
13 27
23 41
28 47
22 41
22 47
13 26
23 31
33 38
28 36
8 28
20 21
11 25
8 27
17 30
7 8
24 40
2 13
17 25
20 48
9 33
26 39
5 11
13 21
32 38
0 39
37 49
0 16
18 38
26 29
4 14
16 31
6 21
7 38
15 37
11 48
1 28
29 38
33 48
11 43
27 38
28 30
19 31
14 18
12 18
7 36
7 47
27 36
19 42
17 31
27 47
46 47
19 32
11 37
44 49
9 11
13 32
1 46
8 11
10 19
14 29
12 40
38 43
17 18
15 44
24 25
12 14
40 43
12 19
11 22
33 42
5 45
29 31
6 34
3 45
17 34
1 24
36 46
7 30
4 20
1 6
18 20
4 6
18 26
0 12
3 23
12 45
1 7
31 37
1 45
2 42
5 31
27 30
32 40
31 39
14 28
40 49
16 38
1 27
31 44
11 44
14 46
12 35
