50 1140 957.0757545774525 dense
0 815 708
1 18 942
2 545 370
3 403 602
4 66 521
5 994 23
6 206 674
7 710 890
8 80 769
9 362 276
10 897 953
11 915 907
12 562 571
13 633 493
14 83 79
15 985 576
16 371 246
17 950 242
18 869 739
19 69 962
20 441 647
21 729 357
22 983 748
23 229 830
24 948 40
25 532 767
26 81 832
27 693 211
28 85 970
29 392 35
30 505 596
31 480 988
32 816 208
33 817 736
34 590 914
35 793 347
36 611 399
37 166 49
38 984 622
39 180 427
40 155 499
41 98 60
42 346 403
43 468 319
44 387 179
45 618 592
46 692 158
47 394 564
48 162 480
49 3 713
19 28
40 48
14 41
0 33
9 16
3 47
15 38
5 24
10 11
18 33
27 46
1 19
39 48
3 20
12 45
12 30
0 18
8 26
21 35
37 41
16 44
2 36
1 28
39 40
20 30
14 37
4 40
2 43
8 49
20 47
13 36
13 45
9 44
3 30
4 48
12 13
30 45
18 22
9 43
30 47
16 43
7 34
27 32
21 36
22 38
1 26
9 42
19 26
31 34
32 46
26 28
17 32
32 35
26 49
12 20
29 44
4 39
23 26
42 43
21 27
20 25
2 13
6 23
6 8
25 34
16 42
8 23
43 44
3 12
36 43
18 38
13 30
22 33
13 21
39 42
42 47
12 47
27 35
15 22
21 32
0 22
11 22
25 30
11 18
12 36
6 40
1 8
2 21
20 45
7 33
17 35
35 36
0 38
36 45
8 19
25 45
11 33
7 10
12 25
6 48
42 48
15 18
23 28
8 28
6 26
2 12
2 42
17 24
4 49
33 38
21 46
27 36
7 11
2 9
6 49
3 42
4 6
19 23
3 25
3 6
0 7
16 29
24 32
2 16
40 42
35 46
0 15
3 45
10 18
7 25
13 35
2 27
6 47
7 18
10 22
0 11
5 17
30 36
45 47
29 37
25 31
42 44
0 45
1 49
2 30
10 33
15 33
2 45
9 39
6 20
1 23
13 43
9 29
25 47
33 45
2 47
13 20
47 48
40 47
2 44
6 39
4 8
2 35
17 21
13 47
27 43
7 31
30 42
39 47
36 46
23 49
3 13
43 47
37 44
5 32
19 49
2 46
0 10
17 27
21 45
20 42
40 49
16 39
21 43
36 42
3 40
12 43
28 49
3 48
17 46
12 21
2 3
36 47
12 42
43 46
9 36
30 43
20 23
32 36
8 40
0 13
24 46
48 49
3 39
16 37
16 36
9 48
25 33
3 23
0 12
13 27
33 34
0 25
9 47
3 43
3 36
18 45
13 25
11 38
29 43
29 41
2 20
23 31
15 35
9 37
8 48
20 36
13 42
35 45
12 33
4 42
9 40
13 33
6 42
0 34
44 46
20 34
24 27
39 43
27 44
7 22
6 30
10 34
23 25
4 26
43 45
7 45
14 29
41 44
23 47
16 48
36 44
2 32
16 47
6 19
6 28
14 44
12 35
20 40
39 44
34 45
16 27
29 46
11 34
20 48
35 43
1 6
21 30
3 9
20 43
30 34
18 34
0 30
16 41
5 46
4 47
42 45
16 40
16 46
14 16
35 38
15 17
39 49
15 21
9 27
18 25
11 15
13 32
6 25
23 40
13 46
13 18
9 41
26 40
20 39
9 14
30 33
10 38
20 31
24 35
12 34
43 48
3 4
9 13
27 29
4 23
12 18
9 46
9 30
7 12
5 27
8 39
23 48
9 12
3 16
7 30
13 16
40 43
26 48
14 39
0 21
13 15
0 35
23 30
30 48
7 20
30 40
3 8
3 34
32 43
30 39
38 45
15 45
21 38
2 29
2 39
0 36
6 12
23 34
29 42
17 36
13 38
16 30
16 21
8 47
44 48
9 21
39 41
25 36
12 16
37 39
0 20
9 20
30 35
8 20
5 35
17 38
12 27
7 38
4 9
44 47
21 24
21 44
21 42
20 33
10 15
27 45
21 33
33 35
18 30
30 31
3 31
21 47
33 36
40 44
28 31
4 20
3 26
27 42
22 45
37 42
2 25
2 48
13 44
18 35
34 47
13 17
7 13
20 26
15 32
37 43
23 39
9 45
18 21
16 20
11 25
3 21
12 39
14 48
20 21
25 42
10 25
12 48
4 16
2 40
19 31
26 47
12 40
15 36
3 49
6 31
26 39
14 42
7 15
47 49
10 31
31 45
6 45
31 33
3 7
12 23
12 15
13 34
41 42
3 44
1 4
42 46
2 17
29 36
41 48
12 31
12 38
16 45
0 3
14 40
5 21
22 34
18 36
6 9
26 31
27 30
12 44
32 44
37 48
36 39
32 45
0 2
31 47
11 45
12 46
13 22
30 44
16 35
36 38
3 33
0 31
9 35
18 20
35 44
45 46
4 19
6 43
4 14
11 31
40 41
23 42
20 49
12 32
22 35
0 47
4 30
29 39
16 32
32 38
4 28
4 43
37 40
35 42
22 25
41 43
8 25
8 42
25 43
6 34
14 43
7 47
35 47
21 25
2 6
25 26
2 33
8 31
23 45
10 45
36 48
33 47
12 22
13 39
29 32
6 16
8 30
9 32
18 31
4 41
42 49
20 35
25 40
27 47
1 40
6 13
1 31
3 35
21 29
21 22
36 40
15 27
39 45
25 48
4 44
45 48
19 40
20 44
13 48
40 45
44 45
25 38
28 40
30 46
13 40
30 38
15 30
20 28
17 45
4 37
1 48
7 23
0 17
26 30
3 18
2 15
3 28
3 27
11 12
19 20
17 43
25 39
6 36
34 38
19 48
25 28
2 18
3 19
15 25
24 36
25 35
28 48
2 37
30 32
4 12
0 32
7 36
11 13
29 48
22 30
2 4
19 25
17 18
20 27
27 38
46 47
26 42
2 38
18 47
17 22
29 35
10 12
28 34
12 17
32 42
22 36
28 47
15 46
17 33
0 27
1 3
19 47
11 30
34 36
30 49
26 34
1 20
13 29
13 31
9 25
15 34
2 24
29 40
8 12
0 43
19 34
13 23
4 25
6 44
32 33
29 47
3 46
10 30
8 34
10 13
25 49
1 47
7 21
18 32
5 36
37 46
15 24
27 33
1 39
11 20
1 25
20 38
33 43
2 41
16 25
2 7
2 34
2 14
19 39
12 26
38 46
6 7
15 20
10 20
7 35
20 46
31 49
28 39
20 22
27 37
13 24
32 47
5 15
21 39
24 43
24 29
4 45
18 27
27 39
22 31
2 23
4 36
0 42
12 29
28 30
37 47
0 46
23 43
22 32
9 49
36 37
34 42
8 45
17 44
3 29
2 5
4 13
8 9
17 30
19 30
9 23
3 32
29 30
1 34
11 35
21 34
23 36
14 47
12 49
33 42
15 43
20 32
24 44
39 46
2 22
25 27
16 17
21 48
11 21
18 43
3 38
3 15
24 38
41 47
4 29
31 40
26 45
9 17
15 47
21 40
33 46
11 36
5 13
38 47
8 43
16 49
17 29
27 48
23 33
3 11
1 30
3 22
38 43
8 16
0 23
5 38
31 48
31 42
16 23
29 45
34 40
3 37
41 46
5 29
34 35
31 36
5 43
25 44
3 10
18 46
34 43
6 14
7 42
43 49
34 48
0 6
27 40
22 27
6 21
16 24
2 8
3 14
27 41
20 29
14 46
6 33
10 35
36 41
22 47
14 36
8 13
35 39
10 21
46 48
7 43
34 49
2 31
18 42
12 28
3 41
31 38
9 26
6 41
10 36
11 47
19 42
4 31
14 27
28 42
17 42
0 9
6 37
5 44
45 49
25 32
12 19
25 46
7 28
1 42
7 26
9 24
10 47
40 46
31 39
34 39
14 49
0 16
2 49
7 8
21 37
17 47
26 43
24 45
30 37
13 37
35 48
7 19
18 23
9 33
8 36
13 26
17 20
15 31
2 11
28 45
16 26
2 26
3 17
4 34
12 37
35 40
12 24
44 49
22 46
20 37
1 12
41 49
5 16
15 42
19 45
16 33
8 44
6 29
11 17
6 18
13 49
14 30
31 43
32 37
23 44
22 43
17 25
14 20
6 35
6 27
32 39
30 41
38 42
9 34
21 31
7 40
7 27
10 23
20 41
0 44
5 9
2 10
0 24
5 45
4 21
37 49
36 49
26 36
7 48
9 18
12 14
13 41
21 23
13 14
8 14
7 32
12 41
11 23
7 17
9 15
0 48
0 40
1 7
35 37
0 39
1 45
15 16
21 41
5 12
4 27
16 18
24 42
16 34
33 40
33 48
14 21
18 24
33 44
7 39
7 9
11 32
37 45
33 39
0 5
24 33
32 48
6 46
22 24
8 41
27 34
24 30
9 38
10 17
31 35
15 44
16 38
26 44
9 31
32 40
4 46
22 42
5 22
8 37
13 28
5 18
7 16
7 49
11 27
7 46
32 41
13 19
5 33
0 8
8 33
11 43
18 44
14 45
32 34
4 7
26 33
23 35
38 44
41 45
14 32
0 26
6 10
25 29
9 19
6 11
9 28
4 35
10 32
1 9
16 31
5 42
35 41
18 48
14 26
18 40
5 30
28 43
2 28
18 39
19 43
22 23
14 35
2 19
11 42
1 13
17 34
34 44
24 47
34 46
14 23
10 43
6 32
28 33
1 43
8 21
10 27
0 4
26 41
23 27
0 28
28 36
16 19
1 2
16 28
10 42
6 38
9 22
1 16
6 22
7 44
23 41
4 33
19 33
11 46
19 36
29 49
24 37
3 24
23 38
23 37
6 15
26 37
0 19
8 18
20 24
16 22
17 39
18 26
0 29
15 23
8 29
15 29
21 26
1 36
27 31
25 37
17 37
5 47
21 49
23 29
0 49
10 28
4 32
33 49
31 44
23 46
18 28
15 39
29 33
10 46
14 25
17 48
22 44
10 26
1 33
38 39
3 5
10 19
5 37
8 35
15 48
8 27
25 41
18 19
0 1
4 18
11 28
15 40
29 38
5 20
38 48
17 40
11 26
8 10
24 25
38 40
9 11
19 44
8 11
28 44
1 44
11 19
31 32
24 41
18 29
27 49
23 32
26 29
11 16
31 46
24 39
6 17
26 35
11 40
9 10
22 48
22 40
22 39
8 46
1 14
11 48
14 24
18 49
11 24
10 40
35 49
17 41
26 27
10 48
1 18
5 25
11 39
1 10
10 16
17 31
14 17
7 24
14 19
46 49
1 41
5 11
21 28
10 39
14 28
19 21
5 41
1 11
11 44
24 48
29 34
19 41
8 22
1 37
22 26
5 39
26 46
28 41
7 29
5 7
5 14
10 24
8 38
24 40
19 37
4 15
1 21
4 38
28 37
0 37
22 28
8 15
8 32
10 49
22 29
10 44
4 17
26 38
17 23
11 49
4 11
5 10
4 10
19 22
15 26
28 35
24 34
4 22
33 37
5 48
19 35
29 31
32 49
