50 808 593.4879948238212 dense
0 303 313
1 946 962
2 680 670
3 525 438
4 396 582
5 296 793
6 116 387
7 792 281
8 592 22
9 586 861
10 252 573
11 669 932
12 350 980
13 547 302
14 502 339
15 647 469
16 644 255
17 274 574
18 394 744
19 312 466
20 778 773
21 761 0
22 862 107
23 599 837
24 366 316
25 845 700
26 735 796
27 90 337
28 420 361
29 166 8
30 433 71
31 377 180
32 868 467
33 345 127
34 854 605
35 625 958
36 117 444
37 75 783
38 156 996
39 904 735
40 245 300
41 251 176
42 18 801
43 598 219
44 13 469
45 363 798
46 455 591
47 960 302
48 529 331
49 388 413
10 17
9 23
14 48
13 48
20 26
11 35
6 27
6 36
13 14
16 43
0 40
4 46
37 42
28 49
31 33
18 45
0 24
5 45
25 39
24 28
14 28
19 49
25 34
13 43
20 25
24 49
3 14
30 33
9 35
33 41
36 44
3 48
13 16
9 11
5 18
27 36
28 48
17 19
11 23
24 40
4 17
30 31
10 19
23 35
40 41
3 15
31 41
0 28
3 28
0 49
43 48
20 39
6 44
14 49
24 31
2 26
3 13
16 48
14 24
32 34
3 49
34 39
13 28
23 26
2 20
4 19
4 10
25 26
0 41
21 22
7 16
19 28
11 26
0 31
27 44
0 19
14 43
6 40
27 40
19 24
4 18
9 26
48 49
24 48
18 46
14 16
8 30
2 25
3 46
4 49
7 47
8 21
31 40
19 40
26 39
24 41
13 24
15 48
17 46
40 49
12 45
20 34
28 40
2 23
2 34
28 31
10 36
7 22
29 41
32 47
19 46
20 23
24 33
46 49
0 33
36 40
11 20
3 4
13 49
5 12
13 15
12 38
14 15
26 35
19 36
8 43
17 49
33 40
3 24
0 14
7 32
0 6
14 31
7 43
2 15
10 46
17 36
17 18
13 31
10 49
30 41
9 20
6 19
2 9
15 16
31 48
0 27
3 19
29 33
22 47
3 16
4 45
5 17
15 32
5 37
30 43
10 18
4 28
5 10
31 43
9 18
26 34
18 23
45 46
0 48
15 46
0 36
27 41
28 43
37 38
14 19
6 10
3 43
1 39
9 45
28 46
2 39
31 49
4 5
25 32
7 15
2 46
8 16
38 42
23 45
12 18
20 35
17 45
0 13
6 17
28 33
7 13
5 38
15 34
16 28
6 41
28 41
10 45
15 28
24 43
1 20
24 30
15 43
0 3
19 48
14 46
19 27
5 46
13 30
17 28
6 24
14 40
10 44
2 11
0 17
16 22
14 33
9 12
0 10
15 49
4 14
8 31
13 33
4 24
7 48
8 33
1 26
33 43
46 48
32 39
10 28
29 31
36 49
21 43
10 40
6 49
41 49
17 24
29 30
10 37
0 30
33 48
4 15
17 40
12 35
2 32
14 30
24 27
30 48
16 31
5 42
1 11
2 3
16 30
24 36
16 21
1 25
10 24
17 44
23 25
7 21
8 22
8 13
4 48
16 24
0 4
23 46
3 17
40 48
43 49
10 27
38 45
13 19
22 43
40 44
12 23
37 45
17 37
24 46
33 49
18 19
28 30
11 25
2 35
19 31
2 18
7 14
30 40
19 41
2 4
3 31
5 9
19 44
14 41
36 41
17 27
9 46
16 49
13 40
29 40
13 46
15 25
3 10
9 25
6 28
5 23
11 39
35 45
27 49
16 32
0 43
3 7
4 36
3 40
28 36
18 35
8 48
0 46
4 13
41 48
20 32
16 47
4 40
15 24
37 44
34 47
1 35
18 37
23 39
13 41
11 12
16 33
4 23
10 42
27 31
7 8
5 19
14 17
0 44
8 14
7 34
27 33
27 28
15 20
18 49
42 44
3 18
11 18
6 31
11 45
0 29
15 19
21 30
19 45
4 9
27 29
12 37
15 26
25 35
19 33
4 6
36 37
2 45
9 39
17 42
10 14
3 32
23 34
18 26
30 49
42 45
0 16
6 33
18 38
26 46
41 43
17 48
15 47
26 32
35 39
40 46
3 33
22 32
13 32
21 47
40 43
32 48
32 43
24 29
10 48
5 35
36 46
1 34
1 23
3 34
15 39
13 21
13 22
36 42
31 36
9 34
20 46
8 24
2 48
15 23
43 47
26 45
15 18
1 9
8 41
11 34
2 14
12 42
41 44
0 15
19 43
3 30
4 37
3 41
44 49
8 28
18 42
7 28
6 29
18 28
24 44
18 20
13 17
16 46
45 49
15 17
14 32
6 14
2 49
33 36
5 49
2 13
4 27
5 36
16 19
3 45
1 2
15 31
6 46
19 37
9 15
10 41
5 11
6 37
43 46
17 41
14 36
34 46
4 44
10 13
4 12
16 41
4 26
22 48
16 40
4 31
11 46
12 46
2 5
2 28
21 48
35 46
2 7
25 46
3 23
17 31
3 36
16 34
18 36
10 15
0 8
4 16
14 27
3 6
10 31
13 47
12 17
19 30
3 25
25 47
3 26
4 43
20 45
7 30
2 16
6 48
2 17
17 23
31 46
10 12
14 18
3 20
2 19
34 35
15 22
28 44
3 8
7 25
3 5
9 17
21 31
7 49
34 48
6 42
37 46
8 29
14 21
12 26
4 20
7 31
36 48
3 9
7 24
14 22
18 24
5 44
22 30
36 45
4 41
32 46
13 34
47 48
10 38
27 30
18 48
15 45
28 29
21 33
10 23
15 40
39 47
4 42
17 38
29 36
2 10
5 26
27 48
6 13
4 35
0 18
28 45
8 49
9 10
14 34
4 11
5 6
8 40
27 46
19 42
27 37
3 27
6 30
5 28
8 15
9 38
15 30
6 18
17 33
2 12
13 36
18 25
10 33
3 47
15 33
23 32
4 33
7 46
13 27
2 43
44 46
4 34
14 47
28 32
29 49
2 47
8 47
41 46
34 43
11 15
4 25
31 44
7 39
13 18
18 40
19 23
27 42
18 44
35 38
23 38
39 46
14 29
3 22
7 33
2 24
23 49
12 20
33 44
33 46
5 15
4 38
21 32
6 45
14 45
0 5
44 45
18 34
17 43
19 29
9 19
29 43
13 29
3 39
24 45
5 24
5 20
15 21
32 49
9 32
37 49
42 46
29 44
4 32
25 48
29 48
16 25
16 17
0 45
30 36
15 35
9 49
0 7
22 31
25 45
7 20
15 41
10 43
45 48
5 40
21 28
13 25
4 7
3 21
28 34
14 25
22 34
5 14
5 27
1 32
38 46
34 49
10 16
20 47
11 32
21 24
14 44
20 48
14 23
18 27
23 28
26 48
22 28
18 39
6 43
23 48
17 26
40 45
37 40
4 30
3 44
14 26
14 20
7 19
3 11
12 19
26 49
9 37
11 38
22 33
5 48
7 26
0 2
17 35
30 46
27 43
0 37
8 32
24 32
13 20
8 19
23 37
9 28
17 30
34 45
13 26
9 14
13 45
3 35
4 39
15 36
20 49
36 43
10 26
9 48
11 17
10 30
44 48
16 20
27 45
10 35
42 49
19 26
26 28
6 15
13 23
16 29
22 24
21 41
25 49
25 43
17 20
26 47
28 47
25 28
6 16
39 45
28 37
20 28
16 39
38 44
7 40
32 35
16 26
18 32
16 18
40 42
10 11
24 37
7 41
39 48
5 13
19 38
36 38
0 21
19 32
21 49
5 25
19 20
13 44
19 34
16 36
16 27
3 29
9 13
13 39
10 20
18 43
22 49
18 31
14 39
0 42
3 37
24 34
12 49
12 25
31 32
3 12
23 24
2 40
9 42
10 29
15 27
30 47
2 31
17 29
1 15
35 37
30 44
17 34
46 47
19 25
23 42
20 43
47 49
19 35
16 23
12 36
17 25
8 46
0 32
18 41
11 19
9 24
30 32
7 23
5 34
11 49
12 15
2 22
8 27
26 43
22 25
4 8
1 18
