50 898 719.2808908903392 dense
0 759 638
1 582 170
2 79 247
3 677 828
4 839 443
5 504 859
6 50 812
7 527 806
8 512 270
9 88 179
10 863 88
11 893 918
12 455 114
13 68 395
14 219 931
15 310 113
16 16 409
17 185 236
18 147 402
19 905 677
20 934 890
21 423 885
22 959 510
23 539 151
24 876 556
25 694 638
26 396 233
27 786 734
28 613 559
29 195 572
30 842 4
31 883 244
32 837 226
33 21 543
34 674 395
35 44 375
36 767 234
37 283 64
38 378 266
39 514 928
40 764 382
41 839 208
42 412 910
43 697 473
44 623 261
45 46 89
46 838 897
47 170 301
48 173 506
49 220 811
32 41
21 42
13 35
26 38
16 35
1 23
31 32
11 20
13 16
15 37
31 41
5 7
11 46
0 25
17 47
2 9
29 48
5 39
32 36
36 41
13 18
34 43
5 21
10 30
34 40
12 23
22 24
20 46
4 40
9 45
0 27
1 44
21 39
39 42
18 47
5 42
2 47
18 35
2 17
18 48
8 44
9 17
40 43
25 28
31 36
4 24
14 49
28 43
8 26
8 23
1 8
10 41
7 39
19 24
7 21
16 18
19 27
2 35
12 26
25 27
8 38
16 33
4 22
23 44
13 47
1 12
10 32
0 24
34 44
3 27
12 15
4 43
35 47
36 44
9 47
15 26
36 40
2 13
0 19
3 7
13 48
7 42
13 33
33 48
10 31
2 45
23 26
25 43
0 28
8 12
15 38
2 18
33 35
6 49
17 18
12 38
27 46
4 34
32 40
2 16
10 36
28 34
3 46
15 17
19 22
3 5
0 43
29 33
18 29
12 37
31 40
35 48
16 48
40 44
34 36
16 47
18 33
40 41
3 25
3 39
14 42
17 38
1 36
1 26
24 43
13 17
23 38
17 37
17 35
24 27
24 25
9 35
17 45
26 37
4 31
30 41
8 34
47 48
6 14
24 40
0 3
14 21
0 4
38 47
17 26
11 27
19 25
19 20
20 27
42 49
21 49
32 44
9 13
4 32
13 29
4 36
30 32
41 44
37 38
12 44
43 44
1 38
9 37
26 44
19 46
9 18
9 15
15 23
28 40
22 40
3 11
15 47
32 34
4 41
26 47
7 25
0 22
37 45
29 49
9 16
11 19
16 17
30 36
16 29
23 36
4 25
1 34
4 19
30 31
25 34
38 44
45 47
27 28
29 35
36 43
34 41
4 28
8 15
0 40
0 34
8 36
31 34
24 34
1 41
3 21
31 44
1 32
7 28
37 47
24 28
3 20
22 43
15 45
25 40
2 15
18 38
7 27
17 48
23 37
6 33
0 46
29 47
3 19
2 37
8 43
2 48
27 43
8 40
3 28
22 31
3 42
1 15
23 34
1 40
6 29
4 44
22 27
32 43
33 47
35 45
0 7
5 49
19 43
5 25
1 10
5 14
22 25
14 39
31 43
4 27
10 44
12 17
25 46
28 44
2 38
41 43
18 26
2 33
9 38
23 41
8 28
13 45
0 20
7 49
23 32
22 34
8 37
5 27
1 30
48 49
22 32
1 31
10 40
0 11
24 31
9 26
19 28
38 48
39 49
1 37
2 26
5 28
16 45
26 34
23 40
34 38
7 46
1 43
22 41
39 46
19 40
8 32
8 17
18 45
6 48
10 23
15 18
24 32
7 14
8 41
33 49
27 39
12 36
13 38
17 29
5 46
22 36
23 30
3 24
0 5
30 44
9 48
20 24
24 36
12 47
25 39
24 46
8 47
11 25
2 29
15 44
20 25
17 33
22 28
24 41
35 38
26 48
27 40
3 43
4 10
12 34
23 31
29 38
27 34
23 43
28 36
14 29
10 34
11 24
17 23
18 37
19 34
13 26
21 25
4 8
9 33
26 36
13 15
8 31
9 12
15 35
7 43
1 4
6 42
28 38
38 45
21 28
26 45
11 39
26 35
0 39
6 21
38 43
20 22
28 39
7 11
25 44
26 43
30 40
21 29
8 18
24 44
16 38
1 28
36 38
26 28
25 42
35 37
37 44
21 27
5 11
26 29
13 37
12 41
8 10
26 40
12 32
23 47
2 12
7 19
0 44
28 32
29 42
12 30
1 17
38 40
0 36
6 16
28 42
22 46
28 46
7 29
9 29
10 12
12 40
12 45
25 36
8 25
0 31
8 48
11 22
27 42
23 28
28 31
21 46
18 49
7 20
15 48
0 21
15 16
6 13
28 41
3 4
28 29
22 44
4 23
16 26
10 43
0 32
6 18
12 18
20 39
5 29
8 30
3 22
30 34
42 46
14 48
7 24
5 20
5 43
1 47
10 22
12 43
3 34
19 31
2 8
8 9
14 33
45 48
25 32
16 37
7 34
25 31
6 35
0 41
8 29
17 44
4 30
5 19
0 42
26 32
13 49
28 48
0 8
26 41
43 46
12 31
16 49
33 38
9 23
25 41
4 46
21 48
3 40
33 45
44 47
11 28
37 48
19 32
5 6
4 20
3 49
15 34
32 38
20 28
8 13
8 24
19 36
7 48
19 39
38 41
18 23
28 49
10 24
42 48
3 14
2 23
35 49
11 21
12 28
15 36
15 29
19 41
6 7
29 39
4 11
12 13
6 39
4 7
8 35
20 43
5 24
11 42
1 25
12 48
5 48
1 24
7 40
11 43
26 33
12 35
26 31
25 38
10 26
4 26
39 43
30 43
18 28
1 18
4 38
1 9
5 34
21 43
18 44
23 45
27 31
8 45
27 44
0 1
27 36
26 30
19 44
25 26
25 29
25 49
29 45
31 38
4 12
8 22
1 22
1 2
23 48
27 32
29 34
20 21
23 25
29 43
34 37
44 48
47 49
28 47
34 47
36 37
34 48
17 34
8 16
29 37
10 38
15 33
24 39
22 30
40 46
42 43
20 42
7 22
6 47
19 21
43 48
12 29
23 24
18 34
15 40
21 33
34 46
15 43
27 41
12 16
29 44
1 48
13 23
0 38
30 38
10 28
14 18
4 5
0 23
20 40
17 28
7 8
33 42
25 48
15 41
8 27
15 32
15 28
9 44
14 28
1 45
39 48
15 30
5 40
23 35
23 29
0 26
2 44
19 42
3 29
33 37
21 34
11 40
22 23
24 30
7 44
10 15
43 47
18 43
7 18
18 21
34 39
13 14
1 29
14 25
20 34
0 10
21 24
14 16
7 38
1 13
8 33
30 37
17 43
2 6
8 19
0 49
11 34
38 49
0 29
13 28
3 44
7 33
13 44
27 49
18 42
5 22
37 41
10 25
1 35
12 25
17 49
24 38
37 40
5 33
32 37
34 42
24 26
5 18
10 37
2 49
3 8
37 43
17 36
14 35
16 23
24 42
4 39
43 49
7 26
15 31
5 8
35 44
10 19
6 17
28 33
28 37
18 25
17 40
28 35
3 48
40 47
1 27
29 40
14 27
28 30
39 40
0 48
36 47
3 36
1 19
44 45
40 48
26 49
13 21
0 12
13 34
5 38
4 21
21 40
5 44
12 33
12 24
22 39
27 29
2 34
0 14
1 16
8 49
16 28
34 49
7 13
6 28
18 40
7 47
2 28
3 31
13 42
14 46
7 36
21 38
27 38
8 21
3 32
25 47
4 15
46 49
9 34
16 44
33 39
16 21
31 37
3 6
22 26
22 38
34 35
14 47
4 42
23 27
13 43
6 9
40 42
26 27
5 26
21 35
21 47
3 38
5 13
6 38
1 7
16 42
0 30
19 23
3 41
12 22
18 39
18 36
38 42
9 49
7 16
7 35
8 42
20 31
9 28
17 25
35 42
23 33
5 47
15 25
10 27
25 30
17 32
21 26
36 48
27 48
21 22
31 46
17 41
7 23
21 44
42 47
0 18
4 29
7 32
8 39
3 26
2 43
16 34
35 43
14 43
5 16
29 36
7 17
33 44
1 3
7 31
36 46
6 25
5 35
19 38
4 48
33 34
32 46
20 32
32 47
44 46
13 25
4 37
1 33
11 31
11 14
7 41
6 26
41 47
19 26
38 39
39 44
19 30
9 43
20 36
26 42
22 42
5 36
0 47
33 43
25 33
3 18
24 29
9 36
11 49
44 49
42 44
14 38
4 47
16 43
4 17
2 36
20 41
41 46
0 15
3 23
17 21
40 49
4 18
1 5
10 17
11 32
13 39
11 36
7 12
14 17
13 40
17 30
19 49
17 31
2 40
2 14
34 45
5 17
0 17
25 35
20 44
12 27
14 34
15 49
24 49
24 48
26 39
9 40
25 37
8 46
5 23
11 44
17 42
11 41
18 32
6 8
39 47
3 33
5 32
31 47
16 25
14 20
2 7
13 36
19 29
20 49
18 41
15 24
16 39
