50 1071 849.320316488426 dense
0 590 324
1 688 136
2 520 347
3 742 235
4 686 551
5 291 720
6 488 919
7 171 590
8 883 866
9 867 198
10 984 64
11 128 118
12 598 398
13 398 45
14 870 1
15 160 195
16 951 515
17 900 128
18 61 294
19 991 641
20 155 197
21 191 960
22 414 724
23 767 312
24 67 665
25 462 490
26 381 849
27 483 844
28 418 599
29 715 975
30 614 573
31 634 74
32 476 834
33 446 746
34 981 514
35 228 175
36 447 976
37 268 244
38 899 306
39 211 594
40 936 757
41 965 211
42 493 799
43 524 866
44 892 309
45 911 644
46 41 396
47 628 885
48 66 143
49 279 915
15 20
38 44
27 32
16 34
22 33
32 42
7 39
27 42
27 43
32 43
6 43
11 48
6 36
33 42
15 35
0 2
42 43
0 12
6 27
4 30
20 35
9 17
35 37
19 45
3 23
1 31
11 15
11 20
6 32
32 33
2 12
26 32
21 49
9 41
26 27
18 46
20 48
27 33
17 41
10 17
43 47
15 48
22 42
9 38
1 3
9 44
11 35
38 41
40 45
25 28
15 37
6 42
8 40
26 49
26 33
41 44
20 37
26 42
5 22
23 44
22 28
29 47
22 32
19 34
6 26
7 24
19 40
22 26
10 14
3 9
14 17
23 38
16 19
36 43
16 45
18 20
27 36
22 27
15 18
33 43
26 36
26 43
6 47
32 36
34 45
10 41
5 39
28 33
27 47
18 48
9 23
2 25
5 33
5 26
42 47
32 47
24 39
12 25
35 48
3 44
3 38
25 30
5 28
12 30
0 3
4 12
5 7
0 23
9 10
17 38
6 33
36 49
22 43
17 44
36 42
11 18
11 37
1 9
12 23
3 17
1 23
3 31
5 49
9 14
28 30
8 29
36 47
18 35
28 39
6 22
6 49
0 25
0 1
1 17
18 37
32 49
28 42
13 35
16 44
16 38
27 49
5 42
5 32
3 12
29 43
21 26
23 41
34 44
34 38
8 45
3 41
37 48
1 14
17 23
5 27
33 47
20 46
33 36
14 41
5 24
4 25
7 46
15 46
6 29
22 49
33 49
13 37
13 31
22 25
22 39
30 33
28 32
16 40
42 49
4 45
2 30
0 4
14 31
34 40
7 28
2 3
2 23
8 19
26 47
43 49
0 30
22 30
4 23
26 28
27 28
0 31
22 36
46 48
8 47
30 42
10 38
25 33
21 36
5 21
39 46
10 44
2 4
9 31
27 29
3 14
4 16
1 44
22 47
29 36
1 2
12 28
24 46
1 38
17 31
25 39
2 28
2 37
4 28
23 31
37 46
16 23
5 43
1 12
29 32
7 22
11 13
33 39
5 6
13 15
29 42
5 25
13 20
1 41
28 43
35 46
11 46
23 34
30 32
2 31
3 10
4 34
5 36
6 21
27 30
0 44
23 30
34 41
1 13
0 9
16 41
1 10
30 45
14 38
26 39
30 43
12 44
7 25
14 44
4 33
0 38
29 40
25 42
21 32
30 47
25 37
21 27
4 42
12 38
7 18
7 33
4 44
4 19
21 24
3 4
4 22
4 40
0 28
4 38
21 22
2 13
12 31
6 28
14 23
24 49
9 16
39 49
10 23
0 37
21 33
7 26
40 47
9 12
18 39
44 45
9 34
38 45
0 13
2 35
4 47
16 30
21 42
7 49
25 32
28 49
21 43
13 48
19 44
19 38
39 42
31 44
3 16
10 31
47 49
22 24
31 38
4 32
23 25
29 33
4 43
37 39
25 27
28 47
5 30
4 27
26 29
24 28
8 16
32 39
31 41
8 43
7 37
26 30
3 30
23 45
24 26
12 37
8 34
21 39
0 17
3 34
25 26
6 30
27 39
7 21
30 40
18 24
4 8
30 34
45 47
12 16
2 44
12 22
5 47
2 9
28 36
3 25
12 33
25 43
2 38
19 30
30 44
7 42
29 45
28 37
24 33
16 17
30 38
7 32
2 15
0 35
2 22
0 41
22 29
25 35
3 13
7 20
17 34
2 20
7 15
2 39
8 42
4 9
8 30
19 23
12 45
6 8
12 34
8 27
20 39
15 39
7 27
30 39
31 37
12 17
12 13
2 33
8 32
0 16
5 46
12 41
29 30
12 42
39 43
1 4
4 6
31 35
7 35
13 18
35 39
1 25
15 25
20 25
4 29
2 7
40 43
4 26
21 28
6 39
0 14
28 46
25 47
4 5
6 25
19 41
25 46
12 35
24 25
19 29
1 37
12 39
0 34
30 36
41 45
0 22
19 47
2 5
2 17
4 41
29 49
24 32
3 45
1 30
7 30
21 47
5 12
40 42
42 45
0 33
43 45
18 25
24 42
7 43
9 45
0 15
36 39
13 25
8 36
10 34
25 31
40 44
23 28
10 16
9 30
38 40
12 32
2 42
24 27
0 20
8 33
0 45
2 11
13 23
6 7
7 48
9 19
12 27
27 40
1 16
1 35
2 18
12 19
2 16
25 49
28 35
2 41
0 39
32 40
24 37
25 44
7 12
18 28
0 10
27 45
39 48
12 43
7 11
13 14
4 17
3 37
25 38
7 36
25 45
32 45
23 40
33 45
20 24
3 19
6 40
5 37
4 39
30 37
1 34
30 49
15 24
28 29
15 28
4 31
20 28
12 14
2 46
12 15
11 39
5 18
0 42
25 36
12 20
3 28
4 36
12 47
2 32
15 31
16 25
8 22
33 40
2 34
2 45
24 36
16 47
6 24
2 14
12 40
9 13
20 31
5 29
28 45
0 5
0 7
22 46
2 48
2 27
24 43
9 25
30 31
11 25
12 26
13 46
22 37
8 26
22 45
23 37
30 41
6 45
0 11
11 31
39 47
13 17
10 12
0 19
34 47
24 35
17 45
4 7
16 29
3 35
19 43
4 37
2 43
25 34
14 16
2 26
17 19
24 48
19 42
0 32
22 40
21 29
14 34
25 48
17 30
0 18
0 27
1 15
29 34
6 12
33 37
33 46
36 40
1 28
8 28
1 20
16 42
16 28
23 33
5 20
5 15
28 40
21 25
22 23
16 31
2 10
7 47
25 40
0 43
4 49
40 41
12 18
25 29
19 27
11 12
8 12
5 35
2 47
19 32
19 25
11 24
16 43
2 24
0 46
0 40
13 28
0 48
30 35
24 30
1 45
19 33
2 19
16 33
28 44
23 35
18 22
3 40
12 46
8 44
23 42
13 44
8 38
1 11
31 34
11 28
0 47
26 40
28 38
9 40
8 25
13 38
0 26
34 42
8 23
26 46
28 31
17 25
26 45
28 34
13 30
36 45
4 10
46 49
16 27
31 48
16 32
2 6
21 30
19 28
6 19
25 41
28 48
16 22
34 43
10 19
22 35
4 14
13 39
4 13
19 22
33 34
3 15
21 46
2 40
10 45
10 13
15 22
20 22
3 20
12 29
3 22
1 19
23 47
12 48
7 13
3 33
15 30
13 41
4 35
20 30
18 33
12 24
12 36
27 34
23 32
32 34
37 42
30 46
9 37
9 28
24 47
23 27
0 6
22 34
23 43
42 46
8 49
12 49
5 8
33 35
18 31
6 16
26 37
0 8
3 42
2 49
32 46
15 23
5 48
18 30
15 33
20 33
1 48
20 23
23 39
5 11
0 24
33 44
5 45
3 11
32 37
14 30
5 23
37 44
10 30
27 46
4 24
17 40
33 38
29 39
42 44
22 44
2 36
2 8
44 47
31 45
37 38
4 15
14 25
27 37
6 34
4 20
38 42
19 36
38 47
9 35
22 38
18 26
3 39
4 21
17 37
14 45
19 26
5 40
3 8
1 18
1 22
14 37
14 19
3 32
1 33
2 29
7 23
18 49
3 47
8 41
16 26
1 39
23 26
3 27
3 5
0 29
4 46
18 42
23 29
14 35
11 30
7 29
0 36
43 44
3 43
11 23
0 49
6 23
8 9
1 40
32 44
19 31
11 22
31 39
28 41
37 49
3 7
37 43
27 44
17 35
10 25
17 28
43 46
38 43
31 46
40 49
4 18
32 38
22 48
35 44
35 42
18 21
13 22
27 38
18 32
3 48
16 36
5 13
3 18
35 38
22 31
26 34
45 49
6 46
1 7
29 44
15 42
20 26
15 26
20 42
9 33
1 42
5 16
26 35
18 27
7 31
29 38
12 21
9 22
10 40
2 21
30 48
1 46
37 41
31 33
8 21
39 45
13 33
13 24
11 33
32 35
5 19
34 36
1 5
18 23
4 11
9 15
9 42
36 46
6 37
9 20
3 26
33 48
15 32
20 32
27 35
24 29
3 46
5 34
21 37
23 48
15 27
8 39
20 27
13 16
9 47
5 44
20 49
1 32
3 6
15 49
23 46
5 31
6 44
16 37
37 47
5 38
18 43
14 15
1 27
23 36
35 41
6 38
8 17
39 44
10 37
31 42
3 29
15 44
14 20
35 49
7 45
4 48
15 17
39 40
9 11
26 44
16 39
33 41
20 44
38 39
9 32
31 40
15 38
17 20
1 43
13 34
14 28
26 38
0 21
9 43
11 14
1 47
9 27
35 43
20 38
22 41
41 47
36 37
41 42
1 8
6 18
37 45
14 40
13 42
34 37
19 49
15 43
7 8
20 21
46 47
20 43
10 35
15 21
9 39
17 33
17 22
11 17
21 40
11 42
26 48
11 26
7 44
34 39
23 49
31 32
1 26
5 9
10 28
19 39
7 38
16 49
42 48
7 40
7 16
18 36
23 24
27 31
17 42
21 35
21 45
11 44
6 35
13 45
41 43
9 29
32 41
13 32
11 38
6 15
6 20
27 41
11 32
3 36
7 9
16 35
31 43
3 24
48 49
36 44
9 48
32 48
13 27
29 41
13 26
17 47
15 41
1 6
11 27
36 38
8 10
34 49
20 41
31 47
11 49
9 18
9 26
7 34
6 9
35 47
26 31
27 48
1 24
14 48
24 31
18 47
7 19
3 49
17 32
19 37
34 35
21 48
17 43
35 45
17 27
8 31
35 36
13 43
18 44
17 39
20 36
15 36
15 47
17 48
10 15
20 47
18 38
1 29
10 20
8 24
13 19
11 41
37 40
44 48
24 45
11 21
5 41
39 41
11 43
38 48
5 17
