50 710 584.167784116858 dense
0 36 570
1 482 98
2 558 611
3 428 273
4 930 357
5 302 841
6 258 210
7 22 828
8 709 47
9 967 289
10 535 154
11 754 61
12 872 943
13 259 215
14 150 775
15 65 399
16 265 344
17 371 977
18 846 85
19 978 591
20 408 497
21 53 439
22 892 690
23 822 413
24 5 378
25 765 622
26 745 205
27 381 789
28 138 664
29 943 945
30 540 444
31 472 552
32 63 439
33 893 734
34 783 290
35 268 467
36 502 398
37 717 717
38 51 983
39 901 962
40 420 720
41 235 664
42 518 235
43 759 26
44 218 733
45 663 977
46 76 329
47 633 624
48 104 942
49 754 794
6 13
21 32
12 39
11 43
15 32
15 21
22 33
29 39
8 11
8 43
30 36
15 24
38 48
15 46
12 29
41 44
2 47
1 10
4 9
21 24
27 40
14 44
10 42
24 32
20 31
37 49
24 46
26 34
5 27
11 18
28 41
3 42
2 31
18 43
28 44
25 37
32 46
14 28
21 46
4 23
16 35
37 47
30 31
23 34
13 16
19 22
25 47
0 21
0 32
6 16
20 36
5 44
7 14
0 28
14 41
7 48
1 42
8 18
20 30
20 35
22 25
11 26
3 36
33 49
5 17
18 26
31 36
7 38
3 10
4 34
8 26
36 42
5 14
19 33
2 30
5 40
25 33
27 44
25 49
22 49
14 48
0 15
2 40
31 40
31 47
33 37
22 37
3 16
3 13
26 43
3 6
1 3
9 34
17 27
2 20
5 41
16 46
12 49
9 23
2 37
27 41
40 41
0 24
35 41
7 28
40 44
30 47
8 10
45 49
3 30
32 35
2 25
15 16
47 49
16 20
12 33
30 42
12 45
15 35
18 34
19 25
13 46
10 26
23 25
21 35
29 33
6 46
7 44
0 41
2 36
31 35
23 26
5 48
16 32
39 49
20 40
3 20
33 39
26 42
14 38
11 34
14 27
16 21
1 8
40 47
0 14
28 35
35 46
19 23
28 32
9 18
9 26
10 11
44 48
39 45
4 19
4 26
20 41
21 28
5 28
29 49
16 36
35 36
0 46
0 44
10 36
1 6
2 27
3 35
1 13
13 35
12 22
0 35
27 31
8 34
6 35
10 43
20 47
0 7
13 42
22 29
6 42
36 47
17 40
31 41
16 24
34 43
37 45
22 47
13 15
8 42
2 49
7 41
17 48
6 15
34 42
35 44
22 39
30 35
27 28
12 37
1 11
15 28
16 42
14 40
24 35
28 48
5 7
29 45
33 47
3 31
6 10
10 13
10 34
32 41
23 47
23 30
1 26
20 42
4 18
22 23
1 43
25 30
28 40
30 34
17 44
5 38
21 41
19 37
10 30
17 45
16 30
11 42
20 27
16 31
35 40
31 37
37 40
13 32
14 17
38 44
1 36
6 32
30 40
34 36
27 47
25 31
13 24
9 19
19 49
20 44
6 24
13 36
13 21
37 39
41 48
6 21
6 36
26 36
31 44
9 11
4 25
15 41
26 30
24 28
27 48
20 28
10 18
13 20
42 43
17 38
31 42
23 36
29 37
16 41
23 37
0 16
2 35
6 20
3 26
30 37
2 41
1 16
23 33
18 23
14 35
2 23
10 16
28 38
36 40
32 44
25 34
33 45
4 22
5 31
9 43
21 44
12 25
27 45
28 46
35 42
27 35
17 41
40 49
2 22
27 37
2 5
16 28
4 11
25 36
19 47
14 32
14 21
20 32
1 30
28 31
23 42
40 45
8 9
45 47
3 34
19 29
3 46
15 20
2 33
1 34
11 23
19 34
25 40
20 21
5 20
3 8
18 42
7 27
2 44
2 3
13 30
1 18
10 20
34 47
25 39
6 30
24 41
22 45
15 44
12 19
38 41
25 29
25 45
41 46
31 49
20 46
4 43
27 49
5 35
30 41
23 31
36 41
2 42
0 48
20 25
4 33
19 39
0 20
14 20
20 37
7 17
0 5
27 30
4 8
2 45
27 38
8 23
3 15
36 37
14 15
5 45
40 48
10 23
23 49
3 11
9 25
17 28
7 21
7 32
14 31
16 44
2 34
23 43
5 47
2 16
35 47
12 47
13 31
4 47
4 30
41 47
3 32
10 31
6 31
42 47
1 20
3 47
31 34
16 40
8 36
9 22
0 27
27 36
3 21
30 49
2 17
10 35
0 40
7 40
3 43
0 38
24 44
22 34
25 26
3 23
4 37
25 27
0 13
20 24
2 19
11 36
20 23
14 24
0 6
2 28
31 32
17 49
1 35
44 46
20 34
44 47
22 30
4 42
4 36
7 15
39 47
8 30
36 46
34 37
30 44
17 37
5 37
26 47
21 31
15 31
3 24
3 41
0 31
17 31
7 35
15 36
11 30
36 44
17 47
2 14
32 36
26 31
22 31
4 10
20 26
14 16
29 47
2 26
3 40
13 41
7 24
2 4
28 36
21 36
19 26
9 33
42 46
14 46
36 43
9 42
9 10
38 40
1 31
9 30
32 40
5 49
31 46
6 41
20 49
30 33
2 12
33 34
2 10
28 30
3 18
31 33
25 42
16 27
19 30
21 40
16 47
5 30
1 23
13 28
18 36
31 45
1 46
5 32
36 49
6 28
4 49
18 30
30 43
5 21
27 32
22 40
9 47
33 40
30 32
15 30
9 36
30 46
15 40
6 8
21 27
10 47
8 13
17 20
15 42
37 41
3 25
5 36
13 26
3 28
6 26
21 30
22 36
2 39
10 46
0 3
40 42
9 37
2 13
28 47
0 36
24 36
4 31
19 45
24 31
5 16
32 42
37 44
16 26
2 6
5 15
7 46
15 27
12 17
35 48
12 40
32 48
34 49
21 48
3 44
23 40
14 47
22 26
19 31
44 45
21 42
7 20
3 4
2 29
14 30
5 25
26 37
19 36
35 37
41 42
1 15
12 27
27 33
33 36
14 36
1 4
6 11
3 27
11 13
1 2
0 30
13 44
17 35
22 27
2 9
25 35
40 46
16 34
20 22
1 9
10 25
37 42
18 19
0 2
2 32
6 44
0 17
7 31
13 34
3 37
10 15
13 40
17 39
41 45
17 25
6 34
25 41
12 23
24 42
2 21
6 43
8 16
13 43
41 49
6 40
31 48
2 15
24 40
39 40
20 48
24 30
3 9
44 49
20 33
1 32
4 20
8 20
7 16
18 25
20 45
21 38
32 38
26 35
15 48
34 35
23 29
30 45
1 47
1 21
27 39
9 49
26 33
5 24
14 45
10 32
27 46
1 24
13 47
23 39
11 20
23 35
24 27
8 31
25 44
2 46
6 47
17 30
12 31
5 46
35 38
10 21
45 48
9 31
11 25
16 23
2 48
34 40
11 16
11 31
29 40
14 37
13 14
27 42
16 25
24 48
19 40
17 29
28 42
3 14
6 14
11 19
10 24
17 33
11 47
10 40
19 20
8 25
2 7
5 12
23 27
18 47
42 44
28 37
19 42
3 5
8 47
27 29
2 8
2 11
15 38
