50 955 633.2211304118017 dense
0 107 621
1 732 279
2 719 725
3 540 319
4 530 418
5 533 988
6 418 624
7 405 100
8 799 701
9 493 800
10 95 714
11 289 191
12 415 34
13 655 574
14 988 906
15 786 349
16 579 337
17 63 798
18 585 545
19 336 235
20 687 490
21 702 671
22 169 319
23 540 420
24 319 761
25 638 593
26 237 462
27 544 704
28 713 84
29 226 715
30 150 907
31 291 682
32 339 8
33 321 904
34 842 284
35 32 223
36 659 710
37 861 794
38 345 341
39 351 656
40 608 154
41 569 818
42 521 478
43 849 791
44 694 149
45 215 541
46 100 264
47 171 119
48 234 560
49 307 610
4 23
37 43
13 25
45 48
3 16
2 21
21 36
4 42
23 42
2 36
39 49
11 19
31 39
7 12
28 44
18 25
29 31
31 49
6 39
13 18
9 41
35 46
12 32
26 45
2 8
24 31
15 34
40 44
22 46
1 15
48 49
10 17
13 20
16 23
18 42
0 10
4 16
26 48
3 4
21 25
3 23
8 21
8 43
24 29
19 38
13 21
9 27
24 39
1 34
8 37
6 49
7 32
20 25
45 49
27 36
18 20
27 41
25 36
28 40
10 29
29 49
18 23
0 45
31 48
1 44
13 36
29 39
11 47
4 18
17 30
6 31
8 36
36 41
0 48
24 33
25 27
2 43
7 11
6 27
39 48
24 49
7 19
0 29
16 42
2 25
29 48
2 37
22 26
11 38
3 42
31 45
21 27
46 47
26 38
20 23
1 16
26 49
2 13
25 42
18 27
13 42
20 42
22 35
6 24
14 37
13 27
30 33
18 21
15 20
4 20
35 47
5 41
29 45
11 22
1 40
2 27
2 41
22 38
39 45
9 24
3 40
6 42
14 43
18 36
20 21
0 17
17 29
6 18
16 40
19 22
16 20
9 36
11 32
21 43
6 9
8 13
13 23
5 9
0 31
8 25
6 48
1 28
1 3
3 38
21 41
10 31
23 25
27 39
4 13
22 47
0 49
34 44
4 38
10 30
9 33
21 37
11 12
32 47
19 47
9 39
11 46
0 26
4 25
29 30
36 43
15 16
10 48
16 18
7 40
23 38
10 45
29 33
6 29
1 20
12 19
24 48
36 37
6 45
15 44
16 44
3 19
20 36
6 25
38 42
24 30
31 33
2 18
26 39
3 20
26 31
22 45
19 32
27 42
12 40
5 33
10 24
3 44
3 18
24 27
9 31
16 38
4 6
7 47
25 41
10 49
2 20
6 23
19 46
28 34
2 9
1 23
38 45
8 20
26 46
6 13
6 26
24 45
1 4
38 48
9 21
6 41
39 42
0 39
19 26
3 15
7 38
13 16
22 48
33 39
42 49
9 25
26 29
27 31
0 24
27 49
8 27
17 31
6 36
15 23
24 41
38 46
3 7
20 27
20 34
8 41
12 47
17 24
13 41
11 35
18 39
13 15
10 39
33 41
16 25
16 19
15 40
21 42
8 18
4 15
30 31
9 49
4 19
34 40
16 34
36 42
9 18
39 41
38 49
18 41
23 40
15 28
4 40
19 23
11 26
9 13
8 14
17 33
3 13
9 29
15 18
41 43
3 11
38 47
19 40
23 27
5 27
26 42
15 25
18 49
16 28
4 27
6 21
0 30
10 26
25 43
1 42
3 25
13 43
3 28
6 38
37 41
17 48
7 44
25 39
7 16
4 49
33 49
15 42
10 33
4 26
6 33
4 39
42 48
17 45
21 23
27 33
45 46
25 37
6 20
23 49
13 37
12 44
12 28
23 39
1 18
3 34
19 35
1 13
5 36
19 42
23 26
4 21
32 40
31 42
17 49
0 22
7 28
31 41
24 26
0 6
3 12
23 44
5 24
42 45
36 39
23 36
13 39
26 35
12 38
18 38
4 44
38 39
2 42
27 43
2 6
27 29
4 36
17 39
11 40
30 39
8 9
7 22
22 49
2 5
38 40
9 42
2 14
18 31
11 16
46 48
1 25
4 48
3 6
19 45
6 16
27 37
4 11
23 34
25 49
15 21
32 38
35 38
41 49
3 26
6 10
40 42
30 49
23 48
4 45
4 34
11 23
19 48
20 44
4 7
27 48
20 43
18 24
41 42
24 36
12 16
13 34
20 40
31 38
7 46
23 45
7 23
24 42
20 41
26 47
13 49
32 46
20 37
21 39
18 48
8 15
9 48
2 23
22 32
0 33
33 48
16 21
4 31
9 43
8 42
30 48
0 46
11 45
18 26
29 41
25 31
5 21
9 30
2 4
24 25
18 43
23 31
16 26
9 20
36 49
18 34
35 45
27 45
0 38
9 37
19 44
16 27
11 42
31 36
18 45
14 21
25 34
3 32
3 22
42 44
18 37
30 45
5 43
1 7
3 49
20 38
11 48
4 22
2 39
20 39
32 35
34 42
19 49
12 22
23 28
33 45
17 26
29 42
5 39
13 31
9 45
4 28
5 37
16 36
28 32
5 6
2 15
32 44
8 23
15 36
9 23
22 31
14 36
22 39
4 9
22 23
13 24
3 27
16 49
22 42
3 39
25 38
3 21
13 38
6 8
3 48
33 36
6 30
12 46
5 31
4 8
26 27
5 8
5 30
18 40
1 38
16 39
29 38
7 35
35 48
1 21
21 24
3 45
6 22
6 17
7 42
18 29
6 19
18 19
38 44
1 19
20 49
23 41
7 26
21 49
22 29
1 12
4 12
2 24
10 22
4 41
4 24
46 49
0 35
25 48
12 23
19 28
23 24
20 28
11 44
9 10
16 32
3 36
5 25
16 22
18 44
16 48
5 29
21 31
21 34
2 16
27 38
16 45
8 34
11 49
3 47
24 38
13 48
19 39
25 26
13 40
41 48
9 26
45 47
4 29
8 16
0 9
25 45
13 44
12 35
1 8
2 49
14 41
30 41
15 27
25 29
9 17
2 31
23 29
5 13
13 26
29 36
19 20
2 33
1 36
11 28
0 42
28 42
40 47
25 40
20 31
3 31
5 49
15 38
13 45
27 30
3 46
2 3
25 33
0 27
47 48
18 33
5 18
1 2
15 43
21 33
25 44
0 19
28 38
10 38
10 27
19 31
16 31
41 45
26 33
10 46
8 39
36 48
20 26
15 37
13 29
1 11
6 11
4 32
42 43
26 30
7 15
12 42
4 46
20 24
2 34
20 48
23 32
6 15
31 46
11 18
3 8
6 43
5 14
16 47
12 26
34 36
37 42
15 19
1 27
26 32
39 46
13 19
1 6
22 24
23 46
0 11
4 47
29 46
19 25
22 40
11 39
0 4
13 33
14 25
13 14
33 42
9 16
42 46
18 22
7 34
6 37
20 45
35 49
36 45
23 47
0 23
1 32
21 29
18 28
7 18
7 45
6 46
21 48
16 41
7 20
26 40
9 38
23 43
3 9
8 24
0 18
36 38
16 46
10 41
21 38
12 15
26 41
10 42
14 27
26 36
17 27
17 22
7 48
4 43
11 31
19 29
23 37
2 29
13 28
3 24
12 34
10 35
16 24
11 20
3 41
34 38
8 49
4 37
42 47
0 41
32 42
21 45
3 29
0 47
9 14
17 41
5 17
6 40
34 43
8 31
19 34
47 49
21 26
5 42
34 37
2 48
20 29
19 27
14 20
25 28
27 34
39 43
5 10
15 41
3 35
16 29
10 18
8 33
7 49
40 46
5 20
11 15
21 44
5 48
44 47
6 7
1 43
21 40
4 10
19 24
38 41
31 35
1 26
11 29
0 3
16 43
37 39
29 35
4 33
11 13
24 43
1 37
12 20
23 33
0 25
11 25
15 39
10 23
4 35
17 46
7 13
1 39
2 38
10 19
2 45
16 37
17 38
22 27
9 15
35 39
12 18
1 49
33 43
14 18
24 37
24 46
28 47
22 25
6 34
23 35
12 45
7 25
15 49
20 22
30 36
40 49
32 45
5 45
13 22
2 26
6 44
0 13
0 16
33 37
35 42
40 45
22 44
40 48
20 33
27 40
26 44
12 48
10 25
6 35
10 11
36 40
7 39
17 42
16 35
0 36
15 26
18 46
11 34
8 44
32 48
36 44
6 47
15 32
0 5
1 41
33 38
39 40
10 36
3 43
1 22
18 30
39 47
30 42
5 23
31 43
19 21
4 5
11 24
43 49
1 48
11 27
8 29
1 9
3 37
32 34
19 36
27 44
31 47
17 35
2 44
10 13
8 40
8 38
1 45
9 22
17 18
35 40
25 30
31 37
2 40
8 48
1 47
37 49
12 49
9 19
21 28
22 30
6 12
18 32
12 13
15 48
14 15
22 28
7 31
18 47
20 32
0 20
3 10
15 31
0 21
2 30
1 31
29 47
30 38
34 41
10 47
0 7
21 30
12 25
44 49
4 17
15 45
17 36
32 49
5 26
22 33
13 30
44 46
8 45
26 28
10 21
17 23
24 35
17 25
8 26
39 44
10 16
6 28
31 40
34 39
44 48
15 22
44 45
4 30
7 27
0 2
6 32
2 19
15 24
16 33
9 34
8 28
23 30
2 10
3 33
27 46
12 39
17 19
34 49
22 36
29 43
19 41
28 36
20 46
25 46
26 34
1 46
13 17
10 20
11 21
