50 1169 948.8124156017352 dense
0 702 322
1 700 4
2 403 99
3 680 175
4 198 543
5 633 925
6 325 492
7 266 731
8 43 647
9 349 963
10 534 620
11 902 69
12 24 85
13 946 657
14 231 599
15 530 702
16 637 815
17 901 813
18 276 782
19 364 345
20 250 997
21 11 747
22 53 590
23 641 698
24 763 949
25 579 656
26 167 640
27 906 951
28 829 521
29 938 121
30 950 807
31 867 92
32 695 980
33 82 496
34 60 232
35 737 871
36 613 556
37 439 53
38 290 353
39 807 892
40 733 892
41 139 696
42 361 324
43 905 430
44 814 905
45 429 182
46 844 824
47 128 295
48 757 408
49 442 957
39 44
19 42
35 40
11 31
17 30
7 18
10 25
8 22
17 46
2 37
26 41
11 29
24 40
4 14
15 25
24 44
24 39
35 39
39 40
19 38
24 32
23 25
14 26
29 31
38 42
39 46
40 44
10 15
24 35
5 32
35 44
44 46
2 45
34 47
9 49
32 40
22 33
10 36
4 26
0 48
27 44
9 20
8 21
5 40
25 36
30 46
8 41
5 16
15 23
16 35
27 39
32 35
35 46
16 23
5 35
28 43
17 39
16 40
8 26
22 26
4 33
17 44
37 45
40 46
7 41
5 24
10 23
14 41
28 48
7 26
22 41
7 14
4 6
21 41
17 27
32 44
27 46
6 14
32 39
24 27
6 38
23 36
0 3
24 46
43 48
13 30
27 30
12 34
6 19
4 22
15 16
8 33
42 45
18 41
13 17
21 22
4 41
30 39
26 33
30 44
15 36
16 25
6 42
38 47
1 3
17 35
16 32
19 45
5 39
14 22
18 26
13 28
14 33
5 44
27 40
16 24
17 40
16 39
4 8
27 35
14 18
1 31
21 26
5 49
17 24
8 14
9 18
13 46
20 49
23 35
16 44
4 7
3 31
33 47
36 48
16 46
33 41
4 38
1 11
27 32
23 40
32 46
6 26
18 20
28 36
38 45
10 16
30 35
5 23
2 42
0 43
13 43
30 40
5 46
12 47
42 47
24 30
0 28
7 8
23 46
18 49
16 49
19 47
6 33
6 10
3 48
5 15
3 11
6 7
7 9
2 19
0 36
3 45
4 18
33 38
14 38
32 49
23 39
7 22
7 21
4 47
23 28
4 19
34 38
16 36
21 33
3 29
16 17
33 34
14 21
17 32
1 29
1 37
7 15
15 18
7 20
25 35
15 35
18 21
8 18
15 49
23 44
3 37
4 42
13 39
5 27
5 25
6 41
4 21
2 38
15 40
6 47
23 24
13 44
25 40
37 42
0 31
25 28
17 23
7 49
5 9
14 19
23 32
2 3
6 22
7 10
5 17
6 15
6 18
18 22
6 36
13 27
40 49
7 33
13 35
17 28
16 27
19 37
6 25
28 46
10 14
14 42
22 47
10 18
25 48
0 45
35 49
10 48
13 23
30 32
0 29
28 30
29 43
10 28
1 2
26 38
23 48
13 48
16 30
25 46
34 42
14 15
13 40
9 15
0 1
36 43
19 33
5 10
20 41
14 47
24 49
45 47
6 8
7 25
0 11
10 35
15 32
10 19
9 16
1 45
19 34
19 36
23 49
6 45
23 30
33 42
25 39
18 25
25 49
31 48
37 38
22 38
15 39
15 46
10 40
2 47
5 30
35 36
0 19
29 48
15 24
9 41
3 43
31 43
4 34
0 42
0 10
25 44
36 42
10 42
25 32
13 24
4 10
18 33
20 21
24 25
9 32
13 16
26 47
13 36
15 44
10 49
15 28
16 28
3 42
14 25
36 46
19 26
0 25
36 40
22 34
17 25
3 19
11 43
10 38
28 35
8 47
16 18
23 27
20 26
13 25
10 26
2 34
4 15
15 26
11 48
5 36
39 49
9 26
26 42
10 46
6 34
15 48
28 39
34 45
0 2
18 23
38 41
44 49
23 43
0 37
7 23
3 28
6 23
12 38
19 25
7 38
2 12
30 43
7 16
0 23
36 38
9 14
17 43
28 40
9 25
8 38
28 44
14 36
5 18
10 39
17 36
3 36
15 17
36 39
7 36
5 20
9 10
9 40
15 41
15 19
37 47
9 23
10 32
19 22
25 43
25 42
4 25
19 48
7 19
45 48
14 20
43 46
9 35
10 44
41 49
25 30
2 6
10 24
9 21
41 47
10 41
36 44
6 21
42 48
14 34
18 36
8 20
15 20
22 42
1 48
13 32
5 13
25 26
12 42
0 38
0 6
10 13
15 42
9 24
0 13
28 29
10 17
12 33
5 7
4 36
8 34
14 49
12 37
12 45
36 45
10 43
19 41
0 15
7 42
13 15
25 38
34 37
26 49
30 36
24 36
14 23
26 34
46 49
15 38
16 48
46 48
16 20
12 19
4 45
3 38
18 38
31 37
17 48
28 31
32 36
15 30
24 28
41 42
36 49
27 28
8 9
6 48
25 27
8 19
25 41
30 48
20 32
18 19
4 9
31 45
19 23
5 28
6 16
10 45
15 27
20 22
8 42
6 37
26 36
10 30
4 20
7 47
11 28
14 16
14 45
15 43
11 37
18 32
35 48
9 39
27 49
2 31
18 42
1 42
21 47
23 42
33 45
3 10
9 44
10 33
16 43
4 23
18 35
2 48
18 40
38 48
34 41
6 9
35 43
10 20
39 43
1 43
20 25
3 6
9 22
37 48
23 26
28 32
1 19
21 49
6 49
4 49
17 49
10 22
21 38
43 44
40 48
9 36
11 45
39 48
2 4
4 12
15 22
8 15
7 35
3 25
8 10
27 36
23 38
20 23
40 43
15 33
7 40
36 41
20 40
7 32
25 45
19 28
0 16
10 27
2 11
44 48
16 26
23 41
2 36
20 35
29 37
6 28
8 49
12 22
6 12
28 42
18 47
6 20
2 33
16 41
29 45
9 46
18 24
20 24
4 16
21 34
5 14
10 47
15 21
27 43
0 46
25 33
28 45
3 23
26 45
20 33
2 14
31 36
30 49
15 45
0 17
22 25
5 6
5 48
36 37
1 28
33 36
22 49
19 21
2 29
13 29
8 25
43 45
2 10
9 33
24 43
10 21
1 38
7 34
24 48
18 39
7 24
29 36
16 19
5 41
0 30
4 37
5 26
0 14
19 43
3 15
21 42
0 35
0 4
3 13
36 47
18 44
12 14
42 43
22 45
31 42
9 27
23 45
1 36
14 48
6 35
22 36
8 12
19 31
27 48
16 42
7 39
28 38
5 43
3 47
11 36
20 39
33 37
18 46
13 31
0 40
20 36
6 40
20 44
9 17
15 47
7 45
12 26
14 35
0 47
10 37
7 44
4 48
21 25
32 48
8 36
25 47
16 38
4 5
0 39
14 40
28 49
6 43
2 25
14 37
33 49
7 46
13 49
7 48
32 43
11 13
41 45
2 26
18 34
0 44
23 33
0 7
22 23
11 42
37 43
2 28
8 23
14 32
7 28
2 43
2 22
14 28
8 45
11 19
3 4
0 5
28 37
18 48
18 28
29 42
6 32
10 34
9 38
26 35
1 6
6 46
19 29
2 15
19 49
8 16
3 14
9 19
20 46
25 37
18 45
26 40
38 43
9 30
12 41
0 26
3 34
38 49
35 41
10 31
32 41
40 41
17 18
16 22
6 39
0 18
26 32
16 21
0 24
4 35
4 28
21 36
21 23
48 49
6 24
25 31
31 38
26 48
14 24
1 10
42 49
4 40
47 48
9 42
5 19
6 44
16 33
7 17
34 36
3 16
1 47
10 29
6 13
0 33
25 29
2 23
19 35
20 38
14 39
2 7
23 31
26 37
5 21
0 34
23 29
5 8
18 27
23 47
9 28
2 41
14 46
15 37
2 8
20 27
0 32
14 44
6 17
5 42
19 40
13 19
0 27
22 37
4 32
19 20
12 21
3 12
10 11
1 25
35 42
15 34
16 45
5 38
3 46
5 22
11 25
25 34
9 13
24 26
26 28
13 42
24 41
6 31
18 30
11 38
3 17
23 37
0 41
17 20
7 27
19 46
3 33
40 42
1 34
33 48
1 12
11 23
13 18
41 48
20 42
7 13
35 38
29 30
0 49
3 30
26 39
7 30
29 38
9 48
7 12
3 26
17 29
3 7
2 18
14 43
42 46
4 24
39 41
1 23
15 31
38 40
1 13
5 33
3 35
26 44
7 37
6 30
43 49
26 46
4 39
13 45
0 22
21 45
14 17
9 47
19 39
4 46
7 43
41 44
29 46
37 41
15 29
28 41
17 19
20 47
8 37
4 44
6 11
4 43
19 32
41 46
6 29
13 14
0 12
19 44
1 15
34 48
3 40
30 31
18 43
17 31
39 42
21 32
13 38
19 24
20 30
22 48
38 46
16 47
3 39
17 42
3 18
8 35
0 9
8 32
8 40
31 46
47 49
11 15
0 8
32 42
21 40
21 35
28 47
1 4
42 44
10 12
22 35
11 30
6 27
12 18
3 44
24 42
11 17
22 40
23 34
19 30
32 38
38 39
18 37
28 33
14 30
20 28
3 41
22 32
3 5
3 22
8 48
4 17
2 16
17 26
12 36
35 45
33 35
16 29
4 13
11 46
2 21
1 14
16 31
24 38
38 44
14 27
30 42
33 40
45 46
17 38
31 47
26 43
9 43
5 45
17 41
40 45
13 20
45 49
29 35
20 48
3 24
2 13
21 24
22 28
13 26
8 24
32 33
29 39
9 45
9 34
16 37
17 45
20 34
13 37
43 47
31 35
1 33
11 16
3 8
29 44
22 24
8 28
12 25
4 30
29 40
12 15
26 30
12 48
30 38
26 27
31 39
8 39
39 45
3 32
11 47
4 31
5 47
13 41
3 27
27 41
21 39
41 43
31 40
0 21
22 39
0 20
19 27
8 44
14 31
1 16
30 45
31 44
21 37
4 27
3 49
24 33
21 44
30 41
11 35
31 34
44 45
21 48
34 49
16 34
8 46
28 34
22 44
22 46
33 43
33 39
11 39
29 47
33 46
1 26
27 29
27 42
1 46
1 17
20 45
21 46
24 45
35 47
33 44
11 40
11 44
1 30
2 35
32 45
12 31
24 29
1 7
2 46
21 28
4 11
40 47
4 29
14 29
3 9
11 14
2 5
11 34
27 38
2 49
2 40
27 31
5 29
24 31
5 31
2 9
20 43
22 43
1 35
34 43
12 23
2 17
35 37
37 46
1 22
8 17
17 22
7 31
11 12
17 33
13 33
3 21
11 27
31 33
29 34
1 18
1 40
8 43
26 31
37 40
32 47
17 37
2 39
46 47
1 41
11 24
17 21
29 32
5 37
1 39
13 47
2 30
13 22
5 11
5 34
8 13
37 49
39 47
31 32
2 44
27 45
7 29
1 44
18 31
30 37
2 20
24 47
9 37
12 29
8 27
12 28
37 39
21 27
44 47
7 11
1 8
8 30
30 33
22 30
2 24
1 5
11 33
22 27
3 20
2 32
26 29
17 47
11 26
37 44
34 35
11 32
29 33
18 29
9 12
13 21
12 20
21 30
27 33
34 40
31 41
12 43
1 24
21 43
11 18
