50 1121 822.2949592451604 dense
0 975 582
1 409 751
2 323 972
3 940 867
4 702 750
5 965 756
6 943 756
7 427 674
8 250 304
9 834 369
10 517 697
11 863 570
12 308 893
13 397 810
14 183 475
15 604 725
16 285 775
17 116 542
18 819 774
19 622 990
20 105 462
21 275 491
22 181 790
23 115 402
24 672 132
25 567 607
26 36 774
27 634 613
28 717 254
29 715 64
30 530 238
31 230 953
32 755 586
33 794 507
34 149 712
35 849 274
36 76 244
37 831 252
38 629 348
39 751 852
40 790 368
41 900 185
42 652 665
43 257 31
44 617 465
45 306 288
46 172 65
47 542 428
48 395 841
49 543 105
5 6
35 37
13 48
9 40
27 42
8 45
1 13
20 23
25 27
15 42
1 7
14 20
2 12
24 29
17 20
44 47
22 34
32 33
1 48
10 15
43 46
7 10
14 21
11 33
14 17
2 31
9 35
37 41
12 31
4 42
14 23
4 15
12 48
35 41
25 42
10 25
18 39
16 22
11 32
35 40
3 6
0 11
4 39
3 5
28 37
15 27
9 37
13 16
38 44
38 47
4 18
12 16
1 10
12 13
37 40
15 25
27 32
6 18
1 16
16 48
28 38
26 34
32 42
24 28
24 49
28 35
30 49
28 40
10 42
33 40
7 13
17 23
9 33
10 27
22 26
5 18
30 38
27 44
2 48
16 34
25 44
3 18
4 27
7 25
38 40
23 36
12 22
9 28
10 13
8 23
17 21
7 48
22 31
4 32
20 21
17 34
1 12
7 16
0 5
29 49
0 6
24 30
2 13
25 47
33 44
21 23
32 44
8 14
8 36
7 15
16 31
28 30
8 21
10 48
19 39
25 32
3 39
28 29
30 47
27 33
4 10
15 39
9 41
28 41
0 33
4 25
1 15
40 44
18 32
24 37
31 48
18 42
2 16
6 11
42 44
9 11
36 46
15 32
21 45
9 38
27 47
11 18
39 42
5 11
33 42
40 41
1 25
8 20
6 39
11 40
7 27
13 22
13 31
20 36
22 48
0 32
24 38
15 18
32 40
29 37
29 41
23 45
37 38
13 15
14 45
7 42
24 35
28 49
33 38
30 45
2 22
9 32
1 22
11 42
35 38
11 27
28 44
24 41
36 45
5 39
1 2
9 44
7 21
15 48
33 35
14 34
12 34
4 6
4 11
30 44
10 16
18 27
17 26
28 47
0 18
25 33
16 26
29 35
7 12
8 46
10 44
4 19
6 32
20 34
29 30
31 34
21 34
14 36
40 47
0 9
17 22
33 37
1 42
38 49
4 33
45 46
15 44
42 47
43 45
10 32
1 34
4 5
24 40
1 27
26 31
33 47
28 33
13 25
27 38
3 4
32 47
15 19
20 45
32 39
27 39
25 38
13 34
11 44
18 33
32 38
1 31
10 47
5 32
19 48
7 47
7 22
8 43
8 17
21 47
45 47
34 48
36 43
7 34
10 39
7 44
0 40
16 21
4 7
10 12
9 24
0 3
8 30
16 17
13 19
15 33
6 33
25 48
27 40
30 40
18 19
1 21
1 4
13 42
43 49
11 35
29 38
12 26
4 44
9 47
11 25
45 49
2 19
35 44
17 36
30 37
11 15
37 44
5 33
18 25
15 47
11 39
6 42
25 39
3 11
13 27
4 13
10 19
42 48
10 18
23 34
2 34
29 40
21 22
21 25
7 14
14 22
9 27
2 7
38 41
14 16
21 36
17 45
8 47
10 21
38 42
20 26
11 37
1 19
4 48
0 4
30 35
11 38
15 16
47 49
24 47
37 49
32 35
5 42
19 42
25 40
9 29
40 42
16 25
38 45
12 19
27 48
9 30
0 35
14 26
0 42
28 32
10 33
3 32
2 10
20 22
24 44
7 17
37 47
33 41
7 32
12 15
6 15
6 27
3 19
13 21
7 31
23 46
0 27
32 37
30 43
21 44
35 47
9 42
33 39
11 28
10 22
2 26
1 47
35 49
0 39
11 47
3 42
1 44
8 49
39 48
13 39
1 39
1 14
9 25
44 45
21 30
4 47
1 17
0 37
5 27
40 49
16 20
14 47
5 15
13 26
3 15
26 48
41 49
10 38
44 49
10 34
27 28
10 11
18 44
7 39
21 48
21 26
25 30
7 19
46 49
1 26
30 41
2 15
0 44
30 33
19 27
15 38
21 27
23 26
8 38
21 38
16 42
1 32
7 38
25 28
10 31
16 27
7 20
12 25
11 41
19 25
13 17
3 33
27 30
4 40
9 49
22 23
19 31
24 33
6 19
23 43
13 14
0 15
30 46
3 27
24 45
41 44
16 19
12 17
8 44
10 14
27 35
6 9
15 40
20 46
29 47
7 33
4 9
12 21
7 26
15 21
0 41
6 25
7 45
7 18
9 18
14 25
18 40
5 9
4 38
13 47
0 25
17 48
13 44
39 44
16 23
14 46
7 8
1 18
27 37
25 45
28 45
12 42
29 44
7 23
30 32
5 19
21 42
28 42
6 40
0 28
0 38
4 16
4 12
1 20
14 30
8 34
13 32
14 48
13 18
9 15
5 25
19 32
5 40
32 41
17 31
24 43
22 25
10 40
23 47
15 22
18 48
12 27
10 17
6 10
25 34
16 47
41 47
14 44
12 14
25 35
44 48
6 44
35 42
15 31
21 46
20 47
47 48
8 25
2 25
2 4
17 47
32 48
25 37
18 47
30 42
2 39
12 39
23 30
7 30
7 11
29 33
2 42
37 42
14 43
5 10
34 45
5 44
30 36
16 44
13 20
3 25
15 34
17 25
8 24
1 33
3 10
9 10
1 23
20 43
1 38
10 30
29 43
0 47
10 45
21 43
24 32
27 45
14 38
21 31
29 45
18 38
8 28
21 49
11 30
14 27
0 10
8 16
16 39
39 47
34 36
33 49
10 20
1 45
1 8
7 40
2 27
8 10
12 20
20 48
2 17
11 24
17 46
14 31
20 30
24 27
25 31
2 21
20 25
11 19
19 22
15 28
34 47
39 40
10 28
22 27
24 25
10 26
36 49
22 42
16 45
43 47
38 43
1 11
21 32
14 15
9 39
40 45
8 22
6 35
15 30
8 27
27 34
5 35
13 23
4 28
23 25
4 35
10 23
4 21
13 33
18 35
36 47
21 28
25 49
27 41
24 46
34 42
23 44
14 42
16 32
20 31
17 44
7 9
3 9
7 28
31 42
28 43
22 47
42 45
20 44
19 33
15 35
17 30
4 31
4 37
6 38
3 44
27 49
14 49
6 37
2 14
8 26
23 38
13 38
22 45
6 47
46 47
38 39
21 33
33 48
12 47
23 48
23 49
3 40
15 17
5 37
18 37
6 7
4 22
17 27
8 29
29 32
11 13
15 37
12 18
19 44
32 49
37 45
8 13
1 30
11 29
12 23
12 44
27 31
5 38
15 45
34 44
21 40
13 45
18 28
17 43
31 39
26 36
24 42
16 18
1 6
2 18
9 45
33 45
21 24
5 47
20 38
38 46
25 41
10 35
32 45
0 19
4 30
1 40
41 42
8 42
11 48
12 32
0 24
29 46
35 45
1 3
8 40
22 44
5 7
10 37
3 48
38 48
3 13
3 7
16 38
17 38
19 34
6 13
17 42
8 15
20 27
6 28
4 34
6 48
2 20
27 29
7 36
0 7
26 45
22 36
1 5
8 48
25 26
5 28
45 48
23 27
0 30
36 38
25 29
23 31
43 44
15 20
11 49
20 49
19 47
15 26
42 49
5 13
16 36
1 9
9 21
6 41
22 39
5 41
16 33
5 48
28 46
14 28
8 32
2 32
0 29
8 33
7 49
7 35
14 32
8 37
20 42
7 37
36 44
1 28
10 24
15 23
2 44
35 39
2 47
13 30
4 14
8 9
16 30
0 1
13 40
8 12
3 47
10 49
11 21
18 41
7 24
15 24
14 24
21 39
23 42
44 46
4 41
28 39
8 35
3 35
34 38
41 45
29 42
12 45
3 38
21 37
37 39
24 36
1 36
2 23
19 21
30 34
4 45
18 30
22 32
25 36
31 47
17 49
14 33
26 47
21 29
18 21
11 16
21 35
37 43
18 31
15 41
40 48
14 40
30 48
34 39
4 24
32 34
23 24
26 27
23 28
12 33
9 13
0 13
4 17
31 44
15 49
11 45
19 26
3 37
26 42
2 3
22 38
40 43
10 36
12 38
3 12
4 8
0 48
18 22
10 41
35 43
17 32
31 32
28 36
13 28
19 38
11 12
0 49
19 40
9 48
20 28
34 46
16 40
1 35
8 31
6 12
13 36
3 28
30 39
22 30
1 37
25 43
20 24
9 19
2 6
26 44
6 16
18 24
9 14
1 49
7 46
8 41
41 43
3 16
20 32
2 33
6 30
4 20
10 29
29 36
4 49
7 43
23 32
4 26
17 28
8 11
9 43
27 36
31 45
28 48
15 29
25 46
5 12
2 8
14 29
1 24
18 34
2 11
7 29
22 33
17 19
23 40
5 30
14 19
33 34
16 28
36 48
2 5
17 33
5 16
6 24
7 41
14 39
4 23
9 16
3 41
39 41
2 45
37 46
14 37
4 29
11 14
23 33
40 46
23 29
12 36
5 24
34 43
20 33
17 24
20 40
12 30
27 43
2 38
14 35
21 41
17 40
13 35
14 18
0 21
17 39
18 45
13 37
35 46
12 40
36 42
15 36
10 43
3 31
0 16
11 22
27 46
18 29
33 43
16 49
39 45
6 21
16 46
31 33
26 39
9 23
13 49
10 46
26 46
34 49
18 49
24 39
36 40
31 38
22 46
31 36
1 46
35 48
34 40
11 34
20 29
9 46
6 29
26 30
28 34
26 38
0 45
23 37
13 24
37 48
9 20
5 29
1 43
0 12
41 46
8 18
9 17
19 20
5 21
6 31
11 31
17 18
22 40
19 28
9 12
8 39
26 32
16 43
23 35
32 43
42 43
11 17
1 41
16 24
48 49
3 30
19 35
1 29
16 35
20 39
36 37
20 37
16 37
19 30
22 28
12 28
0 2
32 36
5 31
24 48
2 30
6 22
22 43
3 22
33 46
2 40
3 21
6 49
33 36
11 20
9 34
17 29
11 23
19 37
20 35
9 36
42 46
2 36
19 45
17 37
14 41
35 36
22 49
26 43
30 31
39 49
5 49
15 43
19 23
0 8
9 22
13 46
23 39
18 20
8 19
17 35
24 34
32 46
3 24
18 26
5 22
15 46
29 39
2 9
6 45
13 43
6 34
18 23
0 14
13 41
26 33
4 36
3 34
46 48
5 45
31 40
6 14
13 29
11 43
23 41
5 34
2 28
0 22
22 24
43 48
12 35
12 49
