50 746 689.0413630544977 dense
0 438 788
1 589 69
2 31 202
3 79 999
4 255 220
5 60 22
6 153 313
7 822 825
8 416 745
9 739 387
10 814 155
11 524 203
12 718 175
13 517 805
14 549 952
15 78 685
16 198 92
17 624 185
18 250 10
19 159 301
20 8 185
21 775 250
22 168 911
23 846 887
24 837 993
25 867 312
26 177 186
27 697 994
28 72 792
29 511 743
30 765 282
31 890 306
32 318 845
33 195 513
34 2 433
35 948 613
36 760 85
37 1000 343
38 208 532
39 118 194
40 144 887
41 417 318
42 61 255
43 800 449
44 97 267
45 1 989
46 255 396
47 977 914
48 134 944
49 513 795
13 49
6 19
33 38
25 31
2 20
21 30
22 40
42 44
22 48
0 8
29 49
40 48
26 39
2 42
13 29
7 23
19 44
6 44
0 49
39 44
3 48
3 45
0 13
39 42
4 26
0 29
9 43
2 39
20 42
10 36
2 44
12 21
12 17
8 29
16 26
16 18
10 12
12 36
11 17
10 21
25 30
23 24
15 28
9 30
19 42
6 42
8 49
20 39
21 25
26 44
19 39
31 37
19 26
12 30
8 13
28 40
20 44
1 17
6 39
3 22
4 19
30 31
21 31
6 26
3 40
16 39
33 46
6 46
0 32
23 47
26 42
19 46
10 30
25 37
4 6
4 39
24 27
8 32
4 16
45 48
9 21
38 46
2 26
9 25
1 11
13 14
25 43
22 28
14 27
5 16
11 41
24 47
14 49
2 19
22 32
28 48
17 21
4 44
2 6
21 36
10 25
1 12
7 24
17 36
31 43
20 26
10 31
30 43
5 20
17 30
9 31
1 36
40 45
4 46
7 47
32 40
41 46
5 39
2 5
23 27
22 45
34 42
4 41
5 18
19 20
18 26
34 44
10 17
6 34
6 20
11 12
30 36
4 42
0 14
2 16
21 43
15 38
32 49
5 26
16 44
12 25
13 32
44 46
6 33
19 34
3 28
15 33
33 34
32 48
28 45
4 18
7 27
16 20
14 29
15 40
16 19
16 42
9 12
19 33
12 31
29 32
35 43
26 46
2 4
6 16
6 38
37 43
18 39
34 38
9 17
2 34
5 42
19 38
42 46
1 10
30 37
15 22
21 37
9 10
39 46
8 14
17 41
7 35
5 44
20 34
4 20
25 36
28 32
11 30
14 32
11 21
34 46
31 36
19 41
1 21
13 27
15 34
11 36
6 41
10 37
9 37
33 44
15 48
34 39
4 11
27 49
26 41
17 25
35 37
1 30
4 5
9 11
3 32
12 43
38 44
15 32
33 42
14 24
27 47
2 18
17 31
23 35
28 38
10 11
10 43
33 41
5 19
2 46
0 22
8 38
8 22
18 20
4 33
18 44
38 41
7 14
35 47
1 41
26 34
9 36
14 23
18 19
28 33
5 6
7 13
8 40
9 35
16 46
18 42
0 40
7 49
25 35
27 29
31 35
38 42
15 45
3 15
16 41
4 38
17 43
6 18
8 33
7 29
39 41
41 44
20 46
26 33
33 39
12 37
9 41
4 34
0 27
11 46
32 38
12 41
11 18
15 46
13 23
0 48
8 15
1 18
0 38
11 16
8 48
23 49
8 28
26 38
11 26
32 45
38 39
30 41
18 41
2 33
1 9
36 37
32 33
11 25
38 40
41 42
22 49
21 41
23 29
13 22
28 34
0 28
36 43
1 4
0 33
29 38
1 25
11 43
4 17
13 24
0 15
2 38
8 27
7 43
33 40
20 33
11 19
30 35
6 15
24 49
11 31
40 49
22 38
13 40
22 29
1 31
14 22
8 46
0 7
18 46
6 11
29 33
1 16
15 19
16 34
29 40
24 35
22 33
20 38
21 35
38 49
2 41
41 43
11 39
27 32
48 49
13 48
17 37
14 40
24 29
29 43
13 38
17 18
7 8
36 41
5 34
14 48
0 3
15 44
38 48
0 23
16 33
5 46
3 8
9 29
33 49
17 46
8 41
29 48
1 26
10 41
14 47
20 41
15 42
34 41
29 46
11 44
0 46
1 43
13 33
29 41
33 48
16 17
28 46
15 29
16 38
23 43
28 49
28 29
13 28
7 9
17 26
0 24
15 49
43 49
25 41
11 33
8 23
32 46
13 43
13 15
29 35
11 38
27 35
5 41
4 12
11 42
9 49
1 46
0 41
35 49
13 35
3 14
13 47
31 41
9 13
46 49
34 40
10 35
47 49
3 13
17 19
3 49
0 45
8 45
8 9
9 46
3 38
8 43
2 15
13 46
6 28
41 49
1 39
6 17
1 19
8 24
18 34
15 39
2 11
1 37
12 35
0 43
11 37
12 18
29 47
13 41
4 15
43 47
5 11
19 28
15 41
1 6
3 33
0 9
38 45
3 29
14 28
40 46
7 32
15 20
6 8
18 33
22 34
17 39
15 26
5 33
9 23
4 9
8 19
12 46
4 30
7 37
33 45
7 25
18 36
11 20
8 34
32 34
4 21
22 46
30 46
4 36
7 31
14 35
18 38
28 44
29 30
12 16
34 48
23 32
1 44
5 38
1 5
17 44
22 27
32 41
17 35
28 42
0 35
24 32
17 33
21 46
11 29
14 38
12 26
14 15
17 38
24 43
7 30
45 49
43 46
13 45
8 35
4 8
14 45
9 38
8 11
0 47
0 6
27 43
34 45
6 32
9 33
25 29
21 29
6 29
1 42
35 36
46 48
0 19
16 36
14 43
0 34
4 10
27 40
14 33
19 29
27 48
23 37
29 45
19 32
17 42
17 29
11 34
3 34
37 47
30 49
12 19
1 2
6 40
8 44
23 25
7 21
18 21
9 47
29 31
13 30
8 30
6 12
4 29
10 18
18 30
23 31
37 41
8 47
19 40
28 41
9 19
5 17
11 35
6 9
4 43
0 11
2 28
26 36
11 49
1 20
36 46
2 17
1 33
26 30
29 34
9 14
0 4
9 26
8 17
38 43
16 30
6 22
16 21
25 49
1 38
28 39
12 39
4 28
21 26
6 49
11 13
0 30
12 29
13 25
21 49
15 16
8 42
19 30
35 41
19 49
8 26
33 43
9 27
10 46
19 22
20 28
23 30
30 38
8 21
25 47
6 13
13 21
6 30
9 24
31 47
26 28
30 33
17 20
9 16
9 18
31 49
25 46
3 27
19 21
13 19
32 44
4 25
10 16
17 49
40 44
9 32
12 38
0 44
12 33
13 31
32 43
6 21
8 25
34 49
8 39
12 44
3 46
4 32
14 46
13 17
4 49
29 44
0 17
40 41
6 48
29 37
21 38
0 21
13 34
21 33
40 42
10 26
19 36
0 25
4 31
21 23
4 13
31 46
22 41
19 48
32 42
8 12
45 46
8 31
14 41
22 44
6 36
7 41
26 29
9 39
36 39
1 35
0 42
30 39
12 49
9 44
0 26
11 15
27 28
19 43
7 12
21 39
7 22
0 31
6 43
12 13
10 29
12 42
32 47
5 15
29 42
37 49
22 42
2 8
30 47
30 44
13 37
17 34
7 17
7 10
24 37
10 19
32 35
44 49
27 38
26 32
0 12
22 24
11 32
0 39
29 39
5 12
4 40
26 43
44 48
21 44
22 23
1 29
6 10
7 38
7 40
32 39
24 25
13 44
18 25
41 48
36 44
2 12
8 16
24 31
