50 1140 910.4339624596613 dense
0 87 937
1 926 452
2 305 157
3 608 381
4 485 350
5 524 504
6 198 243
7 918 72
8 179 237
9 180 255
10 285 486
11 438 45
12 385 343
13 715 691
14 585 974
15 204 85
16 20 194
17 761 438
18 702 444
19 424 985
20 113 504
21 377 814
22 113 188
23 634 519
24 916 595
25 14 785
26 654 567
27 651 955
28 898 895
29 968 803
30 482 849
31 914 376
32 878 390
33 897 517
34 371 99
35 386 233
36 534 654
37 654 506
38 336 85
39 817 553
40 645 655
41 730 860
42 386 707
43 32 127
44 1 76
45 135 868
46 210 771
47 434 154
48 218 510
49 316 764
8 9
6 8
6 9
23 37
34 38
31 32
23 26
17 18
43 44
26 37
16 43
14 27
10 48
1 33
1 31
2 38
1 32
18 37
13 40
21 49
24 33
8 22
34 47
0 45
11 34
33 39
2 34
26 40
42 49
35 47
16 22
9 22
4 12
18 23
6 22
22 43
20 48
46 49
21 42
24 39
11 47
11 38
12 35
21 30
36 40
5 23
2 35
3 18
28 29
16 44
38 47
45 46
27 41
2 15
17 32
17 37
3 4
17 39
32 33
2 47
5 37
15 38
18 26
3 37
34 35
23 40
2 6
15 22
13 26
3 23
31 33
1 24
5 26
25 45
19 30
26 36
1 39
3 5
2 8
37 40
5 36
17 23
4 35
8 15
35 38
36 42
17 33
6 15
22 44
18 39
2 9
4 5
14 19
14 30
3 17
26 39
8 16
17 31
1 17
15 34
17 26
23 36
0 25
37 39
13 41
9 16
30 42
13 39
28 41
9 15
21 46
10 20
2 11
32 39
10 12
15 43
19 21
8 43
18 32
14 41
6 16
13 36
23 39
30 49
42 46
5 18
6 35
13 23
36 37
3 26
5 40
2 22
13 37
11 35
12 47
9 43
25 46
27 30
39 40
30 36
31 39
2 12
6 43
4 47
15 44
0 46
8 35
9 35
18 33
24 32
45 49
6 38
6 12
5 12
15 16
24 29
8 38
18 40
24 31
17 24
40 41
18 31
13 24
9 12
1 18
21 36
6 34
4 23
3 12
19 27
4 37
9 38
8 12
15 35
12 48
8 34
4 18
11 15
5 10
8 44
15 47
4 10
10 42
33 37
36 49
12 34
29 41
5 42
22 38
19 49
5 17
17 40
9 34
13 18
21 45
26 33
30 41
13 33
6 47
32 37
9 44
30 40
9 10
27 28
13 17
9 48
9 20
6 10
6 44
42 48
46 48
18 24
14 21
12 38
23 33
24 26
2 4
40 42
3 35
5 13
6 48
8 47
18 36
3 32
8 10
3 39
13 27
48 49
10 35
22 34
9 47
13 28
6 20
2 43
8 20
4 26
4 34
8 48
23 32
3 40
13 29
22 35
24 37
1 37
24 40
10 49
19 42
13 30
3 36
30 46
20 46
36 41
26 32
3 47
0 49
33 40
2 16
4 17
31 37
23 24
29 39
29 33
10 46
1 26
5 39
20 25
42 45
1 23
27 40
10 36
36 39
24 28
26 42
19 46
11 12
26 41
25 49
4 38
7 31
5 35
12 23
3 31
5 48
4 6
38 43
4 36
21 27
4 11
6 11
23 42
4 48
13 14
21 40
19 45
12 22
17 36
23 31
12 37
2 44
0 21
12 15
20 22
12 20
1 13
39 41
3 33
4 9
7 32
8 11
26 31
22 47
14 28
27 36
16 20
24 41
35 48
14 36
14 40
1 3
4 8
3 13
13 42
2 10
20 49
26 30
19 41
9 11
12 18
5 49
14 42
16 38
37 42
38 44
22 48
3 10
34 43
20 42
0 19
10 21
14 49
13 32
25 48
21 48
5 21
10 22
4 40
36 46
12 36
40 49
1 40
36 48
30 45
5 30
28 40
19 36
12 26
10 23
28 39
27 29
32 40
1 29
23 41
11 22
29 40
21 41
13 21
5 47
37 41
27 42
23 30
2 48
16 34
10 47
12 42
21 25
20 45
45 48
16 35
3 34
35 43
10 37
4 42
34 44
21 26
5 32
13 31
16 48
5 33
3 24
41 42
3 11
2 3
0 42
10 26
28 33
23 35
18 35
1 7
25 42
33 41
35 37
30 37
20 35
20 43
27 49
4 15
24 36
31 40
12 17
33 36
26 27
4 39
26 49
21 23
26 29
12 16
10 16
3 42
18 47
4 32
10 34
2 20
19 40
10 40
7 17
23 49
3 38
5 24
4 20
43 47
10 25
10 38
0 30
1 5
13 49
4 22
12 40
20 21
26 28
10 15
2 5
10 45
5 31
3 48
5 20
18 42
5 41
4 13
5 46
14 26
10 30
13 19
12 43
11 43
21 37
37 47
35 44
16 47
23 48
23 47
47 48
18 41
5 6
28 30
10 18
14 29
17 29
29 32
17 41
5 9
41 49
37 49
15 48
43 48
14 46
12 49
17 35
26 35
15 20
30 48
4 31
7 18
29 31
29 37
3 6
5 34
17 47
32 36
0 20
27 39
37 48
5 8
23 27
28 36
3 7
11 44
23 29
34 48
10 43
26 48
44 47
1 36
38 48
20 44
11 16
1 28
4 33
7 33
3 9
35 36
0 48
18 29
20 36
24 27
30 39
4 49
27 37
40 46
40 48
3 8
1 41
1 4
36 45
19 25
14 23
39 42
29 36
28 37
5 38
23 28
18 30
17 42
14 45
12 46
10 11
5 11
12 44
26 47
5 27
31 36
12 21
25 30
14 37
5 14
35 42
20 38
20 47
10 13
4 21
17 28
19 26
27 46
18 34
10 17
11 18
12 13
20 34
12 39
14 39
7 11
3 49
19 28
3 30
44 48
29 30
18 48
26 46
2 23
2 18
4 16
3 21
7 47
5 19
7 39
18 28
18 21
0 10
32 41
23 46
2 37
3 41
35 40
12 32
23 34
34 37
4 24
9 42
17 30
10 44
4 30
0 14
6 42
3 15
18 49
27 33
32 47
4 46
24 30
14 24
4 43
20 30
28 32
7 37
11 17
11 37
36 47
3 20
19 23
13 46
21 39
18 38
11 23
18 27
8 42
11 48
4 7
12 30
6 23
32 35
17 34
9 46
37 46
19 48
31 41
10 19
5 22
28 31
20 23
7 24
27 45
9 23
6 37
23 38
9 49
5 15
21 28
41 46
37 38
6 46
17 27
31 47
13 48
0 36
7 23
12 31
6 36
3 22
19 37
30 33
5 45
9 36
6 49
8 46
5 29
8 23
35 49
2 17
10 39
25 36
9 37
35 39
17 21
2 26
12 33
20 37
5 28
24 42
6 18
14 18
40 47
39 49
8 49
20 26
33 42
28 42
8 37
26 34
31 35
2 36
8 36
7 34
17 48
17 49
1 12
17 38
40 45
20 40
39 47
14 33
3 29
42 47
9 18
9 25
7 35
2 42
4 44
3 46
11 32
6 26
7 26
11 20
8 18
13 35
14 17
0 27
11 26
4 41
35 46
9 26
8 25
6 25
19 20
10 14
1 27
19 29
1 47
3 27
12 25
26 38
8 26
34 36
11 31
21 35
10 41
12 45
21 24
7 38
5 25
1 35
19 39
32 34
33 35
5 7
32 42
22 42
12 24
33 47
29 42
3 28
18 46
22 46
16 25
21 29
14 48
5 16
18 20
9 21
3 14
10 27
41 45
1 30
6 17
28 49
1 42
7 12
6 21
21 33
26 45
39 48
10 32
14 25
36 38
2 40
22 25
13 47
30 32
13 45
2 49
16 46
6 40
34 42
18 19
27 32
23 45
9 17
31 34
8 21
22 49
15 23
10 33
9 40
15 18
9 45
0 5
8 17
15 37
11 36
3 16
22 23
2 32
2 7
5 43
34 40
41 48
27 48
2 46
47 49
12 41
32 38
31 42
24 49
30 35
1 14
38 42
4 45
0 40
8 40
4 27
22 37
19 24
22 36
6 45
3 43
16 42
13 20
33 49
3 19
4 14
8 45
37 45
11 39
1 11
27 31
34 39
4 19
10 31
10 24
30 31
4 25
24 35
1 10
18 22
16 49
17 19
12 19
7 40
17 46
11 40
25 40
39 46
31 38
2 31
2 39
0 41
15 42
38 40
17 20
7 13
29 49
24 47
14 32
21 32
46 47
1 21
1 34
15 36
25 43
11 33
25 27
15 26
15 17
22 26
2 21
12 14
4 29
21 47
11 42
0 12
19 33
25 35
14 20
9 30
34 49
12 27
43 46
6 30
32 48
38 39
33 34
2 13
0 13
23 25
32 49
5 44
25 26
0 26
3 45
33 48
38 49
3 44
21 22
42 43
22 45
14 31
35 45
8 30
16 45
4 28
6 13
13 34
1 49
15 46
1 2
15 49
0 9
0 23
16 36
9 13
34 46
2 25
6 39
2 33
21 31
17 22
16 23
1 38
6 32
30 47
7 36
43 49
38 46
25 37
28 46
20 27
8 13
0 6
11 13
24 48
9 39
20 39
0 8
16 37
13 25
22 40
18 45
33 38
31 48
25 44
0 4
1 48
9 32
8 39
0 37
20 41
31 49
7 15
2 30
13 38
21 34
35 41
16 21
8 32
3 25
23 43
25 41
15 40
15 25
44 46
16 18
24 46
36 43
6 31
37 43
11 24
11 49
21 38
2 45
1 19
33 46
7 29
16 26
24 34
10 28
42 44
15 32
6 7
18 43
12 29
9 31
0 16
8 31
43 45
19 32
15 21
0 22
6 33
39 45
2 24
19 35
10 29
12 28
7 10
44 49
22 30
7 8
1 6
25 47
30 34
29 46
17 45
7 9
11 46
26 43
0 3
9 33
28 45
0 35
41 47
14 35
15 31
18 25
21 43
32 46
27 35
9 19
25 38
8 33
15 39
11 21
1 9
24 38
23 44
25 34
20 32
45 47
6 19
16 40
1 8
30 38
16 17
28 48
19 31
37 44
1 46
20 33
13 22
15 45
36 44
8 19
0 18
22 32
18 44
17 43
13 15
22 39
6 24
16 30
44 45
34 45
29 48
11 30
31 46
20 24
38 45
40 43
0 2
1 15
7 41
9 24
20 31
0 43
0 28
15 30
7 22
29 35
1 20
6 41
15 33
26 44
9 41
8 24
2 41
22 31
7 28
17 25
0 39
9 14
7 48
6 14
24 45
21 44
7 42
27 47
19 47
8 41
14 47
29 45
25 39
2 19
28 35
0 17
33 45
29 47
34 41
8 14
17 44
9 27
6 27
22 33
30 43
11 25
13 16
1 22
19 22
0 47
8 27
0 15
2 14
0 44
11 41
40 44
38 41
2 27
16 39
28 47
15 24
20 28
11 45
16 32
32 45
0 34
13 43
32 43
19 34
0 38
7 43
16 19
25 28
7 30
0 29
39 43
1 45
0 24
22 24
27 34
14 34
19 38
20 29
7 16
30 44
