50 951 738.3610228065943 dense
0 314 633
1 648 206
2 192 159
3 640 77
4 834 870
5 900 727
6 892 377
7 159 532
8 30 712
9 907 153
10 271 529
11 724 477
12 280 115
13 704 147
14 768 605
15 78 556
16 129 247
17 883 568
18 646 734
19 272 960
20 580 787
21 150 220
22 689 446
23 497 222
24 788 19
25 874 816
26 601 953
27 303 638
28 594 900
29 527 957
30 410 157
31 422 241
32 844 325
33 321 77
34 149 798
35 919 229
36 106 492
37 7 166
38 643 18
39 73 186
40 138 537
41 198 158
42 287 900
43 137 754
44 903 613
45 289 489
46 201 625
47 788 517
48 254 855
49 825 747
2 41
0 27
7 40
16 21
10 45
34 43
11 22
17 44
26 28
36 40
42 48
12 33
3 38
19 42
15 40
7 36
4 25
37 39
15 36
6 32
2 21
26 29
11 47
9 35
23 31
5 49
21 41
1 13
16 39
21 39
7 15
25 49
18 20
30 31
28 29
14 47
12 41
5 25
3 13
2 12
7 46
27 46
19 48
17 47
2 16
40 46
23 30
7 10
0 10
16 41
0 46
10 27
20 28
5 44
8 43
10 46
34 48
30 33
14 17
32 35
22 47
2 39
4 49
39 41
1 3
10 40
14 44
11 14
12 30
7 45
15 46
13 38
43 46
24 38
0 45
16 37
8 34
33 41
27 45
44 47
6 35
1 23
2 33
21 37
14 49
13 24
43 48
44 49
4 5
40 45
3 24
5 17
45 46
8 15
36 46
12 21
20 26
10 36
34 42
18 28
6 47
14 22
14 18
20 29
7 27
9 24
18 49
5 14
34 46
36 45
9 32
11 17
0 7
2 37
1 38
17 49
12 31
37 41
6 17
8 46
31 33
27 40
11 32
10 15
6 11
22 32
32 47
0 40
12 16
27 43
9 13
19 34
3 23
25 44
8 40
15 43
42 43
30 41
6 22
0 43
40 43
2 30
12 39
13 23
15 45
7 8
27 34
27 48
21 33
7 43
18 26
6 9
11 44
13 32
23 33
1 31
17 22
1 32
0 48
13 35
4 18
8 36
47 49
0 34
1 24
46 48
14 25
6 44
5 47
31 41
15 27
4 28
12 23
18 25
1 30
1 22
3 30
2 31
27 36
16 36
17 32
19 43
29 42
4 26
24 35
17 25
0 15
20 49
23 38
0 36
15 34
18 29
5 18
19 29
16 33
18 47
6 14
34 40
14 20
10 43
27 42
36 43
1 9
8 48
4 44
7 34
4 20
21 30
0 42
11 18
33 39
30 38
22 44
1 35
3 31
21 31
4 14
21 36
28 49
3 9
12 37
31 45
1 11
8 27
18 44
7 16
42 46
11 49
17 18
16 45
14 32
16 40
18 22
29 48
25 28
16 31
32 44
13 30
0 8
22 23
16 30
10 34
20 25
9 38
6 13
13 31
1 6
13 22
8 10
21 45
26 49
25 26
43 45
5 11
23 41
4 17
28 42
0 20
36 39
34 36
24 32
25 47
2 23
7 21
15 16
31 38
20 42
20 27
11 35
10 16
22 35
35 47
21 40
3 35
8 42
26 42
3 33
4 29
3 32
19 27
10 31
5 20
33 37
10 48
33 38
19 28
19 26
0 19
22 49
11 13
10 21
20 48
22 31
7 48
30 39
23 45
40 48
34 45
36 37
20 47
17 35
1 47
11 23
8 45
11 20
19 46
14 28
28 48
41 45
15 21
2 36
2 45
36 41
8 19
15 48
21 23
0 18
35 38
5 6
5 22
5 28
1 33
19 20
31 39
30 45
23 24
4 47
18 27
7 39
39 40
20 22
26 48
23 32
3 12
29 49
9 22
20 44
32 38
45 48
16 23
15 39
11 25
10 42
9 11
39 45
3 22
6 24
17 20
12 45
2 7
25 29
5 26
12 38
6 49
7 41
10 41
2 10
1 12
13 47
10 23
2 40
9 47
11 31
40 41
35 44
16 46
14 26
0 28
0 29
13 33
7 42
27 29
27 28
3 6
36 48
7 31
40 42
37 40
18 42
10 39
7 37
15 37
10 30
22 30
22 45
24 30
15 42
10 20
30 37
31 36
14 35
5 32
0 31
4 11
21 46
3 11
29 34
31 40
18 48
42 45
20 46
2 15
33 45
22 25
10 12
23 47
27 31
12 36
9 17
15 41
9 23
20 45
1 14
0 22
31 37
28 44
23 35
32 49
6 23
12 13
23 39
10 22
14 29
10 18
16 27
0 16
24 31
37 45
28 47
0 26
31 32
22 38
10 19
22 27
20 34
1 17
18 45
6 18
26 27
7 12
11 45
6 38
18 19
5 29
22 24
0 11
6 25
29 43
17 28
11 28
7 19
31 46
19 40
20 43
0 21
21 27
12 40
36 42
4 22
15 19
11 30
10 37
3 41
0 23
11 27
7 30
30 36
1 41
18 32
10 33
26 44
0 14
2 3
10 11
28 34
1 45
39 46
13 17
18 46
31 47
1 2
7 23
23 27
9 44
13 14
11 24
22 28
3 47
29 46
30 32
2 46
11 38
14 27
15 31
38 41
41 46
30 40
33 36
14 23
24 33
19 45
2 38
9 14
26 47
23 36
8 16
17 26
23 40
26 34
28 46
28 43
1 44
7 33
12 15
0 30
0 47
0 41
6 31
0 2
27 41
11 26
2 27
10 28
25 32
7 20
27 30
14 45
9 31
23 37
33 40
4 6
1 10
19 36
9 30
31 35
24 47
1 21
37 46
5 35
10 29
45 47
27 47
23 46
18 34
14 31
10 14
26 43
13 41
8 21
13 44
16 43
27 39
20 40
0 39
18 43
29 44
3 21
29 47
28 45
2 13
30 46
30 35
22 26
6 20
12 46
12 24
10 47
26 46
17 23
11 29
15 30
0 12
38 47
22 46
1 16
22 33
30 47
12 27
0 49
29 45
12 22
35 49
7 18
17 29
8 39
1 18
6 30
20 32
21 38
18 23
27 49
21 43
15 23
22 29
7 22
15 33
10 26
13 45
3 16
3 45
18 31
0 1
3 14
11 46
18 40
4 32
8 37
4 42
3 17
16 34
15 20
1 27
8 29
8 20
0 33
27 37
17 24
20 36
22 40
13 21
0 37
26 45
42 49
33 46
27 33
7 29
16 38
23 44
14 42
17 31
14 46
7 11
11 33
20 31
4 19
1 49
22 41
7 28
20 23
0 4
14 48
39 43
29 40
0 17
11 12
14 30
2 22
5 9
18 35
1 39
2 8
3 39
10 13
21 34
32 45
1 5
32 33
8 41
4 27
4 48
48 49
28 40
3 10
13 16
17 27
21 22
22 36
1 20
14 24
31 43
1 7
25 35
11 40
0 25
38 45
0 44
13 18
9 33
18 36
19 49
25 42
0 5
38 39
16 22
8 28
45 49
15 18
10 49
46 47
3 44
22 48
2 43
25 27
41 43
17 45
9 49
17 38
14 38
27 44
12 32
6 28
15 29
37 43
11 48
5 27
24 44
24 41
22 42
1 40
31 44
11 42
10 32
14 19
7 26
13 49
5 13
2 24
1 46
8 31
1 36
0 32
10 17
6 45
7 14
11 41
8 18
34 39
33 35
11 36
19 25
23 49
8 26
2 11
15 28
31 34
16 48
15 22
25 48
26 40
0 13
18 30
27 32
44 45
17 30
28 32
29 36
9 12
11 21
7 47
42 47
47 48
10 38
22 43
0 6
13 39
14 40
13 27
46 49
28 36
31 48
9 18
5 42
10 44
11 16
3 37
6 10
2 34
33 47
34 41
1 37
23 43
21 48
6 27
0 3
22 34
6 33
6 26
5 23
4 35
31 49
8 12
34 37
12 47
14 43
14 34
11 43
12 35
38 44
40 47
1 25
11 15
13 20
20 30
20 35
37 38
3 27
12 43
5 45
30 43
15 26
3 18
4 10
11 34
5 48
5 10
11 19
19 22
3 7
9 25
4 45
6 12
32 41
7 13
10 25
22 39
1 15
21 24
5 19
25 45
30 44
14 36
16 42
8 30
31 42
2 32
23 34
26 32
3 36
26 36
8 23
34 49
23 48
4 46
42 44
19 47
3 40
28 31
35 45
5 31
17 42
36 47
17 46
23 28
6 29
24 45
13 40
43 49
4 34
1 4
13 25
13 36
41 47
17 48
12 14
14 15
14 33
30 34
44 48
43 47
39 48
21 42
13 46
3 49
2 47
12 34
1 28
13 37
16 24
0 38
34 47
8 33
2 48
41 48
25 46
7 49
3 5
33 43
21 32
44 46
3 46
9 45
23 25
16 20
21 47
7 38
5 46
4 43
29 32
27 38
9 41
32 46
23 42
16 18
8 22
15 47
20 21
16 47
3 20
11 39
9 20
10 35
18 21
2 9
30 48
7 32
18 38
36 38
5 24
40 49
12 18
16 32
19 44
4 9
30 49
29 31
38 40
14 41
35 41
7 17
25 34
17 19
10 24
16 19
0 35
6 41
14 21
2 14
24 49
18 24
18 41
2 35
4 23
25 31
37 48
14 16
2 18
8 11
18 33
2 6
26 31
6 46
24 39
19 31
4 13
23 29
20 41
12 20
32 40
22 37
2 20
23 26
