50 714 540.3415586460105 dense
0 431 392
1 624 76
2 963 462
3 894 57
4 478 758
5 55 523
6 59 589
7 181 1000
8 665 627
9 743 267
10 781 981
11 408 494
12 699 679
13 716 678
14 575 596
15 373 365
16 64 410
17 543 590
18 306 801
19 921 805
20 967 53
21 544 906
22 541 961
23 282 548
24 974 802
25 823 555
26 896 160
27 722 277
28 985 535
29 254 452
30 463 226
31 83 269
32 590 997
33 553 235
34 622 745
35 498 431
36 939 190
37 622 240
38 866 287
39 125 815
40 788 642
41 680 403
42 987 291
43 41 247
44 321 527
45 471 72
46 563 826
47 534 973
48 530 460
49 299 940
22 47
12 13
9 27
14 17
35 48
23 44
31 43
26 36
19 24
21 22
22 32
32 47
8 12
0 15
5 6
21 47
33 37
8 13
3 20
2 28
0 35
13 40
21 46
30 33
11 44
25 40
8 14
12 40
23 29
34 46
29 44
12 34
21 32
3 26
0 11
27 37
4 46
11 35
36 42
5 16
13 34
0 48
38 42
36 38
8 40
9 37
9 38
8 34
11 48
8 17
20 26
26 38
17 48
7 49
27 41
11 15
22 46
11 23
18 49
20 36
3 36
15 35
16 31
14 48
27 38
4 34
15 29
12 14
46 47
9 41
1 45
30 45
14 34
26 42
30 37
11 29
41 48
4 21
13 25
13 14
25 28
1 37
16 43
17 35
15 30
11 17
2 25
0 30
15 44
2 42
37 41
32 46
8 25
17 34
1 33
27 33
0 44
12 25
4 18
21 34
6 16
12 17
4 17
18 39
14 35
33 45
15 48
35 41
9 26
0 29
4 14
10 32
9 33
7 39
13 17
16 29
34 40
11 14
0 33
2 38
12 46
35 44
33 35
15 23
30 35
25 41
26 27
19 40
9 36
33 41
5 29
4 22
13 46
39 49
8 48
0 23
14 40
38 41
44 48
14 41
1 30
15 33
4 47
1 27
8 46
28 40
8 41
10 19
1 9
37 45
33 48
6 23
0 17
35 37
4 8
5 23
14 46
22 34
17 44
3 38
17 41
27 36
4 12
7 18
6 39
17 46
47 49
6 29
37 48
20 42
10 22
13 19
22 49
30 48
28 42
0 37
34 47
29 35
9 42
24 40
23 35
10 47
21 49
37 38
10 21
0 41
0 14
17 40
29 31
2 40
4 13
14 25
3 42
32 34
18 23
20 38
12 19
4 49
5 31
8 35
16 23
18 46
3 9
18 21
40 41
23 48
14 44
10 24
4 32
27 30
17 23
27 48
27 42
5 44
24 28
10 46
19 25
6 44
1 3
25 38
27 35
2 36
4 11
11 30
18 44
12 21
28 38
29 48
5 43
25 34
12 48
12 41
13 41
19 28
15 37
3 27
4 44
30 41
15 17
17 25
16 44
9 30
18 22
10 34
1 26
26 37
13 21
18 47
13 24
13 48
11 41
4 23
9 48
46 49
2 41
8 11
24 25
40 46
2 9
9 35
29 43
25 27
32 49
11 33
14 23
9 25
34 48
5 39
12 24
4 48
2 27
8 21
13 28
19 34
15 31
14 15
29 30
25 48
15 45
2 26
15 41
23 39
9 20
10 13
25 42
14 21
8 19
15 16
0 27
10 12
40 48
17 21
33 38
17 18
12 35
12 28
17 29
6 31
36 37
18 34
1 38
0 45
12 22
11 18
27 45
26 41
6 18
41 42
4 35
3 37
2 13
13 35
11 34
4 40
0 8
1 41
20 27
11 37
28 41
13 22
30 44
8 28
9 45
1 36
36 41
0 9
12 32
12 47
34 35
14 18
10 40
2 24
2 8
2 12
6 43
23 31
13 32
1 20
11 12
18 32
2 19
13 47
34 41
25 35
28 36
39 44
31 44
26 33
14 27
14 29
15 43
18 29
7 47
11 16
5 11
8 27
5 15
8 24
17 33
8 22
24 34
4 39
8 44
19 46
35 40
11 13
17 37
14 37
21 40
15 27
35 45
17 27
9 28
14 33
6 11
7 22
38 40
11 46
14 22
0 16
46 48
8 9
27 28
37 42
0 4
0 31
23 30
9 14
29 33
8 47
0 1
27 40
17 22
34 44
8 10
17 30
33 44
25 37
5 18
7 21
25 46
4 10
1 35
34 49
8 32
9 40
38 48
14 47
4 29
41 44
9 17
11 27
30 31
19 32
9 15
1 15
25 36
17 47
4 7
3 33
44 46
29 39
26 28
23 43
6 15
14 30
33 36
8 37
19 21
8 23
41 45
8 15
23 49
20 37
45 48
0 12
23 34
8 38
35 38
23 46
11 31
1 48
43 44
0 5
8 18
4 25
35 46
13 27
14 32
0 34
25 26
12 27
22 40
40 42
0 13
14 19
9 11
32 40
4 15
3 41
2 37
12 44
30 38
8 33
11 40
18 48
4 41
7 32
2 20
16 39
17 32
2 14
19 22
2 3
12 18
24 46
9 13
44 49
23 33
9 12
14 28
37 44
0 43
18 35
40 47
25 33
13 38
28 34
11 25
7 46
0 6
19 47
1 42
30 43
13 44
3 45
23 41
14 38
0 25
29 37
6 49
12 38
17 49
11 45
0 18
11 39
13 18
10 25
6 7
21 39
29 41
24 32
2 48
11 21
26 45
16 35
17 19
37 40
31 45
0 40
10 14
12 23
29 45
33 42
26 30
39 46
39 47
41 46
2 17
16 30
21 44
22 39
14 49
15 18
11 43
21 24
17 38
2 34
21 23
17 28
4 19
31 35
12 37
21 48
8 29
0 38
13 37
21 25
8 30
14 24
38 45
4 6
20 33
5 35
20 41
12 15
13 23
0 46
15 34
10 17
23 37
11 49
16 18
28 48
22 24
3 30
7 23
43 45
13 15
8 42
2 35
6 35
12 33
28 37
2 33
16 48
19 41
33 40
29 34
1 11
31 33
13 33
24 47
13 42
27 44
26 48
17 39
36 40
21 35
30 36
12 49
27 34
44 45
5 48
17 24
40 44
26 35
8 49
20 28
36 45
5 49
12 42
10 49
4 5
6 17
29 46
11 22
31 48
22 44
3 28
42 48
22 23
25 30
6 48
15 25
29 49
36 48
10 28
13 49
5 17
35 43
9 34
7 44
5 7
26 40
23 47
44 47
22 25
11 47
24 41
9 44
20 45
4 24
28 35
15 46
15 40
15 38
32 39
12 29
27 29
25 32
14 39
22 48
34 39
35 36
11 38
25 44
3 25
5 30
34 37
18 40
10 18
25 47
35 42
7 34
12 30
24 42
16 17
33 43
23 45
28 46
14 42
47 48
1 2
15 39
13 29
33 34
23 40
8 36
6 14
23 27
13 30
19 42
1 25
34 38
16 33
0 26
1 17
19 38
8 26
21 41
19 48
0 39
20 25
1 14
9 29
17 45
5 14
28 33
24 38
0 21
1 29
30 40
30 42
4 33
16 45
22 35
4 30
48 49
20 30
43 48
14 45
11 32
17 42
35 39
13 36
0 2
4 37
39 48
21 29
4 27
31 37
9 23
32 48
