50 1189 1003.6144678112208 dense
0 374 630
1 876 165
2 997 917
3 483 35
4 935 930
5 698 664
6 157 151
7 59 364
8 373 957
9 93 319
10 964 677
11 76 928
12 715 645
13 11 607
14 778 848
15 600 674
16 589 542
17 373 742
18 378 22
19 566 970
20 31 401
21 676 371
22 702 58
23 348 233
24 803 19
25 114 963
26 440 520
27 219 249
28 430 862
29 802 789
30 777 492
31 129 681
32 543 862
33 688 129
34 663 413
35 272 472
36 966 257
37 693 71
38 155 73
39 308 286
40 634 312
41 935 409
42 876 857
43 192 794
44 708 866
45 691 987
46 369 377
47 241 763
48 815 229
49 856 695
22 37
5 12
21 34
7 20
11 25
7 9
43 47
33 37
2 4
14 29
23 39
14 44
22 33
21 40
6 38
1 48
4 42
27 39
14 42
5 15
29 42
9 20
34 40
3 18
22 24
29 49
10 49
39 46
19 32
8 28
0 17
28 32
6 27
12 15
29 44
24 37
44 45
19 45
0 26
1 36
31 43
23 27
15 16
17 28
17 47
2 42
35 46
30 34
31 47
13 31
9 27
23 46
16 34
12 49
16 26
36 48
36 41
21 30
24 33
26 46
5 49
33 48
5 29
12 16
42 49
1 24
5 16
14 45
32 44
12 30
12 29
42 44
14 49
19 28
26 35
19 44
4 14
11 43
30 41
6 9
25 43
27 38
0 35
0 47
17 43
5 30
35 39
33 40
1 33
16 21
8 19
32 45
4 29
16 30
8 32
15 32
10 29
7 27
27 46
21 48
40 48
37 48
10 42
5 14
5 44
6 39
1 22
22 48
1 37
13 20
6 23
17 32
24 48
12 14
3 37
18 23
28 47
8 17
41 48
9 39
30 49
3 22
15 44
12 44
15 26
3 33
42 45
44 49
29 45
18 38
27 35
2 14
30 40
0 15
17 26
0 16
15 29
2 29
11 47
16 40
6 7
8 47
14 32
9 35
4 44
25 47
15 17
12 34
0 28
34 48
7 35
3 23
20 27
2 10
21 33
8 43
14 19
0 43
26 34
28 43
7 13
4 49
37 40
14 15
0 31
4 45
23 38
23 35
1 41
10 12
20 35
5 32
17 31
11 31
10 14
0 46
31 35
5 34
15 28
9 38
15 30
4 10
6 18
15 49
8 25
13 43
7 39
21 41
38 39
5 42
22 40
2 49
10 30
30 48
12 42
5 10
15 34
26 39
29 32
9 23
10 41
34 41
40 46
18 39
16 46
12 21
12 32
18 27
13 47
28 44
21 26
6 20
9 46
25 31
1 40
26 40
33 34
0 32
1 21
17 35
24 36
28 45
35 47
2 44
5 21
13 35
16 17
5 26
34 46
20 31
23 40
41 49
19 29
15 19
29 30
8 11
17 19
9 13
20 39
21 37
23 26
30 36
12 26
3 39
33 36
7 38
21 46
16 49
6 46
7 46
21 36
15 21
2 45
21 22
26 47
3 40
40 41
7 23
32 47
10 44
18 37
8 45
3 24
12 41
5 45
16 32
7 31
16 35
0 5
15 45
18 22
16 29
1 34
0 8
39 40
11 13
18 33
19 42
3 38
36 37
22 36
15 42
25 28
35 43
32 42
5 28
5 19
5 17
45 49
36 40
26 30
24 40
20 46
3 27
17 25
34 36
6 35
0 12
1 30
34 49
26 28
12 40
12 45
34 37
16 44
3 6
8 44
5 41
14 28
26 27
26 31
0 39
11 17
20 38
28 31
32 49
18 46
12 17
23 33
21 23
14 30
4 5
22 34
26 32
17 44
16 28
32 43
12 19
5 40
12 28
20 23
14 16
4 12
11 28
3 46
0 34
8 15
23 34
15 40
0 13
9 31
10 15
17 46
8 31
26 43
15 47
13 25
21 49
16 41
4 19
38 46
33 41
30 33
21 24
15 46
34 39
21 39
30 42
28 29
16 39
30 44
23 37
3 48
15 35
19 47
16 48
13 17
18 40
31 46
3 21
0 19
2 5
2 12
16 23
22 23
34 35
35 40
0 21
0 23
4 32
10 16
19 49
10 34
29 34
9 26
17 45
29 41
33 46
46 47
0 44
0 40
33 39
0 27
9 18
7 26
24 41
16 47
0 7
0 20
10 45
19 43
1 3
13 27
37 41
35 38
21 35
24 34
20 47
14 17
3 34
0 9
8 14
27 40
10 36
10 21
28 35
22 41
0 11
4 15
0 25
30 46
16 33
20 43
18 24
15 43
13 46
20 26
0 30
16 42
15 41
12 48
16 19
30 37
17 29
31 39
2 19
21 29
5 46
13 39
5 8
26 44
12 46
13 26
30 32
7 47
17 34
22 30
25 32
37 39
27 31
8 26
40 49
37 46
28 42
14 34
7 43
5 48
26 29
26 49
36 49
31 32
41 42
19 25
43 46
22 39
34 44
16 45
0 29
2 32
28 49
18 21
0 14
10 32
17 39
8 29
22 46
12 36
18 35
8 12
26 33
32 34
6 26
2 15
4 30
14 41
23 48
5 35
19 26
5 47
7 18
48 49
8 16
9 47
46 48
16 43
14 26
15 31
11 32
16 27
10 48
16 36
21 27
27 34
24 30
1 16
26 48
32 35
17 30
12 35
0 45
44 47
2 30
6 13
17 21
16 31
39 47
16 37
3 9
17 20
18 48
18 34
27 33
9 43
3 35
17 49
15 39
0 49
3 26
5 36
14 21
12 47
28 46
13 28
7 17
11 19
10 40
34 42
15 48
10 19
8 35
21 44
11 35
16 22
23 31
23 30
18 26
30 45
45 47
23 24
17 40
13 23
6 40
8 13
30 35
29 40
28 34
1 12
27 37
28 30
9 17
26 41
15 23
21 32
4 28
17 23
39 48
41 44
2 41
30 39
8 42
18 20
27 47
32 46
26 37
25 35
17 42
17 27
12 33
3 16
1 18
22 27
1 10
4 16
43 44
4 41
39 43
5 43
19 30
19 31
21 42
0 6
11 20
1 5
26 38
26 45
1 49
6 31
22 26
6 33
3 36
1 23
43 45
5 33
38 40
33 38
3 7
37 38
33 35
23 47
9 40
6 37
12 39
5 39
3 30
14 47
12 43
9 16
27 43
11 26
10 26
22 38
34 47
21 28
8 49
1 46
25 26
0 42
26 42
12 23
15 33
6 22
13 38
2 16
15 36
14 40
5 23
29 36
32 40
40 44
7 16
29 48
16 18
29 47
1 26
24 39
24 46
4 8
6 21
7 11
16 24
10 28
19 34
15 25
41 46
20 25
5 31
2 28
6 34
15 27
12 37
34 45
16 20
7 40
25 45
9 34
19 35
1 15
8 46
1 39
35 37
3 20
46 49
13 16
23 43
11 15
6 16
4 34
9 21
21 47
28 40
3 41
12 31
12 22
35 44
26 36
14 43
28 39
13 32
33 49
0 33
0 10
4 17
13 15
5 37
10 17
35 48
44 46
0 48
40 42
27 48
22 35
31 34
29 46
40 47
0 38
32 41
21 38
30 47
7 25
25 44
0 41
2 34
0 3
34 43
7 34
5 22
36 42
31 44
0 18
31 38
27 30
36 46
19 21
9 11
20 40
20 28
29 43
15 37
34 38
23 41
10 33
8 30
4 21
21 45
8 34
18 30
7 21
29 35
6 47
11 45
23 36
24 26
47 49
9 15
14 48
14 36
7 28
32 39
7 15
14 46
11 46
15 22
9 33
19 46
35 49
2 8
31 40
41 45
24 27
1 29
21 31
6 17
14 35
42 48
15 20
20 34
12 24
18 36
2 21
5 27
23 28
12 27
16 25
11 44
0 4
39 41
16 38
9 28
25 46
31 45
42 47
11 16
4 26
21 43
0 37
6 43
9 25
37 49
20 21
44 48
2 17
27 28
9 37
3 15
24 38
3 12
8 20
17 41
5 24
8 10
40 43
22 49
5 25
30 43
23 32
36 39
6 24
0 22
8 21
2 36
36 44
19 40
1 27
9 22
6 48
13 19
10 37
35 45
3 5
35 41
10 46
29 33
14 31
7 8
43 49
7 33
19 41
10 22
4 36
14 25
8 39
30 31
5 11
17 48
40 45
10 24
1 35
24 49
38 48
18 41
28 41
12 25
13 34
29 31
11 39
39 49
2 26
0 1
6 15
15 24
0 2
23 49
42 43
4 40
15 18
20 32
32 48
17 33
13 40
5 13
45 46
1 14
13 18
1 42
27 32
11 27
7 32
38 47
8 40
5 9
8 9
24 35
42 46
7 37
11 12
0 36
9 12
17 38
25 39
18 31
39 44
29 39
12 13
9 32
9 30
2 40
13 21
5 7
11 14
6 30
12 18
25 29
20 33
4 48
2 48
7 22
7 12
4 47
3 17
35 42
5 20
5 18
23 29
1 6
17 18
1 44
25 27
10 35
38 43
8 23
8 27
14 33
12 20
29 37
35 36
1 38
31 49
9 48
10 47
23 44
7 30
19 39
14 39
27 41
3 31
33 44
22 29
32 36
11 29
20 37
28 48
3 13
17 37
13 44
6 12
5 6
11 23
0 24
27 36
32 33
15 38
30 38
14 23
20 30
33 42
18 47
20 22
4 43
3 49
17 22
10 23
6 28
1 2
10 39
1 17
17 36
23 25
3 47
1 4
31 42
7 48
45 48
19 23
25 42
24 29
9 24
2 47
1 32
13 30
33 47
28 33
25 34
27 49
13 45
41 47
36 45
10 43
11 34
19 20
6 11
14 37
19 48
47 48
8 41
31 33
27 44
25 49
7 19
4 46
14 22
18 43
27 29
37 44
1 9
39 45
19 27
12 38
3 10
5 38
20 48
11 42
13 14
9 19
32 37
39 42
4 35
37 42
22 44
28 36
6 32
13 29
3 43
6 25
25 30
11 49
2 43
6 36
21 25
23 42
19 36
22 42
11 21
3 29
14 27
22 32
6 41
7 24
7 44
20 44
31 48
4 25
9 44
18 49
11 30
37 47
1 28
2 46
23 45
3 28
13 33
3 32
14 24
33 43
31 37
11 40
36 38
25 40
28 37
6 8
10 31
28 38
41 43
4 33
1 7
43 48
24 42
17 24
18 28
22 47
1 45
4 31
2 33
22 31
9 41
22 28
38 41
13 49
19 33
9 49
9 29
31 41
2 35
8 48
24 44
7 29
18 32
33 45
11 38
4 11
10 27
3 44
20 24
1 19
7 49
20 29
3 14
9 14
7 14
13 37
14 20
1 47
9 36
20 49
27 45
18 29
7 41
1 20
10 18
32 38
37 43
24 32
13 22
20 45
36 47
2 25
6 49
8 33
7 45
13 48
25 38
4 37
27 42
22 43
9 45
10 25
4 39
2 37
2 31
13 42
4 22
6 44
20 41
18 44
6 29
1 31
19 37
2 22
8 38
3 42
4 23
7 36
6 19
37 45
8 36
14 18
2 24
4 24
2 11
24 28
19 22
10 11
3 8
22 45
1 43
24 47
6 14
2 39
8 18
38 49
1 8
31 36
3 19
9 10
8 37
36 43
2 23
24 31
13 41
20 36
9 42
7 42
11 18
10 13
8 22
7 10
20 42
6 10
29 38
18 19
38 44
1 13
18 42
10 20
3 45
24 45
18 25
4 13
19 24
3 11
13 24
19 38
24 43
4 27
25 41
6 45
14 38
3 25
3 4
11 41
