50 937 746.3357153453129 dense
0 81 31
1 542 167
2 962 675
3 40 424
4 541 469
5 357 442
6 563 803
7 112 568
8 446 320
9 340 132
10 545 414
11 649 793
12 622 903
13 879 437
14 36 576
15 42 205
16 842 293
17 372 69
18 864 23
19 767 447
20 493 826
21 122 697
22 209 309
23 72 530
24 157 32
25 543 64
26 871 776
27 133 748
28 38 946
29 935 971
30 970 754
31 156 635
32 34 120
33 365 573
34 118 560
35 106 822
36 548 237
37 381 860
38 139 318
39 586 13
40 26 554
41 319 426
42 393 827
43 226 813
44 720 65
45 988 659
46 227 328
47 397 872
48 481 110
49 763 274
7 34
37 47
14 40
22 46
2 45
37 42
5 41
42 47
23 40
21 27
23 34
4 10
7 23
14 23
25 39
1 36
22 38
9 17
21 31
6 20
0 24
7 14
25 48
27 35
2 30
7 31
16 49
1 48
14 34
31 34
15 32
6 11
7 40
38 46
34 40
30 45
20 42
0 32
26 30
1 25
20 47
3 23
13 19
11 12
27 43
27 31
6 12
17 48
20 37
35 43
21 35
7 21
3 40
5 33
8 36
14 31
41 46
23 31
2 26
8 10
21 34
28 35
9 48
39 48
36 48
39 44
3 38
14 21
13 16
15 38
18 44
12 20
5 8
24 32
3 14
31 40
33 41
21 43
3 34
11 20
1 39
22 41
3 7
37 43
8 41
26 45
42 43
17 25
16 19
6 42
21 40
5 46
19 49
25 36
21 23
4 8
25 44
10 36
0 15
6 47
1 8
43 47
7 27
4 5
27 34
5 10
6 37
31 43
31 35
1 17
15 22
14 27
5 22
13 49
3 22
4 33
1 9
1 44
26 29
15 24
9 24
38 41
3 46
8 48
44 49
9 25
8 9
31 33
17 24
36 49
3 15
8 46
27 28
29 30
9 22
17 39
27 40
15 46
23 38
11 26
32 38
10 19
4 41
9 46
10 41
23 27
4 19
12 47
36 39
28 43
4 36
9 36
8 22
10 33
3 31
12 42
34 41
34 38
44 48
36 44
17 36
12 37
1 49
1 10
13 45
33 34
5 38
7 41
7 38
2 13
7 33
7 35
23 46
33 42
14 35
34 46
22 32
11 42
16 44
10 49
22 23
38 40
8 17
34 35
21 28
11 47
31 41
8 33
7 46
5 34
22 34
20 43
23 41
7 43
18 49
16 18
27 42
27 37
21 33
9 39
8 25
9 38
34 43
5 7
11 37
7 22
33 43
35 37
14 38
0 9
18 39
5 31
3 41
12 26
35 40
5 36
33 46
22 24
20 33
32 46
3 21
24 38
35 42
33 37
17 22
27 33
27 47
0 38
0 17
23 35
9 41
35 47
4 49
23 33
17 46
36 41
2 29
5 23
16 36
2 19
21 42
33 47
1 4
40 46
19 36
6 33
14 43
3 32
25 49
24 46
31 42
22 40
21 37
0 22
9 32
19 45
22 33
9 15
8 38
6 26
5 9
10 48
14 46
31 46
39 49
29 45
31 38
3 5
14 22
31 37
40 41
14 41
12 29
8 49
10 16
23 43
11 30
18 25
1 16
21 47
48 49
15 23
40 43
14 33
10 46
13 30
22 31
0 46
1 5
28 31
24 48
36 46
2 11
4 6
46 48
10 13
21 41
11 29
22 48
3 27
6 43
8 39
31 47
13 26
4 13
33 40
33 38
17 38
4 11
1 41
17 32
4 46
19 26
8 19
22 36
5 21
5 14
17 44
9 10
4 16
15 40
5 40
10 25
10 22
1 18
28 37
1 46
15 41
5 48
41 48
15 17
3 33
1 19
11 33
33 35
4 20
17 41
1 22
15 34
4 48
11 45
11 19
28 47
19 30
20 27
4 22
7 15
14 28
14 15
27 41
5 17
8 44
28 42
16 25
12 30
5 27
21 38
16 39
20 26
18 36
7 42
33 36
34 42
21 46
19 44
7 28
9 44
10 17
5 42
13 36
20 35
24 25
20 31
4 42
6 10
10 44
28 40
4 9
18 48
20 21
10 11
5 43
16 45
5 15
28 34
0 3
8 16
7 37
21 22
41 43
34 37
38 48
2 16
10 39
3 35
13 44
16 48
4 25
12 43
8 34
5 20
0 48
41 42
1 24
8 24
6 29
3 24
2 12
6 30
5 19
6 19
23 32
25 46
22 25
13 18
10 20
5 6
7 8
7 47
36 38
10 38
23 28
32 41
12 33
34 47
3 9
5 37
2 6
3 8
4 31
8 15
5 25
19 33
4 37
11 43
11 13
25 41
24 41
4 47
8 31
8 23
24 39
4 38
27 38
1 38
27 46
3 43
1 13
5 47
4 34
6 27
32 40
4 17
18 19
20 41
14 42
23 42
37 41
5 49
12 45
10 42
4 7
6 31
24 36
17 49
4 12
9 33
4 44
19 48
1 33
19 25
15 31
22 27
45 49
9 49
14 37
32 48
10 31
2 49
32 34
19 41
8 13
6 45
6 41
15 48
35 41
4 26
10 34
23 37
41 47
6 21
7 32
5 35
14 32
5 32
5 24
5 11
6 35
40 42
8 32
4 39
7 10
20 34
7 20
0 41
0 25
20 29
0 8
4 43
14 47
19 20
37 40
2 4
41 49
19 39
20 28
23 47
4 23
10 37
4 21
25 38
33 48
39 46
16 30
12 19
22 39
9 23
0 1
26 42
8 40
10 47
9 34
20 30
8 14
6 13
26 47
16 26
43 46
4 45
3 17
5 39
10 23
10 26
40 47
15 33
39 41
2 10
7 9
2 20
11 41
17 18
4 27
10 12
0 5
28 33
6 8
8 21
26 37
33 49
15 21
0 23
1 15
13 25
38 43
3 4
17 33
22 43
10 18
35 38
3 10
23 24
0 39
10 45
15 36
6 34
5 16
8 20
6 7
35 46
10 21
8 42
1 32
0 36
10 43
25 32
8 18
12 27
26 49
20 23
8 11
4 30
13 48
13 39
4 14
11 31
11 27
15 25
16 17
14 20
4 40
3 28
5 13
12 35
20 45
30 49
22 35
5 44
0 40
42 46
9 40
32 36
9 16
31 32
24 34
8 27
0 34
10 27
9 19
11 49
13 33
5 12
12 13
19 42
10 14
9 18
9 31
11 21
3 42
11 16
13 29
10 40
12 31
34 36
7 24
0 7
9 14
24 40
46 49
25 33
41 44
16 41
8 43
20 40
12 21
38 39
3 36
3 48
11 35
8 37
6 28
10 30
10 24
10 15
26 33
17 19
0 14
29 47
7 36
13 20
22 42
17 23
19 29
15 27
4 18
17 34
19 46
16 33
3 37
37 46
8 47
22 49
14 24
31 36
44 46
23 36
13 41
4 35
29 42
32 33
6 23
32 39
7 17
19 47
1 3
24 44
4 15
20 46
29 37
11 36
12 41
19 37
6 49
6 36
22 44
38 42
46 47
3 47
6 14
19 22
15 39
22 37
1 34
34 48
24 33
11 34
6 16
30 42
4 24
6 46
7 11
21 32
30 47
12 28
23 48
1 7
7 48
2 42
10 32
20 22
28 41
20 36
6 40
22 47
37 38
1 23
17 40
5 28
2 47
30 37
10 35
0 10
33 39
2 36
24 31
9 21
3 20
2 33
17 31
8 35
1 31
6 22
14 17
0 31
8 12
12 34
36 45
2 37
36 42
7 12
36 40
38 47
0 33
5 26
14 36
20 49
4 32
16 46
31 48
42 45
3 25
20 38
9 13
33 44
15 35
13 42
8 26
38 49
2 8
13 17
21 36
11 46
45 47
26 36
33 45
11 28
30 33
16 22
38 44
11 23
1 11
0 4
15 43
40 48
27 32
28 38
1 6
16 20
4 29
19 31
8 45
37 45
0 44
19 38
6 38
14 48
12 49
36 37
1 40
3 6
26 43
28 46
18 45
2 5
12 16
13 47
9 27
11 14
1 14
44 45
24 49
36 47
19 43
25 34
13 37
26 41
11 22
2 44
5 18
27 36
19 34
1 2
2 18
22 28
36 43
1 20
13 46
23 25
7 25
1 45
12 23
42 49
21 24
7 19
0 21
11 40
5 45
30 36
12 36
12 14
17 21
1 21
1 42
18 41
10 29
8 30
13 22
3 39
16 29
5 30
21 48
32 44
2 41
25 31
9 43
12 40
19 21
1 26
15 44
4 28
29 33
11 38
9 42
12 46
16 42
6 48
37 49
19 23
47 49
19 27
11 48
16 38
34 49
32 35
31 49
18 46
18 24
6 9
41 45
1 27
9 20
1 37
3 11
25 40
15 42
7 49
18 22
20 48
24 27
29 49
0 27
32 43
1 43
1 47
17 27
34 39
14 25
42 48
12 22
0 49
15 49
29 43
1 30
27 48
26 44
3 19
9 35
26 31
30 41
23 39
9 37
9 11
7 39
16 47
16 37
11 44
30 44
16 24
35 36
10 28
11 25
23 49
15 37
19 24
3 49
26 27
18 30
6 25
1 12
2 25
15 28
2 48
9 47
14 19
18 33
25 45
32 49
30 43
