50 849 643.8982838927279 dense
0 877 524
1 563 392
2 938 186
3 616 294
4 209 941
5 834 28
6 915 366
7 178 842
8 724 209
9 336 698
10 526 532
11 314 806
12 541 433
13 88 614
14 111 999
15 772 195
16 701 749
17 530 638
18 97 335
19 480 718
20 287 334
21 624 603
22 462 294
23 162 847
24 32 119
25 836 603
26 357 526
27 133 721
28 294 372
29 118 396
30 56 843
31 940 492
32 871 371
33 740 66
34 162 562
35 924 13
36 771 921
37 206 956
38 119 494
39 267 597
40 458 669
41 757 122
42 27 656
43 227 845
44 486 651
45 859 807
46 585 591
47 337 860
48 95 24
49 72 419
4 37
7 23
40 44
20 28
21 46
6 32
17 44
1 12
7 43
8 15
29 49
19 40
33 41
11 47
18 29
23 43
19 44
0 31
17 46
13 42
15 41
17 40
34 38
10 46
18 49
38 49
0 25
13 34
5 35
8 41
17 19
11 43
4 43
29 38
10 12
17 21
5 33
4 7
14 37
4 23
10 17
23 30
9 11
34 39
43 47
1 3
37 43
4 14
24 48
26 39
44 46
13 27
7 37
23 37
10 21
5 41
7 30
9 39
13 38
27 42
9 40
10 44
6 31
7 27
23 27
15 33
3 8
31 32
7 11
1 22
8 33
36 45
27 30
1 10
9 19
21 44
40 46
4 47
25 31
10 40
0 32
3 22
27 43
9 44
11 23
3 12
12 22
7 47
14 23
18 38
27 34
9 47
37 47
0 6
12 46
34 42
19 46
16 21
14 30
2 15
26 28
16 45
34 49
10 26
7 14
30 43
4 11
29 34
9 26
2 35
26 40
23 47
28 29
5 15
21 40
20 22
26 44
13 39
20 29
38 39
2 6
4 30
27 39
9 43
19 21
3 15
11 37
22 28
16 36
38 42
30 37
11 19
2 5
12 21
30 42
18 20
33 35
10 19
2 41
14 43
13 49
16 46
2 32
26 34
11 40
16 25
35 41
11 27
1 46
18 28
19 47
15 32
9 17
16 17
39 40
9 27
20 26
25 45
12 17
17 26
12 26
5 8
21 25
28 38
7 9
11 39
2 8
8 32
1 21
13 29
9 34
3 41
6 15
16 19
12 44
39 44
18 24
40 47
28 39
28 49
27 38
19 26
9 23
20 49
13 30
28 34
2 33
11 44
20 38
4 27
23 42
25 32
18 34
16 44
26 46
15 35
7 42
26 38
42 49
1 8
13 23
19 39
7 13
1 26
27 37
10 22
27 47
39 42
6 8
1 17
6 25
12 40
29 39
39 43
25 46
9 10
12 28
3 10
22 26
16 40
44 47
3 33
20 34
11 30
7 39
9 13
20 39
39 49
0 21
14 47
17 39
3 32
10 39
13 43
1 28
1 44
9 46
23 39
26 29
39 47
12 20
11 17
32 41
4 9
42 43
8 22
29 42
21 26
10 16
14 27
13 18
8 35
11 14
7 34
30 47
10 28
1 20
13 26
19 43
11 26
0 45
23 34
0 16
1 15
11 34
9 37
8 12
24 29
34 43
40 43
6 41
12 19
17 47
1 40
11 13
26 27
9 38
3 46
0 46
30 34
24 49
9 21
26 49
2 31
3 6
17 25
27 49
1 32
3 21
10 20
18 48
21 45
9 42
18 39
34 40
9 30
13 28
10 25
39 46
12 39
22 46
18 26
43 44
11 42
30 39
25 36
31 45
27 29
15 22
7 19
18 42
9 28
7 40
27 40
3 28
3 20
12 15
32 33
1 41
20 24
26 47
21 31
9 12
12 32
34 44
1 19
4 42
28 44
21 32
28 40
2 3
12 25
0 1
15 31
22 41
19 23
0 2
13 20
3 5
26 43
5 32
1 25
0 15
23 40
34 47
11 46
10 11
19 27
6 33
5 6
3 26
0 3
0 12
4 13
4 39
21 22
45 46
37 42
13 47
0 8
21 36
17 22
4 19
16 31
0 10
1 6
7 38
6 35
14 42
25 44
12 16
19 34
3 17
30 38
26 42
19 36
17 28
23 38
8 31
21 39
22 44
22 29
22 33
27 44
1 39
22 39
32 46
13 37
32 35
7 44
19 37
7 26
37 39
28 46
24 28
20 48
10 34
0 17
46 47
17 43
38 43
9 20
18 22
11 38
9 16
31 46
4 40
17 45
11 21
1 33
42 47
17 36
9 29
29 48
13 40
19 25
20 44
22 40
6 21
23 26
17 34
9 14
20 40
10 47
12 41
23 44
36 46
8 10
3 25
3 31
3 44
6 12
16 47
10 32
1 9
38 40
4 34
37 40
1 16
25 40
9 49
27 28
24 38
21 47
13 14
18 27
17 20
19 45
28 42
1 31
11 16
36 44
19 28
20 46
48 49
34 37
22 38
38 44
6 46
13 44
12 34
28 48
4 44
36 40
22 34
21 28
12 31
44 45
13 19
17 27
8 21
8 46
7 17
3 40
10 38
22 49
8 25
16 26
0 36
0 44
31 41
15 25
20 42
37 44
16 32
10 31
22 32
20 27
3 35
10 15
12 33
0 41
6 10
9 22
17 23
34 46
40 45
30 49
19 22
12 29
19 38
38 47
12 38
1 2
2 25
19 20
10 29
20 21
40 42
14 39
10 45
10 43
17 32
15 21
11 28
9 18
17 31
17 38
1 34
29 40
7 49
10 27
32 45
11 12
26 30
23 49
15 46
30 40
36 47
6 16
43 46
14 34
4 26
4 17
0 19
19 30
13 17
0 40
6 45
1 29
3 19
10 13
29 44
7 29
29 30
23 29
43 49
1 5
17 37
11 29
8 20
12 18
1 38
22 48
26 37
4 38
11 49
19 42
5 22
6 22
42 44
10 36
16 39
8 28
40 49
31 36
24 34
29 43
3 39
3 16
14 19
21 34
22 24
21 43
7 10
2 12
10 49
12 49
1 18
37 38
27 46
10 41
31 33
38 48
8 17
30 44
11 36
6 17
10 18
11 20
12 47
0 22
44 49
5 31
38 46
32 44
28 43
17 29
0 33
7 46
14 40
31 35
31 44
10 23
1 11
16 43
7 28
19 29
8 26
22 25
25 26
25 41
12 13
2 22
9 36
28 47
12 45
3 9
1 49
18 40
13 22
23 28
23 46
13 46
0 5
13 24
21 41
12 27
41 46
5 12
18 44
8 44
17 42
15 20
15 17
21 27
14 38
19 49
7 21
29 46
17 49
3 29
9 25
32 40
18 30
15 28
1 45
14 44
19 31
10 33
29 47
0 35
7 18
31 40
4 46
16 22
10 42
47 49
20 43
6 44
20 41
18 23
17 30
21 38
22 31
4 10
12 43
11 18
7 20
1 47
0 26
3 18
24 26
2 21
21 23
19 32
1 35
1 13
45 47
37 46
28 41
18 43
20 33
3 34
28 30
20 23
4 16
20 47
17 18
15 26
10 37
7 16
8 40
24 39
11 22
14 26
9 45
4 21
3 38
13 21
16 37
26 32
24 42
2 46
2 10
15 44
22 27
12 36
4 49
8 16
22 35
28 33
46 49
1 27
18 19
34 48
11 45
25 33
21 29
7 12
21 37
33 46
16 23
6 40
36 43
21 33
18 46
4 29
14 17
37 49
16 28
3 49
15 16
20 30
32 36
6 19
11 25
12 42
12 23
25 47
42 46
4 36
10 30
17 41
1 43
8 19
22 42
36 37
26 48
29 37
3 45
0 9
12 35
1 36
26 41
15 40
16 27
25 39
16 34
26 36
6 36
5 25
26 45
4 28
28 32
18 47
22 47
6 26
14 49
21 49
26 31
20 32
30 46
16 20
3 48
25 28
13 48
28 37
5 10
18 21
1 7
41 44
3 11
1 48
25 35
1 24
1 42
12 24
7 36
39 48
26 33
15 19
22 43
36 39
21 42
8 39
0 28
14 29
12 48
1 23
4 12
2 17
17 33
3 24
24 27
2 16
20 25
4 20
5 21
8 45
23 36
0 39
5 46
4 18
21 30
7 22
3 13
15 45
0 20
6 28
12 37
40 41
8 9
10 14
14 46
2 45
5 20
9 32
20 37
13 16
39 45
6 20
22 23
16 41
0 11
18 37
3 47
43 45
8 29
12 30
16 38
42 48
0 47
33 44
9 31
8 18
5 28
14 16
10 24
