50 688 558.656423931561 dense
0 45 537
1 357 397
2 902 326
3 164 59
4 387 850
5 804 585
6 151 966
7 994 920
8 325 318
9 169 129
10 976 894
11 723 607
12 937 884
13 767 464
14 120 794
15 522 631
16 307 441
17 564 300
18 538 787
19 579 496
20 219 366
21 686 452
22 631 579
23 646 976
24 106 557
25 216 775
26 865 497
27 164 707
28 956 544
29 533 712
30 270 537
31 497 184
32 967 434
33 912 746
34 241 999
35 63 768
36 648 689
37 668 974
38 855 223
39 169 214
40 370 118
41 249 769
42 125 311
43 908 44
44 199 883
45 144 155
46 951 407
47 616 586
48 849 309
49 752 372
22 47
23 37
32 46
7 10
25 41
9 45
10 12
2 48
14 35
39 45
0 24
1 16
7 12
3 9
18 29
15 29
13 21
5 11
9 39
1 8
25 27
38 48
13 49
2 46
6 34
6 44
11 22
19 47
14 27
14 25
19 22
3 45
26 28
16 30
13 26
21 49
15 47
27 41
39 42
5 26
36 47
20 42
11 47
25 44
28 32
11 36
22 36
2 38
16 20
48 49
19 21
8 20
29 36
27 35
14 44
26 32
15 22
34 44
8 16
41 44
26 46
2 32
5 13
14 41
17 31
28 46
21 22
15 36
12 33
1 20
46 48
31 40
15 19
18 36
11 13
29 47
21 47
25 35
3 39
15 18
2 49
42 45
5 28
11 21
20 39
4 41
24 27
10 33
4 18
1 30
22 29
24 30
26 49
32 48
5 22
6 14
2 26
13 48
5 21
13 22
35 44
20 30
27 44
11 26
38 49
11 19
21 26
35 41
38 43
4 25
9 42
5 36
8 39
5 47
26 48
13 19
4 44
7 33
13 46
2 13
5 33
13 47
17 21
17 19
8 42
27 30
4 29
9 40
17 49
6 25
46 49
13 32
11 15
19 36
8 40
13 28
28 33
0 27
38 46
4 34
19 49
3 40
24 35
18 47
6 35
21 48
11 29
18 23
8 31
5 49
6 41
19 29
20 24
5 32
39 40
16 42
32 49
20 45
2 28
0 30
25 34
8 30
18 37
18 22
1 17
40 45
34 41
5 46
0 35
16 24
30 41
11 33
11 49
14 24
14 34
32 38
8 17
0 42
22 49
21 36
11 28
5 19
9 20
15 21
1 19
8 45
0 20
25 30
24 25
8 9
24 42
1 42
22 26
2 21
26 33
47 49
13 36
1 31
3 42
24 41
13 38
4 15
11 18
28 48
6 27
13 17
1 39
4 6
26 47
4 27
16 39
17 40
28 49
0 14
30 42
21 46
15 30
33 36
43 48
4 14
26 38
2 5
16 19
0 16
1 40
5 48
21 32
2 43
12 37
21 38
17 48
21 28
36 37
5 15
19 26
1 15
15 16
17 22
23 36
23 29
4 23
18 41
29 41
26 36
20 40
17 47
34 35
0 25
16 17
18 19
29 37
13 15
14 30
1 24
11 32
5 29
17 38
21 29
27 34
16 27
11 46
3 8
12 23
15 41
4 36
4 37
0 41
8 19
30 35
19 30
3 20
40 42
29 30
32 33
31 49
13 33
10 37
16 31
1 47
18 25
1 45
19 31
25 29
11 48
8 24
22 28
22 33
5 12
1 9
21 31
19 48
1 22
16 40
16 45
31 39
7 37
20 31
9 31
16 41
2 11
1 21
36 49
15 17
33 37
5 18
4 30
4 35
33 47
28 38
15 25
30 39
2 17
24 44
10 23
28 36
12 28
13 29
9 16
33 46
16 47
0 1
28 47
20 27
11 17
0 39
16 25
15 49
22 48
12 36
24 39
30 47
4 47
11 12
10 28
17 20
23 33
16 22
18 44
7 23
16 29
30 44
5 10
31 45
0 8
3 31
17 26
31 38
1 29
47 48
43 49
22 46
22 30
4 22
18 34
2 19
1 27
43 46
5 38
22 32
15 27
18 21
18 30
15 23
15 26
27 29
8 15
2 22
21 33
11 37
5 17
15 37
31 48
29 44
18 33
11 23
17 30
7 28
0 44
16 21
46 47
19 28
29 33
18 27
19 46
32 47
10 11
19 20
8 21
5 7
2 47
10 36
1 41
19 38
13 31
1 3
23 47
37 47
19 32
31 42
12 26
32 43
0 45
26 29
8 47
1 49
13 18
22 37
22 23
27 42
17 36
14 16
17 46
8 22
30 45
15 20
4 19
1 25
24 45
20 41
17 39
29 49
23 34
4 24
11 38
15 33
33 49
36 41
30 36
3 16
16 35
32 36
20 25
29 34
15 44
41 47
12 18
6 24
5 37
10 26
1 36
17 29
36 46
7 11
4 11
1 13
16 18
7 36
19 33
4 16
22 31
14 18
31 47
30 31
2 33
9 30
22 38
8 27
14 29
16 36
5 23
1 11
15 24
21 30
17 32
6 18
0 9
22 41
34 37
19 41
17 43
2 31
36 48
1 18
8 49
9 17
30 40
20 35
19 40
12 22
9 24
14 15
31 43
38 47
18 26
12 47
12 29
17 42
14 20
25 36
33 48
0 6
7 26
25 47
15 28
13 43
2 36
17 45
6 30
8 29
15 31
23 41
11 16
16 49
10 18
12 32
12 13
20 47
1 4
24 29
16 44
26 43
28 29
23 44
8 41
19 25
11 30
6 29
40 49
15 48
22 25
21 40
10 32
13 16
35 42
17 28
24 34
1 14
30 34
15 34
0 4
20 22
21 43
8 13
19 27
37 41
18 49
3 17
10 22
20 29
27 47
8 25
25 42
29 35
1 35
10 47
41 42
23 25
20 21
7 18
18 35
19 24
12 46
37 44
10 13
10 29
15 35
11 31
14 42
26 31
18 28
15 46
22 27
27 36
19 23
1 5
12 15
0 15
19 37
15 32
7 32
2 15
10 46
17 18
36 44
18 24
3 30
19 42
8 11
8 36
0 3
27 39
25 37
4 5
6 23
38 40
19 39
4 21
7 22
12 21
1 48
6 15
11 41
3 24
0 34
28 43
13 30
7 47
5 31
7 29
31 46
7 13
30 49
36 38
15 42
24 47
1 44
34 36
44 47
29 48
24 40
4 20
7 46
8 18
29 32
40 48
26 37
6 37
20 44
5 16
29 46
28 37
1 26
8 14
0 29
13 37
8 35
21 37
8 48
10 15
17 24
22 24
21 23
33 38
13 23
13 40
15 38
23 26
31 36
1 38
12 19
18 20
22 44
10 21
40 47
29 31
22 40
0 40
23 28
31 32
20 49
2 29
11 25
15 40
4 33
0 19
4 8
5 30
20 36
14 47
14 36
8 38
21 41
24 31
4 13
19 44
40 43
12 49
15 39
14 19
6 16
5 8
1 2
9 19
5 43
4 12
23 27
27 45
19 45
0 18
7 15
14 22
18 32
14 23
13 20
24 36
16 48
34 47
11 20
