50 1189 1022.7511916394916 dense
0 471 101
1 90 784
2 150 292
3 586 715
4 377 470
5 997 380
6 769 138
7 50 183
8 117 362
9 657 277
10 884 775
11 587 552
12 487 448
13 799 418
14 939 47
15 421 552
16 596 967
17 615 890
18 332 183
19 893 70
20 225 268
21 544 739
22 385 481
23 424 28
24 221 930
25 784 396
26 372 291
27 887 878
28 976 585
29 60 802
30 157 272
31 304 984
32 184 105
33 973 927
34 856 540
35 906 639
36 52 514
37 968 670
38 396 74
39 147 491
40 31 48
41 132 211
42 359 93
43 948 189
44 377 296
45 157 658
46 443 213
47 785 635
48 593 650
49 243 4
26 44
4 22
2 30
13 25
1 29
38 42
3 21
14 19
23 38
3 48
30 41
20 30
35 37
2 8
2 20
16 17
15 22
0 38
2 41
28 37
7 41
0 23
28 35
23 42
4 15
18 42
36 39
11 48
8 30
27 33
24 31
21 48
10 27
26 46
44 46
12 22
20 41
34 35
4 12
0 42
18 46
18 26
0 46
32 49
32 41
34 47
35 47
18 44
12 15
18 38
28 34
19 43
8 39
10 37
13 34
7 40
18 20
10 35
7 30
6 19
14 43
1 45
8 20
11 12
42 49
42 46
38 46
2 7
20 26
8 41
20 44
7 32
25 34
0 18
3 11
32 40
8 36
11 15
17 21
18 32
39 45
20 32
38 49
30 32
10 47
34 37
29 45
4 44
9 25
32 42
10 33
3 17
36 45
6 9
4 26
18 23
23 49
22 44
23 46
6 43
37 47
12 44
2 32
22 26
7 8
40 41
11 21
47 48
6 14
7 20
12 26
1 24
18 30
5 43
28 47
15 48
26 42
2 39
18 49
9 13
5 13
18 41
42 44
24 29
5 28
10 28
2 18
5 34
5 25
11 22
0 26
32 38
3 47
11 47
26 30
0 44
40 49
13 47
26 38
30 39
20 42
30 44
2 26
38 44
27 37
9 46
15 21
20 46
4 11
2 44
12 48
4 39
3 15
16 21
41 49
20 39
10 34
22 39
25 47
12 46
27 35
17 48
9 12
2 36
13 28
13 35
0 49
11 13
11 25
23 32
3 16
4 20
26 41
41 42
0 9
30 40
33 37
6 25
20 38
41 44
15 44
21 47
7 49
27 47
30 36
25 43
26 32
20 49
8 26
4 46
15 26
8 32
20 22
22 48
23 26
8 44
11 34
25 28
30 42
2 40
32 44
25 35
23 44
17 27
1 36
13 43
22 46
5 35
24 45
8 18
39 41
32 46
9 44
15 39
4 48
30 49
4 8
6 13
7 18
9 11
15 45
3 12
34 48
9 26
0 32
29 36
2 4
2 42
22 45
46 49
4 45
4 18
5 37
30 46
16 31
10 17
1 31
8 22
20 40
33 35
4 30
12 21
0 20
38 41
1 39
8 45
0 6
20 36
26 39
12 25
39 44
2 22
2 49
18 22
21 22
13 37
2 46
3 10
9 43
16 27
29 31
27 28
17 47
12 18
3 22
22 30
13 48
30 38
41 46
20 23
35 48
36 41
12 13
9 19
26 49
4 21
10 48
16 48
25 48
12 20
44 49
3 34
7 42
3 4
7 39
29 39
17 31
8 40
5 19
4 36
2 38
3 35
9 34
18 40
25 37
11 35
9 38
7 36
40 42
11 44
5 47
5 6
6 46
22 36
5 14
11 26
9 18
11 17
27 34
7 26
15 46
9 22
4 9
9 23
10 21
28 33
3 27
12 39
21 31
19 25
23 41
15 20
7 44
10 16
33 47
0 12
9 42
12 47
5 9
0 41
4 41
0 30
31 45
8 46
8 15
18 39
17 33
13 19
23 30
8 42
6 23
9 15
7 38
34 43
9 14
3 13
38 40
2 45
10 13
11 46
22 41
21 34
21 27
15 36
2 12
10 11
27 48
15 47
0 2
12 30
21 24
3 25
37 48
2 15
21 35
16 24
12 42
4 42
6 38
9 48
16 33
8 49
15 18
8 12
9 47
12 34
2 23
0 4
14 25
16 47
17 35
3 37
15 30
12 38
30 45
25 46
32 39
28 48
22 42
0 22
15 17
3 31
26 36
11 28
12 45
36 44
10 25
23 40
7 46
15 25
21 45
20 45
17 24
4 38
13 14
28 43
11 37
8 38
13 15
1 15
33 34
7 23
39 46
22 38
22 25
13 21
13 46
5 10
3 28
6 34
6 42
4 32
4 25
44 48
11 16
17 37
21 25
26 40
13 22
6 12
25 44
26 48
6 44
1 8
1 22
0 19
44 45
3 24
12 23
17 34
25 26
4 13
26 45
1 4
6 26
40 44
22 32
12 41
15 24
22 47
0 7
21 37
32 36
0 25
9 20
3 45
18 36
4 7
15 34
45 48
15 29
13 44
6 18
9 35
0 8
12 36
4 47
3 33
31 48
11 45
11 27
0 40
9 28
8 29
3 9
40 46
11 39
4 23
5 11
24 39
13 26
15 41
15 31
41 45
7 22
11 18
24 36
15 16
39 42
16 35
35 43
6 11
8 23
0 15
22 23
0 13
1 21
22 29
12 32
39 40
21 28
4 29
11 20
12 17
12 35
46 48
15 42
24 48
0 11
36 40
21 39
3 44
13 27
21 33
17 22
33 48
19 23
0 14
19 34
19 46
17 28
21 44
39 48
22 34
43 47
3 26
9 21
16 37
22 24
15 38
21 26
37 43
4 17
4 34
4 49
0 43
38 39
4 24
5 48
7 45
21 29
6 28
15 35
3 39
25 27
36 46
1 2
9 49
39 49
19 38
6 47
22 49
18 25
16 34
14 34
9 30
1 3
9 37
9 32
25 38
43 46
15 32
18 45
13 17
12 49
8 11
0 39
2 9
12 28
2 11
22 31
5 27
7 12
11 43
11 42
11 30
17 45
4 6
10 15
10 12
5 12
11 38
23 25
6 22
14 23
1 30
11 31
31 39
2 29
4 31
6 35
1 12
1 48
36 42
19 28
25 42
3 46
17 25
13 18
14 46
7 15
15 23
11 24
34 46
12 43
45 46
9 41
12 37
16 22
13 38
3 5
12 16
20 48
44 47
3 29
31 36
1 20
19 42
18 48
1 17
21 46
11 36
16 45
26 47
34 44
13 33
1 16
11 33
29 30
16 28
14 28
23 39
6 15
21 36
13 23
6 48
6 49
4 16
46 47
14 38
26 34
22 35
36 49
4 40
8 9
13 42
9 10
5 33
23 43
1 11
11 23
12 24
9 39
32 45
29 48
12 29
12 19
4 35
15 28
8 48
36 48
36 38
20 29
22 40
6 20
15 37
16 29
17 29
0 48
19 44
25 33
38 43
19 26
1 44
12 31
1 26
6 37
11 41
15 27
20 21
19 35
2 48
8 21
3 36
11 19
18 19
20 25
1 41
3 20
19 47
15 49
30 48
8 24
5 21
5 46
10 22
43 44
14 42
43 48
11 29
0 34
26 43
13 16
6 32
3 8
12 27
0 36
10 43
3 18
4 10
27 31
14 35
13 20
31 47
18 21
29 41
0 5
2 21
42 43
29 44
26 29
42 45
22 28
5 15
16 25
11 32
1 7
42 48
12 14
19 37
3 6
21 30
12 40
2 3
14 47
38 48
4 28
23 36
22 37
7 9
9 17
14 44
17 39
11 14
18 43
10 31
3 30
14 26
7 29
0 47
5 22
14 18
40 45
14 37
4 37
0 3
5 44
4 5
6 30
45 47
9 45
35 46
35 44
38 45
5 26
18 34
22 43
4 43
24 47
41 48
5 17
15 40
26 35
2 6
3 43
25 30
0 45
17 44
15 43
18 47
22 27
6 41
6 21
2 24
0 21
2 25
9 27
25 39
23 48
17 26
11 49
6 10
1 18
8 31
9 36
28 46
7 11
4 19
24 44
19 48
4 27
19 49
19 22
39 47
16 39
34 38
13 39
24 26
13 30
45 49
24 30
2 13
20 24
3 42
28 44
9 40
25 32
15 33
8 25
24 27
25 49
34 42
3 38
20 47
21 41
23 34
1 46
31 33
26 28
21 42
5 23
5 38
15 19
18 29
17 36
25 41
3 41
25 45
10 24
21 38
32 48
12 33
21 43
38 47
23 45
8 13
13 45
1 32
20 34
42 47
6 8
13 32
27 43
0 35
31 44
9 16
13 49
5 18
31 35
14 48
37 46
26 31
19 20
14 49
10 44
13 41
17 46
37 44
0 28
5 42
29 46
4 14
14 22
10 26
10 19
16 44
3 23
23 47
26 37
16 36
29 32
31 34
34 45
2 31
19 32
34 39
1 47
5 16
16 26
3 19
10 46
6 39
7 48
20 31
6 7
21 23
8 47
2 47
9 33
14 15
24 41
30 47
8 17
30 31
20 43
43 49
21 32
10 14
3 32
18 35
17 20
31 37
48 49
10 45
22 33
1 40
33 43
25 36
1 42
36 47
6 40
7 21
29 47
24 35
24 34
14 20
2 34
30 34
35 45
6 27
11 40
24 46
4 33
13 31
24 33
13 36
29 40
19 21
3 7
18 24
0 37
3 14
14 32
2 17
25 31
18 28
8 34
1 9
35 38
17 18
27 45
19 30
7 25
7 24
6 17
32 43
17 30
16 46
29 42
8 16
13 24
35 42
28 38
1 38
35 39
27 44
19 41
2 19
20 35
24 25
17 43
23 35
41 47
5 20
26 27
28 31
0 1
31 46
23 28
7 13
9 24
28 42
3 49
10 39
9 31
0 10
24 37
16 20
31 41
1 10
21 49
1 49
9 29
1 25
34 41
30 43
14 21
1 13
27 46
32 34
18 37
32 47
18 31
29 38
0 17
1 27
6 45
1 34
34 36
2 43
19 27
2 16
10 18
6 36
37 45
0 29
14 30
34 49
6 33
20 28
41 43
29 49
16 30
28 45
14 41
40 48
10 29
24 32
37 38
2 14
1 23
16 18
1 35
8 19
25 40
25 29
24 28
27 29
10 20
47 49
2 35
14 27
13 29
17 41
30 35
28 39
27 39
8 35
17 42
29 34
37 42
37 39
7 31
23 37
5 49
20 37
17 38
6 16
5 30
24 42
8 43
7 19
2 5
13 40
16 43
10 38
23 29
39 43
19 39
5 39
5 32
33 45
21 40
10 42
19 33
29 35
19 40
7 47
35 36
17 19
0 24
3 40
33 44
8 10
10 36
24 38
0 16
26 33
2 28
28 30
10 23
2 10
5 8
8 14
14 33
0 27
5 41
7 34
17 23
10 30
35 41
5 45
1 37
16 41
31 32
8 28
33 46
18 27
31 42
1 33
17 32
32 35
7 43
0 31
7 14
20 27
2 37
24 40
14 17
30 37
8 37
7 17
16 42
14 39
14 40
1 28
27 36
31 38
16 38
29 37
35 49
5 31
43 45
29 33
28 41
23 24
28 32
24 49
28 36
8 27
40 43
36 37
33 39
28 49
1 6
10 41
28 29
2 27
19 45
27 38
16 19
27 42
27 30
19 36
5 24
36 43
37 41
5 36
16 23
7 16
16 32
40 47
34 40
17 49
6 24
23 31
6 31
32 37
0 33
5 7
23 27
10 32
7 35
6 29
31 40
14 16
31 49
18 33
37 49
14 45
1 5
20 33
14 36
10 49
27 41
33 36
7 28
5 40
7 10
