50 1098 897.8474257912644 dense
0 98 76
1 854 815
2 634 707
3 955 735
4 307 256
5 935 583
6 54 213
7 998 866
8 845 85
9 460 647
10 371 381
11 839 544
12 789 119
13 120 396
14 43 111
15 43 77
16 126 306
17 13 106
18 596 964
19 792 530
20 340 592
21 642 274
22 212 867
23 758 630
24 4 140
25 45 307
26 546 933
27 912 740
28 773 599
29 562 242
30 812 104
31 479 116
32 840 231
33 38 622
34 826 539
35 925 418
36 605 603
37 666 542
38 998 279
39 309 17
40 251 167
41 503 120
42 461 15
43 972 126
44 912 620
45 138 67
46 503 126
47 137 608
48 648 183
49 723 167
41 46
11 34
31 41
31 46
12 30
14 17
14 15
23 28
17 24
19 34
8 30
0 45
15 17
3 27
5 44
14 24
11 19
0 15
18 26
0 14
8 12
19 28
15 24
48 49
28 34
16 25
12 49
11 28
21 29
36 37
6 24
0 17
13 16
21 48
6 25
1 27
15 45
33 47
6 14
31 42
5 11
29 48
14 45
4 40
11 44
19 23
2 36
30 49
41 42
23 34
0 24
6 17
13 25
5 34
6 16
11 23
34 44
42 46
27 44
28 37
3 44
12 32
19 37
23 37
1 3
30 32
29 46
17 45
9 20
32 49
8 43
21 49
29 41
6 15
3 7
4 10
28 44
0 6
2 23
8 32
8 49
19 44
29 31
40 45
9 36
39 42
5 19
7 27
11 35
24 45
1 7
3 5
23 44
12 48
38 43
23 36
46 48
34 35
35 38
41 48
5 27
34 37
39 40
30 43
5 28
32 38
5 35
28 36
2 37
6 45
32 43
24 25
11 37
19 35
2 28
29 49
0 40
39 45
31 48
30 48
5 23
12 43
2 9
16 40
4 16
23 27
6 13
14 25
31 39
32 48
27 28
19 36
6 40
35 44
21 32
21 46
1 44
17 25
20 47
32 35
16 24
21 41
1 23
11 27
14 16
13 47
10 20
12 21
14 40
27 34
0 39
39 41
8 48
4 31
39 46
3 23
3 11
46 49
41 49
15 40
21 31
3 28
16 17
15 25
34 36
1 28
9 37
0 16
4 13
31 40
3 34
4 46
10 29
28 35
0 25
2 19
4 41
4 39
16 45
21 30
13 33
11 36
19 27
2 26
15 16
1 2
10 40
17 40
1 5
8 38
29 42
24 40
25 40
31 49
42 48
10 13
43 49
4 45
2 34
40 46
4 29
30 38
10 16
40 41
4 6
25 45
37 44
12 29
40 42
2 18
7 44
2 11
3 19
12 38
13 40
20 36
4 25
21 37
22 47
23 35
1 11
5 37
15 39
0 4
8 21
1 34
29 32
2 27
9 10
13 24
14 39
29 30
12 41
4 42
12 46
10 31
10 46
35 37
5 7
2 44
10 21
1 19
10 41
13 20
13 14
35 43
19 21
38 49
1 18
9 23
9 26
22 33
4 14
16 47
19 32
42 49
20 22
20 33
36 44
32 34
11 38
17 39
13 17
30 41
30 46
12 31
5 38
34 38
11 32
25 47
25 33
2 20
27 37
21 42
9 28
29 37
21 35
3 35
4 15
29 40
0 13
6 39
35 49
2 3
27 35
10 36
21 34
8 29
4 24
19 38
9 47
2 5
10 47
1 36
42 45
16 33
13 15
12 35
24 39
43 48
13 45
20 37
1 26
4 17
5 36
21 36
1 37
9 22
30 31
30 35
11 21
10 25
26 36
4 21
10 37
27 36
7 23
4 20
29 39
22 26
10 48
16 39
8 35
8 41
12 42
8 46
31 45
9 18
3 37
4 48
7 28
21 28
38 44
9 19
32 46
32 41
21 38
32 37
16 20
6 10
7 11
37 48
18 36
21 43
30 42
38 48
35 48
29 36
5 32
8 31
0 42
19 29
41 45
10 39
7 34
19 49
35 36
45 46
23 26
18 23
28 32
3 36
21 23
19 48
10 42
39 48
31 32
37 49
9 34
0 31
34 49
18 27
8 42
4 47
10 45
28 38
25 39
9 11
7 19
11 49
32 44
18 22
2 7
40 48
29 34
34 48
20 26
16 31
1 35
29 35
6 47
26 28
21 40
18 28
23 32
0 41
0 46
11 48
26 37
6 33
0 10
11 29
2 35
20 25
12 19
10 33
10 49
26 27
7 18
20 29
28 29
9 21
9 29
16 46
2 10
20 23
4 9
16 41
21 39
12 34
36 48
15 42
9 13
9 33
13 39
37 38
10 14
23 38
4 49
3 18
5 21
29 43
19 30
18 37
11 12
1 9
14 42
20 28
2 21
20 40
28 48
23 29
28 49
30 34
6 31
14 31
32 42
29 38
15 31
34 43
20 21
11 43
21 44
10 24
32 36
39 49
12 37
16 29
11 30
19 43
16 42
10 19
37 46
10 15
8 19
2 22
10 17
18 20
36 49
37 41
6 42
9 44
7 35
4 33
8 34
3 26
13 31
40 47
19 20
7 26
17 42
10 28
6 46
4 36
3 38
5 43
6 41
29 45
4 37
8 11
14 41
10 23
14 46
23 48
9 27
30 37
15 41
15 46
7 37
23 49
31 37
17 31
5 49
18 44
36 47
13 29
13 46
27 38
43 46
41 43
2 29
40 49
13 41
19 26
7 36
22 36
24 42
25 31
6 20
24 31
18 19
9 16
5 9
13 22
12 28
26 44
10 34
24 33
18 34
26 34
11 18
5 12
24 47
11 26
36 46
20 34
17 41
17 46
12 39
8 37
44 49
5 48
10 32
25 46
0 29
31 43
10 12
36 41
20 46
5 30
25 41
10 11
20 31
28 30
19 46
43 44
24 46
20 41
24 41
9 48
4 12
11 20
19 41
33 40
3 9
31 36
5 29
14 47
5 8
2 47
25 42
6 29
36 38
5 18
30 39
44 48
14 33
13 42
10 22
12 23
20 48
28 43
35 46
27 32
29 44
12 44
37 43
17 33
35 41
3 32
16 21
17 47
12 36
38 46
9 35
2 32
19 31
8 28
38 41
10 30
25 29
26 47
9 46
42 43
45 48
5 26
9 40
2 48
34 46
30 44
13 36
4 30
9 41
23 30
34 41
9 31
37 47
0 47
4 32
14 29
13 21
16 48
11 46
9 25
21 27
31 35
8 44
15 47
12 40
30 36
8 39
11 41
45 47
31 38
15 29
28 46
21 45
15 33
31 34
2 49
9 49
23 43
0 33
28 41
8 23
1 38
10 35
4 19
2 4
3 21
22 37
8 10
11 31
37 40
1 20
0 48
29 47
36 40
2 38
20 45
20 24
9 32
16 36
33 45
4 8
30 40
23 46
13 37
14 20
28 31
37 42
17 29
24 29
33 36
16 22
13 48
0 20
23 41
8 36
20 49
32 39
20 44
20 39
4 28
0 21
10 26
7 9
18 47
1 21
1 32
22 25
23 31
17 20
4 23
7 38
16 37
20 42
20 27
4 34
6 21
10 44
32 40
45 49
6 9
15 20
6 48
5 20
22 23
2 46
26 33
21 25
38 42
5 10
31 47
8 40
2 13
2 41
36 43
2 33
27 49
4 11
46 47
36 42
21 47
2 12
27 29
3 43
14 48
41 47
20 35
2 31
19 42
16 49
3 49
15 48
35 42
39 47
25 48
27 48
20 32
27 43
4 22
14 21
23 47
22 28
9 12
10 18
2 30
5 46
3 29
15 21
3 20
0 49
3 48
9 42
12 27
33 37
5 41
25 36
37 39
10 38
28 47
18 35
3 12
34 42
4 35
26 35
17 48
44 46
1 29
27 30
1 22
13 49
24 48
41 44
3 30
9 30
2 16
29 33
9 39
10 27
1 10
11 42
17 21
19 40
9 38
21 24
12 20
5 31
10 43
12 45
7 32
18 33
36 39
2 8
8 27
3 8
19 47
1 49
2 40
28 42
33 39
9 45
25 37
31 44
47 48
1 48
21 26
6 49
19 22
31 33
39 43
2 43
6 22
30 45
6 36
42 47
0 9
28 40
4 43
20 30
9 14
13 23
33 46
8 9
9 24
14 49
3 10
23 42
13 28
33 41
34 40
13 19
13 26
15 49
23 40
12 16
7 21
26 29
4 38
18 21
25 49
0 12
34 47
6 37
22 34
21 33
11 40
1 12
1 43
22 40
9 17
16 19
19 39
11 47
11 22
4 44
9 15
8 45
4 5
16 23
37 45
16 28
36 45
22 27
2 25
1 30
17 49
7 20
2 42
0 30
16 30
8 20
22 29
16 32
4 26
35 40
24 49
23 33
13 34
32 45
40 43
18 29
12 13
20 38
1 8
9 43
0 36
21 22
47 49
11 13
34 39
0 37
35 39
28 33
38 39
27 46
16 34
13 32
5 42
33 42
7 43
6 12
13 18
22 44
27 41
28 39
12 14
1 47
14 36
0 8
12 15
11 39
13 30
7 49
33 48
11 16
8 16
42 44
3 22
16 26
38 40
22 24
26 48
14 37
0 32
3 46
24 36
27 31
19 33
23 39
26 32
7 29
2 6
2 39
3 41
4 18
6 30
12 25
7 48
14 30
15 30
15 36
18 32
17 36
1 46
24 37
14 22
4 27
44 47
7 12
12 17
5 22
15 37
1 41
19 25
3 31
1 4
18 48
23 25
7 30
25 28
17 37
20 43
12 24
7 22
27 47
26 49
6 32
17 22
8 13
33 34
7 10
1 31
25 30
18 38
26 38
7 8
22 46
22 31
32 47
5 47
25 32
17 30
0 22
5 40
6 8
19 45
40 44
22 41
25 26
8 15
8 14
6 19
22 45
11 33
13 35
3 4
14 32
16 35
18 49
15 22
26 46
16 18
24 30
2 45
35 47
22 48
15 32
26 41
25 34
12 47
6 28
6 23
26 31
26 40
33 49
13 44
3 47
0 2
28 45
11 25
0 19
8 25
8 17
34 45
43 45
5 13
17 32
23 45
6 34
1 33
2 14
24 32
30 47
22 35
8 24
18 46
5 39
1 13
16 44
2 24
11 45
18 41
12 26
6 11
39 44
27 42
0 28
5 16
22 39
18 31
18 25
14 19
0 23
35 45
0 34
13 27
2 15
2 17
16 43
22 49
12 18
18 40
26 30
6 26
16 38
3 42
33 44
27 40
15 19
0 43
0 11
14 28
19 24
8 47
27 33
14 23
1 40
38 45
13 38
18 30
17 19
25 35
22 42
1 16
7 46
1 42
32 33
14 34
13 43
22 32
6 35
0 35
7 41
24 28
15 28
5 33
