50 733 600.7004245045945 dense
0 688 829
1 691 240
2 63 467
3 30 850
4 188 511
5 284 222
6 787 775
7 628 671
8 672 920
9 45 150
10 942 815
11 863 769
12 144 459
13 966 178
14 835 978
15 453 751
16 42 670
17 336 795
18 448 563
19 391 156
20 158 987
21 462 14
22 525 269
23 225 784
24 507 57
25 209 788
26 397 562
27 589 978
28 435 303
29 309 893
30 333 43
31 615 191
32 128 971
33 557 924
34 101 563
35 743 339
36 403 292
37 553 782
38 130 964
39 29 442
40 77 32
41 834 563
42 906 893
43 447 562
44 658 125
45 987 400
46 565 359
47 375 205
48 136 347
49 332 345
18 43
32 38
23 25
28 36
20 32
20 38
2 39
26 43
18 26
19 47
21 24
27 33
4 12
6 11
31 44
2 12
10 42
36 49
1 31
36 47
10 11
0 8
5 47
22 28
22 46
8 27
4 34
17 29
2 34
15 37
14 42
28 49
17 23
1 35
12 48
12 34
0 6
28 47
8 33
12 39
22 31
1 44
16 34
9 40
22 36
15 17
5 19
19 30
17 25
11 42
5 49
21 30
2 4
7 37
19 36
23 29
5 36
2 48
34 39
28 46
33 37
0 37
39 48
25 29
47 49
3 38
19 24
19 28
3 32
19 21
6 10
0 33
22 47
24 44
30 47
6 42
1 22
0 7
5 28
4 48
24 31
8 14
1 46
4 39
24 30
31 46
19 22
36 46
20 29
0 27
35 46
3 16
8 37
0 11
6 8
5 30
3 20
15 18
15 43
3 25
6 7
7 15
29 38
25 38
5 48
10 14
31 35
48 49
22 44
29 32
15 26
19 49
24 47
27 37
25 32
15 33
15 29
23 38
2 16
16 25
20 25
3 23
22 49
11 41
6 14
0 14
21 47
7 18
23 32
11 14
7 43
28 31
22 24
20 23
4 26
16 23
4 16
9 48
6 41
17 37
34 48
4 49
12 49
13 45
41 45
21 44
26 49
19 31
0 42
16 39
22 35
35 44
15 23
7 41
46 49
21 31
6 37
12 16
43 46
31 36
18 46
8 42
31 47
17 26
35 41
18 37
8 11
37 43
46 47
5 22
43 49
14 27
15 25
18 49
0 15
25 34
5 9
29 33
35 45
44 46
7 8
23 34
0 10
7 11
7 26
17 33
30 40
24 28
24 36
17 18
17 43
30 36
28 43
1 24
18 28
26 28
17 20
21 22
7 33
26 46
1 28
4 43
15 27
4 18
17 38
19 46
29 37
19 44
26 37
26 36
17 32
36 48
12 26
36 43
5 21
6 33
10 41
18 36
13 35
5 12
4 23
8 15
5 24
4 25
47 48
28 30
23 26
5 40
1 13
3 29
14 33
6 27
21 36
28 44
8 10
21 28
9 39
27 29
1 36
25 26
44 47
2 49
3 34
26 34
22 30
30 49
28 48
22 43
0 41
18 22
4 5
36 44
16 38
4 36
9 30
24 46
12 36
7 27
28 35
11 37
3 17
1 19
17 27
13 44
5 46
16 32
23 43
18 23
7 17
2 9
34 49
1 47
39 49
7 46
30 31
19 48
16 17
22 26
12 43
4 17
40 48
12 18
1 21
31 49
4 28
9 12
23 37
27 42
25 43
18 25
2 5
12 28
17 34
5 31
9 47
6 15
12 23
30 44
12 25
16 48
1 45
5 39
24 49
16 20
19 40
41 46
41 42
26 48
26 29
11 33
35 36
12 47
14 37
25 37
40 47
11 27
7 10
34 43
9 19
9 49
18 34
2 26
16 29
33 42
13 31
7 35
2 25
1 41
0 17
21 49
7 42
2 23
37 41
4 15
26 47
18 29
0 18
5 26
8 17
29 43
4 47
0 43
21 46
23 33
30 48
8 29
43 47
18 47
24 35
37 42
7 14
18 35
35 43
16 26
25 33
3 4
1 49
5 43
18 33
15 20
43 48
33 43
5 18
18 48
2 36
0 29
2 3
9 36
21 40
18 41
5 44
15 38
12 17
5 34
41 43
26 39
4 9
7 29
10 27
11 45
25 39
29 34
10 37
12 19
35 47
30 46
8 41
15 32
44 49
23 39
0 26
2 43
26 33
19 35
22 48
2 18
15 34
6 18
10 33
4 29
6 43
34 38
36 39
40 49
20 33
1 43
1 18
34 36
19 26
4 46
2 28
13 41
31 43
3 12
1 5
2 47
15 46
18 31
3 39
1 30
32 34
4 19
19 43
11 15
18 19
35 49
26 35
23 27
39 40
4 22
7 22
14 41
7 28
9 34
36 40
10 45
7 23
15 16
9 28
16 43
39 47
16 18
8 18
8 43
37 46
28 34
15 49
45 46
25 27
15 41
6 45
12 15
12 22
22 41
31 45
2 17
20 34
44 45
33 38
28 39
46 48
21 35
26 31
24 40
20 27
32 33
31 41
12 40
12 46
3 15
39 43
7 25
2 40
16 49
1 7
1 26
18 39
26 41
6 35
18 27
9 21
27 43
13 46
7 49
7 36
14 15
6 26
20 37
23 48
11 35
25 48
15 28
28 40
7 45
17 49
13 22
34 47
8 26
6 17
23 49
2 19
4 37
33 41
4 38
12 30
26 27
27 38
25 49
37 38
27 32
19 39
15 36
11 18
4 32
12 29
11 43
32 37
0 23
21 48
3 26
8 23
17 39
4 7
24 48
9 24
6 46
41 44
5 35
13 24
15 42
28 41
4 20
7 31
22 45
0 25
8 25
27 41
35 37
2 15
26 38
43 44
18 44
0 46
15 22
20 26
26 32
37 49
4 30
17 48
4 40
2 29
6 29
17 46
0 35
10 15
28 37
9 22
42 45
19 34
2 38
30 39
17 28
34 37
2 22
2 30
31 48
15 35
12 38
30 35
3 43
22 40
11 46
34 46
3 18
17 36
2 32
24 43
26 44
36 41
5 16
18 24
11 26
18 38
38 43
12 32
36 37
2 46
15 48
18 20
22 37
20 43
3 48
10 35
22 34
24 26
8 20
18 32
32 43
9 16
12 37
16 36
0 45
26 30
16 37
23 36
15 39
23 28
22 39
3 37
11 17
12 20
7 12
2 20
13 21
7 47
29 39
30 43
14 17
34 40
38 39
3 33
18 30
25 36
14 29
4 31
25 28
16 28
7 34
32 39
12 24
9 26
12 31
39 46
1 6
8 38
23 46
13 28
8 32
7 44
12 21
41 49
21 43
29 49
18 21
17 41
15 47
21 26
0 20
4 33
10 18
4 24
5 15
10 43
1 11
25 46
17 22
1 37
20 39
9 46
28 45
31 40
6 23
18 45
1 15
43 45
18 42
33 46
5 23
1 48
5 7
42 43
7 20
7 19
44 48
14 18
4 21
11 29
14 43
30 34
6 22
5 25
8 46
1 4
9 31
16 47
29 48
3 27
0 38
16 33
13 36
5 17
13 19
9 43
9 18
35 42
0 32
7 38
6 25
37 45
17 42
4 35
33 34
41 47
2 37
15 31
7 32
0 22
0 28
8 35
7 16
40 46
40 44
3 49
6 28
0 1
7 48
1 12
24 45
17 47
13 47
10 46
29 46
0 4
36 45
31 37
22 23
29 42
14 45
7 13
23 47
15 19
11 13
2 7
