50 865 639.1658626678993 dense
0 352 791
1 240 327
2 867 619
3 865 207
4 10 362
5 526 926
6 693 957
7 937 141
8 326 489
9 410 615
10 630 354
11 488 424
12 107 467
13 616 955
14 430 64
15 227 112
16 200 340
17 70 809
18 214 28
19 378 369
20 304 241
21 688 717
22 130 466
23 870 255
24 931 345
25 613 250
26 844 420
27 581 979
28 883 101
29 222 197
30 283 117
31 459 219
32 392 913
33 328 598
34 301 317
35 477 785
36 454 389
37 322 551
38 734 514
39 67 149
40 371 687
41 199 961
42 720 152
43 303 502
44 690 729
45 975 853
46 636 911
47 257 475
48 115 704
49 75 377
21 44
12 22
8 43
1 16
13 27
33 37
3 23
13 46
11 36
37 43
43 47
15 30
1 34
8 37
4 49
7 28
8 47
6 46
20 34
5 27
6 13
19 36
9 40
9 33
15 18
15 29
27 46
19 34
20 29
5 13
12 49
3 7
33 40
33 43
37 47
29 30
16 34
22 49
10 25
0 40
1 20
3 28
23 24
9 37
8 33
5 46
18 30
6 27
17 48
24 26
11 19
0 35
20 30
22 47
0 32
16 49
8 19
1 29
7 23
5 32
33 47
4 12
16 20
29 34
16 22
1 19
35 40
37 40
16 29
26 38
25 42
16 47
19 20
1 47
5 35
12 47
15 20
8 9
19 43
3 24
32 35
23 28
3 42
9 43
14 30
20 31
25 31
12 16
14 31
10 11
4 22
19 47
29 39
8 36
34 47
15 39
23 26
34 36
18 29
2 38
5 6
31 36
19 31
28 42
1 49
8 34
8 11
22 43
1 22
10 36
16 19
23 42
9 35
1 8
34 43
0 9
31 34
1 43
36 43
44 46
18 39
19 37
10 38
4 16
16 43
1 12
0 33
8 16
40 43
8 22
32 41
12 43
17 41
27 32
2 26
11 43
30 34
21 46
35 46
8 40
30 31
2 21
7 24
9 11
47 49
11 31
9 47
21 38
2 44
14 15
36 37
11 37
22 37
20 36
25 36
3 26
11 25
1 30
36 47
1 15
11 34
14 20
7 42
10 31
15 34
30 39
14 18
38 44
13 35
8 12
27 35
0 5
35 44
4 39
10 42
21 35
1 36
10 26
22 34
32 40
13 32
6 44
39 49
0 41
15 16
9 36
12 37
18 20
19 29
29 49
1 4
16 39
34 49
19 33
34 37
11 33
11 47
12 48
13 44
33 48
16 30
22 33
29 31
22 48
1 37
20 47
33 35
6 21
40 47
0 37
16 37
32 46
33 36
1 31
12 34
14 29
9 19
1 39
13 21
24 28
8 20
10 19
0 48
20 39
15 31
3 25
5 44
40 48
12 33
23 25
37 48
2 45
16 36
11 20
24 38
10 23
43 49
14 25
20 43
11 38
19 25
5 21
1 11
19 22
20 49
4 29
19 30
47 48
31 42
41 48
4 47
27 44
8 49
43 48
6 35
3 10
29 47
35 37
2 24
33 34
0 17
21 27
14 34
22 29
20 22
5 40
1 33
16 31
24 42
25 26
11 40
16 33
34 39
12 19
25 38
23 38
0 43
12 29
7 26
4 34
26 42
9 21
0 27
15 19
9 32
12 20
11 16
1 18
6 45
8 31
10 24
29 36
8 48
18 34
37 49
9 44
14 42
19 49
0 8
6 32
15 49
36 38
9 48
0 46
25 28
20 25
36 40
14 19
8 29
20 37
18 31
0 13
44 45
16 18
29 43
9 22
9 34
21 45
4 20
19 40
21 40
25 34
12 39
30 36
26 28
32 33
40 44
31 43
22 39
40 41
1 14
4 43
17 40
14 36
31 47
22 40
5 41
35 41
48 49
0 47
4 15
10 34
24 25
5 9
35 43
8 35
8 10
30 49
22 36
17 33
3 38
1 9
21 26
33 49
9 12
17 32
9 38
4 8
9 10
7 25
0 44
12 40
45 46
12 17
0 21
10 20
26 44
9 16
40 46
32 48
17 22
11 29
32 44
10 14
11 21
21 32
2 10
12 36
25 30
11 26
36 42
11 42
4 48
10 28
20 33
15 36
10 43
30 47
31 37
14 16
27 40
11 22
17 37
11 35
38 42
13 40
2 23
15 47
11 14
4 37
10 37
11 44
4 30
15 22
10 21
29 37
4 19
32 37
11 30
35 48
2 46
9 46
14 39
13 45
8 25
35 38
7 10
16 48
8 30
12 15
18 49
34 40
39 47
18 19
21 33
36 49
0 6
10 44
35 47
2 6
1 25
19 39
22 30
27 41
17 47
1 40
5 33
11 12
19 38
33 44
33 41
17 43
30 43
16 40
10 33
9 20
8 15
1 10
26 36
4 18
0 11
9 17
12 30
10 47
0 22
25 29
4 33
35 36
1 48
15 43
9 13
31 39
9 31
25 43
31 33
21 37
38 40
9 27
21 36
31 38
19 42
9 41
3 31
0 12
11 15
17 35
8 38
37 44
38 46
8 17
15 25
9 49
22 31
2 3
23 31
27 45
37 38
36 44
33 38
0 36
29 33
31 49
11 49
38 45
13 41
9 25
11 23
25 37
2 13
10 30
6 40
32 43
25 47
10 40
16 25
0 19
2 35
39 43
7 38
20 42
19 48
2 11
5 37
8 39
19 35
8 21
37 41
40 49
8 32
34 48
10 16
12 31
38 43
17 49
18 36
26 31
3 11
30 37
8 44
23 36
10 29
8 14
30 42
28 38
33 46
41 46
28 31
21 43
6 9
21 24
4 36
6 38
14 47
18 22
2 25
43 44
18 47
15 37
3 36
25 33
11 24
34 42
20 40
4 17
12 18
26 45
24 44
14 28
5 45
36 39
14 43
13 38
18 25
2 9
27 33
10 35
3 14
9 29
32 47
13 33
2 5
2 27
5 38
36 48
19 21
11 48
5 48
19 26
10 15
41 43
5 17
4 31
22 35
0 38
2 36
21 25
14 49
4 9
8 18
34 38
9 26
0 16
37 39
31 40
19 44
0 34
0 1
37 46
38 47
24 36
5 43
14 23
5 8
11 18
4 11
18 43
2 7
30 33
7 31
25 44
4 40
16 17
12 35
24 31
8 41
41 47
27 38
2 42
6 41
21 47
15 42
15 33
21 23
0 49
11 32
14 37
25 40
13 37
22 41
34 35
29 42
20 48
27 37
2 40
14 22
44 47
12 41
35 45
11 39
5 11
19 23
23 44
11 46
20 38
24 45
11 28
1 42
1 17
6 33
29 40
10 22
7 14
3 19
9 30
4 14
1 35
12 14
28 36
26 35
0 10
22 32
29 48
2 28
8 42
33 39
18 42
8 26
8 46
16 35
5 47
32 38
43 46
32 36
1 38
10 18
22 25
12 32
7 11
26 46
18 37
10 12
9 15
17 19
26 37
17 27
2 33
3 21
27 48
5 36
7 36
0 2
41 44
14 38
26 40
17 34
14 33
19 32
42 43
26 33
14 26
11 13
21 41
26 43
21 31
0 4
8 13
2 19
2 37
6 37
3 44
12 25
13 43
9 14
25 35
0 20
27 43
8 27
26 34
25 49
36 46
16 42
19 24
25 39
10 49
2 8
21 34
10 46
39 48
9 42
6 26
2 32
31 44
13 48
46 48
16 38
3 20
11 27
37 42
42 47
13 17
21 42
20 23
31 35
34 44
11 17
20 26
17 36
20 35
6 11
2 31
19 28
23 34
35 49
21 48
14 24
3 34
17 46
44 48
2 43
5 19
30 40
46 47
42 44
9 39
18 33
5 10
13 26
0 31
9 23
32 45
9 24
13 36
3 30
26 47
8 23
15 40
33 42
1 21
31 48
6 8
20 28
41 49
5 26
27 47
10 39
6 43
13 47
28 30
19 46
0 25
30 38
10 13
29 38
15 48
32 34
23 30
1 44
27 36
7 19
16 32
1 32
22 38
6 10
10 45
5 22
23 45
10 32
0 29
3 8
11 41
30 48
1 26
3 9
20 21
21 22
9 45
4 25
17 20
0 26
6 36
16 21
26 27
39 40
23 43
19 41
22 44
9 18
4 10
28 34
16 41
5 12
8 24
20 44
10 48
32 49
23 37
17 21
17 44
16 44
14 40
0 45
36 41
40 45
2 47
10 27
7 21
4 41
12 38
4 35
17 29
24 34
6 48
24 35
13 19
12 21
1 23
3 43
1 41
20 24
1 3
26 30
7 44
24 46
40 42
12 44
