50 1194 952.6494633389556 dense
0 230 135
1 426 15
2 611 13
3 627 642
4 131 769
5 759 109
6 94 623
7 377 800
8 314 363
9 122 769
10 515 863
11 644 472
12 130 667
13 682 963
14 66 673
15 322 252
16 269 352
17 888 630
18 469 917
19 598 451
20 110 659
21 543 87
22 298 272
23 800 537
24 719 619
25 546 88
26 25 640
27 707 129
28 503 24
29 421 902
30 549 766
31 190 485
32 866 631
33 563 9
34 536 989
35 736 999
36 437 826
37 536 6
38 951 887
39 648 211
40 114 554
41 429 819
42 214 644
43 668 330
44 496 285
45 602 423
46 232 282
47 68 988
48 551 288
49 244 764
21 25
4 9
36 41
12 20
17 32
33 37
19 45
15 22
28 37
6 20
14 20
8 16
2 33
18 29
11 19
14 26
44 48
7 41
5 27
6 12
6 14
28 33
12 14
11 45
13 35
7 36
22 46
10 18
6 26
6 40
21 28
2 37
25 28
1 28
29 36
16 46
21 33
25 33
21 37
25 37
29 41
16 22
10 36
12 42
20 26
8 22
3 24
15 46
18 36
10 41
18 34
2 25
2 21
27 39
10 29
4 12
9 12
31 40
10 30
20 40
20 42
18 41
12 26
2 28
1 37
9 20
7 29
9 14
8 15
4 20
4 49
15 16
43 45
12 40
23 32
23 24
8 46
4 14
39 43
6 42
9 49
42 49
26 40
39 48
43 48
30 36
10 34
17 23
14 40
30 41
40 42
1 33
1 21
7 49
19 43
1 25
11 43
29 34
45 48
3 30
0 46
24 32
13 34
6 9
0 15
7 18
12 49
4 42
2 27
4 6
5 39
14 42
7 10
0 22
16 31
9 42
25 39
31 42
9 26
21 39
11 24
25 27
4 26
6 31
11 23
39 44
21 27
17 24
19 48
20 49
3 11
18 30
8 31
44 45
7 30
2 5
15 44
43 44
1 2
29 30
27 33
26 42
34 36
20 31
12 31
41 49
3 19
10 13
19 44
8 44
22 44
14 49
25 48
34 35
34 41
21 48
2 39
3 23
36 49
25 44
21 44
27 43
6 49
11 48
19 24
31 46
27 37
5 25
9 40
4 40
39 45
5 21
13 18
33 39
19 23
5 33
3 45
0 16
27 48
30 34
29 49
24 30
14 31
9 47
7 42
26 31
4 47
24 45
23 45
27 28
0 1
15 48
37 39
28 39
16 44
13 30
11 44
22 31
5 43
3 32
35 38
0 8
19 39
23 43
5 37
40 49
7 34
3 10
4 7
8 48
26 49
22 48
16 40
7 9
1 15
10 35
11 39
28 44
3 17
27 44
44 46
3 36
17 38
3 41
15 31
13 29
28 48
5 28
32 38
25 43
18 49
11 32
21 43
5 48
15 21
8 40
41 42
15 25
1 44
33 48
18 35
13 38
7 12
13 36
2 48
37 44
37 48
33 44
31 49
47 49
1 22
36 42
10 49
16 48
4 31
11 17
15 28
13 41
9 31
24 43
8 45
0 28
2 44
3 7
1 39
40 46
16 42
8 19
8 42
30 35
1 48
7 20
4 41
1 27
30 49
0 44
21 22
22 25
11 30
9 41
4 36
27 45
3 43
14 47
5 44
0 21
3 18
10 24
19 30
4 29
46 48
0 25
9 36
22 28
2 43
6 16
19 32
3 13
15 37
12 47
9 29
15 45
15 39
29 35
1 46
29 42
20 47
3 29
0 37
6 7
12 41
7 14
32 45
22 40
33 43
22 45
25 45
23 30
19 27
15 19
16 45
6 8
17 19
21 45
15 33
16 19
12 16
30 32
35 36
16 20
12 36
7 13
13 24
1 5
30 45
8 11
28 43
11 27
19 22
24 36
37 43
26 47
5 45
23 48
0 31
24 41
17 45
24 38
15 43
22 39
8 12
8 43
0 48
35 41
0 33
30 42
20 41
22 37
8 21
3 34
8 20
23 39
8 25
7 40
32 43
7 47
3 48
42 46
29 47
17 30
31 44
1 8
6 47
7 31
15 40
19 25
8 39
21 46
20 36
6 46
19 21
34 49
4 18
25 46
24 48
1 16
17 43
10 42
3 35
22 33
18 42
42 47
12 29
28 46
22 43
2 15
9 18
16 26
5 19
13 32
14 16
3 44
24 35
5 11
16 21
23 38
22 42
16 25
7 26
7 24
6 41
8 28
18 24
11 15
32 35
14 41
13 17
11 16
20 29
23 44
4 10
45 46
20 46
11 25
8 14
1 43
11 21
12 46
6 36
41 47
17 35
16 43
11 22
0 2
8 26
14 36
24 44
3 49
16 28
36 47
19 46
9 10
15 27
16 39
19 41
6 22
3 38
2 22
15 42
8 49
18 47
19 36
11 41
19 31
11 36
2 45
7 35
37 46
31 41
24 29
28 45
31 48
40 41
10 11
16 49
24 34
3 42
7 19
26 46
24 39
33 45
31 45
4 30
23 27
3 8
30 38
10 19
8 37
10 32
31 36
12 18
39 46
37 45
36 40
14 29
7 11
14 46
0 39
9 30
34 38
33 46
12 22
19 42
6 29
5 23
20 22
12 30
3 39
10 12
41 45
8 33
10 23
22 27
0 40
6 15
36 45
40 47
10 38
16 37
19 28
2 19
43 46
7 45
4 16
10 17
7 8
26 41
13 23
18 20
9 16
19 33
1 45
4 8
42 45
10 45
8 9
19 37
16 33
20 30
30 43
26 36
10 20
11 46
11 31
30 31
42 44
12 15
8 27
22 26
15 20
2 8
5 15
2 11
3 16
7 16
4 34
11 42
14 22
23 36
29 40
10 47
3 31
2 46
32 48
23 41
23 35
8 30
40 44
34 47
1 19
9 34
11 28
11 33
8 41
0 45
14 18
32 36
34 42
19 49
32 39
26 29
32 41
6 18
29 31
6 30
0 27
30 48
11 18
11 37
8 36
8 24
0 43
17 48
13 49
2 16
46 49
17 39
18 38
18 19
30 40
30 44
11 29
19 29
6 10
0 19
32 34
10 14
15 26
5 22
18 32
24 27
42 48
16 27
17 36
14 30
11 13
14 15
16 41
45 49
19 40
22 49
3 15
3 22
11 49
17 41
24 49
4 46
3 12
7 23
10 31
27 46
9 46
16 30
31 43
17 34
16 36
18 23
40 45
24 42
10 40
1 11
32 44
0 6
18 40
17 18
0 42
5 24
18 45
40 48
3 4
29 45
5 8
18 31
12 19
23 25
8 23
11 38
3 20
7 32
31 47
36 38
15 49
12 34
21 23
13 19
3 27
3 40
3 9
29 32
17 44
16 24
18 26
23 34
4 22
6 44
1 31
23 29
38 41
27 32
9 22
11 34
7 44
12 44
0 5
30 47
29 38
19 20
12 45
21 31
6 19
17 27
5 32
25 31
3 6
31 39
0 11
7 22
3 46
11 35
11 40
5 17
20 44
0 20
7 46
41 44
10 26
7 17
20 34
8 10
26 30
17 29
15 24
7 48
44 49
0 12
19 34
36 44
41 43
41 48
0 26
35 49
22 24
20 45
24 31
13 45
6 45
5 16
36 43
3 5
8 29
11 12
36 48
7 15
4 15
42 43
7 43
22 30
9 15
10 43
5 46
15 23
2 23
28 31
24 25
3 25
21 24
19 38
3 21
3 14
15 30
16 23
0 14
22 41
30 39
4 19
19 35
11 20
14 34
13 42
48 49
12 48
6 48
10 16
22 23
34 45
6 11
16 29
22 36
41 46
9 19
6 34
8 18
10 48
20 48
14 19
15 41
10 44
30 46
23 33
14 44
7 38
38 45
36 46
4 13
4 45
15 36
26 44
31 37
12 24
35 45
14 45
9 45
24 46
9 13
4 11
23 28
23 37
23 42
40 43
16 18
23 49
9 11
3 26
19 26
31 33
34 40
4 44
43 49
4 24
24 40
20 24
31 34
9 44
11 14
23 31
39 42
8 32
13 47
2 24
9 24
26 45
26 34
14 48
18 43
29 44
23 46
1 40
29 43
38 43
6 24
12 13
29 48
27 31
0 49
2 3
10 22
24 33
25 32
3 28
35 42
2 31
18 44
21 32
26 48
24 28
8 17
13 43
21 40
18 48
39 40
12 43
25 40
32 49
3 33
4 48
24 37
10 15
17 25
11 26
0 4
22 29
1 23
3 37
0 9
17 21
0 3
6 43
9 48
39 41
10 46
21 42
4 35
25 42
13 20
20 43
29 46
7 39
36 39
32 42
14 24
9 35
27 30
3 47
28 40
15 29
17 49
1 3
16 32
15 32
1 42
8 34
10 39
16 47
18 22
35 47
2 32
1 24
8 47
22 32
34 43
35 43
17 42
2 17
18 46
25 30
16 17
21 30
6 13
15 17
13 14
0 7
15 18
5 31
12 23
28 42
39 49
13 31
23 40
13 48
0 24
5 30
12 39
17 22
6 39
16 34
12 35
31 32
37 40
32 33
1 6
14 43
4 43
24 26
0 23
6 21
13 40
20 39
6 25
9 43
20 23
17 33
34 48
13 44
8 13
34 44
33 40
32 37
0 30
28 32
4 23
6 23
12 21
0 41
20 35
17 31
27 42
12 25
26 43
37 42
1 12
17 37
9 23
1 20
20 21
38 49
17 28
20 25
38 48
0 36
32 46
33 42
46 47
6 28
29 39
18 39
27 40
7 25
7 21
13 26
2 40
35 48
12 32
13 16
21 49
25 41
25 49
38 39
21 41
1 26
17 46
14 39
12 28
28 30
27 41
6 35
14 35
2 42
25 36
14 23
21 36
20 28
27 36
7 27
4 32
24 47
31 35
1 14
22 47
13 39
35 44
19 47
38 44
22 34
2 30
14 21
32 40
26 39
20 32
9 32
14 25
1 32
30 33
21 26
10 27
12 17
6 37
25 26
30 37
4 39
1 30
8 35
5 42
35 40
9 39
15 34
1 17
34 46
4 17
1 49
6 32
6 33
11 47
10 25
12 37
38 42
10 21
45 47
17 40
9 17
17 20
15 47
20 37
26 28
0 10
23 26
14 28
5 41
5 40
28 49
27 49
5 36
34 39
7 28
1 7
6 27
12 33
12 27
5 7
0 29
13 22
20 33
5 10
35 39
6 17
27 38
26 35
4 21
13 15
4 25
16 35
20 27
28 41
2 6
14 32
5 38
9 21
9 25
1 41
28 36
0 32
1 4
7 37
1 36
2 12
37 49
7 33
1 9
26 37
14 37
13 46
2 20
0 18
33 49
37 41
33 41
2 7
44 47
14 17
18 27
0 17
25 29
21 29
27 29
8 38
36 37
2 41
33 36
4 38
26 33
14 33
2 36
18 25
4 28
5 49
18 21
13 27
2 49
9 28
9 38
10 28
5 6
14 27
5 12
26 32
22 35
12 38
47 48
5 20
26 27
1 10
15 35
10 33
2 10
2 14
10 37
5 13
2 26
5 18
23 47
31 38
4 27
5 29
17 26
4 37
16 38
9 27
9 37
0 47
27 35
20 38
4 33
32 47
35 46
27 34
9 33
28 29
13 25
13 21
1 29
38 47
5 35
43 47
5 14
18 28
15 38
17 47
2 4
25 38
6 38
22 38
21 38
2 9
38 40
25 34
21 34
1 18
29 37
29 33
5 26
0 34
5 34
2 29
14 38
4 5
18 33
18 37
2 18
5 9
25 35
21 35
2 38
38 46
0 13
2 13
