50 1140 942.2536813406462 dense
0 789 3
1 742 16
2 385 387
3 37 616
4 188 52
5 732 184
6 270 564
7 2 733
8 814 330
9 481 582
10 637 60
11 746 276
12 58 75
13 933 763
14 265 646
15 247 103
16 832 242
17 635 847
18 560 527
19 73 975
20 366 978
21 349 227
22 165 251
23 294 633
24 601 738
25 123 421
26 112 366
27 101 89
28 118 896
29 950 632
30 581 889
31 215 835
32 301 670
33 270 208
34 913 152
35 643 283
36 15 760
37 330 242
38 291 418
39 901 374
40 182 412
41 463 998
42 881 980
43 476 565
44 394 669
45 774 970
46 575 7
47 784 921
48 774 243
49 62 186
9 43
21 37
7 36
14 23
23 32
14 32
11 48
12 27
0 1
45 47
25 26
16 48
25 40
17 30
33 37
5 48
6 23
4 15
21 33
10 46
6 14
26 40
8 11
8 16
19 28
18 43
11 16
32 44
5 11
4 27
8 48
9 18
8 39
2 38
20 41
11 35
27 49
23 44
42 45
15 33
38 40
6 32
12 49
22 33
42 47
1 10
17 24
28 31
5 16
16 34
22 49
3 7
9 44
22 26
14 44
4 12
13 29
43 44
5 35
35 48
3 36
15 27
6 38
16 39
24 30
2 37
5 10
15 21
30 41
15 37
22 40
0 10
6 44
2 21
22 37
34 48
17 47
1 46
5 8
25 38
1 5
15 22
28 36
22 27
22 25
6 40
4 33
8 35
37 38
39 48
11 39
5 34
4 49
21 22
17 45
31 32
26 38
26 49
0 5
12 15
16 35
9 23
0 34
23 43
14 31
9 24
19 31
21 38
2 43
7 28
4 22
9 32
15 49
8 34
32 43
2 40
6 25
30 47
12 22
6 43
27 33
20 31
11 34
33 49
22 38
30 45
33 38
2 6
6 9
2 33
3 25
24 43
31 36
0 46
18 24
23 38
23 31
13 47
2 9
24 44
18 44
1 34
33 40
34 39
19 36
10 35
13 42
26 33
2 18
9 14
37 40
14 43
10 48
17 41
1 48
14 38
3 14
20 30
7 31
38 43
5 46
4 37
4 21
3 6
0 48
10 11
25 49
0 16
1 16
31 44
23 40
14 40
21 40
12 33
3 40
26 37
9 38
32 38
7 19
6 26
5 39
40 49
3 23
18 35
2 22
25 33
24 47
1 11
3 26
13 45
20 28
2 23
29 39
2 25
14 25
10 16
3 32
38 44
23 25
35 39
25 37
37 49
2 26
21 26
14 36
27 37
0 11
6 31
7 14
26 27
2 35
17 42
2 44
3 31
21 27
32 40
35 46
1 35
2 14
18 23
30 44
24 45
21 49
14 28
18 38
28 32
10 34
3 28
6 18
19 20
24 41
2 32
15 26
18 32
12 26
31 41
21 25
17 20
21 35
17 44
32 36
34 35
7 32
25 32
9 17
23 36
24 32
7 23
46 48
13 17
20 44
41 45
11 18
30 42
20 32
21 46
35 37
2 15
15 40
0 35
23 28
6 7
15 38
14 18
11 46
14 26
12 37
8 18
6 36
3 38
1 8
8 10
9 30
4 26
23 26
17 43
23 24
38 49
6 37
35 43
0 8
12 21
17 18
41 47
6 22
8 29
40 43
25 27
10 21
13 24
27 40
40 44
29 47
7 25
20 24
41 44
37 46
9 35
30 43
15 25
15 46
9 40
6 21
14 20
16 46
14 24
12 25
20 23
37 43
29 42
30 32
18 48
25 36
6 33
10 37
28 44
26 32
12 40
28 41
4 40
3 19
3 44
21 43
18 30
24 29
6 28
33 46
32 41
18 37
18 21
9 31
25 44
34 46
7 40
30 31
24 42
9 37
18 39
13 30
6 24
4 25
31 43
35 38
2 11
17 32
9 21
27 38
4 38
2 49
33 35
19 32
14 19
29 45
25 43
17 29
7 26
5 18
23 30
5 21
36 40
3 22
0 39
2 4
4 46
36 44
13 39
19 41
1 39
10 15
9 25
23 37
16 18
18 40
11 43
10 33
7 44
24 31
14 30
11 21
8 46
2 5
23 41
17 23
22 23
14 41
18 29
9 11
26 36
5 37
19 23
16 29
14 22
20 45
14 37
21 23
10 39
11 29
2 27
8 43
2 24
33 43
9 20
2 10
20 36
26 44
12 38
2 48
26 43
9 41
2 3
11 37
8 9
41 42
17 31
14 17
20 47
31 38
25 31
31 40
2 46
6 20
21 48
23 33
29 48
14 21
20 43
7 38
9 26
32 37
9 33
3 49
18 33
6 49
37 44
2 8
41 43
15 35
14 33
43 48
7 20
36 38
22 32
13 18
22 43
3 43
19 44
37 48
21 44
3 9
24 38
21 32
1 21
9 48
8 13
4 10
18 25
29 30
6 30
2 12
18 47
9 47
6 19
24 35
9 22
5 43
35 44
8 24
6 15
6 17
18 31
5 33
32 33
28 30
44 47
29 35
39 43
6 35
9 39
3 33
1 37
2 16
5 9
43 47
9 29
24 39
10 18
6 41
25 28
3 37
18 26
8 21
22 44
11 38
22 46
33 44
35 40
29 43
22 35
2 31
9 28
26 31
16 43
11 33
18 41
27 46
29 34
18 22
16 21
11 24
44 45
9 45
9 13
28 43
28 40
9 16
3 20
39 46
18 20
5 15
8 37
18 45
0 21
23 35
10 38
13 43
5 29
3 21
9 36
5 38
38 46
36 43
16 37
7 9
1 15
14 49
43 45
7 43
23 49
6 27
33 48
36 41
24 28
28 38
7 22
10 22
1 33
4 35
38 48
1 2
20 42
18 34
19 30
15 43
2 7
2 39
32 35
0 37
4 6
17 28
18 46
12 46
11 13
2 17
14 35
24 48
2 36
13 41
15 18
11 44
11 15
26 28
10 43
8 38
3 18
22 36
13 16
3 27
24 40
7 41
15 23
6 12
9 15
10 27
26 35
25 35
2 30
8 44
32 49
3 12
1 18
17 39
14 15
46 49
13 48
32 47
9 10
15 48
8 17
13 44
16 24
17 38
7 49
0 15
30 38
3 15
1 4
18 42
19 25
6 11
29 44
0 2
8 33
0 33
39 47
4 5
32 45
13 35
43 49
16 33
17 35
9 42
40 46
20 38
24 37
9 19
43 46
23 47
16 38
21 34
5 24
15 32
21 24
44 48
5 22
21 39
0 18
3 41
19 40
24 25
2 28
19 43
31 45
10 40
31 47
27 35
18 28
36 49
11 23
17 19
9 49
3 24
23 27
42 44
2 34
19 24
10 12
42 43
11 40
30 36
14 27
11 22
11 17
9 46
3 4
15 44
26 46
37 39
44 49
22 31
24 36
23 45
39 44
14 47
4 43
10 49
35 49
7 33
34 37
7 37
4 23
5 44
2 20
8 47
6 8
18 36
11 32
7 18
20 40
5 40
6 48
19 38
5 6
4 14
7 24
7 30
34 43
4 11
15 16
8 23
0 4
4 18
14 45
18 49
31 37
1 38
38 41
4 9
8 30
12 23
27 43
36 37
30 39
39 42
13 20
11 14
12 14
10 26
20 25
33 36
3 30
22 48
30 35
29 41
39 45
9 34
1 43
19 26
8 15
13 34
38 39
16 44
5 13
25 46
7 21
24 26
27 32
8 32
40 48
2 29
2 41
4 48
23 48
17 48
12 35
30 40
9 27
21 31
1 22
1 9
6 10
24 33
6 47
17 36
5 23
17 40
10 25
4 32
21 36
31 33
8 14
18 27
11 30
6 46
16 17
32 48
8 40
5 27
13 32
11 25
11 26
3 17
8 45
12 32
7 17
0 43
12 43
1 27
33 34
11 47
5 26
22 28
6 45
6 16
0 38
14 48
0 29
5 32
27 44
40 41
29 32
1 29
4 44
7 27
10 29
13 23
33 39
35 47
8 42
5 25
22 24
8 22
25 30
10 44
0 9
23 29
5 14
32 42
6 39
23 39
28 45
9 12
7 12
18 19
20 26
24 34
2 13
16 23
2 19
17 25
28 47
2 47
31 49
16 22
15 34
10 23
32 39
25 41
5 49
5 17
4 16
0 22
11 27
16 40
26 48
30 48
25 48
12 18
7 15
27 36
34 38
17 37
47 48
13 14
20 29
10 24
16 47
31 42
23 42
16 32
12 44
5 12
17 21
6 29
4 8
14 29
1 40
23 46
44 46
12 36
1 12
28 37
11 49
27 48
3 35
14 39
6 13
29 38
0 27
16 30
30 37
10 14
11 45
14 16
10 32
15 36
8 25
31 35
35 45
14 42
2 45
1 49
19 45
21 30
26 30
8 26
38 47
28 33
4 7
21 28
15 39
14 46
17 26
28 49
19 47
48 49
11 12
11 42
32 46
39 40
1 26
5 30
13 31
26 41
1 6
21 29
45 48
15 24
13 38
4 36
29 46
19 22
16 45
16 26
16 25
24 46
4 34
0 40
29 37
34 44
15 31
38 45
0 12
12 48
1 24
17 33
35 42
20 37
35 41
5 47
6 42
16 42
1 25
1 44
42 48
22 39
16 27
20 35
17 34
30 33
0 49
20 21
8 27
20 22
22 34
8 41
27 31
0 24
17 22
22 30
39 41
1 23
29 31
10 13
6 34
0 6
8 49
37 41
28 42
0 26
11 31
1 13
24 49
16 49
2 42
0 13
0 44
11 41
34 40
20 33
12 31
19 37
21 41
25 39
34 47
4 39
7 35
4 31
8 31
23 34
36 47
0 25
3 11
10 17
5 45
36 45
8 20
40 47
35 36
1 32
26 39
19 49
1 14
12 16
19 33
13 21
13 37
19 21
8 12
11 20
29 40
4 24
0 23
29 33
32 34
15 28
22 41
7 47
3 47
20 39
28 35
27 28
7 45
19 42
30 34
5 42
3 46
33 41
40 45
31 48
27 34
14 34
38 42
41 48
37 47
3 45
3 10
3 5
21 47
24 27
12 28
13 28
3 48
0 32
31 39
3 8
34 42
25 47
13 40
26 34
0 14
34 45
10 30
5 31
25 34
13 46
1 17
15 17
20 48
16 41
17 46
4 28
20 49
27 39
25 45
34 49
37 45
25 29
15 30
16 31
21 45
12 24
5 41
0 17
12 34
39 49
13 33
16 20
26 47
22 29
28 29
7 11
10 47
30 49
5 20
17 49
11 36
3 16
33 47
26 29
13 25
15 29
30 46
10 31
11 28
15 20
13 19
19 27
1 30
15 19
36 42
12 39
26 45
19 35
8 28
3 39
12 19
40 42
31 46
41 49
1 47
7 8
8 36
3 13
0 30
13 26
4 17
22 47
7 42
3 29
5 7
33 45
7 48
13 36
0 47
36 48
3 42
5 36
10 45
15 41
37 42
21 42
13 22
4 30
7 46
7 10
28 48
1 3
17 27
20 27
4 19
7 13
27 30
10 36
46 47
36 46
5 28
28 39
19 29
25 42
22 45
