50 732 621.3050780413757 dense
0 139 24
1 289 904
2 422 253
3 332 218
4 398 33
5 124 191
6 45 722
7 49 71
8 269 741
9 580 814
10 924 184
11 307 721
12 424 163
13 547 362
14 72 318
15 747 210
16 75 570
17 41 674
18 217 801
19 995 710
20 543 729
21 893 283
22 162 712
23 975 781
24 824 791
25 985 522
26 139 994
27 361 409
28 729 346
29 168 169
30 659 738
31 282 172
32 318 137
33 46 924
34 931 631
35 913 607
36 809 970
37 517 574
38 12 529
39 33 494
40 838 790
41 972 404
42 386 806
43 441 531
44 735 765
45 563 871
46 861 241
47 491 832
48 104 815
49 171 853
24 40
34 35
38 39
8 11
6 17
5 29
31 32
21 46
9 45
3 31
18 49
19 23
16 38
48 49
8 18
30 44
45 47
3 32
10 46
16 39
37 43
2 12
9 47
9 20
24 44
2 3
0 7
19 34
10 21
18 22
40 44
3 12
42 47
12 32
16 17
9 30
6 48
8 22
25 35
18 48
29 31
20 47
11 42
20 30
26 33
6 22
15 46
22 48
25 41
11 18
25 34
33 48
1 18
17 22
1 49
4 32
19 35
4 12
8 42
15 28
5 14
23 40
1 42
22 49
5 7
12 31
20 45
33 49
21 41
26 49
11 22
27 43
0 29
17 38
8 49
23 24
29 32
7 29
17 48
6 16
2 32
23 34
20 37
5 31
2 31
9 44
15 21
30 45
1 8
2 13
16 22
2 27
0 5
28 46
18 42
3 29
24 30
20 42
1 26
21 28
19 40
14 29
10 15
24 36
17 39
14 39
8 48
4 31
6 49
36 40
26 48
13 28
1 11
34 40
23 35
30 40
19 25
42 45
19 24
6 18
11 49
13 27
24 34
30 47
3 27
9 42
20 44
6 38
3 4
41 46
35 40
13 43
5 32
6 33
44 45
24 35
1 48
0 31
18 26
3 5
18 33
35 41
0 32
13 37
1 47
11 47
30 37
17 18
36 44
14 38
42 49
17 49
2 4
20 43
11 48
6 8
10 41
27 37
6 39
1 22
34 41
11 43
12 13
11 20
22 38
34 44
8 17
35 44
8 47
23 44
22 33
22 42
1 33
9 24
16 48
7 14
9 37
27 31
28 41
17 33
13 15
23 36
14 16
44 47
22 39
10 28
12 27
7 31
14 31
12 29
21 25
11 37
8 16
3 13
9 40
0 4
23 25
37 47
6 11
36 45
19 44
37 42
4 29
2 29
11 17
16 18
8 43
24 45
0 3
8 20
27 32
18 47
1 45
30 36
11 16
7 32
9 36
3 14
2 43
42 43
30 42
42 48
22 26
8 26
30 35
40 45
20 24
6 26
9 11
8 33
37 44
30 34
11 45
15 41
16 49
8 37
38 48
37 45
30 43
20 40
5 12
0 14
14 27
2 5
1 6
1 9
43 47
14 32
25 40
19 41
25 46
27 29
1 20
26 42
25 28
28 37
24 25
9 43
4 5
5 39
11 27
0 12
3 7
23 30
28 35
8 9
19 36
11 26
47 49
2 28
13 32
8 45
5 27
21 35
13 31
12 15
2 15
16 27
39 48
11 33
3 43
22 43
8 38
18 20
17 26
2 37
24 47
13 46
19 30
1 17
27 39
18 38
8 39
28 43
10 25
8 27
36 47
25 44
28 34
40 47
21 34
22 47
18 43
4 7
6 42
42 44
29 39
11 38
11 30
18 45
13 21
16 33
12 28
11 39
2 14
5 38
14 17
18 39
20 36
33 42
34 36
38 49
4 13
43 45
22 27
9 18
0 2
13 20
16 43
20 27
12 43
27 38
17 42
35 46
27 28
43 44
24 37
18 37
23 41
35 36
4 27
22 37
20 22
5 16
39 49
12 14
7 12
37 40
47 48
26 47
20 35
8 30
16 42
25 30
4 15
9 35
20 49
13 30
29 38
15 25
45 49
31 43
9 34
34 46
9 23
33 38
1 16
35 37
27 42
28 30
20 34
1 37
3 37
1 43
14 22
6 14
1 30
3 39
31 39
40 41
39 43
9 49
16 29
32 43
24 41
2 7
3 15
17 27
10 13
3 28
18 27
34 37
28 44
43 49
12 37
23 45
10 35
7 39
17 43
13 29
20 28
14 43
13 41
9 19
16 26
38 43
33 39
11 44
9 22
15 35
15 37
22 45
11 13
41 44
4 14
15 27
20 23
15 32
3 16
24 42
35 45
19 21
2 46
34 45
6 43
13 35
43 48
26 45
16 37
27 47
15 43
27 30
12 46
0 27
37 49
13 44
6 27
3 38
18 30
10 34
20 48
31 38
16 31
19 28
40 42
19 20
9 13
29 43
36 42
33 47
24 28
4 28
5 13
32 39
28 40
2 39
30 41
6 47
15 34
7 38
7 27
9 27
19 45
28 32
45 48
24 43
5 43
38 42
31 37
1 38
13 25
11 14
15 31
8 44
8 14
1 44
13 34
2 16
8 13
25 37
39 42
2 21
13 42
13 47
40 43
21 37
9 48
9 26
17 47
13 14
35 43
37 48
35 47
37 46
28 31
32 37
27 48
25 36
0 39
2 11
26 38
27 49
20 26
1 39
34 47
12 21
37 41
17 37
23 47
19 46
20 25
5 17
37 39
2 20
9 28
16 47
36 37
2 38
16 20
6 37
16 32
19 37
32 38
22 30
14 48
6 20
9 25
7 16
23 28
4 43
34 43
1 27
10 12
30 49
23 37
3 11
27 45
14 18
21 23
17 20
2 10
37 38
21 44
4 46
13 45
21 40
43 46
13 24
26 39
2 8
21 30
12 39
21 24
14 37
21 43
13 16
27 44
13 40
19 47
18 44
33 45
13 22
17 29
0 38
11 24
5 22
3 22
1 36
3 8
27 46
2 22
3 46
0 13
13 39
10 19
20 33
29 37
15 30
11 40
12 16
30 46
5 6
20 41
44 46
6 45
2 30
3 17
28 47
6 9
22 29
25 43
14 49
9 33
41 43
21 27
1 24
4 10
25 45
5 37
13 18
40 46
11 31
0 16
28 45
12 38
24 46
23 46
26 43
3 20
32 46
22 31
4 37
2 42
4 21
15 44
17 31
9 17
33 43
8 24
15 20
17 45
15 19
30 48
11 36
13 38
5 11
1 40
9 16
20 39
35 42
10 37
11 28
3 21
26 37
6 29
38 47
20 21
9 41
13 19
20 38
2 17
5 8
8 31
39 47
11 29
11 12
2 41
44 49
8 40
34 42
36 43
16 45
28 42
22 44
7 13
12 20
26 30
3 6
14 42
15 29
8 29
19 43
20 46
2 9
31 46
2 47
25 47
11 32
2 18
15 24
27 35
8 36
33 37
15 40
4 39
28 29
36 41
23 42
23 43
0 43
3 42
3 10
21 32
3 18
13 17
10 43
22 32
8 12
12 41
6 31
13 23
10 23
2 44
24 27
1 13
2 6
7 17
27 33
17 32
7 43
2 35
8 32
10 27
8 28
14 33
18 24
16 30
10 32
12 22
27 40
10 44
27 41
27 34
10 40
10 30
6 30
3 30
15 23
20 31
10 24
18 36
9 21
19 42
11 35
5 18
6 13
13 49
41 45
21 31
18 40
12 30
17 30
