50 767 626.0734781157879 dense
0 703 885
1 123 324
2 177 296
3 969 10
4 527 535
5 212 246
6 821 806
7 179 321
8 595 229
9 45 636
10 592 968
11 842 593
12 791 732
13 250 61
14 646 192
15 266 779
16 259 736
17 210 334
18 630 978
19 41 961
20 304 520
21 225 583
22 448 228
23 557 0
24 146 770
25 276 700
26 924 589
27 463 625
28 203 768
29 792 234
30 410 663
31 43 297
32 248 773
33 914 60
34 135 838
35 219 547
36 935 632
37 775 819
38 667 891
39 22 849
40 529 230
41 53 254
42 854 211
43 848 784
44 866 15
45 587 561
46 180 102
47 589 611
48 146 349
49 770 144
15 32
2 7
7 17
1 48
6 43
21 35
0 38
16 32
10 18
16 25
7 48
15 16
31 41
26 36
28 32
6 37
45 47
2 17
1 7
24 28
1 2
2 5
2 48
8 14
15 28
16 28
27 30
4 45
17 48
33 44
8 40
29 42
24 34
3 33
12 43
25 32
15 25
6 12
37 43
22 40
13 46
5 7
11 26
1 31
1 17
5 17
12 37
20 35
29 49
18 38
28 34
0 37
4 47
1 41
25 28
11 36
20 21
24 32
3 44
42 49
10 38
4 27
34 39
19 39
31 48
16 24
0 18
1 5
15 24
5 48
14 40
27 47
21 25
37 38
32 34
2 41
41 48
14 49
2 31
7 31
0 10
25 30
27 45
0 6
7 41
15 34
8 22
24 39
5 46
24 25
11 12
14 29
19 34
16 21
5 41
16 34
44 49
33 42
25 35
33 49
16 30
9 24
17 31
4 30
36 43
12 36
6 38
17 41
0 12
5 31
0 43
20 30
20 25
15 30
21 28
30 47
9 21
5 13
20 27
11 43
21 32
16 35
2 46
8 49
12 26
9 35
30 32
42 44
8 29
25 34
41 46
28 39
15 21
14 22
25 27
21 30
12 38
21 24
30 45
9 28
6 36
17 20
14 42
26 43
38 43
35 48
14 23
29 33
17 35
6 11
9 39
18 37
19 24
7 46
16 20
9 34
28 35
30 35
4 20
32 35
1 46
7 35
29 44
3 42
23 40
28 30
8 23
16 27
20 48
17 46
24 35
7 20
12 47
11 37
10 37
9 16
5 22
15 35
31 46
32 39
9 25
3 49
6 26
21 27
1 35
9 32
2 13
36 37
21 48
46 48
17 21
15 27
19 28
22 23
11 47
15 39
2 35
40 49
27 35
11 45
6 18
23 49
2 20
13 22
20 32
8 42
17 22
27 32
15 20
16 39
29 40
9 15
7 21
12 45
1 20
20 28
7 13
21 34
26 37
13 41
13 17
1 21
37 47
2 22
19 32
6 10
14 44
9 20
7 22
24 30
3 29
20 45
5 20
15 19
38 47
2 21
18 43
1 13
12 18
25 39
20 24
22 46
27 28
0 47
14 33
20 47
4 25
5 35
34 35
6 47
9 48
4 40
31 35
4 21
13 48
4 35
10 12
23 44
43 47
13 23
16 19
4 8
13 31
10 43
4 22
5 40
37 45
4 11
1 9
0 11
9 19
22 48
25 47
40 42
20 22
30 34
13 40
4 12
23 29
8 45
22 49
21 39
4 16
27 38
17 40
26 47
40 45
35 41
5 21
26 45
6 45
1 22
21 31
9 31
38 45
25 45
7 9
0 36
20 31
43 45
30 38
22 29
9 17
0 45
12 27
8 44
11 38
36 47
24 27
19 25
16 47
0 27
36 45
10 30
10 47
4 15
2 40
20 34
35 39
22 45
8 33
7 40
23 33
11 29
21 45
4 14
15 47
23 42
2 9
21 47
20 41
9 30
10 27
4 32
20 40
27 37
0 30
35 45
18 47
0 26
3 14
21 41
40 46
16 45
17 25
36 38
14 45
25 48
4 17
35 47
10 15
4 37
32 47
26 29
11 27
8 47
9 41
11 42
4 38
5 8
8 13
18 30
26 42
17 30
17 27
40 47
29 45
12 30
15 45
18 27
23 46
27 34
7 25
0 4
22 35
10 32
22 41
26 38
30 37
22 27
8 17
4 28
40 44
32 45
4 6
27 40
4 26
4 29
40 48
6 27
16 48
16 17
10 16
1 25
4 43
22 42
10 45
22 47
4 7
30 48
22 31
8 20
3 23
7 30
10 25
15 18
2 25
7 27
15 38
27 43
28 47
1 40
13 14
8 27
9 27
18 45
21 22
4 36
27 48
19 21
33 40
24 48
7 16
14 47
28 48
29 36
2 8
5 23
2 4
4 48
5 9
7 8
4 5
29 47
36 42
30 39
20 39
3 8
18 32
1 16
8 46
17 28
2 30
25 38
6 30
32 38
2 27
20 46
32 48
28 45
16 38
22 30
5 14
10 28
11 30
4 10
11 18
8 11
17 45
42 45
17 32
17 24
16 18
35 40
1 30
11 14
15 48
1 24
35 46
2 16
7 28
4 24
15 17
30 40
0 15
18 25
7 24
19 35
10 11
1 28
1 27
30 43
5 27
11 49
4 18
45 49
1 4
7 32
5 25
14 17
4 42
4 49
18 36
5 30
13 20
26 27
8 48
0 25
25 31
21 40
1 32
7 15
0 16
0 32
22 44
17 47
14 27
24 47
26 49
8 30
27 36
2 28
7 45
14 20
19 30
14 46
2 24
10 34
18 28
40 41
1 15
11 40
42 47
28 38
10 36
2 14
1 8
17 23
2 23
2 32
21 46
24 31
7 14
14 26
13 35
18 26
8 26
10 24
24 45
2 45
34 48
16 31
45 48
5 45
31 40
2 15
3 40
5 16
8 35
4 9
27 39
22 33
4 34
7 23
28 31
12 29
25 41
47 49
7 47
22 25
10 26
34 47
17 34
15 37
27 29
8 21
25 37
19 20
0 28
1 34
18 34
47 48
36 49
39 48
12 25
31 32
30 31
2 47
7 34
20 38
26 30
1 45
5 28
13 21
16 37
14 48
16 41
24 41
5 47
12 42
30 36
14 36
13 49
18 24
14 30
12 15
8 36
5 24
5 32
32 37
26 33
34 45
15 31
12 20
10 21
12 16
10 20
27 31
26 40
25 40
1 39
34 38
24 38
28 41
5 15
4 23
11 22
11 33
21 38
23 48
4 31
1 14
19 27
8 12
0 20
1 23
16 22
8 41
30 41
11 20
2 34
12 32
9 47
9 45
1 47
17 39
31 34
4 13
9 46
7 39
4 41
10 19
31 39
29 43
27 41
32 41
4 46
6 25
14 35
6 15
8 31
20 37
12 14
23 45
18 20
10 35
23 41
3 22
35 38
0 21
20 29
18 21
12 40
6 16
15 41
5 49
0 24
8 25
13 29
27 42
0 34
27 49
36 40
33 36
6 29
42 43
9 22
16 40
6 32
28 37
2 39
29 30
14 21
11 25
26 44
25 43
20 23
11 44
5 29
15 22
22 32
3 26
15 43
10 39
29 37
12 21
12 49
12 28
18 19
34 41
0 35
17 29
6 20
16 43
17 49
46 49
22 28
23 31
27 46
4 39
18 35
39 41
6 42
14 41
3 11
5 34
22 26
33 45
21 37
20 49
32 43
11 16
12 35
13 27
13 45
20 43
31 45
11 15
25 46
30 46
8 16
15 40
12 22
8 43
9 13
32 40
23 47
14 31
2 49
4 33
37 42
44 45
45 46
39 47
41 45
8 37
7 49
11 21
13 44
2 29
35 37
7 29
6 28
6 8
22 24
11 32
4 44
36 44
19 48
18 39
13 42
13 30
3 36
20 26
11 35
14 43
29 46
