50 1039 778.5846132566453 dense
0 402 660
1 294 623
2 238 699
3 838 242
4 675 467
5 485 824
6 344 510
7 374 239
8 719 805
9 628 914
10 412 319
11 580 23
12 98 42
13 779 880
14 346 658
15 480 867
16 49 682
17 441 862
18 783 151
19 875 35
20 551 173
21 217 400
22 846 734
23 872 779
24 926 392
25 280 112
26 706 315
27 735 453
28 43 528
29 342 775
30 873 385
31 702 436
32 752 69
33 201 928
34 364 895
35 368 115
36 558 14
37 153 329
38 940 203
39 123 413
40 154 797
41 194 735
42 985 348
43 991 591
44 804 174
45 837 659
46 589 811
47 610 645
48 791 998
49 562 254
11 36
18 44
27 31
15 17
4 31
5 15
22 23
24 30
0 14
2 41
5 17
4 27
1 14
24 42
40 41
22 45
3 44
20 49
17 34
18 32
25 35
7 10
37 39
1 2
21 39
21 37
8 13
5 46
3 18
3 38
9 46
0 1
2 14
14 29
32 44
30 42
13 48
15 34
26 31
29 34
15 46
1 6
7 35
23 45
19 32
2 29
2 40
0 29
8 46
17 29
13 23
38 44
33 40
28 39
5 34
26 27
8 9
8 22
3 30
6 14
18 19
1 41
3 26
5 29
38 42
11 20
29 41
27 30
16 28
16 41
9 13
4 26
8 23
9 15
16 40
19 44
26 49
17 46
7 25
20 36
1 29
13 22
0 6
10 49
18 38
15 29
33 34
46 47
6 21
43 45
0 2
5 9
14 41
26 44
3 24
11 32
30 31
19 38
26 30
18 26
3 42
9 48
0 5
8 45
7 49
7 20
29 40
4 47
24 38
2 16
20 35
33 41
3 32
8 47
30 38
9 17
12 25
24 27
10 20
32 36
13 46
6 10
22 43
0 17
8 48
29 33
0 47
10 35
24 43
20 26
3 19
10 21
4 30
35 36
21 28
5 14
2 6
5 47
0 41
0 15
30 44
23 43
1 40
7 21
14 17
20 32
28 37
45 47
24 31
31 47
13 45
27 47
31 49
27 45
32 38
11 35
11 49
34 40
2 33
2 34
18 20
24 26
34 41
23 48
5 8
3 27
1 21
3 31
14 40
30 43
14 34
0 34
7 37
35 49
11 18
36 49
34 46
0 46
4 49
6 39
42 43
18 49
10 25
8 15
14 15
17 33
29 46
24 44
26 32
18 30
42 44
4 45
25 37
1 16
22 47
20 44
44 49
28 41
15 47
10 37
2 28
26 38
2 17
31 45
4 24
6 37
18 36
27 49
14 47
9 34
6 29
32 49
22 46
1 28
9 47
22 48
11 44
6 41
1 39
27 42
6 7
17 47
46 48
3 49
30 45
2 5
1 5
17 41
20 25
3 4
9 23
16 39
12 35
18 24
1 17
1 34
26 42
31 44
24 45
18 42
9 22
0 40
8 17
23 46
15 33
14 46
27 44
14 21
16 33
13 47
7 36
27 43
45 46
28 40
12 37
36 44
10 26
17 40
23 47
2 15
25 36
21 25
3 20
11 19
18 31
31 42
29 47
14 16
6 47
7 11
13 15
5 13
2 21
6 28
4 10
22 27
5 33
20 31
35 37
10 39
5 41
7 39
18 27
14 33
1 15
16 29
2 39
10 31
11 25
15 41
25 49
1 47
4 22
19 36
9 29
11 26
1 33
4 20
0 21
4 44
21 35
27 38
1 37
1 10
19 26
31 43
16 21
9 45
14 28
39 41
22 31
14 39
19 42
4 42
5 40
31 38
15 40
4 6
4 18
0 4
0 33
20 27
26 36
21 41
6 49
15 48
30 49
10 36
30 32
3 11
13 17
7 12
4 43
25 39
0 9
10 11
7 26
4 8
0 10
6 16
45 48
26 47
6 40
5 6
42 45
10 14
8 43
0 8
10 27
1 46
19 30
22 30
34 47
22 24
5 48
19 20
8 27
23 27
0 16
4 46
13 43
19 24
3 36
32 42
6 17
6 31
8 34
24 32
16 37
26 45
2 46
4 23
8 31
30 47
31 32
12 39
5 22
0 39
4 38
0 31
21 49
17 48
2 47
12 21
4 7
8 29
2 37
16 34
4 14
9 14
3 43
10 47
38 49
14 37
19 49
6 15
0 28
7 31
23 31
27 32
43 47
39 40
6 34
20 30
35 39
27 46
32 35
28 29
6 46
5 45
24 49
15 22
5 23
20 38
23 24
38 43
31 46
0 27
1 7
26 35
47 49
23 30
6 27
21 29
6 20
6 35
47 48
26 43
8 14
15 23
21 40
41 46
11 38
6 25
20 21
4 5
24 47
33 46
4 32
10 18
37 41
22 42
6 26
1 4
15 45
0 37
7 32
13 34
37 49
18 35
3 45
2 10
10 44
7 18
10 12
14 31
7 27
7 14
0 7
10 32
29 39
10 28
17 22
41 47
4 13
36 38
9 33
20 37
13 27
28 33
11 31
16 17
3 10
42 49
20 24
7 44
0 45
40 46
0 49
0 13
19 31
17 23
34 48
7 28
14 27
35 44
19 27
22 26
6 33
1 9
5 31
4 15
17 45
2 9
23 42
31 36
8 30
5 27
1 31
13 29
4 9
0 22
13 31
43 48
4 29
4 11
1 49
43 44
11 27
14 49
43 46
5 16
4 17
0 26
12 36
10 29
8 24
1 8
4 21
3 47
21 47
31 35
3 7
10 30
11 30
39 49
4 35
38 45
4 36
20 42
37 40
15 16
9 41
7 47
10 41
12 20
25 26
1 27
9 27
27 36
25 32
20 47
4 19
6 8
42 47
25 28
2 7
40 47
11 12
9 31
29 37
15 31
0 23
9 43
44 45
15 27
21 31
13 14
18 43
30 36
3 35
28 34
9 40
12 28
45 49
8 26
20 39
14 45
3 22
2 8
23 26
6 9
29 31
2 4
21 26
14 26
33 47
27 35
17 31
29 48
5 21
17 27
13 30
18 25
22 29
14 22
11 24
27 29
22 34
29 45
0 20
44 47
26 46
13 24
12 49
5 10
18 45
1 25
30 46
36 37
19 35
10 16
1 35
17 21
1 26
6 45
21 36
0 48
21 34
1 20
10 24
11 42
17 28
7 30
21 27
33 39
23 34
10 46
11 21
18 47
11 37
28 35
14 20
24 36
7 41
25 44
21 33
34 45
6 12
8 42
4 34
8 41
23 29
4 25
5 28
25 31
8 33
2 31
15 21
7 29
24 46
3 23
34 39
22 38
39 47
14 23
4 37
6 36
10 38
7 19
6 11
36 42
10 19
10 40
14 35
4 48
6 30
10 17
1 45
10 45
0 30
43 49
0 35
5 39
27 48
1 13
7 16
6 22
14 25
17 39
2 49
4 41
38 47
10 15
15 28
26 37
21 46
2 27
4 39
5 26
16 46
37 47
5 43
46 49
22 49
31 37
14 48
0 25
22 44
3 6
16 47
1 22
20 45
8 40
29 49
6 18
7 38
19 43
25 27
31 48
6 44
13 26
31 34
2 13
13 42
6 13
30 35
7 24
8 49
3 25
10 42
32 43
8 10
5 49
3 8
27 34
15 39
10 34
35 38
28 47
31 39
13 33
23 38
15 43
35 47
9 30
5 30
18 22
26 29
28 49
2 25
0 24
31 41
36 39
26 39
6 23
0 43
32 47
14 30
6 24
33 48
27 37
5 7
5 37
32 45
15 26
2 35
1 23
7 40
19 25
2 45
10 22
6 32
11 39
33 37
9 24
13 41
0 3
34 37
9 26
2 26
41 49
17 37
20 43
17 26
23 44
2 22
42 46
23 49
27 41
7 46
2 20
39 46
17 43
1 12
27 39
28 46
16 25
4 40
5 24
18 21
30 48
15 49
20 28
17 49
7 42
24 48
3 46
15 30
1 48
11 47
24 35
9 16
7 45
19 45
1 30
7 17
25 47
2 48
25 41
21 44
21 32
15 37
13 40
0 44
9 10
36 47
20 22
18 23
4 28
0 18
8 44
7 15
20 29
14 24
2 23
20 46
10 43
3 13
3 21
8 38
12 16
17 30
35 41
3 14
10 33
8 21
41 45
14 43
37 46
10 23
16 35
15 24
22 41
6 43
41 48
25 30
32 37
8 20
5 20
12 32
18 37
7 34
21 30
31 40
8 18
9 21
29 30
35 42
29 35
6 42
4 33
0 42
0 11
6 48
4 16
26 41
13 49
7 8
9 49
1 36
12 14
1 3
0 36
1 11
19 47
28 31
20 41
25 29
25 38
14 44
12 26
40 48
16 49
9 42
37 44
14 18
10 13
6 38
34 49
22 32
2 12
21 45
44 46
1 24
26 34
22 33
29 43
27 40
17 24
11 14
14 36
42 48
40 49
23 41
1 44
1 18
3 5
8 16
7 22
20 23
11 45
0 32
23 33
18 46
26 48
0 12
5 42
3 37
33 45
12 18
22 40
13 38
27 28
26 28
25 40
40 45
34 43
15 20
17 20
1 43
16 31
24 29
19 22
12 41
9 28
11 43
38 46
31 33
36 45
3 9
24 25
0 38
13 44
2 30
21 24
18 39
14 42
7 43
7 33
9 39
21 22
6 19
8 39
27 33
35 40
16 20
14 32
4 12
32 39
23 40
12 44
35 45
5 35
1 32
23 32
3 15
30 34
12 31
7 9
36 43
39 44
30 37
16 27
5 44
15 42
28 36
3 29
13 18
35 46
8 28
26 40
7 23
3 39
5 18
3 17
8 32
11 28
13 21
8 37
20 40
5 25
13 20
25 42
1 42
19 23
9 20
20 34
14 38
17 42
21 38
30 39
17 35
19 21
16 26
2 24
9 37
2 3
24 34
39 45
2 36
13 16
21 23
12 40
3 48
2 11
29 44
12 27
7 13
11 22
37 45
32 46
15 35
9 44
2 43
30 41
18 29
25 46
33 49
15 44
3 12
17 25
21 42
5 38
1 38
29 42
2 44
12 29
2 18
8 35
22 36
24 37
9 38
12 19
15 18
10 48
17 44
48 49
9 18
