50 1224 1254.4002551020149 dense
0 948 664
1 723 408
2 34 69
3 856 502
4 361 620
5 343 580
6 924 243
7 248 275
8 777 165
9 145 988
10 489 190
11 866 635
12 677 382
13 927 630
14 557 145
15 26 93
16 112 973
17 85 552
18 86 803
19 439 468
20 293 137
21 797 265
22 195 266
23 383 44
24 409 719
25 298 752
26 378 536
27 767 351
28 957 197
29 20 320
30 357 307
31 450 803
32 72 790
33 899 205
34 56 131
35 894 841
36 390 578
37 989 60
38 143 212
39 231 769
40 827 284
41 232 498
42 578 194
43 293 520
44 537 984
45 761 747
46 667 84
47 239 366
48 8 283
49 740 126
18 32
2 15
21 40
9 16
29 48
0 13
26 36
4 5
6 33
5 36
15 34
4 36
1 12
14 42
7 22
8 49
5 26
6 28
28 33
11 13
41 43
2 34
25 39
1 27
22 38
5 43
10 14
46 49
4 26
26 43
0 11
10 42
27 40
21 27
19 26
7 47
24 31
12 27
8 21
6 40
33 40
22 47
4 24
36 43
7 30
24 25
21 33
34 38
19 36
4 43
7 38
14 46
8 33
6 21
8 40
20 23
30 47
41 47
3 11
8 46
5 41
28 37
42 46
24 36
7 20
4 25
3 13
5 19
18 39
21 49
26 41
38 48
11 45
5 24
19 43
28 40
17 41
34 48
25 31
32 39
1 21
1 40
20 22
1 3
35 45
43 47
29 38
6 8
15 38
22 30
12 21
20 38
33 37
4 19
16 18
21 28
3 27
42 49
10 30
36 41
33 49
4 41
5 25
12 40
2 38
40 49
10 23
19 30
38 47
20 30
8 28
22 29
14 49
24 39
0 35
24 26
8 27
0 3
16 32
22 48
6 27
15 48
29 34
22 34
9 18
6 37
27 33
25 36
4 39
31 44
8 42
14 23
10 20
13 45
4 31
0 45
10 46
11 35
19 41
17 43
9 32
12 42
13 35
3 12
2 48
18 25
6 49
26 47
5 39
3 40
8 14
31 39
30 43
21 46
7 41
29 47
19 47
27 49
15 29
30 41
28 49
25 32
26 30
21 42
25 26
24 43
25 43
7 29
31 36
30 38
22 41
9 39
20 47
16 39
8 37
20 34
5 47
17 32
8 12
7 34
7 48
17 29
17 47
15 22
3 21
27 28
47 48
27 42
23 42
5 31
30 42
36 39
1 8
7 43
17 18
2 29
19 24
12 19
2 22
7 10
40 46
39 43
14 30
37 49
1 42
10 49
5 17
1 6
36 47
17 39
33 46
25 41
3 45
12 49
14 20
23 30
40 42
12 14
7 23
3 6
2 20
1 11
14 21
1 33
10 12
15 20
39 41
7 19
22 43
30 36
5 30
26 39
37 40
26 31
29 41
17 48
21 37
9 25
4 47
10 19
1 49
24 41
6 12
12 33
4 17
27 46
23 46
7 15
16 25
8 10
1 19
20 42
22 23
7 26
17 25
23 38
17 26
14 27
24 44
2 7
34 47
12 46
38 41
3 33
11 27
1 13
6 46
10 22
14 40
10 47
17 36
17 22
19 42
41 48
1 14
28 46
4 30
1 28
11 12
31 45
19 22
10 21
19 25
5 7
1 10
20 48
33 42
10 27
3 28
7 17
13 27
37 46
31 43
44 45
22 26
20 29
12 30
1 46
4 18
32 41
25 44
18 24
7 36
19 31
7 14
4 32
12 28
12 26
29 30
18 41
23 34
29 43
7 42
5 18
0 1
3 35
1 45
38 43
5 32
14 19
24 32
17 38
3 8
15 47
10 38
5 22
14 33
12 36
19 27
30 34
32 43
6 42
30 48
2 23
18 43
10 40
12 13
23 47
24 45
11 40
9 31
13 40
15 23
2 47
0 27
19 20
4 7
10 26
17 19
18 31
17 24
19 39
27 37
17 30
20 41
23 49
22 36
1 26
43 48
1 36
39 44
12 45
31 41
11 21
9 24
20 46
18 36
31 32
16 31
28 42
1 30
6 14
42 47
14 22
30 46
32 36
20 43
10 43
35 44
6 13
14 47
13 21
5 12
22 42
25 47
16 24
4 22
0 12
19 38
24 47
9 44
3 49
15 30
4 12
18 26
27 45
26 42
6 11
26 32
0 40
26 38
10 36
10 41
2 30
39 47
14 28
4 44
34 41
36 45
20 26
12 43
10 33
19 21
8 23
27 30
5 29
3 42
24 30
5 10
1 5
26 29
3 19
5 38
14 38
1 4
4 45
0 6
16 17
17 34
30 49
16 44
13 33
19 45
0 21
4 9
36 42
19 23
19 40
14 26
12 24
26 27
11 33
36 44
4 16
37 42
42 43
13 28
38 42
10 34
26 45
1 37
6 10
12 47
27 36
9 17
14 37
36 38
1 24
21 30
7 12
17 31
8 30
1 43
19 29
23 48
31 35
5 20
19 46
20 49
11 28
5 48
12 23
5 44
26 48
12 37
11 31
4 10
25 30
5 45
29 36
20 36
5 42
5 9
8 19
4 29
15 41
12 20
34 43
19 49
32 47
5 16
23 29
11 19
14 43
3 46
12 41
7 46
41 42
3 37
0 33
4 38
15 17
18 47
25 45
14 36
17 20
11 24
1 35
3 14
0 28
40 45
10 28
19 48
21 23
30 40
2 10
3 36
7 24
2 41
29 32
10 15
26 44
9 36
4 42
12 31
8 11
23 41
30 39
3 26
11 36
7 25
11 44
14 41
1 31
3 10
5 27
36 48
16 36
21 45
23 43
5 14
8 20
31 47
2 17
1 47
18 44
18 19
10 29
4 27
18 29
4 20
16 43
4 48
19 32
8 13
10 48
16 41
9 43
23 27
23 26
1 7
7 39
12 22
29 39
22 25
3 24
9 41
11 26
1 23
21 26
1 41
24 35
22 24
14 34
27 43
15 43
32 44
22 39
30 31
23 40
4 11
3 31
22 46
27 35
13 31
12 35
1 20
9 26
3 4
19 34
32 48
16 26
46 47
24 27
21 36
25 29
4 14
7 49
13 19
26 40
10 37
0 31
26 34
3 5
20 21
20 27
2 43
43 45
0 44
43 44
11 49
7 27
19 44
13 24
34 42
18 48
5 11
36 40
13 44
11 42
0 8
27 47
2 14
12 25
6 45
19 33
39 45
5 34
14 15
23 36
6 19
39 48
10 24
3 30
26 46
5 23
13 49
22 32
38 46
13 36
7 8
23 33
0 24
10 17
7 32
8 26
0 19
1 22
1 25
26 49
18 22
7 21
25 48
30 33
24 42
27 31
7 18
5 21
20 40
27 41
47 49
13 26
24 29
15 19
34 36
2 42
13 42
33 45
12 38
30 32
35 40
15 42
25 38
4 21
22 49
3 43
38 39
0 36
14 29
21 43
18 30
7 31
15 26
8 36
14 48
4 13
36 46
21 47
5 40
35 36
2 19
6 30
36 49
29 42
24 38
13 37
41 44
8 47
43 46
4 40
4 34
4 23
6 23
0 49
42 48
4 35
3 44
22 27
7 40
11 14
11 25
2 26
5 15
8 45
32 38
42 45
10 11
40 43
28 45
21 35
0 26
11 43
19 28
41 45
11 46
5 13
11 37
19 35
0 4
17 23
12 39
8 22
24 48
5 46
14 24
20 24
10 25
40 47
18 38
23 28
22 31
43 49
2 5
21 24
30 45
9 19
0 42
6 35
26 35
8 43
5 8
41 46
16 19
21 22
25 35
5 49
38 49
24 40
13 46
1 44
0 37
11 30
23 37
15 36
17 42
5 35
20 33
28 30
13 14
1 39
0 5
21 41
3 25
1 38
34 46
10 31
20 25
12 17
4 8
25 27
4 46
26 33
12 44
6 26
10 45
16 47
10 13
2 36
45 49
31 42
4 49
14 17
3 41
25 42
4 15
17 44
9 47
41 49
6 36
33 36
3 47
22 40
40 41
2 46
10 39
20 39
14 45
8 38
33 35
8 41
27 38
6 20
21 31
13 25
2 4
15 46
31 40
13 43
0 46
45 47
29 31
28 35
11 41
11 39
3 7
0 14
1 17
7 33
13 30
0 25
21 38
3 23
32 34
16 29
0 10
12 29
14 25
9 45
34 39
8 24
31 38
25 34
14 31
20 28
35 39
45 46
12 34
5 33
0 43
26 28
3 20
39 42
5 6
18 34
27 44
23 24
12 48
6 7
18 45
4 6
30 37
24 49
33 47
4 33
9 29
3 39
27 39
35 43
11 47
31 48
33 43
28 36
34 49
20 31
19 37
24 46
24 34
8 35
44 47
16 45
38 40
46 48
29 46
6 43
20 32
32 45
0 30
6 47
7 45
21 25
18 20
16 48
15 32
20 37
30 44
6 24
3 22
17 45
14 39
25 40
15 39
22 33
13 41
2 49
1 29
16 30
13 39
24 33
17 27
7 16
16 22
12 15
15 18
15 25
23 25
9 30
7 28
15 49
2 12
7 11
8 31
9 48
35 42
7 9
8 34
2 32
1 34
5 28
9 22
37 45
0 39
12 18
1 48
2 39
33 41
6 22
12 32
10 32
4 28
35 49
2 25
10 18
6 31
15 24
0 41
2 18
31 49
13 47
6 41
28 47
28 43
23 39
22 45
27 34
35 41
29 49
17 46
27 29
31 33
48 49
2 8
1 18
2 24
31 46
21 34
8 15
1 32
33 38
24 28
30 35
8 25
40 44
21 39
11 20
16 38
23 31
27 48
25 46
11 23
9 35
21 44
1 15
22 28
7 44
11 22
7 13
25 49
10 35
17 21
1 2
39 40
20 45
0 47
3 38
7 37
3 17
8 29
14 35
26 37
9 38
8 48
21 29
31 34
17 49
6 38
32 42
18 42
15 27
28 41
2 27
11 17
34 40
35 37
2 21
17 40
21 48
15 21
28 31
35 46
42 44
36 37
8 17
16 35
22 44
10 44
11 18
23 45
13 23
0 7
9 11
13 20
9 12
6 25
14 32
29 40
23 32
18 35
11 32
35 47
14 18
37 47
39 46
25 33
28 38
8 39
18 23
18 27
38 45
13 22
12 16
1 9
40 48
39 49
22 37
2 40
27 32
15 40
32 35
11 16
3 18
15 31
5 37
1 16
37 43
3 32
6 44
11 38
0 23
14 44
0 20
4 37
29 44
2 31
16 34
13 17
33 34
0 22
8 44
29 45
16 20
3 29
13 18
7 35
33 44
17 35
37 38
9 13
3 9
25 28
9 34
9 20
0 9
38 44
9 10
10 16
13 32
6 39
0 17
0 18
33 39
37 41
6 34
2 33
3 48
24 37
44 48
15 33
3 16
20 44
44 49
3 34
15 16
13 16
45 48
17 33
0 32
29 33
13 38
9 27
0 16
18 21
28 44
6 17
33 48
21 32
11 29
9 15
16 27
28 34
9 42
18 40
22 35
2 6
6 29
2 16
16 42
32 40
44 46
6 15
6 48
31 37
0 38
32 46
28 39
18 46
3 15
20 35
2 9
11 48
2 3
2 28
34 37
34 45
15 28
9 14
14 16
8 18
18 49
17 28
32 49
8 32
28 29
23 35
23 44
28 48
11 34
2 37
13 29
15 37
16 23
9 23
9 21
25 37
34 44
35 38
9 40
13 48
15 45
16 21
0 29
16 40
2 45
11 15
29 37
13 34
37 48
2 11
6 18
18 33
6 32
32 33
0 48
29 35
15 44
37 44
17 37
8 9
37 39
0 34
9 46
2 44
8 16
35 48
9 49
16 46
13 15
16 49
2 13
18 28
28 32
6 9
0 15
9 33
0 2
6 16
34 35
16 33
9 28
15 35
16 28
2 35
18 37
32 37
9 37
