50 872 695.0863255740254 dense
0 509 197
1 424 162
2 229 989
3 415 566
4 455 365
5 801 440
6 493 502
7 51 558
8 139 117
9 577 730
10 955 942
11 992 667
12 854 430
13 318 18
14 118 105
15 654 641
16 999 569
17 727 542
18 199 857
19 751 13
20 436 154
21 279 752
22 999 101
23 432 742
24 620 972
25 677 889
26 473 213
27 994 644
28 337 596
29 672 504
30 644 926
31 280 348
32 975 614
33 862 475
34 4 401
35 863 873
36 755 451
37 62 287
38 546 942
39 285 148
40 980 860
41 429 666
42 979 125
43 789 669
44 290 224
45 931 897
46 471 257
47 399 750
48 862 850
49 83 240
1 20
35 48
11 27
8 14
22 42
23 47
27 32
0 26
26 46
12 33
5 36
25 30
16 32
10 45
37 49
24 30
5 12
11 32
40 45
17 29
20 26
5 33
1 26
0 46
35 45
16 27
23 41
39 44
24 38
45 48
3 28
0 20
10 40
41 47
0 1
17 36
11 16
29 36
30 38
24 25
3 6
3 41
12 36
1 46
20 46
4 46
33 36
10 35
28 41
9 15
35 40
40 48
21 47
15 17
31 44
5 17
34 37
10 48
18 21
13 39
8 49
2 18
15 43
15 29
14 49
1 39
25 38
17 43
4 6
5 29
9 23
1 44
8 39
17 33
20 39
4 26
21 23
9 41
20 44
7 34
28 47
16 33
21 28
12 17
14 39
21 41
23 28
4 31
6 41
0 4
3 23
1 13
6 29
9 47
32 33
34 49
13 20
6 28
26 44
44 46
3 47
8 44
8 37
25 35
9 25
25 48
14 37
29 33
11 40
32 43
43 48
12 29
26 39
31 39
12 16
29 43
11 43
8 13
3 4
1 4
27 43
9 30
33 43
44 49
13 44
14 44
31 46
4 20
6 15
9 38
27 33
15 36
39 46
27 40
35 43
4 44
13 14
12 32
9 43
36 43
0 44
39 49
11 48
31 49
30 35
31 37
15 41
18 47
0 39
5 43
23 38
3 21
3 9
30 48
11 33
16 43
1 31
26 31
5 16
37 44
6 17
11 45
9 17
38 47
2 21
6 9
11 35
15 23
27 48
9 29
9 24
6 46
32 40
5 32
25 43
6 23
12 43
20 31
5 15
15 25
13 26
3 15
19 42
25 45
28 31
12 27
3 31
4 29
17 32
4 28
18 23
27 45
32 48
0 13
24 35
37 39
6 31
19 22
27 35
3 29
6 47
15 33
6 36
43 45
40 43
8 31
24 48
16 36
7 37
16 17
32 36
11 12
0 31
9 28
4 39
15 47
10 11
23 30
5 27
31 34
32 35
10 25
13 46
15 30
23 25
17 27
32 45
30 45
7 28
1 8
6 26
12 15
16 40
14 31
29 41
11 17
2 47
15 48
30 43
18 28
5 11
23 24
9 21
18 41
8 20
7 21
38 41
10 27
30 47
4 41
0 19
25 40
0 6
27 36
9 48
7 31
25 47
1 14
10 30
4 36
15 35
16 48
3 17
24 47
3 46
5 6
8 34
14 34
29 46
10 43
7 49
2 23
9 35
15 38
24 45
15 28
2 38
11 36
14 20
15 32
29 32
17 41
13 49
35 38
4 17
21 38
10 32
6 21
38 48
12 42
9 36
13 31
15 24
16 35
16 29
25 41
7 18
16 45
17 48
10 24
34 44
30 41
23 29
11 15
6 43
15 27
4 15
30 40
19 26
36 46
6 44
19 20
1 6
24 43
28 29
8 26
0 29
1 49
17 25
27 29
31 41
15 16
26 29
6 20
0 36
4 5
17 23
18 38
3 26
17 35
3 36
11 29
1 19
12 22
41 43
8 46
24 41
5 42
3 18
20 49
3 7
3 44
23 43
28 46
38 43
5 9
29 47
6 12
26 36
33 42
6 33
14 26
13 37
19 46
4 13
28 44
33 48
10 16
24 40
15 45
5 46
4 23
34 39
0 8
0 5
2 41
0 3
9 33
1 37
17 46
14 46
4 9
25 29
11 25
28 34
38 45
3 43
46 49
17 47
4 47
36 41
26 49
15 21
2 24
9 45
4 49
5 22
15 40
17 30
7 41
17 28
29 48
36 42
20 37
7 47
33 35
3 38
22 33
43 47
9 18
5 26
25 27
4 37
0 14
4 8
33 40
21 31
1 3
28 38
4 12
21 30
25 32
21 24
3 5
17 40
26 28
2 28
0 17
9 12
10 38
17 45
37 46
6 39
7 44
41 46
3 20
36 48
28 37
5 48
9 32
29 35
17 26
3 25
0 12
26 37
31 47
9 11
2 30
12 48
12 46
21 25
4 33
29 31
20 29
23 31
1 29
29 30
7 23
9 40
4 21
15 46
4 14
10 15
9 27
22 36
3 30
33 45
0 49
6 25
12 19
5 19
13 19
9 10
2 9
11 30
0 28
23 36
5 41
35 36
20 36
18 24
28 49
5 35
3 39
19 36
12 26
17 38
1 36
38 40
28 36
1 28
3 34
12 35
17 24
6 38
23 48
16 42
25 36
6 7
21 34
33 46
4 7
12 40
25 28
0 33
27 30
7 8
3 37
6 30
18 30
23 35
28 30
28 39
4 43
9 16
4 34
20 28
25 33
16 25
3 24
30 32
26 41
29 38
0 37
3 33
5 40
28 43
7 14
2 25
3 12
4 19
10 17
6 18
2 3
41 44
5 20
15 26
21 29
36 47
3 49
5 25
2 7
36 40
0 15
16 22
1 5
26 33
41 48
24 28
29 45
29 40
24 29
7 39
33 41
12 45
29 44
47 48
15 31
5 45
19 33
0 42
0 41
10 33
5 23
18 25
36 45
35 47
35 41
11 24
6 37
1 34
9 31
9 46
17 20
19 39
1 17
31 36
12 41
6 49
23 46
6 24
17 42
17 31
29 42
30 36
34 46
32 42
5 28
12 25
17 21
6 32
13 34
18 34
19 29
24 27
20 34
46 47
0 22
6 34
34 41
12 20
30 33
16 30
15 18
1 41
24 32
26 34
23 33
1 12
19 44
6 48
5 47
6 16
5 30
20 41
21 37
22 32
26 42
6 13
18 31
21 43
7 46
36 44
17 22
8 28
22 29
27 42
43 46
6 27
10 29
10 12
23 45
6 8
6 35
11 38
12 23
42 46
5 10
6 11
29 39
3 8
34 47
9 26
37 41
21 44
5 31
17 19
3 48
10 36
23 26
21 46
1 15
20 33
15 20
36 38
23 44
44 47
0 9
14 28
39 41
22 26
27 38
24 36
1 33
33 47
12 30
28 33
32 38
17 44
26 47
11 42
12 28
22 27
3 35
20 42
1 7
0 34
7 26
6 14
23 34
21 49
3 14
32 41
0 43
41 49
2 15
0 23
22 46
45 47
41 45
24 33
6 19
16 24
7 9
15 44
2 6
4 18
5 44
26 43
1 42
12 47
3 13
23 32
7 20
36 39
10 23
23 40
5 24
3 32
11 41
5 38
21 36
0 47
33 38
11 23
27 41
20 22
11 22
4 25
23 27
37 47
21 26
42 43
4 42
4 32
19 31
16 41
1 22
13 28
12 31
1 23
4 16
9 44
0 7
28 48
3 16
4 38
40 41
3 27
3 11
18 37
23 37
16 38
20 23
10 47
1 9
1 47
6 45
18 29
12 24
21 48
40 47
32 47
4 30
17 39
16 23
5 39
9 20
10 41
28 35
31 33
21 35
20 47
12 38
11 47
47 49
12 44
0 21
13 29
31 43
7 13
21 39
27 47
6 40
4 22
22 43
4 27
1 21
5 21
7 15
16 19
15 42
23 49
23 39
39 47
3 45
16 46
17 18
6 42
13 36
0 16
15 39
4 11
32 46
20 21
18 43
8 19
8 41
7 29
20 43
33 44
1 43
0 32
7 38
16 47
18 49
4 24
2 34
4 48
12 39
16 26
15 19
3 40
6 10
28 32
18 44
14 19
15 22
5 13
19 32
14 41
26 32
2 31
2 35
2 43
29 49
21 33
6 22
3 19
29 37
2 48
8 21
27 46
31 38
9 39
4 35
2 29
19 43
13 41
3 10
8 29
27 28
18 46
11 28
12 21
0 27
9 34
16 28
11 46
18 48
33 39
2 4
18 35
13 17
25 46
28 45
14 21
21 45
43 44
2 17
13 42
25 31
0 11
29 34
12 13
26 27
19 27
7 17
9 37
14 29
30 31
8 47
13 22
18 36
38 46
11 26
15 37
8 23
30 46
15 34
39 42
28 40
