50 961 734.196840091266 dense
0 64 823
1 372 939
2 19 976
3 183 605
4 767 541
5 416 291
6 649 84
7 916 228
8 907 112
9 827 154
10 313 689
11 349 997
12 817 912
13 79 688
14 567 638
15 254 415
16 482 722
17 601 331
18 424 38
19 250 119
20 657 207
21 114 992
22 220 449
23 76 344
24 841 970
25 250 828
26 299 988
27 98 681
28 535 605
29 598 377
30 373 162
31 33 755
32 356 537
33 216 929
34 770 828
35 601 490
36 443 327
37 254 582
38 819 96
39 690 553
40 372 257
41 143 941
42 324 74
43 58 932
44 748 581
45 809 580
46 26 831
47 604 931
48 332 490
49 590 133
13 27
0 46
4 44
5 36
14 28
17 29
15 22
11 26
32 48
5 40
4 45
9 38
21 41
2 43
44 45
1 11
12 24
39 44
33 41
3 37
0 31
31 46
6 49
4 39
13 31
21 43
41 43
19 42
1 26
8 38
8 9
30 40
12 34
2 21
27 31
36 40
20 49
30 42
26 33
43 46
18 42
25 33
15 48
35 39
0 43
32 37
29 35
3 27
7 9
7 8
22 48
14 16
21 33
37 48
39 45
10 37
6 20
16 28
2 41
19 30
28 35
3 13
18 30
0 13
5 30
17 20
22 37
0 41
2 46
0 27
11 33
14 39
14 35
13 46
10 25
3 10
25 41
1 33
10 32
33 43
17 36
24 34
17 35
15 32
0 2
3 22
41 46
22 32
29 36
26 41
28 39
7 38
1 25
27 46
15 37
25 26
6 38
10 16
35 44
4 35
0 21
9 20
22 23
31 43
30 36
20 29
21 46
19 40
27 37
21 26
0 33
3 32
0 25
3 48
40 42
5 17
14 44
18 49
6 9
28 32
15 23
18 19
34 47
11 25
20 38
15 40
36 48
17 49
29 39
10 48
5 29
2 33
3 15
5 15
13 37
15 36
25 27
3 31
21 25
11 41
33 46
12 47
28 44
10 27
5 48
31 41
25 43
30 49
13 25
2 31
4 14
16 32
25 46
18 40
35 45
35 36
32 36
25 31
1 41
6 18
38 49
1 47
3 25
28 48
14 32
10 13
5 49
11 21
4 29
5 42
40 48
28 29
10 28
9 49
5 19
17 39
24 47
17 40
4 28
16 47
1 16
36 49
29 49
22 40
13 43
20 36
25 37
26 43
34 44
0 3
14 45
32 35
21 31
40 49
34 45
6 17
5 22
31 33
5 18
5 32
29 44
27 43
22 36
16 25
5 20
29 40
1 10
10 22
10 33
10 14
6 8
7 20
16 35
13 41
22 27
14 29
1 21
11 47
27 41
8 20
16 37
4 17
16 39
35 48
5 35
42 49
2 25
27 33
28 45
3 46
16 48
13 33
13 22
14 48
14 34
15 30
36 42
2 26
10 15
32 40
31 37
17 28
28 37
3 23
0 10
19 36
17 30
19 23
34 39
6 30
4 34
9 17
0 26
20 30
10 31
18 20
20 35
29 48
20 40
18 36
17 44
29 32
29 45
28 36
2 13
23 48
14 47
27 32
15 19
23 37
6 29
11 43
10 26
16 44
27 48
6 7
10 41
2 27
11 16
13 21
16 34
0 37
15 27
23 40
14 17
25 32
10 11
26 47
29 30
21 27
5 6
17 48
1 43
26 46
13 32
36 37
8 49
14 37
6 36
9 29
17 32
10 46
17 38
3 16
13 48
16 26
28 34
13 15
17 45
6 42
22 30
3 33
6 40
35 40
0 1
30 48
2 11
19 22
7 17
12 45
5 37
28 47
0 11
32 39
36 39
14 36
5 28
16 33
37 46
4 16
23 27
12 44
3 41
15 28
7 49
23 32
19 49
17 18
13 23
5 23
37 40
15 29
4 7
20 39
25 48
15 42
23 30
33 37
10 35
3 43
7 29
22 28
4 20
3 28
10 43
26 31
1 2
15 35
16 45
15 17
35 49
29 38
20 42
22 31
1 14
35 37
25 28
1 46
10 21
11 46
39 48
16 29
23 42
26 27
23 36
7 45
25 47
14 25
12 14
1 28
13 26
4 12
30 32
37 41
1 37
8 17
1 27
17 42
34 35
16 22
5 14
44 47
10 47
5 39
19 48
22 25
3 36
12 39
18 29
15 16
22 35
1 3
28 40
14 15
10 36
22 29
20 44
12 16
3 14
1 31
1 13
16 27
39 47
33 47
4 36
22 42
31 32
7 44
3 5
24 45
4 9
3 21
32 44
14 22
7 39
3 40
36 44
16 36
11 31
17 22
18 38
30 35
31 48
24 44
3 26
29 37
6 19
10 39
37 43
1 32
20 45
11 27
16 41
13 16
9 35
0 22
15 31
2 3
45 47
8 29
26 37
29 42
16 17
0 32
6 35
7 35
17 19
11 13
2 10
4 32
5 10
15 25
1 34
23 31
15 18
42 48
32 33
20 28
19 20
12 28
10 23
9 18
11 14
9 36
9 39
10 29
4 47
3 11
11 37
44 48
9 45
0 48
14 40
17 37
22 46
0 16
14 24
4 5
20 48
19 32
39 49
19 29
5 9
21 37
3 35
11 28
9 44
39 40
4 24
10 40
5 16
16 24
30 37
37 39
4 48
15 49
14 20
48 49
14 26
5 44
35 47
36 38
32 46
24 39
27 28
4 49
36 45
1 12
20 32
5 38
4 38
10 44
26 28
0 15
16 31
35 38
1 48
30 38
4 8
15 20
11 34
33 48
9 30
26 32
28 33
32 45
14 33
16 21
32 41
15 39
46 48
2 37
18 22
10 17
11 32
41 47
18 48
19 37
18 23
13 28
32 42
32 47
9 40
32 49
16 46
1 24
6 39
14 27
28 30
4 6
16 43
3 29
12 35
15 46
38 39
44 49
38 40
28 49
11 12
24 28
4 10
10 34
16 40
8 45
0 23
22 33
22 39
3 30
29 34
7 36
38 45
45 48
18 35
8 35
4 40
22 49
25 35
5 45
8 18
41 48
23 46
38 44
13 14
3 19
8 39
11 24
21 47
37 44
37 47
27 36
32 43
8 44
38 42
40 44
26 34
45 49
22 41
26 48
20 22
35 42
3 17
1 39
5 27
30 39
18 32
5 7
1 35
27 40
14 49
32 34
6 44
11 48
10 45
9 42
22 43
3 39
19 35
8 36
13 36
37 42
1 22
14 30
23 25
4 37
6 48
6 15
21 32
15 33
28 41
47 48
25 39
0 28
1 44
25 34
43 48
5 13
14 41
15 44
13 40
6 45
5 8
23 29
12 26
28 31
17 34
17 23
7 18
23 28
2 16
4 15
10 30
3 47
6 28
0 14
7 28
8 30
24 35
25 36
1 15
9 28
15 41
27 35
7 14
6 32
24 26
40 45
16 20
22 44
22 26
7 40
23 35
43 47
14 31
4 30
7 30
21 48
3 42
9 14
20 37
0 47
10 12
15 43
21 22
34 48
2 32
29 47
8 40
4 22
16 23
37 45
23 49
25 44
28 46
13 35
11 39
6 14
1 4
37 49
5 25
30 44
11 22
33 34
6 22
19 28
2 22
27 47
3 44
1 45
11 35
19 38
25 29
18 37
16 30
28 42
34 37
21 28
14 23
12 25
10 19
14 46
15 26
14 21
11 44
18 28
9 19
2 48
12 29
28 43
13 47
15 45
18 39
19 27
26 35
28 38
25 40
33 35
8 42
26 39
27 29
46 47
2 47
27 30
3 4
14 43
23 43
11 15
4 25
10 20
31 36
15 21
13 19
12 32
20 23
31 47
14 38
10 24
9 48
34 36
16 49
17 47
23 41
12 33
23 33
5 31
31 40
13 30
39 42
22 45
30 45
33 39
13 29
27 39
1 29
26 44
9 32
24 25
14 19
2 15
17 25
4 18
25 45
7 42
17 27
14 42
10 42
3 18
1 36
22 47
14 18
7 34
8 28
19 39
4 11
3 20
12 17
11 45
10 49
3 49
15 47
0 36
36 47
13 39
8 14
24 33
38 48
3 45
31 35
3 34
6 23
9 15
20 34
0 35
18 44
13 17
2 23
2 28
6 37
33 44
34 41
0 5
32 38
7 32
7 48
24 29
35 41
12 48
5 34
33 36
4 42
2 14
0 40
16 19
4 26
27 42
23 39
15 38
21 23
1 5
1 17
24 32
12 37
26 45
36 46
8 19
7 16
27 44
6 16
10 18
15 34
42 44
13 42
1 23
9 16
18 45
5 46
16 42
5 47
4 19
22 34
11 29
35 46
5 33
40 46
39 41
29 33
19 31
4 33
12 41
7 19
9 22
21 34
9 34
26 36
11 36
25 30
13 44
19 44
29 31
26 29
23 26
0 39
1 40
17 24
36 41
4 27
30 31
16 18
31 39
27 34
7 15
33 45
8 48
33 40
7 12
6 10
12 36
22 38
0 29
8 32
34 40
24 41
3 6
21 35
24 48
35 43
42 45
4 13
24 37
41 44
3 12
5 41
13 34
0 34
5 26
12 21
11 23
17 31
19 25
5 11
16 38
17 33
11 17
23 44
40 47
9 37
36 43
34 49
27 45
4 23
34 43
39 46
8 15
18 27
40 41
12 20
17 26
21 39
19 45
29 41
0 44
20 47
21 24
0 19
0 17
8 34
0 30
7 22
29 46
20 27
34 38
5 43
