50 709 589.8355703075222 dense
0 906 367
1 438 202
2 358 159
3 145 45
4 255 984
5 932 505
6 236 177
7 694 264
8 967 403
9 169 803
10 147 964
11 963 367
12 652 167
13 355 391
14 187 337
15 317 523
16 312 567
17 502 955
18 82 210
19 807 52
20 964 787
21 80 568
22 882 964
23 793 525
24 644 322
25 317 635
26 718 150
27 675 913
28 685 300
29 511 873
30 381 429
31 774 704
32 959 259
33 1 293
34 112 84
35 357 705
36 368 934
37 690 181
38 925 312
39 634 893
40 499 830
41 377 326
42 289 247
43 271 193
44 207 965
45 188 673
46 243 427
47 692 730
48 316 622
49 197 112
25 48
8 11
7 28
6 43
12 37
26 37
15 16
29 40
27 39
13 30
24 28
3 34
4 44
16 48
42 43
0 11
0 38
10 44
32 38
11 38
12 26
16 25
13 41
0 8
6 49
7 24
25 35
17 29
7 37
3 49
31 47
6 42
34 49
1 2
35 48
2 43
15 48
8 38
30 41
7 12
14 46
5 8
11 32
43 49
4 10
2 42
15 25
15 30
18 33
7 26
13 46
41 42
28 37
0 32
15 46
2 6
4 36
29 39
17 40
18 34
9 45
19 26
25 45
17 36
14 42
12 28
13 15
45 48
30 46
1 41
0 5
5 23
5 11
8 32
16 35
17 39
24 37
39 40
21 45
18 49
26 28
16 30
6 34
12 24
29 36
1 42
16 46
6 18
13 42
3 6
9 10
16 45
42 49
36 44
14 18
9 44
14 43
1 43
36 40
6 14
2 49
41 46
2 41
27 29
41 43
35 45
39 47
19 37
13 14
3 18
17 27
23 31
13 16
27 47
42 46
15 35
24 26
35 40
18 43
14 41
14 33
34 43
12 19
5 38
0 23
3 43
27 40
20 22
15 45
4 9
1 6
30 48
30 42
6 41
15 41
1 13
20 31
46 48
18 42
9 35
8 23
22 27
14 30
13 43
21 46
25 30
1 12
40 47
25 46
10 36
9 25
14 49
14 15
29 35
23 47
35 36
29 47
0 28
27 31
16 21
2 13
11 23
9 48
1 30
13 48
31 39
43 46
0 7
7 38
33 34
9 36
1 24
7 19
28 38
34 42
15 21
2 3
21 48
6 13
21 25
2 14
13 25
5 32
3 42
4 17
23 28
16 41
6 46
23 38
9 21
23 24
45 46
1 37
5 31
14 21
19 32
2 34
1 49
22 39
30 43
14 16
6 33
26 38
1 7
14 34
26 32
7 32
1 28
0 24
25 40
33 49
24 41
37 38
36 39
18 46
2 30
9 16
19 28
33 46
30 35
40 48
28 32
15 42
20 47
4 29
7 23
41 49
32 37
2 18
24 38
22 31
5 20
24 30
1 26
1 14
0 37
19 38
11 28
21 33
3 33
0 26
33 43
7 11
4 40
17 35
6 30
2 46
33 42
44 45
10 45
2 12
17 47
3 14
17 44
4 35
13 24
1 46
35 44
8 28
35 46
22 47
41 48
31 40
25 36
7 8
25 29
27 36
21 35
28 41
12 38
30 45
29 31
14 48
20 23
23 32
13 35
25 41
20 27
19 24
36 48
9 15
18 41
36 45
29 44
12 41
29 48
4 45
46 49
12 32
13 49
16 42
5 28
24 32
40 44
11 24
16 40
7 41
0 12
14 25
13 21
11 26
13 18
13 45
5 47
2 24
0 19
28 30
11 37
9 40
21 30
1 3
2 37
8 24
15 43
10 35
35 39
35 47
14 45
5 7
5 24
13 28
1 15
37 41
20 39
1 34
25 44
40 45
9 29
11 19
2 7
7 30
4 25
8 26
8 37
10 17
6 15
1 18
2 28
15 40
8 31
18 21
34 41
23 37
44 48
2 26
0 31
7 13
24 42
3 41
16 29
9 17
2 15
30 49
4 48
34 46
13 33
17 25
11 12
17 31
10 25
18 30
16 36
12 42
12 13
10 29
42 48
16 43
10 40
12 30
33 41
35 41
29 45
27 35
17 22
2 33
17 48
10 48
12 43
22 29
23 26
36 47
21 42
21 41
9 46
26 41
15 24
8 20
12 23
8 19
1 16
11 31
25 47
25 42
4 39
15 33
47 48
15 18
13 34
8 12
3 46
24 43
41 45
13 37
30 37
6 16
1 19
28 42
15 29
23 39
10 21
24 31
30 33
5 37
3 13
7 42
14 35
23 27
22 40
37 42
25 39
2 16
24 47
16 44
16 24
16 47
28 31
15 36
16 33
5 26
24 46
6 12
21 44
31 35
39 48
30 40
37 43
11 20
31 38
21 43
4 16
6 21
0 47
17 45
23 30
33 45
23 40
0 20
16 18
4 27
8 47
28 43
15 49
15 47
7 43
9 30
10 16
28 47
15 28
43 48
16 17
30 47
6 24
39 44
13 26
1 48
30 34
26 30
42 45
5 12
26 42
25 43
24 48
1 33
7 31
23 29
22 23
26 43
1 25
3 30
4 21
9 13
6 48
24 25
11 47
25 27
6 37
15 44
33 48
14 24
7 15
13 23
16 39
12 49
16 28
28 46
20 29
23 41
2 19
5 22
13 40
27 48
25 31
29 30
35 42
2 48
6 25
4 15
31 48
6 28
25 33
21 36
7 47
6 7
9 14
31 36
20 40
16 49
5 19
15 17
21 49
27 44
23 35
10 15
19 23
9 39
18 48
18 45
15 23
20 38
40 46
2 25
13 47
38 47
24 35
7 46
30 31
1 23
16 31
31 32
5 27
6 26
16 23
15 34
12 46
21 34
18 25
23 48
43 45
15 39
7 16
23 25
12 15
5 39
28 48
15 31
17 20
10 39
24 49
21 40
2 21
12 14
0 1
39 45
25 28
37 49
6 45
1 38
14 28
16 27
30 36
4 47
15 37
13 29
45 47
3 15
1 35
19 41
37 46
1 21
7 14
41 47
22 36
9 27
40 41
35 43
17 23
7 49
29 46
9 41
7 48
28 35
3 12
36 46
26 49
16 34
28 49
13 31
48 49
1 32
12 16
14 37
3 21
21 29
20 32
9 47
24 40
30 39
0 30
7 25
15 27
31 37
10 27
0 41
1 45
25 49
9 33
44 47
44 46
17 30
16 37
2 45
5 40
32 47
46 47
6 35
27 45
13 36
33 35
10 46
2 35
12 34
15 26
3 16
31 41
38 41
37 47
26 46
1 11
12 31
0 13
19 42
19 43
7 35
5 30
30 38
26 31
4 46
23 46
5 29
45 49
20 28
28 40
3 37
14 26
29 41
30 44
12 47
20 24
13 19
12 48
1 8
18 35
27 30
24 29
8 22
2 23
9 42
19 30
4 30
3 24
24 39
12 18
17 21
18 24
13 39
34 48
24 45
13 38
12 25
23 42
37 48
1 5
26 47
16 26
3 26
24 34
13 17
5 41
14 40
10 30
6 19
11 30
22 35
32 41
1 47
34 37
0 2
8 30
31 45
2 38
11 41
25 37
8 27
25 34
17 46
5 13
7 20
4 31
23 36
