50 1090 819.416865825936 dense
0 764 460
1 810 470
2 477 471
3 457 866
4 143 76
5 31 285
6 416 881
7 754 886
8 285 504
9 677 517
10 490 317
11 54 145
12 498 585
13 376 288
14 942 415
15 309 775
16 680 289
17 660 828
18 777 648
19 361 714
20 763 244
21 756 799
22 354 354
23 12 569
24 465 29
25 599 424
26 509 123
27 362 534
28 280 354
29 281 438
30 913 452
31 870 781
32 415 572
33 677 746
34 489 377
35 838 727
36 948 532
37 955 167
38 945 523
39 996 608
40 520 472
41 586 754
42 812 545
43 18 996
44 979 921
45 627 879
46 836 412
47 52 853
48 41 325
49 347 54
36 38
5 48
2 40
3 6
14 30
0 1
10 34
17 45
31 35
1 46
27 32
8 29
13 22
22 28
1 42
30 38
15 19
8 27
17 33
28 29
12 32
0 46
30 46
7 21
30 36
36 39
33 41
25 40
16 20
2 34
21 33
0 42
38 39
18 35
34 40
17 21
24 26
0 9
1 30
17 41
14 46
14 38
18 42
21 35
7 17
22 29
4 11
12 40
21 31
2 12
13 28
14 36
10 13
2 32
25 34
24 49
9 25
27 29
7 45
2 25
2 27
41 45
38 42
42 46
36 42
22 34
30 42
9 42
18 33
10 22
1 9
5 11
33 45
1 14
13 34
32 40
1 38
12 27
8 32
43 47
0 30
8 28
6 15
1 36
21 45
19 32
18 21
10 25
2 10
38 46
7 31
16 25
10 40
7 33
33 35
18 31
9 40
36 46
9 18
8 22
0 25
27 40
2 22
3 45
3 41
3 15
6 19
21 41
26 49
30 39
31 44
13 29
3 19
7 35
19 27
22 27
11 48
1 18
20 46
0 14
14 42
35 42
12 19
0 18
29 32
12 25
0 16
12 41
9 46
9 12
0 38
10 16
39 42
2 8
10 26
31 33
0 36
27 28
35 39
16 46
2 29
14 39
27 34
22 40
17 35
4 49
2 9
3 17
18 36
20 37
12 34
32 34
2 13
18 38
28 34
16 34
6 45
13 26
6 41
10 28
7 41
31 39
17 18
17 31
1 25
0 20
29 34
18 41
18 39
1 16
8 19
35 36
22 32
7 44
8 12
9 16
19 41
9 33
15 32
2 28
35 38
1 20
1 39
13 40
8 13
9 34
13 49
25 32
4 5
8 40
25 46
16 26
18 30
7 18
35 44
8 34
12 33
28 48
29 40
10 29
33 42
31 42
16 40
18 46
20 25
0 40
9 30
25 42
23 48
13 27
15 27
14 20
14 37
6 17
32 41
3 33
10 27
39 46
35 41
9 41
21 44
26 34
22 25
28 32
20 30
5 28
1 35
35 45
21 42
31 36
13 25
25 27
31 45
12 29
9 35
29 48
10 32
28 40
9 32
12 15
9 38
10 12
15 47
31 38
4 48
2 19
9 36
8 15
12 22
37 46
2 16
9 10
13 24
0 39
18 45
0 35
8 10
15 41
22 26
8 23
20 26
10 20
9 14
3 12
16 30
5 23
30 35
31 41
14 18
12 18
18 25
9 20
13 32
23 47
0 2
0 34
19 29
16 42
30 37
10 24
19 40
40 41
1 40
14 16
12 17
9 21
5 29
6 33
0 12
3 32
3 7
0 33
23 29
10 49
22 49
16 37
40 42
8 48
2 41
13 16
20 34
20 42
1 33
3 21
21 39
11 49
6 12
28 49
11 28
41 42
6 32
0 10
4 28
9 17
18 40
19 45
39 44
27 41
25 26
22 48
32 33
35 46
4 13
25 30
9 27
33 40
12 42
1 31
19 33
12 28
25 29
17 19
12 45
12 13
17 42
40 46
8 25
26 28
4 24
25 28
9 31
21 36
14 35
25 41
5 22
25 33
9 39
30 31
17 44
16 22
1 12
1 2
20 38
20 40
1 21
1 34
21 38
15 45
12 21
5 8
1 37
13 48
16 24
6 7
0 31
15 29
19 47
0 21
18 44
2 33
20 36
2 42
14 25
22 24
23 28
0 41
5 13
33 36
3 27
7 42
2 15
12 16
33 39
2 18
33 38
34 46
24 34
4 22
33 44
26 40
2 26
6 21
0 37
6 27
23 27
11 13
34 49
16 38
17 32
44 45
1 10
15 17
37 38
10 46
25 38
19 22
19 34
15 23
1 41
16 36
9 22
2 46
34 42
36 37
6 47
2 20
25 36
15 43
9 45
11 22
0 32
20 24
12 35
7 39
19 28
4 26
15 33
15 40
18 32
33 46
31 46
11 29
16 18
9 19
14 31
32 45
24 28
19 25
7 9
30 33
19 23
9 13
27 33
12 46
21 30
42 45
0 17
17 40
27 48
25 35
3 18
4 29
16 32
1 17
26 29
34 41
13 20
29 49
36 44
8 41
5 49
8 9
30 40
10 42
7 12
21 46
18 34
2 3
32 42
3 40
6 8
38 44
3 8
2 17
16 27
17 39
23 32
21 40
7 36
9 29
22 23
19 21
37 42
18 20
3 47
16 28
3 35
21 25
16 49
35 40
1 32
17 25
48 49
0 27
21 32
7 38
42 44
3 9
17 36
33 34
5 27
6 43
2 6
24 25
10 19
17 38
17 27
8 47
1 7
12 31
40 45
18 19
3 31
15 28
6 40
4 10
0 26
15 22
0 22
20 22
41 46
14 33
0 13
36 41
14 40
16 29
11 23
0 7
13 19
14 21
8 11
38 41
41 44
23 43
11 24
38 40
9 26
7 19
9 28
6 18
18 27
30 34
2 21
12 20
36 40
20 39
2 45
27 45
39 41
12 30
26 46
2 30
26 27
2 49
15 34
25 39
10 18
25 37
29 41
0 45
8 26
2 24
2 35
37 39
10 30
19 43
27 47
30 41
24 40
9 37
10 41
15 21
25 49
6 9
1 45
26 37
32 48
25 31
24 29
16 39
10 48
6 35
9 15
8 16
27 42
32 46
32 35
4 8
34 48
12 38
17 46
40 49
1 27
12 36
17 30
8 49
14 34
15 25
11 26
25 45
16 33
20 49
39 45
3 43
4 34
7 15
26 32
32 47
1 26
2 48
13 23
5 10
8 33
7 32
12 26
7 30
22 41
10 14
3 29
6 29
3 25
6 31
16 35
31 40
5 34
10 33
2 14
10 11
1 22
1 13
2 38
36 45
30 44
29 47
16 41
21 27
2 36
2 23
12 14
7 40
0 19
13 46
19 35
38 45
20 32
3 42
34 38
5 32
27 49
0 8
7 46
19 42
1 44
17 34
2 5
0 29
34 36
15 18
22 46
12 23
7 25
10 37
20 35
27 46
3 34
14 41
13 15
6 25
10 15
11 34
34 35
20 27
39 40
20 28
0 28
8 17
11 27
22 42
12 39
2 7
21 34
10 38
14 17
2 31
31 32
40 48
29 33
28 41
19 48
5 24
9 44
5 26
10 36
13 42
7 14
14 44
8 45
4 27
22 33
8 24
0 44
0 3
24 37
6 34
20 33
26 48
4 23
6 23
1 19
34 37
13 41
45 46
30 32
8 18
18 37
19 31
27 35
30 45
23 34
18 22
24 27
16 21
24 48
23 40
2 4
6 42
26 42
20 29
12 47
34 45
26 30
3 22
14 26
32 49
5 40
15 48
0 24
3 44
12 48
1 8
7 27
16 31
47 48
8 42
44 46
1 29
1 3
6 22
15 35
37 40
16 19
9 24
32 38
24 46
2 11
32 36
3 23
2 39
10 35
10 17
18 29
13 18
16 17
20 41
10 23
5 19
29 42
3 28
1 28
41 47
17 29
8 20
6 28
24 32
0 6
4 40
20 31
13 33
28 47
14 32
3 10
10 21
12 49
15 42
0 15
20 21
5 12
31 34
29 46
8 21
12 24
27 30
34 39
28 33
8 46
28 46
11 32
8 43
1 24
29 45
14 45
15 31
13 30
19 46
5 15
17 22
6 44
27 31
28 42
4 32
2 37
25 48
22 30
5 47
9 49
6 10
11 40
1 6
2 47
35 37
4 25
7 34
45 47
27 43
18 28
4 16
10 45
13 14
32 43
0 49
32 39
27 38
22 47
3 13
10 39
5 25
27 36
1 15
12 44
18 26
14 22
3 46
13 37
26 38
22 45
14 27
16 45
17 20
3 36
6 13
8 35
3 38
21 29
3 39
21 22
10 31
26 36
7 16
23 41
40 47
23 25
7 8
46 49
17 28
17 47
19 26
13 17
19 30
22 35
15 16
11 25
14 24
23 49
19 38
19 36
22 38
13 38
3 30
24 30
29 43
41 43
37 49
19 20
3 16
12 37
31 37
22 36
43 45
4 12
24 42
13 36
1 49
11 12
25 44
7 10
29 35
28 45
22 37
6 46
8 30
12 43
29 30
33 47
26 41
6 36
13 21
13 35
27 39
6 38
15 46
16 48
28 30
6 39
7 20
40 44
13 45
33 37
11 16
4 20
19 39
26 33
34 47
11 19
8 31
6 16
5 16
20 45
13 47
7 29
21 28
19 44
14 19
6 30
19 49
8 38
14 29
3 14
21 37
8 14
32 44
8 36
17 43
9 48
14 28
7 22
9 23
23 26
29 38
22 31
6 48
28 35
43 48
29 36
2 44
4 19
32 37
42 49
11 15
29 31
15 26
3 48
15 36
15 38
15 30
15 44
28 38
5 9
26 39
26 35
23 33
23 45
24 38
22 39
28 36
30 49
10 47
4 9
19 24
18 24
3 20
37 41
28 43
41 48
25 47
14 49
24 36
2 43
27 37
13 39
17 23
13 31
15 20
16 44
28 37
6 14
7 47
33 43
23 24
21 47
15 39
7 13
11 47
5 6
9 47
20 44
5 43
7 28
11 20
4 15
8 39
21 26
3 5
17 26
15 49
17 37
16 23
22 43
6 20
9 11
40 43
29 37
20 48
5 41
14 15
28 31
27 44
0 4
34 44
5 20
18 49
29 39
24 41
0 48
41 49
7 43
3 26
7 37
24 33
8 37
26 31
18 47
0 5
37 44
28 39
0 23
38 49
15 24
33 48
6 26
21 43
26 45
33 49
36 49
18 23
4 46
1 4
0 11
10 44
34 43
21 23
4 47
1 48
37 45
24 39
24 35
13 43
5 33
35 47
17 48
46 48
23 42
1 5
7 26
42 48
18 48
1 23
45 48
7 23
19 37
11 41
8 44
4 41
0 47
9 43
5 46
25 43
4 42
4 37
20 23
3 49
