50 666 534.1479195878236 dense
0 391 743
1 773 502
2 900 459
3 278 706
4 140 754
5 682 284
6 654 548
7 74 349
8 925 780
9 519 158
10 5 96
11 244 255
12 664 890
13 957 319
14 570 766
15 288 581
16 197 133
17 717 225
18 369 517
19 881 632
20 644 309
21 835 491
22 729 681
23 114 179
24 223 788
25 834 708
26 749 255
27 543 130
28 764 792
29 958 280
30 773 243
31 401 419
32 788 996
33 35 87
34 440 666
35 497 28
36 264 906
37 777 290
38 617 7
39 254 836
40 617 681
41 492 732
42 497 854
43 153 36
44 631 975
45 755 731
46 326 249
47 395 140
48 8 234
49 576 268
26 30
10 33
9 27
13 29
17 26
26 37
5 20
30 37
22 45
24 39
17 30
28 45
1 21
5 17
36 39
2 21
5 26
20 49
11 46
25 45
34 41
14 41
17 37
19 25
4 24
12 44
0 34
16 23
5 37
14 40
3 24
5 30
0 41
18 31
15 18
16 43
5 49
22 25
25 28
17 20
27 35
22 40
14 42
8 25
22 28
20 26
0 3
23 48
23 33
35 38
41 42
9 49
24 36
9 47
3 15
1 6
33 43
46 47
11 16
9 35
3 39
7 48
1 2
20 37
40 41
10 23
10 48
6 40
12 28
4 39
27 49
27 38
20 30
3 4
40 45
17 49
23 43
19 21
27 47
33 48
11 23
2 13
35 47
6 22
0 42
8 19
12 14
32 44
10 43
19 22
19 45
8 28
12 32
14 34
18 34
0 39
3 34
16 33
1 19
12 42
16 46
26 49
0 24
2 19
15 34
7 23
8 45
34 40
9 38
14 22
0 14
42 44
29 37
13 37
12 45
28 40
1 22
31 46
2 29
14 45
29 30
6 21
11 47
0 15
7 11
10 16
14 28
9 20
4 36
34 42
15 31
16 47
19 28
17 27
30 49
13 30
3 36
37 49
28 32
20 27
5 9
0 36
5 27
2 37
6 45
9 17
21 37
3 18
26 29
40 42
13 21
1 37
9 46
12 40
16 48
1 25
3 41
15 24
21 25
21 22
13 26
14 44
25 40
12 22
8 22
47 49
23 46
28 44
11 31
0 18
4 15
1 45
31 49
1 20
12 41
6 14
0 40
1 5
11 48
11 43
1 40
36 42
6 20
17 38
6 25
26 27
6 19
22 41
39 42
21 29
6 34
6 41
43 48
17 29
27 46
18 41
1 26
7 16
24 34
12 25
9 26
31 34
2 30
46 49
21 26
0 4
34 39
35 49
21 45
2 26
15 41
21 30
8 32
27 30
15 39
5 21
2 25
13 17
38 47
1 30
1 13
39 41
2 6
7 10
41 45
43 47
20 21
38 49
3 42
7 33
5 6
20 31
32 45
6 28
9 30
11 33
19 40
14 25
7 46
18 46
44 45
28 42
43 46
24 41
5 29
5 13
28 41
31 47
35 46
2 5
41 44
2 22
26 38
24 42
1 17
30 38
8 12
27 37
23 47
6 31
5 38
6 37
42 45
9 31
6 18
36 41
10 11
1 29
21 40
22 34
22 42
9 37
1 28
11 18
6 49
17 21
9 11
25 32
40 44
17 35
2 20
2 17
18 40
34 36
3 14
20 47
8 21
20 38
1 49
18 24
6 26
2 45
21 28
22 44
0 12
5 31
3 31
4 34
13 20
20 29
7 15
5 35
12 34
1 8
14 32
20 35
16 35
46 48
14 18
22 32
5 47
34 45
2 8
27 31
13 19
7 43
9 16
8 40
20 46
14 39
32 42
18 49
11 27
0 31
37 38
15 36
31 41
6 30
0 6
11 15
6 17
4 18
11 49
1 14
17 47
33 46
0 44
15 46
7 31
25 44
14 36
12 19
14 15
14 19
18 39
26 35
7 18
31 40
11 35
3 40
21 49
6 12
25 41
0 22
15 42
15 40
6 42
35 43
18 20
16 27
28 34
14 24
30 35
16 31
4 41
8 44
8 14
10 46
6 8
19 37
5 46
32 40
2 40
2 28
19 29
18 42
1 41
34 44
33 47
0 45
25 42
6 15
4 42
17 31
1 34
26 47
20 40
36 44
23 31
19 32
2 49
0 28
18 47
38 46
6 13
1 31
20 22
14 21
29 49
7 47
35 37
13 49
26 31
9 43
14 31
9 18
5 18
17 46
30 47
10 47
22 37
39 40
18 22
25 34
32 41
31 37
47 48
19 26
5 22
12 36
19 20
5 19
27 43
19 41
39 44
5 40
16 49
31 35
18 36
1 12
11 20
19 30
1 18
6 29
9 23
3 6
13 25
24 40
24 31
4 7
37 47
3 7
20 34
30 31
23 35
6 9
12 39
40 49
36 40
21 41
22 31
34 49
16 18
25 37
37 40
26 46
18 23
18 27
19 44
4 31
15 49
22 26
1 9
3 12
6 44
13 22
4 14
23 27
21 34
34 46
6 27
12 21
8 42
31 48
8 41
20 45
29 38
1 27
15 23
16 38
17 19
5 11
21 31
22 30
22 49
27 29
18 45
37 45
20 25
31 39
19 34
19 42
3 44
6 46
0 25
31 42
25 29
15 48
26 40
30 46
1 42
11 38
15 20
24 44
20 41
5 25
2 14
0 1
3 22
15 22
5 34
3 11
12 24
37 46
5 45
15 47
17 18
13 27
11 34
9 29
17 22
31 43
15 16
18 48
13 45
9 21
3 46
25 26
13 38
18 26
22 29
8 13
14 20
7 24
21 27
38 43
30 40
31 38
33 35
9 13
18 21
17 40
18 37
6 32
25 30
23 49
0 32
41 49
31 45
11 17
19 49
12 18
26 45
3 45
32 34
16 20
18 28
9 15
43 49
4 40
6 47
7 34
7 9
2 27
2 9
5 41
12 15
18 30
30 45
9 33
15 45
2 41
2 12
1 15
6 39
6 24
5 15
3 28
1 44
31 33
1 32
29 45
5 14
21 42
45 49
13 40
10 35
17 25
20 28
14 49
8 34
0 46
22 39
2 31
8 29
28 37
0 20
0 19
18 25
6 11
2 34
34 37
11 26
18 35
0 7
31 36
21 32
17 45
5 16
7 49
0 11
4 11
0 49
27 33
25 49
0 21
41 46
13 28
10 31
8 37
39 45
28 39
28 36
1 46
9 34
26 34
5 28
22 36
9 48
22 24
7 27
9 10
15 27
1 38
14 37
7 39
28 31
25 31
15 28
17 34
40 46
36 45
15 44
1 47
18 19
19 31
21 44
29 35
37 41
29 40
18 43
18 44
34 47
16 17
11 30
6 36
3 49
35 48
21 38
7 35
23 38
32 36
9 40
2 38
11 24
11 37
