50 1223 1207.2199468199653 dense
0 146 997
1 430 528
2 700 921
3 738 268
4 844 377
5 95 905
6 488 634
7 755 584
8 488 790
9 496 305
10 208 694
11 742 421
12 431 730
13 162 511
14 680 432
15 476 814
16 271 715
17 234 787
18 996 26
19 843 769
20 432 60
21 161 372
22 201 365
23 362 436
24 561 116
25 26 332
26 122 607
27 275 528
28 883 603
29 562 256
30 465 767
31 31 688
32 212 353
33 377 787
34 869 998
35 66 529
36 506 449
37 57 700
38 697 641
39 758 657
40 499 83
41 640 488
42 872 104
43 384 706
44 993 494
45 810 454
46 930 79
47 161 296
48 507 194
49 96 159
22 32
8 15
31 37
8 30
21 22
15 30
12 30
12 43
21 32
11 14
38 39
42 46
10 16
14 41
24 40
20 40
7 39
11 45
21 47
32 47
12 33
22 47
16 17
33 43
7 38
9 29
8 12
29 48
4 45
18 46
30 33
24 48
12 15
26 35
10 17
13 35
30 43
15 33
13 26
0 5
1 36
8 33
4 11
40 48
9 48
6 12
16 43
26 37
13 27
1 23
1 6
26 31
11 41
10 26
6 43
23 27
16 33
7 28
14 45
8 43
6 30
28 39
13 21
36 41
25 47
24 29
19 39
20 24
21 25
7 45
15 43
17 33
9 36
23 36
18 42
7 41
13 22
10 37
47 49
3 4
3 11
20 48
28 44
1 27
6 8
12 16
31 35
38 41
7 11
13 32
28 45
7 14
17 43
19 28
35 37
23 32
26 27
4 14
41 45
3 14
14 36
22 23
3 29
10 43
10 31
22 25
10 27
22 27
6 15
5 17
21 35
1 43
16 26
29 40
2 34
6 36
27 32
25 49
16 27
25 32
44 45
9 23
10 13
6 33
4 44
28 38
10 33
21 27
19 38
17 37
3 45
9 24
16 30
29 36
25 35
1 12
7 19
12 17
39 41
5 37
2 19
27 43
27 35
6 38
39 45
14 38
6 41
21 23
3 42
14 29
17 26
22 35
13 23
1 41
16 37
13 47
13 37
10 35
38 45
13 31
9 40
21 49
9 14
11 38
13 25
4 7
17 31
10 12
32 49
5 31
15 16
0 17
32 35
4 28
8 16
11 28
19 34
22 49
13 16
6 16
17 30
4 41
1 9
9 41
3 24
6 23
20 29
11 39
11 36
6 27
14 39
21 26
5 10
3 41
16 31
1 30
3 48
15 17
27 36
11 29
29 41
3 9
23 47
1 16
2 15
2 8
35 47
9 20
8 17
7 44
22 26
36 48
12 27
8 38
27 47
5 16
11 44
17 27
30 38
1 33
14 28
10 30
1 14
1 8
1 13
28 41
23 29
3 46
26 32
2 39
36 38
23 43
6 39
6 7
9 11
4 42
16 35
1 10
27 37
27 33
6 14
1 32
2 38
26 43
12 38
15 38
2 30
1 22
23 48
23 41
7 36
36 43
13 17
39 44
6 10
9 32
1 15
1 38
12 36
25 26
27 31
4 39
16 23
10 15
14 48
3 36
23 26
13 43
8 10
6 17
5 26
10 23
8 39
9 22
12 23
4 38
3 40
1 29
36 45
27 30
5 33
4 29
17 35
0 16
32 36
0 10
0 37
4 46
23 35
1 21
24 42
26 33
0 33
30 39
19 44
26 47
9 27
22 36
3 7
19 45
25 27
29 45
1 26
14 23
14 44
38 43
12 41
30 36
41 48
15 39
1 17
10 21
11 48
36 39
37 43
10 22
6 9
30 41
0 31
1 7
1 11
2 12
38 44
6 11
33 37
12 26
12 39
9 47
32 48
41 43
7 8
24 36
8 27
14 24
8 41
3 44
10 32
2 7
8 36
9 21
21 31
11 42
1 48
7 30
21 37
29 42
4 36
23 30
19 41
12 13
9 45
6 13
13 36
15 27
2 33
13 33
20 49
22 48
5 43
23 33
23 25
33 38
1 39
41 44
31 43
21 36
3 18
11 24
16 36
1 47
4 9
7 12
42 45
8 19
25 31
2 6
16 22
13 49
34 39
20 47
31 33
16 21
47 48
7 15
33 36
11 19
29 32
35 43
1 35
22 37
15 41
22 31
3 28
36 40
15 36
20 32
16 32
2 28
6 26
27 41
6 45
25 37
15 19
3 20
24 46
35 49
40 42
17 23
14 19
12 37
3 38
8 23
0 43
42 48
23 24
22 29
5 35
39 43
0 15
36 47
19 30
26 30
23 40
5 12
6 19
32 37
14 42
11 23
24 41
7 29
7 9
31 32
2 43
20 23
4 18
20 22
4 48
23 49
4 24
6 29
10 36
22 43
1 45
12 14
21 48
3 39
11 46
0 12
7 43
0 26
9 38
5 15
4 19
9 13
32 43
23 38
14 40
0 30
6 22
45 46
6 32
32 40
15 23
5 30
28 34
27 29
20 36
6 28
34 38
13 30
14 30
33 41
45 48
40 47
5 13
0 8
10 47
21 43
12 31
33 39
29 47
1 3
14 43
23 37
33 35
10 25
8 14
27 48
28 36
29 38
42 44
29 46
8 26
5 8
15 26
40 49
27 49
22 40
1 37
3 23
48 49
31 47
20 21
30 37
12 19
26 36
23 31
14 27
11 40
9 43
12 35
37 47
21 29
5 27
6 21
44 46
24 45
7 23
17 21
24 32
17 22
9 49
9 42
40 41
7 33
8 13
7 34
1 31
9 12
40 46
12 22
1 24
16 38
14 46
14 15
16 47
16 41
17 36
15 34
8 34
15 37
17 32
6 35
12 32
6 37
13 15
27 38
8 28
2 41
22 24
46 48
11 12
24 47
9 39
4 6
8 37
6 48
1 4
30 31
20 42
11 30
3 6
18 24
21 40
29 39
14 20
35 36
8 11
23 45
12 21
41 42
26 49
32 41
28 30
1 25
1 40
4 40
23 39
16 25
22 41
22 33
11 43
15 28
1 28
6 31
7 48
15 31
9 30
19 43
32 33
30 35
19 36
30 34
8 45
30 45
19 33
18 45
43 47
14 33
24 49
9 16
21 33
1 20
18 44
8 31
13 48
12 45
12 28
11 18
6 47
9 25
28 29
13 29
11 15
14 32
0 35
21 24
11 20
20 41
2 16
29 49
1 2
5 6
1 19
13 41
10 41
11 27
2 45
9 26
22 30
7 27
14 22
29 43
9 10
40 45
9 35
2 17
8 9
30 32
17 38
4 23
38 48
0 13
0 27
9 28
20 25
36 44
9 46
2 14
16 39
15 45
18 29
12 29
10 38
29 44
21 41
20 27
25 36
7 42
43 45
8 35
17 47
9 33
14 16
1 49
27 40
20 46
21 30
0 6
28 42
15 35
27 39
18 40
17 25
25 48
41 46
7 16
24 27
2 11
36 49
36 42
17 41
1 5
7 24
9 15
28 43
2 36
12 47
3 19
8 22
12 34
36 37
14 18
41 47
8 32
11 33
18 48
25 43
2 44
34 44
4 20
29 30
14 21
6 24
13 14
6 44
13 20
28 46
15 22
43 48
39 48
6 34
8 21
3 27
15 32
26 41
9 44
31 36
3 32
31 49
11 32
7 46
25 40
33 34
33 47
14 47
5 21
28 33
8 29
5 23
10 14
17 39
27 45
25 29
12 48
2 10
24 38
37 49
15 21
4 12
16 29
4 30
11 22
13 40
4 8
3 22
20 45
33 45
10 49
23 28
34 45
0 1
9 17
5 22
13 38
6 40
10 39
6 25
35 48
3 12
11 16
28 48
7 10
34 41
7 17
0 2
30 47
13 24
29 33
7 40
2 4
36 46
26 29
10 29
3 43
1 44
32 38
5 32
15 29
26 48
39 42
38 42
18 20
4 43
34 43
29 35
22 38
12 25
3 30
14 17
44 48
4 15
16 48
9 18
24 44
30 48
16 19
25 33
35 41
24 39
26 38
6 20
24 25
5 25
3 47
3 8
2 27
9 19
10 48
16 49
11 21
18 41
24 28
14 26
19 29
19 23
8 44
3 21
11 13
18 28
4 27
7 32
9 37
11 34
2 23
38 40
8 47
11 47
30 44
20 35
7 22
8 48
14 34
7 13
16 45
21 38
10 11
0 23
9 31
39 46
2 5
3 15
15 47
32 45
33 48
7 18
15 44
38 46
23 42
17 19
12 44
1 42
5 47
27 28
13 39
5 36
22 45
7 20
6 49
24 43
19 27
25 30
43 49
37 41
15 48
4 33
4 34
14 35
35 40
16 28
17 29
32 39
3 13
0 21
11 17
12 24
20 26
22 39
39 40
7 21
3 33
4 32
7 26
25 41
40 43
23 44
0 22
41 49
38 47
26 39
20 38
10 19
35 38
31 41
40 44
37 38
17 49
4 22
1 34
14 49
24 35
43 44
26 40
28 40
3 16
11 26
18 36
0 32
20 43
10 45
2 9
13 45
8 25
12 40
3 49
17 48
2 3
21 45
6 42
0 36
0 38
5 38
2 26
24 30
34 36
24 26
15 25
7 47
21 39
16 34
14 25
12 49
4 16
17 45
16 24
19 42
19 48
31 38
45 47
17 34
12 20
23 46
16 40
1 46
10 20
29 37
18 39
16 20
17 28
0 25
2 13
10 40
37 48
10 24
8 24
14 37
2 29
2 37
3 10
20 39
10 28
33 44
4 21
18 38
29 31
11 35
30 40
31 48
5 41
4 47
33 49
7 35
4 13
19 46
24 33
11 49
39 47
14 31
0 39
0 47
37 39
3 26
15 24
35 39
26 45
32 42
20 28
8 40
7 37
20 30
5 39
2 31
20 44
0 41
6 46
4 10
30 49
19 24
33 40
3 25
28 32
27 44
22 42
3 35
11 25
5 9
22 28
0 34
3 17
13 28
10 34
31 39
13 19
20 33
15 40
7 31
8 20
27 42
0 19
5 7
4 17
0 7
42 47
25 38
19 26
11 37
3 34
20 37
8 49
20 31
2 35
5 49
17 24
2 22
35 45
2 32
2 48
17 40
5 14
17 20
18 23
16 44
15 20
19 32
1 18
23 34
15 49
27 34
4 26
21 28
19 22
18 19
37 40
11 31
21 42
5 19
26 28
31 40
12 42
19 40
32 46
2 21
38 49
7 25
24 37
45 49
42 43
0 9
0 14
42 49
30 42
4 49
5 34
24 31
22 46
7 49
28 47
8 42
9 34
19 37
19 21
37 45
6 18
4 35
25 45
32 44
27 46
46 47
5 29
25 39
22 44
29 34
3 37
5 11
10 44
15 42
19 35
31 45
17 44
19 31
2 24
13 42
4 25
19 20
12 46
28 35
5 48
3 31
21 46
2 47
39 49
0 11
19 47
30 46
13 44
43 46
28 37
2 42
0 28
8 46
46 49
0 49
21 44
26 34
33 42
5 28
5 45
18 32
0 29
4 37
44 47
28 31
16 42
0 45
13 34
2 40
15 46
18 22
34 37
4 31
2 46
25 42
18 47
26 44
18 27
0 48
13 46
34 48
10 42
31 34
34 42
2 25
33 46
25 28
2 20
12 18
26 42
28 49
18 21
3 5
5 20
18 49
35 42
18 30
18 43
16 46
5 40
5 24
4 5
8 18
22 34
32 34
34 46
19 25
35 44
34 35
0 4
24 34
17 42
25 46
0 3
2 18
15 18
21 34
10 46
44 49
37 44
19 49
13 18
26 46
2 49
0 24
35 46
0 20
0 40
18 34
25 44
18 33
31 44
0 44
34 40
5 44
17 46
34 47
16 18
37 42
18 25
31 42
10 18
20 34
18 26
18 35
37 46
25 34
17 18
31 46
5 42
34 49
0 42
18 37
18 31
5 46
0 46
