50 1051 841.8057970814884 dense
0 840 38
1 904 421
2 862 189
3 546 492
4 946 296
5 642 702
6 674 1000
7 601 350
8 738 969
9 60 968
10 242 625
11 192 481
12 951 882
13 856 871
14 466 758
15 625 975
16 411 394
17 10 478
18 143 10
19 801 994
20 723 563
21 968 739
22 973 255
23 911 878
24 52 972
25 198 326
26 423 302
27 588 557
28 820 29
29 964 196
30 188 18
31 990 299
32 20 904
33 546 902
34 289 975
35 977 979
36 339 543
37 368 290
38 701 446
39 244 798
40 826 766
41 686 111
42 545 146
43 646 413
44 951 452
45 775 217
46 340 280
47 335 671
48 567 807
49 827 972
9 24
0 28
37 46
19 49
12 23
4 31
18 30
22 31
4 22
6 15
13 23
26 37
1 44
22 29
38 43
8 19
6 8
24 32
9 32
3 27
7 43
26 46
8 49
2 45
16 26
12 13
33 48
12 35
4 29
2 29
10 47
13 49
29 31
15 33
13 40
14 48
16 37
8 15
20 38
23 35
23 49
10 36
6 19
3 43
36 47
5 48
2 22
1 4
16 46
13 19
20 27
2 4
41 45
7 38
23 40
12 21
21 40
41 42
1 31
25 46
35 49
21 23
3 7
10 11
0 2
12 49
8 13
5 27
11 25
27 43
6 49
4 44
39 47
28 41
14 47
31 44
27 38
11 36
19 23
5 20
6 33
3 38
13 35
14 33
2 28
16 36
3 16
20 43
2 31
0 41
12 40
10 39
13 21
25 37
19 35
15 19
15 48
1 22
11 17
34 39
7 26
5 14
12 19
4 45
29 45
0 45
3 20
2 41
28 45
5 40
7 16
8 23
26 42
22 44
0 29
22 45
15 49
8 33
1 38
40 49
7 27
7 42
3 36
7 45
28 29
6 48
8 40
5 33
6 13
16 25
14 39
25 26
3 26
20 40
37 42
9 34
19 40
1 20
8 12
31 45
3 5
1 29
43 45
14 27
8 48
11 16
16 43
1 2
24 34
11 47
8 35
21 35
7 37
16 27
38 45
42 45
1 45
17 25
42 46
7 20
32 39
26 43
27 36
11 46
14 36
38 44
9 39
27 48
13 15
20 44
7 41
0 22
36 37
26 36
29 44
1 43
25 36
24 39
11 37
10 14
35 40
40 48
5 38
36 46
6 23
33 34
47 48
14 15
3 37
7 46
19 33
36 39
21 49
5 13
22 28
5 15
10 17
3 47
27 47
2 44
3 14
32 34
0 4
6 40
14 34
16 42
5 8
42 43
10 16
16 47
4 38
21 44
5 43
33 49
20 48
15 40
29 41
11 26
44 45
16 38
4 28
3 46
13 48
28 42
19 48
5 6
0 31
6 12
20 21
15 23
10 25
30 46
2 38
26 27
6 35
37 43
41 43
19 21
2 7
34 47
43 44
48 49
25 30
5 47
2 43
1 7
33 40
13 33
33 47
26 38
0 42
3 48
27 40
28 31
4 41
6 14
33 39
2 42
18 25
22 41
11 39
5 23
4 43
14 20
39 48
31 38
1 21
34 48
26 41
8 21
7 36
30 37
5 49
5 21
3 10
22 38
5 19
36 43
43 46
18 46
38 41
17 36
13 20
15 34
40 44
38 42
12 15
5 36
38 40
1 27
8 14
27 37
3 42
27 33
4 20
36 48
4 7
20 45
23 48
15 35
10 27
10 34
1 40
3 11
5 7
16 20
10 32
31 41
5 12
3 45
10 37
10 46
18 37
14 40
26 45
31 43
29 38
22 43
7 44
37 41
1 3
23 33
20 23
37 38
14 16
26 30
10 26
25 47
27 46
10 48
36 38
20 31
27 44
17 47
1 41
30 42
26 47
20 33
37 47
7 22
1 5
20 36
17 46
29 43
5 16
41 46
38 48
3 25
6 34
27 45
9 10
0 1
7 28
14 43
11 14
14 38
25 42
46 47
12 48
3 40
32 47
12 20
7 31
0 7
6 21
7 29
16 41
10 24
40 43
21 38
17 39
20 22
38 46
5 44
20 26
2 20
1 28
43 48
20 47
11 27
7 25
43 47
17 37
18 26
16 45
9 47
12 33
3 41
13 14
8 20
21 48
3 44
5 10
5 39
16 17
14 19
3 33
10 33
13 27
24 47
27 42
37 45
33 36
15 21
7 47
15 27
14 49
27 39
15 39
15 47
21 27
28 43
29 42
20 49
0 43
15 20
18 42
17 32
23 44
4 42
0 44
7 11
38 47
13 44
7 14
3 39
12 44
0 38
41 44
28 38
5 35
34 36
16 30
16 39
2 3
33 35
19 20
8 27
20 29
45 46
6 20
21 31
16 48
22 42
28 44
4 27
4 21
35 48
3 4
5 34
36 42
20 37
17 26
8 34
6 27
7 10
1 42
13 38
21 33
1 13
25 27
2 26
20 42
20 41
23 27
5 26
10 43
25 43
11 32
27 41
1 23
9 14
14 26
21 43
7 48
2 27
11 43
14 23
11 30
1 12
14 24
16 18
14 32
31 42
6 47
7 40
11 18
25 39
6 39
20 46
27 31
14 37
27 49
23 38
33 38
32 36
26 28
21 22
3 31
10 20
4 40
19 27
17 18
11 42
12 27
20 35
3 22
3 21
22 27
3 15
3 13
9 33
9 17
10 38
17 30
0 26
1 16
14 46
5 37
31 40
2 16
1 26
17 24
11 48
24 33
33 43
40 47
12 14
8 47
5 11
14 21
12 38
5 45
11 34
13 43
2 37
9 11
30 41
4 5
14 25
9 36
42 44
11 38
11 24
3 29
19 34
1 48
27 34
3 8
24 36
25 38
15 36
10 15
5 46
27 29
28 37
8 39
37 39
44 48
4 26
3 6
8 38
26 48
16 33
32 33
39 46
26 39
35 44
2 46
7 30
3 23
22 40
9 48
5 31
25 41
20 39
15 38
44 49
7 21
0 37
14 17
23 43
36 40
3 17
11 20
0 20
3 28
34 49
24 48
0 3
38 49
28 46
20 28
21 29
16 44
4 16
36 45
30 36
3 34
16 28
26 44
11 33
26 29
40 45
1 37
22 26
18 41
1 14
37 48
36 41
6 38
7 33
0 46
32 48
3 49
5 22
1 49
21 45
39 43
14 35
19 38
16 40
0 16
13 47
2 5
8 44
12 43
2 21
3 12
19 44
15 43
1 35
3 19
8 43
5 42
9 15
42 47
6 36
10 42
19 47
26 31
18 36
17 34
7 18
6 10
1 8
7 39
15 24
14 44
46 48
27 35
20 25
34 40
13 34
27 28
47 49
38 39
0 27
1 36
4 37
2 40
16 22
7 13
1 46
5 25
4 13
1 19
39 40
4 23
17 27
8 36
12 31
23 31
4 12
29 40
16 31
25 45
16 29
13 31
43 49
6 43
19 39
5 41
16 34
3 30
20 34
1 33
5 29
35 38
10 40
19 43
29 37
8 10
7 17
25 32
30 43
37 44
33 44
22 37
4 46
25 48
39 49
15 32
10 30
23 47
13 36
7 23
26 33
6 44
26 40
6 9
15 44
13 39
14 42
11 41
36 44
15 16
30 45
1 15
1 47
31 37
6 24
10 18
1 6
14 45
7 15
45 48
22 23
13 22
12 22
3 18
23 34
29 46
17 42
2 36
28 30
45 47
22 46
7 8
44 46
4 48
21 47
7 12
33 37
17 43
5 9
11 45
16 32
18 43
19 36
17 48
5 24
36 49
31 46
3 35
12 47
0 30
13 16
44 47
5 32
6 7
16 21
33 46
4 36
25 34
35 43
9 25
11 15
21 36
13 45
37 40
6 16
41 47
6 32
31 48
42 48
10 13
8 16
7 49
24 25
23 36
18 45
27 32
34 43
4 14
30 38
3 32
12 34
9 27
30 47
40 41
10 19
34 38
5 17
27 30
10 45
23 39
9 16
25 33
7 19
23 45
18 28
24 27
2 25
8 9
10 41
31 35
10 49
3 9
16 24
40 42
2 13
14 41
17 33
13 29
4 35
23 29
2 48
22 48
8 24
12 29
26 34
4 49
40 46
12 45
34 35
18 47
21 41
3 24
25 28
34 37
2 23
17 38
31 49
1 10
0 5
2 14
11 40
31 36
2 30
16 23
5 28
22 36
14 31
34 46
0 18
7 34
21 26
2 12
12 36
32 46
15 26
0 25
28 36
4 8
18 27
32 37
41 48
18 38
6 11
0 36
12 39
35 47
16 49
1 25
0 21
4 19
2 47
14 22
1 11
29 36
13 26
10 23
16 19
8 31
4 47
17 20
39 42
21 34
19 31
8 32
33 45
22 35
26 32
21 28
4 33
21 39
12 16
0 40
21 42
29 48
10 44
2 11
15 37
22 49
8 11
7 35
10 21
28 40
8 26
2 18
9 19
6 26
9 46
9 37
4 25
31 33
19 24
21 37
24 46
14 29
4 15
15 46
24 37
8 22
8 45
31 47
10 12
4 6
23 26
35 39
33 42
45 49
2 10
9 26
19 22
13 37
11 44
1 39
22 47
25 44
20 30
24 26
25 40
9 49
15 31
6 31
17 41
11 13
15 45
35 36
6 37
8 37
11 28
24 49
22 33
4 11
15 25
9 20
25 29
4 10
19 45
21 46
22 25
13 41
2 33
20 32
30 39
26 49
29 35
2 49
12 26
13 46
0 11
20 24
19 32
39 45
39 44
29 49
29 47
35 45
19 26
13 42
6 45
2 8
14 30
15 17
9 40
25 31
6 46
18 39
32 43
8 46
29 30
11 19
2 35
23 41
15 22
23 37
24 40
18 20
9 13
11 49
6 22
7 32
33 41
28 47
8 29
9 43
2 19
4 30
17 45
0 47
32 49
13 24
14 28
0 14
11 22
16 35
19 29
14 18
12 41
24 43
10 35
10 31
0 48
39 41
32 40
11 21
28 48
23 42
11 31
10 22
22 30
29 33
32 38
2 15
5 30
11 23
7 9
1 30
37 49
11 29
6 25
19 37
9 38
23 46
1 34
7 24
10 28
12 37
2 6
15 42
0 13
24 38
13 32
0 10
8 25
10 29
12 42
18 29
