50 1112 792.6518781911767 dense
0 516 174
1 672 251
2 968 760
3 711 740
4 728 185
5 122 212
6 634 522
7 240 385
8 700 581
9 607 864
10 516 108
11 365 579
12 714 719
13 910 367
14 336 918
15 284 420
16 603 480
17 182 80
18 21 946
19 565 209
20 273 669
21 670 471
22 948 457
23 324 860
24 684 553
25 440 963
26 875 571
27 858 263
28 452 644
29 999 824
30 642 377
31 428 866
32 4 679
33 246 381
34 780 744
35 240 19
36 556 963
37 516 198
38 520 346
39 679 116
40 337 705
41 792 631
42 531 246
43 0 703
44 851 378
45 345 191
46 445 110
47 597 834
48 266 586
49 742 448
7 33
3 12
0 37
32 43
9 47
8 24
19 37
19 42
37 42
6 16
15 33
7 15
6 24
14 23
13 44
0 19
6 21
0 10
16 21
3 34
12 34
10 46
2 29
20 40
0 42
21 49
21 24
20 48
17 35
4 39
1 4
6 8
10 37
0 46
13 22
25 31
21 30
11 48
38 42
26 41
23 31
8 41
14 31
11 28
16 24
16 30
9 36
10 19
37 46
14 25
34 41
8 21
1 19
27 44
25 36
13 27
12 41
24 49
30 49
22 44
30 38
45 46
11 20
11 40
1 30
44 49
28 40
6 49
24 41
1 39
36 47
22 26
3 41
40 48
8 12
10 42
8 49
8 16
1 42
16 49
19 38
5 17
6 30
19 39
3 47
37 38
4 27
23 25
23 40
19 46
16 38
3 8
31 36
42 46
3 9
10 39
12 47
4 19
1 37
15 48
12 24
37 45
30 42
0 45
31 47
0 38
0 39
0 1
8 26
11 15
9 31
1 38
9 12
20 28
24 30
26 49
8 34
37 39
19 30
31 40
1 27
13 49
2 34
3 24
41 49
10 45
24 26
6 41
42 45
9 25
26 44
28 48
21 38
39 42
17 45
26 34
20 23
21 41
35 45
7 48
25 47
21 44
34 47
33 48
22 49
4 42
13 26
30 44
1 49
5 7
5 33
6 38
4 30
9 34
2 26
1 10
8 30
0 4
4 37
6 12
14 40
24 34
22 27
33 45
2 41
27 49
12 26
30 37
6 28
1 44
1 21
7 45
19 45
16 28
28 31
5 45
35 46
14 36
4 10
5 35
21 26
4 44
7 11
11 33
3 6
27 39
29 34
22 41
38 45
39 46
3 26
15 45
10 38
0 30
28 47
1 16
24 44
16 41
18 43
27 30
38 49
16 42
6 26
15 38
38 46
24 28
15 20
20 31
23 28
12 21
8 44
23 36
8 28
14 20
2 12
4 13
11 16
2 3
41 44
6 44
13 21
4 38
4 49
12 16
30 39
5 15
24 38
21 42
17 46
1 13
6 34
1 46
18 32
16 44
13 30
9 28
20 32
3 36
3 21
12 49
12 28
8 47
1 6
16 19
14 47
23 47
6 11
20 43
3 28
33 38
9 14
8 22
25 40
32 48
21 28
21 22
38 39
11 38
15 28
23 48
21 27
22 24
41 47
3 16
26 29
19 21
7 38
29 41
9 23
11 23
7 20
16 26
13 41
20 33
15 40
10 35
40 47
43 48
12 36
4 21
42 49
13 24
4 46
3 49
11 31
24 47
21 34
6 42
30 41
16 37
8 38
10 30
19 49
9 41
14 28
8 9
19 27
34 49
8 13
3 29
15 42
1 24
26 30
2 22
12 29
28 38
17 33
26 27
3 31
7 17
34 36
9 40
39 44
21 37
6 47
18 23
33 42
14 18
22 30
6 13
0 35
16 34
0 16
25 28
11 24
4 16
9 24
6 19
6 22
15 37
12 31
2 8
7 42
31 48
11 21
15 16
33 37
13 16
27 42
28 30
35 37
1 8
30 46
19 44
1 45
38 44
22 34
7 37
32 40
28 33
7 40
0 21
7 28
16 27
8 11
10 17
28 36
33 46
33 40
40 43
37 49
39 49
20 25
0 15
24 27
36 40
5 46
14 48
0 33
11 14
28 41
13 39
39 45
6 27
11 30
28 34
7 46
24 42
6 9
1 22
11 47
6 37
16 22
42 44
0 17
0 7
27 38
27 37
16 40
6 40
15 46
38 48
12 30
4 22
4 6
28 49
30 45
3 25
12 22
15 19
2 24
16 48
0 27
16 47
17 37
15 17
8 27
21 39
0 49
23 43
15 30
33 35
19 33
20 47
19 24
6 15
7 35
12 25
0 6
12 44
23 32
35 42
3 22
3 30
7 19
21 47
16 33
22 29
4 24
16 39
11 42
31 34
34 44
6 48
27 41
9 11
18 20
11 32
8 42
7 16
10 27
3 40
2 9
11 12
19 35
7 32
12 40
2 47
24 40
1 26
13 19
16 20
37 44
15 32
3 11
10 16
26 47
4 45
8 40
32 33
10 33
9 16
2 49
8 29
11 43
17 42
9 20
16 45
3 44
11 45
10 15
15 21
6 20
13 38
7 10
11 25
30 34
0 44
24 37
8 31
38 41
9 29
5 37
10 21
8 19
0 5
30 33
4 8
9 26
2 13
18 40
13 42
9 21
7 43
1 41
13 34
14 43
11 49
2 44
5 48
15 43
6 31
7 30
29 47
16 46
45 48
12 13
38 40
15 35
17 19
24 31
25 34
3 23
33 43
28 42
20 38
21 40
36 41
5 10
20 36
8 36
10 49
6 39
14 32
11 37
2 6
5 42
47 49
6 33
4 26
47 48
0 24
12 23
18 31
3 14
2 21
25 48
24 29
6 7
24 48
18 25
5 38
21 48
26 38
12 38
11 19
15 24
3 13
1 15
16 31
8 37
21 46
20 24
12 14
13 37
11 36
21 45
26 28
24 36
17 38
11 41
30 48
10 44
6 10
35 38
42 48
0 11
31 41
21 33
8 48
22 39
18 48
8 20
24 39
9 49
3 38
7 21
0 13
6 45
9 48
5 11
27 46
15 23
22 38
5 19
20 21
3 20
12 20
34 40
1 33
8 15
11 34
0 8
6 36
30 40
1 11
28 32
19 28
35 39
46 49
1 28
28 37
4 41
1 7
6 46
29 49
28 43
19 22
31 43
6 23
15 49
30 47
2 36
2 16
40 41
37 48
8 25
21 31
31 32
29 36
41 42
28 45
8 39
13 29
12 48
22 42
8 23
15 31
1 12
29 44
23 34
20 30
24 33
3 48
16 23
10 13
45 49
23 24
26 42
6 29
0 28
7 24
34 38
36 48
10 24
11 46
19 26
14 34
24 25
12 27
19 41
28 44
40 49
19 48
5 20
5 32
6 25
0 48
7 23
21 29
20 45
25 41
16 36
23 33
44 46
27 34
9 30
1 35
1 3
38 47
10 11
26 39
20 42
6 14
48 49
24 45
8 14
8 33
17 39
40 42
15 39
3 27
7 8
33 49
14 15
4 15
2 30
11 18
24 46
22 37
14 24
1 34
21 36
26 36
5 43
7 49
12 42
8 10
33 39
46 48
2 27
16 25
11 26
25 43
20 34
17 48
14 16
37 41
40 45
7 39
22 47
4 35
7 31
0 22
26 37
31 33
27 45
20 49
1 17
15 47
4 33
25 32
20 41
21 23
23 41
44 47
31 49
12 15
16 29
9 38
3 42
11 44
18 28
1 48
39 41
8 45
4 7
41 48
31 38
2 28
20 37
22 28
9 22
13 46
12 19
11 17
3 15
30 31
0 41
28 46
4 12
0 26
13 28
18 36
26 31
4 28
8 46
4 11
37 40
34 48
5 40
30 35
14 41
10 48
44 45
10 28
7 14
21 25
5 28
9 44
14 33
19 20
5 30
19 40
17 30
36 49
9 15
15 41
23 38
2 31
5 16
3 19
1 5
0 20
26 40
3 4
10 22
4 17
27 28
34 42
12 37
14 21
11 39
0 40
4 34
13 47
1 40
15 25
5 39
2 25
35 48
15 44
29 30
29 31
33 47
7 47
11 35
28 39
28 29
3 37
25 29
19 34
12 33
1 20
23 30
27 29
0 12
7 12
16 17
9 13
11 13
20 46
25 26
11 27
10 26
16 35
18 47
23 49
3 33
1 47
15 18
1 2
3 7
10 41
42 47
9 18
13 45
30 36
15 34
15 27
32 45
11 22
17 20
25 49
5 6
0 3
33 41
14 38
7 18
9 33
7 9
12 39
7 41
40 46
33 44
5 21
34 37
4 5
15 36
18 33
26 48
40 44
20 26
15 26
2 38
7 44
22 46
43 47
10 20
7 25
4 48
32 47
25 33
36 43
32 38
1 9
43 45
36 38
25 30
32 36
44 48
14 49
14 30
25 38
23 26
9 42
2 4
10 40
27 33
21 35
3 39
17 32
17 28
17 21
39 48
19 47
41 46
41 45
27 47
9 43
0 34
13 15
31 42
2 11
7 27
26 46
9 32
38 43
16 32
6 17
2 40
34 39
6 35
22 36
14 26
37 47
10 12
16 43
17 40
12 45
33 34
31 44
20 44
23 42
7 34
17 43
6 32
4 40
20 35
9 27
2 14
2 23
26 45
36 44
9 19
26 33
5 24
7 36
22 45
6 43
33 36
22 40
1 29
3 45
28 35
35 49
3 10
22 31
1 31
7 26
4 47
5 49
13 33
4 20
27 35
0 47
15 22
13 40
12 46
23 45
14 29
17 49
7 13
19 31
9 37
29 40
31 37
27 48
2 42
23 29
29 38
5 23
11 29
31 45
13 48
39 40
32 42
2 19
27 40
3 46
5 8
20 39
10 34
23 37
4 9
17 24
45 47
24 32
35 40
13 36
13 31
4 29
22 48
19 23
24 35
0 9
0 31
21 32
14 42
24 43
17 27
42 43
32 35
2 20
1 23
32 37
8 32
34 45
13 20
30 32
2 39
22 33
20 22
35 44
21 43
3 32
8 43
12 32
7 22
3 43
20 27
0 23
12 43
23 44
25 44
22 25
34 46
36 42
0 32
32 46
30 43
3 18
8 17
2 37
1 36
37 43
5 31
9 45
39 47
25 42
2 48
35 43
8 35
14 45
12 18
10 47
19 32
17 44
5 14
5 27
0 43
46 47
0 2
27 31
5 18
43 46
14 37
20 29
22 23
29 42
4 31
14 19
6 18
16 18
14 44
1 14
5 44
1 25
19 43
9 39
19 29
19 36
13 35
31 46
13 25
23 46
9 10
27 36
10 31
2 15
19 25
0 14
13 23
36 37
14 22
10 32
25 37
29 48
18 24
8 18
9 46
32 49
10 23
29 39
25 45
32 34
5 12
18 38
34 43
13 17
5 47
43 49
18 34
4 23
10 43
32 41
0 36
5 41
29 37
31 39
3 5
0 25
