50 1052 876.9908779457173 dense
0 232 265
1 760 692
2 903 317
3 154 403
4 249 876
5 156 395
6 163 432
7 649 375
8 577 851
9 314 458
10 205 244
11 156 980
12 92 91
13 113 645
14 736 277
15 483 581
16 942 960
17 689 67
18 216 40
19 973 215
20 302 338
21 266 958
22 199 481
23 905 17
24 507 559
25 801 796
26 286 639
27 917 243
28 196 326
29 22 220
30 976 81
31 898 927
32 314 564
33 991 699
34 851 625
35 371 274
36 229 691
37 596 965
38 18 262
39 261 887
40 417 949
41 585 231
42 931 964
43 440 993
44 203 12
45 805 434
46 864 602
47 325 50
48 170 709
49 570 856
3 5
8 49
16 42
4 39
34 46
3 6
18 44
15 24
0 10
5 6
29 38
31 42
40 43
16 31
6 22
36 48
19 27
0 28
21 39
2 27
26 36
5 28
26 32
10 28
4 21
13 48
3 28
3 22
20 35
23 30
5 22
0 20
9 32
20 28
18 47
6 28
1 25
37 49
11 21
1 34
8 37
9 22
9 20
2 19
13 36
44 47
7 14
19 30
12 18
10 20
26 48
12 44
1 46
0 35
4 11
11 39
22 32
12 29
0 5
21 40
2 45
32 36
6 9
22 28
5 20
7 41
14 41
33 34
37 43
0 3
5 10
33 46
3 20
25 31
7 45
3 10
6 20
39 40
10 35
3 9
15 32
5 9
14 45
2 14
27 30
13 26
20 22
9 28
21 43
45 46
25 34
40 49
37 40
22 26
0 6
28 35
9 26
4 40
14 27
10 29
4 48
13 22
4 36
12 38
8 40
10 38
43 49
28 38
10 12
5 38
9 35
6 10
24 32
17 41
3 38
34 45
8 43
36 39
39 48
6 32
28 29
25 46
10 18
32 48
15 26
39 43
9 15
19 23
0 9
22 36
25 42
25 33
0 38
0 29
14 17
16 25
13 32
9 24
35 41
0 22
6 13
5 29
27 45
17 23
0 12
6 38
4 43
0 18
3 29
23 27
20 32
3 32
10 47
35 47
22 48
8 25
1 33
5 32
10 44
7 24
0 47
24 26
12 47
10 22
25 49
4 26
9 10
6 26
1 8
14 19
3 13
31 33
5 35
2 30
9 36
26 39
1 49
3 35
5 13
6 29
0 44
12 28
2 7
6 35
1 45
11 40
7 15
18 29
16 33
28 32
25 37
21 48
6 36
4 13
22 35
21 36
3 26
11 48
33 42
1 31
9 13
29 44
19 45
5 26
15 36
6 48
18 35
13 39
22 38
11 43
1 24
8 15
18 28
17 30
2 46
17 27
15 49
20 47
9 48
20 38
32 35
7 35
18 38
3 36
11 36
1 15
7 27
41 45
2 23
8 24
15 22
20 26
20 24
20 41
15 20
24 49
20 29
31 37
28 47
5 36
31 34
3 48
24 36
14 30
0 32
14 23
18 20
39 49
7 17
5 12
38 44
35 44
2 34
7 46
28 44
5 48
22 29
24 35
41 47
22 24
8 39
3 12
1 37
4 32
36 40
21 26
17 19
21 49
1 42
7 34
4 49
24 45
33 45
1 16
12 20
26 28
31 46
15 35
32 39
8 21
4 8
2 17
2 41
13 28
8 31
21 37
27 41
12 35
37 42
31 49
1 7
26 40
24 41
11 13
10 32
15 48
20 44
37 39
40 48
7 9
16 37
16 34
29 47
34 42
6 12
13 21
7 20
14 46
24 34
6 15
29 35
35 38
9 41
15 45
0 41
9 38
8 34
26 49
4 37
24 46
5 18
8 26
20 36
13 20
7 19
25 45
27 46
14 24
34 49
17 47
15 41
11 26
14 35
16 46
28 36
14 34
6 24
42 46
3 18
36 43
24 48
15 34
8 42
38 47
15 40
3 15
26 35
13 15
5 15
4 15
9 29
42 49
24 25
0 26
15 39
36 49
17 35
8 46
10 41
8 16
15 46
8 36
15 25
28 48
15 28
5 47
7 32
17 45
23 41
5 44
3 24
26 43
16 49
5 24
27 34
19 41
32 49
46 49
24 28
8 32
43 48
2 33
30 45
3 47
20 48
3 44
13 38
14 15
6 18
21 32
4 22
0 13
32 40
24 40
15 37
28 41
1 2
19 46
0 24
10 26
13 24
0 15
12 22
9 47
4 24
24 39
22 39
25 43
10 13
25 40
15 43
6 47
18 41
24 37
1 14
30 41
6 44
32 38
4 9
34 37
0 36
48 49
19 34
1 40
23 45
9 12
9 18
32 41
13 40
8 48
0 7
11 49
9 39
13 29
15 21
10 24
10 15
14 20
24 43
1 43
7 30
7 23
11 37
8 11
41 44
35 36
8 33
18 22
11 32
32 43
7 25
10 36
0 48
7 26
22 47
33 49
26 37
37 46
29 32
13 35
4 6
7 28
36 37
7 47
9 14
5 41
9 44
22 41
27 33
7 22
26 38
35 45
31 43
7 10
1 32
3 41
2 24
41 46
6 39
21 24
10 48
6 41
22 44
14 47
7 33
38 48
17 20
8 9
9 49
17 18
8 45
34 41
1 27
33 37
1 26
13 43
36 38
35 48
7 8
31 40
21 22
3 4
45 49
19 33
7 49
17 44
6 7
2 25
4 5
32 37
9 45
42 43
14 33
1 41
5 7
26 29
3 39
3 7
2 15
37 48
0 17
11 22
9 40
31 45
9 21
5 39
16 43
13 49
1 9
24 33
0 14
26 41
8 13
32 45
14 32
29 48
20 45
12 41
32 47
40 42
29 36
10 17
11 15
22 40
24 27
15 33
1 19
12 32
14 25
17 24
16 40
7 36
22 49
8 22
1 36
10 14
30 46
18 32
2 35
1 39
6 21
24 31
25 26
25 32
15 31
32 34
24 47
4 20
34 40
9 17
14 28
1 4
16 45
42 45
9 11
27 35
7 18
25 39
6 11
11 24
9 43
15 27
20 39
32 46
34 43
4 28
15 17
15 47
12 13
17 28
4 25
26 45
30 34
21 25
1 21
9 34
17 46
32 44
29 41
15 38
28 39
25 27
26 34
40 46
22 43
3 21
38 41
9 46
37 45
1 35
14 18
24 38
5 21
14 22
7 44
6 40
43 46
3 11
14 26
1 20
26 46
19 24
13 37
9 37
23 47
17 34
12 26
25 36
36 41
8 20
20 49
7 48
5 11
15 29
24 42
23 46
6 49
6 8
15 42
1 48
26 47
16 24
24 29
5 14
35 46
7 37
23 35
9 25
6 14
34 35
18 24
14 44
15 16
3 14
8 14
0 45
12 17
1 22
7 13
2 20
14 49
18 26
15 18
25 41
19 35
7 31
2 9
19 25
3 40
22 45
2 31
23 34
0 4
15 19
5 40
8 35
13 18
4 35
45 47
3 49
35 49
12 36
3 8
30 33
28 45
7 40
20 34
33 41
5 49
8 41
5 8
20 46
20 21
20 40
20 27
17 32
27 47
0 39
35 39
12 48
33 43
41 49
7 12
34 36
12 24
2 8
6 43
24 44
5 17
22 37
33 40
12 15
13 41
1 17
10 45
36 45
13 47
3 17
26 44
21 31
41 48
4 10
2 49
15 44
30 35
21 28
2 47
25 48
31 39
2 32
13 44
9 27
6 17
7 38
4 7
36 46
17 22
6 45
7 39
2 16
40 45
10 39
34 39
7 29
2 42
1 30
36 47
28 49
8 28
1 13
5 45
4 31
18 36
1 6
3 45
30 47
4 34
7 43
7 42
7 16
14 36
11 28
3 43
4 38
11 20
28 40
5 43
21 42
39 46
43 45
22 34
19 47
1 11
20 43
24 30
14 31
12 14
38 39
18 48
11 25
1 3
1 28
23 24
0 2
1 5
21 34
4 46
39 42
22 46
16 21
25 35
26 31
35 40
47 48
20 25
0 1
22 25
36 44
0 8
0 49
19 20
20 23
27 32
27 31
17 29
16 39
0 27
34 48
6 37
23 33
31 32
4 42
18 23
32 33
1 23
45 48
21 35
20 37
0 21
4 29
21 46
2 26
8 27
7 21
44 48
4 16
17 38
17 26
17 33
2 10
23 44
14 37
15 30
46 48
9 19
13 25
27 49
15 23
2 28
26 33
39 45
29 39
0 40
18 45
31 36
28 43
4 45
8 10
10 27
14 48
10 49
1 10
14 16
14 42
6 34
3 37
19 31
0 34
0 46
14 29
10 21
2 37
0 23
16 27
14 38
9 33
0 11
28 34
5 37
27 42
6 46
20 30
26 42
35 43
28 46
2 22
13 45
13 14
27 28
35 37
4 41
18 27
16 26
11 38
3 34
39 41
5 34
37 41
6 25
44 45
32 42
10 23
25 30
10 40
3 46
40 41
9 23
17 25
10 11
5 46
11 35
13 34
21 38
2 18
16 32
0 19
14 40
11 31
26 27
16 19
19 32
2 6
9 31
8 19
10 46
10 34
19 42
27 44
2 5
33 35
21 45
13 46
36 42
33 39
28 37
2 3
22 27
3 25
0 43
19 49
5 25
31 48
18 30
9 30
33 36
16 36
4 33
31 41
2 44
25 28
0 30
10 19
21 33
2 36
46 47
11 29
4 14
14 39
23 28
14 43
11 42
17 36
1 47
41 43
5 27
30 44
18 19
21 29
6 27
20 33
0 25
34 47
3 27
11 34
7 11
19 28
10 43
23 25
11 16
10 30
0 37
27 37
12 45
8 17
21 41
38 40
19 44
2 40
17 49
9 42
4 12
42 48
11 46
9 16
23 32
38 45
19 26
41 42
38 49
29 45
16 41
16 48
8 38
10 25
12 39
13 17
12 23
28 30
19 22
2 43
30 32
10 37
27 36
33 48
22 33
17 48
14 21
29 40
22 31
4 47
2 48
13 31
5 19
4 18
20 31
6 19
12 27
5 23
31 35
19 37
39 47
29 49
8 47
3 19
8 29
2 12
47 49
38 43
3 23
22 23
11 45
18 39
1 18
30 31
6 23
2 13
1 38
18 46
2 39
2 4
11 41
18 34
27 40
4 44
8 30
6 33
22 30
0 33
30 49
1 29
39 44
22 42
