20 80 541.2947441089743 sparse
0 989 796
1 451 119
2 7 92
3 932 965
4 961 826
5 596 35
6 687 709
7 85 100
8 784 363
9 242 17
10 31 807
11 16 354
12 663 638
13 495 630
14 474 152
15 93 187
16 730 117
17 865 14
18 515 498
19 901 988
3 19
1 14
0 4
6 12
2 7
7 15
2 15
13 18
3 4
5 16
1 5
12 13
5 14
16 17
4 19
7 9
0 3
11 15
12 18
6 13
0 19
9 15
1 9
2 9
8 16
14 16
2 11
7 11
9 14
5 17
6 18
1 16
4 6
8 12
8 18
0 6
14 18
6 19
4 12
3 6
5 9
8 17
6 8
0 12
1 15
1 7
8 14
5 8
14 15
1 18
7 14
8 13
9 11
1 8
14 17
12 19
3 12
1 17
16 18
1 2
10 11
5 18
2 14
13 14
0 8
1 11
4 8
10 13
9 16
11 14
4 13
1 13
5 7
11 18
0 13
12 14
15 18
12 16
5 15
13 19
