20 80 467.4922459249993 sparse
0 673 386
1 171 55
2 78 601
3 508 167
4 77 570
5 220 147
6 27 959
7 354 789
8 113 979
9 542 144
10 686 312
11 465 40
12 426 283
13 678 825
14 41 181
15 278 158
16 307 977
17 867 158
18 797 853
19 475 42
11 19
2 4
3 9
5 15
0 10
6 8
1 5
9 19
13 18
3 19
9 11
3 11
3 12
1 15
1 14
9 12
5 14
12 15
7 16
8 16
11 15
9 10
15 19
3 10
3 15
10 17
14 15
12 19
11 12
5 12
10 12
9 15
5 11
0 12
0 3
0 9
5 19
6 16
3 5
1 11
0 17
1 19
7 8
5 9
9 17
7 13
2 7
1 12
10 19
10 11
4 7
1 3
3 17
2 6
6 7
2 8
1 9
4 14
4 6
0 19
12 14
13 16
0 11
17 19
4 8
11 17
2 14
10 15
0 13
2 16
4 5
11 14
7 18
4 12
14 19
0 15
12 17
4 15
3 14
4 16
