20 80 436.87069025055916 sparse
0 576 395
1 782 357
2 507 349
3 596 836
4 479 487
5 46 801
6 955 482
7 891 836
8 609 902
9 174 450
10 751 799
11 531 834
12 448 302
13 281 126
14 796 190
15 426 446
16 787 122
17 961 542
18 105 849
19 860 496
6 17
3 11
4 15
3 8
14 16
2 12
5 18
0 2
6 19
8 11
17 19
2 15
0 4
2 4
7 10
12 15
0 12
0 15
3 10
1 19
1 14
8 10
4 12
0 1
1 6
10 11
1 16
12 13
9 15
1 17
1 2
7 8
3 7
0 14
0 19
7 17
4 9
9 12
14 19
2 13
10 19
1 4
2 14
10 17
6 14
1 12
9 13
7 19
0 16
2 9
4 11
13 15
6 7
7 11
2 16
12 14
1 15
3 4
5 9
6 10
16 19
4 19
2 19
12 16
14 17
0 6
6 16
0 13
11 15
9 18
0 9
4 13
0 17
4 10
3 15
11 18
3 19
4 14
4 8
15 19
