20 80 533.520383865509 sparse
0 385 837
1 836 672
2 261 656
3 196 353
4 110 719
5 716 829
6 986 160
7 594 929
8 965 275
9 995 158
10 868 860
11 737 331
12 812 805
13 457 737
14 72 80
15 404 219
16 48 916
17 293 822
18 38 224
19 518 849
6 9
10 12
0 17
5 12
7 19
6 8
8 9
0 13
13 19
0 19
1 12
14 18
5 10
5 7
2 4
2 17
13 17
1 10
1 5
5 19
3 18
4 16
4 17
2 13
0 2
17 19
0 7
8 11
7 13
3 15
7 12
16 17
5 13
7 10
12 19
0 4
3 14
6 11
2 3
9 11
7 17
2 19
0 5
2 16
0 16
4 13
10 19
11 15
1 7
1 11
14 15
12 13
1 19
15 18
3 4
1 13
1 8
5 17
0 12
4 19
10 13
2 7
13 16
2 15
3 13
16 19
3 17
11 12
0 1
0 10
2 18
2 5
11 13
5 11
4 18
12 17
0 3
13 15
4 7
1 6
