20 80 516.2024796530911 sparse
0 89 811
1 955 961
2 716 324
3 312 967
4 471 67
5 599 263
6 877 74
7 705 436
8 972 206
9 103 406
10 199 721
11 907 908
12 470 512
13 241 838
14 816 369
15 953 879
16 210 527
17 911 719
18 431 178
19 975 598
11 15
1 11
1 15
2 14
2 7
4 18
10 13
7 14
2 5
17 19
0 10
3 13
0 13
9 16
6 8
15 17
5 18
11 17
10 16
5 7
8 14
4 5
5 14
1 17
7 12
12 16
3 10
0 3
14 19
5 12
15 19
2 8
2 6
6 14
0 16
2 12
13 16
7 19
11 19
2 18
9 10
5 6
12 18
10 12
7 17
7 8
2 4
14 17
1 19
12 14
7 18
2 19
5 8
9 12
8 19
12 13
9 18
6 7
0 9
4 6
16 18
14 18
4 7
2 17
4 12
3 16
9 13
6 18
4 14
5 16
3 12
0 12
12 17
4 9
7 16
5 19
7 15
12 19
7 11
5 9
