20 80 513.4919668310304 sparse
0 208 309
1 61 832
2 360 547
3 156 511
4 928 791
5 973 562
6 483 341
7 142 134
8 49 639
9 169 947
10 148 862
11 559 71
12 730 333
13 175 1
14 684 690
15 62 653
16 89 776
17 811 151
18 937 222
19 40 443
8 15
1 16
9 10
1 10
10 16
15 16
3 19
7 13
8 16
17 18
1 9
3 8
3 15
1 15
0 7
9 16
1 8
8 19
12 17
2 3
0 3
15 19
0 19
10 15
4 5
12 18
2 6
8 10
6 12
4 14
11 17
3 16
0 6
6 11
0 2
0 13
11 12
9 15
5 14
2 15
2 8
7 19
8 9
5 12
1 3
2 19
16 19
5 18
3 10
2 14
2 16
12 14
0 8
3 6
0 15
3 7
6 17
2 10
1 19
11 13
6 7
6 14
11 18
1 2
7 11
0 11
2 12
10 19
3 9
5 17
2 9
6 19
6 13
13 19
2 7
6 18
0 16
4 12
3 13
7 8
