20 80 453.6650746971823 sparse
0 400 754
1 332 212
2 995 842
3 690 390
4 958 895
5 937 983
6 286 550
7 647 943
8 311 432
9 326 701
10 591 867
11 155 858
12 545 95
13 782 266
14 284 420
15 409 878
16 578 283
17 538 116
18 718 384
19 280 219
12 17
3 18
8 14
1 19
2 4
4 5
0 9
7 10
6 8
0 15
6 14
13 18
2 5
3 13
3 16
6 9
16 17
16 18
10 15
12 16
9 15
14 19
13 16
1 14
8 19
1 8
0 10
1 17
9 11
0 6
1 12
7 15
11 15
1 16
0 11
8 9
17 19
9 14
13 17
12 13
12 19
5 7
16 19
8 16
0 7
9 10
3 17
4 7
17 18
14 16
3 12
6 19
0 8
6 11
12 18
1 6
6 15
0 14
2 7
5 10
4 10
3 8
8 17
6 16
14 17
1 3
7 9
2 10
3 14
8 18
8 12
12 14
1 18
3 6
14 18
10 11
6 10
3 19
1 13
8 11
