20 80 399.2492955535426 sparse
0 304 733
1 857 601
2 407 53
3 357 898
4 854 451
5 238 795
6 502 169
7 389 315
8 2 75
9 491 404
10 305 439
11 862 699
12 847 491
13 190 410
14 643 489
15 160 288
16 605 378
17 670 614
18 354 211
19 173 531
4 12
0 5
1 11
7 18
1 12
9 16
14 16
10 13
13 19
13 15
14 17
7 9
7 10
2 6
1 4
6 18
3 5
10 19
2 18
0 3
9 14
6 7
1 17
9 10
12 14
11 12
15 18
10 15
11 17
4 14
12 17
7 13
7 16
7 15
6 16
10 18
6 9
9 18
0 19
1 14
15 19
16 17
4 17
4 11
13 18
4 16
2 7
8 15
12 16
5 19
9 17
0 10
9 13
16 18
11 14
7 19
10 16
7 14
6 10
1 16
2 15
10 14
9 19
0 13
6 14
9 15
2 9
6 15
5 10
4 9
9 12
18 19
8 18
0 9
2 16
8 13
0 17
5 13
6 13
2 10
