20 115 569.0008787339436 sparse
0 951 581
1 468 823
2 684 485
3 675 28
4 820 814
5 742 479
6 676 818
7 106 27
8 375 992
9 813 487
10 66 938
11 143 909
12 927 916
13 602 339
14 357 771
15 771 296
16 305 697
17 702 597
18 338 576
19 968 974
2 5
12 19
5 9
10 11
14 16
2 17
1 14
5 17
16 18
2 9
4 6
4 12
9 17
0 9
2 13
13 15
5 15
1 8
9 15
14 18
5 13
1 16
1 6
2 15
4 19
8 14
6 17
0 5
8 11
4 17
0 17
11 14
9 13
11 16
0 4
6 12
13 17
1 18
0 2
3 15
8 16
15 17
8 10
3 13
6 14
1 17
4 9
6 19
2 6
10 14
0 12
1 11
0 15
10 16
4 5
5 6
6 8
1 4
13 18
2 4
2 18
6 9
0 6
17 18
11 18
14 17
6 16
12 17
0 19
1 2
16 17
5 18
6 18
8 18
1 10
0 13
2 16
2 14
1 5
9 12
10 18
3 5
2 3
17 19
4 14
13 16
1 12
5 12
4 8
3 9
1 9
5 14
9 18
6 13
5 16
2 12
13 14
1 13
9 19
8 17
15 18
4 15
1 19
4 13
4 16
6 15
9 14
4 18
0 1
6 11
5 19
9 16
8 12
2 19
3 7
