20 80 417.6553603151766 sparse
0 300 576
1 199 521
2 833 767
3 285 74
4 546 710
5 616 208
6 347 522
7 342 935
8 328 469
9 273 86
10 777 539
11 603 596
12 561 122
13 843 251
14 263 380
15 140 891
16 29 404
17 38 680
18 45 997
19 213 682
3 9
6 8
0 6
5 12
8 14
0 8
0 1
4 11
0 19
1 8
15 18
1 6
1 14
1 19
6 14
17 19
10 11
0 14
1 16
7 15
6 19
15 19
1 17
5 13
15 17
2 10
14 16
8 19
6 11
4 6
16 17
0 4
3 12
0 17
7 19
2 11
4 10
9 12
2 4
9 14
10 13
8 11
7 18
0 11
4 7
8 16
14 19
3 14
12 13
17 18
0 16
4 8
16 19
4 19
6 16
6 17
0 15
18 19
3 5
8 17
0 7
5 9
5 10
1 15
14 17
8 9
5 11
5 8
5 14
12 14
1 4
7 17
3 8
11 19
9 16
11 14
1 11
6 7
5 6
3 16
