20 80 393.2238548206352 sparse
0 898 545
1 637 634
2 69 149
3 544 971
4 859 249
5 705 168
6 935 518
7 772 517
8 707 792
9 402 873
10 858 334
11 132 725
12 575 579
13 547 624
14 613 864
15 457 41
16 380 70
17 952 377
18 781 860
19 692 418
0 6
12 13
15 16
1 12
4 10
1 13
8 18
10 17
8 14
7 19
3 14
0 7
6 17
4 17
6 7
14 18
3 9
1 8
4 5
0 17
1 7
10 19
12 19
6 10
7 10
7 12
9 14
0 10
1 19
5 10
7 17
1 14
8 13
4 19
0 19
3 8
13 14
7 13
5 19
8 12
13 19
3 18
6 19
17 19
1 18
0 1
5 15
4 6
4 7
7 8
12 14
9 13
0 4
9 11
0 8
8 9
1 6
2 16
5 17
0 12
13 18
1 9
0 18
5 16
9 12
7 18
3 13
12 18
1 3
5 7
6 8
0 13
6 12
1 10
8 19
10 12
6 18
9 18
7 14
3 12
