20 80 479.40066750057827 sparse
0 907 45
1 618 626
2 72 321
3 233 638
4 822 202
5 354 962
6 962 533
7 705 787
8 388 603
9 504 1000
10 53 30
11 458 825
12 82 848
13 300 436
14 951 348
15 151 497
16 693 773
17 666 247
18 709 813
19 30 884
7 16
7 18
16 18
12 19
5 9
3 8
13 15
4 17
3 15
1 16
5 11
0 4
9 11
1 7
6 14
8 13
2 15
4 14
1 18
3 13
1 8
8 11
11 16
7 11
11 18
1 11
2 13
3 12
8 15
9 18
2 10
3 11
7 9
5 12
9 16
14 17
0 14
0 17
3 19
5 19
3 5
8 16
2 3
1 6
12 15
4 6
6 16
5 8
6 7
7 8
1 13
11 12
6 18
1 17
8 18
5 18
1 3
5 16
1 9
8 12
5 7
15 19
6 17
13 17
8 9
11 13
2 8
1 5
11 19
1 14
9 12
11 15
8 17
3 9
8 19
12 13
1 4
10 13
10 15
3 16
