20 80 422.29492064196086 sparse
0 755 365
1 605 380
2 424 178
3 76 654
4 18 217
5 793 201
6 854 619
7 635 560
8 748 144
9 513 993
10 135 690
11 932 260
12 666 761
13 50 961
14 935 614
15 479 370
16 612 746
17 380 295
18 406 417
19 797 376
0 19
12 16
3 10
5 8
6 14
15 18
15 17
17 18
2 17
1 15
0 1
5 11
0 5
5 19
11 19
1 7
7 16
1 19
2 15
1 18
7 12
0 11
8 11
0 8
6 7
0 7
6 12
8 19
2 18
1 17
7 19
7 15
6 19
1 5
9 16
7 18
1 2
0 6
6 16
14 19
1 8
0 15
9 12
10 13
7 14
12 14
0 14
3 13
15 19
2 8
1 6
1 11
14 16
8 15
0 18
11 14
5 15
1 16
6 11
7 17
2 5
4 17
0 2
0 17
10 18
1 12
16 18
5 7
18 19
8 17
15 16
1 14
0 12
3 18
12 19
0 16
2 4
16 19
7 11
2 19
