20 100 518.880525747498 sparse
0 239 292
1 8 920
2 320 597
3 272 123
4 557 614
5 36 885
6 223 546
7 584 607
8 378 550
9 188 329
10 299 371
11 858 948
12 279 729
13 711 658
14 180 467
15 932 173
16 897 3
17 990 995
18 556 712
19 418 244
4 7
1 5
0 9
2 8
6 14
4 18
0 10
7 18
2 6
9 10
7 13
2 12
9 14
11 17
10 14
6 8
4 13
13 18
0 3
15 16
10 19
0 14
0 19
3 19
4 8
6 10
2 14
6 12
8 10
8 12
7 8
8 14
6 9
3 9
2 10
2 4
8 18
9 19
3 10
0 6
2 18
2 7
12 18
12 14
5 12
8 9
0 8
2 9
4 12
8 19
0 2
11 13
14 19
7 12
1 12
4 6
8 13
4 10
3 14
10 12
6 19
6 7
2 19
7 10
6 18
11 18
5 6
4 19
2 13
7 19
2 5
4 14
9 12
3 6
10 18
7 14
1 6
7 11
13 17
12 13
0 12
3 8
5 14
14 18
1 2
4 11
0 4
4 9
0 7
2 3
5 8
7 9
1 14
18 19
6 13
10 13
12 19
13 19
17 18
15 19
