20 80 340.96920682079195 sparse
0 196 454
1 279 853
2 888 744
3 178 362
4 968 759
5 600 833
6 867 419
7 542 497
8 772 613
9 601 492
10 847 491
11 526 455
12 741 747
13 822 753
14 381 633
15 105 730
16 691 541
17 870 411
18 854 593
19 130 108
6 17
7 11
7 9
2 13
6 10
12 13
2 4
10 17
9 11
8 18
0 3
10 18
9 16
8 16
8 12
8 10
4 13
2 12
8 13
2 18
7 16
13 18
10 16
5 12
16 18
6 18
2 8
17 18
11 16
12 18
4 18
8 9
7 14
12 16
1 15
6 16
6 8
16 17
8 17
4 12
11 14
5 13
1 14
4 8
9 10
13 16
2 10
0 14
7 8
3 19
9 14
10 13
9 18
6 9
10 12
5 8
9 17
2 16
0 15
9 12
8 11
14 15
4 10
5 14
2 5
7 10
5 16
7 12
1 5
10 11
14 16
2 6
7 18
0 11
2 17
6 7
6 13
3 14
7 17
5 7
