20 80 437.52485643675146 sparse
0 803 480
1 499 99
2 559 571
3 135 827
4 788 262
5 244 715
6 72 343
7 401 979
8 300 728
9 534 363
10 415 561
11 874 192
12 620 484
13 691 953
14 690 951
15 476 327
16 968 452
17 940 537
18 110 552
19 831 474
13 14
0 19
5 8
9 15
16 17
2 12
4 11
17 19
16 19
2 10
0 17
9 12
3 5
0 16
0 12
3 8
8 10
2 9
5 18
12 19
6 18
12 15
4 19
0 4
10 12
1 15
5 10
9 10
10 15
2 15
8 18
0 2
4 16
1 9
7 8
4 9
3 18
11 16
4 12
11 19
2 19
7 14
7 13
0 9
0 11
2 8
10 18
3 7
5 7
4 17
9 19
4 15
12 17
1 4
2 5
12 16
11 17
0 15
9 11
2 17
15 19
2 4
3 10
1 11
11 12
0 10
2 14
8 12
1 12
2 13
6 15
6 10
5 6
7 10
11 15
10 19
2 16
15 18
8 9
2 7
