20 80 438.45638323555056 sparse
0 404 9
1 296 610
2 608 943
3 290 931
4 849 720
5 324 948
6 877 624
7 254 159
8 861 942
9 878 198
10 624 463
11 621 455
12 427 513
13 874 344
14 535 275
15 829 910
16 445 401
17 265 702
18 588 505
19 322 253
10 11
3 5
8 15
10 18
11 18
1 17
4 6
12 16
7 19
9 13
14 16
12 18
1 12
16 18
11 16
10 16
4 15
16 19
11 14
11 12
10 12
10 14
0 7
14 19
4 8
2 15
3 17
14 18
12 17
5 17
2 8
1 16
0 19
12 14
11 13
10 13
6 13
12 19
2 5
6 15
0 14
6 10
7 14
6 11
7 16
1 18
6 18
2 3
6 8
1 3
13 18
2 4
4 18
1 5
4 10
13 14
4 11
16 17
9 14
1 19
1 10
1 11
11 19
9 11
18 19
9 10
10 19
4 13
17 18
7 12
0 16
1 14
2 6
2 17
9 18
6 9
10 17
13 16
11 17
2 18
