20 80 469.7201294387968 sparse
0 798 801
1 979 243
2 709 309
3 852 525
4 335 988
5 837 531
6 530 462
7 824 675
8 698 65
9 310 826
10 788 26
11 818 864
12 513 184
13 146 150
14 384 438
15 181 540
16 140 947
17 308 96
18 500 553
19 820 343
3 5
0 11
6 18
8 10
2 19
0 7
5 7
6 14
3 7
14 18
4 9
13 17
3 19
1 19
5 19
7 11
4 16
9 16
8 12
12 17
14 15
2 12
2 6
2 8
2 5
2 3
0 5
1 2
6 12
0 3
12 14
1 10
2 10
8 19
1 3
6 19
9 15
5 6
10 12
10 19
15 18
1 5
2 18
3 6
7 19
9 18
1 8
5 11
5 18
3 11
12 19
7 18
2 14
14 17
3 18
6 15
6 7
12 13
12 18
13 14
18 19
2 7
0 18
8 17
13 15
9 14
15 16
6 9
6 17
6 8
0 6
11 18
14 19
2 17
0 19
1 7
15 17
5 14
4 18
1 12
