20 80 494.2226219023164 sparse
0 615 136
1 273 888
2 938 798
3 972 441
4 880 760
5 483 285
6 892 323
7 171 67
8 810 449
9 235 452
10 255 772
11 68 273
12 845 159
13 835 644
14 850 998
15 574 280
16 148 403
17 223 205
18 573 534
19 149 943
2 4
5 15
9 16
1 10
4 13
1 19
3 6
7 17
0 15
6 8
11 16
3 8
11 17
6 12
2 13
8 13
0 5
10 19
16 17
2 14
7 11
0 12
4 14
9 11
3 13
9 17
8 18
15 18
5 18
5 17
13 18
8 15
8 12
12 15
5 9
3 12
4 8
9 10
6 15
6 13
3 4
0 6
7 16
9 18
13 14
5 16
2 3
15 17
5 8
0 8
2 8
9 15
5 7
4 18
6 18
5 12
10 16
7 9
10 18
0 17
0 18
3 18
5 6
5 11
3 15
4 6
1 9
15 16
16 18
13 15
0 7
2 18
7 15
12 18
1 18
0 3
2 6
17 18
12 13
0 9
