20 80 449.61539119563065 sparse
0 217 350
1 741 694
2 632 423
3 695 1
4 530 977
5 354 903
6 195 656
7 229 863
8 566 16
9 18 898
10 371 836
11 450 242
12 698 781
13 11 424
14 432 508
15 431 339
16 965 936
17 664 596
18 530 255
19 775 600
5 10
11 18
1 12
11 15
1 19
17 19
1 17
15 18
3 8
5 7
7 10
14 15
2 17
12 17
4 5
2 18
12 19
6 7
4 10
7 9
0 15
2 14
2 15
0 13
2 19
8 18
14 17
6 10
8 11
2 11
0 11
4 12
11 14
0 14
14 18
6 14
1 2
5 6
6 13
6 9
3 18
0 6
12 16
4 7
0 18
1 16
10 12
10 14
5 9
3 11
15 17
8 15
1 4
14 19
9 10
1 14
2 12
5 12
17 18
10 17
12 14
16 19
6 15
1 10
5 14
4 17
7 14
2 8
11 17
0 2
18 19
2 3
13 15
3 15
13 14
15 19
5 17
4 16
1 5
4 19
