20 80 514.4365850131578 sparse
0 805 174
1 765 776
2 235 822
3 64 524
4 389 33
5 130 274
6 691 513
7 29 353
8 520 61
9 819 281
10 747 530
11 18 935
12 46 421
13 969 492
14 31 724
15 772 295
16 904 186
17 236 872
18 637 501
19 589 63
9 15
2 17
6 18
6 10
8 19
7 12
0 16
3 12
0 9
10 18
0 15
9 16
5 7
4 8
5 12
15 16
3 7
4 19
3 14
11 14
10 13
2 14
11 17
6 15
10 15
0 19
2 11
15 18
1 10
14 17
3 5
9 13
9 10
6 9
1 6
13 15
6 13
9 18
15 19
1 18
12 14
0 8
13 16
9 19
13 18
16 19
2 3
8 15
1 13
4 5
0 6
0 13
0 10
0 18
7 14
8 9
10 16
3 17
6 16
8 16
16 18
3 11
0 4
18 19
2 12
5 8
8 18
5 14
6 19
4 15
1 15
4 7
6 8
12 17
10 19
4 9
1 9
5 19
2 7
2 18
