20 80 423.79830108201236 sparse
0 914 301
1 249 456
2 469 179
3 269 165
4 427 659
5 759 319
6 534 915
7 9 932
8 299 854
9 670 333
10 977 643
11 609 210
12 934 189
13 717 33
14 668 314
15 644 756
16 620 511
17 942 18
18 434 166
19 445 662
4 19
9 14
2 18
5 9
5 14
0 12
11 14
9 11
2 11
0 5
3 18
12 17
11 18
9 16
5 11
6 15
2 3
14 16
11 13
5 12
15 19
13 17
16 19
4 8
5 16
4 15
2 14
8 19
6 8
4 16
0 9
15 16
0 14
2 9
12 13
6 19
1 4
14 18
4 6
1 19
0 17
13 14
2 13
5 13
9 18
1 3
12 14
7 8
9 12
11 16
9 13
13 18
0 11
2 5
11 12
0 13
3 11
1 18
0 10
10 15
5 17
1 2
8 15
5 18
0 16
2 16
1 16
10 16
11 17
5 10
16 18
9 19
1 8
14 17
4 9
6 16
14 19
9 17
4 14
9 15
