20 80 529.1200241911092 sparse
0 102 405
1 91 325
2 712 525
3 128 652
4 876 969
5 74 656
6 659 338
7 984 743
8 854 628
9 493 268
10 868 891
11 788 78
12 65 934
13 617 461
14 799 625
15 902 10
16 361 37
17 606 624
18 221 110
19 825 680
3 5
8 14
8 19
14 19
4 10
0 1
2 13
6 13
2 14
11 15
2 17
16 18
13 17
7 19
7 8
2 8
6 9
7 10
2 19
14 17
2 6
10 19
7 14
17 19
9 13
13 14
8 17
0 3
4 7
1 18
0 5
8 10
9 16
10 14
5 12
3 12
8 13
6 11
6 17
4 19
13 19
9 18
0 18
6 14
1 3
1 5
2 9
4 8
2 7
6 8
9 11
4 14
9 17
10 17
6 19
1 16
7 17
2 10
1 9
6 15
0 9
11 13
6 16
11 16
4 17
0 16
2 11
7 13
9 14
2 4
3 17
9 15
6 18
13 16
10 13
8 9
0 13
6 7
3 13
9 19
