20 80 474.7725771356219 sparse
0 456 717
1 564 183
2 943 587
3 42 273
4 514 850
5 689 772
6 593 839
7 409 317
8 592 960
9 635 33
10 678 586
11 659 345
12 886 555
13 350 756
14 217 89
15 531 789
16 249 958
17 100 794
18 306 17
19 69 86
4 15
2 12
6 15
4 6
0 15
0 13
14 18
5 6
6 8
4 8
0 4
14 19
5 15
1 9
8 15
0 6
13 15
5 10
1 11
3 19
4 13
4 5
1 7
10 12
5 8
16 17
13 16
0 5
10 11
18 19
10 15
7 11
13 17
3 14
6 13
0 10
2 10
6 10
0 8
4 16
5 12
7 14
1 18
11 12
4 10
9 11
2 5
8 13
7 18
0 16
15 16
9 18
5 13
8 16
1 14
7 9
6 16
0 17
3 18
10 13
3 7
2 11
7 10
8 10
0 7
6 12
7 19
4 17
1 10
9 14
0 11
12 15
5 11
15 17
2 6
7 13
2 15
0 12
11 15
4 12
