20 80 408.9498746790369 sparse
0 28 862
1 304 570
2 625 353
3 633 696
4 645 835
5 441 624
6 792 18
7 400 466
8 89 223
9 80 356
10 663 342
11 361 397
12 363 712
13 97 31
14 132 136
15 461 366
16 722 762
17 128 98
18 63 272
19 582 162
14 17
2 10
8 18
13 17
7 11
9 18
8 14
11 15
4 16
13 14
3 16
7 15
5 12
8 17
8 9
3 4
1 7
1 5
14 18
1 12
5 7
2 15
1 11
17 18
8 13
2 19
10 19
10 15
3 5
9 14
15 19
5 11
13 18
7 12
2 7
6 19
1 15
5 15
9 17
2 11
3 12
9 11
7 10
4 5
10 11
4 12
1 9
5 16
11 12
11 19
8 11
11 18
9 13
3 7
2 5
7 9
2 3
11 14
6 10
1 3
7 19
3 10
5 10
12 15
12 16
0 12
3 15
2 6
11 17
9 15
1 18
1 2
7 18
7 8
8 15
14 15
0 1
3 11
1 8
15 18
