20 80 394.31586323656825 sparse
0 733 589
1 394 312
2 583 283
3 265 146
4 366 134
5 976 712
6 679 890
7 827 267
8 631 318
9 254 302
10 171 158
11 617 647
12 594 987
13 757 466
14 59 267
15 429 377
16 887 50
17 929 356
18 652 806
19 799 720
2 8
1 15
6 18
3 10
3 4
0 13
6 12
0 11
7 17
1 9
0 19
10 14
3 9
11 18
9 10
18 19
5 19
1 4
2 15
12 18
9 15
1 2
8 13
11 19
4 10
9 14
4 9
7 8
13 17
6 19
1 3
8 15
7 13
7 16
11 13
0 18
1 8
3 14
2 7
6 11
4 15
2 13
13 19
2 4
1 10
0 5
3 15
0 8
8 17
0 17
0 6
16 17
4 8
11 15
8 11
5 13
2 9
4 14
0 7
12 19
5 18
1 14
10 15
13 15
11 12
0 2
2 3
5 6
2 17
13 18
5 17
5 11
2 11
0 15
8 16
8 9
2 16
14 15
17 19
1 13
