20 80 480.7681353833675 sparse
0 806 8
1 519 38
2 202 628
3 313 194
4 487 844
5 694 997
6 397 667
7 903 692
8 695 821
9 289 323
10 947 574
11 930 393
12 425 279
13 958 959
14 456 665
15 531 57
16 980 618
17 646 631
18 342 263
19 199 808
1 15
10 16
6 14
3 18
9 18
12 18
7 16
7 10
3 9
3 12
9 12
5 8
2 19
4 14
10 11
14 17
8 17
4 6
2 6
4 8
11 16
6 19
7 8
12 15
6 17
2 14
4 5
3 15
1 3
1 12
7 17
4 17
5 13
7 13
0 15
15 18
8 14
1 18
0 1
4 19
14 19
8 13
7 11
10 17
2 9
16 17
6 8
13 16
8 16
8 10
2 4
9 15
6 9
1 9
5 17
5 7
11 17
9 14
10 13
12 14
6 12
2 18
0 11
6 18
5 14
2 12
12 17
14 18
4 7
5 6
2 17
7 14
2 3
13 17
0 12
9 17
5 16
17 18
3 6
17 19
