20 80 456.195133687329 sparse
0 971 991
1 322 97
2 412 637
3 373 373
4 437 303
5 398 843
6 964 418
7 691 288
8 263 730
9 954 980
10 622 173
11 465 581
12 367 205
13 520 704
14 959 884
15 187 63
16 386 581
17 465 599
18 940 647
19 853 876
11 17
0 9
2 16
2 17
2 11
11 16
16 17
3 4
9 14
14 19
0 14
1 12
13 17
4 12
2 13
7 10
11 13
1 15
9 19
0 19
3 12
2 8
5 8
13 16
5 13
8 16
2 5
3 16
4 10
3 11
12 15
6 18
1 4
14 18
8 17
3 17
18 19
8 11
5 17
4 7
10 12
8 13
5 16
2 3
5 11
4 11
1 3
4 16
4 17
6 7
1 10
3 10
3 7
9 18
7 12
2 4
0 18
4 15
3 15
3 13
7 11
3 8
13 19
12 16
7 17
11 12
12 17
4 13
1 7
6 10
7 16
13 18
2 12
7 18
10 11
2 7
10 15
7 13
10 17
5 19
