20 80 470.40514452969154 sparse
0 798 924
1 135 242
2 384 311
3 947 380
4 420 952
5 623 939
6 260 228
7 334 568
8 452 910
9 321 912
10 678 126
11 640 763
12 829 169
13 737 843
14 573 256
15 180 414
16 460 266
17 777 283
18 461 93
19 168 535
4 8
2 16
0 13
4 9
14 16
15 19
12 17
11 13
1 6
8 9
5 13
2 6
10 12
10 14
7 19
16 18
5 8
0 5
5 11
1 15
10 17
3 17
2 14
14 18
6 15
4 5
6 16
14 17
7 15
10 18
0 11
2 15
2 18
8 11
3 12
6 18
1 2
10 16
2 7
12 14
4 11
8 13
1 19
5 9
2 19
6 14
15 16
16 17
6 19
1 16
7 16
4 13
7 9
0 8
2 10
6 7
9 11
1 18
7 8
7 11
17 18
3 10
12 18
0 4
12 16
1 7
7 14
4 7
2 17
3 14
16 19
9 19
9 13
14 15
15 18
6 10
1 14
2 12
5 7
8 19
