20 80 504.4293805876101 sparse
0 466 879
1 502 896
2 681 707
3 865 48
4 59 654
5 308 769
6 216 388
7 135 421
8 960 633
9 593 72
10 193 156
11 1000 866
12 891 296
13 381 895
14 298 185
15 593 551
16 446 793
17 480 53
18 966 247
19 589 592
0 1
15 19
0 13
6 7
0 16
12 18
10 14
9 17
1 16
13 16
1 13
5 16
5 13
2 19
2 15
0 5
6 14
3 18
14 17
1 5
6 10
8 11
4 7
16 19
3 12
2 16
1 2
7 10
3 9
4 5
0 2
15 16
7 14
2 8
10 17
4 6
0 19
9 14
1 19
5 19
8 12
0 15
2 13
2 11
1 15
5 15
13 19
9 12
8 19
8 15
2 5
3 17
8 18
5 7
5 6
12 15
4 13
13 15
9 10
6 15
4 16
9 18
12 19
6 19
6 17
2 12
0 4
6 16
14 15
7 15
12 17
9 15
15 18
7 16
7 19
6 9
11 19
1 11
14 19
7 17
