20 80 500.4408056903434 sparse
0 784 488
1 982 400
2 98 830
3 162 996
4 622 878
5 55 117
6 99 150
7 132 127
8 482 379
9 887 107
10 898 575
11 21 83
12 798 210
13 138 321
14 387 262
15 627 928
16 746 433
17 702 818
18 301 649
19 368 459
6 7
5 11
4 15
5 6
0 16
5 7
4 17
6 11
7 11
15 17
9 12
8 19
0 10
8 14
6 13
2 3
7 13
1 10
14 19
18 19
10 16
0 1
5 13
12 16
1 16
13 14
1 12
11 13
13 19
8 16
2 18
0 12
7 14
1 9
6 14
10 17
0 8
8 18
0 17
8 13
9 16
8 12
5 14
13 18
3 18
10 12
16 19
16 17
4 18
0 9
14 18
14 16
7 19
11 14
6 19
4 10
12 14
0 19
0 4
15 18
7 8
17 18
10 15
6 8
0 14
2 19
8 10
4 16
5 19
0 15
9 10
3 15
3 4
8 9
4 19
17 19
8 17
16 18
12 19
1 8
