20 80 422.62276322980995 sparse
0 776 677
1 301 650
2 427 531
3 834 108
4 727 331
5 139 946
6 402 274
7 493 995
8 43 385
9 6 416
10 874 28
11 641 227
12 709 663
13 542 577
14 568 802
15 911 65
16 596 64
17 531 381
18 372 734
19 899 501
8 9
10 15
0 12
3 15
3 10
1 18
2 13
4 11
6 17
11 16
1 2
2 17
12 13
11 17
13 17
12 14
4 17
7 14
14 18
2 18
0 19
13 14
3 11
13 18
4 19
3 16
0 14
6 11
3 4
12 19
1 13
0 13
2 6
10 16
6 16
7 18
4 16
2 14
10 11
1 14
4 13
2 12
11 15
15 16
5 18
4 15
16 17
4 6
4 12
12 17
6 13
4 10
1 5
12 18
0 4
1 17
5 7
2 4
11 13
13 19
1 8
2 11
6 8
11 19
1 9
0 2
0 17
17 19
17 18
1 6
1 7
7 12
3 19
3 17
0 18
1 12
2 8
6 9
7 13
14 17
