20 80 431.6688545633099 sparse
0 41 664
1 61 0
2 699 842
3 19 634
4 549 689
5 225 885
6 603 825
7 776 123
8 394 284
9 518 568
10 780 968
11 237 261
12 305 674
13 808 651
14 64 77
15 762 626
16 298 340
17 687 880
18 350 434
19 486 653
0 3
2 17
13 15
4 19
1 14
9 19
2 6
11 16
6 17
16 18
8 16
4 9
10 17
4 6
2 10
8 18
8 11
12 19
11 18
6 19
2 4
9 18
2 13
4 15
2 15
5 12
6 10
4 17
9 12
12 18
4 12
9 15
11 14
6 15
18 19
13 17
4 13
0 12
15 17
6 13
6 9
15 19
2 19
0 5
3 12
9 13
17 19
8 9
1 11
9 16
10 13
13 19
4 18
3 5
2 9
6 12
12 16
10 15
5 19
14 16
9 17
4 10
16 19
4 5
8 19
5 6
0 18
3 18
8 14
8 12
3 16
0 16
1 16
7 8
9 11
11 12
2 12
4 16
10 19
5 9
