20 80 499.5517991159675 sparse
0 38 467
1 426 553
2 906 333
3 763 886
4 216 213
5 743 204
6 804 279
7 12 669
8 921 421
9 543 970
10 656 31
11 479 7
12 279 443
13 751 15
14 897 599
15 891 55
16 610 617
17 417 432
18 171 973
19 90 457
0 19
2 8
10 13
5 6
2 6
1 17
12 17
13 15
10 11
8 14
1 12
6 8
5 13
12 19
5 10
1 16
0 7
2 5
5 15
7 19
3 9
10 15
4 12
6 15
0 12
2 14
16 17
6 13
11 13
4 19
2 15
5 8
14 16
6 10
4 17
3 16
0 4
3 14
17 19
5 11
6 14
4 11
7 18
1 19
7 12
2 13
9 16
8 15
8 16
9 18
12 16
0 17
6 16
2 10
0 1
5 17
1 4
2 16
11 15
6 17
6 11
5 14
11 17
1 7
1 9
5 16
8 13
10 17
1 6
7 17
1 5
8 10
1 14
1 3
4 10
11 12
3 8
1 18
2 17
4 7
