20 80 414.01086942253096 sparse
0 906 240
1 922 595
2 39 232
3 642 97
4 268 8
5 214 652
6 620 409
7 931 393
8 823 560
9 26 193
10 663 146
11 750 99
12 346 104
13 947 547
14 894 82
15 94 119
16 911 462
17 881 32
18 206 412
19 660 406
6 19
2 9
14 17
3 10
1 13
7 16
13 16
10 11
9 15
1 8
3 11
4 12
8 13
2 15
8 16
1 16
11 14
11 17
7 13
0 7
0 14
7 8
1 7
4 15
0 17
0 11
0 16
8 19
10 14
5 18
2 18
10 17
3 17
3 14
12 15
6 8
16 19
10 19
0 10
6 10
7 19
9 18
6 16
3 12
0 19
0 3
4 9
3 19
0 13
6 7
3 6
7 14
15 18
13 19
10 12
11 19
2 4
1 19
0 8
9 12
0 6
2 12
6 11
12 18
7 11
1 6
6 13
0 1
7 17
7 10
14 16
3 4
11 16
14 19
10 16
11 12
4 18
6 12
3 7
6 18
