20 87 427.2750870341027 sparse
0 772 841
1 937 771
2 205 751
3 336 678
4 602 842
5 944 345
6 59 63
7 914 428
8 557 419
9 454 678
10 229 455
11 592 992
12 944 688
13 462 523
14 736 371
15 878 518
16 648 973
17 832 586
18 678 334
19 704 985
16 19
11 16
14 18
15 17
1 12
5 7
7 15
11 19
3 9
4 16
8 13
8 18
2 3
4 11
12 17
9 13
0 19
0 4
4 19
7 17
0 1
0 16
12 15
5 15
8 14
7 14
3 13
14 15
5 14
1 17
4 9
0 12
0 11
14 17
10 13
3 10
7 18
2 9
1 15
7 12
0 17
5 17
5 18
15 18
8 9
13 18
17 18
2 10
3 4
13 14
1 19
9 10
8 17
8 10
8 15
0 15
3 8
1 4
9 11
5 12
2 13
1 7
4 17
4 13
1 16
9 16
7 8
0 9
4 12
13 17
12 14
12 19
9 17
5 8
9 19
3 11
2 4
1 11
9 18
12 16
13 15
9 14
17 19
4 8
4 15
1 5
6 10
