20 80 495.30798499519466 sparse
0 489 766
1 330 454
2 543 795
3 103 970
4 552 56
5 253 32
6 213 92
7 98 408
8 830 406
9 788 375
10 734 338
11 875 97
12 823 278
13 720 730
14 201 608
15 854 947
16 556 902
17 143 782
18 907 666
19 981 357
8 9
0 2
9 10
5 6
9 12
10 12
2 16
8 10
8 12
0 16
8 19
12 19
14 17
11 12
2 13
3 17
9 19
13 18
1 14
7 14
0 13
1 7
13 16
10 19
13 15
8 18
10 11
11 19
15 18
9 11
4 5
15 16
8 11
9 18
18 19
4 11
0 14
4 10
6 7
4 6
8 13
2 15
0 17
0 1
4 12
9 13
10 18
3 14
7 17
1 17
1 6
2 18
2 14
10 13
4 9
12 18
2 17
1 2
5 7
0 15
1 10
16 18
1 5
0 18
16 17
0 3
4 8
13 19
1 4
3 16
14 16
12 13
1 9
2 3
1 13
2 8
2 9
0 9
0 10
2 10
