20 80 470.5581791872287 sparse
0 372 285
1 907 526
2 905 666
3 494 41
4 539 477
5 956 42
6 435 27
7 200 113
8 667 916
9 305 184
10 270 532
11 733 439
12 824 612
13 975 837
14 832 163
15 298 504
16 787 71
17 515 995
18 869 78
19 842 200
14 19
10 15
3 6
16 18
14 18
5 18
2 12
14 16
1 12
0 9
18 19
7 9
1 2
16 19
8 17
5 16
5 14
2 13
1 11
5 19
11 12
4 11
6 9
0 15
3 9
4 15
0 7
6 7
0 4
11 19
0 6
0 10
12 13
0 3
4 10
2 11
11 14
3 16
3 7
4 12
8 13
1 13
9 15
1 19
8 12
2 8
9 10
6 16
3 14
1 14
1 4
11 16
4 9
3 18
3 19
11 18
0 11
7 15
4 19
2 4
12 19
6 14
7 10
4 14
6 18
3 4
11 15
6 19
12 14
1 18
5 11
4 8
1 8
4 6
3 5
3 11
11 13
0 16
2 19
1 16
