20 80 437.70423804208247 sparse
0 350 467
1 98 472
2 603 115
3 500 684
4 509 400
5 708 944
6 820 288
7 298 75
8 429 983
9 229 35
10 531 536
11 523 315
12 660 896
13 801 155
14 509 264
15 510 705
16 951 543
17 947 332
18 996 247
19 253 456
3 15
11 14
5 12
7 9
4 11
0 19
17 18
6 13
6 17
4 14
4 10
3 10
1 19
10 15
0 4
2 14
6 18
0 10
2 13
16 17
2 11
13 18
10 11
13 17
0 11
12 15
8 12
0 1
0 14
4 19
0 3
3 12
10 14
2 6
5 8
7 14
3 4
6 16
0 15
10 19
8 15
6 11
16 18
2 4
11 19
4 15
3 8
2 7
5 15
13 14
6 14
14 19
11 13
7 11
4 6
3 5
3 19
15 19
9 14
3 11
6 10
4 13
10 12
2 9
7 19
4 7
11 15
0 7
9 11
2 17
2 18
13 16
1 4
10 16
3 14
9 19
11 17
2 10
0 2
1 10
