20 80 541.3917250937624 sparse
0 541 553
1 957 105
2 408 848
3 120 85
4 934 797
5 830 930
6 725 207
7 62 673
8 592 715
9 396 311
10 251 407
11 919 787
12 770 188
13 828 740
14 194 199
15 138 252
16 957 126
17 708 894
18 14 779
19 308 282
4 11
1 16
6 12
14 15
9 19
11 13
7 18
4 13
5 17
3 14
10 19
14 19
3 15
5 11
4 5
0 8
15 19
9 10
5 13
10 15
13 17
12 16
1 12
8 17
10 14
2 8
9 14
11 17
8 13
6 16
4 17
1 6
9 15
3 19
0 9
2 17
5 8
0 2
0 10
7 10
8 11
0 13
6 9
3 10
4 8
3 9
0 19
0 17
2 7
0 6
9 12
2 18
6 19
7 15
2 5
0 12
2 13
10 18
0 11
8 9
8 10
7 19
0 4
2 10
12 19
0 5
7 14
7 9
0 7
0 14
0 15
6 10
2 11
8 19
6 8
2 4
6 14
7 8
2 9
15 18
