20 80 357.7401291440478 sparse
0 535 210
1 133 63
2 582 637
3 302 398
4 323 747
5 460 646
6 243 172
7 779 149
8 558 903
9 445 505
10 137 645
11 325 173
12 141 505
13 824 463
14 338 352
15 178 233
16 214 114
17 265 538
18 369 692
19 824 492
13 19
3 14
6 16
4 18
6 11
6 15
1 16
5 18
2 5
15 16
11 16
12 17
10 12
5 9
3 17
1 6
11 15
10 17
4 5
1 15
3 9
11 14
9 17
17 18
9 14
2 9
3 12
14 15
14 17
9 18
6 14
3 15
4 10
0 11
4 17
2 18
1 11
5 17
3 11
3 6
10 18
0 14
12 14
0 7
2 8
14 16
4 9
12 15
5 8
2 4
4 8
2 19
8 18
3 5
0 6
12 18
3 10
3 16
2 13
0 3
3 18
4 12
9 12
0 9
15 17
7 13
5 14
5 10
2 17
0 16
9 10
14 18
7 19
6 12
5 12
3 4
9 11
1 14
10 14
0 15
