50 534 430.5124853009492 medium
0 923 555
1 916 730
2 639 410
3 922 269
4 767 920
5 686 268
6 851 299
7 809 307
8 792 844
9 55 668
10 404 952
11 968 723
12 804 345
13 180 614
14 26 449
15 577 243
16 763 38
17 60 621
18 847 541
19 150 664
20 489 279
21 128 267
22 360 197
23 508 219
24 482 512
25 745 702
26 760 262
27 679 586
28 6 475
29 565 268
30 797 352
31 762 1
32 295 221
33 108 356
34 173 449
35 939 583
36 118 292
37 369 461
38 354 424
39 956 293
40 285 522
41 331 127
42 588 696
43 156 219
44 331 584
45 598 158
46 591 368
47 51 733
48 958 101
49 150 584
12 30
21 36
15 29
0 35
14 28
16 31
7 12
37 38
3 39
13 49
6 7
7 30
9 17
1 11
21 43
13 19
20 23
2 46
33 36
9 47
6 12
7 26
22 32
15 23
5 26
23 29
6 30
22 41
20 29
3 6
40 44
0 18
19 49
4 8
36 43
15 45
21 33
12 26
15 20
9 19
26 30
17 49
6 26
17 19
32 41
18 35
29 46
37 40
6 39
23 45
5 15
17 47
33 34
29 45
3 7
38 40
13 17
19 47
5 29
24 37
14 33
15 46
9 49
37 44
5 7
25 27
34 40
20 46
9 13
34 49
5 46
32 43
5 30
13 40
3 12
5 45
5 12
27 42
11 35
33 43
14 34
7 39
40 49
1 35
2 5
8 25
22 23
3 30
20 22
13 44
24 38
17 28
28 33
25 42
2 29
12 39
38 44
3 26
20 45
13 34
34 36
24 44
5 6
2 30
1 8
28 34
30 39
23 46
3 48
21 32
1 25
0 11
18 27
0 1
14 17
13 47
2 12
2 15
47 49
2 27
24 46
28 49
44 49
14 36
34 38
14 49
15 26
5 23
2 24
21 34
18 25
32 36
2 26
39 48
26 45
26 29
18 30
19 40
34 37
24 40
5 20
41 43
19 44
20 38
26 39
2 7
9 28
2 20
23 41
26 46
12 18
1 18
20 32
16 45
16 48
22 43
17 34
30 46
34 44
14 21
45 46
24 27
32 38
24 42
23 32
8 11
12 46
28 36
19 34
22 29
20 37
11 18
4 25
20 41
31 48
9 14
15 22
13 28
11 25
16 26
6 48
13 14
7 46
31 45
22 38
25 35
34 43
32 33
0 25
2 23
33 49
20 24
27 46
3 5
7 18
19 28
0 30
2 6
7 15
37 46
21 28
22 45
0 12
1 4
6 18
21 22
5 16
33 40
13 37
38 46
15 30
2 18
17 40
0 27
21 41
29 30
7 29
14 19
9 34
12 15
12 29
32 37
37 49
8 42
7 48
26 48
33 38
2 45
23 26
23 38
13 38
24 29
7 45
32 34
38 49
22 36
27 35
26 31
28 47
27 30
29 38
0 39
22 37
14 43
0 6
13 33
41 45
6 46
14 40
17 33
36 41
36 38
18 39
30 35
5 39
12 27
20 26
15 41
9 40
7 16
0 7
29 41
17 44
12 35
29 32
2 37
29 37
21 38
6 16
15 16
1 27
5 31
30 45
12 45
23 37
6 15
42 44
3 16
33 37
4 11
8 27
3 18
15 32
28 40
36 40
38 43
14 47
15 24
2 38
0 3
4 42
15 38
22 46
6 29
9 44
12 48
6 45
35 39
2 42
18 26
36 49
23 24
28 43
6 35
38 41
22 33
30 48
19 37
21 40
8 35
32 40
15 37
18 42
36 37
16 29
15 31
7 35
7 27
8 18
18 46
34 47
21 37
32 45
7 31
12 16
2 25
19 33
6 31
3 31
16 23
7 23
22 34
3 35
19 38
40 47
10 42
24 34
16 30
2 3
9 33
20 30
5 18
44 47
20 40
0 8
21 49
5 24
5 27
23 30
13 24
0 2
33 44
5 48
33 41
16 39
11 27
7 20
37 42
12 23
12 20
37 43
24 25
13 36
42 46
14 38
40 43
1 42
32 46
29 31
22 40
14 44
5 22
26 27
17 36
27 37
6 27
23 31
0 26
37 41
22 24
27 29
2 39
44 46
20 43
24 49
3 45
40 46
28 44
14 37
20 44
4 27
3 46
24 32
3 15
2 35
12 31
17 37
27 44
40 42
31 39
13 21
2 22
28 38
23 43
6 23
14 32
30 31
24 30
2 44
25 30
17 38
41 46
3 29
15 27
34 41
38 42
20 34
17 21
38 45
20 27
20 21
36 44
12 25
6 20
12 24
27 38
28 37
0 42
4 10
45 48
32 44
16 20
43 49
19 24
18 24
5 38
26 35
25 46
35 42
5 37
20 36
2 40
16 46
0 5
24 45
39 46
19 36
24 26
10 44
9 37
23 40
21 44
29 40
4 35
37 45
11 42
0 46
9 36
33 47
5 41
15 39
39 45
21 23
10 19
28 32
9 38
7 24
4 18
22 44
20 33
20 31
32 49
29 39
2 16
18 29
2 32
29 44
5 32
13 43
1 30
23 36
0 4
19 21
40 41
27 40
3 27
7 25
1 12
15 18
30 42
8 10
27 39
15 40
5 35
43 44
23 27
31 46
24 33
22 26
10 13
23 44
23 34
15 48
9 21
11 30
35 46
13 32
29 43
11 12
12 42
17 43
24 41
10 47
13 42
6 25
3 23
2 41
14 22
37 47
15 44
15 43
23 33
10 25
1 2
24 36
34 46
6 24
29 48
2 31
20 42
29 42
11 39
25 44
21 24
