50 605 467.38634982207174 medium
0 530 910
1 678 436
2 450 710
3 767 795
4 429 61
5 693 423
6 782 787
7 257 693
8 674 599
9 226 853
10 850 126
11 781 817
12 179 102
13 670 986
14 985 728
15 223 314
16 571 445
17 696 737
18 679 587
19 752 261
20 230 660
21 131 123
22 977 814
23 848 265
24 985 861
25 234 503
26 630 677
27 997 541
28 952 792
29 417 671
30 445 617
31 670 356
32 298 210
33 206 258
34 681 458
35 33 954
36 994 421
37 88 889
38 610 606
39 279 652
40 363 434
41 986 446
42 817 292
43 611 564
44 721 831
45 36 592
46 822 478
47 739 694
48 211 136
49 131 855
8 18
3 6
1 5
1 34
3 11
36 41
6 11
22 28
5 34
23 42
38 43
7 20
7 39
12 48
22 24
20 39
2 29
12 21
37 49
3 44
15 33
17 47
29 30
11 44
8 38
5 31
18 38
18 43
14 28
19 42
8 43
26 38
6 44
24 28
1 31
21 48
35 37
14 22
17 26
8 26
3 17
2 30
9 49
27 41
19 23
17 44
6 17
6 47
18 26
31 34
32 33
3 47
1 16
26 47
16 34
32 48
26 43
8 47
11 17
27 36
33 48
18 47
5 16
19 31
16 43
34 43
15 32
18 34
11 47
14 24
16 31
44 47
10 23
29 39
35 49
8 17
5 46
8 34
34 46
9 37
1 43
25 40
1 46
17 18
1 18
21 33
25 39
38 47
17 38
20 25
12 33
0 13
31 42
12 32
7 29
7 9
1 8
5 43
13 44
34 38
5 18
30 38
16 38
10 19
41 46
10 42
30 39
6 28
5 19
11 28
30 43
5 8
16 18
15 48
26 44
18 46
5 42
2 39
3 26
36 46
43 47
2 26
1 38
15 40
3 28
8 16
27 46
42 46
20 29
14 27
6 26
21 32
15 25
1 19
2 38
8 46
7 25
17 43
9 20
2 7
26 30
31 46
11 22
6 22
4 32
23 31
1 42
30 40
5 38
11 13
7 30
29 38
7 49
20 45
11 26
0 44
9 39
16 40
11 24
19 34
3 22
6 14
15 21
26 29
16 30
23 36
3 13
23 46
34 42
0 2
6 24
31 43
12 15
6 8
3 8
25 45
2 43
9 35
20 49
36 42
20 30
5 23
29 43
11 14
26 34
6 18
2 20
3 18
23 41
3 24
43 46
19 46
3 14
6 13
41 42
8 30
4 48
18 31
46 47
32 40
39 40
28 44
28 47
33 40
18 30
8 44
16 26
0 17
25 30
1 23
8 11
7 45
34 47
8 31
29 40
3 38
1 26
25 33
2 17
18 44
38 46
14 47
25 29
6 38
2 8
39 45
13 17
38 44
39 49
11 18
16 46
4 12
0 26
27 28
23 34
22 44
31 38
16 19
7 37
2 18
5 26
17 28
20 40
0 3
9 29
0 29
1 47
24 44
2 9
22 47
8 29
0 11
20 37
11 38
16 29
22 27
5 47
18 29
26 46
17 30
3 43
17 34
45 49
7 40
40 43
0 6
6 43
14 41
14 44
30 34
17 29
17 46
43 44
14 17
2 40
2 47
16 42
19 36
2 16
17 22
10 31
5 41
1 30
2 44
24 47
4 33
19 41
14 46
2 25
25 32
27 47
13 47
16 47
0 47
38 40
5 36
37 45
1 17
30 47
4 21
37 39
11 43
0 30
34 41
14 36
27 42
1 41
0 9
13 26
6 46
23 27
5 17
0 38
17 24
5 30
1 40
34 36
1 36
31 40
16 17
34 40
24 27
18 27
3 46
9 30
29 47
9 45
26 31
18 42
5 27
4 15
6 27
27 34
8 27
2 3
10 36
31 41
5 40
16 23
31 36
18 19
38 39
19 43
40 48
15 45
1 27
5 10
8 14
14 18
18 41
8 28
8 42
13 24
29 34
28 46
29 49
2 6
42 43
18 28
11 46
2 34
26 28
16 25
13 28
15 39
3 27
0 8
39 43
29 44
7 35
6 34
30 31
31 47
15 20
8 19
8 41
28 41
10 41
3 34
2 11
0 7
30 44
41 47
9 25
2 49
11 27
18 40
1 29
26 39
13 22
8 40
2 13
10 46
20 35
1 10
0 43
0 18
18 36
1 2
16 39
14 26
17 27
0 39
16 32
26 40
35 45
40 45
7 38
18 23
1 6
8 36
25 49
44 46
25 48
3 30
22 41
1 3
22 46
5 29
3 29
8 22
15 16
19 27
10 34
11 34
22 26
19 38
7 26
28 36
36 47
18 22
5 6
33 45
34 44
15 30
27 31
2 5
38 42
8 23
7 43
6 30
4 40
3 5
12 40
4 19
7 15
4 31
23 43
17 31
25 43
6 29
20 38
13 38
27 43
8 13
21 40
29 45
28 38
35 39
25 38
0 20
11 30
26 27
11 29
27 38
20 43
41 43
22 36
21 25
30 49
14 38
29 37
1 11
1 44
6 41
8 39
13 18
31 32
24 26
7 16
27 44
20 26
33 39
3 16
30 46
6 16
20 33
0 49
16 20
5 11
2 37
13 29
29 31
12 25
18 39
15 29
14 34
8 24
13 14
14 43
38 41
36 43
5 44
4 16
42 47
30 45
16 33
28 43
18 24
17 41
3 41
25 37
16 44
16 41
24 41
23 38
24 46
2 31
22 38
5 14
6 36
16 36
1 14
10 16
11 41
26 41
17 39
19 40
4 10
13 43
36 38
11 16
7 8
26 42
28 34
2 45
30 33
13 30
25 26
30 32
19 47
19 26
17 36
7 18
16 27
3 36
7 33
0 28
2 46
24 36
10 27
9 26
9 40
7 17
1 32
32 39
0 37
23 47
22 43
26 36
6 31
34 39
4 5
8 20
29 46
5 32
30 37
15 31
1 25
1 28
25 34
3 31
11 36
1 4
17 40
8 25
5 28
4 42
18 25
24 38
1 39
18 20
20 32
32 34
2 15
9 38
19 32
40 47
0 22
0 24
25 31
40 46
17 42
15 43
39 47
22 34
32 45
9 13
29 33
5 25
4 23
23 26
0 16
14 42
41 44
