50 209 280.7436553156634 medium
0 854 370
1 95 358
2 280 748
3 908 247
4 58 467
5 952 440
6 747 176
7 435 294
8 99 754
9 869 763
10 160 1000
11 72 974
12 466 758
13 988 942
14 181 375
15 263 67
16 937 907
17 432 41
18 300 984
19 654 606
20 658 571
21 95 100
22 110 761
23 687 814
24 149 756
25 128 582
26 460 257
27 429 509
28 59 271
29 249 87
30 715 86
31 826 49
32 429 263
33 806 983
34 877 673
35 105 697
36 680 659
37 225 486
38 971 148
39 916 211
40 60 502
41 557 320
42 297 477
43 915 799
44 832 932
45 829 67
46 920 349
47 366 739
48 836 625
49 826 278
8 22
31 45
15 29
7 32
26 32
4 40
19 20
3 39
22 24
7 26
8 24
33 44
8 35
9 43
19 36
13 16
34 48
22 35
0 46
37 42
24 35
38 39
2 47
1 14
3 49
9 34
20 36
10 11
1 28
6 30
0 49
5 46
12 47
3 46
25 40
16 44
16 43
39 49
1 4
30 45
26 41
30 31
25 35
3 38
46 49
14 37
0 5
7 41
6 49
2 24
34 43
0 3
4 25
27 42
6 45
25 37
39 46
32 41
10 18
9 48
1 40
6 31
16 33
4 14
14 42
21 29
23 36
13 44
43 44
9 16
36 48
14 28
13 43
38 45
37 40
4 37
39 45
2 22
0 39
15 17
15 21
6 39
9 44
8 25
21 28
24 25
14 40
31 38
3 6
22 25
2 8
2 35
1 37
19 48
31 39
20 48
2 12
13 33
23 44
17 29
9 23
43 48
38 49
4 28
3 45
34 36
3 5
25 42
35 40
5 49
27 37
23 33
38 46
19 23
45 49
14 25
33 43
3 31
9 13
7 27
9 36
11 22
24 47
17 26
5 48
0 6
8 11
30 49
17 32
2 25
6 38
1 25
12 23
11 18
27 41
23 43
9 33
31 49
7 42
28 40
11 24
5 39
19 34
1 42
4 35
12 36
23 34
30 39
2 18
20 27
40 42
6 41
27 47
4 42
23 48
16 34
20 34
12 19
35 37
10 22
10 24
6 46
20 23
5 34
19 27
27 32
0 38
3 30
32 42
12 27
29 32
7 17
8 10
18 47
26 27
8 40
0 48
15 32
22 47
1 21
34 44
30 38
22 40
35 47
28 29
9 19
7 14
16 23
8 47
2 37
12 20
24 40
20 41
42 47
26 29
2 42
28 37
14 32
41 49
18 24
36 43
15 26
26 42
7 29
11 35
2 10
12 18
24 37
0 20
