50 280 315.729314445143 medium
0 586 799
1 749 134
2 168 447
3 847 224
4 238 900
5 822 989
6 279 719
7 464 93
8 523 197
9 419 344
10 965 253
11 256 303
12 437 630
13 110 650
14 857 822
15 42 817
16 553 891
17 775 48
18 811 594
19 294 627
20 133 12
21 93 379
22 647 602
23 127 669
24 764 289
25 222 898
26 987 517
27 226 761
28 329 948
29 418 574
30 415 192
31 431 99
32 940 419
33 45 646
34 224 150
35 100 628
36 739 840
37 325 939
38 381 965
39 665 219
40 217 32
41 817 298
42 993 304
43 447 317
44 488 818
45 83 254
46 77 614
47 51 569
48 359 487
49 29 486
28 37
4 25
13 35
13 23
35 46
7 31
9 43
33 46
13 46
23 35
46 47
24 41
28 38
33 35
10 42
12 29
37 38
13 33
6 27
23 46
35 47
33 47
3 41
23 33
47 49
20 40
1 17
6 19
30 31
4 37
0 16
16 44
0 44
13 47
2 21
4 28
29 48
3 24
8 30
26 32
7 30
25 37
25 28
34 40
14 36
1 39
7 8
24 39
3 10
21 49
21 45
23 47
32 42
30 43
1 3
8 31
19 29
23 27
46 49
25 27
4 27
8 43
12 19
8 39
2 49
19 27
9 30
19 48
10 41
9 48
1 24
11 34
4 38
0 36
35 49
6 23
13 27
33 49
12 48
18 22
20 34
3 42
10 32
9 11
2 11
2 47
5 36
5 14
15 23
15 33
39 41
19 23
25 38
32 41
34 45
41 42
1 41
11 45
11 21
8 9
13 15
6 12
38 44
3 39
6 13
13 49
27 35
13 19
4 6
16 38
6 25
3 17
2 46
43 48
11 43
18 26
15 27
16 36
2 35
11 30
19 35
21 47
12 44
2 48
30 34
15 25
15 35
6 35
6 29
37 44
17 39
27 37
10 24
28 44
15 46
0 22
23 49
27 46
11 48
2 45
2 13
12 22
4 15
26 42
31 34
27 28
27 33
3 32
19 46
18 32
31 43
24 32
2 19
31 40
7 43
6 37
0 12
2 23
6 46
24 42
9 29
22 29
16 28
6 44
14 18
16 37
2 33
6 28
1 8
21 46
7 39
45 49
39 43
17 24
6 33
9 31
6 48
1 10
7 34
20 45
23 25
15 47
12 27
21 35
19 33
19 47
30 39
36 44
17 41
29 44
7 40
30 40
7 9
22 36
27 38
4 23
18 36
6 15
8 24
29 43
40 45
27 47
31 39
4 44
0 38
21 34
10 26
6 38
27 29
27 44
22 44
11 31
21 33
2 9
13 21
0 14
13 25
19 44
6 47
11 40
9 34
9 39
26 41
25 44
34 43
4 19
10 17
19 25
2 29
0 29
4 13
12 16
5 16
9 12
21 48
8 11
1 7
11 49
21 23
8 17
2 6
23 48
35 48
7 11
18 41
0 37
25 35
0 28
1 42
13 48
19 49
30 48
10 39
2 34
8 34
0 5
16 22
14 22
0 18
27 48
4 35
23 29
2 43
25 33
15 37
18 24
46 48
9 19
22 48
20 31
8 41
14 16
12 23
12 43
19 37
7 17
4 16
15 28
15 19
11 29
