50 465 410.1914187303289 medium
0 159 718
1 517 156
2 529 355
3 568 180
4 747 159
5 659 456
6 608 468
7 424 840
8 302 205
9 901 613
10 335 247
11 656 517
12 155 655
13 376 158
14 278 462
15 430 606
16 750 34
17 71 776
18 575 74
19 914 519
20 719 664
21 217 822
22 448 170
23 137 802
24 412 991
25 615 804
26 875 104
27 809 805
28 705 916
29 508 335
30 154 885
31 409 989
32 127 798
33 88 741
34 379 828
35 762 735
36 217 344
37 638 374
38 376 320
39 467 391
40 833 179
41 878 634
42 812 707
43 681 902
44 545 86
45 907 639
46 816 383
47 365 439
48 67 15
49 235 888
24 31
23 32
9 45
28 43
2 29
41 45
9 41
18 44
17 33
7 34
5 6
8 10
1 3
35 42
17 32
5 11
0 12
21 49
6 11
32 33
29 39
1 22
17 23
2 39
13 22
0 33
1 44
23 33
30 49
21 23
20 35
10 38
27 35
5 37
23 30
26 40
0 32
0 23
8 13
4 40
21 30
14 47
30 32
21 32
9 19
3 44
10 13
27 42
41 42
6 37
1 18
20 42
0 17
3 18
12 33
2 37
39 47
38 39
42 45
25 43
0 21
38 47
19 45
3 22
19 41
4 16
22 44
9 42
23 49
14 36
29 38
29 37
10 22
8 38
17 30
2 6
4 26
32 49
1 13
16 26
25 28
11 37
12 32
12 17
12 23
7 31
8 22
7 24
27 28
21 33
10 36
17 21
35 41
34 49
2 38
30 33
18 22
11 20
27 43
6 39
36 38
20 41
13 38
21 34
25 35
8 36
31 34
2 5
3 29
24 34
22 38
6 29
0 30
16 40
20 27
19 46
37 39
14 38
5 46
35 45
20 25
22 29
36 47
29 47
12 21
37 46
15 47
1 29
2 3
16 18
3 4
13 44
2 47
27 41
9 35
35 43
0 49
9 20
20 45
28 35
4 18
27 45
3 13
5 29
25 27
10 29
10 47
7 25
7 49
10 39
17 49
1 2
31 49
14 39
2 22
5 39
1 10
40 46
24 49
2 11
3 37
7 21
33 49
11 46
14 15
16 44
9 27
19 42
4 44
13 18
1 38
5 20
15 39
25 42
1 8
13 29
22 39
2 10
10 14
6 46
6 15
6 20
11 39
15 34
12 14
12 30
1 4
30 34
3 16
3 39
7 15
4 46
11 29
28 42
42 43
25 34
3 38
1 39
20 43
4 37
8 47
11 35
3 10
11 15
19 20
23 34
8 29
13 36
6 47
9 46
11 42
0 34
12 49
8 39
1 37
2 13
13 39
11 41
29 44
20 28
32 34
36 39
21 31
11 19
21 24
8 14
41 46
5 19
14 29
1 16
9 11
19 35
7 43
10 44
3 40
3 8
37 38
18 29
2 44
2 15
8 44
15 25
45 46
2 8
2 14
7 30
5 15
6 38
30 31
37 40
24 25
25 31
18 40
22 37
24 30
11 45
12 15
37 47
13 47
22 47
15 29
5 41
0 14
12 34
24 43
2 18
26 46
31 43
2 46
5 9
38 44
22 36
7 23
11 25
3 5
3 6
15 38
7 28
29 36
0 7
2 4
0 15
5 42
5 47
15 20
10 18
4 29
20 46
5 35
4 22
7 32
20 37
12 47
11 47
18 26
8 48
24 28
37 44
40 44
8 18
15 21
33 34
19 27
28 31
18 37
5 45
6 35
4 5
6 19
34 43
15 37
29 46
19 37
2 36
17 34
25 41
5 38
6 42
39 44
3 26
18 38
1 40
6 41
12 36
13 14
3 46
1 47
42 46
1 6
11 27
7 12
6 9
5 40
10 37
3 47
6 14
23 31
26 44
28 41
16 22
1 5
41 43
23 24
18 39
25 45
6 25
14 33
15 36
28 34
14 22
6 22
4 6
13 37
13 48
31 32
11 38
28 45
15 49
7 20
9 25
24 32
6 45
43 45
0 47
3 11
39 46
19 40
7 33
5 25
6 10
2 40
15 23
37 41
7 35
1 36
10 48
16 46
9 37
5 22
35 46
15 35
16 37
15 32
7 17
26 37
29 40
9 28
36 48
1 26
2 20
9 43
4 39
14 21
6 40
15 33
14 23
14 32
0 31
4 11
14 37
4 13
10 15
20 39
0 24
1 46
37 42
14 17
8 37
20 34
37 45
0 36
14 34
5 27
5 14
11 40
35 37
11 14
15 31
22 40
15 24
5 10
11 43
16 29
7 27
1 11
6 44
5 44
6 13
3 36
15 43
1 14
25 49
34 47
2 16
20 29
5 18
18 46
6 27
15 30
13 16
34 35
15 42
6 18
44 47
4 19
15 17
7 11
21 25
17 31
12 38
11 28
44 46
17 24
6 8
4 38
3 14
11 22
7 14
7 47
31 33
12 39
24 33
33 47
7 42
6 36
