50 417 405.36033353055154 medium
0 306 392
1 797 680
2 852 603
3 553 592
4 579 22
5 858 482
6 159 671
7 455 65
8 399 390
9 54 678
10 918 889
11 576 2
12 433 7
13 198 577
14 766 105
15 260 610
16 627 802
17 407 540
18 172 464
19 806 150
20 653 222
21 123 271
22 969 626
23 97 565
24 705 424
25 834 301
26 398 200
27 565 47
28 382 851
29 482 705
30 984 456
31 861 823
32 202 732
33 572 199
34 426 84
35 2 120
36 668 113
37 125 785
38 748 212
39 420 924
40 626 793
41 841 238
42 79 890
43 804 421
44 806 434
45 68 727
46 934 403
47 964 292
48 162 238
49 997 749
16 40
43 44
4 11
4 27
7 34
11 27
9 45
21 48
14 19
7 12
25 41
13 15
5 44
30 46
6 32
12 34
37 45
5 43
28 39
20 33
19 38
10 31
0 8
32 37
1 2
19 41
20 38
38 41
14 36
24 43
24 44
13 23
6 13
6 9
6 45
14 38
5 46
20 36
7 27
37 42
46 47
13 18
6 15
6 37
2 22
26 34
9 23
2 5
27 36
6 23
25 43
25 38
18 23
22 49
36 38
4 36
9 37
5 30
33 36
25 47
43 46
4 7
44 46
3 29
32 45
41 47
15 32
25 44
7 11
12 27
25 46
19 36
11 12
27 34
11 36
7 26
4 12
8 17
0 18
27 33
14 41
19 25
31 49
3 17
13 32
1 31
9 32
10 49
14 20
15 17
42 45
5 24
23 45
4 34
30 47
29 40
19 20
15 23
15 18
22 30
11 34
26 33
16 29
2 44
9 13
33 38
28 29
4 33
7 33
24 25
0 17
30 44
1 22
17 29
5 22
5 25
30 43
33 34
41 43
2 43
20 41
41 46
8 26
21 35
20 27
12 26
11 33
23 32
20 25
2 30
13 45
35 48
41 44
18 21
32 42
4 14
1 40
43 47
2 49
1 5
6 18
14 25
20 24
14 27
1 16
0 48
1 49
13 17
19 47
44 47
0 26
4 20
36 41
9 42
3 40
0 13
14 33
25 30
28 32
11 14
2 46
24 38
38 43
9 15
5 47
7 36
0 21
2 31
13 37
15 37
23 37
3 16
0 15
22 31
15 45
22 46
18 48
26 27
3 24
29 39
38 44
24 46
38 47
24 41
2 24
11 20
6 42
16 31
31 40
12 33
8 18
26 48
19 33
16 39
15 29
1 10
34 36
39 40
9 18
5 41
1 44
27 38
17 18
20 43
16 28
25 36
28 40
22 44
7 20
4 26
3 8
4 38
20 26
8 33
12 36
1 43
1 3
8 15
4 19
30 41
24 33
20 44
19 27
22 43
28 37
20 34
11 26
38 46
10 22
18 32
15 28
19 43
0 23
11 38
33 41
1 24
14 47
11 19
8 13
6 17
24 30
17 32
25 33
29 32
8 48
18 45
19 46
26 36
19 44
21 26
6 28
32 39
24 47
5 38
1 30
19 24
30 49
2 10
3 15
21 23
2 40
3 44
2 3
2 16
8 21
5 49
2 25
3 43
10 16
8 20
28 42
34 48
8 34
10 40
12 20
8 24
1 46
3 28
17 23
13 29
17 28
24 36
7 14
13 21
0 6
1 29
0 3
14 43
20 47
17 24
33 43
3 5
18 37
14 24
6 29
23 42
8 29
37 39
7 38
0 33
7 8
13 28
0 34
2 47
5 20
14 44
33 44
22 24
23 48
15 42
22 47
20 46
17 40
13 42
27 41
5 19
36 43
28 45
30 38
4 41
17 26
7 48
14 34
13 48
5 31
14 46
16 17
39 42
36 47
34 38
12 14
18 26
8 23
36 44
26 38
46 49
22 25
15 39
19 30
11 41
3 13
0 32
21 34
12 48
3 39
24 29
0 29
0 7
7 19
6 39
2 41
15 21
29 37
44 49
6 8
25 27
9 28
17 37
40 49
16 49
12 38
24 40
3 32
4 25
17 33
9 17
24 26
14 26
43 49
1 25
8 27
0 9
22 40
3 20
18 35
2 29
17 39
8 12
16 22
15 48
3 31
19 34
16 24
8 36
0 20
30 31
17 45
5 40
5 14
17 48
7 21
17 21
8 38
18 29
31 44
3 33
36 46
5 16
8 32
11 25
29 31
12 19
0 24
40 44
6 21
3 6
3 18
17 20
24 27
5 33
33 47
39 45
23 28
26 35
3 25
2 38
20 30
