50 568 531.3379338989454 medium
0 765 99
1 434 8
2 99 68
3 170 661
4 390 753
5 347 638
6 208 940
7 810 563
8 289 214
9 377 925
10 94 834
11 651 659
12 405 814
13 864 759
14 977 765
15 58 248
16 178 163
17 756 689
18 61 495
19 48 738
20 512 217
21 46 823
22 460 695
23 135 760
24 487 26
25 135 276
26 278 719
27 316 333
28 725 208
29 379 259
30 106 284
31 246 643
32 541 757
33 165 928
34 881 873
35 954 790
36 379 604
37 236 1000
38 314 27
39 168 206
40 17 946
41 19 924
42 744 469
43 660 409
44 873 122
45 979 127
46 790 783
47 670 309
48 586 45
49 704 893
40 41
25 30
14 35
16 39
6 33
5 36
10 21
1 24
15 30
4 12
6 37
25 39
13 46
3 31
15 25
26 31
10 23
19 21
19 23
4 22
13 35
27 29
30 39
17 46
43 47
8 29
24 48
33 37
5 31
22 32
42 43
21 41
3 23
44 45
5 26
10 19
21 23
11 17
0 44
34 35
13 14
9 12
7 42
28 47
13 34
0 28
4 26
10 41
15 39
10 33
16 25
8 39
1 38
22 36
8 27
8 16
3 26
4 5
2 16
21 40
5 22
34 46
13 17
12 22
10 40
7 17
31 36
20 29
46 49
16 30
3 19
14 34
33 41
15 16
11 32
12 32
23 26
33 40
4 36
4 32
26 36
2 39
6 10
1 48
12 26
21 33
9 37
23 31
35 46
8 25
6 9
23 33
28 44
4 9
24 38
42 47
34 49
3 5
4 31
20 47
22 26
2 15
5 12
7 11
11 46
0 48
20 48
14 46
19 41
8 38
3 10
6 41
25 27
6 40
16 38
20 24
6 23
11 22
27 39
8 30
3 18
6 21
23 41
7 13
3 21
13 49
19 40
17 49
2 25
28 43
11 42
12 36
9 33
32 49
20 28
28 48
7 43
27 30
18 30
0 45
2 30
3 36
10 26
29 39
10 37
2 38
16 27
19 31
22 31
23 40
17 42
7 46
17 35
17 34
16 29
32 36
8 20
1 20
19 33
17 32
37 40
5 32
20 27
9 26
37 41
0 47
19 26
38 39
18 25
6 26
8 15
12 31
14 17
6 12
9 32
11 13
18 31
26 33
3 4
2 8
11 49
29 38
20 43
18 19
10 31
9 22
25 29
5 23
15 18
11 43
32 46
12 37
1 8
21 26
4 23
24 29
1 29
6 19
21 37
23 37
4 6
28 42
7 14
12 33
26 32
28 45
3 33
7 35
21 31
35 49
15 27
38 48
8 24
29 30
20 38
18 23
12 23
44 47
47 48
4 11
11 36
27 36
0 20
3 12
3 6
26 37
4 33
0 24
5 9
23 36
7 47
11 12
4 37
3 22
9 23
29 47
17 43
17 22
31 33
44 48
9 10
29 48
1 16
6 31
24 28
14 49
18 27
3 41
5 11
27 38
5 27
25 38
4 10
18 39
12 49
9 31
10 12
18 26
13 42
11 34
22 49
5 19
31 32
42 46
27 31
7 34
29 43
5 18
5 10
9 36
15 29
19 37
13 32
3 40
0 43
18 21
9 49
11 35
26 41
30 38
22 23
1 39
7 32
5 6
3 9
18 36
24 47
16 24
15 38
16 20
2 29
1 2
10 18
22 46
8 48
36 43
4 19
5 33
2 27
20 42
11 14
0 1
4 49
20 39
29 36
3 37
1 27
26 40
9 21
7 49
22 43
28 29
11 47
4 21
24 27
6 22
16 18
27 43
32 42
1 28
5 21
27 47
19 36
31 37
43 44
9 41
45 47
3 27
12 21
32 34
9 40
31 41
8 18
22 42
12 19
7 28
10 36
24 39
32 43
42 44
0 42
43 48
4 17
12 17
20 44
7 22
22 33
14 42
6 36
11 26
22 37
9 19
5 37
31 40
6 32
5 29
20 25
9 11
3 30
1 47
3 32
25 31
35 42
30 31
12 46
17 36
3 25
5 43
26 27
33 36
36 42
22 27
17 47
32 37
2 24
10 22
8 47
27 48
43 46
18 29
24 44
21 36
8 36
4 46
12 41
45 48
1 25
13 43
11 31
23 32
29 31
4 41
25 36
13 22
20 36
12 40
20 30
5 17
32 33
19 22
32 35
36 47
42 45
0 29
4 18
8 43
5 25
4 40
24 43
30 36
36 37
29 42
16 48
43 45
42 49
4 27
34 42
27 28
3 15
5 8
5 30
1 30
2 18
18 41
8 31
5 42
24 25
7 36
21 22
36 49
5 41
8 28
14 32
9 46
4 43
15 31
5 49
2 20
22 47
22 29
31 39
18 33
7 44
1 15
18 22
9 17
39 48
36 46
27 42
28 38
36 39
5 40
5 20
42 48
3 29
18 40
1 44
10 32
4 42
38 47
3 39
15 20
7 20
0 38
11 28
22 34
19 30
24 30
26 49
1 43
4 7
5 47
12 13
3 8
11 20
23 27
25 26
5 46
0 7
32 47
11 27
7 45
5 39
26 30
6 18
5 7
12 18
19 25
26 29
4 13
31 43
20 45
7 12
14 43
23 30
12 43
17 26
15 36
12 34
27 32
37 49
20 22
3 11
35 43
36 41
17 28
15 24
12 42
11 29
23 25
16 36
16 31
5 15
19 27
43 49
2 48
46 47
12 27
0 8
13 47
15 19
26 43
19 32
4 29
22 41
36 40
3 16
6 49
21 32
20 31
24 45
22 35
5 16
8 26
4 34
0 27
9 34
25 48
13 36
22 40
8 22
17 31
24 42
39 47
29 44
16 47
34 43
9 13
38 43
26 46
15 23
15 26
8 42
14 22
31 49
29 32
6 11
26 39
4 47
11 23
28 36
7 29
31 42
26 42
18 20
22 25
5 13
17 20
