50 237 280.2034974799565 medium
0 870 468
1 43 364
2 378 674
3 506 466
4 752 132
5 357 113
6 765 970
7 192 212
8 631 815
9 80 565
10 369 633
11 148 663
12 829 716
13 157 839
14 864 688
15 466 707
16 6 322
17 890 575
18 552 991
19 961 127
20 11 479
21 522 789
22 267 884
23 477 422
24 49 939
25 333 686
26 487 396
27 527 47
28 365 120
29 974 166
30 975 501
31 204 854
32 91 676
33 931 480
34 571 580
35 741 62
36 546 210
37 268 328
38 238 443
39 572 606
40 750 190
41 516 229
42 147 225
43 978 55
44 463 285
45 413 820
46 435 191
47 957 400
48 409 683
49 817 699
5 28
12 49
34 39
23 26
2 48
36 41
19 29
2 10
12 14
2 25
7 42
14 49
30 33
13 31
3 23
1 16
4 40
11 32
15 48
0 33
10 48
10 25
22 31
4 35
3 26
19 43
25 48
41 44
33 47
41 46
2 15
44 46
15 21
28 46
30 47
17 33
0 17
0 30
9 20
5 46
0 47
29 43
9 32
36 44
8 21
36 46
17 30
21 45
26 44
14 17
13 22
37 38
9 11
1 20
10 15
15 45
35 40
3 34
15 25
45 48
23 44
7 37
17 49
15 39
13 24
2 45
12 17
3 39
21 48
25 45
16 20
37 42
22 45
27 36
15 34
26 41
27 46
16 42
1 42
13 32
11 13
24 31
27 28
39 48
27 41
5 27
23 34
2 21
3 44
28 41
11 25
17 47
21 39
28 44
34 48
10 45
5 7
8 18
26 36
7 28
5 41
23 41
8 15
11 31
9 38
37 44
5 44
28 36
26 34
18 21
1 9
10 39
6 8
36 40
2 39
23 39
22 25
10 34
4 19
1 38
31 32
26 46
31 45
25 31
5 36
20 32
1 7
6 18
27 35
21 34
2 34
21 25
3 10
37 46
7 16
8 39
14 30
8 45
10 21
14 33
8 49
0 14
19 40
4 36
18 45
8 12
23 36
10 11
4 29
22 24
29 40
26 39
1 37
23 37
26 37
11 20
19 35
28 37
20 38
2 11
10 38
5 37
13 25
29 47
23 46
7 38
38 42
0 49
10 23
35 43
3 41
40 41
2 22
3 48
11 38
5 42
4 43
23 38
4 27
28 42
25 32
8 34
7 46
2 3
3 15
35 36
22 48
27 44
33 49
2 31
11 22
0 12
25 39
30 49
26 38
9 16
29 35
4 41
13 45
12 33
8 48
3 36
12 30
25 34
25 38
16 38
11 48
6 12
39 49
16 37
10 26
27 40
40 43
8 14
15 22
24 32
39 45
31 48
37 41
3 38
23 48
2 38
2 23
10 22
21 22
22 32
19 47
34 49
38 44
3 37
32 38
2 13
10 31
6 49
12 39
3 25
35 41
