50 372 362.92698990292797 medium
0 713 107
1 97 118
2 651 757
3 6 807
4 594 84
5 809 590
6 398 738
7 631 692
8 265 694
9 679 666
10 334 559
11 550 541
12 979 489
13 106 614
14 686 97
15 78 260
16 821 159
17 679 633
18 441 535
19 69 237
20 395 307
21 765 738
22 145 19
23 768 991
24 503 10
25 878 632
26 30 406
27 859 265
28 610 80
29 138 510
30 798 740
31 781 569
32 742 103
33 229 319
34 457 891
35 627 560
36 616 756
37 604 474
38 494 435
39 517 148
40 599 950
41 609 672
42 727 26
43 962 34
44 318 45
45 907 285
46 75 685
47 736 696
48 948 164
49 433 852
4 28
15 19
0 14
0 32
7 41
9 17
21 30
5 31
2 36
34 49
21 47
27 45
7 9
14 32
9 47
7 36
2 7
9 41
30 47
7 17
13 46
14 28
32 42
11 35
17 41
5 25
14 42
0 42
36 41
17 47
11 37
35 37
17 35
4 14
2 41
2 9
16 32
4 39
2 47
7 47
0 28
13 29
11 18
10 18
9 36
1 22
9 21
16 27
18 38
35 41
28 39
2 21
25 31
37 38
4 24
9 35
6 49
0 16
11 38
17 31
0 4
1 19
16 48
2 17
45 48
24 28
5 47
28 42
41 47
43 48
7 35
28 32
36 47
25 30
27 48
31 47
17 21
5 17
17 36
24 39
6 8
9 30
3 46
9 31
7 21
1 15
11 41
4 42
2 30
14 16
4 32
26 29
21 36
5 30
5 9
8 10
16 45
15 26
34 40
31 35
5 21
21 25
25 47
11 17
17 30
20 38
15 33
16 42
6 34
20 33
21 41
21 31
7 11
30 31
19 26
7 30
23 40
18 37
35 47
22 44
12 25
17 37
14 39
8 13
9 11
19 33
35 38
30 36
5 35
29 46
18 35
24 44
16 43
6 10
8 46
40 49
7 31
36 40
35 36
5 12
37 41
2 35
17 25
27 32
2 40
0 39
20 39
31 41
30 41
31 37
9 25
10 29
10 38
14 24
5 7
9 37
36 49
6 18
34 36
29 33
12 31
32 48
0 27
5 41
12 45
10 11
18 41
26 33
3 13
6 36
7 37
6 41
13 26
8 29
39 44
24 42
11 36
21 35
16 28
2 31
32 39
2 5
32 43
8 49
19 22
0 24
18 20
11 31
1 44
10 13
42 43
5 37
2 34
8 18
6 7
2 49
2 11
4 16
1 33
14 27
0 48
11 47
39 42
32 45
7 18
30 35
6 11
31 36
15 22
41 49
23 30
27 43
21 23
2 6
12 27
7 25
7 49
5 36
24 32
43 45
15 29
17 18
37 47
2 25
10 20
0 43
7 40
42 48
25 35
2 23
10 33
0 45
38 41
5 11
7 34
34 41
20 37
21 40
14 48
17 38
9 18
25 41
27 42
20 44
8 34
40 41
4 44
23 36
11 20
19 29
18 36
36 37
3 8
26 46
10 37
14 43
2 37
38 39
10 46
33 44
40 47
33 38
30 40
25 36
6 35
6 9
14 45
7 38
11 21
6 40
10 35
28 44
9 40
1 26
9 38
23 47
10 41
4 20
6 17
18 33
18 29
16 39
2 18
9 49
21 37
10 49
12 30
27 28
31 45
22 33
20 28
27 31
19 44
42 45
20 24
9 34
25 37
31 38
18 49
6 13
6 38
11 30
12 47
13 33
5 45
15 20
4 27
15 44
8 11
3 29
7 10
12 48
23 34
17 40
6 46
20 29
12 21
5 27
7 23
30 37
17 49
27 37
11 49
12 17
19 20
6 37
33 39
18 47
9 23
37 39
10 26
17 34
11 25
34 47
6 47
47 49
18 31
20 35
36 38
21 34
10 36
13 18
8 41
8 38
6 29
25 45
28 48
9 12
35 49
21 49
5 38
16 24
10 17
1 20
10 34
28 43
13 15
38 47
18 34
23 41
8 36
37 45
22 24
2 38
14 20
12 35
28 45
9 10
27 39
11 34
23 49
4 48
