50 349 363.4350010662154 medium
0 184 326
1 506 91
2 238 919
3 887 974
4 537 945
5 453 32
6 528 996
7 497 230
8 514 234
9 533 335
10 781 551
11 509 255
12 803 274
13 420 593
14 795 38
15 101 58
16 969 776
17 453 527
18 671 361
19 924 419
20 518 995
21 320 401
22 356 444
23 843 263
24 718 140
25 303 467
26 483 892
27 254 41
28 573 804
29 535 758
30 905 220
31 139 335
32 984 748
33 967 956
34 469 944
35 233 150
36 361 404
37 891 128
38 319 361
39 400 58
40 54 96
41 117 741
42 597 56
43 250 725
44 821 923
45 231 968
46 211 711
47 324 32
48 976 414
49 325 579
6 20
7 8
8 11
7 11
16 32
21 38
22 36
21 36
43 46
12 23
0 31
2 45
4 6
19 48
4 20
26 34
21 22
22 25
5 39
28 29
36 38
15 40
4 34
21 25
27 47
20 34
13 17
23 30
4 26
6 34
1 5
39 47
3 33
3 44
9 11
25 36
22 38
30 37
13 49
1 42
41 46
8 9
25 38
20 26
7 9
27 35
1 39
6 26
25 49
12 30
26 28
17 22
14 24
5 47
14 37
41 43
17 49
22 49
1 7
0 38
9 18
1 8
23 37
26 29
4 28
5 42
27 39
24 42
35 47
33 44
17 36
15 27
0 21
12 18
12 24
15 35
17 25
13 22
1 11
43 49
12 37
13 25
24 37
28 34
46 49
23 24
19 23
21 49
36 49
16 33
31 38
0 35
17 21
0 25
9 36
35 40
4 29
12 19
35 39
1 47
21 31
0 36
11 18
2 43
10 19
8 42
39 42
6 28
29 34
7 39
18 23
13 36
20 28
14 42
5 27
19 30
7 42
13 29
23 48
8 18
5 7
24 30
30 48
27 40
31 35
9 22
9 17
0 22
16 44
32 33
8 39
2 46
11 36
25 31
5 8
14 30
17 38
3 16
13 43
2 41
9 38
13 21
11 38
1 24
11 42
7 18
38 49
10 18
7 36
7 38
12 48
9 21
15 47
8 24
11 39
18 24
35 38
8 36
5 11
14 23
2 34
31 36
8 38
12 14
20 29
6 29
10 48
11 24
7 24
11 21
32 44
34 45
13 46
22 31
11 22
43 45
17 29
1 9
3 32
7 21
2 26
5 35
13 38
31 40
41 45
8 21
7 22
1 27
45 46
18 19
13 28
25 46
8 22
7 47
26 45
25 43
41 49
0 40
9 25
21 35
9 24
18 30
17 18
42 47
28 44
7 35
29 49
9 12
8 47
40 47
11 17
10 12
1 35
15 31
0 15
9 13
10 32
17 43
35 36
4 44
5 24
9 42
26 43
29 43
20 45
0 49
11 47
2 20
8 12
19 37
10 16
8 35
0 27
1 14
10 23
11 12
11 35
11 25
6 45
37 48
15 39
8 17
12 42
2 6
2 4
7 17
22 43
17 28
6 44
37 42
22 46
17 46
13 26
7 25
31 49
4 45
9 39
7 27
7 12
18 48
34 43
20 44
18 36
5 9
38 39
18 42
8 25
27 31
1 18
9 23
22 35
18 37
9 49
10 29
23 42
8 27
25 35
0 47
18 22
27 38
26 46
0 7
29 46
10 28
24 39
1 38
21 46
9 10
10 17
38 47
29 44
8 23
25 41
21 43
28 43
0 11
11 27
11 23
32 48
19 32
28 49
0 17
13 41
2 29
26 44
36 43
36 46
13 18
5 14
0 8
8 14
27 42
0 39
1 36
14 18
19 24
7 23
34 46
39 40
36 39
1 12
30 42
0 9
11 13
26 49
2 49
3 4
18 38
21 39
9 35
34 44
5 15
18 21
10 30
2 28
13 34
7 14
31 47
5 38
0 13
3 28
11 14
3 6
16 19
22 29
1 21
4 43
16 48
10 13
