50 419 441.94682938109196 medium
0 720 79
1 989 991
2 15 764
3 881 773
4 741 483
5 706 736
6 92 249
7 445 976
8 781 199
9 685 48
10 503 179
11 216 808
12 9 886
13 266 416
14 912 93
15 747 652
16 680 106
17 270 431
18 552 751
19 167 140
20 279 62
21 892 13
22 208 204
23 127 232
24 416 717
25 444 612
26 522 515
27 891 195
28 670 585
29 25 74
30 175 98
31 817 458
32 227 249
33 77 527
34 800 619
35 192 995
36 315 952
37 654 295
38 19 622
39 904 815
40 304 17
41 671 17
42 164 5
43 933 59
44 22 261
45 742 707
46 559 198
47 536 309
48 794 315
49 33 932
13 17
9 41
6 23
14 43
19 30
5 45
0 9
3 39
0 16
22 32
20 40
12 49
15 45
9 16
10 46
21 43
15 34
6 44
19 22
0 41
4 31
14 21
22 23
16 41
5 15
30 42
19 23
23 32
15 28
14 27
34 45
24 25
23 44
20 30
8 27
22 30
33 38
46 47
8 48
37 47
2 12
4 28
6 22
19 32
25 26
20 42
35 36
7 36
6 19
10 47
28 34
0 8
6 32
19 42
37 46
19 20
8 16
18 24
40 42
37 48
28 45
2 38
23 30
27 43
31 48
4 34
5 34
29 30
16 46
30 40
3 45
27 48
5 18
29 42
5 28
19 29
20 22
8 37
30 32
31 34
26 28
8 14
2 49
4 15
35 49
13 32
6 30
3 34
11 36
18 25
4 48
3 5
8 9
3 15
21 27
19 40
0 21
17 32
29 44
6 29
23 29
11 35
19 44
10 37
16 37
10 16
0 14
20 32
28 31
22 44
39 45
18 45
1 39
9 46
0 46
18 28
22 42
32 44
2 11
15 31
26 47
0 27
8 43
4 37
9 21
22 40
8 41
41 46
12 35
5 39
0 43
17 33
8 21
15 18
13 33
11 24
13 22
21 41
11 49
11 12
4 26
34 39
8 46
30 44
4 45
9 10
22 29
0 37
15 39
25 28
20 23
24 26
16 27
23 42
31 37
13 23
9 14
16 21
14 16
10 41
17 22
18 26
16 48
0 10
6 13
1 3
32 40
2 33
17 23
0 48
9 43
16 47
9 37
7 18
17 25
14 48
32 42
14 41
10 20
9 27
7 35
20 29
6 42
6 17
4 5
24 36
26 37
10 40
27 37
16 43
47 48
31 45
7 24
8 31
46 48
15 26
12 38
6 20
13 25
41 43
17 26
29 32
8 47
4 47
11 38
33 44
27 31
13 26
6 33
23 40
37 41
8 10
18 34
3 28
36 49
27 41
7 11
10 32
29 40
24 28
4 8
5 26
9 48
13 44
5 25
13 47
28 37
5 24
2 35
43 48
26 45
17 47
42 44
13 19
0 47
10 22
26 34
28 48
23 33
5 31
26 31
9 47
11 25
17 44
34 48
15 25
28 47
17 19
38 49
18 36
20 46
40 46
25 45
12 36
11 33
6 40
32 47
17 38
32 33
25 47
21 48
31 47
26 46
17 24
10 48
3 31
13 38
41 47
3 4
41 48
4 25
4 27
20 44
24 45
14 37
4 18
28 39
3 18
13 30
27 46
10 13
32 46
13 24
10 26
15 24
26 48
10 30
4 46
10 19
15 48
11 18
10 17
22 47
17 30
22 33
22 46
2 36
13 20
5 7
34 37
25 34
20 47
24 35
18 39
38 44
25 36
7 25
13 46
12 33
37 43
31 46
40 41
31 39
14 46
15 37
21 37
17 20
4 39
17 46
27 47
40 44
40 47
1 45
25 33
14 31
16 31
10 23
6 38
25 37
11 17
1 5
21 46
10 42
4 16
9 40
4 10
16 40
10 27
24 33
0 31
20 41
18 31
11 13
45 48
19 46
24 34
30 46
26 32
19 33
43 46
4 24
7 45
13 40
8 28
28 46
15 47
16 20
25 31
2 24
0 4
23 38
19 47
9 20
13 37
34 47
17 37
33 49
24 38
8 26
35 38
7 49
17 40
31 43
23 47
1 15
6 10
1 34
10 14
30 47
13 29
2 17
10 31
8 34
0 40
37 45
25 32
10 21
13 42
11 26
25 38
24 47
4 14
17 18
32 38
17 28
2 13
32 37
25 46
5 48
9 31
17 29
23 46
14 47
27 34
18 35
10 25
13 28
16 26
4 9
17 42
10 28
24 49
42 46
30 33
13 18
12 24
0 20
20 37
22 26
