50 489 422.7114855312072 medium
0 304 404
1 56 264
2 760 575
3 57 352
4 715 530
5 202 280
6 881 574
7 885 471
8 138 404
9 804 892
10 87 128
11 940 720
12 358 553
13 605 268
14 876 947
15 368 220
16 270 178
17 395 397
18 747 981
19 118 91
20 602 581
21 54 164
22 316 892
23 617 740
24 21 594
25 329 430
26 908 551
27 62 771
28 352 65
29 806 925
30 561 186
31 561 772
32 445 932
33 515 489
34 152 868
35 69 234
36 591 744
37 767 28
38 880 490
39 692 540
40 835 542
41 934 144
42 589 928
43 789 826
44 344 414
45 89 246
46 325 174
47 131 136
48 894 650
49 490 284
7 38
25 44
35 45
4 39
23 36
1 35
9 29
6 26
0 25
1 45
31 36
0 44
10 47
19 47
10 19
10 21
17 44
16 46
6 40
15 46
2 4
23 31
26 38
9 43
38 40
21 35
14 29
26 40
17 25
2 39
6 48
18 29
21 47
2 40
7 26
11 48
6 38
7 40
1 3
21 45
9 14
0 17
13 30
3 8
19 21
20 39
26 48
1 21
29 43
6 7
9 18
15 16
10 35
3 45
28 46
35 47
13 49
45 47
5 45
10 45
3 35
4 40
2 6
30 49
5 16
40 48
4 20
12 25
20 33
27 34
14 18
22 32
15 49
1 10
5 8
16 28
12 44
5 35
39 40
32 42
16 47
1 5
2 38
17 49
1 47
14 43
2 26
19 35
17 33
2 48
15 28
6 11
19 45
2 20
0 12
31 42
20 23
12 17
5 47
0 5
18 43
38 48
3 5
1 8
5 46
2 7
20 36
8 45
22 34
0 8
18 42
12 33
4 38
4 6
11 26
16 19
5 15
15 17
7 48
4 7
24 27
8 35
1 19
36 42
33 39
11 43
33 44
3 21
5 21
10 16
23 42
5 10
6 39
23 43
8 25
16 45
4 26
38 39
0 15
25 33
5 44
20 31
15 44
44 49
15 30
5 25
31 32
46 47
46 49
37 41
4 33
43 48
7 39
8 44
33 49
11 40
5 19
16 35
15 25
23 39
36 43
4 48
26 39
16 21
29 42
25 49
9 42
2 23
9 11
0 49
19 46
8 24
42 43
5 17
3 10
0 33
36 39
3 47
0 16
39 48
1 16
0 46
2 11
4 23
28 47
17 46
31 43
19 28
11 14
20 40
30 46
11 38
32 36
13 33
2 36
44 46
9 23
28 30
13 15
10 46
16 49
3 24
11 29
12 20
13 17
45 46
4 36
16 44
15 47
16 17
0 3
2 43
8 21
7 11
25 46
8 17
23 32
9 48
16 25
28 49
9 36
30 37
2 33
8 16
5 28
35 46
23 29
8 12
33 36
31 39
0 45
3 19
8 47
6 43
17 30
23 33
9 31
21 46
10 28
22 31
18 23
3 16
22 42
17 20
6 20
18 31
2 31
15 45
8 10
29 36
15 19
22 27
3 25
1 46
18 36
4 13
0 1
13 39
31 33
4 31
14 42
40 43
5 49
29 48
29 31
13 37
0 35
16 30
23 48
20 38
3 44
4 11
23 40
8 15
13 46
10 15
8 46
14 48
12 31
13 44
15 35
12 49
26 43
32 34
20 48
12 36
39 43
25 45
7 20
24 34
4 43
44 45
18 32
11 39
30 33
15 33
20 44
20 26
20 43
6 23
20 25
22 36
13 20
8 19
21 28
5 12
30 44
1 15
36 40
36 48
20 49
15 21
0 47
28 45
12 23
1 25
13 25
2 9
3 46
11 23
33 40
13 28
11 18
1 44
25 35
39 49
6 9
35 44
28 35
17 39
0 13
7 41
14 23
1 24
12 15
4 49
12 39
17 28
6 36
25 30
0 30
22 23
3 15
12 24
0 24
3 17
17 45
12 22
0 28
2 13
7 13
4 17
0 21
0 20
13 16
23 26
20 42
38 43
24 25
28 44
11 36
14 36
38 41
44 47
0 10
9 40
13 41
2 29
13 38
25 47
24 45
31 48
9 26
1 28
13 40
31 40
4 12
6 29
32 43
14 31
29 32
9 32
3 12
18 48
5 24
23 38
24 35
0 19
1 17
17 35
33 38
11 20
25 28
12 27
7 43
33 46
9 39
24 44
39 44
7 33
9 20
5 30
26 36
17 47
8 49
4 9
6 14
8 27
30 41
6 33
6 31
5 33
12 34
4 30
12 13
37 49
30 39
25 39
7 23
12 46
11 31
21 25
21 44
29 40
10 44
20 32
36 38
12 16
8 33
10 25
26 29
47 49
4 44
12 32
2 14
2 42
19 44
16 33
2 49
20 30
14 26
26 33
17 36
4 25
19 25
20 29
8 28
7 36
39 42
29 39
2 12
45 49
5 13
4 29
2 17
2 18
14 40
26 41
11 42
12 45
17 23
10 17
25 36
9 38
17 31
40 41
0 39
26 31
3 28
33 48
6 13
36 44
42 48
17 19
17 21
25 31
13 26
27 32
28 37
4 42
1 12
31 44
3 27
19 49
22 24
12 30
31 34
20 22
17 24
