50 221 252.54900514553606 medium
0 856 337
1 247 828
2 796 255
3 916 691
4 569 414
5 623 340
6 665 810
7 548 256
8 303 410
9 291 838
10 671 996
11 33 855
12 335 133
13 726 713
14 722 920
15 43 843
16 673 825
17 864 829
18 56 195
19 217 518
20 205 473
21 367 690
22 236 693
23 899 201
24 90 584
25 447 434
26 510 133
27 249 607
28 250 325
29 858 503
30 324 227
31 718 189
32 919 408
33 120 751
34 260 903
35 378 522
36 786 792
37 726 669
38 722 412
39 680 467
40 6 152
41 326 514
42 242 915
43 660 514
44 404 88
45 485 610
46 92 419
47 302 627
48 49 446
49 418 834
11 15
6 16
34 42
13 37
1 9
19 20
46 48
39 43
35 41
27 47
18 40
38 39
9 34
1 34
12 44
17 36
22 27
1 42
21 47
9 42
10 14
4 5
22 47
19 27
12 30
0 32
13 36
8 28
0 2
2 31
8 41
14 16
19 41
25 35
5 7
29 32
6 13
26 44
41 47
2 23
8 20
16 36
38 43
15 33
27 41
6 36
5 38
28 30
4 39
4 25
6 14
13 16
20 46
9 49
20 41
7 26
35 47
22 33
21 22
8 35
4 43
1 22
11 33
36 37
8 19
19 47
35 45
5 39
20 27
21 45
0 23
14 36
19 24
24 48
21 27
25 41
8 25
3 17
1 33
21 49
4 38
0 38
6 37
27 35
20 28
9 22
20 48
4 7
19 46
20 24
30 44
24 27
19 35
29 38
3 36
16 37
24 46
0 29
9 21
21 35
37 43
14 17
24 33
10 16
1 49
34 49
2 38
12 26
19 22
5 43
5 31
20 35
25 45
13 17
21 41
23 31
29 39
20 47
22 24
7 31
19 48
1 21
45 47
28 46
8 30
41 45
6 10
16 17
3 13
3 37
9 33
2 5
27 33
42 49
19 28
2 32
3 29
32 38
29 43
5 25
43 45
6 17
22 41
0 31
28 41
8 27
33 42
1 15
7 25
33 34
13 14
37 39
23 32
1 47
26 30
13 43
12 28
8 46
9 47
17 37
22 34
15 42
29 37
4 45
26 31
1 11
24 47
8 47
11 42
0 39
4 35
33 47
1 27
7 44
22 42
20 22
22 35
31 38
15 34
25 28
7 30
18 46
25 43
19 21
22 49
11 34
0 5
18 28
7 38
45 49
10 36
28 48
9 27
28 35
25 39
5 26
27 45
47 49
21 34
25 30
25 47
2 39
39 45
15 22
19 25
27 46
20 25
7 12
24 41
32 39
2 7
13 29
9 15
37 45
6 49
7 39
13 39
14 37
18 48
19 33
41 46
