50 211 272.01654361453825 medium
0 112 41
1 748 953
2 618 21
3 199 642
4 196 146
5 514 125
6 40 244
7 928 995
8 318 421
9 966 259
10 50 92
11 801 413
12 26 364
13 530 471
14 846 754
15 593 360
16 647 142
17 570 426
18 814 764
19 725 745
20 208 928
21 153 775
22 620 902
23 484 265
24 923 327
25 546 117
26 433 801
27 150 569
28 247 73
29 113 343
30 70 726
31 358 499
32 940 133
33 417 96
34 199 849
35 775 517
36 129 462
37 211 781
38 846 82
39 534 433
40 274 300
41 735 359
42 500 816
43 373 94
44 225 962
45 373 213
46 180 667
47 691 313
48 134 842
49 209 50
3 46
5 25
14 18
17 39
20 44
13 39
33 43
28 49
21 37
13 17
41 47
34 48
26 42
34 37
21 48
15 17
20 34
0 10
9 24
11 41
21 34
8 31
3 27
4 28
12 29
18 19
15 39
21 30
4 49
0 49
37 48
5 33
27 46
16 25
32 38
11 35
15 47
27 36
21 46
20 48
34 44
37 46
43 45
2 25
29 36
6 12
14 19
23 45
6 29
2 16
30 46
33 45
13 15
28 43
9 32
8 40
25 33
40 45
30 48
5 16
0 4
1 22
0 28
3 37
3 21
15 41
12 36
5 23
5 43
15 23
20 37
2 5
22 42
11 47
11 24
44 48
30 37
6 10
3 30
4 10
23 25
20 21
35 41
10 49
17 47
5 45
29 40
43 49
28 33
4 40
13 31
25 43
23 39
27 30
16 47
17 41
30 34
46 48
37 44
23 33
17 23
34 46
4 6
4 43
1 7
31 39
28 45
19 22
4 45
24 41
3 36
8 36
24 32
39 47
25 45
10 28
1 18
21 44
23 43
16 23
21 27
3 34
16 38
1 19
3 48
13 23
36 46
23 47
22 26
23 40
33 49
4 29
9 38
3 31
39 41
2 33
11 15
8 45
0 6
31 40
8 39
36 40
8 13
8 29
27 31
27 37
35 47
1 14
26 37
8 27
17 31
17 35
15 16
13 47
9 11
4 33
8 23
40 43
28 40
27 29
45 49
11 17
31 36
24 47
19 35
13 41
16 41
16 33
6 36
19 42
2 38
18 22
26 34
12 27
15 35
6 40
24 35
25 47
20 30
31 46
14 35
15 25
5 15
33 40
13 35
18 35
3 8
9 41
8 17
7 14
35 39
2 43
12 40
24 38
6 49
7 18
5 47
40 49
20 26
10 29
20 46
26 44
15 45
23 31
0 43
11 39
23 41
6 28
14 22
30 36
5 28
