50 215 265.5484889808262 medium
0 843 527
1 804 555
2 939 337
3 294 61
4 588 653
5 668 782
6 617 794
7 635 722
8 4 659
9 258 951
10 204 691
11 923 828
12 171 17
13 558 270
14 266 885
15 822 75
16 428 337
17 533 197
18 953 586
19 577 955
20 439 788
21 630 100
22 363 565
23 11 352
24 285 750
25 155 820
26 973 71
27 352 809
28 773 892
29 179 840
30 950 950
31 950 163
32 163 270
33 262 538
34 182 828
35 123 548
36 513 719
37 59 849
38 193 197
39 147 741
40 903 745
41 481 651
42 581 454
43 869 157
44 835 653
45 874 916
46 335 683
47 57 816
48 122 144
49 168 212
29 34
25 34
38 49
25 29
37 47
0 1
5 6
32 49
9 14
5 7
6 7
36 41
10 39
13 17
32 38
25 39
31 43
48 49
30 45
4 7
24 46
11 40
38 48
24 27
20 27
34 39
15 43
26 31
14 29
25 47
4 36
10 24
25 37
11 45
20 36
14 34
1 44
28 45
29 39
22 33
4 41
40 44
14 27
39 47
29 37
22 46
7 36
29 47
34 37
0 18
11 30
34 47
0 44
27 46
6 36
14 25
24 34
3 12
10 46
32 48
26 43
18 44
12 48
9 29
14 24
17 21
10 25
24 39
10 34
24 29
37 39
33 35
20 41
4 6
9 34
22 41
13 16
24 25
20 46
41 46
15 26
10 29
4 5
5 28
1 18
15 31
20 24
33 46
8 35
11 28
10 33
10 35
8 39
8 47
6 19
9 25
18 40
5 36
3 38
7 41
9 27
27 34
23 32
40 45
2 31
16 17
27 29
6 20
12 38
36 46
6 28
27 36
13 21
13 42
28 30
14 39
10 27
3 48
16 42
10 47
2 43
15 21
35 39
12 49
5 19
11 44
28 40
3 49
39 46
25 27
6 41
8 37
14 20
4 42
22 24
4 20
8 10
9 24
10 22
10 14
27 41
19 28
7 20
14 37
30 40
23 49
34 46
5 44
7 44
0 2
24 33
14 46
1 40
10 37
22 36
27 39
19 20
7 28
24 41
14 47
8 25
41 42
29 46
9 37
23 35
0 40
25 46
5 41
5 20
24 36
33 39
20 22
23 48
16 22
1 4
24 47
9 39
1 7
5 40
23 38
7 19
22 35
4 22
9 47
9 20
11 18
22 27
19 36
22 42
1 42
8 34
21 43
5 45
33 41
3 32
24 37
28 44
4 44
2 18
35 46
8 29
12 32
10 20
4 46
1 2
24 35
5 11
6 44
20 34
16 33
17 42
1 5
20 29
6 27
9 10
