50 399 420.6399885888169 medium
0 704 422
1 65 322
2 279 952
3 76 415
4 603 452
5 29 752
6 734 174
7 900 367
8 88 887
9 525 42
10 384 974
11 884 857
12 567 724
13 60 730
14 471 112
15 882 303
16 362 609
17 200 498
18 29 738
19 311 182
20 476 58
21 908 991
22 357 259
23 732 89
24 758 647
25 533 209
26 217 897
27 851 327
28 923 336
29 657 4
30 628 5
31 580 11
32 656 660
33 792 667
34 47 520
35 923 881
36 75 711
37 934 100
38 465 823
39 569 82
40 556 495
41 95 540
42 430 103
43 852 960
44 125 956
45 964 20
46 392 976
47 567 624
48 420 53
49 218 758
10 46
5 18
13 36
29 30
13 18
5 13
7 28
15 27
24 33
14 42
11 35
30 31
42 48
9 20
34 41
15 28
18 36
14 20
20 48
9 39
5 36
9 31
7 27
4 40
21 43
20 42
7 15
31 39
27 28
29 31
14 48
8 44
2 26
6 23
37 45
9 14
19 22
1 3
32 47
20 39
30 39
12 47
14 39
24 32
0 4
9 48
35 43
2 10
11 43
3 34
26 44
9 30
12 32
21 35
9 42
17 41
23 29
20 31
14 25
2 46
29 39
3 41
8 26
40 47
25 39
23 30
11 21
32 33
9 29
26 49
39 42
12 38
19 42
5 8
25 42
14 31
3 17
36 49
39 48
2 44
17 34
8 13
8 18
13 49
20 30
20 25
23 39
0 40
31 48
9 25
19 48
38 46
23 31
10 38
36 41
22 42
14 19
0 27
4 47
31 42
8 36
22 25
8 49
10 26
14 22
6 29
20 29
6 39
5 49
14 30
18 49
26 46
24 47
6 27
25 48
32 40
34 36
13 41
6 15
16 17
1 34
6 30
2 8
23 37
2 49
25 31
0 7
6 25
16 47
12 24
19 20
16 49
18 41
15 37
13 34
11 33
9 23
6 37
30 48
0 15
4 32
14 29
22 48
18 34
44 49
1 41
30 42
1 17
5 41
38 47
19 25
6 31
16 40
25 30
5 44
2 38
33 47
13 26
12 40
0 24
12 33
23 25
5 34
20 22
26 36
12 16
13 44
0 28
28 37
5 26
16 38
18 44
25 29
27 37
29 48
23 45
0 32
0 47
11 24
18 26
17 36
6 9
29 42
6 28
4 24
0 6
36 44
41 49
33 35
32 38
24 40
4 25
6 7
38 49
9 19
20 23
26 38
10 44
0 33
17 49
15 23
14 23
23 27
44 46
7 37
6 14
13 17
10 49
0 25
4 12
9 22
16 41
22 39
19 39
6 45
4 27
46 49
6 20
1 19
17 22
4 33
24 35
25 40
4 16
33 40
34 49
29 37
15 45
17 18
3 36
16 32
1 22
33 43
11 32
23 42
16 36
5 17
12 46
4 6
29 45
8 10
22 40
4 7
10 12
2 13
6 42
23 28
4 22
7 24
23 48
3 13
2 36
4 15
8 46
28 45
19 31
7 33
2 5
30 37
3 22
16 26
7 23
13 16
3 18
24 43
27 45
16 34
2 18
3 19
0 12
24 27
22 31
0 23
17 19
30 45
6 48
25 27
27 40
3 5
4 28
38 40
24 38
11 12
21 33
27 33
3 16
32 35
8 41
16 22
12 49
24 28
7 45
2 16
28 33
17 40
16 18
32 43
15 25
33 38
5 16
19 30
4 14
31 37
38 44
37 39
10 16
15 24
0 39
7 40
6 40
2 12
16 46
8 34
12 43
3 49
22 30
4 39
27 39
47 49
15 29
15 33
21 24
27 29
26 41
15 40
7 32
8 38
15 39
0 22
31 45
22 41
4 23
27 32
6 22
0 14
17 47
12 35
19 29
1 36
4 42
0 16
8 16
12 26
15 30
27 30
14 40
46 47
11 47
22 29
10 47
0 37
4 38
19 40
4 19
16 24
17 26
7 25
39 45
28 40
8 17
22 34
10 13
4 17
36 38
10 36
1 13
25 28
38 43
27 47
22 23
40 42
32 46
1 16
9 37
36 46
39 40
13 46
26 34
4 20
10 32
13 38
25 37
21 32
27 31
25 47
41 44
4 9
1 18
19 41
5 10
17 38
28 32
0 9
15 31
16 44
11 38
0 42
0 29
7 47
