50 234 301.4979270243827 medium
0 539 674
1 391 76
2 660 233
3 299 475
4 942 899
5 59 133
6 872 448
7 982 869
8 743 110
9 807 260
10 277 844
11 191 860
12 409 256
13 67 152
14 293 917
15 103 69
16 978 999
17 815 151
18 623 278
19 333 785
20 193 847
21 506 578
22 449 485
23 977 595
24 778 947
25 424 782
26 896 234
27 503 765
28 123 129
29 557 889
30 399 808
31 928 561
32 191 655
33 562 436
34 929 330
35 875 53
36 406 377
37 17 218
38 615 995
39 307 283
40 223 94
41 132 235
42 499 983
43 462 68
44 853 160
45 940 781
46 814 910
47 496 124
48 426 985
49 731 902
11 20
5 13
25 30
17 44
4 7
24 46
2 18
23 31
13 28
15 28
5 28
24 49
43 47
19 30
1 43
42 48
10 14
5 15
25 27
10 19
13 37
8 17
46 49
10 20
26 44
10 11
13 15
19 25
9 26
5 37
7 45
0 27
0 21
26 34
13 41
12 39
28 40
4 16
28 41
21 22
35 44
9 17
9 44
29 42
27 30
17 35
1 47
17 26
22 36
37 41
38 42
11 14
4 45
29 38
8 44
12 36
14 20
15 40
22 33
5 41
6 31
10 30
4 46
7 16
6 34
27 29
36 39
14 19
28 37
9 34
8 35
3 36
2 8
38 49
14 48
2 9
3 22
14 30
21 33
19 20
0 25
12 47
10 25
11 19
29 48
8 9
13 40
33 36
40 41
15 41
5 40
1 40
18 33
24 38
25 29
4 24
19 27
15 37
7 46
29 49
2 17
29 30
30 48
45 46
6 23
1 12
39 41
26 35
9 18
34 44
16 46
21 27
14 25
38 48
23 45
20 32
3 39
19 32
0 30
12 43
2 47
8 26
6 9
18 47
30 42
25 48
11 32
10 48
2 44
8 18
16 24
39 40
10 32
0 22
20 30
3 32
4 49
17 34
11 30
25 42
12 18
6 26
0 29
14 42
38 46
9 35
27 42
7 24
21 25
31 45
19 48
16 45
1 39
21 36
2 33
24 29
17 18
31 34
3 21
24 45
12 22
27 48
0 19
2 26
12 33
18 36
0 33
10 27
28 39
20 25
40 43
37 40
45 49
3 12
11 25
42 49
12 40
22 39
19 29
39 47
8 47
2 12
7 49
21 30
27 38
2 43
29 46
30 32
19 42
18 44
14 27
10 42
18 43
39 43
25 32
16 49
14 29
3 33
27 49
11 48
36 47
23 34
19 21
18 22
20 48
1 28
13 39
7 23
40 47
18 26
12 41
2 35
14 32
24 42
34 35
10 29
8 43
22 27
30 38
2 34
25 38
1 15
8 34
6 44
5 39
2 36
3 41
15 39
37 39
33 39
22 25
0 49
1 36
6 18
