50 271 313.12936623702353 medium
0 395 966
1 608 334
2 598 843
3 347 349
4 783 564
5 74 239
6 228 311
7 134 448
8 887 502
9 737 138
10 749 19
11 689 189
12 324 622
13 801 129
14 564 548
15 337 87
16 982 15
17 108 217
18 192 25
19 559 160
20 804 175
21 898 681
22 509 957
23 984 825
24 89 596
25 357 707
26 786 708
27 968 767
28 219 600
29 150 254
30 913 721
31 261 557
32 25 342
33 136 603
34 144 916
35 590 681
36 646 301
37 443 195
38 485 933
39 411 27
40 554 781
41 485 851
42 175 658
43 197 170
44 523 690
45 643 295
46 731 568
47 254 788
48 254 360
49 993 441
36 45
22 38
5 17
21 30
13 20
24 33
1 36
4 46
1 45
6 48
17 29
28 31
23 27
9 13
33 42
35 44
9 11
27 30
28 42
2 40
9 20
5 29
38 41
28 33
12 31
12 25
3 48
15 39
0 38
40 44
29 43
6 29
40 41
17 43
24 42
35 40
12 28
22 41
21 27
2 41
5 32
0 22
21 26
11 45
11 20
9 10
11 36
4 8
19 37
10 13
8 49
3 6
23 30
11 13
26 30
24 28
25 47
31 42
11 19
31 33
14 35
5 43
4 26
6 43
2 38
2 22
18 43
0 41
14 44
29 48
7 48
17 32
26 46
15 37
7 32
42 47
6 17
29 32
12 42
7 24
7 33
15 18
19 45
2 35
15 43
4 21
10 20
41 44
19 36
1 11
6 7
25 44
38 40
7 31
21 23
14 46
34 47
8 46
5 6
2 44
37 39
7 28
25 28
24 31
25 31
8 21
9 19
12 47
10 11
35 46
1 19
3 37
22 40
9 45
9 36
25 42
12 33
28 47
26 27
25 41
7 29
31 48
26 35
43 48
19 39
35 41
20 45
21 46
20 36
4 30
17 48
6 32
17 18
12 44
25 40
13 16
7 42
1 37
5 48
5 7
1 14
3 29
18 39
33 47
4 14
8 30
37 45
3 31
4 35
0 47
36 37
13 45
8 26
32 48
23 26
31 47
2 26
13 36
7 17
18 29
10 16
14 40
3 43
15 19
25 35
1 9
3 7
12 24
10 19
0 2
30 46
16 20
41 47
44 46
28 48
26 40
32 43
4 49
0 40
13 19
25 33
6 37
5 18
19 20
38 44
11 37
37 43
6 31
6 15
15 29
37 48
12 14
1 20
24 47
0 34
39 43
7 12
21 49
25 38
34 42
14 36
14 25
1 3
0 25
24 32
3 15
15 17
26 44
1 46
14 45
22 44
33 48
12 48
12 35
38 47
35 38
3 17
14 26
3 12
9 16
4 27
2 25
40 46
8 27
12 40
12 41
36 46
1 13
3 28
32 33
3 19
7 43
15 48
44 47
45 46
22 35
24 48
6 18
4 44
1 4
6 28
24 25
46 49
30 49
22 25
31 44
3 5
3 14
10 45
4 36
2 14
25 34
29 37
9 37
40 47
10 36
3 45
3 36
14 31
18 37
4 45
5 15
0 44
2 46
22 47
6 33
21 35
42 48
27 46
33 34
14 41
