50 294 312.75709424407944 medium
0 143 962
1 619 310
2 876 214
3 307 340
4 528 783
5 998 203
6 25 711
7 559 50
8 176 748
9 894 743
10 657 270
11 714 471
12 914 642
13 302 305
14 446 239
15 229 454
16 852 914
17 368 134
18 173 474
19 783 714
20 606 963
21 820 73
22 110 877
23 533 671
24 812 652
25 273 33
26 142 446
27 629 542
28 857 68
29 628 142
30 728 921
31 246 672
32 416 56
33 832 248
34 523 140
35 570 363
36 481 60
37 743 813
38 346 175
39 949 761
40 264 168
41 360 208
42 178 859
43 302 595
44 700 136
45 198 145
46 400 954
47 222 463
48 588 953
49 818 683
15 47
20 48
24 49
3 13
38 41
21 28
18 26
17 38
19 49
18 47
1 10
2 33
9 39
15 18
32 36
19 24
40 45
22 42
1 35
29 44
17 41
7 36
26 47
38 40
15 26
34 36
0 22
14 41
17 32
31 43
9 49
7 34
12 24
9 12
8 31
40 41
12 49
29 34
19 37
0 42
30 37
17 40
11 27
8 42
4 23
13 41
9 19
7 29
14 38
2 5
9 24
12 39
16 30
14 34
10 35
20 30
14 17
10 29
25 45
17 36
25 40
21 44
32 34
13 38
32 38
3 15
17 25
10 44
13 40
3 41
7 32
30 48
25 32
8 22
2 28
16 37
12 19
3 47
37 49
38 45
2 21
39 49
43 47
17 34
6 8
13 14
15 43
25 38
23 27
32 41
7 44
13 15
9 37
1 29
29 36
3 38
17 45
28 44
3 14
5 33
19 39
33 44
41 45
24 39
24 37
14 35
21 33
9 16
10 33
34 41
18 43
34 44
13 47
3 40
36 38
11 35
4 48
34 38
16 39
28 33
14 36
13 17
14 32
6 22
10 34
1 11
1 14
46 48
27 35
32 40
3 18
13 45
36 41
1 44
2 44
5 28
1 34
14 40
25 41
3 26
4 20
8 43
31 42
20 37
21 29
11 24
20 46
14 29
7 17
37 48
10 11
25 36
31 47
18 31
16 19
37 39
13 18
6 42
13 26
10 14
24 27
4 46
19 30
3 17
0 8
4 37
26 43
15 31
7 14
5 21
1 33
3 45
6 31
2 10
34 35
29 35
29 32
29 33
19 27
36 44
1 27
16 49
32 45
27 49
11 49
28 29
7 10
42 46
12 37
36 40
4 30
23 43
9 30
22 31
7 38
26 31
16 20
11 33
11 19
23 37
19 23
7 41
30 49
3 43
10 21
0 46
2 29
17 29
34 40
35 41
4 27
35 44
7 21
11 12
3 35
4 19
16 24
14 45
1 7
16 48
14 25
11 23
25 34
30 39
10 27
13 25
13 32
10 36
8 18
14 44
13 35
1 2
13 34
29 41
0 6
1 41
15 41
12 16
6 18
23 24
24 30
29 38
10 28
23 49
1 36
33 35
7 25
23 31
23 48
15 40
8 47
6 26
41 47
13 43
42 43
35 38
4 43
27 37
3 34
32 44
36 45
40 47
7 28
8 15
22 46
6 43
20 23
12 27
15 38
4 31
10 41
13 36
26 40
2 11
8 26
3 32
8 46
21 34
1 38
17 35
5 44
14 15
19 20
26 45
1 17
4 49
0 31
19 48
3 25
23 35
15 45
1 21
23 46
4 24
