50 524 445.0719043031137 medium
0 136 706
1 540 711
2 38 747
3 111 536
4 545 858
5 577 766
6 152 564
7 81 451
8 306 474
9 205 625
10 186 809
11 752 984
12 104 988
13 342 694
14 949 782
15 100 259
16 841 206
17 373 123
18 923 817
19 466 298
20 642 937
21 755 342
22 541 2
23 348 600
24 64 182
25 330 531
26 651 767
27 770 343
28 344 252
29 117 936
30 322 862
31 231 947
32 321 894
33 992 582
34 190 60
35 277 77
36 638 873
37 21 290
38 823 656
39 903 175
40 195 773
41 642 674
42 344 492
43 566 923
44 926 696
45 129 678
46 44 405
47 612 576
48 247 454
49 310 327
21 27
0 45
30 32
10 40
25 42
8 42
14 18
3 6
12 29
7 46
8 25
8 48
20 36
1 5
4 43
16 39
23 25
5 26
20 43
6 9
28 49
15 37
15 24
36 43
34 35
14 44
0 40
3 7
9 45
26 41
13 23
4 36
4 5
41 47
42 48
31 32
0 2
0 9
17 35
26 36
23 42
1 41
38 44
5 41
25 48
2 45
0 10
29 31
40 45
24 37
6 45
37 46
11 20
18 44
5 36
1 26
30 31
4 20
3 9
19 28
33 44
17 28
8 23
6 7
12 31
4 26
48 49
10 45
0 6
3 45
10 29
10 31
9 23
6 48
10 30
8 49
1 4
3 46
9 40
1 47
9 13
16 27
30 40
15 46
9 25
5 43
19 49
3 48
11 36
2 40
10 32
2 10
16 21
13 25
7 48
13 40
42 49
13 30
20 26
7 37
0 3
32 40
24 34
9 48
23 48
26 43
31 40
14 38
6 8
29 40
6 25
8 9
38 41
5 20
33 38
9 10
28 35
1 36
18 38
6 46
9 42
7 15
5 47
17 34
10 13
26 47
11 43
10 12
17 19
1 13
36 41
6 23
13 32
13 42
14 33
3 8
26 38
2 29
25 49
6 42
0 13
2 9
17 22
4 41
29 32
46 48
6 40
17 49
1 43
13 45
7 9
27 39
2 6
29 30
15 34
3 25
15 49
1 23
8 13
4 30
21 39
2 3
24 46
28 48
8 28
38 47
7 8
4 32
19 42
6 13
0 29
23 40
7 45
23 45
12 40
12 32
0 23
3 42
24 35
8 19
11 18
11 26
28 42
4 11
0 30
15 28
15 48
18 33
3 23
5 13
28 34
32 43
6 10
1 20
25 45
2 12
3 40
30 43
12 30
35 49
45 48
15 35
13 48
29 45
0 31
41 43
7 49
0 7
4 13
0 25
7 25
3 37
20 41
23 30
0 32
9 30
10 23
23 47
1 30
7 42
30 45
19 48
5 38
7 24
19 25
8 45
8 46
5 30
9 46
21 47
22 35
0 48
23 49
13 31
18 26
1 25
25 40
46 49
3 15
2 31
37 48
25 28
5 11
3 13
42 47
27 47
11 14
5 23
3 10
0 12
26 44
42 45
6 49
41 44
36 38
1 32
34 37
24 49
25 47
45 46
5 32
0 8
31 45
1 38
3 49
24 28
32 45
4 47
18 36
19 35
37 49
19 21
34 49
9 32
1 42
13 47
23 32
8 15
36 47
14 26
0 42
2 7
13 41
23 41
6 37
15 17
19 22
18 20
7 23
2 30
19 27
2 13
6 15
12 45
42 46
25 46
10 25
19 47
17 24
0 46
18 41
9 49
30 36
27 38
13 26
32 36
40 42
22 28
2 32
8 40
13 43
21 38
8 47
9 31
9 29
40 48
20 32
14 36
19 23
4 23
28 37
14 41
27 33
4 31
24 48
20 30
11 41
7 28
13 29
25 30
35 37
1 8
20 38
11 38
31 43
44 47
11 44
28 46
21 33
15 42
36 44
8 37
5 25
7 40
2 46
26 30
6 30
2 23
25 41
4 38
14 20
1 11
1 9
13 36
23 26
23 28
41 42
5 18
43 47
1 40
21 41
26 32
17 48
10 42
27 41
22 34
8 10
5 44
15 25
7 13
3 24
8 17
5 42
2 48
4 40
10 48
23 46
33 41
20 47
4 10
16 22
25 32
2 25
19 34
23 31
6 28
1 10
3 28
15 19
13 49
17 42
38 43
30 42
6 32
30 41
5 14
18 43
20 44
7 10
6 29
34 46
9 12
35 48
12 13
8 24
33 47
4 18
9 15
37 42
5 40
9 37
2 8
47 48
27 44
13 20
16 19
1 44
26 33
3 30
8 30
1 31
32 41
17 37
23 43
1 48
5 31
8 41
6 31
4 25
47 49
25 37
6 24
21 44
5 10
18 47
45 49
14 47
10 43
1 18
40 46
5 9
9 28
8 35
34 48
23 36
2 42
5 8
25 26
22 49
3 29
40 43
22 39
21 22
35 46
32 42
37 45
0 1
16 33
7 34
30 47
23 29
14 43
9 47
17 25
22 27
4 14
20 31
6 19
26 42
4 9
1 45
31 36
4 44
7 19
30 48
1 6
13 19
3 32
1 14
13 46
19 41
33 39
0 49
4 42
24 42
9 19
19 24
1 19
15 45
8 32
35 42
28 47
21 28
15 23
7 35
43 44
6 12
1 21
3 19
25 31
3 31
10 46
8 34
32 47
11 47
0 37
17 46
1 27
4 29
16 47
19 46
27 28
0 4
21 42
21 26
24 25
7 17
9 41
11 32
17 21
26 27
13 28
0 5
19 37
