50 238 283.17662332897464 medium
0 47 47
1 270 452
2 442 365
3 520 585
4 951 961
5 207 528
6 695 437
7 715 816
8 474 920
9 492 786
10 7 421
11 372 769
12 1 729
13 793 465
14 363 22
15 15 910
16 486 921
17 499 549
18 495 119
19 204 957
20 106 622
21 105 880
22 80 707
23 196 924
24 765 723
25 948 461
26 661 120
27 786 930
28 824 497
29 409 917
30 293 778
31 722 848
32 575 252
33 579 655
34 58 485
35 623 190
36 352 529
37 756 454
38 865 981
39 683 721
40 623 599
41 404 255
42 850 58
43 203 425
44 265 785
45 692 961
46 505 132
47 585 843
48 104 41
49 539 211
8 16
18 46
30 44
7 31
19 23
13 37
3 17
13 28
32 49
0 48
6 37
8 29
33 40
1 43
16 29
32 35
11 30
26 35
28 37
10 34
12 22
24 39
46 49
35 49
4 38
20 22
3 33
27 38
15 21
1 5
27 45
7 39
21 23
6 13
18 49
5 43
3 40
27 31
7 24
11 44
9 47
1 36
2 41
31 45
9 11
33 39
19 21
16 47
25 28
35 46
24 31
7 47
17 33
31 39
17 40
7 27
8 47
9 16
8 9
39 40
31 47
5 20
32 46
41 49
6 28
5 36
20 34
18 35
7 45
17 36
12 20
26 49
11 29
13 25
9 29
5 34
23 44
18 32
26 46
39 47
34 43
9 33
26 32
41 46
45 47
18 41
14 18
18 26
4 27
32 41
38 45
2 32
21 22
23 30
3 36
6 40
14 46
29 30
12 15
15 23
36 43
2 49
8 11
19 44
12 21
21 44
2 36
33 47
24 40
11 16
29 47
25 37
2 17
1 2
15 19
31 38
29 44
10 43
37 40
24 33
26 42
9 30
19 30
22 44
9 39
3 9
24 27
19 29
16 45
7 33
3 39
23 29
15 22
21 30
1 34
24 47
13 40
27 47
5 22
20 43
6 32
8 45
7 38
22 34
10 20
22 30
7 9
28 40
11 47
6 17
5 10
9 44
20 44
9 40
35 41
3 6
8 30
27 39
2 3
24 28
11 23
7 40
3 11
1 20
11 33
14 41
9 17
9 31
1 41
39 45
16 30
31 33
11 36
2 46
20 30
22 23
2 43
6 33
40 47
16 31
1 17
8 44
24 45
12 34
2 18
2 35
17 39
7 16
11 19
11 17
6 25
4 31
30 36
6 35
20 21
8 31
14 49
4 45
16 44
13 24
33 36
14 48
7 8
35 42
20 36
2 6
41 43
5 44
5 30
28 39
1 10
9 45
3 47
33 37
31 40
24 37
12 44
3 37
36 44
32 37
8 19
17 37
6 49
12 23
24 38
37 39
4 7
8 23
13 39
36 41
19 22
15 44
36 40
9 24
16 39
3 24
16 33
1 3
