50 420 405.05802053533023 medium
0 914 584
1 386 981
2 165 137
3 588 650
4 614 70
5 868 23
6 459 751
7 738 560
8 463 289
9 798 735
10 628 551
11 575 37
12 788 898
13 117 489
14 816 436
15 263 202
16 584 402
17 526 71
18 964 538
19 945 357
20 262 889
21 922 947
22 559 231
23 481 254
24 970 457
25 310 576
26 134 398
27 409 86
28 651 792
29 513 335
30 8 700
31 353 56
32 997 322
33 741 517
34 212 574
35 897 29
36 356 950
37 994 524
38 3 795
39 793 743
40 646 930
41 298 921
42 167 916
43 714 267
44 511 933
45 819 602
46 166 270
47 610 419
48 809 76
49 293 283
9 39
5 35
16 47
18 37
8 23
7 33
1 36
20 41
4 11
11 17
19 32
27 31
36 41
0 18
8 29
24 37
5 48
18 24
22 23
15 49
23 29
4 17
7 45
13 26
30 38
0 45
16 29
25 34
20 42
35 48
0 37
19 24
1 41
3 10
7 10
14 33
20 36
8 22
22 29
33 45
2 15
17 27
10 33
15 46
13 34
46 49
29 47
41 42
26 46
2 46
10 47
1 44
9 45
40 44
24 32
28 40
0 24
12 21
39 45
12 40
7 14
28 39
14 19
1 20
12 39
3 28
10 16
14 24
36 44
9 28
18 45
22 43
9 12
17 22
33 47
3 6
8 16
14 45
8 49
4 22
15 31
16 22
11 27
12 28
17 31
19 37
3 7
0 14
0 7
14 18
16 23
18 19
23 27
43 47
7 9
0 33
15 27
16 43
17 23
6 44
23 49
0 9
7 47
7 39
37 45
36 42
26 34
2 49
16 33
11 22
22 47
4 48
26 49
8 47
6 28
14 43
10 45
14 37
28 44
0 39
32 37
3 33
38 42
2 31
4 27
14 47
22 27
24 45
23 47
8 27
13 25
29 43
43 48
41 44
14 32
8 15
18 32
10 14
7 16
4 43
11 31
18 33
6 36
15 23
13 46
3 39
9 33
29 49
3 9
8 17
4 23
7 18
1 42
27 49
0 19
6 25
33 39
3 47
23 43
6 41
14 16
15 26
31 49
23 31
3 45
11 23
24 33
11 48
13 30
39 40
30 34
6 20
1 6
21 39
10 28
10 29
9 21
9 40
7 28
19 43
3 16
2 27
25 26
9 10
33 43
8 43
20 44
33 37
10 39
28 45
7 24
9 18
8 31
4 5
7 37
6 40
19 33
4 31
6 10
2 26
17 29
1 40
4 8
18 39
30 42
11 43
27 29
22 31
13 49
22 49
17 43
0 32
19 45
20 38
8 11
21 40
45 47
12 44
17 48
15 29
4 29
31 46
3 40
4 35
3 25
0 10
9 37
32 43
5 43
28 33
7 19
36 40
29 33
3 44
5 11
25 49
15 17
7 43
22 48
10 43
37 39
15 22
8 46
12 45
9 14
35 43
34 49
6 34
34 38
11 29
27 46
34 46
14 39
16 45
32 35
32 48
8 10
19 48
21 28
3 14
16 49
17 49
25 29
23 46
20 30
20 25
7 29
3 12
24 43
20 34
10 25
14 29
38 41
29 31
32 33
13 15
11 35
3 29
16 25
8 25
1 28
5 32
25 30
13 38
9 24
26 30
10 22
14 22
10 23
19 35
32 45
0 3
4 16
6 39
2 8
28 36
0 28
6 42
16 17
10 18
24 39
2 23
6 7
25 46
0 12
25 47
22 33
6 9
39 44
19 47
7 12
5 19
42 44
47 49
34 42
25 41
5 17
0 47
8 26
40 41
9 44
4 47
43 45
7 32
11 15
29 46
27 43
10 24
2 13
34 41
17 47
8 33
21 45
14 48
6 12
16 27
24 47
0 21
16 19
23 25
30 41
6 47
11 16
6 33
2 17
10 37
9 47
18 43
25 42
23 33
6 16
40 45
10 19
39 47
5 22
23 48
17 35
18 47
11 49
7 22
0 43
4 15
28 47
15 34
23 26
28 41
25 36
0 16
15 25
25 38
15 16
3 36
10 40
8 34
37 43
14 23
7 40
3 8
10 12
8 14
11 47
3 34
12 33
26 29
29 34
4 49
36 38
7 8
20 40
1 3
27 47
6 45
16 24
3 18
14 28
29 48
22 35
22 46
16 28
9 16
16 48
47 48
3 41
37 47
32 47
10 44
7 23
8 13
16 39
27 48
2 29
12 18
20 28
34 36
18 28
3 43
16 18
25 28
3 20
2 22
