50 282 335.49068541466244 medium
0 487 53
1 129 115
2 647 638
3 789 166
4 0 334
5 476 573
6 799 434
7 338 488
8 180 900
9 638 511
10 958 769
11 399 854
12 16 241
13 854 416
14 685 932
15 561 429
16 217 781
17 511 528
18 211 73
19 781 226
20 868 887
21 362 512
22 795 998
23 949 967
24 123 164
25 806 150
26 78 116
27 702 145
28 913 316
29 315 254
30 794 53
31 708 92
32 804 779
33 76 463
34 231 656
35 712 875
36 967 996
37 825 557
38 125 97
39 647 441
40 10 565
41 68 231
42 419 332
43 764 831
44 363 187
45 502 318
46 2 861
47 600 567
48 103 895
49 353 688
1 38
3 25
7 21
23 36
1 24
26 38
1 26
12 41
27 31
5 17
6 13
3 19
14 35
32 43
24 26
24 38
9 47
35 43
9 39
8 48
19 25
29 44
42 45
2 47
24 41
15 39
18 38
3 27
1 18
4 12
30 31
17 47
25 30
25 27
46 48
3 31
15 17
9 15
3 30
19 27
20 23
25 31
26 41
13 28
20 43
33 40
4 41
5 47
8 16
20 32
15 45
6 37
16 34
34 49
18 24
2 9
9 17
14 43
14 22
5 21
29 42
27 30
1 41
12 24
20 22
32 35
39 47
12 26
18 26
15 47
13 37
38 41
20 36
22 35
10 20
4 33
17 21
6 39
19 31
10 32
42 44
20 35
22 23
19 28
16 48
17 39
5 7
6 28
16 49
5 15
5 49
1 12
22 43
15 42
22 36
11 49
5 9
19 30
2 17
7 42
21 49
7 17
6 9
12 38
8 46
0 44
2 5
14 20
21 42
18 44
39 45
44 45
9 37
14 32
3 28
21 34
2 37
11 16
2 39
25 28
29 45
10 23
7 34
7 49
13 19
10 43
13 39
18 29
6 19
4 24
17 45
2 32
24 29
37 39
18 41
15 21
5 39
17 42
22 32
32 37
8 11
0 31
17 49
37 47
2 43
2 15
10 36
16 46
23 43
12 33
7 15
4 40
4 26
33 41
1 29
0 27
7 29
9 13
9 45
7 45
23 32
6 15
34 40
21 45
6 47
24 44
21 47
1 44
2 35
29 38
33 34
5 42
29 41
8 34
10 37
39 42
19 39
1 4
23 35
2 6
38 44
5 45
28 37
12 18
3 13
5 34
11 34
36 43
21 29
7 33
27 45
0 29
0 45
14 23
45 47
10 35
4 38
3 6
13 25
34 48
32 36
27 28
8 49
7 47
26 29
47 49
9 21
0 18
37 43
10 22
35 36
9 42
6 25
0 42
28 30
14 36
21 33
5 11
13 15
15 37
21 39
26 44
19 45
28 39
32 47
13 47
40 46
2 14
11 14
42 47
2 49
41 44
11 48
16 40
12 29
15 19
7 9
27 39
15 29
7 44
24 33
6 17
2 13
28 31
6 27
16 21
31 45
0 30
34 46
17 34
3 39
13 27
43 47
2 21
7 39
15 44
11 35
9 32
17 37
7 16
15 27
29 33
10 14
6 45
9 19
0 3
12 40
48 49
3 45
4 29
21 44
35 47
2 11
25 39
5 16
18 42
15 49
20 37
2 20
0 25
19 37
9 49
