50 519 458.73739764706346 medium
0 40 811
1 696 304
2 911 970
3 797 781
4 271 356
5 726 855
6 492 909
7 457 275
8 972 950
9 268 3
10 981 912
11 689 314
12 644 51
13 348 14
14 876 123
15 372 442
16 205 488
17 943 709
18 785 414
19 817 541
20 441 935
21 818 314
22 584 525
23 592 604
24 358 330
25 984 422
26 358 825
27 320 116
28 8 483
29 34 384
30 785 563
31 114 491
32 903 733
33 929 268
34 679 204
35 65 182
36 311 758
37 334 187
38 394 167
39 454 384
40 476 102
41 806 40
42 706 146
43 818 657
44 380 919
45 758 797
46 484 337
47 380 887
48 768 321
49 336 294
1 11
44 47
19 30
8 10
3 45
24 49
17 32
21 48
39 46
6 20
20 44
37 38
34 42
2 8
26 47
5 45
7 46
27 37
1 48
20 47
11 48
22 23
9 13
26 36
4 49
27 38
4 24
2 10
16 31
18 48
26 44
30 43
15 39
1 34
28 29
3 5
38 40
18 21
13 27
28 31
37 49
14 41
7 39
24 39
11 34
6 44
15 24
7 24
12 42
32 43
6 47
19 43
3 32
21 33
1 21
7 49
9 27
7 38
3 43
24 46
11 21
18 19
4 15
29 31
17 43
20 26
11 18
38 49
1 18
24 37
41 42
36 47
34 48
4 16
39 49
18 30
7 37
43 45
15 49
15 46
46 49
14 33
13 40
27 40
12 34
6 26
1 42
32 45
13 38
12 41
3 17
25 33
37 40
24 38
11 42
33 48
14 42
15 16
13 37
7 40
36 44
12 40
21 34
27 49
4 37
4 39
42 48
7 15
22 39
38 46
10 32
9 37
16 28
23 30
21 25
18 25
14 21
16 29
21 42
4 7
29 35
22 30
17 45
19 25
18 33
11 46
10 17
9 38
30 32
4 31
34 41
7 27
17 19
19 32
37 46
22 46
14 34
4 46
1 46
5 32
17 30
24 27
2 5
3 30
5 43
20 36
16 24
2 3
38 39
19 48
4 38
14 48
3 10
19 21
34 40
15 22
8 32
18 22
9 40
37 39
2 45
23 43
7 34
19 22
19 23
16 49
40 42
40 46
18 34
7 11
30 45
11 22
6 36
1 33
34 46
2 32
40 49
25 48
4 29
5 6
1 7
3 19
30 48
8 17
12 14
3 8
25 30
11 33
4 27
11 39
18 43
1 22
10 45
21 30
33 42
23 45
1 39
1 14
24 40
15 37
33 34
1 12
33 41
23 39
11 19
5 10
5 17
15 31
19 45
2 17
8 45
27 35
5 8
1 19
11 12
11 30
11 14
22 43
35 37
4 35
16 39
9 35
18 23
3 23
15 23
1 30
21 41
22 48
27 46
12 38
15 38
0 36
18 42
13 49
7 22
7 42
7 13
39 40
41 48
46 48
5 23
1 41
34 38
25 43
23 46
34 39
6 45
17 25
16 36
7 12
4 28
24 31
42 46
35 49
19 33
5 20
31 49
12 48
5 30
11 41
12 13
22 24
1 40
9 49
27 39
11 40
10 43
14 18
11 23
28 35
18 46
1 25
38 42
31 35
11 25
7 48
21 22
29 49
12 21
13 24
16 46
1 23
14 25
0 26
39 48
23 36
6 23
25 32
15 36
23 26
22 45
4 40
2 43
5 19
16 37
12 46
24 35
30 33
0 31
24 29
13 35
35 38
0 28
11 38
7 16
15 27
12 27
3 6
8 43
7 9
11 24
1 38
31 36
18 39
3 22
23 48
17 18
22 34
21 46
40 41
16 35
23 32
12 37
22 49
1 24
9 24
43 48
18 32
11 15
15 29
21 43
24 34
34 37
20 45
39 42
5 47
0 47
13 46
4 13
5 44
1 15
4 9
11 49
23 47
34 49
15 40
7 23
4 22
7 18
31 39
0 44
12 33
29 37
22 36
5 22
1 49
23 24
0 16
7 21
20 23
19 34
40 48
15 28
17 23
11 43
3 18
21 23
5 26
27 34
16 26
21 39
16 38
1 43
37 42
30 34
18 41
25 34
31 37
22 26
30 39
30 46
11 37
28 49
9 12
23 44
1 37
16 22
22 32
13 42
13 34
24 28
15 26
12 39
18 45
13 39
27 42
3 20
15 34
45 47
16 27
12 18
19 46
25 42
27 29
12 49
24 42
6 22
19 39
44 45
9 46
22 42
42 49
12 24
10 30
36 39
14 40
31 46
26 45
23 49
15 35
21 40
7 35
17 22
4 36
16 23
38 48
33 43
3 25
22 38
7 31
10 19
4 23
28 36
23 34
24 48
19 42
6 43
22 25
26 31
15 18
15 48
17 21
22 47
35 40
11 27
0 20
29 39
4 11
29 38
1 27
22 37
7 41
25 41
14 19
2 6
9 39
30 42
17 48
2 30
5 36
0 29
21 32
27 31
1 4
31 38
13 15
8 30
22 33
3 47
15 30
24 36
38 41
23 25
48 49
32 48
20 22
18 24
4 34
16 47
7 30
22 40
7 29
8 19
25 45
41 46
35 39
18 40
2 19
3 44
28 37
3 26
17 33
22 44
5 18
15 47
7 14
15 42
14 46
35 46
6 32
9 29
7 19
36 45
21 38
14 30
33 46
9 15
26 39
29 46
1 13
6 30
11 13
37 48
39 43
36 46
15 19
28 39
9 34
13 41
