50 615 524.2842740346118 medium
0 935 528
1 316 836
2 837 352
3 251 314
4 247 164
5 121 54
6 352 548
7 68 972
8 777 728
9 628 831
10 708 458
11 351 294
12 834 244
13 648 232
14 789 944
15 308 374
16 189 825
17 656 157
18 466 321
19 765 507
20 349 793
21 867 215
22 434 6
23 919 180
24 726 781
25 638 936
26 811 200
27 56 394
28 202 672
29 893 707
30 32 664
31 8 244
32 558 739
33 503 363
34 282 787
35 640 172
36 270 513
37 689 572
38 204 29
39 97 706
40 615 156
41 563 994
42 991 331
43 353 129
44 327 159
45 122 5
46 496 164
47 476 234
48 13 601
49 590 205
17 35
35 40
43 44
17 40
12 21
5 45
12 26
1 20
40 49
18 33
21 26
1 34
35 49
13 35
21 23
13 49
30 48
20 34
46 47
8 24
10 19
13 17
30 39
4 44
17 49
3 15
13 40
38 45
5 38
18 47
6 36
11 15
25 41
19 37
16 34
3 11
46 49
9 25
12 23
2 12
23 26
9 24
28 39
4 43
10 37
9 32
47 49
8 29
11 18
40 46
1 16
33 47
39 48
11 44
11 47
28 34
2 21
4 38
15 36
35 46
43 46
22 43
3 4
16 39
14 25
16 28
2 26
2 42
27 31
40 47
18 46
17 46
17 26
43 47
16 20
11 43
13 26
4 11
13 46
15 18
44 47
11 33
2 10
4 5
23 42
44 46
22 46
21 42
18 49
28 30
2 19
0 19
13 47
3 44
28 36
24 32
26 35
14 24
35 47
9 41
24 25
38 44
8 37
38 43
6 15
12 42
33 49
8 9
24 29
0 29
12 13
22 44
7 16
20 28
2 23
6 28
11 46
15 33
13 33
17 47
9 14
12 17
33 46
1 28
3 36
26 40
0 2
28 48
34 39
4 45
13 18
0 42
12 35
3 27
3 43
27 48
24 37
32 37
25 32
18 44
3 18
15 44
20 32
8 14
4 15
15 47
17 21
8 32
13 21
26 49
5 31
8 19
18 40
26 42
18 43
2 13
16 30
10 33
18 35
21 35
22 38
5 44
14 41
22 47
11 36
10 13
33 35
22 40
33 40
12 40
19 29
0 10
3 47
6 33
4 47
5 43
29 37
4 22
27 36
6 20
12 49
10 12
43 49
4 46
6 34
15 43
0 37
8 25
17 18
4 31
15 27
22 49
3 31
6 11
6 18
1 39
3 6
0 8
11 49
32 41
44 45
17 33
3 33
14 29
21 40
36 39
1 32
43 45
40 43
17 23
22 35
31 45
2 37
2 17
9 37
20 39
2 35
44 49
7 39
24 41
17 22
33 44
4 18
27 30
36 48
12 19
34 36
18 36
13 23
19 24
33 36
21 49
10 26
33 43
10 18
30 34
8 10
23 35
10 49
33 37
32 34
6 32
9 20
15 46
30 36
1 7
7 34
16 48
19 42
3 46
2 49
40 44
3 38
35 43
1 6
10 21
3 5
20 36
31 38
9 29
1 41
20 41
10 35
2 40
11 40
13 19
19 33
4 27
11 22
6 39
0 12
11 38
11 13
17 43
23 40
10 17
14 32
19 21
7 30
10 42
10 29
19 26
19 32
13 22
11 27
22 45
1 9
13 43
35 44
11 35
27 28
27 39
10 40
15 28
18 22
5 22
26 46
10 32
0 21
6 16
38 46
16 36
20 25
10 47
10 24
4 33
1 36
15 31
34 48
0 24
7 28
15 49
17 44
13 44
23 49
31 44
1 30
5 11
7 20
6 27
2 33
11 17
3 45
18 37
29 32
26 47
1 25
6 47
6 37
6 30
38 47
8 41
20 30
13 37
25 29
6 48
4 49
5 27
11 31
36 47
12 46
0 23
26 33
9 34
10 23
34 41
19 49
4 36
0 26
12 33
9 19
18 19
3 49
13 42
31 48
19 35
12 47
3 22
36 44
12 37
27 44
2 29
15 38
3 28
19 23
28 32
10 46
22 33
31 43
18 26
32 36
17 19
6 10
25 37
4 40
13 15
11 45
5 15
15 48
2 18
3 48
21 46
7 48
31 36
12 18
15 40
20 24
17 42
16 32
2 47
32 33
37 49
2 8
9 10
19 40
1 48
14 37
35 42
25 34
37 42
20 48
29 42
15 35
15 22
2 46
6 44
5 46
21 47
26 37
18 38
10 11
36 43
21 33
4 35
15 39
27 38
27 45
6 9
3 40
19 47
5 47
27 43
4 6
21 37
37 47
15 30
35 37
3 13
20 37
11 28
45 46
4 13
10 15
4 17
6 46
15 17
16 41
0 13
3 30
15 45
1 24
15 34
3 35
40 42
18 21
6 19
36 46
17 37
18 27
6 49
6 43
42 49
30 31
15 20
3 39
45 47
37 40
36 37
23 46
22 26
38 49
18 32
15 37
38 40
0 9
28 33
0 32
8 20
6 13
3 17
19 46
5 18
29 41
11 37
14 19
9 16
18 28
37 41
6 24
0 14
10 36
15 32
2 24
24 34
36 49
23 47
19 25
27 33
33 38
27 47
8 42
16 27
37 46
27 34
23 33
23 37
9 28
8 33
11 48
20 33
1 37
35 38
6 31
34 37
6 8
1 15
32 39
0 35
0 33
16 25
26 43
0 17
18 31
14 20
12 22
11 19
15 16
12 29
18 45
31 47
11 26
17 38
28 31
31 39
13 36
6 40
0 49
1 8
6 35
24 33
3 34
18 23
15 19
2 32
33 34
9 36
3 10
21 22
6 25
5 36
10 25
28 41
11 39
10 43
10 44
9 33
1 14
11 12
26 44
18 20
8 12
22 31
13 38
36 38
11 30
3 20
33 42
2 11
0 40
11 32
10 20
5 33
21 29
10 14
5 49
6 41
31 46
12 43
20 27
19 36
6 17
7 41
4 48
36 40
27 46
28 37
11 34
8 34
11 20
18 34
7 36
35 36
5 40
0 25
19 20
3 37
1 33
45 49
31 33
25 28
4 28
6 7
32 47
8 18
8 13
0 18
1 27
26 29
12 44
3 16
13 32
22 23
40 45
28 47
29 33
8 21
21 43
11 21
24 42
42 46
2 9
33 45
2 6
42 47
3 32
