50 554 554.0730998704051 medium
0 971 71
1 726 738
2 24 649
3 490 374
4 710 110
5 826 570
6 66 873
7 347 68
8 648 983
9 606 199
10 38 179
11 986 220
12 843 833
13 481 940
14 358 937
15 794 907
16 991 593
17 972 131
18 147 824
19 106 669
20 963 662
21 842 806
22 584 708
23 809 256
24 573 707
25 100 503
26 627 116
27 311 219
28 161 247
29 43 299
30 33 445
31 87 368
32 262 715
33 815 165
34 407 395
35 10 267
36 350 963
37 180 66
38 734 75
39 50 447
40 965 364
41 850 273
42 802 449
43 107 298
44 118 380
45 420 609
46 906 123
47 173 93
48 276 955
49 682 468
22 24
30 39
12 21
14 36
37 47
31 44
4 38
23 41
29 35
0 17
29 43
17 46
31 43
28 43
36 48
16 20
25 39
29 31
43 44
4 26
0 46
14 48
2 19
9 26
3 34
31 39
25 30
12 15
11 17
23 33
10 35
30 31
6 18
39 44
33 46
35 43
30 44
29 44
15 21
33 41
26 38
4 33
10 29
33 38
42 49
13 14
5 42
25 44
11 46
31 35
28 29
13 36
1 21
25 31
4 9
10 43
28 44
10 28
28 31
1 22
11 40
11 41
29 30
40 41
29 39
0 11
1 12
28 35
27 28
28 47
7 27
1 24
35 44
18 32
39 43
10 47
41 46
18 19
17 33
19 32
30 43
8 15
2 25
23 46
5 20
19 25
5 16
7 37
8 13
7 47
4 23
5 49
9 38
38 46
30 35
11 33
11 23
10 37
24 45
28 37
0 33
1 15
41 42
40 42
18 48
35 39
27 47
17 41
20 21
23 40
32 45
22 45
23 42
26 33
10 31
1 5
23 38
4 46
27 34
27 37
2 39
2 30
25 43
17 23
13 48
6 19
12 20
3 9
9 23
9 33
25 29
3 49
2 18
34 45
4 41
43 47
10 44
27 43
6 48
2 6
28 39
19 39
38 41
23 26
16 40
17 40
0 41
19 30
28 30
5 21
3 27
0 38
16 42
35 47
14 18
32 48
14 32
37 43
29 47
17 38
3 45
0 23
8 12
18 36
2 32
23 49
40 46
5 40
1 20
33 40
13 24
27 44
6 32
25 35
13 22
9 41
1 8
41 49
7 28
22 49
16 21
8 21
24 49
4 17
32 36
25 28
35 37
5 12
0 4
10 30
25 32
20 42
10 39
27 31
29 37
26 41
1 49
10 27
21 22
5 22
26 46
9 34
9 49
27 29
12 16
8 22
7 26
33 42
34 49
2 44
8 24
21 24
28 34
12 22
5 24
2 31
31 47
19 44
15 22
34 44
7 9
11 38
3 26
44 47
0 40
8 14
11 42
9 27
4 11
45 49
15 20
6 36
12 24
5 41
20 40
15 24
8 36
1 42
6 14
40 49
19 31
1 16
27 35
9 46
24 32
13 32
5 23
13 15
14 24
34 43
31 37
1 13
9 42
19 45
37 44
3 42
31 34
14 22
22 32
18 25
25 34
7 10
10 25
33 49
1 45
26 27
7 43
7 34
19 48
16 49
14 45
13 45
25 45
3 7
5 15
22 42
24 36
3 23
20 49
32 39
42 46
3 24
3 4
24 42
17 26
22 36
27 39
0 26
3 22
18 45
16 41
2 29
4 42
32 34
3 28
24 34
13 18
25 27
30 32
26 34
26 49
27 30
4 49
21 42
22 34
4 40
17 42
2 43
34 39
36 45
32 44
4 7
14 19
38 40
15 16
19 43
6 25
3 44
9 17
11 16
8 48
11 26
3 41
21 49
39 47
45 48
19 29
26 42
29 34
30 34
12 13
30 47
44 45
38 42
9 11
20 22
7 29
34 47
19 36
2 35
16 23
5 11
13 21
3 38
12 42
3 33
0 9
24 48
7 44
7 38
31 32
3 5
18 39
3 43
7 35
11 49
20 24
22 48
9 40
18 30
2 48
38 49
7 31
2 45
34 42
12 49
34 37
37 39
3 31
39 45
27 45
20 41
5 33
30 37
19 34
5 45
3 32
3 25
31 45
46 49
19 35
4 27
0 42
42 45
4 34
25 47
34 35
1 14
26 40
30 45
6 13
16 22
3 47
2 28
23 34
19 28
6 39
10 34
6 30
5 9
16 24
1 3
20 23
3 37
14 15
8 45
1 36
2 14
43 45
6 45
18 24
11 20
1 40
25 37
17 49
32 43
18 44
28 45
9 47
3 39
9 37
27 49
27 38
15 36
9 28
5 8
8 20
26 37
9 45
18 22
2 36
15 49
3 29
5 34
5 46
26 47
34 38
15 42
21 40
34 41
2 34
18 31
16 17
3 30
5 17
13 19
16 33
1 32
21 45
33 34
1 34
19 24
8 32
29 32
2 10
4 5
3 40
16 46
7 33
15 45
12 45
28 32
19 22
1 41
7 39
26 28
3 19
12 40
25 48
3 46
32 49
29 45
1 23
7 30
0 49
3 35
3 10
19 27
10 19
5 26
6 44
12 14
27 32
7 23
23 27
1 48
7 25
14 21
18 34
5 38
14 25
22 23
6 31
5 13
27 33
9 43
23 24
9 24
9 22
12 36
22 41
13 49
22 40
32 35
24 41
24 25
8 49
21 36
2 27
20 33
3 11
8 16
0 5
15 48
9 44
24 40
7 49
0 16
25 36
23 45
22 25
8 18
18 43
17 20
4 37
21 41
6 24
35 45
26 45
18 29
4 47
3 17
2 3
27 41
2 13
20 46
27 42
7 41
6 22
14 34
20 45
41 45
9 31
7 45
3 16
13 34
9 16
26 43
21 23
2 24
1 9
3 20
24 27
37 38
