50 210 263.7612556839992 medium
0 280 378
1 67 819
2 863 516
3 778 88
4 965 546
5 937 697
6 812 488
7 171 94
8 675 740
9 764 71
10 951 250
11 403 257
12 366 950
13 698 800
14 903 286
15 589 311
16 905 265
17 828 291
18 787 850
19 254 673
20 60 272
21 781 722
22 349 924
23 718 112
24 952 912
25 344 277
26 637 241
27 108 233
28 282 616
29 296 443
30 573 282
31 814 819
32 78 773
33 72 803
34 324 195
35 696 689
36 643 508
37 111 937
38 652 905
39 799 995
40 533 564
41 204 258
42 804 358
43 733 519
44 380 767
45 946 82
46 939 759
47 468 957
48 815 73
49 288 174
1 33
14 16
3 9
32 33
12 22
15 30
3 48
18 31
34 49
1 32
10 16
9 48
8 35
2 6
10 14
9 23
20 27
5 46
11 25
19 28
8 13
3 23
0 29
17 42
14 17
26 30
16 17
25 34
6 43
15 26
36 43
21 35
27 41
11 34
13 18
12 47
21 31
23 48
2 4
8 21
13 35
13 21
13 38
25 49
13 31
41 49
0 25
14 42
36 40
22 47
1 37
18 21
10 17
2 43
6 42
45 48
34 41
16 42
31 46
33 37
25 41
7 49
11 49
0 41
20 41
18 39
18 38
23 26
7 27
24 46
4 5
8 18
19 44
5 21
8 31
22 44
21 46
4 6
24 31
8 38
32 37
7 41
10 45
3 45
2 42
6 36
11 30
38 39
0 11
25 29
5 31
28 29
35 43
24 39
31 35
42 43
18 24
31 39
18 46
28 44
9 45
10 42
7 34
31 38
12 44
18 35
16 45
0 34
35 36
27 49
38 47
11 15
2 5
17 26
6 17
11 41
19 32
26 42
0 49
15 36
40 43
35 40
29 41
3 26
14 45
21 43
3 17
44 47
7 20
17 23
16 48
9 26
5 18
11 29
4 46
5 24
3 16
17 48
27 34
13 39
36 42
15 42
2 36
35 38
6 14
2 21
10 48
23 30
19 33
21 38
0 27
8 40
2 17
8 43
25 30
9 17
23 45
14 48
6 35
2 14
4 43
19 29
3 14
8 36
11 26
6 21
30 36
3 10
15 23
1 19
0 28
22 37
9 16
15 17
17 45
25 27
2 35
5 35
6 16
16 23
30 42
5 6
0 20
13 46
26 48
17 43
15 25
4 42
20 49
29 34
7 25
35 46
15 43
14 23
40 44
2 16
2 46
4 21
21 36
17 30
12 37
21 24
9 14
28 40
28 32
9 10
15 40
5 13
23 42
30 34
