50 300 297.75325355065394 medium
0 298 479
1 562 929
2 75 332
3 798 716
4 679 242
5 493 706
6 35 753
7 37 81
8 713 240
9 75 19
10 772 22
11 274 322
12 207 437
13 468 847
14 695 796
15 331 562
16 151 451
17 873 30
18 769 892
19 591 361
20 450 321
21 29 126
22 678 406
23 626 222
24 413 290
25 491 946
26 308 107
27 616 671
28 612 969
29 947 429
30 431 420
31 428 544
32 1 862
33 347 243
34 662 261
35 342 602
36 288 649
37 339 350
38 535 846
39 250 440
40 996 985
41 60 688
42 567 545
43 553 886
44 254 849
45 117 167
46 411 513
47 266 733
48 765 751
49 353 287
4 34
4 8
31 46
15 35
12 39
38 43
1 43
33 49
7 21
3 48
20 24
23 34
8 34
4 23
12 16
24 49
0 39
1 28
37 49
13 38
6 41
11 37
35 36
7 9
1 25
24 33
14 48
25 43
11 49
36 47
1 38
8 23
0 15
13 43
15 46
30 46
24 37
15 36
21 45
19 22
15 31
16 39
0 12
20 30
10 17
13 25
28 43
20 49
31 35
33 37
11 33
25 38
35 46
6 32
20 37
30 37
9 21
44 47
7 45
0 46
11 39
14 18
19 34
25 28
30 31
1 13
37 39
5 27
20 33
3 14
0 35
24 30
11 12
27 42
0 37
31 42
18 48
2 16
26 33
11 24
5 13
19 23
28 38
0 31
0 30
22 34
5 38
15 39
19 20
14 27
4 19
0 16
35 47
9 45
30 49
12 37
0 11
42 46
4 22
14 38
14 43
2 12
27 48
8 22
2 45
0 36
19 30
8 19
15 30
5 31
18 28
31 36
11 20
12 15
39 46
5 42
22 42
37 46
11 16
3 18
30 39
15 47
5 35
36 46
32 41
39 49
30 42
11 30
26 49
19 42
35 39
3 27
1 14
13 28
5 43
22 23
19 24
14 28
27 38
30 33
20 46
2 11
0 49
26 45
20 23
30 35
36 44
2 39
31 39
12 49
5 46
1 18
41 47
24 26
2 21
15 16
15 37
36 39
5 36
12 35
16 37
31 37
13 44
18 43
5 15
11 26
12 46
0 20
33 39
20 34
11 45
5 14
0 24
24 39
24 46
23 24
27 43
20 31
12 30
8 10
27 31
12 36
5 47
13 27
36 41
6 47
13 47
35 42
13 14
20 39
46 49
1 5
11 46
19 46
15 42
18 38
4 10
6 44
12 33
5 25
16 36
0 33
33 45
4 20
20 22
16 35
26 37
19 31
18 40
12 31
11 15
22 30
10 23
38 48
31 47
9 26
19 49
24 34
43 48
35 37
41 44
19 37
20 42
12 24
14 25
32 44
2 7
16 41
24 31
0 47
25 44
20 26
27 46
16 49
35 44
10 34
46 47
1 27
8 17
2 37
45 49
28 48
0 2
16 46
13 36
31 49
15 20
18 27
12 20
22 29
30 36
1 48
11 31
4 24
19 33
22 27
7 26
6 36
8 20
13 35
5 48
15 49
0 42
33 46
23 30
5 44
21 26
23 33
30 34
23 49
38 44
2 49
16 30
14 42
27 35
18 25
15 24
12 45
22 31
42 48
16 33
16 45
2 33
4 17
3 42
22 46
37 45
11 35
5 28
22 24
12 41
38 47
16 31
5 30
3 38
39 47
32 47
35 41
15 44
36 42
