50 301 323.55679563254427 medium
0 179 754
1 555 292
2 301 551
3 894 501
4 7 191
5 48 186
6 526 629
7 654 659
8 66 735
9 853 699
10 856 295
11 229 523
12 513 959
13 500 169
14 584 162
15 317 340
16 475 941
17 840 74
18 679 503
19 357 348
20 939 499
21 547 190
22 782 45
23 542 715
24 591 378
25 405 5
26 958 854
27 628 12
28 483 839
29 96 271
30 214 296
31 244 761
32 898 734
33 306 958
34 704 59
35 244 303
36 407 274
37 322 989
38 937 542
39 162 133
40 136 637
41 191 568
42 534 100
43 240 73
44 342 278
45 45 605
46 143 833
47 300 303
48 49 100
49 456 169
30 35
33 37
15 47
15 19
4 5
12 16
20 38
13 49
3 20
14 21
44 47
13 21
35 47
9 32
11 41
3 38
17 22
36 44
0 31
15 44
19 44
19 47
13 42
2 11
22 34
14 42
15 35
13 14
5 48
30 47
0 46
6 23
40 41
19 36
27 34
21 42
1 24
21 49
40 45
5 29
39 43
4 48
35 44
1 21
16 28
42 49
36 47
2 41
15 36
15 30
0 8
36 49
39 48
4 29
8 40
29 30
19 35
12 28
31 46
8 46
0 40
7 23
5 39
14 49
27 42
30 44
6 7
8 45
1 14
26 32
1 13
17 34
23 28
13 36
11 40
1 36
41 45
29 35
19 30
18 24
29 39
14 27
22 27
44 49
1 49
7 18
14 34
25 42
16 37
21 36
31 40
4 39
35 36
16 33
30 39
25 49
34 42
29 48
9 38
25 43
8 31
2 40
0 41
9 26
35 39
13 25
13 44
43 48
21 24
1 42
12 37
30 36
21 27
32 38
40 46
6 18
5 30
31 41
0 45
11 45
3 9
13 27
7 9
11 15
21 34
19 49
33 46
47 49
1 19
29 47
31 33
12 33
8 41
14 36
3 10
2 19
24 36
2 15
28 33
1 44
6 28
3 18
36 42
14 24
11 19
2 31
9 20
39 47
28 37
10 20
15 49
11 35
17 27
10 17
5 43
21 44
25 27
30 43
11 30
13 24
5 35
43 44
13 19
14 22
35 43
39 44
11 47
15 29
13 34
4 30
27 49
3 32
21 25
16 23
19 24
0 11
43 49
0 2
37 46
43 47
14 25
2 6
11 31
20 32
0 33
13 47
31 37
1 15
1 18
29 43
12 23
29 44
19 21
2 47
45 46
7 28
24 49
13 15
35 49
28 31
18 23
31 45
22 42
2 35
1 47
7 32
30 48
15 39
6 24
10 38
18 20
15 41
10 22
18 38
4 43
36 43
2 45
42 44
9 18
4 35
8 11
24 44
14 44
25 36
41 46
2 30
11 44
35 41
14 17
34 49
21 47
19 29
30 41
10 18
30 49
15 21
25 39
0 37
19 41
2 44
21 22
1 34
15 24
13 43
10 24
5 47
15 43
25 44
10 34
35 48
36 39
24 42
11 29
41 47
3 7
7 24
13 35
1 27
19 39
2 23
16 31
14 19
42 43
39 49
2 36
2 8
19 43
24 47
1 10
23 31
10 14
25 34
19 42
11 36
7 38
17 42
13 22
5 44
42 47
5 15
29 36
1 35
6 31
9 23
29 41
26 38
13 30
4 47
17 21
6 11
0 28
25 47
6 16
14 47
18 32
14 15
11 46
47 48
2 46
21 35
15 42
