50 269 322.88697712976904 medium
0 532 663
1 653 372
2 975 341
3 878 184
4 9 233
5 102 969
6 439 932
7 778 425
8 862 24
9 614 569
10 147 43
11 996 400
12 418 154
13 202 390
14 53 347
15 455 358
16 171 877
17 956 945
18 675 81
19 996 213
20 531 1
21 991 200
22 972 477
23 599 63
24 401 970
25 984 90
26 908 560
27 84 715
28 992 3
29 409 72
30 611 219
31 363 481
32 867 557
33 256 938
34 849 868
35 71 632
36 803 350
37 703 580
38 750 210
39 358 219
40 291 217
41 991 214
42 884 691
43 817 8
44 704 919
45 520 136
46 781 223
47 68 725
48 343 293
49 348 947
19 41
19 21
21 41
27 47
38 46
26 32
8 43
6 24
24 49
2 11
39 40
39 48
18 23
7 36
11 22
12 29
27 35
25 28
12 39
9 37
20 23
40 48
6 49
33 49
35 47
12 45
3 46
16 33
22 26
23 45
21 25
3 21
5 16
3 41
3 19
4 14
30 45
19 25
25 41
0 9
2 41
29 45
36 46
15 48
2 19
3 38
8 28
17 34
22 32
26 42
32 42
20 45
1 7
2 22
8 25
30 38
20 29
3 25
12 40
2 21
24 33
18 38
36 38
1 36
18 30
15 31
34 44
13 14
29 39
23 30
5 33
12 48
1 30
7 32
18 43
3 8
18 45
18 20
32 37
15 39
30 46
13 48
7 37
2 36
28 43
18 46
34 42
39 45
3 36
11 26
6 33
16 47
16 27
2 3
13 31
25 43
11 41
3 43
29 40
11 19
7 26
1 38
31 48
0 37
12 20
23 29
16 49
13 40
8 18
1 46
21 28
1 15
11 36
11 21
1 9
7 22
7 46
12 23
11 32
12 30
26 37
12 15
15 30
19 28
41 46
23 38
28 41
21 46
22 36
37 42
38 43
3 28
1 37
2 7
8 46
19 46
15 40
32 36
7 38
8 38
43 46
8 21
7 9
7 11
23 43
10 40
2 46
3 18
2 26
8 41
29 48
15 45
22 42
13 39
8 19
36 41
20 30
30 36
26 36
4 10
45 48
19 36
21 36
38 41
21 38
2 32
38 45
23 46
25 46
40 45
19 38
3 11
5 47
5 49
16 24
0 31
4 13
29 30
36 37
2 25
30 39
9 32
17 44
5 27
13 15
21 43
2 38
3 7
31 39
25 38
10 29
22 41
17 42
9 15
16 35
19 22
7 30
6 44
8 23
9 31
18 29
12 18
3 30
41 43
1 45
14 40
19 43
6 16
31 40
10 39
45 46
13 35
21 22
30 48
20 39
11 46
27 33
4 40
1 32
33 47
0 6
14 35
20 43
7 42
23 39
22 37
9 36
15 29
42 44
1 18
10 12
1 3
9 26
30 43
14 48
9 42
18 36
5 24
7 41
20 38
7 19
3 23
28 46
24 44
3 22
0 44
18 25
1 31
7 21
11 25
11 38
32 34
11 42
26 34
1 23
0 15
0 1
25 36
1 26
10 48
22 46
8 30
10 14
28 38
1 48
12 13
30 40
1 12
20 40
