50 338 374.0053475553525 medium
0 808 698
1 196 758
2 634 726
3 75 240
4 471 954
5 565 914
6 647 999
7 228 68
8 331 895
9 726 988
10 519 259
11 456 221
12 852 1000
13 399 783
14 124 761
15 278 567
16 747 896
17 492 187
18 335 721
19 992 71
20 956 316
21 814 501
22 227 544
23 822 69
24 338 120
25 789 692
26 952 872
27 936 865
28 97 956
29 586 679
30 177 379
31 42 734
32 789 995
33 213 136
34 937 312
35 668 913
36 842 736
37 447 944
38 427 67
39 120 416
40 637 566
41 745 490
42 132 761
43 971 481
44 218 31
45 212 104
46 214 813
47 93 631
48 413 541
49 225 19
14 42
44 49
26 27
20 34
0 25
4 37
33 45
7 44
7 45
7 49
11 17
0 36
15 22
1 46
12 32
9 32
1 42
2 29
30 39
25 36
7 33
21 41
1 14
44 45
10 11
10 17
6 9
16 35
45 49
14 31
6 35
13 18
31 42
9 16
9 35
42 46
4 5
5 35
24 38
14 46
33 44
16 32
31 47
33 49
5 6
7 24
5 37
29 40
8 37
24 33
9 12
24 45
8 13
40 41
14 47
42 47
17 38
15 48
6 32
8 46
6 16
1 18
32 35
12 16
24 44
24 49
4 8
18 46
11 24
1 31
11 38
21 43
2 25
12 27
27 36
22 47
2 40
12 26
1 47
15 18
20 43
22 39
17 24
13 37
19 23
34 43
3 30
22 30
3 33
8 18
26 36
0 2
5 9
4 6
3 39
5 16
28 46
4 13
22 48
16 36
13 46
21 40
31 46
2 35
16 27
1 8
21 25
3 45
15 47
18 48
27 32
14 28
0 21
25 40
28 42
7 38
2 5
4 35
25 29
12 35
2 16
26 32
1 13
6 12
16 26
25 41
18 42
0 16
18 22
6 37
38 49
1 15
2 36
16 25
0 27
5 13
38 44
10 38
15 30
13 29
14 18
0 40
1 22
39 47
0 41
38 45
15 39
46 47
29 48
1 28
0 29
35 37
33 38
40 48
21 34
0 26
41 43
25 27
10 24
28 31
3 7
20 21
5 8
5 29
21 36
22 42
5 32
8 42
14 22
2 13
8 28
13 48
15 42
25 26
9 27
30 33
8 14
29 41
19 34
13 15
19 20
14 15
29 35
35 36
18 37
25 35
3 44
9 26
15 46
18 29
0 35
4 9
11 33
18 47
2 41
34 41
29 36
12 36
32 36
36 41
22 31
30 47
36 40
3 49
37 46
13 42
23 34
22 46
4 18
16 29
11 45
0 43
27 35
2 6
20 41
7 11
13 14
30 45
9 36
2 9
25 43
2 4
20 23
4 16
9 37
17 33
36 43
30 48
26 35
2 37
2 21
2 48
3 24
15 31
21 29
7 17
17 45
4 46
18 31
13 22
33 39
0 32
4 29
13 35
2 18
29 37
5 12
5 18
10 48
0 9
9 25
25 32
16 37
11 44
24 30
0 12
11 49
1 48
2 32
1 37
12 25
7 30
17 44
5 25
17 49
39 48
6 27
11 30
4 32
13 40
11 48
10 41
28 47
0 5
39 45
6 29
6 36
31 39
15 29
6 13
10 40
5 36
10 33
6 26
8 31
8 15
47 48
2 27
6 8
8 29
18 28
41 48
46 48
8 35
1 4
6 25
9 29
18 40
3 22
0 6
13 47
10 45
40 43
14 39
39 42
32 37
2 8
16 40
13 28
7 10
35 40
2 26
2 12
28 37
1 39
30 44
17 23
5 40
8 47
42 48
10 23
15 40
13 31
10 30
17 48
30 49
14 48
8 48
37 42
7 39
5 46
13 16
8 22
24 39
17 30
14 37
18 39
4 28
