50 406 383.6352434279207 medium
0 605 424
1 528 123
2 747 881
3 139 953
4 421 392
5 807 835
6 293 229
7 877 678
8 484 919
9 496 530
10 514 461
11 760 358
12 875 372
13 180 581
14 750 480
15 421 305
16 249 998
17 935 98
18 38 184
19 303 728
20 179 97
21 316 421
22 762 281
23 63 529
24 847 343
25 895 218
26 520 697
27 864 18
28 875 478
29 520 133
30 455 896
31 697 686
32 144 747
33 737 258
34 935 963
35 145 482
36 362 609
37 136 299
38 297 513
39 89 519
40 537 92
41 130 127
42 389 113
43 366 790
44 826 633
45 840 100
46 775 695
47 847 420
48 477 160
49 761 905
1 29
2 49
23 39
1 40
22 33
8 30
12 24
29 40
29 48
12 47
20 41
1 48
28 47
35 39
7 44
9 10
2 5
24 47
11 22
31 46
44 46
5 49
27 45
4 15
11 24
19 43
40 48
21 38
23 35
17 45
0 10
42 48
11 33
7 46
13 35
22 24
12 28
11 47
17 27
18 41
4 21
13 39
14 47
4 10
11 12
36 38
3 16
11 14
14 28
17 25
13 23
25 45
29 42
19 36
24 25
13 38
24 28
30 43
24 33
1 42
31 44
5 46
12 22
22 25
6 15
40 42
6 42
18 37
0 9
35 38
12 25
0 14
15 48
9 36
15 21
4 9
19 32
28 44
22 47
25 33
12 14
18 20
11 28
14 24
0 11
9 26
13 32
14 44
5 7
6 37
37 41
4 38
6 20
8 43
26 31
12 33
26 43
7 31
26 36
5 34
36 43
21 35
10 15
35 37
34 49
13 36
5 31
0 4
2 46
33 45
13 19
6 41
6 21
21 36
11 25
15 42
33 47
6 48
22 45
15 29
14 22
9 38
7 28
2 31
10 21
25 27
5 44
2 34
3 32
20 37
4 6
25 47
38 39
26 30
13 21
9 21
46 49
20 42
1 15
0 33
10 36
0 22
14 31
44 47
19 38
14 46
21 37
0 15
19 26
14 33
10 38
4 36
8 26
37 39
32 43
19 30
22 28
31 49
16 30
23 32
32 39
23 38
7 14
10 26
10 14
9 15
16 43
4 48
28 46
2 7
23 37
0 47
15 38
15 40
24 45
6 29
21 39
8 16
1 33
29 33
35 36
17 22
9 31
17 33
7 49
26 46
0 24
1 6
32 36
9 14
6 18
41 42
28 33
7 47
33 40
2 44
17 24
25 28
8 19
32 35
12 44
2 8
10 11
37 38
11 45
27 33
16 32
28 31
12 45
0 12
21 23
16 19
0 28
9 19
4 29
8 49
0 31
33 48
3 19
3 43
32 38
44 49
13 43
6 40
12 17
4 42
22 27
1 22
11 44
22 29
6 38
46 47
15 37
13 37
38 43
0 26
36 39
0 21
26 38
1 4
10 31
4 35
9 43
24 44
7 34
2 26
19 35
2 30
6 35
0 48
22 40
19 39
14 25
4 37
10 33
30 36
40 45
0 29
10 48
0 44
20 48
31 47
0 36
7 12
30 49
4 13
10 22
21 48
19 21
23 36
22 48
15 36
0 1
19 23
34 46
26 44
1 45
11 17
37 42
9 11
8 31
14 26
21 42
18 35
26 49
5 26
15 20
15 33
0 46
45 47
9 13
30 31
6 10
0 38
4 26
3 30
4 40
29 45
9 46
24 27
15 35
10 29
11 29
1 11
8 36
5 8
17 47
11 31
27 40
10 47
7 24
11 46
12 46
1 10
18 39
0 40
10 19
4 14
4 11
7 11
15 41
15 22
20 29
11 15
21 26
4 33
31 36
30 32
11 48
9 44
18 23
3 8
31 43
11 40
34 44
21 41
41 48
1 20
10 46
20 21
1 27
21 29
10 24
12 27
9 35
6 39
10 13
35 41
4 39
11 27
0 25
4 19
10 44
5 30
7 26
22 44
20 40
18 42
4 22
13 26
24 46
5 14
10 43
12 31
10 28
27 29
6 9
9 33
5 28
9 22
31 34
18 21
1 21
13 15
8 46
9 47
0 6
45 48
37 48
9 30
21 32
10 35
6 13
10 40
10 42
9 48
10 12
0 7
21 43
14 15
3 13
24 31
33 42
30 46
6 23
0 42
35 43
1 25
26 32
25 40
28 45
8 32
4 20
9 28
4 23
36 37
