50 372 376.70280062670093 medium
0 494 668
1 554 212
2 431 147
3 748 248
4 106 112
5 79 317
6 569 236
7 1 469
8 968 575
9 802 613
10 944 142
11 196 522
12 26 987
13 926 955
14 642 388
15 152 47
16 504 222
17 567 725
18 471 74
19 796 685
20 112 244
21 848 784
22 186 256
23 294 363
24 589 359
25 164 99
26 254 227
27 313 903
28 19 451
29 998 395
30 285 719
31 340 798
32 727 477
33 971 130
34 719 362
35 136 702
36 146 190
37 594 944
38 550 932
39 797 194
40 347 637
41 40 159
42 484 590
43 284 749
44 76 238
45 950 967
46 709 671
47 332 518
48 504 299
49 606 777
7 28
13 45
1 6
10 33
30 43
20 44
37 38
1 16
15 25
4 25
14 24
20 36
17 49
6 16
9 19
3 39
22 26
31 43
20 22
16 48
22 36
0 42
5 44
4 15
5 20
4 41
14 34
2 18
36 44
41 44
4 36
19 46
6 48
0 17
25 36
30 31
1 48
30 40
24 48
2 16
27 31
9 46
36 41
20 41
22 44
19 21
26 36
32 34
3 34
40 47
14 32
5 22
6 24
40 43
4 44
24 34
4 20
11 47
25 41
1 2
23 26
20 26
15 36
5 36
40 42
5 28
46 49
30 35
0 40
1 24
16 18
17 46
22 23
20 25
35 43
9 32
10 39
0 49
25 26
27 43
15 41
17 42
22 25
23 47
1 18
31 40
16 24
5 41
2 6
14 48
25 44
4 22
38 49
37 49
42 47
6 14
2 48
8 9
5 7
22 41
3 14
9 21
26 44
21 46
3 6
24 32
8 29
34 39
33 39
27 30
11 23
4 26
13 21
6 18
11 35
11 40
11 28
3 24
2 26
32 46
6 34
1 14
5 26
1 3
15 20
0 31
7 11
8 19
15 44
30 47
4 5
15 26
17 38
21 45
19 49
15 22
0 46
0 30
14 16
11 30
20 23
19 32
23 48
5 23
28 44
17 37
0 47
35 40
3 10
1 34
42 49
34 48
26 41
0 43
31 35
20 28
18 48
23 36
3 32
6 39
17 19
5 25
43 47
5 11
17 40
30 42
17 31
27 38
42 46
8 21
21 49
7 44
11 43
1 39
3 16
14 39
31 38
3 48
16 26
7 20
23 44
3 33
16 23
31 42
24 42
42 43
9 49
2 23
14 42
16 34
22 28
10 29
26 48
8 32
9 17
9 34
2 24
24 39
18 26
11 22
29 33
31 49
27 35
32 42
2 22
27 40
35 47
7 35
0 38
2 25
9 14
8 46
28 35
47 48
23 40
5 15
31 47
29 34
17 30
7 22
29 32
27 37
17 43
29 39
32 48
17 21
6 32
2 36
23 28
3 29
28 36
11 20
14 46
32 39
42 48
28 41
31 37
9 29
0 37
23 25
16 39
40 49
23 24
17 32
11 42
23 42
37 46
2 15
0 27
12 27
13 19
22 47
21 37
1 26
11 26
1 23
26 47
0 32
24 47
0 19
6 23
12 35
38 46
18 25
11 44
18 24
34 46
17 27
39 48
11 31
7 23
7 41
0 9
17 47
4 23
7 36
10 34
6 26
1 32
0 14
9 42
27 49
16 22
28 47
15 18
2 14
22 48
19 45
38 43
5 47
43 49
0 24
32 49
26 28
23 41
19 42
30 49
2 4
3 18
34 42
8 34
19 37
21 32
9 24
0 11
19 34
13 37
2 3
21 38
2 20
24 46
14 19
7 47
11 36
14 47
18 22
16 32
18 23
30 38
16 47
33 34
18 36
14 17
15 23
18 39
38 42
19 38
14 23
4 28
7 26
12 43
20 47
19 29
14 29
23 30
27 42
37 45
13 46
14 18
38 40
2 34
16 36
0 35
24 26
16 25
40 46
9 13
6 42
0 23
35 42
13 49
37 43
2 44
12 31
17 24
4 18
6 47
16 42
24 40
3 9
2 39
0 48
1 22
37 42
4 7
0 21
40 48
12 30
23 35
36 48
8 14
13 38
