50 301 366.87872655688284 medium
0 593 856
1 190 594
2 903 140
3 75 478
4 832 822
5 656 922
6 993 375
7 217 922
8 78 192
9 676 139
10 185 771
11 793 847
12 589 757
13 117 69
14 457 951
15 38 548
16 295 240
17 750 678
18 95 770
19 928 615
20 518 10
21 331 640
22 364 821
23 757 78
24 847 248
25 579 99
26 721 819
27 763 450
28 200 357
29 274 987
30 884 968
31 935 714
32 822 338
33 503 356
34 201 571
35 41 110
36 934 17
37 394 314
38 78 873
39 594 857
40 53 924
41 483 506
42 199 662
43 225 1000
44 267 181
45 963 539
46 934 279
47 970 368
48 152 93
49 390 536
0 39
6 47
1 34
13 48
4 11
29 43
38 40
16 44
1 42
11 26
7 43
3 15
19 45
13 35
7 29
5 39
8 35
10 18
34 42
0 5
24 46
24 32
46 47
41 49
0 12
19 31
12 39
9 23
18 38
9 25
20 25
10 42
4 26
35 48
6 46
33 37
21 49
2 24
5 26
16 37
8 48
27 32
32 46
2 36
8 13
26 39
0 26
21 42
2 46
17 26
44 48
12 26
21 34
7 38
10 38
1 21
4 31
18 42
16 28
32 47
33 41
11 30
7 10
4 30
5 11
3 34
2 23
1 15
18 40
14 22
1 3
7 40
15 34
4 17
0 14
14 39
6 45
45 47
24 47
3 28
11 17
6 32
1 10
31 45
5 12
7 22
23 25
12 17
37 44
21 22
10 22
14 29
13 44
23 36
40 43
28 44
17 31
17 19
22 29
8 44
34 49
23 24
6 24
38 43
11 31
7 18
10 21
15 42
28 37
11 39
1 18
0 11
10 34
5 14
10 40
4 5
21 41
9 24
9 20
16 48
8 28
1 49
37 41
33 49
2 32
28 34
24 27
27 45
26 30
3 42
37 49
8 16
27 47
11 12
18 34
22 43
29 38
2 9
4 19
17 27
42 49
22 42
15 18
29 40
0 22
10 43
5 30
22 39
19 27
10 29
12 22
12 14
35 44
14 43
1 28
0 17
17 39
2 47
16 33
26 31
4 39
0 4
7 14
27 46
6 27
38 42
32 45
9 32
13 16
24 36
20 23
6 19
15 28
19 47
4 12
2 6
17 45
30 31
7 42
28 49
5 17
45 46
36 46
18 43
10 15
23 46
23 32
25 33
28 48
11 19
18 21
12 41
18 22
27 33
9 33
18 29
12 21
25 37
16 35
9 36
27 41
3 8
1 22
22 49
34 41
19 26
22 38
3 18
9 46
28 35
33 44
14 26
19 32
12 49
22 34
13 28
40 42
1 38
3 21
28 33
20 44
7 21
28 42
1 41
24 25
15 21
5 22
30 39
16 49
0 30
21 28
4 45
10 49
3 10
24 45
27 31
16 25
17 41
17 30
32 33
28 41
3 49
16 20
34 37
25 44
9 27
41 42
3 16
16 41
34 38
10 14
2 25
15 38
22 40
37 48
20 37
1 7
9 37
21 33
21 37
29 42
14 21
19 46
22 41
8 37
42 43
0 21
32 36
2 27
25 32
21 39
6 31
21 38
16 34
0 29
29 39
20 33
1 37
17 32
31 47
5 31
12 31
7 34
21 29
11 14
11 45
15 49
36 47
12 27
3 44
19 30
22 26
1 40
8 15
3 37
23 47
24 33
12 30
6 36
25 36
0 41
