50 492 426.4387412044079 medium
0 981 372
1 226 298
2 471 976
3 375 557
4 978 596
5 468 354
6 634 674
7 699 832
8 925 866
9 679 616
10 269 483
11 174 470
12 1000 225
13 797 962
14 228 966
15 858 31
16 840 395
17 240 350
18 220 17
19 826 295
20 616 840
21 44 739
22 534 13
23 279 913
24 935 557
25 930 134
26 691 558
27 638 827
28 571 577
29 164 297
30 527 35
31 784 374
32 700 241
33 481 805
34 849 756
35 599 740
36 345 580
37 618 75
38 750 618
39 434 433
40 222 448
41 147 721
42 249 407
43 673 695
44 707 671
45 642 625
46 684 52
47 709 396
48 785 117
49 237 514
22 30
20 27
3 36
9 45
43 44
6 43
10 49
40 42
6 45
11 40
1 17
17 42
4 24
10 40
9 26
16 31
7 27
9 44
1 29
40 49
38 44
37 46
9 38
6 44
6 9
14 23
6 35
43 45
11 49
31 47
10 42
9 43
44 45
26 45
7 20
26 38
28 45
5 39
35 43
19 31
17 29
27 35
10 11
11 42
30 37
17 40
16 19
20 35
22 37
21 41
42 49
38 45
38 43
1 42
15 48
26 44
12 25
9 28
6 28
46 48
26 28
35 45
10 36
15 25
36 49
35 44
6 38
6 26
3 10
16 47
8 34
33 35
7 35
10 17
27 43
11 17
19 32
3 39
26 43
29 42
7 43
20 33
0 16
3 49
25 48
9 35
0 12
1 40
32 48
6 27
19 47
22 46
32 47
20 43
28 43
31 32
30 46
27 33
8 13
7 44
29 40
7 13
26 47
17 49
28 44
28 35
34 44
6 20
7 34
34 38
27 44
6 7
2 33
36 39
37 48
10 39
0 19
11 29
15 46
1 11
36 40
19 48
28 38
32 37
34 43
39 42
12 19
16 24
3 40
32 46
1 10
0 24
19 25
20 44
35 38
24 38
3 42
0 31
3 28
36 42
28 39
2 20
6 33
27 45
2 23
11 36
26 35
4 34
26 31
16 32
13 27
17 39
13 34
39 40
39 49
10 29
7 45
9 27
1 49
20 45
24 34
7 9
13 20
3 11
7 33
7 38
9 34
16 26
33 43
9 47
27 34
3 5
2 27
0 4
5 42
41 49
38 47
28 36
28 47
5 17
7 8
29 49
23 33
4 38
6 34
9 20
23 41
12 16
27 38
5 10
24 31
45 47
12 15
16 38
12 48
33 45
36 41
2 14
0 25
4 16
15 37
24 26
5 47
34 45
28 33
5 28
31 38
3 17
20 34
1 39
1 5
34 35
11 41
17 36
26 34
25 32
24 44
31 48
5 36
14 41
5 32
27 28
20 38
25 46
12 31
11 39
9 24
33 44
15 32
33 36
5 40
9 31
15 19
20 28
10 41
2 35
30 32
2 7
3 33
30 48
22 48
0 47
9 16
9 33
7 26
26 27
44 47
4 8
3 45
16 25
39 47
24 47
3 41
25 31
5 49
1 18
4 44
19 46
22 32
39 45
40 41
16 48
19 24
3 6
7 28
18 29
26 39
6 47
31 45
47 48
3 35
4 26
8 27
20 26
14 21
21 23
8 44
28 31
13 43
4 31
19 26
24 43
21 49
13 35
11 21
1 3
4 9
14 33
35 36
36 45
12 32
24 45
43 47
5 26
29 39
19 37
16 45
8 38
6 36
8 43
13 44
9 39
1 36
16 44
31 44
18 30
8 24
5 29
3 9
0 32
8 20
6 39
18 22
3 26
5 11
10 28
5 31
5 37
26 32
25 37
4 43
0 48
5 45
6 24
26 33
5 30
15 22
16 28
2 13
33 38
32 39
3 43
41 42
28 34
6 13
15 30
19 38
17 18
37 47
3 29
4 47
6 31
29 36
9 36
5 9
31 46
4 19
4 45
0 38
12 47
12 24
23 36
31 43
28 49
21 36
10 21
21 40
31 37
25 47
2 6
16 43
33 41
0 26
20 23
46 47
2 43
26 36
6 16
13 38
5 22
36 43
35 39
6 8
8 35
8 9
15 31
3 44
4 6
13 33
9 19
39 43
31 39
28 32
12 46
5 6
16 34
35 47
39 44
7 24
0 15
5 19
23 35
28 42
15 16
24 28
4 7
9 13
38 39
3 23
23 27
3 47
13 45
33 34
5 46
4 12
3 20
8 45
28 40
36 44
5 16
33 39
20 36
9 32
16 46
3 27
3 21
19 45
33 49
3 38
19 28
32 38
17 41
24 35
27 36
10 33
2 44
34 47
5 38
8 26
31 34
0 9
32 45
16 37
21 42
2 45
18 42
24 32
15 47
19 44
5 48
19 30
5 44
5 43
10 45
1 30
23 49
17 28
24 27
18 37
37 39
14 36
30 47
4 35
0 44
19 22
0 34
39 41
36 38
4 28
5 35
16 39
36 47
14 20
4 13
30 39
31 35
12 37
4 27
11 28
2 28
6 10
2 41
22 25
25 30
2 36
19 39
2 9
13 26
10 35
5 18
1 22
45 49
16 35
22 47
0 45
24 25
29 41
6 19
3 7
30 31
17 30
20 24
