50 316 374.8132868509333 medium
0 1000 52
1 707 810
2 154 364
3 112 738
4 105 209
5 978 303
6 178 754
7 166 924
8 938 611
9 670 818
10 629 13
11 25 505
12 706 549
13 563 795
14 888 289
15 141 781
16 843 518
17 530 302
18 113 233
19 644 895
20 20 653
21 416 188
22 463 98
23 313 58
24 932 742
25 136 450
26 78 71
27 324 24
28 980 935
29 789 550
30 147 238
31 46 728
32 283 173
33 222 933
34 845 715
35 727 207
36 970 290
37 294 615
38 670 659
39 494 230
40 166 681
41 681 865
42 866 201
43 821 242
44 252 970
45 865 97
46 846 558
47 888 459
48 919 131
49 930 951
5 36
4 18
18 30
23 27
1 9
16 46
6 15
19 41
33 44
9 41
4 30
3 15
28 49
7 33
29 46
1 41
42 43
16 29
45 48
3 31
3 6
6 40
16 47
3 40
20 31
17 39
9 19
14 43
14 36
12 29
42 48
2 25
21 39
14 42
5 14
24 34
7 44
35 43
21 22
15 40
42 45
1 19
8 46
46 47
15 31
9 13
0 48
12 38
23 32
11 25
3 20
2 30
13 19
31 40
8 24
8 16
21 32
29 47
6 31
22 39
36 42
13 41
2 18
35 42
8 34
12 46
12 16
4 26
0 45
37 40
1 13
7 15
43 48
11 20
20 40
30 32
5 42
43 45
27 32
22 23
1 38
36 43
34 46
22 27
9 38
8 47
8 29
14 48
17 21
29 38
2 4
18 26
21 23
36 48
1 34
5 43
14 47
6 7
15 33
13 38
29 34
15 20
35 45
5 47
18 32
14 35
26 30
6 37
4 32
5 48
34 38
6 33
10 22
6 20
36 47
21 27
2 11
14 45
3 7
22 32
16 34
24 28
0 42
38 46
12 47
9 34
24 46
38 41
35 48
24 49
25 30
17 22
12 34
10 35
18 25
32 39
17 35
15 44
3 37
36 45
34 41
16 38
3 33
11 31
11 40
15 37
43 47
6 44
25 37
26 32
7 31
2 32
25 40
14 16
20 25
35 39
5 45
1 24
23 26
19 38
24 29
0 36
8 12
16 24
4 25
7 40
23 30
3 11
23 39
26 27
10 45
34 49
0 5
5 16
10 39
35 36
4 23
28 34
33 40
42 47
34 47
16 36
1 12
0 43
0 14
41 49
1 49
18 23
27 39
5 35
19 34
31 33
3 44
9 12
14 46
8 38
31 37
1 29
9 24
21 30
24 38
10 21
20 37
16 43
27 30
17 32
14 29
24 41
12 13
22 35
11 18
24 47
4 27
5 46
2 37
1 46
3 25
11 37
19 49
9 49
25 31
6 11
13 34
9 29
11 30
36 46
38 47
18 27
17 43
12 24
10 43
35 47
11 15
1 28
40 44
10 42
2 26
12 17
1 8
10 27
10 17
18 21
4 11
6 25
28 41
7 20
29 43
5 8
5 29
21 35
4 21
10 48
25 32
0 35
9 46
2 21
29 36
12 41
43 46
2 40
12 14
31 44
16 42
2 20
10 23
1 16
8 36
13 37
8 14
33 37
19 24
17 23
8 28
39 43
12 43
47 48
15 25
9 28
16 35
29 41
13 29
7 37
19 28
8 9
8 49
12 35
2 23
20 33
22 30
17 27
9 16
30 39
41 46
29 35
17 42
12 19
13 44
29 42
37 44
42 46
21 26
14 17
17 29
8 41
45 47
2 39
5 12
13 33
13 46
12 36
35 46
13 24
0 10
39 42
19 29
4 22
