50 527 478.0041840821061 medium
0 708 169
1 859 44
2 410 514
3 400 675
4 721 418
5 883 559
6 793 263
7 129 758
8 564 674
9 786 465
10 466 983
11 978 186
12 951 10
13 570 120
14 849 402
15 972 568
16 1 495
17 839 380
18 360 726
19 275 285
20 703 639
21 650 992
22 46 285
23 72 618
24 561 139
25 187 163
26 163 956
27 394 705
28 872 215
29 384 451
30 865 857
31 185 229
32 641 221
33 111 1
34 973 356
35 811 218
36 4 927
37 596 612
38 604 317
39 617 446
40 629 791
41 143 968
42 88 57
43 168 750
44 54 423
45 132 226
46 126 315
47 763 239
48 457 214
49 85 254
13 24
26 41
14 17
3 27
6 47
7 43
18 27
6 35
22 49
35 47
31 45
45 49
33 42
28 35
3 18
25 31
2 29
8 37
46 49
4 9
25 45
0 32
22 46
0 47
9 14
45 46
16 44
5 15
6 28
1 12
9 17
32 38
31 49
22 45
31 46
19 31
4 39
11 28
20 37
28 47
0 35
24 32
32 47
13 32
4 17
6 17
0 6
24 48
4 14
38 39
44 46
14 34
8 40
5 9
17 34
25 49
22 44
16 23
8 20
36 41
25 42
0 13
13 48
6 14
22 31
0 24
19 25
7 23
19 46
4 38
19 45
6 32
17 47
5 14
2 3
26 36
23 43
25 46
3 8
17 35
37 39
17 28
20 40
32 35
11 35
9 39
11 34
0 28
4 6
1 28
44 49
8 27
28 34
42 45
38 47
11 12
25 33
38 48
1 35
0 38
37 40
24 38
4 47
32 48
10 21
14 47
5 17
1 11
22 25
14 35
14 28
2 27
19 49
9 20
18 43
19 48
23 44
0 1
6 38
5 20
42 49
31 42
19 29
13 38
6 11
7 26
21 40
6 9
6 34
3 37
26 43
14 15
7 36
2 37
7 41
8 18
20 39
44 45
15 34
9 15
4 32
34 35
4 5
16 22
9 34
1 47
2 18
2 39
16 46
4 35
41 43
12 28
11 47
4 20
5 34
2 8
27 37
3 29
24 47
33 45
32 39
13 47
9 47
1 6
19 22
35 38
15 17
27 43
4 37
28 32
17 39
22 42
29 39
7 18
8 39
31 44
9 38
14 39
11 17
31 33
9 37
34 47
36 43
17 38
3 43
30 40
29 48
9 35
0 17
0 4
27 40
12 35
11 14
10 40
4 28
39 47
21 30
6 39
17 32
27 29
33 49
0 48
16 49
3 40
29 38
14 38
4 34
13 35
19 44
42 46
18 37
24 35
6 24
9 28
6 13
2 19
29 37
7 27
0 11
20 30
0 14
31 48
25 48
14 32
18 29
2 38
18 40
10 18
15 20
14 20
1 32
39 48
3 7
9 32
8 29
28 38
10 27
5 39
0 12
22 33
0 39
29 46
5 37
25 44
4 15
7 16
17 20
19 42
37 38
12 47
29 31
6 12
5 30
1 13
16 45
35 39
4 8
18 26
2 48
10 26
16 43
8 9
3 20
0 9
47 48
18 23
23 46
15 30
5 6
24 39
1 24
33 46
3 10
3 39
20 27
23 36
13 28
2 20
24 28
19 24
4 24
10 41
16 31
8 10
0 34
18 41
45 48
2 4
19 33
14 37
13 39
8 21
19 38
29 44
1 34
3 23
23 27
4 48
22 23
4 13
17 37
1 17
20 38
29 45
13 19
2 43
4 29
9 11
11 32
5 8
6 48
26 27
5 47
27 39
7 44
5 40
28 39
5 28
29 32
39 40
16 19
46 48
4 11
43 44
12 34
2 46
5 35
25 29
23 26
8 30
2 40
2 23
6 15
18 20
23 29
35 48
20 21
23 41
29 49
1 14
32 34
24 29
8 38
9 40
2 31
27 41
30 37
23 49
15 28
34 39
2 44
42 44
3 26
17 24
29 43
5 38
20 29
34 38
19 32
2 7
2 32
1 38
13 17
48 49
24 25
12 32
15 39
22 29
19 39
10 43
15 37
2 9
13 29
18 39
16 25
11 15
21 37
4 40
21 27
5 11
15 35
13 25
16 29
12 17
6 20
24 31
3 41
15 47
19 23
14 24
20 34
10 37
18 21
32 37
8 14
9 24
11 38
12 13
23 45
13 14
1 4
7 29
9 30
13 31
2 45
6 37
42 48
9 29
8 17
8 43
3 21
2 24
20 47
12 14
23 31
7 10
33 48
9 13
37 47
18 36
15 40
2 16
3 19
12 24
3 4
3 38
11 13
9 48
28 48
5 32
2 25
2 49
17 48
22 48
10 20
10 30
29 40
11 24
8 15
37 48
20 32
2 13
33 44
16 18
1 9
0 5
3 44
31 38
0 29
2 22
18 44
16 36
29 47
20 35
14 48
4 27
1 48
19 27
43 46
3 16
24 45
3 9
27 38
27 44
7 46
7 8
25 38
11 39
15 38
16 27
16 42
14 40
2 47
0 19
27 36
35 37
18 19
2 17
37 43
6 29
13 45
3 46
2 14
44 48
14 30
34 37
0 2
31 32
20 28
0 37
25 32
2 6
19 37
8 32
9 27
17 29
17 40
4 30
40 43
12 38
3 48
10 36
4 19
24 34
13 34
14 29
4 12
1 39
24 46
23 25
3 36
0 20
6 8
24 33
8 48
2 10
18 46
27 46
13 33
24 37
4 18
38 40
2 5
18 38
19 43
17 30
38 46
