50 292 310.9340766143203 medium
0 252 780
1 661 602
2 777 288
3 416 83
4 285 489
5 291 262
6 343 830
7 408 979
8 585 148
9 278 352
10 517 922
11 978 621
12 423 664
13 732 936
14 747 108
15 479 406
16 598 151
17 490 165
18 669 446
19 225 809
20 895 905
21 348 369
22 775 317
23 560 593
24 891 53
25 920 602
26 838 490
27 319 452
28 898 662
29 372 79
30 788 492
31 115 451
32 917 344
33 372 892
34 367 986
35 909 789
36 229 608
37 554 151
38 357 898
39 133 33
40 368 810
41 401 329
42 771 731
43 77 806
44 852 651
45 301 880
46 625 641
47 175 397
48 323 262
49 898 266
8 16
33 38
2 22
8 37
5 48
6 40
0 19
7 34
16 37
3 29
28 44
26 30
4 27
1 46
38 45
11 25
25 28
6 45
17 37
21 41
6 33
6 38
33 45
9 21
32 49
31 47
23 46
33 40
25 44
21 27
34 38
38 40
11 28
5 9
33 34
7 33
7 38
8 17
40 45
9 48
1 23
41 48
0 6
19 45
9 27
16 17
15 41
21 48
3 17
0 45
9 47
42 44
20 35
0 40
6 19
5 21
2 49
7 10
34 45
9 41
28 35
18 30
5 41
11 44
4 36
22 49
4 21
15 21
4 9
25 26
19 40
4 47
28 42
22 32
7 45
17 29
27 41
19 43
10 33
35 44
35 42
2 32
3 37
14 24
27 47
12 23
14 16
12 40
1 18
6 34
0 38
19 38
26 44
10 38
6 7
10 34
0 33
13 20
26 32
15 27
8 14
18 22
1 30
19 33
1 42
30 44
42 46
25 30
0 36
7 40
4 31
18 26
21 47
22 30
34 40
0 43
5 47
27 36
3 8
11 35
26 28
2 14
18 23
22 26
6 12
10 40
17 41
25 35
29 48
27 48
9 31
2 18
11 26
5 27
17 48
31 36
15 18
3 16
29 37
30 32
6 10
25 42
1 44
4 41
14 37
18 46
5 29
47 48
19 36
3 48
12 36
28 30
12 46
15 23
27 31
2 30
0 12
9 15
13 42
1 26
14 22
4 15
2 26
15 48
24 49
20 42
10 13
36 47
3 5
14 49
10 45
30 46
5 17
4 12
8 29
2 16
19 34
4 5
44 46
11 30
13 35
4 48
26 49
12 33
11 42
37 41
43 45
0 34
41 47
12 27
5 15
16 29
2 8
30 42
15 17
16 22
20 28
12 38
29 39
1 28
36 40
12 19
1 12
3 41
21 31
12 45
17 21
23 30
6 36
36 43
7 19
26 42
30 49
29 41
23 42
0 7
8 22
37 48
20 44
25 32
8 41
5 31
1 25
9 36
26 46
2 24
2 37
14 17
12 15
16 41
15 37
21 36
6 43
1 15
18 32
28 46
10 12
18 44
22 37
15 46
5 39
8 15
23 27
31 48
36 45
15 16
9 17
11 32
5 37
8 48
3 39
22 24
9 29
23 40
14 32
21 29
40 43
18 49
24 32
18 41
0 4
3 21
4 23
38 43
18 25
11 20
23 26
16 48
39 48
25 46
23 44
21 37
0 10
10 46
3 9
18 42
16 18
20 25
15 47
12 21
1 22
33 43
26 35
40 46
23 41
21 23
16 24
15 22
13 44
8 18
1 35
31 41
