50 493 458.5280798380836 medium
0 95 141
1 773 484
2 22 831
3 582 800
4 101 117
5 283 716
6 69 478
7 721 708
8 109 349
9 760 109
10 288 36
11 536 276
12 588 591
13 259 175
14 222 977
15 34 725
16 348 120
17 861 529
18 293 9
19 708 529
20 342 84
21 348 841
22 69 860
23 10 989
24 405 274
25 94 526
26 366 170
27 555 285
28 344 809
29 512 717
30 507 823
31 480 351
32 115 856
33 561 226
34 641 819
35 479 162
36 495 890
37 304 366
38 715 325
39 208 83
40 175 153
41 231 651
42 894 949
43 894 562
44 803 909
45 986 905
46 366 801
47 161 996
48 615 263
49 60 719
11 27
28 46
0 4
15 49
10 18
21 28
16 20
21 46
22 32
17 43
16 26
6 25
2 22
11 33
27 33
3 34
14 47
27 48
33 48
30 36
10 20
39 40
3 30
1 19
11 48
0 40
4 40
5 41
13 40
20 26
18 20
10 39
11 31
2 32
1 17
42 44
27 31
42 45
10 16
33 35
13 16
13 39
29 30
2 15
13 26
24 31
3 29
24 26
5 28
4 39
18 39
26 35
38 48
2 49
5 46
13 20
16 18
3 36
0 39
11 35
11 24
20 39
30 34
24 35
6 8
12 19
24 37
7 34
16 35
15 22
5 21
22 49
22 23
10 13
30 46
1 43
27 35
16 39
12 29
32 47
32 49
31 33
24 27
23 47
17 19
15 32
21 36
10 26
36 46
20 35
2 23
21 30
31 48
14 32
34 36
10 40
24 33
28 30
22 47
16 24
29 34
27 38
3 7
0 13
4 13
29 46
1 38
35 48
13 18
23 32
28 36
29 36
16 40
13 24
31 37
18 26
7 12
8 25
7 19
26 39
20 40
44 45
33 38
41 49
34 44
14 21
25 41
11 38
18 40
19 43
31 35
28 29
26 40
14 22
28 41
8 37
25 49
13 37
20 24
11 26
41 46
26 33
4 10
19 38
26 37
21 29
8 40
14 28
15 25
0 8
3 12
7 29
24 48
15 41
9 48
14 23
1 12
26 31
2 47
3 46
7 44
5 32
0 10
4 18
13 35
9 38
26 27
5 49
21 41
7 43
7 17
14 46
10 35
5 29
8 13
1 7
9 33
4 8
21 32
28 32
12 34
32 41
31 38
6 41
3 21
16 33
0 18
3 28
18 35
6 49
21 47
7 30
4 20
11 16
12 30
3 44
4 16
2 14
5 30
11 37
37 40
5 15
6 15
16 37
17 38
0 20
0 16
32 46
5 22
24 40
6 37
20 33
28 47
12 31
27 37
25 37
22 41
16 27
15 23
10 24
26 48
16 31
5 25
5 14
35 37
9 27
4 26
19 29
1 48
0 26
11 20
5 36
24 39
23 49
34 46
2 41
9 11
21 22
22 28
12 17
19 48
35 39
13 31
46 47
8 39
34 42
20 37
2 5
9 35
14 36
35 38
18 24
19 27
29 41
19 31
7 36
33 37
20 27
21 34
37 41
12 38
11 13
47 49
1 27
7 42
38 43
28 34
19 34
28 49
37 39
3 19
15 47
20 31
22 46
16 48
35 40
14 49
8 24
5 47
12 46
11 19
13 33
0 37
12 43
12 27
30 44
36 44
3 5
21 49
12 36
8 26
2 25
24 38
14 15
1 11
13 27
46 49
11 12
5 6
15 28
4 37
1 31
2 28
14 30
30 41
8 41
14 41
2 21
20 48
12 28
37 48
12 48
5 12
7 45
10 37
25 32
8 16
10 33
1 33
15 21
22 25
19 33
0 24
0 6
15 46
6 40
4 24
18 33
10 11
2 46
3 42
12 21
29 44
1 29
36 47
5 37
41 47
8 20
43 45
34 45
36 41
2 6
19 30
18 37
6 13
43 44
1 34
8 10
34 43
11 18
12 41
17 48
12 37
4 6
31 40
17 34
10 27
12 33
12 24
13 48
7 46
29 31
10 31
21 23
1 3
9 31
8 31
5 34
8 49
1 9
25 28
23 28
18 27
11 39
4 35
6 32
33 39
3 41
11 40
32 36
25 40
31 39
26 38
6 22
7 38
8 15
12 44
17 44
0 35
0 25
5 23
8 18
25 46
30 47
42 43
13 25
3 17
14 29
18 31
31 41
7 28
17 27
9 24
19 44
3 43
33 40
6 24
30 32
7 21
19 24
17 45
17 29
10 48
9 26
24 25
3 14
27 39
27 40
23 46
36 42
23 41
21 25
5 8
30 42
29 37
43 48
4 25
18 48
11 17
9 16
29 43
37 38
8 35
5 31
24 41
3 45
6 39
9 20
19 36
16 38
17 31
29 32
17 42
9 19
1 24
25 31
1 44
17 33
22 36
6 26
37 49
6 31
6 28
7 31
1 30
9 17
19 35
8 11
27 29
19 37
1 35
19 46
27 43
5 7
0 31
6 46
37 46
22 30
29 38
11 29
12 35
34 41
20 38
28 37
39 48
4 31
29 42
14 34
25 26
29 47
15 37
44 46
8 27
29 49
40 48
6 16
7 27
24 29
25 39
7 48
6 21
11 43
5 24
