50 340 333.0615558721841 medium
0 667 229
1 953 692
2 365 841
3 373 893
4 350 188
5 533 888
6 976 680
7 711 564
8 227 735
9 509 603
10 75 748
11 57 404
12 547 365
13 465 508
14 337 538
15 396 825
16 408 794
17 49 265
18 439 442
19 601 963
20 540 42
21 740 558
22 391 500
23 713 830
24 904 391
25 137 818
26 523 641
27 759 732
28 949 50
29 484 944
30 893 222
31 944 876
32 809 640
33 890 355
34 262 858
35 135 745
36 239 835
37 636 103
38 113 806
39 648 558
40 321 405
41 135 887
42 476 861
43 212 921
44 796 545
45 699 979
46 422 6
47 228 31
48 785 866
49 500 659
1 6
25 38
26 49
7 21
34 36
15 16
2 15
24 33
9 26
2 3
9 49
21 44
10 35
5 42
7 39
2 16
35 38
14 22
25 41
10 38
13 18
3 15
25 35
5 29
13 22
18 22
34 43
23 48
29 42
38 41
41 43
7 44
15 42
36 43
21 39
8 35
10 25
16 42
32 44
19 45
8 36
5 19
25 36
2 34
9 13
27 32
3 16
21 32
3 42
23 27
2 42
20 37
36 41
3 34
22 40
19 29
3 29
8 25
20 46
18 40
7 32
2 36
25 43
8 34
36 38
0 37
34 41
25 34
13 14
12 18
30 33
14 40
8 38
27 48
35 36
15 34
11 17
14 18
35 41
45 48
13 26
3 36
9 39
15 29
39 44
23 45
26 39
5 15
10 41
38 43
8 10
1 32
13 49
5 16
9 22
15 36
2 29
34 38
31 48
16 34
3 5
19 42
16 49
3 43
12 13
16 29
24 30
34 35
6 32
2 43
19 23
16 36
2 8
2 5
7 27
21 27
9 18
13 40
8 41
39 49
32 39
28 30
0 12
9 14
1 31
10 36
8 43
24 44
5 23
5 45
13 39
8 16
27 44
16 26
8 15
35 43
22 49
22 26
46 47
4 46
15 49
1 27
6 31
4 47
14 49
7 26
42 49
7 9
12 22
27 39
15 43
19 48
33 44
14 26
23 32
34 42
1 44
3 8
18 26
9 16
10 34
12 39
29 45
4 40
10 43
6 27
15 26
26 42
6 44
18 49
8 14
0 20
0 30
2 49
32 48
2 25
12 40
5 49
7 49
21 26
16 43
21 24
27 31
2 41
37 46
9 21
23 31
29 34
3 41
36 42
3 19
23 42
18 39
4 20
9 12
1 48
15 19
5 26
3 25
9 15
2 35
1 21
7 13
42 45
21 33
26 27
5 48
27 45
2 38
2 26
23 29
0 33
16 19
7 12
15 25
7 24
9 42
21 49
22 39
11 40
4 12
14 16
2 19
6 21
31 45
7 23
3 49
24 32
6 48
23 26
29 36
15 41
27 49
4 18
42 43
31 32
16 25
12 14
5 34
12 21
29 43
15 35
9 40
23 49
21 23
1 7
3 38
5 27
7 33
12 37
1 23
12 26
16 35
2 9
8 42
13 21
23 39
19 27
3 35
9 27
30 37
8 49
15 38
29 49
26 32
5 9
8 22
0 24
16 41
14 35
6 7
26 44
13 16
9 44
14 15
3 26
16 22
17 47
16 38
32 33
23 44
12 49
6 24
7 18
4 37
5 36
9 32
6 23
2 14
2 10
1 24
9 23
26 29
24 39
17 40
16 23
12 44
42 48
32 49
34 49
11 14
8 26
26 40
28 33
4 17
40 49
7 48
29 48
27 42
21 48
8 9
14 39
0 18
20 47
14 36
4 22
36 49
33 39
15 23
44 49
28 37
0 4
3 9
19 49
44 48
18 21
5 43
12 20
13 15
15 22
7 22
14 34
8 13
0 39
10 15
8 29
0 46
19 26
3 10
13 44
