50 470 460.40960024743185 medium
0 292 712
1 22 939
2 959 715
3 297 427
4 383 247
5 706 814
6 843 99
7 277 31
8 1000 185
9 798 345
10 841 118
11 54 77
12 634 461
13 26 518
14 588 852
15 292 800
16 883 908
17 359 4
18 900 875
19 463 832
20 702 576
21 48 583
22 691 348
23 965 861
24 937 375
25 477 30
26 689 964
27 422 95
28 314 969
29 465 627
30 917 852
31 145 273
32 646 345
33 430 598
34 869 215
35 139 308
36 366 830
37 617 162
38 675 560
39 641 49
40 968 661
41 251 85
42 772 542
43 216 524
44 342 206
45 535 149
46 610 982
47 813 383
48 986 184
49 908 65
8 48
6 10
18 30
20 38
31 35
16 18
9 47
22 32
29 33
23 30
2 40
4 44
7 41
16 30
18 23
13 21
6 49
20 42
15 36
26 46
37 45
25 27
10 49
7 17
0 15
16 23
19 36
38 42
10 34
9 22
12 38
17 27
37 39
12 32
6 34
17 25
34 48
5 14
24 47
27 45
3 43
12 22
14 19
22 47
14 46
25 45
12 20
8 34
17 41
27 44
0 36
9 24
48 49
2 30
39 45
2 23
9 34
28 36
14 26
5 26
8 49
41 44
9 32
34 49
4 27
7 27
10 48
12 42
42 47
25 39
6 48
15 28
2 18
32 47
27 41
8 10
24 34
15 19
34 47
21 43
0 33
6 8
4 45
32 37
7 44
13 43
25 37
0 29
5 46
12 47
11 41
24 48
30 40
3 35
9 42
3 4
7 25
23 40
8 24
22 37
5 16
9 12
44 45
16 26
19 28
17 44
0 43
5 18
19 29
27 37
2 16
31 44
6 39
0 19
4 41
19 46
22 42
10 39
22 38
5 30
31 41
11 31
3 31
3 33
32 38
29 38
25 44
22 34
20 47
14 36
27 39
38 47
18 40
32 45
3 44
29 36
33 43
35 44
7 11
17 45
20 22
10 37
18 26
40 42
35 43
9 10
25 41
32 42
6 37
24 42
19 33
4 25
12 29
20 32
5 20
13 35
4 31
4 7
33 36
20 29
5 19
4 17
15 33
15 29
12 33
11 35
22 24
9 48
9 38
33 38
4 37
35 41
6 9
9 20
4 35
22 45
26 30
2 42
5 38
14 29
9 37
34 37
8 9
0 28
32 34
31 43
3 29
16 40
19 26
5 23
47 48
10 47
39 49
29 43
2 5
8 47
13 31
20 33
10 24
10 22
7 31
0 21
37 44
20 40
5 42
4 32
34 39
16 46
7 45
0 3
17 39
6 47
3 13
15 43
36 46
24 40
21 35
41 45
6 24
6 22
2 20
24 32
1 28
3 21
23 26
37 47
32 39
28 46
14 28
14 20
14 33
10 32
12 37
14 16
14 15
9 49
17 37
22 39
5 40
1 15
14 38
5 29
37 49
10 45
18 46
20 24
7 35
38 40
24 49
6 45
14 18
11 17
12 24
6 32
11 44
40 47
29 42
24 38
4 43
2 38
4 22
21 31
4 39
15 21
12 45
0 14
9 45
14 30
0 13
27 31
4 12
47 49
32 33
30 46
32 44
9 39
29 32
27 32
22 48
39 44
3 12
12 34
5 36
34 45
2 24
36 43
34 42
43 44
30 42
17 31
19 38
3 41
33 42
8 22
26 36
20 30
19 20
5 33
0 1
4 33
27 35
3 27
22 49
18 42
1 21
25 32
3 32
18 20
9 40
22 29
5 12
14 42
1 36
22 33
2 47
45 47
7 37
7 39
3 45
15 46
2 26
11 27
22 27
37 48
4 11
39 48
6 25
23 42
3 15
28 29
37 41
10 25
26 28
23 46
17 35
39 47
32 48
22 44
14 23
16 20
30 38
21 33
45 49
16 42
22 25
32 49
29 46
8 37
8 39
24 37
18 38
13 15
12 44
20 23
20 26
8 32
28 33
4 29
12 40
39 41
12 14
19 43
2 14
34 38
3 7
20 34
10 12
3 38
33 44
3 22
37 38
21 36
2 9
26 38
26 29
16 38
12 19
3 36
31 45
36 38
37 42
33 35
25 31
13 33
26 40
0 38
12 39
2 12
5 15
3 37
20 46
42 48
0 46
22 40
23 38
6 12
21 29
10 27
1 13
6 27
20 36
5 28
20 37
12 43
12 27
8 42
19 42
33 46
0 12
29 47
14 40
11 25
3 11
0 5
4 9
35 45
16 19
38 46
3 17
4 38
15 26
10 42
26 42
3 20
0 20
0 35
31 33
25 49
25 34
38 45
3 25
9 29
25 35
3 19
29 44
18 19
33 47
2 46
24 39
41 43
11 13
13 44
5 47
17 32
9 33
12 48
4 13
26 33
6 42
9 25
4 47
32 40
9 27
15 38
13 29
45 48
1 19
2 22
19 30
28 43
12 36
29 35
34 40
1 43
4 20
8 12
20 45
12 25
42 45
38 43
