50 582 495.6490694029396 medium
0 67 285
1 760 482
2 190 407
3 946 355
4 867 380
5 63 197
6 574 974
7 194 838
8 470 160
9 355 859
10 48 873
11 673 726
12 857 483
13 595 803
14 953 92
15 499 340
16 625 553
17 611 59
18 233 999
19 602 890
20 921 502
21 374 756
22 676 381
23 879 906
24 439 788
25 173 947
26 700 562
27 82 448
28 665 921
29 654 389
30 926 763
31 667 258
32 46 209
33 54 625
34 774 832
35 826 644
36 599 238
37 135 140
38 576 230
39 905 760
40 915 485
41 732 865
42 51 236
43 919 751
44 660 300
45 602 714
46 592 148
47 286 312
48 906 456
49 908 392
30 43
39 43
20 40
5 32
30 39
22 29
36 38
32 42
40 48
5 42
31 44
4 49
20 48
0 42
3 49
34 41
12 48
12 40
48 49
12 20
19 28
31 36
11 45
21 24
16 26
0 32
18 25
22 44
3 4
38 46
4 48
36 44
13 19
28 41
0 5
6 19
29 44
13 45
36 46
17 46
5 37
40 49
31 38
1 12
1 26
4 12
12 49
9 21
6 28
3 48
38 44
11 13
9 24
20 49
7 25
32 37
4 40
2 27
8 46
22 31
8 38
37 42
23 34
1 22
29 31
19 41
31 46
4 20
3 40
15 38
2 47
13 28
35 39
28 34
1 29
35 43
15 36
10 25
11 34
1 4
23 39
1 48
3 20
34 39
7 10
26 35
13 41
23 30
8 36
11 41
1 16
23 41
1 40
30 35
3 12
13 24
23 43
0 37
29 36
1 20
7 9
22 36
15 29
16 45
0 27
12 35
7 18
15 44
34 43
11 26
44 46
16 29
30 34
20 35
6 13
1 49
0 2
8 17
11 35
17 38
1 35
12 26
19 45
29 38
11 19
26 29
24 45
27 33
16 22
17 36
11 16
26 45
22 38
13 34
19 34
15 22
35 40
8 15
22 26
9 18
15 31
4 22
6 41
19 24
34 35
11 28
7 21
41 45
9 25
39 41
35 48
17 31
1 44
12 22
34 45
4 29
15 46
27 42
23 28
15 47
28 45
41 43
30 41
8 31
2 42
16 35
0 47
4 44
12 29
10 18
1 3
13 21
26 40
37 47
20 26
6 24
26 48
21 45
22 49
4 31
11 39
35 45
8 44
8 47
35 41
27 32
22 48
11 24
12 16
1 31
2 32
27 47
6 34
2 5
17 44
9 13
42 47
4 26
11 43
6 9
15 16
22 46
10 33
29 46
9 19
20 43
7 24
5 47
5 27
13 16
29 49
7 33
16 44
11 30
2 33
20 39
1 11
22 40
29 48
20 30
32 47
6 45
24 28
13 26
3 14
19 21
44 49
35 49
26 44
40 43
6 11
4 35
23 35
26 49
12 44
3 22
2 37
20 22
11 23
12 43
39 40
31 49
21 25
19 23
29 40
30 40
26 34
13 35
1 45
18 21
12 39
26 39
9 45
12 30
28 39
26 43
20 29
3 44
44 48
1 36
8 29
3 29
12 31
18 24
43 48
3 31
6 21
1 15
16 48
4 16
16 40
16 31
15 26
16 24
16 20
11 21
4 14
38 47
13 23
8 22
26 30
15 17
22 35
24 41
4 36
14 49
39 48
26 41
11 12
28 30
28 43
26 31
39 45
9 10
29 35
30 48
24 25
31 48
1 38
1 43
6 23
27 37
3 35
13 39
1 39
40 44
16 36
9 28
2 15
16 34
43 45
28 35
3 26
36 47
16 21
16 49
1 30
16 38
4 38
30 45
13 43
17 22
29 45
19 39
16 41
20 44
14 31
19 35
17 29
13 30
11 20
21 28
8 37
31 40
23 45
11 29
16 19
24 34
26 36
0 33
22 45
11 40
6 18
19 26
25 33
14 17
12 45
9 11
11 22
24 26
36 49
21 33
19 43
10 21
46 47
19 30
16 39
1 34
20 31
26 38
16 43
12 36
11 48
12 34
43 49
14 44
4 46
26 28
1 13
20 34
14 46
3 36
16 30
14 48
39 49
38 49
4 15
16 28
30 49
2 8
1 46
44 47
21 41
34 40
4 43
29 47
36 48
9 41
3 16
12 38
21 26
9 33
4 39
35 44
14 36
20 45
1 41
18 19
31 47
12 15
4 30
23 26
40 45
15 45
33 42
33 47
3 38
6 39
2 21
14 40
22 47
4 11
3 43
34 48
45 48
46 49
38 48
10 24
14 22
36 40
14 38
6 25
12 41
7 13
12 14
6 7
7 27
20 23
16 46
3 39
21 34
9 16
11 49
3 30
5 8
20 41
3 46
6 30
4 17
6 43
14 20
7 19
13 18
17 47
15 49
24 35
12 13
18 33
6 35
15 37
16 47
32 33
20 36
31 35
44 45
24 33
13 29
9 34
14 29
40 41
0 8
8 16
23 40
15 48
11 15
12 23
6 16
38 40
21 27
2 38
8 42
11 44
10 27
4 45
7 45
8 32
12 46
26 46
5 33
13 22
15 27
6 26
2 7
19 25
1 8
15 21
16 23
1 14
0 15
1 19
18 28
20 38
46 48
1 23
15 40
2 36
22 43
22 39
1 24
13 20
45 49
41 48
13 25
17 49
15 35
3 17
3 15
29 39
1 17
29 43
1 28
37 38
23 48
13 40
15 24
15 20
21 47
24 29
4 8
2 24
9 26
23 24
22 30
37 46
2 16
5 15
29 34
15 42
34 49
31 45
3 11
4 34
22 34
21 29
29 30
8 26
2 29
35 36
21 35
13 48
18 45
40 46
24 39
11 31
22 24
15 32
13 15
1 21
36 37
36 45
2 46
12 28
7 28
12 19
2 9
24 43
21 22
2 44
29 41
17 37
8 27
20 46
35 38
26 47
38 45
2 22
2 10
22 41
24 30
8 14
25 45
12 17
20 28
33 37
7 11
25 28
24 27
9 27
11 36
16 17
17 48
8 49
