50 568 507.56083379236424 medium
0 750 239
1 571 892
2 691 7
3 776 469
4 443 842
5 450 972
6 683 569
7 972 37
8 410 231
9 843 959
10 179 874
11 383 144
12 736 453
13 553 394
14 905 897
15 967 45
16 817 999
17 121 334
18 857 674
19 688 85
20 467 834
21 935 989
22 314 899
23 386 488
24 192 284
25 587 301
26 941 74
27 168 414
28 363 741
29 461 364
30 235 731
31 966 135
32 227 849
33 122 737
34 173 176
35 634 126
36 748 947
37 862 152
38 145 666
39 462 697
40 530 863
41 565 542
42 611 194
43 954 81
44 694 836
45 9 50
46 33 457
47 655 829
48 911 638
49 347 475
7 15
26 43
4 20
15 43
15 26
44 47
23 49
3 12
7 43
9 16
7 26
1 40
10 32
31 43
18 48
26 31
19 35
20 40
35 42
33 38
2 19
16 36
17 24
9 14
4 40
15 31
8 11
17 27
9 36
9 21
14 21
13 29
7 31
13 25
22 32
1 47
31 37
28 39
24 34
25 42
26 37
30 38
30 33
37 43
30 32
16 21
1 20
6 41
36 44
6 12
28 30
4 28
40 47
4 5
2 35
24 27
19 42
14 16
1 44
5 40
3 6
20 39
10 22
1 4
5 20
20 28
25 29
4 22
27 46
0 37
8 29
23 29
1 5
0 42
4 39
10 33
13 41
15 37
36 47
17 46
32 33
10 30
5 22
29 49
7 37
0 35
14 36
22 28
0 19
40 44
20 22
17 34
28 32
0 25
39 40
25 35
1 36
22 30
39 41
19 37
23 41
20 47
27 49
8 25
13 23
21 36
12 13
12 41
9 44
32 38
6 18
2 42
16 44
8 42
29 41
34 45
28 40
13 42
10 38
4 47
11 34
12 25
0 12
4 32
3 48
8 13
6 13
22 40
14 44
3 18
13 49
23 39
3 41
1 39
2 37
8 24
29 42
20 44
10 28
41 49
14 18
9 47
35 37
30 39
18 44
23 27
28 38
0 3
11 29
11 42
36 40
39 47
16 47
24 46
3 13
4 30
11 24
38 46
27 34
6 48
19 25
0 2
0 31
20 32
28 33
25 41
8 34
24 49
5 28
8 35
5 47
39 49
22 39
0 13
4 44
22 33
11 35
12 18
8 49
0 26
3 25
27 38
19 26
20 30
23 28
37 42
18 47
12 48
5 32
6 39
1 28
1 22
11 25
0 43
8 23
2 26
14 48
14 47
6 47
4 10
19 43
17 49
28 49
6 44
1 16
39 44
2 43
23 25
5 39
38 49
2 15
5 44
30 49
32 39
13 35
1 9
24 29
23 24
15 19
19 31
2 7
28 41
6 25
9 18
21 44
23 30
12 42
22 38
7 19
5 10
12 29
10 20
0 15
44 48
33 46
18 36
29 35
25 49
24 45
27 29
5 36
23 38
0 7
41 47
6 29
11 13
20 36
32 40
2 31
8 27
28 47
17 45
17 23
8 17
6 23
20 41
11 19
26 35
2 25
25 37
34 46
8 19
46 49
0 29
13 39
16 40
38 39
47 48
18 41
3 42
41 44
21 47
4 36
40 41
5 30
35 43
30 40
11 17
4 41
27 30
18 21
27 33
12 37
9 40
16 18
9 48
3 37
6 40
3 29
31 35
17 38
11 49
29 39
10 39
1 14
0 6
2 11
13 19
4 33
0 8
30 46
17 29
1 6
6 20
33 39
12 35
15 35
29 34
11 23
28 44
11 27
33 49
34 49
4 38
1 32
8 41
22 47
6 49
36 48
7 35
1 41
41 42
26 42
10 40
12 23
21 48
23 46
0 41
20 23
20 33
4 23
41 48
2 8
1 18
19 29
31 42
42 43
23 33
20 38
6 28
4 6
12 39
5 16
23 42
12 19
3 35
1 30
16 48
3 44
14 40
1 21
13 24
18 40
23 34
20 49
0 11
4 49
3 47
36 39
30 41
27 28
6 42
6 36
3 31
12 47
24 38
22 44
12 44
13 27
42 49
11 45
15 42
16 20
3 39
28 29
12 49
3 23
1 10
12 31
13 37
32 49
5 9
7 42
3 19
8 12
23 32
24 25
13 28
18 39
6 14
9 20
27 45
23 40
17 33
5 33
4 16
45 46
27 39
2 13
17 30
13 18
25 31
25 39
4 9
27 41
22 23
25 26
6 9
18 20
35 41
21 40
1 48
2 29
22 49
3 43
33 40
25 43
3 26
32 47
24 42
40 49
3 49
0 48
12 26
29 30
12 43
30 47
5 38
25 34
38 40
10 49
13 48
25 27
23 47
6 8
28 46
13 17
22 41
3 8
22 36
28 36
29 38
32 46
11 41
38 41
29 46
10 23
13 34
34 42
23 35
27 32
8 46
8 45
0 23
10 46
40 48
14 20
1 23
36 41
5 41
6 35
4 18
13 47
3 14
0 18
2 12
13 20
24 30
6 16
35 49
39 48
24 41
29 37
6 37
32 41
15 25
24 33
12 40
8 37
10 27
18 25
5 14
4 13
9 39
13 30
34 35
13 44
3 40
23 44
3 15
4 14
5 6
16 39
12 20
7 25
0 49
17 25
32 44
25 48
12 15
8 39
1 12
11 12
47 49
24 35
11 46
13 40
2 3
20 29
1 3
30 44
12 28
19 41
1 49
17 28
3 7
1 33
12 14
6 30
10 47
3 20
7 12
4 29
3 36
11 37
1 38
33 41
6 19
5 21
20 48
14 39
4 12
13 31
24 28
5 23
37 48
6 21
37 41
17 41
13 38
34 38
14 41
39 46
20 21
24 39
25 28
12 36
3 28
3 9
27 42
6 22
17 39
1 13
18 28
3 4
44 49
9 41
18 29
13 26
19 23
29 40
29 47
29 33
5 18
31 48
18 23
22 27
5 49
