50 384 356.23728047468586 medium
0 603 123
1 440 280
2 509 633
3 800 557
4 8 911
5 787 80
6 182 470
7 51 348
8 764 711
9 227 597
10 137 640
11 650 996
12 145 408
13 500 868
14 107 438
15 459 892
16 792 732
17 251 207
18 136 314
19 109 513
20 208 247
21 802 715
22 11 759
23 744 401
24 397 917
25 870 702
26 401 212
27 778 856
28 617 793
29 144 955
30 471 145
31 147 146
32 635 384
33 200 75
34 456 352
35 400 843
36 480 505
37 55 235
38 315 278
39 890 478
40 675 596
41 719 231
42 590 355
43 186 239
44 538 77
45 580 346
46 132 489
47 508 407
48 183 500
49 522 989
42 45
16 21
20 43
6 48
19 46
8 16
8 21
13 15
12 14
46 48
6 46
32 42
14 46
17 20
15 24
32 45
21 25
6 12
17 43
1 34
24 35
14 19
19 48
34 47
15 35
1 26
0 44
6 14
12 46
16 25
6 19
31 33
18 43
7 18
45 47
12 18
30 44
17 38
26 30
42 47
14 48
18 20
12 48
9 10
31 43
36 47
13 35
7 14
8 25
9 48
26 38
23 32
12 19
20 38
7 12
7 37
18 37
13 24
15 49
20 31
3 39
17 31
13 49
34 45
16 27
1 38
14 18
31 37
11 49
32 47
10 19
3 40
37 43
2 36
0 30
34 42
6 9
38 43
1 30
13 28
17 33
4 29
21 27
9 46
1 47
24 49
9 19
8 40
8 27
10 48
17 26
26 34
10 46
4 22
20 37
1 45
34 36
17 18
3 21
3 8
0 41
34 38
23 42
3 25
7 46
6 18
33 43
23 39
5 41
3 23
1 42
8 28
18 31
2 40
23 41
20 33
12 20
27 28
23 45
10 22
7 43
12 43
21 40
32 41
7 19
18 46
3 16
6 10
41 42
6 7
25 27
16 40
41 45
32 34
18 38
16 28
36 42
15 28
7 20
36 45
0 5
11 27
35 49
18 48
26 44
2 28
12 37
20 26
32 36
11 13
17 37
9 14
21 28
18 19
7 48
1 17
10 14
30 38
28 40
11 28
9 12
23 40
30 34
14 37
31 38
12 38
14 43
36 40
32 40
33 37
14 20
26 43
11 15
28 49
0 26
1 32
25 40
26 47
28 35
26 45
7 31
0 45
6 20
25 39
1 44
2 47
0 1
12 17
1 36
17 30
30 45
6 43
10 12
38 47
0 42
33 38
6 38
1 20
2 13
23 47
2 35
22 29
26 42
41 44
3 32
30 42
26 33
7 17
39 40
18 33
5 44
17 34
40 47
24 28
21 39
20 46
20 48
40 42
43 46
24 29
1 43
38 48
43 48
12 31
14 38
26 31
30 41
0 32
37 38
2 15
30 47
19 22
8 39
11 24
37 46
2 8
6 37
40 45
25 28
9 36
20 34
9 22
32 39
6 17
0 34
14 17
16 39
44 45
7 38
38 45
41 47
13 27
2 32
38 46
29 35
27 40
30 33
36 38
20 30
42 44
19 37
1 41
23 36
19 20
18 26
2 9
19 43
38 42
2 34
34 44
27 49
34 41
2 42
30 32
26 32
3 42
23 34
34 43
11 35
37 48
14 31
2 45
22 46
36 48
9 18
6 34
3 28
0 47
11 16
3 27
2 16
6 36
30 43
4 10
38 44
39 41
9 35
2 3
17 48
26 36
2 21
7 10
3 45
7 9
2 24
1 18
17 46
8 11
8 13
34 48
8 23
22 48
7 33
0 23
19 38
17 44
10 29
1 33
12 34
26 41
28 36
21 23
11 21
1 6
15 27
15 29
1 12
32 44
13 16
1 31
18 34
12 26
5 30
13 40
5 23
30 31
3 36
39 42
17 47
6 31
10 18
23 25
0 38
1 23
34 40
3 47
2 23
9 38
44 47
6 47
10 35
16 23
14 22
9 34
6 22
3 41
39 45
5 45
32 38
17 19
12 33
33 44
47 48
5 42
1 48
6 26
13 21
9 47
5 32
20 47
31 46
26 37
35 36
36 46
12 36
2 27
9 20
8 36
8 32
34 46
2 48
8 15
31 48
2 49
