50 369 362.4362012823774 medium
0 496 715
1 990 737
2 815 278
3 515 120
4 40 34
5 975 991
6 191 173
7 222 410
8 555 227
9 702 284
10 759 555
11 399 792
12 379 45
13 343 348
14 311 158
15 425 140
16 162 540
17 245 949
18 345 139
19 777 953
20 450 695
21 578 205
22 373 580
23 283 931
24 738 898
25 770 640
26 379 772
27 775 330
28 616 7
29 786 249
30 503 586
31 184 159
32 553 218
33 681 776
34 263 254
35 587 221
36 2 619
37 222 520
38 828 265
39 100 578
40 596 193
41 322 533
42 9 324
43 733 613
44 845 375
45 651 953
46 317 144
47 101 129
48 463 646
49 137 155
8 32
14 46
6 31
21 35
2 38
21 40
21 32
11 26
18 46
35 40
8 21
8 35
32 35
14 18
2 29
17 23
47 49
29 38
25 43
31 49
32 40
0 20
20 48
8 40
6 49
16 37
10 43
2 27
19 24
22 41
30 48
16 39
0 48
15 18
27 29
27 44
27 38
10 25
9 27
31 47
9 29
3 15
12 18
6 47
37 41
2 44
24 45
20 26
3 32
12 15
3 21
36 39
14 34
15 46
6 34
3 40
11 20
7 37
38 44
22 48
4 47
2 9
3 8
14 15
12 46
6 14
20 30
34 46
13 34
31 34
0 11
3 35
19 45
14 31
9 38
0 30
6 46
22 30
0 26
9 35
12 14
31 46
24 33
37 39
7 13
20 22
29 44
9 40
18 34
7 16
9 21
15 32
26 48
3 28
4 49
3 12
8 15
8 9
6 18
7 41
11 48
16 41
34 49
7 34
18 31
22 37
25 33
9 32
15 21
9 44
3 18
33 43
14 49
16 36
15 40
33 45
46 49
41 48
11 23
15 35
0 22
23 26
13 41
28 40
30 41
4 31
22 26
13 14
0 33
29 40
15 34
3 46
10 44
29 35
19 33
5 19
21 28
34 47
4 6
13 46
20 41
3 14
7 39
18 49
13 18
13 37
14 47
42 49
21 29
11 22
16 22
42 47
28 35
46 47
27 35
11 17
28 32
17 26
18 32
26 30
13 15
27 40
10 27
12 31
39 41
7 22
6 12
8 18
8 28
7 42
11 30
30 43
6 13
8 29
15 28
21 27
13 22
10 33
2 40
2 35
29 32
6 15
6 42
6 7
12 34
12 28
1 25
31 42
36 37
15 31
18 21
38 40
8 27
8 13
18 47
20 33
35 38
12 32
26 41
13 32
13 31
32 46
2 21
27 32
3 9
14 32
0 41
8 46
8 12
8 14
33 48
7 31
1 5
5 24
12 21
18 35
18 40
21 38
10 30
0 43
24 25
30 33
12 40
43 44
34 42
13 16
16 42
2 8
12 49
7 14
21 46
2 32
7 49
34 37
39 42
11 41
14 21
37 48
43 48
25 30
12 35
22 39
13 35
13 21
25 44
8 38
9 10
32 38
35 46
13 49
11 33
7 46
2 10
14 35
40 46
0 45
0 25
24 43
34 41
1 43
3 34
3 13
27 43
13 30
14 40
20 37
15 49
30 37
20 23
37 42
9 28
12 47
4 42
32 34
8 34
1 10
20 43
36 42
28 29
13 40
26 37
7 18
4 14
4 46
10 38
1 24
11 45
3 29
35 44
18 28
26 33
16 34
1 19
0 23
0 24
7 36
12 13
7 47
25 48
10 29
0 10
40 44
10 48
25 27
1 33
9 15
19 25
4 34
21 44
16 26
21 34
16 48
13 48
4 18
15 47
11 37
20 25
8 44
34 35
5 45
13 47
17 20
26 45
20 45
16 20
3 6
28 46
9 43
36 41
32 44
7 30
3 31
28 38
3 27
13 39
25 45
13 42
2 28
0 37
23 48
7 48
7 15
34 40
2 3
4 12
10 20
26 39
14 28
19 43
0 17
10 24
22 34
16 30
14 42
2 43
3 38
11 16
6 37
43 45
20 24
11 24
42 46
45 48
27 28
38 43
22 43
9 30
22 23
9 25
