50 429 369.63224967526844 medium
0 397 782
1 859 643
2 244 227
3 170 801
4 634 929
5 611 726
6 824 974
7 494 85
8 281 363
9 628 153
10 749 674
11 896 597
12 740 527
13 813 464
14 143 289
15 775 438
16 981 899
17 416 791
18 420 53
19 622 431
20 396 681
21 779 135
22 267 405
23 111 980
24 325 194
25 716 736
26 369 622
27 505 329
28 766 309
29 499 820
30 447 150
31 572 56
32 20 377
33 934 626
34 405 182
35 705 663
36 51 743
37 285 742
38 298 861
39 649 562
40 675 791
41 805 538
42 683 286
43 253 934
44 201 542
45 705 551
46 310 314
47 574 164
48 169 518
49 486 829
29 49
0 17
44 48
12 45
8 22
10 35
13 15
11 33
30 34
9 47
8 46
39 45
1 11
20 26
12 41
25 40
10 25
25 35
13 41
1 33
17 49
7 30
7 18
24 34
7 31
38 43
28 42
2 24
17 29
5 40
12 15
12 13
12 39
22 46
0 49
18 30
41 45
0 20
15 41
5 25
31 47
11 41
0 29
2 46
17 20
35 45
9 31
7 47
5 35
1 10
35 39
1 41
2 14
0 37
37 38
24 46
20 37
0 38
30 47
3 37
15 28
24 30
18 34
10 45
35 40
7 34
3 36
15 45
19 39
17 38
10 40
13 45
17 37
12 35
2 8
3 38
9 42
4 40
19 45
5 29
26 37
10 41
10 12
5 10
23 43
22 48
10 39
7 9
14 32
18 31
9 21
22 44
12 19
15 19
19 27
1 35
33 41
30 31
8 14
11 13
3 43
19 42
39 41
35 41
13 28
5 49
0 26
34 46
42 47
10 11
1 12
2 34
5 39
14 46
14 22
34 47
18 24
1 25
11 12
20 29
20 49
4 29
6 16
21 28
8 24
17 26
15 39
15 42
27 34
29 40
4 49
27 47
21 42
1 45
2 22
9 30
27 42
1 13
25 45
26 44
25 39
27 30
3 23
19 28
18 47
38 49
13 39
10 33
8 48
40 49
13 19
37 43
4 6
27 46
8 44
11 45
5 45
11 15
7 24
11 35
13 33
4 5
20 38
29 38
32 48
14 24
5 17
21 47
9 28
31 34
0 43
4 25
12 25
19 41
30 46
9 27
17 43
37 44
25 41
2 30
12 33
22 24
37 49
8 34
10 13
12 28
5 20
13 42
0 5
1 15
21 31
23 38
9 34
24 27
1 39
26 48
13 35
8 27
11 25
29 37
0 3
39 40
14 48
9 18
33 35
28 41
25 29
36 37
15 35
6 40
1 40
26 29
5 12
10 15
26 49
20 44
22 26
28 47
33 45
40 45
25 33
7 27
23 36
32 44
3 17
15 33
19 35
2 18
12 42
46 48
25 49
22 32
26 38
11 39
28 45
22 27
36 44
24 47
37 48
44 46
36 48
31 42
43 49
3 20
4 17
17 40
29 35
14 44
3 44
6 25
8 32
1 5
27 28
22 34
5 26
42 45
3 26
2 32
8 30
5 41
29 43
19 47
12 40
30 42
8 26
36 38
27 39
10 19
35 49
4 35
7 42
16 33
36 43
9 19
39 42
0 40
28 39
0 4
20 48
20 39
4 10
41 42
2 27
27 31
24 31
3 48
14 34
18 46
1 16
40 41
26 39
2 7
13 25
18 27
7 21
10 29
20 43
15 27
33 39
7 46
11 40
23 37
5 19
32 46
34 42
29 39
27 45
20 40
2 48
15 21
46 47
15 25
20 22
17 25
10 49
9 24
33 40
12 27
6 10
20 35
0 44
16 25
22 30
39 49
5 11
26 46
11 16
11 28
17 35
19 26
3 49
2 44
1 19
28 31
19 25
11 19
9 15
0 25
26 27
10 16
16 40
20 25
5 37
17 39
5 6
17 44
3 29
0 35
19 34
13 21
5 13
19 30
5 15
21 30
1 6
26 43
6 35
19 46
38 44
14 30
0 39
19 21
20 45
21 27
2 47
13 27
19 20
22 37
5 33
8 20
26 35
29 45
8 18
15 47
26 36
5 38
4 38
26 45
4 20
1 28
8 19
0 23
0 36
4 16
0 48
26 40
7 8
20 36
18 42
7 28
10 17
10 20
45 49
8 47
13 40
24 32
19 22
28 30
9 46
28 33
17 23
28 35
24 48
6 29
9 13
16 35
19 40
1 4
14 18
14 27
6 33
25 26
10 28
27 41
38 48
15 40
4 39
32 36
31 46
6 49
19 33
17 36
17 48
0 10
18 21
20 27
7 19
24 44
24 42
