20 118 510.6828761570139 dense
0 388 945
1 59 232
2 35 114
3 639 683
4 157 134
5 586 115
6 624 472
7 696 791
8 388 692
9 545 350
10 104 287
11 565 264
12 365 286
13 324 673
14 756 345
15 275 466
16 933 402
17 296 792
18 538 681
19 423 665
8 19
8 13
1 10
9 11
13 19
3 18
18 19
1 2
3 7
13 17
2 4
8 17
1 4
6 9
8 18
5 11
4 10
0 17
17 19
6 14
14 16
2 10
9 12
7 18
11 12
12 15
11 14
9 14
3 6
13 15
13 18
6 11
3 19
6 18
5 9
10 15
15 19
3 8
8 15
0 8
4 12
10 12
17 18
6 19
0 13
5 12
0 19
5 14
9 15
7 19
0 18
1 12
3 13
6 16
1 15
6 12
6 8
7 8
15 17
6 7
9 18
9 19
15 18
0 7
3 9
6 15
4 15
11 15
3 14
5 6
3 17
6 13
0 3
2 12
8 9
12 19
12 13
7 13
9 13
9 16
11 16
12 14
7 17
14 18
8 12
3 16
11 18
3 15
11 19
3 11
2 15
4 11
4 5
12 18
4 9
10 13
9 10
7 14
5 16
7 16
6 17
10 11
14 19
8 11
7 9
5 15
11 13
3 12
16 18
0 15
10 19
8 10
14 15
1 9
8 14
1 11
9 17
12 17
