20 137 599.6907536389068 dense
0 556 874
1 437 909
2 572 305
3 943 813
4 941 597
5 946 564
6 482 807
7 840 625
8 782 528
9 388 143
10 484 200
11 437 209
12 544 214
13 538 320
14 8 25
15 371 587
16 484 963
17 773 270
18 899 619
19 629 674
4 5
2 13
4 18
10 11
7 18
10 12
1 16
5 18
9 11
2 12
0 6
4 7
12 13
11 12
1 6
9 10
7 8
0 16
5 7
0 1
10 13
2 10
8 18
11 13
6 16
2 11
5 8
9 12
4 8
6 19
3 18
2 17
8 19
0 19
3 7
3 4
7 19
9 13
12 17
13 17
2 9
6 15
3 5
8 17
15 19
18 19
10 17
1 19
2 8
13 15
8 13
4 19
16 19
3 8
1 15
5 19
5 17
0 15
11 17
3 19
2 15
7 17
13 19
4 17
17 18
2 19
0 7
11 15
0 3
15 16
8 12
9 14
6 7
10 15
9 17
6 8
12 15
0 8
8 15
2 7
0 18
17 19
7 13
8 10
9 15
2 18
2 5
6 18
3 6
11 14
12 19
13 18
8 11
7 15
2 4
0 4
5 13
3 16
4 13
6 13
7 16
1 7
10 19
0 5
11 19
4 6
7 12
10 14
2 6
15 17
1 8
1 3
5 6
8 16
15 18
5 12
12 18
16 18
1 18
8 9
4 12
0 13
7 10
12 14
3 17
0 2
4 15
5 15
7 11
9 19
4 16
5 10
10 18
1 4
6 12
1 13
6 11
