20 128 716.2995183580679 dense
0 923 915
1 794 547
2 378 470
3 503 251
4 110 172
5 235 897
6 482 836
7 858 148
8 140 931
9 31 662
10 845 413
11 580 282
12 775 788
13 442 283
14 93 569
15 286 232
16 98 30
17 751 897
18 802 910
19 893 198
17 18
7 19
3 13
3 11
5 8
12 17
9 14
0 18
12 18
11 13
4 16
1 10
13 15
0 17
4 15
0 12
2 13
3 15
10 19
1 12
2 3
5 6
2 15
7 10
6 17
2 11
15 16
8 9
10 11
6 12
11 15
2 14
7 11
5 9
11 19
6 18
1 11
4 13
1 17
6 8
5 14
1 19
1 18
8 14
3 7
3 10
2 6
10 12
14 15
0 1
3 19
2 9
4 14
2 4
3 4
1 7
1 3
1 2
10 13
1 6
13 16
7 13
1 13
0 6
2 5
13 14
13 19
3 16
2 10
6 14
4 11
6 9
10 17
4 9
10 18
9 15
0 10
2 12
5 17
2 8
3 14
2 16
14 16
11 12
11 16
5 12
6 13
6 10
9 13
6 11
11 14
2 17
5 18
2 7
7 15
2 19
3 6
10 15
1 15
12 19
3 12
12 13
15 19
2 18
8 17
3 9
6 15
9 16
11 17
7 12
5 13
8 12
1 5
8 18
11 18
5 15
9 11
13 17
0 5
3 17
3 5
1 14
0 2
5 11
17 19
8 15
8 13
12 14
