20 170 824.6823630950282 dense
0 865 791
1 96 134
2 433 873
3 424 218
4 380 585
5 606 559
6 657 596
7 356 418
8 682 856
9 459 595
10 50 665
11 995 858
12 438 1
13 174 358
14 691 636
15 800 710
16 297 660
17 33 843
18 26 968
19 320 911
6 14
5 6
4 9
0 15
4 16
5 14
2 19
17 18
14 15
0 11
5 9
4 7
9 16
10 17
6 15
8 15
7 13
0 8
6 9
7 9
3 7
3 12
8 14
4 5
0 14
9 14
1 13
11 15
5 15
10 16
7 16
2 8
16 19
2 16
6 8
4 6
2 9
0 6
3 13
5 7
2 4
17 19
18 19
10 18
4 13
5 8
8 11
4 14
16 17
5 16
13 16
10 13
4 19
1 3
4 10
8 9
9 19
0 5
6 7
2 14
2 6
2 5
9 15
10 19
6 16
8 19
1 12
3 4
9 13
11 14
3 9
1 7
3 5
7 10
14 16
7 14
2 17
2 15
4 8
16 18
9 10
2 18
7 12
6 11
8 16
4 17
2 10
4 15
0 2
12 13
3 6
0 9
5 19
3 16
6 19
2 7
14 19
5 13
5 11
9 17
7 19
3 14
13 17
15 16
15 19
4 18
0 4
7 15
1 4
1 10
7 17
6 13
7 8
0 19
2 11
1 16
5 10
9 18
13 19
2 13
5 12
3 10
0 16
1 9
4 12
13 14
9 12
9 11
6 10
3 15
13 18
0 7
6 12
5 17
7 18
10 14
8 17
2 3
8 10
1 5
8 18
6 17
4 11
12 16
11 19
12 14
3 8
14 17
3 19
5 18
8 13
1 17
13 15
0 3
11 16
1 6
6 18
3 17
14 18
10 15
10 12
7 11
15 17
1 14
12 15
1 19
1 2
0 13
15 18
0 10
