20 176 921.2844294787577 dense
0 98 659
1 971 169
2 530 17
3 52 455
4 745 693
5 598 263
6 869 926
7 350 76
8 967 452
9 79 276
10 132 166
11 159 424
12 112 73
13 831 731
14 515 153
15 724 280
16 92 748
17 48 508
18 480 463
19 138 344
3 17
11 19
0 16
9 19
4 13
10 12
3 11
9 10
5 15
2 14
5 14
11 17
3 19
0 17
9 11
10 19
3 9
7 14
17 19
2 7
6 13
9 12
0 3
5 18
9 17
7 10
7 12
0 11
16 17
14 15
2 5
10 11
4 6
1 15
12 19
1 8
3 16
8 15
3 10
15 18
8 13
5 7
14 18
0 19
11 18
2 15
4 8
11 16
7 9
7 19
4 18
10 17
11 12
18 19
10 14
0 9
1 5
3 12
7 11
16 19
7 18
12 14
4 15
5 8
2 12
14 19
2 10
7 15
3 18
0 18
17 18
12 17
13 18
9 18
11 14
2 18
9 14
4 5
1 14
10 18
13 15
1 2
5 19
5 11
9 16
5 10
16 18
3 7
6 8
8 18
0 10
2 19
5 9
2 9
5 12
5 13
7 17
12 18
8 14
2 11
3 14
1 4
1 18
3 5
1 13
11 15
10 16
0 12
14 17
4 14
15 19
5 17
10 15
6 18
2 8
1 7
0 7
0 5
4 11
9 15
12 15
0 4
2 3
4 16
0 14
13 14
6 15
12 16
2 17
3 15
4 19
5 16
2 4
15 17
5 6
7 16
4 17
7 8
14 16
0 15
4 7
3 4
0 13
11 13
13 16
1 6
0 2
2 13
4 9
15 16
13 19
6 16
4 10
8 11
7 13
13 17
0 6
3 13
8 19
1 10
6 14
1 11
1 19
2 16
1 12
6 11
9 13
8 10
4 12
0 8
1 9
10 13
8 9
3 8
8 17
6 17
