20 130 699.0457781862358 dense
0 69 5
1 306 866
2 782 831
3 932 938
4 135 598
5 962 412
6 382 311
7 808 439
8 949 254
9 563 75
10 254 797
11 707 875
12 75 928
13 21 867
14 595 840
15 168 697
16 548 892
17 976 557
18 239 777
19 747 668
10 18
14 16
12 13
1 10
2 11
4 15
15 18
1 18
11 14
10 15
5 17
5 7
5 8
11 16
2 19
2 3
2 14
7 17
4 18
11 19
1 15
10 12
12 18
13 15
14 19
4 10
7 8
3 11
13 18
7 19
1 12
2 16
10 13
1 16
12 15
17 19
1 13
1 14
4 13
6 9
16 19
8 17
10 16
1 4
3 19
16 18
5 19
4 12
2 17
10 14
3 14
14 18
4 6
3 17
3 16
2 7
1 11
11 17
8 9
15 16
0 6
7 9
6 15
6 7
7 11
14 15
7 14
2 5
10 11
8 19
12 16
14 17
1 2
11 18
1 19
6 18
0 9
6 10
4 16
10 19
6 19
3 7
18 19
4 14
5 9
7 16
3 5
12 14
13 16
5 11
2 10
16 17
2 18
1 6
5 14
11 15
6 8
6 14
13 14
15 19
5 6
0 4
2 8
6 16
4 19
9 19
2 15
1 3
5 16
11 12
9 17
4 11
6 17
6 11
2 6
1 7
7 10
7 18
6 13
8 11
4 9
3 8
8 14
11 13
2 4
6 12
7 15
4 7
3 10
0 15
