20 146 675.4058039430813 dense
0 799 727
1 373 788
2 482 351
3 735 261
4 378 506
5 358 719
6 550 600
7 28 652
8 305 105
9 562 813
10 209 1000
11 478 592
12 907 192
13 484 768
14 132 89
15 365 984
16 944 256
17 56 308
18 194 738
19 631 671
1 5
6 11
12 16
9 13
6 19
1 13
4 11
5 13
10 15
9 19
5 18
11 19
8 14
5 11
11 13
13 19
0 19
6 13
3 12
1 18
2 4
7 18
1 9
4 6
1 15
3 16
6 9
4 5
1 11
5 9
5 6
14 17
9 11
2 11
13 15
0 9
2 6
1 6
9 15
10 18
5 15
1 10
2 3
5 19
0 6
1 4
4 13
1 19
13 18
4 18
15 18
4 19
2 8
0 13
5 10
11 18
8 17
5 7
7 17
0 11
2 19
4 9
10 13
1 7
9 18
4 17
4 7
6 18
3 6
2 5
7 10
9 10
4 8
11 15
15 19
2 13
3 11
3 19
6 15
2 17
0 1
3 4
2 14
0 5
18 19
1 2
17 18
2 12
7 11
3 8
2 9
0 3
7 13
2 16
7 15
0 4
4 15
2 18
4 14
10 11
0 2
0 16
0 15
11 17
5 17
8 11
16 19
4 10
6 16
6 7
6 10
10 19
6 12
2 7
0 12
6 8
12 19
7 9
3 13
7 14
6 17
11 16
1 17
3 9
11 12
3 5
7 19
0 18
8 12
11 14
7 8
4 12
5 8
4 16
3 14
13 17
1 3
8 18
2 15
0 10
14 18
8 19
8 16
6 14
5 14
9 16
