20 113 562.3735413406289 dense
0 695 988
1 199 662
2 40 566
3 505 752
4 644 577
5 139 404
6 718 475
7 797 1000
8 296 238
9 957 505
10 661 401
11 945 597
12 498 669
13 838 940
14 27 411
15 428 111
16 545 260
17 592 786
18 784 55
19 161 970
7 13
3 12
9 11
6 10
3 17
0 7
5 14
4 6
12 17
0 13
2 14
4 12
4 10
10 16
8 15
1 2
15 16
2 5
4 17
3 4
0 17
5 8
6 9
8 16
6 11
1 5
6 16
13 17
6 12
7 17
1 12
4 11
0 3
1 14
1 19
10 12
9 10
16 18
1 3
8 14
4 9
4 16
6 17
10 11
3 6
11 13
15 18
10 18
10 15
0 12
3 13
3 7
3 10
10 17
8 10
11 17
3 19
5 15
4 13
12 16
1 17
0 4
2 8
2 19
6 18
7 11
5 16
12 13
1 8
7 12
5 12
4 7
9 13
12 19
11 12
1 4
9 17
0 11
6 15
3 11
17 19
2 12
8 12
9 16
6 13
9 18
6 8
4 8
9 12
3 16
14 15
2 3
3 5
0 6
4 15
3 9
7 9
8 18
5 10
11 16
16 17
1 16
1 10
6 7
4 5
0 19
12 14
14 16
4 18
0 9
1 6
3 8
12 15
