20 162 711.098446067772 dense
0 429 332
1 340 532
2 622 443
3 683 977
4 11 871
5 754 619
6 482 656
7 192 564
8 809 833
9 799 597
10 436 803
11 583 43
12 539 417
13 736 155
14 569 947
15 348 285
16 904 250
17 310 447
18 21 795
19 414 253
5 9
15 19
4 18
0 19
2 12
1 17
0 15
3 14
0 12
1 7
6 10
0 17
7 17
15 17
1 6
11 13
3 8
13 16
10 14
12 19
0 1
2 5
17 19
5 8
0 2
1 12
12 17
12 15
2 9
8 9
6 12
1 15
2 6
8 14
11 19
6 17
5 6
2 19
7 18
1 10
1 19
5 12
1 2
3 10
6 14
6 7
2 13
2 17
9 12
2 15
7 15
6 9
0 11
12 13
0 6
0 7
13 19
11 15
7 10
2 16
0 13
4 7
9 16
3 5
5 10
6 8
8 10
5 14
11 12
7 12
10 17
3 6
11 16
7 19
6 15
3 9
5 16
10 12
12 16
2 11
2 10
6 19
13 15
1 18
10 18
9 10
9 14
1 5
4 10
2 8
0 5
9 13
2 7
17 18
0 9
1 9
5 13
0 10
1 4
1 14
5 17
6 18
0 16
11 17
16 19
8 12
5 19
2 14
9 17
9 19
13 17
4 6
4 17
10 15
5 15
12 14
7 14
2 3
1 11
1 13
9 15
10 19
15 16
1 8
6 13
1 3
14 17
4 14
5 7
14 18
3 12
6 16
8 16
9 11
5 11
15 18
7 9
0 18
6 11
16 17
0 8
1 16
0 14
8 17
12 18
3 7
3 17
7 11
18 19
7 8
4 15
3 4
7 13
8 13
0 4
3 18
0 3
4 12
2 18
14 15
8 19
14 19
