20 151 674.1253592619106 dense
0 644 10
1 181 468
2 898 537
3 194 46
4 675 210
5 366 471
6 717 649
7 462 664
8 574 784
9 317 817
10 228 441
11 757 963
12 49 255
13 155 388
14 351 252
15 623 977
16 691 332
17 596 700
18 830 329
19 391 823
1 10
9 19
1 13
8 17
10 13
4 16
6 17
11 15
7 17
16 18
5 10
7 8
12 13
7 19
1 5
8 19
4 18
6 8
8 15
0 4
7 9
2 6
5 7
2 18
5 14
10 14
5 13
13 14
17 19
1 12
3 12
6 7
8 11
10 12
3 14
8 9
1 14
15 17
15 19
2 16
12 14
9 17
11 17
6 11
6 16
7 10
5 17
0 16
4 14
6 18
6 15
1 7
2 17
3 13
9 15
14 16
5 9
7 15
5 19
5 16
0 18
6 19
1 9
5 8
0 14
16 17
5 12
9 10
11 19
5 6
2 4
3 10
7 16
4 5
2 8
1 19
7 13
10 19
7 11
1 3
7 14
6 9
17 18
4 6
2 11
10 17
0 3
2 7
3 5
9 13
9 11
8 16
1 17
10 16
14 18
5 18
8 10
13 19
4 17
7 18
4 7
4 10
1 8
3 4
14 17
2 15
8 18
1 16
6 10
2 5
0 5
13 16
6 14
13 17
4 13
1 4
1 6
9 14
5 15
14 19
3 16
16 19
8 13
8 14
7 12
2 19
4 8
0 2
0 10
10 18
9 16
2 14
0 13
6 13
9 12
4 12
5 11
11 16
11 18
0 6
0 12
2 9
12 16
15 16
0 1
18 19
12 19
1 18
10 15
3 7
1 15
