20 152 717.5862317519756 dense
0 790 184
1 690 134
2 724 324
3 633 87
4 470 554
5 437 560
6 77 265
7 266 76
8 459 808
9 808 736
10 879 232
11 23 320
12 292 485
13 997 523
14 564 416
15 86 743
16 588 884
17 389 21
18 50 547
19 147 377
4 5
1 3
6 11
0 10
0 1
6 19
7 17
11 19
8 16
0 2
5 12
4 14
2 10
12 19
0 3
2 14
4 12
5 14
1 2
18 19
15 18
1 10
11 18
5 8
12 18
3 17
2 3
4 8
9 16
6 7
12 14
6 18
9 13
3 10
6 12
1 14
10 13
11 12
1 17
7 19
0 14
12 15
3 14
2 13
2 4
5 19
7 11
4 16
8 9
5 16
8 12
10 14
3 7
4 19
15 19
2 5
8 15
4 9
5 18
5 15
6 17
0 13
9 14
8 14
7 12
5 9
14 19
4 18
2 9
11 15
1 7
4 15
17 19
14 17
0 17
13 14
2 17
7 14
2 12
5 6
14 16
11 17
12 17
1 4
6 15
5 11
8 18
4 6
0 4
3 4
1 5
1 13
12 16
4 11
9 10
6 14
3 5
5 7
0 5
7 18
4 7
4 10
2 7
15 16
3 12
4 13
14 18
1 12
8 19
10 17
0 7
4 17
5 17
13 16
11 14
5 10
2 8
0 9
5 13
3 19
3 13
9 12
2 16
14 15
2 19
0 12
3 6
1 19
8 13
1 9
17 18
1 6
7 10
16 18
10 12
2 6
3 11
8 11
6 8
0 19
16 19
3 9
7 15
1 11
2 11
12 13
0 8
2 18
1 8
8 10
10 16
0 6
