20 162 725.8443359288547 dense
0 85 342
1 731 627
2 459 426
3 121 232
4 550 54
5 494 847
6 159 938
7 363 407
8 429 812
9 262 735
10 544 701
11 986 235
12 108 573
13 640 676
14 863 328
15 373 205
16 384 578
17 982 958
18 779 405
19 314 489
5 8
7 19
2 7
10 13
1 13
16 19
14 18
0 3
11 14
5 10
2 19
8 10
2 16
7 16
8 9
9 16
1 10
10 16
7 15
12 19
9 12
5 13
1 18
6 9
0 12
4 15
2 15
8 16
8 13
9 19
3 15
5 9
11 18
0 19
13 16
12 16
9 10
0 7
2 10
15 19
5 16
6 8
3 7
7 12
13 18
2 13
10 19
0 15
2 18
3 19
1 5
1 14
1 2
3 12
8 19
7 9
7 10
5 6
1 16
1 8
2 9
6 12
15 16
13 19
10 18
2 12
0 16
9 13
2 4
0 2
7 13
2 8
2 3
4 7
8 12
5 19
7 8
13 14
1 17
2 14
4 14
7 18
4 18
2 5
6 16
1 7
0 9
16 18
3 16
1 19
13 17
6 10
15 18
12 15
10 12
5 7
3 4
1 11
4 11
18 19
5 12
6 19
1 9
10 14
4 19
5 17
14 15
7 14
10 17
3 9
10 15
5 18
8 18
14 16
13 15
9 15
12 13
0 4
6 13
4 16
1 15
11 13
2 11
6 7
8 17
14 19
0 8
0 10
17 18
2 6
0 6
1 4
8 15
9 18
11 15
1 12
4 13
3 10
5 14
14 17
10 11
7 11
4 10
0 13
0 5
8 14
1 6
5 15
3 8
3 18
4 12
3 13
12 18
11 16
0 18
0 1
3 6
16 17
11 19
3 5
11 17
9 14
