20 167 823.5544912147586 dense
0 109 958
1 884 54
2 141 544
3 818 539
4 730 350
5 550 199
6 823 611
7 504 225
8 158 982
9 604 886
10 443 760
11 482 339
12 768 514
13 574 637
14 184 129
15 130 685
16 27 582
17 983 731
18 192 842
19 488 536
5 7
0 8
3 12
3 6
6 12
7 11
2 16
13 19
2 15
0 18
8 18
15 16
5 11
4 12
15 18
10 13
11 19
6 17
9 10
3 4
10 19
12 13
4 5
4 11
6 13
9 13
3 17
4 7
3 13
10 18
0 15
4 6
12 19
8 15
2 18
4 19
12 17
16 18
7 19
11 13
10 15
4 13
3 19
1 4
7 14
11 12
5 19
6 19
2 19
6 9
8 10
1 5
11 14
9 19
2 10
5 14
5 12
0 16
15 19
0 10
3 11
7 12
2 11
9 12
10 12
3 9
6 10
9 17
9 18
0 2
1 7
2 14
7 13
13 17
8 16
10 11
18 19
3 5
13 18
3 10
6 11
2 8
5 13
2 13
3 7
13 15
10 16
8 9
4 17
16 19
1 12
14 16
2 7
1 3
1 11
11 15
5 6
0 9
4 10
6 7
14 19
9 15
11 16
17 19
2 5
7 10
8 13
10 17
13 16
4 9
8 19
14 15
1 6
9 11
0 13
0 19
5 10
2 9
11 18
4 14
7 15
7 16
2 4
1 19
2 12
11 17
13 14
5 15
5 16
9 16
1 13
12 15
12 18
7 9
6 18
2 3
10 14
1 17
2 6
5 17
4 15
5 9
7 18
3 18
7 17
6 15
12 14
3 15
1 14
14 18
8 11
0 11
4 18
5 18
4 16
12 16
3 14
6 8
8 12
3 16
0 6
0 12
3 8
6 16
17 18
6 14
0 3
