20 147 674.5405843980035 dense
0 355 7
1 220 719
2 171 585
3 325 52
4 432 253
5 970 318
6 837 478
7 383 367
8 995 476
9 364 64
10 665 534
11 698 676
12 431 892
13 537 395
14 413 547
15 986 149
16 788 791
17 469 918
18 854 783
19 412 838
3 9
12 17
0 3
12 19
0 9
16 18
17 19
4 7
1 2
10 11
11 16
7 13
6 8
5 8
5 15
4 13
6 10
7 14
10 13
11 18
13 14
4 9
5 6
1 19
3 4
6 11
2 14
10 14
0 4
1 14
1 12
10 16
14 19
4 14
7 9
2 7
6 18
6 13
10 18
11 14
6 16
1 17
3 7
11 13
8 15
7 10
11 19
11 17
8 10
8 18
16 17
11 12
12 14
2 19
8 11
0 7
6 15
4 10
12 16
9 13
5 10
14 17
8 16
16 19
1 7
10 19
2 12
3 13
17 18
2 13
2 4
10 12
0 13
6 14
10 17
12 18
5 13
7 11
18 19
2 17
14 16
5 11
1 13
13 19
4 6
8 13
6 7
13 16
7 19
5 18
1 11
1 10
9 14
2 10
4 11
14 18
13 18
10 15
3 14
5 16
12 13
1 4
13 15
7 12
13 17
2 11
4 5
0 14
2 3
2 9
6 19
7 17
9 10
4 15
1 16
6 17
6 12
4 19
8 14
7 16
5 7
3 10
11 15
5 14
4 8
0 2
0 10
7 8
9 15
7 18
6 9
1 18
4 12
7 15
4 16
0 15
15 18
2 16
5 9
1 6
4 17
3 6
3 15
1 9
15 16
0 6
2 6
