20 182 945.4247722584806 dense
0 883 789
1 822 125
2 488 141
3 510 672
4 89 74
5 765 301
6 404 973
7 139 315
8 131 606
9 737 232
10 34 169
11 148 652
12 711 140
13 982 553
14 645 406
15 627 795
16 869 977
17 189 436
18 653 484
19 173 738
8 11
5 9
14 18
11 19
9 12
4 10
1 12
7 17
1 9
8 19
5 14
3 15
5 12
8 17
7 10
1 5
0 16
9 14
5 18
11 17
2 12
3 18
4 7
0 13
0 15
2 9
9 18
12 14
6 15
7 8
3 14
17 19
15 16
2 14
10 17
15 18
3 6
2 5
6 19
1 14
5 13
1 2
13 18
7 11
3 19
12 18
3 11
13 14
4 17
2 18
0 18
3 8
14 15
2 7
0 3
1 18
3 17
9 13
2 4
6 11
2 17
7 19
13 15
13 16
8 10
3 5
0 14
2 10
1 13
14 17
6 8
15 19
6 16
17 18
3 16
3 13
12 13
3 9
10 11
11 15
0 5
5 15
0 6
7 14
3 7
8 15
2 3
11 18
4 8
8 18
16 18
7 18
18 19
6 18
8 14
11 14
15 17
3 12
9 15
0 9
14 19
6 17
4 11
9 17
10 19
2 8
5 17
7 12
12 17
7 9
14 16
2 11
6 14
4 12
5 7
1 3
2 13
4 14
10 14
12 15
0 1
4 9
2 15
4 19
0 12
2 19
10 12
5 16
7 15
3 10
10 18
4 18
1 15
5 8
1 17
9 10
1 7
6 7
5 11
0 19
8 9
4 5
6 13
9 11
3 4
1 4
5 19
16 19
5 10
8 12
0 11
9 16
9 19
0 2
11 12
5 6
0 8
0 17
1 10
11 16
13 17
12 19
6 9
8 16
13 19
2 6
11 13
1 8
12 16
8 13
1 16
1 11
10 15
16 17
7 13
0 7
6 10
6 12
1 19
4 15
2 16
1 6
