20 150 719.3531816847689 dense
0 986 82
1 878 835
2 969 736
3 517 805
4 306 79
5 631 561
6 44 37
7 414 422
8 977 763
9 518 802
10 941 417
11 298 411
12 165 401
13 302 594
14 411 413
15 489 766
16 384 4
17 284 257
18 438 179
19 452 313
3 9
7 14
2 8
9 15
3 15
14 19
4 16
11 14
7 19
7 11
1 8
11 12
1 2
18 19
11 17
4 18
17 18
17 19
4 17
11 19
11 13
16 18
12 17
14 17
7 13
7 17
13 14
14 18
12 13
7 18
12 14
5 15
7 12
13 15
5 7
5 14
4 6
5 9
3 5
11 18
16 17
4 19
9 13
12 19
3 13
5 19
16 19
13 19
2 10
6 17
5 13
4 11
13 17
0 10
6 16
5 10
8 10
4 14
4 12
12 18
7 15
4 7
1 9
14 15
1 3
5 11
1 5
2 5
6 12
7 9
1 15
3 7
5 8
11 15
9 14
3 14
14 16
11 16
6 18
7 16
1 10
5 18
13 18
9 11
3 11
6 11
12 16
15 19
2 9
2 3
8 9
5 17
3 8
2 15
8 15
12 15
6 19
5 12
9 19
3 19
10 19
4 13
6 14
7 10
10 14
6 7
9 12
3 12
15 17
10 18
0 18
10 15
9 10
3 10
4 5
0 19
15 18
9 17
3 17
13 16
0 5
0 16
5 16
6 13
1 7
1 13
9 18
1 14
3 18
2 7
10 11
2 14
0 2
7 8
10 13
0 14
0 7
8 14
2 19
1 19
10 17
0 4
0 8
2 13
8 19
10 16
8 13
4 15
1 11
4 10
