20 173 822.3442101699263 dense
0 678 771
1 788 356
2 425 633
3 935 894
4 30 324
5 242 977
6 601 567
7 371 571
8 715 779
9 5 467
10 950 696
11 916 699
12 678 680
13 84 442
14 886 275
15 762 974
16 838 468
17 178 582
18 662 803
19 760 702
10 11
0 18
0 8
8 18
2 7
9 13
12 19
8 19
0 12
8 12
0 19
1 16
12 18
1 14
4 13
6 12
18 19
4 9
11 19
13 17
2 6
10 19
3 15
7 17
3 11
15 18
3 10
14 16
8 15
9 17
6 19
8 11
0 6
0 15
6 7
11 12
6 8
6 18
11 16
16 19
3 8
0 11
8 10
2 17
10 16
6 16
2 12
3 19
12 16
15 19
10 12
11 18
1 6
0 10
0 3
3 18
0 2
2 18
4 17
12 15
10 18
7 13
11 15
2 8
7 12
3 12
8 16
10 15
6 11
2 19
1 12
0 16
1 19
1 11
0 7
6 10
7 18
1 10
16 18
7 9
2 5
2 13
5 17
7 8
6 14
7 19
4 7
6 17
11 14
10 14
5 7
1 8
0 1
3 16
6 15
2 16
14 19
2 9
5 18
12 14
1 2
1 18
3 6
1 7
7 16
2 15
0 5
2 11
2 4
12 17
15 16
5 8
5 15
5 12
2 10
6 13
17 18
8 14
0 17
0 14
5 6
1 3
5 13
7 11
7 15
5 9
8 17
2 3
14 18
2 14
5 19
7 10
7 14
17 19
6 9
1 15
4 6
3 14
12 13
3 7
1 17
16 17
0 13
13 18
4 5
3 5
15 17
9 12
1 13
14 15
8 13
13 19
5 11
9 18
0 9
4 12
11 17
13 16
1 4
5 10
14 17
8 9
10 17
5 16
0 4
9 19
1 9
4 18
3 17
13 14
4 16
4 19
4 8
