20 169 875.0571409913755 dense
0 279 509
1 967 21
2 764 410
3 324 373
4 269 119
5 163 363
6 855 270
7 979 319
8 80 502
9 820 779
10 363 949
11 445 222
12 297 900
13 175 748
14 723 380
15 425 332
16 832 176
17 11 73
18 63 6
19 611 64
2 14
10 12
17 18
6 16
3 15
11 15
6 7
0 3
3 5
5 8
2 6
6 14
0 5
3 11
12 13
0 8
4 11
7 16
1 16
11 19
0 15
14 16
2 7
4 18
2 16
16 19
3 4
0 13
4 17
7 14
8 13
5 15
4 15
4 5
1 6
10 13
3 8
1 7
14 15
5 11
6 19
11 14
15 19
5 17
0 11
14 19
4 19
2 15
1 19
2 11
5 18
2 9
2 19
8 15
5 13
11 16
0 4
0 12
3 14
3 13
9 14
6 11
3 19
4 8
3 17
1 14
6 15
8 17
15 16
1 2
11 18
2 3
7 19
0 10
3 18
8 12
11 17
8 11
0 14
13 15
7 9
15 18
9 10
15 17
0 2
8 18
6 9
0 17
4 14
3 12
8 10
9 12
5 19
3 6
7 11
3 16
0 18
18 19
5 12
7 15
0 19
1 11
5 14
4 16
2 4
3 10
12 15
11 13
9 15
17 19
2 5
9 16
0 9
4 6
5 10
10 15
0 6
1 15
4 13
3 9
0 16
9 13
8 14
3 7
13 14
9 11
2 10
12 14
10 14
2 12
2 13
8 19
2 8
11 12
13 17
5 16
5 6
1 4
0 7
10 11
1 3
4 7
9 19
13 18
14 18
1 9
14 17
5 9
4 12
16 18
8 9
6 8
2 18
13 19
5 7
8 16
2 17
16 17
6 13
6 18
4 10
6 10
6 12
0 1
4 9
6 17
13 16
1 5
12 17
