20 120 617.0510513725749 dense
0 430 280
1 949 15
2 633 206
3 840 651
4 159 247
5 544 176
6 453 892
7 153 576
8 906 262
9 826 266
10 924 3
11 549 723
12 790 882
13 613 23
14 198 706
15 578 524
16 834 653
17 191 713
18 750 324
19 366 695
3 16
14 17
1 10
8 9
2 5
9 18
7 14
7 17
0 5
2 18
5 13
8 18
14 19
17 19
2 13
11 19
6 11
11 15
2 9
6 19
0 2
12 16
3 12
7 19
1 8
5 18
8 10
15 18
15 19
0 4
2 8
1 9
9 10
0 15
15 16
11 12
3 15
11 16
5 9
3 11
10 13
0 13
6 14
6 17
2 15
0 18
9 13
4 7
13 18
1 13
6 12
3 18
16 18
5 15
11 14
2 10
9 15
11 17
10 18
1 18
1 2
5 8
8 13
3 9
9 16
6 15
4 5
3 8
0 9
8 16
0 7
12 15
5 10
8 15
0 19
14 15
7 11
7 15
15 17
6 7
1 5
11 18
6 16
3 6
0 11
4 14
12 19
4 17
16 19
2 4
3 19
0 8
0 14
2 16
2 3
4 19
0 17
13 15
4 15
4 13
2 11
18 19
9 11
5 11
5 19
0 16
0 3
2 19
5 16
5 7
12 18
3 5
0 10
0 1
8 11
4 18
2 7
0 6
4 11
9 12
