20 163 764.7692462435973 dense
0 489 7
1 763 721
2 14 542
3 320 661
4 973 373
5 836 204
6 118 298
7 140 959
8 504 540
9 590 633
10 312 949
11 504 163
12 892 461
13 125 571
14 730 418
15 733 256
16 569 2
17 261 677
18 503 544
19 317 269
8 18
3 17
0 16
2 13
5 15
4 12
9 18
8 9
0 11
14 15
12 14
7 10
13 17
11 16
1 9
6 19
3 13
11 19
3 18
4 5
3 8
5 14
4 14
11 15
9 14
8 14
12 15
14 18
5 12
2 6
4 15
3 9
6 13
17 18
10 17
8 17
2 17
3 10
1 12
15 16
1 14
7 17
0 19
1 18
1 8
2 3
8 19
9 17
18 19
5 11
5 16
11 14
9 12
3 7
0 15
13 19
8 15
16 19
15 18
8 11
13 18
8 13
11 18
7 13
3 19
8 12
12 18
0 5
9 15
6 17
1 4
2 19
6 11
17 19
3 6
15 19
9 10
10 13
2 7
14 19
14 16
1 3
10 18
8 10
9 19
6 8
6 18
4 9
1 15
9 13
0 6
5 8
5 18
0 14
3 14
9 11
2 18
11 12
2 8
5 9
4 8
4 18
1 17
2 10
1 10
4 11
1 5
5 19
3 11
0 8
14 17
0 18
6 16
8 16
16 18
4 16
7 18
7 8
7 9
11 13
12 16
11 17
3 15
6 9
2 9
3 12
12 19
0 4
0 12
1 11
6 15
2 11
6 14
13 14
9 16
15 17
0 9
1 19
1 13
6 7
4 19
1 7
12 17
0 13
0 3
10 14
6 10
10 19
13 15
3 5
3 16
0 17
7 19
3 4
0 2
13 16
5 6
2 14
16 17
5 17
1 16
10 12
0 1
