20 189 1060.9401491130402 dense
0 31 728
1 848 857
2 443 31
3 619 84
4 652 966
5 195 518
6 428 944
7 204 355
8 315 111
9 129 765
10 483 58
11 642 450
12 951 155
13 709 205
14 946 191
15 290 708
16 308 899
17 31 678
18 357 853
19 341 53
12 14
2 10
0 17
8 19
16 18
2 19
0 9
6 18
6 16
9 17
3 10
10 19
3 13
2 8
15 18
5 7
9 15
8 10
2 3
15 16
5 15
9 16
1 4
4 6
5 17
13 14
9 18
12 13
11 13
5 9
0 15
15 17
0 5
7 8
10 13
6 15
3 19
3 8
4 18
2 13
0 16
7 19
3 12
3 14
6 9
0 18
4 16
16 17
7 15
7 17
3 11
17 18
5 18
5 16
13 19
11 14
2 7
8 13
7 10
0 7
7 9
10 11
5 8
11 12
1 6
11 15
4 15
7 11
0 6
5 11
1 11
2 11
8 11
6 17
10 12
10 14
5 6
5 19
1 18
11 18
3 7
11 19
4 11
7 18
2 12
7 13
2 14
6 11
1 16
5 10
2 5
7 16
11 16
4 9
1 15
8 15
5 13
9 11
3 5
12 19
14 19
6 7
8 17
8 14
8 12
4 5
11 17
13 15
15 19
0 4
1 13
0 11
1 14
10 15
0 8
8 9
4 17
2 15
17 19
3 15
1 12
1 9
1 5
13 18
0 19
9 19
8 18
4 7
7 14
4 13
2 17
10 17
7 12
8 16
6 13
9 10
2 9
18 19
13 16
10 18
1 3
9 13
0 10
0 2
3 18
1 7
5 14
2 18
13 17
0 1
4 14
14 15
3 17
1 17
5 12
3 9
6 8
16 19
0 13
10 16
12 15
4 12
0 3
3 16
1 10
2 16
3 6
3 4
14 18
6 10
6 19
2 6
6 14
12 18
1 8
4 8
1 2
4 10
6 12
1 19
14 16
2 4
4 19
12 16
9 14
9 12
14 17
12 17
0 14
