20 110 664.4072546262571 dense
0 199 931
1 871 196
2 809 729
3 996 759
4 132 881
5 799 375
6 971 322
7 564 728
8 377 999
9 905 413
10 865 988
11 982 105
12 606 644
13 514 323
14 311 565
15 96 104
16 93 837
17 598 306
18 4 637
19 2 326
4 16
0 4
13 17
7 12
6 9
5 9
0 16
1 11
1 6
5 6
2 3
0 8
1 5
5 17
6 11
16 18
1 9
2 12
15 19
2 7
3 10
2 10
4 8
4 18
5 13
1 17
7 14
12 14
18 19
14 18
13 14
9 11
9 17
5 11
8 16
7 8
2 9
5 12
12 13
12 17
14 16
0 18
2 5
3 9
4 14
6 17
9 12
1 13
0 14
14 17
14 19
7 10
9 13
3 12
7 13
0 7
8 12
7 17
5 7
10 12
3 5
3 7
11 17
3 6
2 6
8 14
6 13
4 7
7 9
13 15
2 17
7 16
6 12
8 10
0 12
2 13
14 15
2 8
13 19
11 13
16 19
8 18
1 12
5 14
2 14
4 12
1 2
15 18
15 17
12 16
7 18
4 19
6 7
9 10
1 3
17 19
13 18
12 18
3 17
9 14
1 7
5 10
0 19
0 2
2 11
3 13
3 11
11 12
3 8
13 16
