20 168 921.3604072240136 dense
0 668 951
1 966 964
2 81 120
3 841 477
4 920 700
5 85 43
6 424 381
7 958 382
8 480 160
9 428 8
10 482 110
11 935 642
12 74 118
13 371 753
14 465 576
15 296 156
16 617 158
17 141 208
18 435 261
19 694 14
2 12
8 10
4 11
5 12
2 5
2 17
8 18
12 17
9 10
6 18
8 16
10 16
3 7
10 18
8 9
16 19
15 17
15 18
5 17
8 15
3 11
10 15
9 15
6 14
13 14
16 18
2 15
12 15
6 8
10 19
3 4
5 15
9 16
9 18
6 15
8 19
7 11
9 19
1 4
6 10
6 16
0 1
17 18
14 18
4 7
15 16
1 11
6 17
8 17
5 9
9 17
10 17
0 4
0 13
18 19
2 9
9 12
6 9
6 13
2 18
12 18
3 14
3 16
2 8
2 10
5 10
7 16
10 12
8 12
0 11
5 8
5 18
8 14
15 19
0 14
3 6
2 6
6 12
14 16
14 15
7 19
6 19
3 18
10 14
4 14
11 14
16 17
5 6
3 8
3 19
14 17
13 18
1 3
0 3
3 10
7 8
7 14
6 7
7 18
2 16
5 16
12 16
3 13
7 10
4 13
9 14
6 11
11 13
11 16
1 7
17 19
4 6
13 17
2 14
13 15
12 14
8 13
14 19
5 19
0 6
4 16
2 19
3 9
11 18
12 19
1 13
3 15
1 14
0 7
13 16
7 9
10 13
4 18
5 14
8 11
11 19
7 13
2 13
4 8
10 11
7 15
12 13
4 19
0 18
4 10
9 13
3 17
5 13
0 16
1 6
11 15
13 19
9 11
0 8
4 15
7 17
2 3
3 12
4 9
0 10
3 5
0 15
1 16
1 18
11 17
0 17
2 7
4 17
