20 143 691.191724487497 dense
0 620 574
1 598 948
2 535 818
3 392 433
4 863 201
5 249 466
6 352 924
7 144 560
8 873 464
9 872 860
10 161 480
11 163 111
12 125 332
13 542 306
14 177 869
15 598 899
16 32 545
17 190 955
18 246 469
19 817 171
5 18
1 15
4 19
7 10
10 18
14 17
5 10
2 15
7 16
7 18
5 7
10 16
1 2
3 5
3 18
10 12
6 17
5 12
12 18
6 14
3 13
2 6
11 12
16 18
7 12
5 16
12 16
3 10
1 6
6 15
0 2
4 8
0 3
0 8
9 15
3 7
0 13
3 12
1 9
8 19
13 19
7 14
0 15
5 13
4 13
13 18
2 9
14 16
2 14
5 11
8 13
11 18
10 11
2 17
0 1
3 16
0 9
0 5
0 18
10 14
3 11
8 9
7 17
14 18
1 17
5 14
2 3
15 17
12 13
10 13
6 7
14 15
11 13
1 14
16 17
0 6
0 4
0 19
7 11
2 18
11 16
2 5
6 18
2 7
0 10
5 6
7 13
10 17
0 7
3 8
6 10
3 14
17 18
2 8
5 17
3 6
6 16
3 19
2 10
3 15
2 13
8 15
6 9
3 4
0 14
12 14
0 12
1 3
15 18
5 15
1 8
3 17
13 16
7 15
2 16
0 17
0 16
1 18
1 5
13 15
1 7
10 15
5 8
12 17
8 18
6 12
2 12
5 19
1 10
3 9
18 19
1 13
9 13
6 13
0 11
11 19
4 9
15 16
4 5
13 14
4 18
9 17
9 19
