20 108 512.5007317067947 dense
0 316 902
1 614 756
2 395 917
3 668 333
4 610 982
5 517 334
6 377 315
7 396 928
8 332 143
9 361 884
10 810 933
11 480 622
12 699 898
13 937 947
14 459 620
15 95 378
16 661 649
17 969 561
18 285 189
19 976 751
2 7
11 14
2 9
0 9
7 9
8 18
0 2
0 7
10 12
1 16
4 12
10 13
5 6
3 5
6 18
1 12
6 8
11 16
1 11
17 19
13 19
14 16
4 10
1 14
4 7
2 4
1 4
12 13
10 19
12 16
1 10
5 8
4 9
15 18
1 2
5 18
1 7
9 14
1 9
9 11
6 15
5 11
3 6
5 14
2 14
7 12
2 12
0 4
2 11
12 19
7 14
6 14
3 16
0 14
7 11
16 17
10 16
6 11
0 11
4 13
16 19
0 1
8 15
4 16
9 12
3 11
5 16
11 12
3 14
1 19
12 14
1 13
2 16
3 17
9 16
4 11
0 12
7 16
3 8
13 17
4 14
10 17
1 17
13 16
3 18
7 10
2 10
5 15
1 3
0 16
12 17
4 19
1 5
14 15
6 16
9 10
10 11
11 15
14 18
10 14
11 18
11 17
8 14
0 10
1 6
8 11
5 17
11 19
