20 115 685.0635007063214 dense
0 445 125
1 42 629
2 505 936
3 473 387
4 939 553
5 961 300
6 466 745
7 643 488
8 993 883
9 991 421
10 941 256
11 789 478
12 563 235
13 21 947
14 320 801
15 880 71
16 139 24
17 92 106
18 316 969
19 145 155
5 10
17 19
16 17
5 9
16 19
4 9
7 11
6 14
0 12
4 11
14 18
9 10
3 12
2 18
10 15
2 6
3 7
9 11
2 14
5 15
5 11
4 5
0 3
7 12
10 11
6 18
13 18
4 10
0 19
4 7
6 7
1 13
0 16
1 14
3 11
11 12
13 14
4 8
0 17
7 9
12 15
3 6
9 15
5 7
7 10
10 12
3 19
5 12
0 7
11 15
6 11
12 19
1 18
0 15
1 6
3 14
7 14
8 11
8 9
9 12
2 7
3 17
12 16
7 15
2 13
1 19
4 15
3 10
12 17
6 13
2 8
4 12
0 11
3 16
1 3
3 4
3 5
4 6
0 10
3 15
3 9
6 12
1 17
7 8
2 11
6 8
0 5
2 3
1 2
11 14
2 4
7 18
5 8
7 19
3 18
1 16
12 14
6 9
1 7
0 6
0 9
8 10
0 1
1 12
0 4
5 6
4 14
14 19
7 17
6 19
8 14
6 10
11 18
8 18
7 16
