20 165 873.8495293813461 dense
0 42 156
1 74 729
2 689 660
3 196 909
4 21 395
5 900 176
6 538 823
7 164 597
8 327 84
9 202 272
10 848 957
11 60 297
12 764 686
13 107 973
14 613 357
15 998 562
16 269 762
17 414 872
18 899 50
19 493 798
6 19
2 12
4 11
17 19
3 13
5 18
6 17
0 11
9 11
1 7
3 16
16 17
7 16
0 9
1 16
1 3
4 9
3 17
2 6
8 9
16 19
2 19
0 4
1 13
4 7
6 12
12 15
13 16
6 16
10 12
12 19
0 8
2 14
3 7
3 19
7 11
13 17
2 15
7 9
2 10
6 10
1 4
5 14
8 11
2 17
3 6
12 14
1 17
7 17
7 13
7 19
10 19
8 14
12 17
5 15
14 18
9 14
10 15
13 19
1 19
2 16
1 11
14 15
4 8
6 7
10 17
4 16
6 13
14 19
0 7
6 14
1 6
1 9
9 16
12 16
7 14
11 16
15 18
5 12
2 5
2 7
6 15
14 16
7 8
3 4
14 17
2 3
11 14
15 19
8 18
0 1
5 8
4 13
4 14
9 19
0 14
7 12
3 12
10 16
4 17
1 2
4 19
2 9
3 11
9 17
3 9
10 14
2 18
6 9
0 16
12 18
3 10
1 14
2 13
15 17
11 19
4 6
11 17
11 13
2 8
8 16
1 12
3 14
1 8
9 12
5 9
9 13
6 11
12 13
2 4
2 11
9 18
8 19
10 13
5 6
5 19
8 12
15 16
6 8
0 3
7 10
5 10
0 19
8 17
13 14
4 12
11 12
0 17
1 10
0 13
0 2
8 15
0 6
7 15
3 8
9 15
5 7
5 11
5 17
18 19
6 18
0 5
5 16
0 18
3 15
