20 143 828.3344735069282 dense
0 977 892
1 927 167
2 942 61
3 95 327
4 904 249
5 338 510
6 537 58
7 773 659
8 138 199
9 802 280
10 190 937
11 525 45
12 623 197
13 543 621
14 266 451
15 470 991
16 974 994
17 143 1000
18 93 201
19 74 336
6 11
3 19
8 18
10 17
1 4
5 14
0 16
4 9
1 2
3 18
3 8
18 19
8 19
6 12
1 9
11 12
2 4
9 12
3 14
14 19
7 13
5 13
2 9
8 14
10 15
4 12
14 18
3 5
1 12
0 7
5 19
13 14
15 17
6 9
2 12
9 11
5 8
13 15
7 9
7 16
5 18
1 6
2 6
4 6
8 11
2 11
1 11
6 8
5 12
9 13
4 11
4 7
12 13
12 14
7 15
5 10
11 18
5 7
6 18
10 13
6 14
11 14
8 12
7 12
10 14
5 6
5 15
5 11
15 16
0 13
3 11
1 7
0 15
3 6
5 9
4 13
5 17
12 18
3 13
11 19
6 19
3 12
7 14
13 19
13 17
14 17
9 14
6 13
12 19
13 16
11 13
14 15
8 13
1 13
10 19
13 18
3 10
2 7
4 5
0 9
6 7
7 10
0 4
7 11
17 19
8 9
4 14
3 17
1 5
2 13
3 9
9 18
7 17
1 14
0 1
9 19
9 16
8 10
10 18
0 5
4 16
2 5
3 7
3 15
15 19
4 8
7 19
0 12
2 14
7 8
9 15
10 16
0 10
1 8
5 16
17 18
8 17
12 15
4 18
3 4
2 8
7 18
1 16
