20 145 768.4172043883452 dense
0 120 288
1 122 509
2 907 510
3 969 192
4 870 241
5 110 489
6 263 321
7 899 813
8 150 960
9 352 33
10 168 410
11 762 818
12 570 729
13 780 625
14 551 465
15 0 725
16 53 282
17 635 616
18 929 719
19 473 106
1 5
0 16
5 10
7 18
1 10
3 4
6 10
12 17
0 10
7 11
9 19
13 17
0 6
2 13
10 16
14 17
13 18
11 13
11 18
0 5
2 18
11 12
6 16
5 16
0 1
7 13
5 6
12 13
1 6
1 16
11 17
1 15
5 15
12 14
2 4
8 15
13 14
2 17
6 19
6 9
2 7
17 18
6 14
2 3
7 17
7 12
2 11
0 9
10 15
2 14
12 18
14 19
10 14
9 16
4 14
4 13
0 19
2 12
11 14
4 19
9 10
10 19
1 14
5 14
4 17
15 16
1 8
0 15
16 19
14 18
0 14
3 13
5 8
6 17
9 14
8 12
4 18
6 15
7 14
1 12
3 14
3 19
10 17
6 12
10 12
5 9
5 12
1 17
5 19
3 18
1 9
14 16
1 19
17 19
3 17
5 17
8 10
4 9
12 15
4 7
4 12
4 11
2 19
8 17
6 13
13 19
14 15
0 17
4 6
3 7
8 11
0 12
12 19
8 14
3 9
15 17
9 17
10 13
6 8
3 11
1 13
3 12
16 17
2 6
0 8
12 16
5 13
8 16
6 11
1 11
8 13
3 6
10 11
4 10
9 12
5 11
9 13
2 9
0 13
2 10
0 4
7 8
18 19
11 15
11 19
