20 141 747.2322262857779 dense
0 518 731
1 582 881
2 19 476
3 250 694
4 805 373
5 470 191
6 538 705
7 911 200
8 65 343
9 844 961
10 30 181
11 624 162
12 834 312
13 83 585
14 441 316
15 874 82
16 935 412
17 71 233
18 849 807
19 942 593
0 6
10 17
4 12
8 17
7 15
2 13
5 14
4 16
7 12
2 8
12 16
9 18
5 11
0 1
8 10
16 19
1 6
3 13
4 7
7 16
18 19
12 15
11 14
8 13
2 17
11 12
4 19
11 15
0 3
1 9
1 18
4 11
3 6
7 11
2 10
4 15
12 19
2 3
6 18
15 16
0 18
13 17
4 14
8 14
14 17
9 19
1 3
4 5
5 12
12 14
7 19
3 8
6 9
0 9
11 16
6 14
5 17
16 18
10 13
5 15
6 19
0 14
3 14
4 6
5 8
10 14
4 18
5 10
5 7
0 19
13 14
2 14
0 4
0 13
1 19
6 13
7 14
6 12
14 15
6 16
3 17
12 18
14 16
5 16
15 19
5 6
0 12
0 16
2 5
11 19
0 5
3 5
6 11
5 13
1 4
9 16
11 17
3 10
0 2
2 6
14 19
0 11
1 13
1 14
1 16
8 11
4 9
10 11
6 8
0 8
3 18
7 18
5 19
1 12
6 7
14 18
3 4
9 12
3 11
3 9
0 7
6 17
0 17
2 11
11 18
11 13
1 2
3 12
1 5
3 19
6 15
1 11
5 18
15 18
6 10
0 10
0 15
4 8
3 16
1 8
4 17
