20 101 490.7341439109368 dense
0 886 678
1 173 942
2 376 942
3 611 911
4 408 60
5 209 32
6 534 865
7 37 414
8 190 430
9 105 456
10 401 834
11 830 994
12 695 891
13 513 620
14 471 605
15 69 467
16 474 564
17 253 383
18 418 146
19 776 274
9 15
14 16
13 14
7 15
13 16
8 17
7 9
3 12
4 18
8 9
3 6
2 10
8 15
6 10
7 8
6 12
9 17
11 12
2 6
4 5
15 17
1 2
7 17
3 10
3 11
2 3
5 18
10 14
10 13
6 13
1 10
6 14
10 16
16 17
0 12
17 18
10 12
6 16
3 13
14 17
8 16
0 11
6 11
2 12
12 13
8 14
3 14
2 13
2 14
13 17
5 17
4 17
0 3
12 14
8 18
1 6
3 16
8 13
0 13
18 19
9 16
2 16
12 16
9 14
5 8
0 6
15 16
16 19
0 19
5 7
0 14
16 18
14 15
4 19
0 16
4 8
13 19
5 9
1 3
9 13
9 18
1 14
14 19
8 10
2 11
5 15
10 11
7 16
14 18
7 18
1 13
13 15
7 14
15 18
10 17
9 10
1 16
13 18
1 15
11 13
1 9
