20 188 1092.2069400988075 dense
0 946 179
1 713 928
2 863 854
3 345 122
4 195 710
5 27 188
6 884 746
7 191 808
8 912 445
9 298 356
10 716 4
11 130 603
12 160 849
13 911 477
14 773 458
15 908 813
16 109 18
17 791 776
18 974 190
19 703 699
0 18
8 13
7 12
2 15
6 15
6 17
4 7
2 17
2 6
17 19
15 17
4 11
13 14
8 14
4 12
1 2
1 17
6 19
5 16
7 11
2 19
1 15
1 19
15 19
3 9
11 12
1 6
14 19
3 16
8 18
0 8
6 13
0 10
13 18
9 11
0 13
6 8
13 19
6 14
10 18
14 17
5 9
13 17
3 5
0 14
8 19
14 18
13 15
8 17
8 15
4 9
14 15
2 13
9 16
3 10
2 14
2 8
5 11
10 14
7 9
1 14
8 10
9 14
1 13
4 19
10 13
9 12
1 8
7 19
3 11
9 19
1 7
3 14
9 10
4 5
1 12
1 4
6 18
12 19
0 6
0 19
18 19
11 19
11 16
4 17
7 17
0 3
3 4
10 16
17 18
0 17
8 9
9 13
15 18
4 14
3 18
0 15
12 17
5 7
9 17
3 8
11 14
1 11
3 13
0 9
2 18
2 7
5 12
3 19
7 14
0 2
11 17
2 4
4 6
10 19
6 7
9 18
4 16
2 12
3 7
6 9
1 9
5 10
7 15
4 15
12 14
6 12
12 15
3 12
4 13
2 9
6 10
9 15
4 8
6 11
2 11
10 17
1 18
0 1
11 13
3 17
7 13
5 14
7 16
14 16
8 11
11 15
7 8
3 6
10 15
12 16
10 11
12 13
5 19
0 16
8 12
2 10
4 10
16 18
1 3
3 15
2 3
16 19
8 16
0 5
0 11
0 4
5 8
1 10
13 16
5 13
4 18
11 18
5 18
7 10
5 17
0 7
7 18
1 5
10 12
16 17
5 6
0 12
12 18
6 16
2 5
5 15
1 16
