20 165 823.694725004355 dense
0 981 178
1 842 474
2 506 193
3 430 919
4 175 606
5 206 106
6 956 590
7 573 692
8 230 190
9 524 386
10 467 275
11 114 741
12 184 386
13 88 143
14 146 142
15 142 553
16 771 309
17 1000 839
18 838 299
19 197 243
13 14
4 15
8 19
16 18
5 14
5 8
2 10
8 14
14 19
5 13
9 10
5 19
12 19
13 19
4 11
8 13
1 6
12 15
1 18
1 16
0 18
11 15
2 9
8 12
4 12
12 14
0 16
8 10
6 17
9 16
12 13
3 7
10 19
2 8
5 12
2 16
10 12
10 16
7 9
5 10
2 5
2 19
6 18
15 19
9 18
0 1
1 9
6 16
9 12
1 7
10 14
2 18
8 9
9 19
11 12
3 11
2 14
4 19
10 18
8 15
2 12
6 7
1 17
10 13
3 4
4 7
14 15
4 9
0 6
13 15
9 15
4 8
2 13
5 9
1 10
10 15
7 10
7 16
1 2
4 10
9 14
5 15
7 17
7 15
7 11
4 14
3 15
4 13
7 18
0 2
6 9
7 12
9 13
4 5
0 9
2 7
11 19
2 15
0 10
2 4
3 9
9 11
8 16
8 11
17 18
3 17
16 17
16 19
6 10
10 11
7 19
3 12
12 16
11 13
11 14
2 6
5 16
1 3
7 8
8 18
3 6
5 11
18 19
3 10
14 16
0 7
9 17
12 18
5 18
0 17
1 12
4 16
2 11
15 16
1 8
1 4
1 19
5 7
7 14
3 16
13 16
1 15
14 18
3 19
2 3
4 18
7 13
1 5
15 18
3 18
0 8
3 8
13 18
1 14
1 11
10 17
0 5
4 6
11 16
0 19
6 12
2 17
6 15
1 13
0 12
