20 153 861.896165439898 dense
0 420 292
1 990 718
2 53 671
3 700 321
4 949 149
5 966 892
6 842 102
7 102 638
8 122 216
9 354 672
10 167 462
11 582 411
12 857 143
13 37 576
14 786 417
15 482 765
16 17 26
17 992 32
18 138 833
19 731 98
6 12
2 7
7 13
4 12
2 13
6 19
4 6
4 17
3 14
12 19
3 11
9 15
6 17
10 13
12 17
1 5
2 18
7 10
7 18
0 11
11 14
8 16
4 19
3 19
3 12
2 10
8 10
7 9
3 6
17 19
9 18
13 18
9 10
0 3
12 14
2 9
3 4
0 10
0 8
4 14
6 14
14 19
9 13
9 11
11 19
15 18
1 14
0 19
11 15
8 13
10 18
11 12
0 9
0 14
7 15
6 11
3 17
10 11
7 8
14 17
10 15
2 15
4 11
2 8
10 16
0 12
14 15
0 6
0 7
0 13
0 15
0 16
13 15
1 3
3 9
3 15
8 11
5 15
9 14
5 14
1 15
1 11
8 9
0 2
7 11
0 4
13 16
3 10
11 17
11 13
1 4
3 8
2 11
1 12
0 18
11 18
5 11
8 18
7 16
8 19
10 14
0 17
3 5
1 6
1 9
2 16
5 9
8 15
10 19
1 19
3 7
11 16
1 17
9 19
8 14
3 13
0 1
15 19
16 19
7 14
12 15
9 16
6 8
9 12
2 3
8 12
4 5
3 16
6 9
6 15
5 12
10 12
3 18
6 10
13 14
14 18
4 15
2 14
4 9
5 6
0 5
16 18
5 19
6 16
7 19
4 8
5 18
4 10
13 19
12 16
1 18
5 17
1 10
