20 147 901.7405391796467 dense
0 712 986
1 917 592
2 594 90
3 515 338
4 59 99
5 939 1
6 477 419
7 740 20
8 3 999
9 551 226
10 144 60
11 884 732
12 573 975
13 691 945
14 52 357
15 50 186
16 954 712
17 286 546
18 379 940
19 449 896
0 13
11 16
18 19
4 15
3 6
4 10
3 9
12 13
1 16
0 12
2 9
1 11
12 19
10 15
2 7
14 15
12 18
5 7
6 9
6 17
13 19
4 14
2 3
0 19
7 9
11 13
14 17
0 11
3 17
10 14
13 18
0 18
2 6
13 16
2 5
0 16
8 18
17 19
3 7
11 12
17 18
9 17
1 13
6 14
15 17
9 10
0 1
5 9
2 10
8 19
12 16
3 14
3 10
11 19
1 6
1 3
6 19
6 7
6 15
3 15
6 10
4 17
9 15
10 17
4 9
6 11
1 12
3 4
9 14
12 17
1 9
4 6
6 18
8 17
2 4
16 19
3 11
3 5
11 18
2 17
2 15
1 19
6 16
3 19
6 12
6 13
13 17
8 12
3 16
1 5
1 2
7 10
1 7
2 14
9 11
0 17
0 6
3 18
16 18
5 6
11 17
9 16
3 13
1 17
3 12
1 18
8 14
14 18
14 19
0 3
9 19
4 7
16 17
8 13
7 17
2 11
0 8
7 15
5 16
2 16
7 16
7 11
9 13
5 11
9 18
6 8
9 12
7 14
0 9
5 10
12 14
8 15
15 19
2 19
15 18
3 8
5 17
2 13
13 14
2 18
2 12
4 5
4 19
10 19
1 14
4 18
4 8
