20 106 550.2154123613769 dense
0 917 615
1 678 272
2 119 463
3 602 827
4 80 557
5 375 362
6 113 754
7 565 524
8 518 778
9 812 970
10 782 134
11 664 142
12 155 720
13 357 191
14 361 949
15 361 883
16 884 986
17 202 441
18 145 417
19 986 645
2 18
6 12
17 18
14 15
9 16
0 19
2 17
3 8
2 4
10 11
1 11
4 18
4 17
5 13
1 10
4 12
8 15
5 17
4 6
8 14
5 18
3 15
5 7
3 9
7 8
2 12
12 15
3 14
2 5
1 7
6 15
12 17
2 6
13 17
12 18
3 7
12 14
13 18
11 13
6 14
1 5
3 16
6 17
1 13
6 18
8 9
4 5
16 19
2 13
5 11
0 7
8 12
9 19
0 9
7 17
0 16
0 3
7 13
7 11
6 8
7 15
0 1
5 12
8 16
3 19
10 13
4 15
0 8
7 18
7 19
5 8
7 10
2 7
9 14
7 12
4 13
9 15
3 12
8 17
5 10
15 17
7 14
5 6
4 14
1 19
2 15
4 7
8 19
4 8
3 6
0 10
1 17
6 7
2 8
7 9
15 18
3 5
8 18
5 15
14 16
1 8
14 17
15 16
0 11
2 14
10 19
