20 163 848.6978260841723 dense
0 274 929
1 946 58
2 272 579
3 286 871
4 0 423
5 236 238
6 930 844
7 973 886
8 896 789
9 190 645
10 548 536
11 287 724
12 311 304
13 826 419
14 809 331
15 599 23
16 322 144
17 923 892
18 598 82
19 746 389
6 17
7 17
15 18
0 3
6 7
6 8
13 19
14 19
13 14
5 12
2 9
8 17
7 8
9 11
5 16
2 11
3 11
12 16
0 11
3 9
10 19
2 12
2 10
16 18
4 9
2 3
0 9
4 5
10 13
15 16
1 14
2 4
10 11
14 18
10 12
10 14
4 12
18 19
2 5
1 15
1 18
0 2
9 12
12 18
14 15
9 10
8 13
1 13
1 19
5 18
15 19
12 15
13 18
5 9
4 11
11 12
5 15
3 10
4 16
8 19
8 10
5 10
6 13
2 16
12 19
10 16
13 15
10 18
8 14
0 10
13 17
5 11
7 13
16 19
6 10
6 19
12 14
2 19
10 15
10 17
9 16
14 16
6 14
12 13
3 4
5 19
17 19
7 19
7 10
4 10
3 12
11 19
14 17
13 16
0 4
2 13
7 14
5 14
11 16
2 14
2 18
9 19
8 11
3 8
5 13
11 13
1 10
0 12
1 16
3 5
3 17
0 8
3 6
2 15
0 17
11 14
6 11
11 17
2 8
0 6
3 19
9 13
1 12
3 7
4 18
0 5
9 14
9 18
0 7
3 13
7 11
2 6
11 18
0 19
4 15
8 9
2 17
3 16
1 5
1 8
9 15
4 19
0 13
3 14
8 12
2 7
6 9
8 18
11 15
9 17
1 6
0 16
0 14
4 14
7 9
6 12
8 15
4 13
1 7
6 18
1 17
3 18
12 17
