20 149 721.6785988236037 dense
0 51 442
1 733 206
2 893 383
3 425 563
4 266 256
5 919 824
6 727 710
7 547 372
8 210 105
9 562 17
10 776 485
11 426 941
12 940 479
13 920 448
14 75 821
15 201 491
16 333 156
17 184 337
18 964 378
19 311 797
12 13
2 13
2 18
13 18
12 18
2 12
4 17
4 16
8 16
10 13
15 17
2 10
0 15
4 8
10 12
0 17
11 19
10 18
5 6
3 7
6 10
8 17
16 17
3 15
14 19
1 2
4 15
1 7
1 9
7 10
3 19
9 16
1 10
0 4
1 18
4 7
7 16
1 13
6 12
15 19
6 13
3 17
3 6
1 12
5 12
3 4
2 7
14 15
7 9
3 10
15 16
8 9
7 17
7 15
2 6
5 10
11 14
0 8
5 13
3 11
6 11
0 14
4 9
7 13
6 7
8 15
0 3
0 16
1 16
7 12
6 18
7 18
3 16
6 19
7 8
3 14
0 19
2 5
5 18
1 4
1 3
17 19
7 19
2 9
9 17
14 17
0 7
2 3
11 15
1 6
3 8
5 11
3 13
9 10
3 12
1 8
9 18
4 19
10 16
3 5
4 10
10 19
9 13
3 9
1 17
6 15
3 18
10 11
10 15
7 11
5 7
9 15
4 14
9 12
1 15
2 16
5 19
10 17
0 11
2 4
16 19
1 5
4 6
11 17
7 14
13 16
6 17
6 14
0 9
16 18
6 16
4 13
8 10
12 16
11 12
11 13
8 19
2 15
13 19
4 11
12 19
4 18
4 12
2 17
6 9
14 16
2 19
13 15
0 1
