20 182 971.485460519096 dense
0 496 369
1 867 803
2 812 151
3 18 924
4 256 309
5 965 519
6 400 32
7 69 148
8 808 784
9 284 628
10 633 974
11 173 339
12 190 362
13 79 664
14 680 752
15 737 522
16 865 846
17 43 794
18 882 875
19 740 274
11 12
16 18
1 16
1 8
1 18
8 16
4 12
4 11
8 18
8 14
3 17
13 17
2 19
1 14
14 16
9 13
7 11
10 14
5 15
14 18
14 15
7 12
4 7
0 4
15 19
8 10
0 19
10 16
3 13
10 18
8 15
9 12
0 15
1 10
9 17
1 5
0 12
5 8
9 11
1 15
4 6
4 9
12 13
0 11
5 19
0 9
11 13
5 16
15 16
0 6
6 7
5 18
5 14
2 15
15 18
6 11
0 2
6 12
4 13
3 9
2 5
9 14
6 19
0 14
2 6
12 17
10 15
9 15
11 17
0 7
14 19
4 19
9 10
0 5
0 13
8 19
7 13
0 8
7 9
4 15
4 17
1 19
8 9
12 19
5 10
12 15
11 19
0 1
9 19
2 4
16 19
3 12
11 15
6 15
0 16
3 11
6 9
13 14
1 9
4 14
2 14
10 17
3 10
18 19
0 10
9 16
0 17
12 14
2 8
10 13
0 18
14 17
7 17
9 18
11 14
1 2
2 12
3 4
2 11
13 15
7 19
3 14
5 9
2 16
10 19
6 13
2 9
2 18
4 8
0 3
8 13
4 5
2 7
15 17
5 6
8 12
10 12
4 10
8 17
7 15
13 19
6 14
8 11
3 7
10 11
1 4
5 12
1 13
3 8
13 16
1 12
4 16
5 11
16 17
3 15
1 17
13 18
12 16
1 11
6 17
2 10
17 18
4 18
3 16
6 8
1 3
11 16
7 14
12 18
3 18
17 19
11 18
2 13
5 13
1 6
6 16
5 17
5 7
3 6
6 10
6 18
3 19
