20 139 591.2740481367333 dense
0 243 711
1 536 927
2 891 860
3 450 489
4 976 661
5 597 347
6 411 282
7 738 460
8 693 202
9 12 921
10 390 303
11 498 290
12 691 792
13 240 868
14 262 593
15 610 477
16 715 234
17 84 558
18 85 563
19 406 642
17 18
6 10
8 16
6 11
10 11
5 11
0 14
7 15
5 15
14 19
0 13
3 19
3 15
5 16
5 8
0 19
14 18
5 7
14 17
3 10
5 6
3 5
3 11
1 12
3 6
2 12
5 10
8 11
3 14
2 4
0 18
11 15
0 17
11 16
7 16
9 13
7 8
15 19
15 16
13 14
6 15
13 19
10 15
8 15
3 7
6 8
7 11
1 13
0 3
6 16
4 7
0 9
1 19
4 12
10 14
8 10
12 19
12 15
18 19
10 16
17 19
7 12
10 19
13 18
6 14
13 17
5 19
6 19
1 2
11 19
0 1
9 18
14 15
3 16
9 17
6 7
3 18
3 17
3 8
7 19
7 10
11 14
3 12
10 17
10 18
4 15
9 14
5 14
6 17
2 7
6 18
1 14
3 13
0 10
0 15
1 3
5 12
0 12
1 15
12 13
0 6
12 14
2 15
9 19
4 5
0 11
11 17
7 14
11 18
4 16
0 5
1 7
16 19
1 4
1 9
8 19
2 19
15 18
15 17
11 12
13 15
4 8
3 4
5 17
0 7
5 18
12 16
4 19
10 12
2 3
14 16
1 18
6 12
8 14
1 5
1 17
10 13
8 12
2 5
