20 132 648.4481475029442 dense
0 6 694
1 712 229
2 110 679
3 69 139
4 264 267
5 338 948
6 360 597
7 705 215
8 90 36
9 190 748
10 606 647
11 188 677
12 250 606
13 885 555
14 376 317
15 816 493
16 761 266
17 210 346
18 933 173
19 803 624
1 7
1 16
9 11
7 16
2 11
13 15
11 12
4 17
0 2
3 8
2 9
13 19
6 12
4 14
15 19
9 12
2 12
14 17
0 11
6 11
0 9
16 18
10 19
6 9
1 18
7 18
3 4
15 16
5 9
3 17
6 10
0 12
10 15
12 17
2 6
6 14
1 15
4 8
6 17
10 13
7 15
5 11
13 16
12 14
11 17
8 17
4 12
15 18
4 6
7 14
1 14
2 17
5 6
2 5
5 12
3 14
10 12
16 19
0 6
1 13
7 13
13 18
14 16
8 14
10 14
9 17
5 10
0 17
1 19
11 14
10 16
4 11
0 5
10 11
7 19
9 10
1 10
2 4
7 10
6 19
4 7
2 14
1 4
6 15
18 19
9 14
14 15
4 9
4 16
2 10
10 17
0 4
3 12
1 6
4 10
7 17
6 7
1 17
6 16
14 19
6 13
0 14
2 3
3 6
3 11
12 19
16 17
0 3
13 14
5 19
14 18
10 18
12 15
8 12
1 12
4 15
7 12
0 10
12 16
5 17
11 19
3 9
6 8
15 17
9 19
5 14
12 13
7 8
3 7
2 8
4 19
8 11
