20 163 836.6032512487625 dense
0 805 537
1 974 232
2 139 246
3 297 434
4 92 31
5 535 733
6 118 774
7 164 495
8 73 130
9 466 534
10 874 824
11 110 373
12 958 330
13 470 816
14 909 621
15 30 104
16 96 648
17 722 458
18 547 231
19 564 605
8 15
4 15
1 12
4 8
5 13
0 17
9 19
6 16
2 11
5 19
7 11
2 8
0 14
3 7
7 16
2 15
3 9
3 11
10 14
5 9
17 19
2 4
13 19
2 3
8 11
14 17
2 7
0 19
0 12
9 17
12 17
11 16
11 15
9 13
6 7
17 18
3 16
12 14
0 10
7 9
9 18
3 19
3 18
5 17
0 5
1 17
0 9
4 11
14 19
0 1
5 10
6 13
18 19
7 8
3 8
10 19
3 5
3 6
9 16
5 14
9 11
1 14
10 17
0 18
6 11
10 13
2 16
2 18
13 16
7 15
7 19
5 6
3 13
6 9
12 18
3 15
3 17
1 18
2 9
0 13
13 17
5 7
7 13
5 16
9 14
3 4
11 18
7 18
4 7
16 19
6 19
13 14
12 19
8 18
4 18
9 10
10 12
5 18
11 19
0 3
8 16
2 6
14 18
15 18
9 12
15 16
1 19
2 19
5 11
7 17
8 9
11 13
5 12
13 18
1 9
1 10
9 15
16 18
4 16
11 17
2 17
4 9
2 5
3 14
0 7
6 8
16 17
2 13
1 5
3 12
6 15
10 18
6 17
8 19
12 13
6 18
3 10
1 3
0 11
0 16
0 6
0 2
8 17
15 19
4 19
4 6
7 14
6 10
5 8
4 17
1 13
15 17
7 10
8 13
10 16
6 14
5 15
7 12
14 16
2 12
4 5
1 2
11 14
