20 115 601.163039449366 dense
0 173 110
1 958 538
2 130 724
3 529 633
4 572 474
5 823 112
6 179 998
7 262 248
8 977 445
9 539 580
10 749 164
11 766 933
12 346 805
13 813 616
14 282 263
15 662 134
16 92 879
17 75 240
18 322 326
19 735 765
7 14
3 9
14 18
5 10
10 15
1 8
7 18
4 9
6 16
2 16
5 15
0 17
0 7
1 13
3 4
13 19
11 19
7 17
0 14
14 17
2 12
8 13
3 19
3 12
6 12
17 18
0 18
12 16
9 19
9 13
2 6
4 13
3 13
4 18
9 12
1 19
11 13
4 19
9 18
4 15
4 10
4 14
8 10
5 8
3 18
3 11
4 7
15 18
12 19
1 4
4 12
8 19
14 15
4 8
9 14
2 3
7 15
9 11
1 9
1 10
7 9
2 9
11 12
1 11
1 3
4 5
2 18
8 15
3 14
1 5
10 13
10 18
8 9
9 15
9 10
3 7
10 14
12 18
2 14
3 8
2 17
0 15
2 7
7 10
4 11
1 15
3 16
12 13
5 13
13 15
3 6
2 4
3 15
3 10
8 11
9 16
0 4
5 18
12 14
5 9
4 17
6 9
5 14
7 12
13 18
9 17
5 7
0 10
6 11
0 9
15 17
3 5
16 18
3 17
10 19
