20 127 662.091383420748 dense
0 637 575
1 114 28
2 773 98
3 661 961
4 253 469
5 196 32
6 758 687
7 748 44
8 759 234
9 137 105
10 642 267
11 14 985
12 97 649
13 728 239
14 356 380
15 519 757
16 109 199
17 588 307
18 84 768
19 987 276
8 13
2 7
10 17
1 9
1 5
10 13
5 9
9 16
12 18
8 10
4 14
2 8
2 13
13 17
0 6
1 16
8 17
5 16
7 8
7 13
2 10
0 15
11 18
8 19
4 12
14 17
7 10
3 15
6 15
13 19
0 17
2 19
2 17
3 6
4 16
14 16
10 14
7 17
0 10
7 19
0 14
4 18
10 19
11 12
0 13
9 14
0 8
4 17
12 14
4 9
5 14
0 3
4 15
13 14
0 4
17 19
14 15
6 17
1 14
8 14
15 18
12 15
6 10
4 10
4 5
6 13
12 16
6 8
15 17
0 19
1 4
6 19
14 18
5 17
16 17
9 17
0 2
2 14
5 10
10 15
6 14
7 14
4 13
9 10
10 16
0 7
0 12
9 12
1 17
4 6
5 7
11 15
4 8
13 15
4 11
16 18
5 13
8 15
1 10
2 5
0 18
2 6
5 8
12 17
9 13
3 18
7 9
13 16
1 12
5 12
1 7
8 9
2 9
2 4
3 4
14 19
6 7
3 12
3 11
0 16
1 13
8 16
4 7
3 14
7 16
3 17
6 12
