100 2876 530.0537708572593 dense
0 809 954
1 906 465
2 281 283
3 309 338
4 100 130
5 619 641
6 425 644
7 193 609
8 577 90
9 399 443
10 530 905
11 766 990
12 322 334
13 94 357
14 203 577
15 345 129
16 470 49
17 99 386
18 851 256
19 548 459
20 166 663
21 132 956
22 442 633
23 668 474
24 426 238
25 14 9
26 98 210
27 584 215
28 698 443
29 481 668
30 385 8
31 866 936
32 663 173
33 308 979
34 354 31
35 332 958
36 351 311
37 133 622
38 137 196
39 862 636
40 847 549
41 470 283
42 413 367
43 480 634
44 466 468
45 749 49
46 322 670
47 130 563
48 19 17
49 606 862
50 81 434
51 272 98
52 328 913
53 709 685
54 766 618
55 795 6
56 723 872
57 815 555
58 150 169
59 163 858
60 314 508
61 587 322
62 26 269
63 226 89
64 178 223
65 728 839
66 704 644
67 430 338
68 542 687
69 416 240
70 736 259
71 221 425
72 106 228
73 76 256
74 544 456
75 313 19
76 743 292
77 266 652
78 412 788
79 996 623
80 173 768
81 394 401
82 574 569
83 872 227
84 287 338
85 142 602
86 573 159
87 527 795
88 585 578
89 368 978
90 694 751
91 713 920
92 392 940
93 18 949
94 907 746
95 668 755
96 438 807
97 21 396
98 379 659
99 547 129
19 74
25 48
24 69
3 12
82 88
26 72
6 22
37 85
3 84
90 95
13 17
38 58
33 35
78 96
40 57
56 65
7 14
42 67
70 76
29 43
12 84
18 83
12 36
22 43
30 34
42 81
86 99
47 85
72 73
35 89
53 66
26 38
9 81
34 75
23 28
38 72
89 92
35 52
51 63
6 98
56 91
38 64
8 99
3 36
26 73
17 50
7 85
62 73
22 29
20 37
2 84
6 43
0 11
27 86
46 98
46 77
37 47
0 31
33 89
7 20
58 64
6 29
7 37
2 3
35 92
24 41
45 55
4 58
29 68
2 12
20 85
14 85
26 58
54 66
53 90
41 67
22 98
33 52
41 69
8 86
36 84
52 92
50 97
9 44
5 88
64 72
67 81
30 75
58 72
14 47
2 36
4 38
52 89
9 42
7 47
13 50
17 97
44 74
15 51
54 57
4 26
26 64
53 95
43 68
65 91
19 44
13 97
14 37
36 67
36 42
7 77
5 82
5 66
38 73
10 49
11 91
53 54
39 40
51 75
27 32
5 68
87 96
62 72
59 80
32 86
33 92
26 62
14 20
27 99
39 57
65 90
16 30
36 69
12 42
39 54
14 77
4 72
12 81
44 81
15 34
67 69
36 81
24 67
5 53
20 77
41 42
0 91
29 98
13 73
1 40
21 59
65 95
49 87
43 98
24 36
20 80
3 81
34 51
6 46
20 47
40 54
9 60
27 61
64 73
66 90
3 42
12 67
68 87
71 84
9 67
10 87
58 63
16 99
13 62
63 75
32 70
19 82
77 98
11 31
22 68
18 76
42 44
58 73
21 93
43 82
15 75
8 16
18 70
78 87
66 95
74 82
68 88
16 34
49 56
0 56
39 94
43 88
2 64
8 32
19 23
3 67
4 64
49 91
36 41
68 82
41 61
49 95
3 71
32 99
5 95
49 65
81 84
56 90
19 88
6 68
60 71
8 27
23 74
15 63
22 46
11 56
42 69
62 97
15 30
1 57
17 71
4 73
74 88
56 95
42 84
13 72
24 42
14 60
15 69
17 73
4 63
27 41
38 62
12 69
23 88
5 90
78 98
9 12
60 81
23 82
77 85
10 96
39 79
44 67
29 87
15 24
29 82
12 71
66 88
37 77
29 88
17 62
47 50
3 9
29 78
4 48
5 43
38 63
70 83
50 71
41 81
9 36
34 63
5 29
0 65
61 74
92 96
51 58
12 24
49 90
2 69
57 66
63 64
10 92
19 61
7 46
67 84
68 95
32 76
13 71
76 83
30 51
6 78
3 69
29 96
9 74
87 95
22 82
13 26
44 82
46 78
15 16
4 25
77 80
5 54
9 19
66 82
73 97
52 78
16 86
19 28
32 45
14 46
54 90
37 80
60 77
2 24
79 94
52 96
14 71
22 88
78 92
9 84
31 91
3 24
2 71
28 74
53 65
11 65
20 46
51 64
2 42
12 41
31 56
44 60
4 62
28 76
7 60
61 67
22 78
13 64
17 72
39 66
27 70
42 74
64 84
68 96
62 64
2 67
61 76
29 46
6 77
58 62
96 98
24 27
74 81
16 75
7 80
39 53
41 86
61 70
28 57
69 84
43 46
44 88
46 60
69 81
47 77
24 99
19 42
2 81
6 96
61 86
53 88
67 74
28 61
60 98
19 81
68 78
68 90
47 71
68 98
24 81
10 78
40 79
43 44
13 38
22 44
2 15
6 82
38 51
24 86
53 68
32 61
66 68
43 87
53 57
23 57
2 38
43 78
54 95
31 65
80 85
19 67
27 69
90 91
3 60
3 41
91 95
59 93
24 84
40 66
69 99
60 84
41 99
23 61
42 60
87 90
36 71
6 88
2 58
23 66
52 59
50 62
5 23
22 96
23 54
12 60
3 64
71 81
4 51
9 41
6 60
17 26
28 88
26 63
1 39
27 76
69 86
49 96
28 82
8 45
22 77
5 22
21 33
10 89
53 82
43 96
50 73
46 80
30 63
50 85
9 71
22 60
5 87
46 96
17 47
42 61
6 44
17 64
24 61
12 64
1 79
15 36
6 87
28 40
22 87
2 72
10 91
63 72
35 96
89 96
41 44
2 51
54 88
7 71
49 68
53 56
19 43
28 54
28 70
35 78
14 50
41 74
72 97
33 59
2 41
43 74
44 61
61 69
54 94
41 84
70 86
15 64
47 60
46 85
21 80
19 41
7 98
14 80
57 79
40 53
17 38
71 85
13 84
5 6
17 84
16 24
23 40
36 64
14 98
31 94
36 44
9 22
37 46
20 59
78 89
37 50
5 19
88 95
10 56
60 85
13 58
35 59
65 66
12 44
23 76
2 26
27 67
61 99
87 92
54 82
15 41
16 69
2 9
15 58
47 97
77 78
5 74
21 35
36 60
29 44
42 71
21 52
48 58
87 98
28 66
2 13
26 97
16 27
2 63
65 94
15 99
23 44
71 97
10 52
30 99
51 69
6 9
39 90
9 69
19 22
10 95
3 44
16 51
22 74
88 90
49 53
11 49
10 35
18 32
65 87
60 67
40 94
29 95
12 15
64 71
38 84
9 24
2 73
26 51
53 94
1 54
9 43
50 72
45 86
49 78
7 50
24 51
43 60
82 95
26 48
61 81
10 65
8 30
13 47
2 17
1 28
47 80
44 98
25 58
45 70
56 87
51 72
8 24
72 84
57 94
3 15
52 80
53 87
32 55
20 98
90 94
5 28
37 60
5 57
20 60
38 48
43 77
82 98
23 53
3 17
29 77
33 96
9 82
37 71
3 13
76 86
32 83
1 18
45 83
34 99
15 84
9 98
45 99
14 17
33 78
58 84
25 26
82 90
34 69
10 68
15 38
24 34
48 63
19 29
46 47
8 69
17 85
46 68
8 41
29 74
44 84
88 98
5 49
58 75
32 41
6 19
6 74
71 73
0 49
17 58
56 94
3 38
9 61
43 95
25 38
87 91
43 66
54 65
29 66
63 73
87 88
26 50
10 90
23 70
15 67
5 65
73 84
67 71
25 63
4 13
36 51
66 94
50 84
2 60
39 95
49 92
19 68
71 72
48 72
26 84
29 90
29 53
27 42
56 66
12 17
67 86
12 13
70 99
16 32
9 88
0 94
15 86
54 79
59 77
57 90
8 34
18 45
29 49
12 38
82 87
3 72
5 44
68 74
57 88
38 97
29 60
52 87
71 77
77 96
44 68
6 14
3 58
8 70
8 61
50 64
66 87
80 98
0 90
28 44
44 69
24 44
64 97
8 55
24 30
16 41
10 33
55 83
27 45
30 69
54 68
43 53
6 7
53 91
8 15
60 74
95 96
36 61
22 81
2 4
21 89
9 14
25 72
59 89
1 76
37 59
1 23
80 93
12 58
17 37
64 69
85 97
49 66
19 60
94 95
9 29
67 99
9 46
78 80
46 87
4 75
65 68
1 83
51 84
12 72
5 98
30 86
12 51
36 74
57 82
18 28
19 66
7 17
10 29
28 53
87 89
63 69
3 51
36 38
5 39
46 52
45 76
39 65
59 92
85 98
69 75
0 95
43 90
38 71
20 50
20 71
27 74
50 60
38 50
64 75
6 81
4 15
14 22
13 14
5 96
48 73
24 32
5 40
36 58
81 82
46 59
34 58
19 36
24 75
19 27
3 26
23 43
66 74
3 73
17 60
16 63
61 82
3 50
23 68
15 42
26 71
9 77
35 80
24 74
44 46
57 95
43 81
24 64
44 71
37 98
24 63
38 75
11 90
13 85
62 71
7 22
33 80
2 50
7 59
10 11
69 74
51 73
27 36
48 62
37 97
19 24
31 90
23 39
28 39
12 74
5 56
14 84
40 90
34 86
5 78
15 27
35 87
11 95
25 73
36 63
27 28
76 99
2 62
19 69
32 69
4 17
61 88
12 26
18 55
63 84
14 97
19 76
22 95
59 85
54 56
74 76
12 73
78 95
12 19
42 82
81 98
75 99
59 78
36 72
15 72
56 68
52 98
6 20
14 81
55 70
15 26
48 64
25 62
81 88
34 64
21 92
43 49
91 94
12 50
13 36
58 97
3 14
8 76
74 98
2 44
19 98
90 96
22 66
2 34
42 86
3 63
17 36
3 74
12 63
40 88
7 9
49 89
46 71
12 61
48 51
58 71
27 81
2 75
13 60
47 98
60 82
41 70
1 70
6 95
36 99
22 42
13 37
80 96
3 19
52 77
31 95
69 71
36 86
62 63
23 29
25 64
55 86
19 54
1 66
62 84
18 27
31 49
12 14
7 13
9 23
41 51
46 82
44 77
22 53
78 88
88 96
18 61
67 82
42 88
84 97
28 32
23 27
78 82
26 36
34 38
4 34
57 76
40 95
25 51
42 99
41 76
8 75
40 82
7 97
41 60
50 58
39 56
23 67
82 96
47 84
19 70
54 74
70 74
23 41
42 43
58 69
10 43
42 64
20 78
66 91
22 23
15 81
23 42
51 99
55 99
64 67
40 76
6 42
28 83
34 41
24 71
19 53
4 97
20 22
68 77
23 90
22 90
3 61
46 81
80 92
28 41
5 10
46 88
46 92
16 45
6 66
27 44
59 96
4 84
64 81
60 88
34 36
36 73
29 81
6 80
23 95
1 94
92 98
6 10
22 49
77 81
11 94
53 74
71 98
38 69
49 52
74 84
14 43
9 68
7 78
39 88
0 10
6 49
2 97
23 81
10 53
19 57
14 59
78 90
24 58
18 23
14 44
49 88
30 58
17 20
32 67
67 88
10 22
50 77
6 52
33 87
6 85
29 92
43 54
80 89
41 71
60 69
7 84
6 53
0 53
27 30
51 67
3 47
26 75
19 84
12 27
16 36
28 67
30 41
7 43
35 46
27 83
8 67
57 74
10 98
29 52
68 91
7 81
29 54
6 90
28 68
28 43
60 68
35 49
55 76
3 62
33 93
16 67
65 96
49 54
24 38
24 60
56 96
14 29
66 79
6 37
18 40
9 27
53 79
59 98
3 97
42 98
7 29
48 75
2 30
68 92
72 75
5 91
18 86
36 75
27 34
9 47
49 82
3 7
3 4
28 42
20 21
22 67
75 86
1 53
17 81
39 82
60 80
5 9
44 66
31 53
6 23
60 78
36 50
47 59
14 42
27 55
14 78
16 61
57 65
53 96
91 96
54 87
15 73
77 87
65 88
6 92
20 52
41 64
5 46
74 86
30 64
13 63
12 47
9 28
25 75
6 71
51 62
31 39
43 67
29 65
61 83
61 84
2 16
22 80
81 86
19 86
23 32
18 57
84 85
3 27
4 12
22 85
9 85
22 52
35 98
12 62
13 81
57 68
22 71
42 51
7 12
20 97
2 14
41 82
12 99
14 36
95 98
49 98
4 50
12 34
30 36
8 51
9 17
6 47
12 86
6 67
57 70
5 94
54 91
83 86
28 81
32 74
51 86
41 75
7 44
12 97
2 99
20 96
28 90
19 32
46 74
11 87
2 61
29 42
19 46
22 37
33 46
4 36
15 61
47 81
4 30
69 72
3 34
11 53
28 86
40 70
2 27
24 70
65 82
22 92
30 38
52 68
46 89
47 73
41 63
9 64
47 62
66 96
81 99
52 93
19 40
26 34
3 85
28 29
35 77
28 95
40 65
60 97
10 66
10 46
17 77
35 93
34 84
13 51
53 78
13 20
77 92
17 42
77 84
50 81
2 74
7 96
20 29
12 75
20 43
60 64
67 70
8 36
34 67
67 76
42 46
32 42
29 56
41 88
34 72
3 99
9 13
3 77
40 74
2 86
45 61
43 52
2 47
9 50
43 92
9 15
22 28
4 71
3 86
77 82
3 75
13 42
89 98
19 95
26 69
22 47
2 19
75 84
65 78
33 49
24 72
23 83
8 18
9 20
69 70
5 61
9 37
42 77
39 91
15 71
15 32
12 16
27 84
24 76
91 92
43 65
63 67
8 42
68 81
20 93
56 78
12 22
81 85
0 39
49 94
12 85
12 77
40 83
17 63
37 84
16 42
30 32
63 99
3 22
74 95
60 96
0 87
29 80
39 68
22 54
71 74
76 82
44 78
37 78
38 42
56 88
67 98
8 83
66 98
66 78
38 67
44 53
57 61
29 35
19 90
21 78
51 81
6 12
76 88
54 76
44 86
74 99
58 67
7 42
3 6
0 66
77 88
6 35
36 62
33 98
16 55
78 85
79 90
90 98
44 76
3 98
78 91
38 81
19 71
14 96
5 81
23 86
24 26
42 58
18 99
14 67
33 77
43 61
29 89
12 98
19 99
56 57
60 61
3 16
74 90
51 71
53 98
69 76
10 88
12 30
21 77
3 46
92 95
7 52
44 87
5 60
43 71
57 83
30 67
9 86
27 51
22 84
31 54
84 99
46 84
29 67
84 98
31 66
21 37
3 37
27 75
17 67
4 69
22 36
40 68
43 80
42 63
73 75
36 47
34 48
44 54
6 84
47 72
17 51
72 81
12 46
63 71
13 67
19 87
1 5
58 81
42 72
7 36
46 50
84 86
10 31
56 82
2 7
56 92
23 24
6 59
42 76
20 35
3 30
42 50
0 54
6 89
10 82
16 70
31 79
6 28
68 89
12 43
13 15
74 87
83 99
43 85
41 58
67 75
16 64
32 34
43 56
74 77
44 96
1 88
21 96
69 73
42 70
24 28
25 34
36 97
36 82
6 36
34 42
32 36
44 70
13 77
39 49
77 89
19 77
16 58
3 43
6 54
37 81
16 84
67 72
29 91
61 66
13 69
5 42
46 49
35 68
22 35
22 61
23 98
21 46
47 64
4 24
23 69
38 41
43 57
65 79
30 84
42 47
12 37
12 82
15 48
42 68
40 61
14 73
9 78
29 85
54 61
40 56
71 80
20 33
50 80
60 73
37 93
20 84
9 99
37 43
20 81
28 69
36 43
1 82
2 85
28 79
13 48
15 62
28 99
44 99
60 72
17 69
46 67
36 98
44 47
73 81
1 61
70 82
89 91
37 52
24 73
23 87
44 85
65 92
26 30
44 95
8 63
29 37
22 41
41 43
89 93
36 77
11 66
3 82
26 42
15 25
73 85
26 81
7 21
22 65
29 57
32 81
62 85
13 24
22 89
8 12
70 88
5 77
2 8
43 84
79 95
63 86
27 82
21 85
66 76
67 77
77 97
63 81
26 47
32 44
42 73
6 33
14 64
80 87
36 88
3 20
14 62
30 72
23 60
15 17
26 67
29 71
29 33
19 78
1 90
35 43
90 92
46 95
14 68
23 36
37 96
13 25
5 67
43 47
74 78
60 87
20 92
7 68
34 73
20 44
1 19
36 85
22 59
14 52
42 85
38 60
12 88
17 24
44 57
15 44
7 67
85 96
9 38
30 42
16 81
36 46
54 70
23 79
6 65
19 39
6 61
47 78
8 81
17 46
43 89
14 74
29 61
50 67
42 75
23 94
1 74
14 72
52 85
24 82
27 88
88 94
67 73
44 90
9 72
6 41
39 76
16 38
12 20
41 45
14 19
18 19
19 96
69 82
3 8
88 91
9 66
39 74
16 76
23 99
76 81
10 77
3 88
9 96
30 48
0 5
30 45
29 47
18 74
67 68
74 96
11 39
37 44
38 47
31 87
8 74
9 51
61 68
26 60
28 94
41 72
82 84
85 93
37 62
22 56
43 91
63 97
2 77
59 87
56 79
68 94
2 37
23 65
12 29
10 59
8 19
9 58
70 81
5 76
37 73
29 59
56 89
39 87
25 30
22 33
14 82
28 36
49 57
10 54
18 54
7 73
11 54
3 29
34 81
34 61
81 97
8 28
9 73
12 23
2 48
30 61
50 98
89 95
92 93
33 68
20 89
24 45
50 63
60 62
9 87
57 87
52 95
47 67
1 95
6 56
24 88
5 92
11 96
7 35
9 76
72 85
17 44
58 60
40 43
20 68
11 68
12 32
82 94
11 92
5 79
82 91
17 48
0 68
9 32
68 80
69 88
44 64
55 61
54 96
5 11
37 42
4 16
7 62
57 91
48 97
26 41
27 63
36 37
1 32
29 36
18 39
0 79
61 71
15 60
62 75
9 26
64 85
46 90
64 99
9 97
22 57
59 60
71 82
8 84
14 26
18 41
14 88
39 43
7 87
29 39
32 75
10 80
7 93
2 25
84 88
15 74
29 84
46 66
35 91
7 74
53 61
7 82
87 94
13 41
45 69
3 23
9 70
20 87
31 57
5 31
29 40
17 41
52 91
29 41
28 98
2 22
7 19
33 43
20 42
14 21
65 89
7 92
21 98
7 64
66 70
17 25
50 51
44 50
51 61
14 38
41 98
77 93
25 97
50 69
13 46
46 53
78 81
15 19
7 33
31 40
5 41
43 59
13 44
36 70
2 98
2 6
17 80
2 46
54 98
28 60
40 44
51 97
4 67
75 81
35 37
14 87
3 32
67 85
7 72
62 81
17 98
62 69
28 87
12 28
36 76
35 95
4 42
65 98
54 78
23 49
47 96
21 47
42 97
30 81
7 88
9 53
22 69
66 81
8 44
9 63
40 91
26 85
53 76
47 58
18 79
8 23
22 91
71 88
37 72
41 73
40 49
22 24
8 9
34 45
9 80
61 98
30 73
24 50
2 20
52 56
28 65
14 41
89 90
28 45
39 70
2 32
33 37
20 36
23 46
32 51
11 89
5 52
27 60
19 83
14 69
6 91
58 99
0 57
0 96
43 69
42 62
5 70
49 77
24 43
4 81
6 57
74 83
64 86
52 90
9 16
35 56
4 41
24 62
10 21
37 64
42 66
23 56
80 97
47 93
47 52
14 35
13 75
3 28
6 50
15 50
2 43
35 85
40 87
6 69
23 84
56 98
23 96
54 83
23 78
52 60
34 62
16 26
16 72
14 24
32 82
41 83
6 24
38 85
27 64
9 54
0 40
52 65
53 92
46 97
19 49
11 78
1 27
81 96
7 89
61 75
31 68
68 85
39 83
10 94
14 92
33 91
2 82
62 67
82 86
30 55
37 92
7 26
71 78
88 92
79 91
41 68
32 84
49 74
66 67
37 67
27 57
32 57
14 58
9 62
15 45
33 85
9 95
15 70
51 60
22 50
32 88
46 93
60 66
67 97
82 92
79 88
26 37
35 65
22 40
16 74
37 68
1 65
41 46
68 71
9 34
18 66
79 83
77 95
13 98
38 99
14 93
14 33
6 17
59 68
34 71
81 87
12 68
71 75
76 79
7 38
20 73
13 34
35 90
0 92
41 50
16 19
39 61
18 88
44 51
18 82
44 49
20 62
48 84
13 80
32 40
20 82
20 67
16 44
86 88
44 80
27 71
3 68
15 97
22 39
5 89
85 92
19 65
8 64
69 98
12 70
61 64
5 14
42 78
48 50
41 77
36 68
52 88
17 22
52 82
12 76
58 86
2 88
24 98
91 98
33 95
53 81
28 84
69 97
17 75
65 74
5 36
27 40
18 24
79 82
78 93
37 38
1 68
9 90
21 87
37 89
53 70
38 44
41 55
5 12
5 7
10 39
5 27
25 84
20 88
47 74
5 35
74 85
7 41
6 21
60 63
80 81
33 56
18 67
28 49
61 63
28 56
11 29
66 92
15 76
39 44
41 66
25 50
47 68
0 78
37 87
45 67
19 85
54 81
85 87
19 47
9 57
20 74
7 69
47 69
43 76
30 70
2 23
60 95
27 43
50 59
68 84
6 40
3 48
9 75
23 45
44 72
53 60
4 9
29 69
19 20
58 85
29 94
11 79
42 54
82 85
3 5
24 29
16 18
14 89
2 29
64 74
4 47
8 58
3 70
4 60
42 53
60 86
24 97
44 58
0 29
11 35
9 30
18 69
24 55
27 58
3 76
59 71
45 75
6 39
17 34
10 20
54 67
46 61
38 86
0 88
11 57
64 77
66 77
6 13
7 24
69 77
12 48
85 89
19 64
60 92
20 72
28 46
73 77
77 90
41 57
71 96
18 44
24 47
23 77
16 83
46 65
1 44
46 69
20 64
71 99
41 47
61 95
42 96
82 99
71 86
43 94
22 27
0 89
10 44
34 55
3 25
57 67
7 58
61 90
27 54
33 65
42 87
49 59
49 80
68 76
37 74
93 96
36 48
85 88
35 47
42 57
24 77
30 62
44 73
52 53
47 82
13 22
37 82
41 62
97 98
53 77
24 46
1 45
11 52
80 84
34 70
60 99
32 63
16 73
53 67
55 69
27 66
19 37
24 83
1 56
43 50
10 19
2 28
5 24
4 99
31 96
46 54
41 54
70 79
28 96
27 38
28 55
81 95
80 82
21 22
12 25
30 71
28 78
57 98
23 91
57 81
33 90
11 40
7 10
19 56
44 63
46 56
10 74
26 44
5 69
5 84
5 18
66 83
53 89
51 74
23 71
11 88
35 60
67 78
17 74
88 99
44 97
16 71
3 80
60 90
0 82
34 44
10 57
18 42
18 53
10 60
72 99
62 77
16 48
1 86
33 47
21 29
25 36
10 23
8 38
5 71
56 74
72 77
37 58
83 88
57 96
5 20
82 83
80 88
69 85
43 70
37 88
44 65
13 30
19 51
17 43
22 76
17 19
88 89
31 88
16 28
47 88
48 71
48 69
2 70
45 74
67 83
70 84
69 83
26 99
35 88
19 45
11 43
32 54
30 76
39 96
49 79
6 27
41 85
16 25
82 89
20 26
11 33
35 82
29 76
1 43
76 84
68 79
4 14
12 80
49 60
0 43
47 92
5 33
19 94
47 87
9 40
61 77
13 74
14 61
81 90
40 41
76 90
3 78
24 85
2 76
52 66
42 45
11 82
12 78
41 97
58 61
93 98
24 48
10 14
29 50
50 74
25 69
5 80
24 68
57 86
46 91
42 95
68 69
27 29
74 94
25 71
54 60
13 19
35 53
57 78
34 74
44 52
15 55
78 84
30 44
67 87
38 61
42 80
9 49
40 67
19 50
41 53
20 38
34 76
16 23
31 82
76 95
67 96
29 31
46 64
19 34
68 70
14 15
5 32
40 42
1 29
33 60
24 25
72 86
44 83
1 55
15 28
1 41
15 23
1 31
32 66
26 77
94 96
60 89
66 89
27 68
4 85
4 86
38 77
17 30
31 92
6 97
21 43
44 75
6 76
17 29
39 78
13 43
9 52
30 74
37 69
50 75
22 70
42 90
14 23
17 59
36 45
40 81
40 86
10 40
61 87
75 97
0 35
19 79
28 91
28 71
9 59
31 78
26 86
44 92
37 41
27 72
47 89
22 94
5 85
4 8
34 60
44 56
8 82
18 81
45 51
19 30
42 83
28 77
64 98
67 95
71 87
9 10
60 76
40 98
36 78
2 68
46 73
74 79
29 70
11 22
55 75
76 94
0 52
20 49
44 62
38 74
24 37
22 97
21 49
59 97
39 98
21 60
40 96
47 63
32 60
14 51
43 86
5 86
7 49
15 47
50 78
74 80
16 60
23 55
5 83
36 66
63 74
6 11
19 80
26 27
13 16
53 83
47 51
27 53
70 75
5 37
3 96
20 41
34 50
35 66
12 96
33 88
7 61
58 74
10 37
32 64
0 22
22 64
73 99
4 7
19 38
8 88
6 64
14 63
33 82
8 71
60 75
27 98
9 18
19 91
60 70
61 72
31 43
67 90
21 68
36 80
19 63
8 72
51 70
20 69
4 27
10 28
1 99
22 86
46 72
12 66
24 66
17 61
10 85
2 5
19 58
1 67
6 94
84 96
4 37
18 94
55 67
1 22
0 6
54 92
14 49
72 74
70 90
8 26
7 23
74 91
8 60
44 59
34 97
13 61
1 91
20 58
74 75
6 70
80 95
5 47
16 62
32 43
15 82
66 69
40 78
13 29
58 77
78 94
2 80
7 95
9 92
33 53
1 49
61 78
14 95
54 86
4 44
20 24
65 77
46 62
0 1
19 72
19 75
1 8
79 87
52 71
3 66
31 89
45 81
0 23
70 95
67 80
54 77
16 17
9 39
0 33
26 61
24 57
66 86
59 82
1 87
23 31
1 42
18 36
57 60
57 99
7 15
36 96
32 39
73 98
19 52
27 39
12 87
5 59
30 60
14 66
52 74
44 45
19 92
13 59
46 57
3 87
73 86
59 88
6 86
13 99
56 77
74 92
61 96
49 81
1 9
61 79
35 44
41 78
57 69
6 93
81 83
32 71
38 46
73 74
17 82
15 88
11 98
75 76
26 74
51 76
43 99
17 78
40 45
27 73
24 54
43 64
13 27
72 98
45 57
22 32
20 95
50 82
26 46
41 95
59 81
7 66
14 28
32 58
1 6
15 22
12 45
19 73
10 93
32 53
17 27
19 26
15 85
22 99
9 65
36 87
44 91
54 69
41 87
61 73
55 74
59 95
19 55
1 81
43 79
40 99
70 94
84 87
36 54
52 81
50 96
17 99
47 61
76 98
29 79
43 97
5 99
7 51
66 84
29 86
14 53
36 53
50 61
13 86
33 66
50 93
41 90
18 90
44 89
9 35
63 85
9 83
83 94
62 80
51 85
7 90
28 31
14 90
7 63
73 80
22 31
6 15
77 91
80 90
44 94
0 98
48 67
7 53
15 18
2 78
6 73
10 81
8 57
38 98
12 53
17 88
15 43
0 28
2 45
30 50
24 40
39 42
4 61
41 48
39 81
50 88
6 72
36 57
21 50
45 63
13 82
39 67
41 96
27 46
11 23
22 73
14 27
17 86
42 55
61 85
50 68
64 82
62 98
22 72
10 47
3 45
74 97
32 38
9 45
42 48
12 54
29 32
39 41
6 32
36 83
8 73
18 30
32 68
52 54
22 93
6 31
68 86
15 77
24 53
6 99
3 53
18 43
26 98
46 58
60 65
