100 3323 639.1408295516725 dense
0 981 772
1 49 374
2 352 233
3 432 445
4 551 361
5 380 673
6 965 658
7 289 448
8 678 377
9 970 750
10 465 225
11 642 856
12 170 243
13 109 416
14 917 80
15 355 576
16 488 273
17 863 159
18 991 419
19 88 75
20 848 367
21 673 90
22 200 25
23 945 306
24 132 971
25 706 782
26 315 274
27 667 244
28 682 569
29 764 550
30 693 561
31 179 77
32 32 559
33 676 706
34 741 117
35 463 126
36 98 657
37 553 656
38 307 219
39 921 458
40 48 36
41 641 436
42 673 445
43 798 470
44 794 425
45 18 903
46 58 266
47 664 172
48 707 700
49 813 234
50 419 812
51 951 402
52 393 33
53 799 17
54 486 753
55 182 76
56 921 862
57 68 543
58 86 550
59 116 899
60 797 326
61 606 603
62 614 9
63 888 925
64 245 306
65 90 117
66 33 505
67 72 824
68 473 688
69 794 795
70 328 26
71 865 664
72 252 276
73 14 249
74 366 231
75 123 507
76 757 696
77 491 416
78 610 633
79 996 168
80 757 606
81 407 259
82 875 309
83 188 439
84 175 698
85 845 524
86 794 424
87 993 992
88 335 108
89 189 583
90 544 380
91 708 674
92 726 361
93 3 931
94 18 174
95 157 567
96 882 513
97 718 762
98 704 145
99 248 265
44 86
31 55
72 99
28 30
2 74
57 58
4 90
25 97
0 9
48 91
61 78
64 72
33 48
45 93
41 42
89 95
85 96
32 57
64 99
19 65
18 51
43 44
33 91
43 86
34 98
2 38
46 73
47 98
74 81
48 76
8 92
57 66
10 16
76 91
32 66
22 55
32 58
2 26
26 38
19 40
22 31
29 80
58 75
38 74
2 81
37 78
48 97
26 72
21 98
39 51
20 82
77 90
52 70
20 60
57 75
3 77
54 68
26 74
10 81
39 96
26 99
8 42
75 95
58 66
8 41
33 97
23 82
56 63
43 85
29 30
27 47
58 95
21 34
1 13
24 59
38 99
37 61
73 94
76 97
26 64
30 80
20 86
60 92
38 72
20 44
60 82
18 39
12 99
4 77
33 76
25 33
25 48
16 81
13 83
70 88
21 47
69 97
28 61
28 80
80 91
28 29
29 85
37 68
29 43
59 67
36 84
12 72
91 97
25 69
50 54
76 80
66 75
17 49
19 31
40 65
65 94
13 75
6 9
57 95
86 92
26 81
49 60
44 92
19 55
75 83
5 68
43 96
34 47
52 88
14 17
45 67
23 51
28 78
30 61
49 82
31 65
11 25
12 64
60 86
45 59
33 78
10 35
44 60
10 74
42 92
25 76
5 15
6 71
21 62
46 94
39 85
75 89
55 65
7 83
32 75
69 76
27 98
78 91
48 80
38 64
36 95
36 58
38 81
25 91
58 89
0 56
28 91
4 16
1 46
20 51
2 99
2 72
30 78
44 85
41 90
85 86
71 76
2 10
41 92
30 91
12 46
38 88
20 43
20 23
0 6
34 53
84 89
35 52
20 39
13 66
4 41
36 89
59 93
30 42
36 57
37 54
48 78
32 36
14 79
51 82
80 85
16 90
11 97
19 94
18 23
20 92
9 56
72 74
71 80
42 44
19 22
74 99
42 86
39 43
29 96
61 91
28 42
44 96
33 61
63 87
8 86
86 96
32 95
8 44
2 88
74 88
67 93
57 89
42 43
4 8
22 70
29 44
33 80
48 69
17 34
16 74
35 88
8 60
3 90
29 86
2 64
1 73
43 92
51 96
27 92
39 44
39 86
83 95
1 66
84 95
24 45
33 37
5 54
17 79
28 48
8 27
13 57
14 53
8 90
24 93
50 68
30 41
9 71
13 58
29 91
28 33
31 40
34 49
20 49
66 95
29 42
30 43
12 38
28 41
30 48
40 55
48 61
82 86
49 98
40 94
71 85
44 82
2 16
43 80
64 74
35 74
3 7
16 77
22 65
56 69
18 96
43 60
83 89
7 15
35 81
5 50
42 90
64 83
21 53
3 4
30 33
29 76
27 49
27 34
23 79
28 76
68 78
33 69
4 42
12 26
69 91
56 87
7 64
69 71
16 35
12 65
23 60
30 76
78 80
20 96
23 49
17 82
58 83
61 80
41 77
8 43
3 15
71 96
36 75
18 20
1 75
29 71
65 73
22 40
46 65
28 43
41 44
1 83
41 86
27 60
11 33
23 39
49 92
21 27
2 35
55 70
28 37
17 53
80 96
72 81
39 82
37 91
12 73
55 88
30 85
20 85
71 91
31 70
10 26
82 92
61 68
10 38
13 46
13 95
22 88
0 71
51 86
44 51
24 67
57 83
32 89
31 88
81 99
53 98
17 98
18 82
76 78
37 48
63 69
29 48
41 43
80 97
4 10
47 49
51 85
48 71
13 32
15 68
67 84
62 98
11 69
4 27
36 66
15 89
12 31
29 61
34 62
12 94
6 96
26 88
81 88
43 51
12 55
29 41
35 70
7 89
78 97
17 23
66 83
64 81
11 48
36 67
28 85
30 37
30 44
1 57
30 86
8 20
47 62
41 61
42 61
51 60
42 60
54 78
58 84
16 26
5 37
10 90
66 89
10 88
13 64
29 78
4 92
72 83
7 26
7 72
7 75
4 81
71 97
25 78
61 76
7 95
77 81
1 12
43 82
0 63
29 33
88 99
17 60
18 85
14 34
1 58
6 85
3 16
39 60
16 27
42 80
35 38
9 69
29 39
2 12
28 44
81 90
7 13
90 92
28 86
25 80
27 90
12 13
83 99
42 77
8 30
44 80
53 62
13 89
80 86
1 32
79 82
14 49
11 54
12 19
72 88
7 99
3 81
31 94
57 84
0 69
16 38
19 73
42 85
38 55
46 99
41 60
49 86
35 62
8 77
55 94
31 38
46 64
20 42
23 86
44 49
8 28
54 61
13 73
23 44
69 80
10 77
29 92
22 52
8 29
76 85
9 63
19 46
11 91
33 71
27 41
38 70
46 72
61 97
49 79
30 96
33 54
37 97
28 97
12 74
8 49
32 83
12 83
11 76
18 86
18 44
75 84
25 71
25 37
15 95
42 78
47 92
17 47
41 78
32 84
18 43
52 74
13 72
55 99
31 99
30 71
21 49
27 42
20 29
85 92
17 21
1 94
30 97
30 92
10 27
16 47
85 91
47 60
60 98
60 85
33 68
82 96
2 52
7 77
6 39
38 52
25 61
10 52
13 99
43 71
60 96
8 47
47 53
37 50
56 71
41 80
10 47
28 71
35 47
5 84
3 26
1 64
28 96
37 76
26 83
2 70
8 82
70 74
17 20
6 56
3 41
26 35
59 84
15 77
37 80
5 89
6 76
55 72
31 72
28 92
21 35
12 88
39 71
15 37
17 27
25 28
6 80
18 60
52 55
40 73
15 83
34 60
23 96
46 83
65 99
8 16
29 97
82 85
92 98
49 51
15 84
49 53
64 88
39 92
92 96
27 82
20 41
31 52
20 27
11 37
10 72
6 69
61 77
9 76
42 96
12 22
4 47
15 54
23 43
27 86
0 87
10 99
39 80
27 44
1 95
25 30
22 38
76 96
25 54
41 85
52 62
3 10
8 85
14 98
7 81
43 91
74 77
16 41
48 85
3 74
2 7
31 46
16 88
11 78
1 72
23 92
4 74
26 77
56 97
29 60
52 81
2 3
46 55
1 99
65 72
7 58
48 54
11 50
14 23
6 29
51 92
25 56
43 76
7 38
2 77
40 46
7 74
2 55
25 63
61 90
42 91
74 90
54 97
14 82
2 31
3 64
56 76
5 78
8 98
43 61
3 5
28 90
34 82
48 68
10 64
30 90
73 99
3 61
64 75
22 94
68 91
63 97
54 91
27 35
36 83
16 72
29 37
43 49
0 76
5 61
2 4
82 98
37 41
7 12
91 96
8 61
12 81
64 73
51 79
11 68
31 64
31 73
55 64
29 51
26 55
25 29
26 31
72 73
66 84
38 65
23 85
47 90
16 99
12 40
46 66
6 18
28 68
7 57
55 74
27 62
3 42
55 73
13 36
77 92
10 70
35 98
2 90
15 75
8 80
31 74
36 59
5 7
37 42
9 87
3 37
42 82
3 83
17 92
14 21
64 65
34 92
15 50
28 77
22 99
19 70
69 78
65 88
8 96
16 64
4 30
4 28
70 81
27 77
3 68
29 69
3 72
5 95
80 92
41 91
43 48
94 99
77 78
37 77
10 21
20 79
4 61
53 79
20 30
39 42
26 70
33 85
19 99
4 60
30 77
39 49
43 78
19 88
44 71
46 75
38 83
30 39
13 26
71 86
4 35
4 86
18 79
16 98
1 7
25 68
4 44
6 43
4 26
1 89
47 82
61 85
10 98
70 99
28 69
9 97
26 90
15 61
16 42
9 96
41 96
42 49
26 52
38 46
16 92
86 90
44 90
30 68
60 79
65 70
30 69
3 8
72 94
11 63
11 61
20 80
68 97
35 99
48 96
8 39
22 72
6 51
66 73
18 49
71 78
30 60
9 80
26 46
42 48
3 99
6 91
2 22
73 83
16 52
45 84
3 38
9 85
17 51
13 94
36 45
60 90
35 72
44 61
3 78
78 85
83 84
19 72
61 86
34 79
16 21
1 65
27 81
33 42
27 43
15 78
70 72
6 48
20 28
78 90
8 10
50 78
63 71
18 29
19 38
7 66
10 62
27 53
64 94
0 97
2 83
44 91
28 39
63 76
7 90
86 91
22 74
72 75
20 98
42 76
4 98
8 78
41 47
7 16
41 49
29 82
33 43
9 25
61 71
41 82
21 60
35 90
8 34
9 48
67 89
32 67
6 97
20 47
12 75
48 56
12 70
61 69
28 54
28 60
14 47
50 84
15 36
64 77
43 90
38 77
85 97
4 43
61 92
15 58
67 95
18 92
47 81
20 34
41 48
33 41
15 90
75 99
68 77
9 91
42 47
44 76
52 99
14 60
74 83
17 86
8 51
22 26
58 67
26 65
76 86
7 84
10 41
17 44
0 25
11 80
64 95
18 71
51 71
69 85
4 7
21 92
37 90
8 23
24 84
54 76
72 77
46 57
0 96
44 78
6 63
33 50
29 90
23 34
34 35
37 69
4 78
78 86
0 80
3 28
11 56
19 64
13 38
3 89
22 46
7 32
5 77
69 87
73 75
40 70
50 61
39 41
52 72
57 67
42 51
51 80
22 35
33 96
4 38
30 54
5 36
64 89
35 64
60 80
0 85
7 36
0 48
81 83
47 86
7 10
56 91
68 76
1 26
90 98
44 47
22 64
41 76
4 29
23 27
46 58
35 55
3 30
21 52
8 17
77 99
62 70
38 90
2 65
8 21
9 29
6 25
1 36
49 96
31 35
44 48
25 50
48 63
6 30
15 57
6 44
39 76
48 86
84 93
13 84
11 28
17 18
6 86
23 98
36 93
55 81
0 91
61 96
33 56
17 62
64 66
4 15
22 73
4 49
58 64
42 71
35 77
15 64
31 81
49 85
64 70
38 94
16 62
79 98
6 33
25 85
86 98
41 81
13 15
7 46
44 98
32 46
11 71
16 70
10 92
38 73
4 37
14 20
69 96
10 12
8 81
68 80
12 66
78 92
57 64
2 46
40 88
62 88
9 39
10 34
6 28
4 20
4 21
16 34
9 33
78 96
20 71
41 98
5 33
21 82
96 97
68 84
8 91
65 74
57 73
14 27
47 77
11 30
39 79
18 80
13 65
49 62
3 95
1 38
27 74
1 19
42 98
53 82
19 26
26 75
26 73
7 68
5 83
10 42
43 97
68 89
41 68
30 51
77 86
44 77
50 97
39 91
47 74
23 29
77 83
56 80
40 99
29 77
2 13
20 90
47 52
17 39
15 26
33 44
33 63
23 42
33 86
8 37
3 92
5 75
49 90
72 95
12 52
37 43
2 19
19 52
64 90
54 80
63 91
53 60
48 50
3 27
4 34
58 73
72 90
46 74
0 29
32 73
52 64
80 90
4 72
54 69
30 82
4 64
14 62
23 47
34 86
43 77
41 51
0 33
37 71
22 81
34 44
3 54
26 94
72 89
16 60
91 92
6 20
52 65
42 68
83 94
40 72
21 81
3 75
2 27
50 59
95 99
12 35
8 18
54 84
24 36
68 90
28 51
13 74
66 72
46 95
12 57
38 40
15 72
21 90
90 99
17 43
4 99
2 47
27 30
81 98
12 58
15 41
5 58
19 74
46 88
60 77
18 42
5 28
12 16
5 11
80 82
41 71
0 39
29 49
10 55
4 80
42 97
50 91
58 72
37 85
3 35
27 29
67 75
15 81
66 67
25 96
10 31
29 68
66 99
39 48
89 99
15 32
23 53
14 51
88 94
28 82
1 31
57 72
12 95
3 13
8 48
59 89
50 89
62 81
42 81
27 51
43 69
25 43
27 28
79 86
1 55
43 47
44 79
77 80
15 28
16 49
20 21
58 99
5 91
24 50
5 48
4 82
34 90
9 43
8 76
15 99
8 33
11 29
15 66
18 30
8 35
52 98
23 41
32 64
3 12
15 16
57 99
66 94
9 18
27 85
79 92
10 22
47 79
27 39
21 79
5 30
4 88
62 74
26 95
71 92
85 90
26 89
37 44
1 2
40 64
34 41
37 86
59 95
81 92
41 97
34 42
47 88
6 87
9 30
5 90
7 37
4 85
4 68
76 92
60 61
65 83
90 91
13 81
54 77
77 91
20 91
27 79
21 74
5 57
1 40
20 61
43 98
15 30
68 69
68 95
2 73
21 88
82 90
25 42
2 94
7 73
48 92
14 92
9 28
12 89
16 86
20 76
13 19
16 44
38 75
37 92
54 89
8 71
16 83
41 74
46 89
2 15
5 67
88 90
7 88
17 42
18 28
70 94
5 25
15 42
33 77
29 54
32 45
27 96
8 74
77 98
9 11
2 62
60 71
12 32
63 80
40 52
77 89
15 74
77 88
44 97
27 52
13 31
15 33
56 85
86 97
39 61
14 18
10 60
50 67
21 23
65 81
21 41
5 59
1 84
13 55
1 74
10 49
3 29
30 49
9 51
33 92
33 39
73 95
74 98
46 81
75 94
0 11
29 56
5 97
10 83
4 91
32 59
58 59
18 41
16 61
73 88
3 88
21 70
56 96
2 21
53 92
33 90
25 41
71 87
7 41
51 76
73 74
5 41
6 23
74 94
35 92
41 54
7 61
0 43
0 18
2 41
35 53
26 27
20 53
16 30
16 28
34 51
23 80
17 96
17 41
21 42
71 82
21 86
25 87
4 5
6 78
21 44
2 8
51 98
36 50
48 77
39 78
20 78
0 30
2 75
3 33
50 76
35 41
34 43
4 62
26 40
34 52
28 50
3 47
32 72
87 97
23 30
26 58
3 91
50 95
37 96
27 88
48 90
60 91
57 59
60 78
45 58
28 49
38 47
39 69
15 38
42 54
20 77
6 82
3 84
83 90
27 38
43 79
46 70
0 28
6 42
3 58
20 48
31 83
83 88
2 40
3 44
18 76
3 86
3 80
45 89
2 98
34 81
55 83
7 54
6 61
90 96
79 96
45 57
26 47
45 95
16 55
26 41
4 52
27 61
4 96
26 66
12 77
51 91
32 99
26 57
14 86
17 85
39 97
16 31
7 35
60 62
5 32
14 44
35 49
47 70
15 91
77 95
1 15
23 71
3 43
4 33
3 50
16 43
25 44
74 75
47 51
10 15
18 27
19 81
25 86
62 92
9 44
49 77
44 69
77 85
42 69
9 86
7 78
88 98
69 86
0 51
37 89
5 42
4 83
30 50
4 17
23 28
38 62
16 20
6 60
60 76
57 94
8 68
27 80
40 74
35 65
32 93
4 48
15 48
21 77
5 13
8 62
42 74
3 48
50 69
1 81
49 80
36 68
15 67
11 87
3 57
75 81
73 89
8 26
54 90
19 83
62 90
30 56
5 76
54 95
14 39
28 56
52 90
19 35
68 83
9 78
76 87
6 11
38 95
75 77
8 15
8 53
16 22
16 78
20 33
1 22
37 84
8 79
36 64
39 98
12 15
18 91
76 90
8 14
6 92
35 42
13 77
13 88
58 94
4 39
38 89
74 92
5 80
3 60
7 42
10 86
39 47
48 60
2 42
13 40
39 90
10 44
70 73
48 51
32 94
7 94
5 66
34 39
2 89
76 77
7 65
56 78
7 50
79 85
2 95
7 31
8 97
7 55
5 24
21 38
17 90
16 37
16 82
25 39
11 85
35 60
54 71
1 3
34 77
58 93
30 47
10 65
41 69
81 89
1 88
29 47
16 29
5 64
43 68
65 75
16 17
34 74
18 34
59 75
65 66
24 89
9 61
68 71
6 41
36 46
73 81
27 78
4 76
57 93
10 53
74 89
68 75
0 44
70 98
89 93
29 63
0 86
93 95
2 92
52 77
7 8
3 36
74 95
60 81
47 85
50 80
38 66
0 78
81 95
26 42
18 98
4 54
28 47
61 81
62 82
54 59
4 23
38 58
81 94
64 84
45 66
38 41
12 90
61 82
77 82
33 60
4 12
51 61
18 48
26 62
36 54
21 43
52 94
11 15
92 97
17 35
82 91
13 22
26 32
6 8
15 59
9 20
4 51
67 83
4 70
50 77
21 26
38 57
59 66
16 53
77 96
27 70
15 80
63 78
5 29
8 38
63 85
17 29
10 17
10 61
3 66
38 98
39 56
10 13
5 26
85 98
76 82
47 96
24 95
3 98
13 16
10 19
37 95
2 34
8 25
10 30
34 88
52 53
68 85
10 28
49 81
15 25
53 86
51 90
14 43
23 90
56 61
15 97
44 53
46 52
10 20
48 87
96 98
89 90
10 46
29 98
13 67
45 75
18 47
15 29
26 98
33 51
37 60
3 76
43 56
58 68
36 72
45 50
7 28
28 63
0 61
51 78
6 37
63 96
11 42
30 63
20 37
10 43
68 92
62 79
2 58
77 97
3 52
51 53
22 83
22 62
5 16
28 81
3 46
59 68
70 90
5 81
44 68
16 68
68 86
24 54
20 97
3 32
30 81
30 98
27 72
11 43
36 73
35 83
41 64
94 95
5 72
61 89
37 39
21 51
10 82
78 82
11 96
2 66
7 30
27 99
15 76
36 99
90 97
11 41
5 8
54 67
34 85
26 92
12 36
34 96
2 57
3 85
41 72
81 86
44 81
43 54
25 92
37 56
8 54
40 81
70 77
34 70
37 81
49 61
51 69
3 20
67 68
24 58
77 84
7 19
50 58
7 70
78 89
24 32
4 53
58 74
25 77
18 69
28 98
37 83
35 40
4 89
47 72
50 75
62 77
42 79
78 81
48 82
9 42
54 85
18 33
47 99
0 20
27 64
57 65
58 77
40 83
18 61
33 87
3 97
87 91
66 93
9 37
27 37
16 65
20 62
7 52
41 62
61 63
16 80
35 46
41 99
71 90
15 92
5 99
51 97
5 45
72 84
3 21
15 46
7 27
37 63
90 95
16 46
38 42
57 68
16 89
66 74
20 69
57 74
5 69
3 70
27 91
39 77
7 22
50 93
24 57
54 83
23 76
10 78
58 65
49 71
29 50
58 81
25 90
19 75
19 66
16 75
29 34
31 75
8 69
68 81
7 67
3 25
4 97
14 96
47 61
55 75
3 49
8 88
70 83
52 73
4 71
16 85
17 30
13 90
41 50
18 78
55 62
54 63
32 38
23 91
8 72
18 97
54 75
20 25
50 83
8 64
14 42
84 99
26 61
69 92
75 90
78 84
10 37
47 64
42 62
26 36
31 62
75 93
2 5
60 74
61 84
10 29
57 77
1 10
5 74
50 57
57 81
38 92
61 74
16 95
60 97
26 68
24 68
10 75
89 94
0 37
53 90
21 39
4 18
47 80
1 77
33 82
43 81
8 99
4 95
9 23
23 62
41 79
68 96
64 68
35 86
4 13
18 53
7 92
3 55
32 65
34 38
1 70
1 5
35 44
42 53
16 19
42 50
26 84
3 31
30 34
62 99
8 52
29 79
49 74
13 70
46 84
35 94
66 81
49 78
41 53
17 28
54 56
18 56
54 58
41 88
4 25
18 90
71 77
2 61
61 83
0 42
50 90
14 85
62 72
10 94
44 54
42 64
26 37
6 49
61 95
14 41
1 16
1 67
3 34
54 86
23 61
35 82
9 82
10 73
75 88
10 89
25 51
17 77
31 66
4 75
62 86
49 91
80 87
43 53
41 83
44 62
15 24
42 72
26 34
20 81
55 66
20 35
13 68
2 60
9 41
52 83
65 95
36 37
12 84
44 56
37 75
3 96
15 43
15 27
28 34
5 10
56 86
14 35
2 32
5 93
11 44
16 91
18 21
39 53
13 35
27 48
78 95
10 40
9 60
11 86
16 23
46 77
9 92
17 80
55 77
32 68
21 99
54 92
5 38
51 77
10 95
21 72
23 48
29 81
53 81
31 77
27 76
51 56
2 49
36 77
16 96
4 14
18 25
3 11
42 99
3 73
27 33
32 50
28 74
15 35
54 96
10 68
3 82
43 63
80 98
24 75
47 78
15 44
37 74
27 71
78 83
15 86
30 74
26 78
5 43
25 60
7 33
11 77
49 76
35 73
59 83
7 47
49 52
88 92
5 92
37 64
4 55
66 77
17 81
21 85
23 77
0 23
52 92
61 64
68 72
54 57
4 31
32 74
23 78
39 63
2 37
61 98
19 57
15 88
21 29
60 69
40 66
68 74
74 86
15 45
50 71
44 74
4 50
74 78
14 16
72 98
81 82
2 68
26 28
16 39
2 28
53 70
21 30
98 99
21 96
16 33
37 51
15 73
3 62
55 90
53 88
2 30
41 52
37 82
62 64
8 9
3 65
31 90
16 73
26 30
10 14
0 82
19 58
41 89
2 78
7 91
24 66
65 89
66 68
13 52
40 75
73 84
42 88
7 40
21 22
48 49
63 68
0 41
5 12
14 90
37 58
31 57
21 28
68 99
21 64
82 97
3 22
16 48
16 54
10 80
35 43
32 81
16 94
8 11
56 68
16 51
55 57
32 77
2 86
72 92
2 44
61 72
23 33
31 58
50 63
0 60
1 35
5 44
53 74
7 59
13 59
5 86
10 85
55 58
0 92
9 54
64 92
1 52
69 90
27 68
37 72
26 60
42 83
4 79
5 71
42 56
3 71
69 77
36 38
60 68
7 29
4 22
11 90
11 39
64 98
17 52
38 61
22 47
10 23
84 90
19 32
22 77
92 99
7 48
22 75
16 58
5 85
6 54
58 90
3 39
34 80
36 94
64 78
31 95
15 69
85 87
6 79
21 55
45 54
47 55
33 49
55 95
87 96
30 35
88 95
61 99
61 75
69 82
15 85
80 81
6 68
11 84
50 66
28 89
20 68
43 74
32 54
8 83
7 80
45 83
21 31
28 35
31 47
2 36
14 29
49 88
22 90
3 94
1 90
0 54
13 45
37 49
8 70
37 99
30 79
43 62
2 53
81 84
37 47
19 95
38 84
88 89
78 98
12 27
4 69
38 68
2 84
29 87
0 8
35 61
37 57
18 37
42 52
66 88
79 80
52 60
12 47
46 90
79 90
10 58
16 57
26 49
16 40
15 93
18 77
37 59
65 77
54 81
20 56
20 74
9 68
33 84
16 76
41 95
37 38
38 60
12 62
26 86
4 58
4 46
11 92
1 4
17 74
26 44
25 82
33 89
53 96
13 50
75 78
57 90
45 68
36 74
42 89
4 11
3 69
39 68
36 81
31 32
47 91
53 77
34 61
30 89
50 56
6 90
74 84
13 37
4 84
17 71
2 43
3 19
73 77
7 44
7 86
72 78
13 54
32 55
31 89
38 49
8 50
10 96
55 89
58 88
40 57
15 60
54 64
22 66
26 54
15 47
10 57
44 63
12 41
53 85
28 79
6 17
23 97
7 43
37 67
4 6
63 86
41 56
28 64
29 74
6 27
57 88
43 50
10 91
35 75
16 66
28 83
60 88
36 61
23 69
81 85
10 39
36 78
81 91
28 38
71 79
17 61
38 78
27 55
2 20
7 98
34 72
50 85
23 35
34 99
54 93
10 66
0 68
74 82
40 58
30 64
30 38
27 31
22 27
41 70
5 27
4 57
78 99
2 17
18 63
54 66
27 83
10 51
3 17
21 61
15 71
51 62
19 89
22 98
16 79
5 46
30 83
2 29
29 35
70 92
28 72
27 97
3 51
26 43
4 65
33 81
7 60
58 61
3 67
21 80
11 24
41 75
70 75
28 84
32 40
16 18
15 94
65 90
78 87
7 21
28 95
36 90
28 87
30 72
30 87
10 33
8 12
23 37
39 54
83 93
12 21
13 93
24 37
42 63
66 90
14 52
55 98
51 63
5 96
89 91
26 29
1 68
49 70
11 59
16 84
35 78
19 77
54 60
38 86
10 54
2 82
38 44
11 89
91 98
15 55
68 93
15 31
20 54
1 59
31 98
7 45
7 76
47 48
28 99
1 45
32 37
15 65
19 62
42 95
17 88
58 78
14 30
11 20
8 89
15 96
34 64
13 61
48 89
54 72
77 94
47 71
3 23
7 97
38 53
48 84
47 76
6 77
34 78
13 41
23 25
37 98
35 89
10 48
48 81
84 91
10 79
33 47
29 53
7 25
30 99
22 57
41 84
35 79
24 83
62 65
50 64
15 20
54 74
30 84
30 95
49 97
35 95
2 54
22 58
33 95
17 78
35 37
25 84
56 92
4 66
17 91
16 32
12 68
81 96
39 87
44 50
9 49
25 27
7 11
50 86
23 81
36 65
27 54
16 97
14 81
20 26
4 36
57 61
37 66
74 80
12 42
40 95
32 90
8 56
5 60
14 28
14 77
42 70
12 98
54 99
16 71
32 88
16 50
71 98
83 92
22 95
39 62
4 19
15 52
52 75
50 92
47 83
73 90
13 78
7 24
64 67
7 62
21 78
84 97
10 32
84 94
60 72
16 36
17 76
41 63
26 50
26 53
4 73
19 90
61 87
22 34
11 51
57 78
14 80
56 60
47 68
2 80
15 70
50 96
39 81
17 70
38 43
35 85
11 60
60 64
60 99
68 82
26 80
50 81
3 59
5 35
42 75
76 98
37 87
16 25
25 89
10 76
30 53
9 50
8 95
15 98
10 84
56 82
48 98
52 82
13 24
4 32
33 83
23 56
60 70
18 62
51 68
43 87
86 88
30 62
44 88
34 91
22 89
46 67
25 49
89 97
42 84
1 93
5 20
17 38
11 18
20 63
3 18
74 91
22 32
76 81
17 26
52 86
5 73
7 34
34 55
54 87
10 18
35 51
26 91
44 52
20 38
34 71
3 40
59 78
26 82
7 85
91 95
49 69
7 93
29 62
50 72
74 85
64 86
33 98
44 64
72 86
35 68
44 72
28 75
51 81
66 70
49 72
77 79
35 80
26 33
17 48
38 54
12 37
31 34
0 50
0 49
3 53
28 62
9 90
28 53
29 38
61 88
20 52
62 85
11 95
13 42
7 20
4 94
40 89
90 94
12 61
27 69
35 39
49 99
48 95
7 49
41 58
40 62
2 91
5 88
10 36
5 63
49 68
33 74
6 50
35 58
70 95
15 19
12 92
80 89
86 99
44 99
8 75
8 13
35 96
83 91
62 96
34 37
11 67
67 78
14 74
15 49
6 47
4 9
15 22
59 61
2 85
49 64
30 75
18 87
5 56
50 99
35 66
2 33
1 50
29 64
3 6
70 89
35 57
20 88
38 82
6 98
32 61
5 47
29 89
82 88
47 65
67 72
43 64
28 88
58 70
30 88
1 37
67 73
61 67
17 33
15 39
1 54
21 37
57 70
26 48
76 89
34 76
11 36
43 72
76 79
48 74
6 14
33 36
8 55
29 72
15 21
48 83
89 92
61 66
76 84
19 36
5 39
79 91
8 31
9 79
51 54
14 88
32 78
2 50
41 57
41 55
50 74
21 65
40 77
18 68
52 95
23 74
13 27
9 77
34 48
19 47
61 79
15 82
12 34
67 77
21 91
31 41
5 6
19 21
2 14
24 78
6 34
31 36
17 37
26 85
27 89
67 99
36 41
14 71
29 83
2 48
52 89
63 92
8 63
43 99
36 55
0 90
65 84
33 75
43 88
12 78
33 64
74 96
10 50
12 67
80 84
37 45
29 99
25 95
37 88
9 27
68 98
54 82
53 80
28 36
27 65
66 78
81 97
64 91
14 70
51 87
46 68
33 59
47 97
33 34
78 88
80 83
13 28
64 80
38 80
10 97
52 66
8 22
83 98
10 71
95 97
61 62
11 82
0 4
5 9
1 41
43 52
79 81
68 88
28 58
42 58
7 96
8 84
2 23
21 83
36 88
4 40
22 53
2 96
39 74
15 34
12 54
24 61
35 91
9 17
44 87
80 95
52 58
26 67
25 59
50 87
13 30
86 87
1 61
7 82
68 87
25 81
30 36
1 24
22 41
20 72
11 16
19 27
72 80
38 50
40 90
27 95
18 35
33 72
0 79
27 75
53 99
24 25
78 79
52 57
16 69
24 33
92 95
53 72
21 71
72 91
62 83
48 79
18 54
18 81
3 24
0 77
60 63
20 64
44 83
83 86
13 47
38 91
59 64
10 25
12 28
3 14
30 58
48 64
23 68
29 95
30 52
41 46
29 84
74 76
47 54
75 91
14 61
52 61
20 99
28 52
0 5
27 46
51 74
32 70
36 91
33 58
36 48
43 83
32 35
21 48
33 38
26 76
84 88
71 81
25 47
59 77
21 76
2 39
41 66
56 90
12 30
11 27
46 62
80 99
7 69
70 86
36 42
42 57
6 16
46 47
49 54
44 70
76 95
62 80
55 92
42 55
39 50
0 27
5 82
33 99
28 57
65 98
37 93
48 75
2 76
7 71
26 96
33 67
6 15
91 99
50 60
23 52
70 82
29 88
31 42
21 33
63 82
31 92
11 83
5 94
5 49
8 58
53 61
97 98
3 45
59 97
33 35
1 78
52 79
20 50
62 94
3 9
38 85
60 83
43 89
13 92
5 98
56 77
27 50
53 55
19 98
17 97
75 92
83 97
25 36
15 51
31 84
12 50
15 40
25 83
32 41
23 63
20 70
48 72
55 84
17 72
24 97
2 51
4 56
31 53
36 40
15 62
48 59
35 48
72 82
62 78
17 99
22 92
0 17
76 83
53 64
30 57
44 89
11 75
86 89
38 48
14 38
11 45
33 79
69 84
5 65
21 40
35 54
11 23
1 42
47 89
3 79
82 99
36 97
5 55
5 31
1 8
19 84
33 57
14 91
8 46
64 82
37 46
21 68
34 68
23 26
40 47
1 27
5 51
7 39
8 57
48 99
12 60
14 26
14 78
22 42
26 97
74 79
59 91
26 39
42 87
15 56
58 91
11 58
68 73
17 64
25 67
46 59
24 48
47 75
29 52
47 69
14 76
41 65
13 33
25 98
74 97
15 63
49 56
59 72
32 52
52 78
45 46
64 85
6 21
45 64
48 58
0 3
9 15
