100 4364 806.3870038635296 dense
0 946 539
1 785 278
2 337 96
3 787 658
4 262 583
5 950 313
6 504 310
7 715 251
8 937 843
9 142 601
10 7 692
11 222 730
12 652 826
13 332 52
14 497 285
15 935 569
16 952 746
17 256 835
18 548 737
19 594 757
20 441 121
21 787 952
22 240 566
23 877 168
24 337 676
25 503 129
26 376 678
27 578 97
28 746 258
29 683 975
30 906 481
31 330 988
32 323 462
33 118 681
34 302 404
35 987 734
36 528 409
37 535 287
38 748 996
39 794 808
40 16 597
41 374 545
42 507 767
43 154 146
44 956 549
45 848 573
46 518 945
47 408 382
48 921 547
49 409 950
50 172 852
51 362 886
52 456 603
53 854 676
54 880 660
55 897 134
56 904 13
57 760 595
58 581 476
59 622 498
60 374 341
61 652 994
62 669 471
63 149 122
64 297 207
65 580 239
66 785 880
67 133 528
68 370 142
69 158 669
70 652 483
71 259 437
72 79 89
73 119 870
74 796 733
75 241 239
76 42 52
77 527 457
78 245 743
79 363 985
80 536 349
81 736 394
82 735 978
83 61 340
84 397 444
85 281 691
86 995 442
87 339 876
88 495 58
89 438 431
90 190 882
91 791 822
92 460 724
93 399 235
94 866 545
95 715 315
96 84 438
97 44 922
98 76 880
99 650 831
12 99
0 44
39 91
62 70
38 82
43 63
51 87
6 14
15 48
0 48
11 78
4 22
15 44
53 54
7 28
0 15
31 79
45 94
59 70
50 90
44 48
29 61
16 35
14 37
6 37
24 26
23 55
33 69
84 89
1 28
73 98
2 13
58 59
36 77
18 19
6 80
18 42
29 82
72 76
97 98
47 60
59 62
34 71
48 94
50 73
2 68
58 77
47 89
49 79
24 85
21 82
66 91
21 38
36 80
32 34
37 80
20 25
47 84
78 85
42 92
7 95
64 75
28 95
37 65
30 48
29 38
3 57
32 71
3 53
9 69
0 30
11 85
58 70
25 88
73 90
21 66
39 66
15 94
9 67
20 68
14 80
1 7
39 74
30 94
3 74
32 84
63 72
45 48
1 95
49 51
0 94
17 90
53 74
25 27
81 95
20 88
9 33
30 44
61 82
36 58
17 50
15 45
19 42
31 49
58 62
11 69
18 92
74 91
44 94
12 19
45 57
73 97
27 88
17 87
36 89
15 30
17 78
45 54
77 89
19 99
3 54
43 72
14 65
10 40
34 60
26 92
26 85
38 61
30 86
32 41
68 93
13 68
64 68
8 16
51 79
50 98
41 52
83 96
49 87
6 36
62 81
67 96
34 84
45 53
59 77
41 84
0 45
6 65
9 22
3 45
60 84
64 93
15 54
21 29
31 51
2 20
34 47
77 80
0 86
30 45
60 93
46 49
26 52
4 85
66 82
14 93
11 17
60 89
44 45
54 74
10 33
79 87
16 54
31 87
22 67
24 78
44 86
90 98
69 78
11 33
54 94
32 47
57 94
17 51
2 64
4 41
65 80
32 89
4 24
8 35
6 47
48 54
16 53
52 92
55 56
4 9
20 93
38 66
36 37
70 81
36 47
53 57
69 85
1 81
9 40
11 24
43 75
70 77
80 89
14 36
63 76
48 86
13 20
6 93
36 59
21 91
35 54
22 71
77 84
41 89
50 78
32 60
53 94
22 85
14 47
22 69
11 50
24 92
33 40
47 80
26 41
22 32
25 68
6 60
15 53
25 65
44 54
58 80
4 69
14 60
4 32
7 65
36 84
22 41
40 67
24 41
28 81
54 57
5 86
12 18
0 54
6 89
3 94
19 92
71 84
34 89
18 99
12 91
20 27
29 66
24 52
4 67
15 86
47 77
91 99
33 78
21 61
17 73
27 65
57 74
46 61
62 77
12 39
67 69
1 23
12 66
66 99
21 39
36 70
7 81
39 53
35 53
48 53
37 93
39 99
50 97
4 71
17 85
43 76
26 78
22 24
8 39
47 93
66 74
8 91
29 99
4 26
25 93
6 77
63 75
87 90
78 90
60 71
58 89
3 39
68 88
90 97
9 11
12 29
2 93
4 11
10 69
33 67
57 62
36 62
59 81
60 64
65 95
11 90
67 71
43 64
57 70
14 25
8 66
16 74
12 42
42 99
23 56
14 89
41 71
75 93
34 41
26 42
37 47
47 71
13 64
23 28
53 91
40 69
46 79
4 78
25 37
68 75
60 80
5 23
52 77
2 88
11 26
18 52
62 95
9 10
78 87
44 53
61 99
13 88
33 85
3 91
11 22
0 53
86 94
9 85
82 91
41 47
46 51
28 65
60 75
22 33
29 46
20 64
12 61
48 57
45 74
36 60
80 84
1 5
57 59
50 87
2 25
52 84
16 39
82 99
37 60
17 31
37 77
63 64
39 54
12 74
6 84
42 52
59 80
51 90
2 75
3 15
40 96
52 89
15 35
9 96
41 85
12 82
14 20
22 34
37 89
5 30
11 73
3 48
4 33
46 99
14 77
71 96
61 66
58 81
9 78
31 90
74 99
34 75
22 26
41 77
15 57
22 78
70 80
36 65
15 16
16 91
52 58
80 93
42 46
17 24
8 74
73 78
71 89
24 69
12 46
38 91
33 50
70 95
39 82
62 80
30 54
6 25
65 93
18 26
85 92
7 23
37 95
80 95
20 65
1 55
21 99
6 58
4 34
50 69
7 37
17 79
12 21
51 78
54 91
30 57
8 21
17 98
8 53
5 55
58 84
3 16
11 87
29 91
13 25
35 44
42 51
14 84
33 73
51 92
2 43
2 63
20 37
30 81
35 74
14 68
17 49
8 54
46 87
38 99
60 77
17 69
24 42
31 46
50 51
38 39
4 84
32 52
85 87
0 57
87 92
50 85
37 58
27 37
34 93
13 93
4 52
12 38
28 55
59 89
52 85
13 63
52 59
47 58
45 86
16 44
34 64
17 26
35 48
41 92
0 3
71 75
22 84
60 68
6 20
81 94
0 35
89 93
65 88
24 87
42 87
10 98
29 39
74 94
3 44
32 67
13 43
67 83
44 57
79 90
88 93
16 48
26 87
9 71
22 96
30 53
16 45
57 81
19 46
33 98
19 74
41 60
32 77
7 80
14 27
69 73
80 81
59 95
36 41
45 62
7 27
19 39
75 83
35 39
17 33
19 52
10 67
36 52
0 16
47 64
19 91
42 49
13 75
31 50
26 51
36 81
14 58
1 65
9 24
84 93
37 84
36 95
11 98
58 95
11 51
34 67
18 46
10 73
62 94
6 95
45 81
51 85
5 28
24 51
85 90
32 36
35 45
27 68
28 37
3 30
33 90
3 35
16 66
24 32
14 64
35 91
6 68
57 58
15 74
43 83
53 66
69 90
3 12
45 70
39 57
78 92
43 68
7 55
36 93
3 19
12 92
78 98
92 99
26 69
41 58
77 81
10 11
16 94
23 95
24 33
6 7
22 52
21 74
46 82
18 24
37 68
47 75
65 81
14 95
73 87
67 85
70 89
25 64
71 83
7 14
34 96
3 99
11 67
72 75
3 70
3 62
61 91
63 68
6 59
3 66
26 32
25 80
6 34
70 94
47 65
48 74
65 77
35 94
7 62
1 62
6 27
27 93
0 5
34 36
22 40
47 52
69 98
28 62
14 88
19 66
37 62
6 70
37 81
9 32
37 59
37 70
14 34
46 92
5 81
28 80
57 91
17 97
49 90
4 96
52 70
10 50
3 59
60 65
20 60
6 62
34 77
6 64
65 68
59 84
49 92
19 26
19 57
20 75
17 92
37 88
4 89
27 28
50 79
32 85
10 97
64 71
39 61
62 89
26 84
5 95
63 83
19 29
38 46
77 95
5 48
5 44
41 78
1 30
6 32
58 65
30 62
32 75
11 92
45 59
3 8
18 51
42 85
9 41
65 89
32 93
11 41
24 84
54 66
22 89
48 81
32 96
34 80
7 70
2 27
32 80
39 45
24 50
73 85
41 67
31 73
67 78
69 96
8 82
47 68
5 7
4 92
8 38
10 78
47 59
51 73
44 74
28 70
19 61
16 57
1 70
7 25
7 36
11 40
0 74
33 96
71 93
9 26
4 40
54 86
6 81
5 94
49 61
14 59
20 80
58 60
6 28
2 14
2 60
64 88
64 72
18 74
25 60
14 32
4 47
62 65
59 94
41 69
22 47
35 66
34 83
13 27
1 37
18 59
14 28
52 62
18 87
37 64
24 71
14 70
12 53
34 52
72 83
3 18
24 67
4 17
33 97
6 88
41 59
74 82
9 50
69 71
30 95
24 90
52 78
14 62
75 96
9 34
30 70
41 80
18 49
65 70
26 89
71 85
12 57
18 57
0 81
45 91
27 80
13 72
18 39
53 99
77 93
32 64
5 15
49 50
55 95
64 84
18 91
27 95
75 84
52 71
70 84
26 33
2 72
32 58
41 42
1 80
18 41
31 78
17 42
14 75
9 17
57 99
19 59
43 93
34 37
40 83
42 79
11 97
7 58
22 60
19 82
59 65
14 81
87 98
20 47
18 58
42 78
48 62
81 86
10 90
7 59
16 21
47 70
49 78
64 89
32 69
10 22
15 81
24 89
28 36
68 80
10 96
19 51
30 35
35 57
11 52
52 80
23 81
1 86
4 60
29 74
38 74
19 49
26 77
26 71
26 50
6 41
71 77
49 99
3 81
16 30
21 46
44 81
78 97
78 79
42 61
19 24
17 22
73 79
9 73
28 59
25 47
36 71
34 68
57 77
22 92
64 83
18 85
2 6
40 78
19 53
6 75
29 42
39 94
12 49
84 85
75 76
53 86
9 83
62 84
28 58
18 29
1 59
26 49
10 85
8 15
24 34
63 93
19 21
28 30
18 70
52 60
46 66
65 84
3 58
32 37
30 74
1 27
69 87
75 89
2 37
25 28
29 49
94 95
77 92
47 62
58 92
6 71
31 98
26 90
53 62
48 70
18 66
67 84
18 61
4 10
15 39
69 97
64 80
59 92
79 92
85 98
7 77
1 94
5 45
53 70
11 31
19 70
57 86
18 77
25 36
40 85
19 58
19 87
33 71
2 65
12 54
25 95
14 71
1 6
31 42
54 62
24 49
15 62
57 95
4 50
26 34
21 53
45 58
17 46
25 75
1 58
8 45
19 38
30 59
64 65
41 70
9 90
0 62
8 12
13 14
26 67
51 98
57 66
8 29
11 32
54 99
9 98
91 94
84 92
10 17
8 99
11 42
14 41
34 85
26 58
1 14
20 43
34 58
22 83
1 36
70 74
76 83
54 70
11 49
49 85
32 83
61 79
42 91
40 98
33 41
39 42
24 77
13 76
39 48
45 95
1 56
71 80
40 71
42 74
15 91
62 74
11 79
28 56
32 78
40 73
24 73
20 63
13 60
35 86
18 62
59 74
53 59
42 59
7 88
51 99
58 94
4 77
31 97
59 60
89 92
80 88
22 50
43 60
3 21
31 92
8 44
2 47
33 87
11 71
32 92
19 62
15 70
68 72
21 35
28 77
12 51
8 48
12 52
68 89
6 52
52 87
36 57
44 62
34 43
26 47
51 69
37 75
61 74
51 52
2 76
23 86
64 76
87 97
40 50
7 30
0 70
52 99
46 91
9 84
3 86
32 33
42 66
42 58
43 96
81 89
89 95
3 42
49 73
20 36
31 85
32 59
1 48
34 69
1 45
27 64
19 54
58 93
26 46
24 47
54 81
4 87
48 59
18 78
68 84
7 20
5 56
85 89
7 56
52 57
37 41
0 8
41 62
48 91
54 59
8 57
26 59
60 67
18 82
52 69
79 85
23 65
39 44
19 41
79 98
53 81
60 96
55 81
42 57
17 52
71 78
8 94
4 42
21 54
0 1
36 64
69 92
22 77
16 86
26 79
23 27
19 77
86 95
4 90
60 88
17 18
39 46
70 92
67 75
25 89
26 36
0 39
41 96
43 71
18 79
51 61
28 86
2 34
20 89
6 13
24 79
36 68
48 95
12 16
13 37
13 65
42 77
42 82
41 93
28 94
44 70
47 67
75 88
18 53
24 31
60 70
90 92
60 83
84 96
17 41
12 26
26 31
45 66
19 45
16 99
26 99
60 63
9 52
1 77
37 71
64 96
47 95
87 99
23 30
75 80
50 92
68 71
20 34
4 83
24 58
27 36
7 93
12 87
16 82
4 36
1 57
27 60
33 51
42 70
1 25
44 91
4 51
19 85
22 90
51 97
12 45
67 89
29 79
1 44
14 52
4 73
85 96
26 73
34 63
28 88
15 59
27 55
18 21
0 95
2 80
31 61
36 92
5 62
60 62
8 61
63 96
0 91
16 38
11 96
55 86
34 65
32 68
3 82
24 46
58 71
19 79
53 82
4 18
30 58
79 97
18 89
45 99
22 87
79 99
37 52
93 95
20 84
11 18
40 97
50 67
57 92
0 59
22 75
22 73
49 82
18 38
62 86
1 15
22 36
62 92
47 81
69 84
24 36
18 36
3 77
47 96
25 77
12 59
18 84
32 70
12 79
7 89
10 24
7 94
24 40
17 67
85 97
28 45
24 98
61 92
52 67
27 47
25 84
38 42
18 31
33 34
57 80
41 87
29 51
34 59
36 75
3 92
3 29
63 71
41 75
7 47
40 90
55 65
46 90
47 85
59 99
22 42
20 28
61 87
58 74
11 84
32 40
78 84
47 88
3 52
21 42
9 97
11 34
20 95
29 92
44 95
24 59
15 95
74 92
27 81
4 58
27 56
26 60
24 60
38 53
42 90
28 57
42 62
28 48
44 59
26 70
17 40
9 87
88 95
53 58
13 47
7 86
65 75
77 85
46 78
64 77
5 57
68 76
3 38
32 65
49 98
25 34
18 54
9 92
41 51
42 84
45 77
9 89
18 45
60 95
38 49
67 73
22 51
81 84
12 70
69 83
42 89
5 70
84 95
34 78
74 81
39 92
29 53
9 47
4 75
66 94
33 92
59 93
19 94
78 96
0 28
34 40
91 92
15 66
70 86
42 50
30 39
33 83
47 92
32 62
41 64
43 47
20 77
17 19
33 52
7 57
30 55
48 58
24 96
46 85
12 35
46 52
28 93
70 99
7 45
9 60
12 24
72 96
24 99
19 78
52 81
25 43
54 82
47 83
46 74
2 71
2 89
49 52
77 94
71 92
4 98
3 95
35 99
35 82
19 31
54 58
83 84
72 93
63 88
68 77
43 88
18 22
74 86
36 88
22 58
7 60
25 81
2 84
12 94
29 31
28 89
16 29
13 34
8 19
83 93
5 54
25 63
89 96
19 36
22 98
70 93
39 59
35 38
39 70
18 32
12 62
25 58
10 83
32 42
56 95
31 99
67 98
34 92
12 58
29 87
21 57
16 19
46 50
32 43
94 99
10 71
67 90
62 93
36 42
42 53
26 62
34 70
28 44
3 36
39 62
36 45
75 77
48 66
30 91
28 47
9 51
13 80
4 80
12 31
64 67
66 92
62 99
7 48
20 32
38 54
57 89
19 89
58 99
26 98
40 41
7 68
3 61
23 37
60 85
27 89
31 69
42 69
8 30
20 72
22 64
27 77
15 28
52 74
1 88
36 94
20 71
4 6
59 91
27 75
11 46
26 80
60 81
15 58
49 97
33 84
2 32
70 91
2 36
78 89
47 63
68 83
22 80
22 93
69 89
41 50
23 62
6 22
59 71
2 83
11 89
41 65
26 40
58 85
0 7
10 26
24 70
19 84
4 59
14 43
0 58
73 92
18 94
29 54
62 91
7 84
79 82
52 93
44 66
81 93
11 19
34 62
31 33
4 93
41 83
82 92
93 96
4 19
36 85
9 75
5 53
23 25
5 59
69 79
53 61
49 69
0 66
65 71
23 94
59 86
5 65
88 89
0 23
4 64
50 52
26 96
21 49
1 20
25 32
17 32
27 58
1 89
4 14
10 87
30 77
1 3
25 62
47 69
14 22
28 60
67 92
37 57
23 48
3 5
18 47
20 58
32 63
44 58
12 15
54 95
49 66
43 67
24 97
80 92
24 80
6 57
7 44
57 82
80 94
21 45
41 90
25 70
45 80
51 82
14 63
43 84
52 65
30 36
27 62
38 79
74 77
52 90
34 72
68 95
23 80
18 90
6 43
7 15
53 95
23 70
15 99
52 95
12 48
25 59
29 57
83 89
29 35
60 72
22 59
42 54
18 80
76 96
1 93
19 48
23 44
41 57
16 61
15 19
12 77
6 26
19 81
24 62
33 79
10 32
1 47
18 81
58 64
27 84
71 72
59 85
13 71
41 81
42 45
60 92
48 99
60 69
30 80
26 57
25 71
37 55
27 70
45 52
57 84
52 79
18 50
3 46
28 68
13 89
53 77
1 54
19 35
77 99
17 99
25 55
39 58
11 47
16 62
85 99
12 85
56 65
58 68
12 41
39 52
10 41
4 49
13 83
28 84
70 71
67 93
18 69
47 78
12 17
38 92
34 88
33 49
53 92
13 84
41 99
23 88
42 47
14 23
17 71
3 80
84 88
33 42
21 92
57 65
16 70
6 23
52 91
77 88
67 77
19 32
9 42
76 93
38 57
38 51
42 73
77 78
6 63
20 81
3 28
19 22
6 24
43 89
4 70
4 37
49 91
41 68
4 97
8 18
5 58
27 59
67 97
1 53
16 18
48 77
54 61
67 87
10 51
52 53
58 91
20 76
31 52
31 82
15 23
8 86
46 73
30 65
22 37
23 45
33 89
37 43
63 67
22 97
63 84
41 49
14 57
55 62
52 96
54 77
13 36
2 77
0 55
2 7
82 87
55 88
11 77
13 32
39 49
40 84
15 21
4 31
0 12
9 77
14 26
12 44
41 95
62 71
47 57
56 88
3 26
68 96
26 97
19 80
55 94
10 34
36 67
35 62
16 59
42 71
27 34
16 81
41 73
3 7
57 61
81 88
48 55
18 34
0 19
52 94
83 85
32 87
58 75
78 99
92 98
4 79
21 94
59 66
12 78
58 86
5 80
17 84
0 99
1 60
5 37
44 99
3 89
6 92
45 92
56 81
36 48
33 47
19 30
18 71
34 42
30 66
23 59
72 88
25 56
19 44
39 86
11 60
20 62
39 81
31 38
20 59
32 50
32 81
19 47
35 70
18 48
32 95
30 37
66 70
65 94
20 70
42 80
44 55
22 49
26 61
37 94
37 63
55 80
22 70
7 64
45 82
36 74
36 53
15 18
11 83
1 84
26 37
42 94
4 62
60 78
14 24
34 95
35 81
5 35
52 75
40 75
19 90
51 66
63 89
15 77
50 96
9 64
26 74
28 54
37 45
50 71
35 61
23 36
54 92
51 67
41 46
62 66
21 79
70 85
2 96
46 57
69 77
33 60
74 95
32 51
25 72
38 87
55 70
21 48
80 85
17 61
52 64
58 88
40 87
27 43
0 77
26 29
23 58
14 55
52 54
9 18
3 41
45 65
12 30
22 43
58 78
6 18
20 41
27 63
52 73
52 66
21 51
5 27
81 92
9 31
6 67
46 53
6 55
24 57
9 36
8 46
86 91
22 31
81 91
6 94
7 13
28 53
64 95
36 54
18 60
19 50
43 80
17 96
5 36
48 80
5 16
6 45
73 96
17 34
18 33
30 99
51 91
45 89
34 81
29 45
35 59
38 45
24 83
66 79
12 36
25 41
29 52
84 87
43 65
59 68
59 64
24 37
15 55
8 42
22 79
1 68
6 30
2 95
21 44
7 52
15 36
52 61
34 76
14 67
42 81
0 36
26 39
36 78
69 75
10 31
20 23
56 86
20 83
44 77
39 51
18 35
6 96
32 88
26 91
36 99
22 62
9 49
14 83
11 99
11 58
2 28
40 52
12 81
18 30
40 60
41 79
60 76
7 34
14 96
32 90
47 72
14 92
11 12
67 80
39 77
7 54
6 85
45 55
71 76
96 98
67 72
68 70
0 21
23 57
89 94
78 83
9 79
17 89
4 46
51 84
37 92
77 96
22 68
11 36
26 93
49 74
92 94
42 67
6 83
68 81
0 18
62 68
19 69
3 84
36 96
7 32
31 41
27 32
24 93
81 99
16 42
42 98
32 72
5 6
66 87
62 85
71 87
42 60
71 88
63 65
46 98
5 77
40 47
7 53
9 93
5 74
24 75
24 61
62 88
41 98
3 37
3 6
63 80
18 73
18 44
12 89
17 29
13 77
59 78
64 70
4 43
18 37
7 41
36 44
71 90
3 24
77 91
2 41
28 52
40 51
58 67
14 94
2 58
0 80
28 64
36 69
82 94
58 66
89 99
67 68
76 88
70 88
22 63
40 89
14 30
46 69
75 85
18 95
5 14
23 77
14 45
4 68
10 92
21 87
14 18
71 73
1 74
9 43
87 91
15 82
41 43
15 80
87 89
6 19
53 80
62 64
32 73
26 66
20 55
55 59
9 58
90 96
32 57
6 42
36 43
24 29
10 52
59 88
79 91
19 34
19 95
21 31
8 62
26 81
33 75
13 96
16 58
46 59
8 70
77 87
26 75
12 84
48 65
4 12
37 56
51 77
14 85
39 87
51 74
36 55
4 99
51 71
80 96
59 75
92 97
46 54
10 79
51 89
14 72
40 92
41 74
65 86
26 83
57 60
10 84
84 99
11 59
13 28
1 52
24 74
90 99
19 71
74 80
54 80
45 61
6 9
13 95
18 67
51 58
58 69
17 77
44 80
12 90
37 48
55 58
50 84
39 79
15 38
38 94
27 71
30 52
33 77
34 50
51 59
8 59
29 94
3 65
25 76
28 34
52 82
58 87
31 66
9 80
26 82
30 56
36 86
77 86
80 86
48 52
74 89
4 65
37 67
42 48
3 47
52 68
45 84
48 82
28 32
28 41
22 46
52 98
19 60
30 89
24 64
85 93
15 42
40 43
22 65
71 95
36 83
59 87
92 96
3 14
46 58
0 65
34 87
19 37
7 75
52 83
46 97
4 63
41 45
80 83
9 14
61 90
36 63
20 56
37 96
24 39
25 52
72 84
24 91
37 83
64 81
37 85
20 96
16 46
26 64
28 74
3 49
10 49
2 67
17 47
15 29
70 75
26 53
9 19
61 78
50 99
74 87
71 81
61 85
6 72
9 63
41 63
33 46
71 98
36 39
6 48
45 47
84 94
2 22
75 95
15 52
77 83
40 64
12 50
37 42
29 59
55 57
21 52
35 58
46 70
35 42
38 48
14 19
92 95
19 33
14 42
0 37
20 52
3 51
64 69
44 82
23 93
53 89
70 78
21 59
5 25
26 45
1 2
26 65
17 58
64 85
84 90
67 76
15 65
37 86
32 98
43 77
96 97
34 51
66 86
21 30
47 94
62 75
0 82
12 22
44 65
21 70
46 77
22 99
19 73
42 97
20 22
66 81
57 85
24 81
7 74
26 38
15 37
14 56
38 52
36 91
29 48
25 83
78 80
59 67
31 91
1 41
12 32
12 80
30 42
9 59
34 90
55 77
11 75
8 92
13 58
16 95
8 81
41 94
23 54
33 36
29 85
27 41
24 66
7 71
16 92
74 84
2 4
2 59
92 93
47 76
29 70
38 44
51 57
32 99
59 82
1 64
18 98
40 63
11 80
48 92
21 26
0 52
59 69
0 42
13 41
69 80
21 62
80 99
4 20
66 77
32 49
39 41
29 78
72 89
37 44
11 70
34 57
69 93
51 70
26 95
48 89
1 16
59 61
32 76
37 72
45 46
1 32
61 94
46 62
17 59
41 53
42 95
31 39
0 6
54 89
50 89
2 81
0 38
4 57
3 23
6 56
3 87
56 80
14 48
58 96
6 69
1 35
47 87
2 70
18 65
27 72
42 44
1 34
49 57
39 95
35 95
24 82
65 92
15 92
49 59
17 82
24 65
31 67
50 61
41 91
34 73
2 62
74 79
41 97
31 40
29 90
41 88
70 82
70 87
6 15
44 52
9 37
37 53
22 72
3 32
62 78
36 87
10 89
75 78
29 62
49 58
49 67
26 54
6 78
11 61
27 30
36 51
63 77
28 75
17 36
10 42
6 11
29 44
47 51
49 84
57 87
1 13
33 58
6 53
12 47
33 64
87 96
10 47
49 77
3 85
23 68
26 94
30 47
10 60
17 60
30 92
37 54
55 93
6 86
23 53
73 84
0 29
29 58
9 46
57 93
10 75
19 86
22 25
47 99
4 81
30 84
20 67
15 61
61 70
14 76
62 82
6 44
8 58
67 79
23 89
40 72
14 69
9 68
53 84
91 95
6 54
38 59
7 18
16 77
6 74
4 25
35 46
89 90
19 67
56 62
12 95
12 86
46 84
23 47
1 19
53 65
15 89
9 72
0 14
13 67
16 52
51 62
1 18
11 62
74 85
37 74
54 65
24 53
83 88
17 38
69 99
19 65
18 28
12 69
39 89
21 58
75 81
28 71
41 54
5 39
0 89
40 42
49 89
86 99
0 92
95 99
46 89
7 19
27 52
40 79
25 96
3 60
2 52
22 57
32 46
24 38
67 70
52 97
24 45
5 88
19 28
48 61
38 70
14 15
11 29
14 86
13 22
62 87
49 53
24 95
14 78
58 61
65 72
43 69
11 14
47 74
61 62
9 70
18 93
50 83
32 79
22 81
58 82
57 71
5 89
29 50
30 82
11 93
72 80
47 50
44 92
31 32
39 85
54 55
4 95
49 70
39 80
85 91
89 91
4 72
34 98
40 93
55 68
35 92
33 93
51 96
0 56
45 60
69 70
21 24
41 61
40 49
11 64
65 83
76 84
54 84
6 76
13 81
14 53
14 44
29 41
16 28
17 70
40 77
1 39
5 8
46 94
27 57
41 66
3 4
71 97
78 93
38 62
17 66
50 77
31 74
44 89
23 60
13 59
17 83
75 92
25 57
65 67
19 98
73 99
27 94
60 94
42 65
73 83
5 91
56 70
56 94
28 35
33 80
48 84
47 53
48 56
65 96
49 71
12 73
51 53
24 68
25 30
17 91
6 33
3 55
3 79
18 86
4 13
30 41
57 78
42 96
14 54
26 68
36 46
60 87
33 59
33 43
36 66
32 45
37 69
6 12
13 70
18 97
35 77
82 85
22 95
80 91
7 92
58 83
8 52
13 62
27 76
32 97
66 85
44 56
64 78
14 74
39 84
17 39
30 38
8 49
47 48
44 61
62 67
65 74
43 58
83 98
37 78
29 77
6 99
27 86
59 96
2 9
84 98
16 36
0 61
65 85
29 30
79 84
64 92
77 90
11 37
73 89
9 62
42 93
10 18
41 72
24 54
81 85
78 82
53 55
17 21
5 20
1 91
25 67
2 23
24 94
49 62
51 60
32 74
7 26
1 75
36 40
47 90
40 76
84 91
36 56
37 76
38 58
5 47
52 88
55 89
28 92
35 52
41 48
63 69
61 73
27 45
3 34
43 52
47 54
62 69
31 84
14 33
76 89
12 34
47 55
3 78
7 16
32 94
56 68
50 60
1 71
17 74
18 40
30 60
17 62
21 86
22 76
34 99
74 78
61 77
36 72
12 37
59 79
56 93
78 91
1 92
18 96
28 39
25 94
15 84
53 87
33 99
39 78
77 79
12 71
49 54
12 33
82 90
23 84
58 79
83 92
36 49
7 35
4 74
11 57
3 22
71 99
31 71
50 58
37 99
68 85
7 42
34 49
5 93
57 79
15 56
66 78
86 89
83 90
0 84
13 23
19 93
9 12
9 99
38 85
71 79
9 76
17 57
58 63
12 60
79 89
21 77
15 47
43 85
3 17
26 28
88 96
33 63
21 81
0 47
26 48
93 94
24 43
20 26
17 80
77 82
56 59
2 55
15 46
15 41
4 7
45 93
25 45
28 42
60 99
35 36
55 60
1 42
52 86
7 39
80 87
12 14
45 56
38 78
8 77
25 26
30 93
58 90
3 31
41 82
1 12
51 80
56 58
20 24
13 52
10 64
51 54
26 30
10 43
9 20
28 91
27 48
6 40
31 77
46 48
4 61
14 99
47 73
31 89
66 89
46 67
47 49
68 69
9 65
5 84
36 50
22 88
44 84
7 24
5 19
1 99
66 95
21 85
33 70
38 90
15 26
3 11
65 76
70 96
11 82
7 22
10 46
31 58
46 71
31 59
52 63
10 77
7 43
23 74
13 55
27 83
20 57
60 90
34 45
24 25
0 41
1 26
3 71
30 61
32 53
50 59
8 95
5 52
44 47
2 56
53 85
14 40
13 56
46 47
29 73
33 37
3 93
11 74
19 97
85 95
4 88
4 76
39 47
16 80
0 27
4 29
12 28
60 74
7 91
98 99
40 80
6 39
11 91
76 80
26 43
40 68
23 35
8 51
5 60
89 98
50 82
11 39
4 39
40 58
59 90
45 51
22 27
7 12
12 98
45 49
34 97
45 85
70 79
4 27
72 77
21 41
2 24
16 26
16 49
53 79
4 91
7 63
22 74
73 77
6 17
21 78
9 13
28 99
23 64
36 90
34 94
37 39
41 44
83 97
56 77
34 46
54 87
31 57
38 77
11 66
59 83
16 23
4 28
25 86
2 26
30 32
47 91
29 81
7 99
66 84
81 82
63 85
34 79
5 18
32 39
48 60
31 34
8 26
24 28
18 75
24 63
1 8
53 60
69 72
43 59
38 41
43 95
62 96
4 45
42 86
18 64
66 80
0 26
29 36
6 91
61 98
60 73
10 63
11 43
20 30
55 84
68 92
27 44
11 38
6 87
33 62
30 88
0 46
47 86
32 91
44 46
5 66
10 19
25 48
32 54
42 75
8 79
61 69
12 65
15 27
20 85
45 87
22 28
46 81
10 36
35 80
37 91
6 51
67 88
5 12
33 72
34 74
38 50
22 61
26 44
84 97
9 25
41 76
33 68
66 90
2 40
82 86
65 99
17 75
46 80
8 36
25 92
29 89
2 85
57 68
36 61
63 95
84 86
24 48
42 64
54 60
62 79
12 67
47 98
5 99
3 27
57 88
8 87
31 70
36 79
67 99
1 24
4 53
56 57
19 40
54 85
27 96
2 69
20 94
3 25
14 17
26 63
21 90
43 70
14 39
4 66
24 30
19 96
21 36
1 66
10 93
38 81
61 89
78 81
65 69
28 43
31 96
16 89
22 29
85 94
36 76
29 84
20 92
0 25
83 87
43 78
90 91
32 48
57 64
59 63
25 85
55 64
45 71
37 40
22 39
47 79
5 68
86 92
30 46
65 78
4 94
0 60
23 52
1 4
50 70
36 82
15 60
61 81
61 84
11 68
16 51
49 96
57 69
38 86
35 55
11 21
58 73
10 72
55 74
15 24
22 91
11 65
29 69
39 65
22 45
70 83
48 93
20 45
39 90
51 94
30 34
43 62
18 25
31 53
49 60
70 90
49 94
54 79
40 46
31 47
14 87
31 36
16 41
14 91
88 94
61 97
28 63
11 63
53 78
97 99
71 74
10 58
26 35
50 66
68 78
40 59
79 96
11 81
49 80
29 98
16 55
17 37
26 27
34 53
8 28
12 97
60 98
14 51
4 82
36 73
1 22
71 94
15 25
20 69
17 93
50 75
35 49
42 83
29 86
67 81
25 44
51 81
7 85
9 57
44 60
47 56
31 62
77 98
17 53
16 24
33 61
63 70
27 67
50 91
67 95
65 91
16 37
37 87
50 80
46 60
5 41
18 68
15 32
23 34
62 83
87 94
82 89
4 54
8 24
32 66
21 50
28 66
56 60
51 83
37 51
39 50
22 53
13 24
74 90
8 31
0 24
45 88
81 87
47 66
2 33
19 64
6 16
18 20
73 82
32 61
59 73
0 93
56 89
50 62
62 63
22 94
45 78
16 87
29 32
6 10
19 75
36 38
35 89
21 89
24 27
23 32
13 26
0 32
69 76
39 60
18 83
63 78
23 41
16 65
22 66
9 81
3 69
60 86
17 64
57 75
41 86
89 97
13 40
86 88
10 80
57 67
86 93
62 90
26 88
15 93
16 84
76 77
24 44
82 84
34 54
7 8
43 81
7 66
33 76
53 93
58 72
30 68
11 53
5 42
19 25
72 85
6 46
50 74
34 48
28 85
80 90
6 66
6 50
16 79
78 95
35 37
8 80
45 79
60 91
34 39
74 93
29 33
10 14
8 41
56 64
52 72
3 90
4 38
24 88
27 92
25 42
20 40
57 90
3 20
27 54
32 44
68 94
33 65
44 93
5 92
42 68
2 92
23 75
69 81
20 86
31 54
54 78
9 95
21 84
18 27
25 69
35 65
10 76
13 85
21 95
13 69
29 97
24 72
69 74
53 71
27 53
35 41
38 73
4 21
50 57
20 48
54 93
73 75
6 35
12 93
95 96
29 80
35 51
34 91
37 66
45 68
52 55
87 93
9 61
22 82
60 79
2 11
11 95
38 89
5 32
75 87
7 67
1 43
3 50
10 59
75 90
49 81
23 39
11 45
40 70
20 33
93 99
58 98
22 54
63 81
6 49
8 89
11 20
17 45
54 56
3 9
9 88
14 16
33 57
17 54
31 60
30 71
48 88
20 42
15 49
61 86
25 53
2 5
39 69
39 71
25 54
47 97
69 91
48 49
1 85
78 94
17 81
4 30
51 93
20 78
6 90
24 35
36 98
21 80
34 55
19 23
81 96
2 78
14 50
29 47
48 51
43 92
19 20
38 84
15 34
2 57
5 34
83 95
19 68
69 82
16 47
15 51
1 63
61 80
3 56
0 20
48 85
7 72
71 91
11 72
50 64
18 23
35 84
50 93
9 29
10 99
0 34
7 96
51 75
37 46
70 73
10 12
47 61
10 68
79 80
30 85
0 88
5 21
23 91
26 72
80 82
54 71
69 95
4 48
7 83
46 95
19 27
32 82
14 46
29 95
14 66
32 55
45 64
5 64
66 69
11 54
64 94
75 98
26 86
82 95
35 87
3 68
11 25
31 45
27 85
55 75
13 33
14 35
53 56
40 62
41 55
15 85
10 37
56 84
22 38
3 64
25 78
66 73
82 98
59 98
9 27
3 67
15 20
88 92
9 74
3 88
73 80
46 96
16 31
30 64
40 65
60 97
85 88
79 94
48 87
3 33
21 22
20 44
28 67
34 44
11 94
64 87
15 87
77 97
14 49
5 13
48 71
51 95
14 90
25 74
31 80
22 30
8 84
7 9
37 50
32 86
27 74
35 79
65 66
25 33
21 73
4 15
16 85
8 85
44 88
73 91
27 42
1 21
23 71
15 88
38 69
72 78
21 32
2 18
37 49
72 95
87 95
25 40
17 94
40 99
12 40
0 49
19 83
81 83
63 92
35 47
8 23
60 66
39 73
10 70
34 66
30 51
44 49
17 65
0 51
62 73
6 73
59 72
47 82
90 93
33 74
5 26
7 78
38 80
8 17
65 87
18 88
2 10
22 48
33 81
61 71
38 95
39 55
61 95
38 98
51 64
0 85
76 85
32 38
51 65
44 51
30 49
64 90
48 68
9 39
13 92
21 47
33 82
29 71
0 4
9 91
58 76
34 61
28 96
8 37
29 34
64 73
6 8
11 13
2 30
7 11
33 91
66 71
37 90
33 39
12 96
28 72
3 75
6 29
15 71
96 99
52 76
6 79
21 69
44 85
28 83
16 32
24 76
73 74
30 87
13 57
20 53
2 42
19 55
45 75
46 86
82 97
68 86
17 95
2 94
67 74
73 93
57 96
34 86
0 87
0 71
9 28
4 44
23 92
15 22
20 54
21 28
53 90
31 94
70 72
12 23
75 94
39 93
53 69
33 66
55 91
7 69
13 78
14 73
17 43
45 69
18 55
28 78
57 73
61 67
69 88
10 62
58 97
1 67
44 87
24 86
79 81
5 82
2 45
8 78
0 68
70 98
6 61
6 31
33 95
56 75
23 99
3 73
9 66
11 76
6 21
8 65
31 83
16 17
8 47
1 82
7 76
38 47
5 71
49 83
17 68
80 98
9 82
62 72
29 37
48 78
23 42
50 53
33 38
31 35
1 29
7 21
49 95
11 28
36 97
29 60
16 60
91 93
44 71
19 88
43 50
55 71
0 22
9 45
6 82
16 78
15 79
35 85
20 74
30 75
38 97
15 68
64 98
46 65
29 67
4 16
66 98
42 88
2 19
48 79
26 76
27 69
60 61
8 55
18 43
8 14
48 64
75 97
30 78
21 37
15 78
10 61
79 83
5 38
5 24
1 78
14 79
12 25
6 98
5 75
44 68
12 64
5 29
42 43
54 88
14 29
21 98
53 88
23 26
49 93
9 53
22 44
37 73
45 67
12 75
13 30
37 61
59 97
64 99
10 20
25 99
91 98
28 69
32 35
10 13
34 56
39 67
23 66
13 18
1 46
69 94
37 79
1 38
34 82
1 96
37 82
31 81
75 99
1 9
28 29
46 93
2 3
28 82
76 78
62 98
71 82
67 91
53 68
17 63
40 88
93 98
7 46
39 98
21 33
1 11
54 69
11 48
14 31
76 95
8 32
23 43
4 8
9 38
28 46
8 11
72 81
17 48
7 29
54 90
43 73
64 74
11 88
14 61
35 56
9 94
11 27
7 51
50 81
1 83
27 78
13 94
54 68
45 90
7 82
14 21
11 30
56 74
6 38
53 64
35 60
33 88
1 61
68 74
14 98
0 64
78 88
15 17
7 87
23 63
0 78
11 16
31 37
50 63
10 65
49 75
1 72
11 15
49 65
45 50
59 76
21 34
60 82
81 90
14 82
12 27
10 29
18 63
67 94
13 45
28 76
15 64
50 54
0 79
12 55
55 92
32 56
9 21
16 22
16 34
16 56
68 87
74 98
7 33
12 20
15 31
33 53
71 86
53 67
44 79
28 51
13 42
50 65
64 86
3 96
43 90
44 78
50 68
31 48
21 60
27 99
21 71
17 20
42 63
2 48
17 35
33 45
28 38
43 98
54 64
25 39
1 69
74 88
4 5
55 99
12 68
28 87
20 99
17 30
37 38
9 54
72 92
4 35
1 51
52 56
30 79
66 67
57 98
34 38
23 24
4 23
28 61
35 78
66 97
21 65
44 64
38 71
7 17
74 75
27 39
43 55
29 65
5 61
27 33
2 86
2 17
42 55
21 97
68 99
40 57
51 68
57 83
3 98
7 61
7 38
1 87
4 86
48 75
70 76
17 25
8 90
40 81
55 63
63 73
0 11
16 27
40 61
37 98
70 97
8 22
10 25
25 91
0 17
79 93
41 56
22 23
49 64
67 82
66 93
65 90
13 19
27 40
53 75
19 43
16 93
43 87
0 2
26 55
91 97
5 22
40 95
14 38
62 76
43 57
38 60
31 75
8 60
55 66
65 82
80 97
90 94
27 91
75 79
11 44
31 93
17 44
85 86
79 95
17 28
27 35
28 33
3 13
46 83
46 75
61 65
64 97
54 67
39 97
16 71
50 94
10 57
53 73
33 94
34 35
63 90
63 98
68 90
43 56
20 87
0 31
33 54
2 15
56 63
7 49
16 25
50 95
31 44
25 87
11 35
8 50
22 86
12 83
54 75
5 46
6 97
22 35
0 75
29 40
17 72
83 99
2 44
30 31
1 17
5 85
15 75
50 72
43 51
20 51
13 86
13 48
28 49
25 51
1 49
68 73
46 64
74 96
62 97
35 93
30 69
56 71
8 34
20 39
57 63
48 69
90 95
38 67
51 86
93 97
9 30
3 40
76 81
2 50
16 90
30 67
25 35
31 95
74 97
19 63
38 65
49 86
45 96
1 76
65 79
2 53
63 87
4 55
20 50
73 81
1 33
44 75
24 55
21 67
39 64
7 40
2 87
3 10
64 79
75 86
9 48
65 73
14 97
31 64
72 73
10 82
2 54
15 69
20 91
0 13
43 97
12 88
2 74
35 71
22 55
86 87
13 17
57 97
16 50
45 73
10 81
48 67
88 99
3 97
64 91
21 23
94 96
54 73
39 68
31 65
10 74
8 71
2 51
72 98
76 92
40 74
3 83
29 93
23 85
51 63
39 75
9 15
13 15
68 98
10 91
61 96
2 12
25 50
10 39
16 69
13 44
8 69
0 69
2 99
2 90
68 91
18 72
61 93
10 88
10 66
39 96
72 90
10 38
20 90
75 91
42 72
23 72
10 95
25 66
39 56
37 97
15 67
48 90
2 73
53 98
29 96
91 96
28 40
17 27
53 96
19 56
39 40
0 9
