100 4018 764.1812612201375 dense
0 203 2
1 703 636
2 229 437
3 943 395
4 58 571
5 549 755
6 399 665
7 11 671
8 808 551
9 429 560
10 779 703
11 152 954
12 219 759
13 521 724
14 846 921
15 288 957
16 844 329
17 99 966
18 522 87
19 272 24
20 190 823
21 196 444
22 314 685
23 213 188
24 295 848
25 364 15
26 691 724
27 233 621
28 494 440
29 865 951
30 891 257
31 592 308
32 625 242
33 790 856
34 906 561
35 80 736
36 117 925
37 232 250
38 707 184
39 571 426
40 496 953
41 911 983
42 251 632
43 450 744
44 917 675
45 213 616
46 329 259
47 59 152
48 747 249
49 703 342
50 424 717
51 91 965
52 225 982
53 145 86
54 119 881
55 438 850
56 642 954
57 587 811
58 129 492
59 558 560
60 409 180
61 46 983
62 853 614
63 367 568
64 909 182
65 168 421
66 223 907
67 285 727
68 814 607
69 744 650
70 641 57
71 13 367
72 202 97
73 901 737
74 592 632
75 110 942
76 201 676
77 944 357
78 437 895
79 964 746
80 970 612
81 446 175
82 111 869
83 905 530
84 724 78
85 41 860
86 242 178
87 159 600
88 461 467
89 633 316
90 373 722
91 451 656
92 333 931
93 269 106
94 230 892
95 179 851
96 544 333
97 516 954
98 865 506
99 45 204
17 51
54 82
66 94
36 75
40 97
27 45
27 42
17 75
51 75
20 95
23 86
34 83
2 21
14 29
21 65
60 81
43 50
3 77
62 68
42 45
5 13
31 89
28 88
1 69
11 75
36 54
17 36
55 78
11 36
83 98
36 51
51 61
22 67
50 90
15 92
6 91
47 99
31 96
11 17
17 61
29 41
8 68
36 82
45 87
6 50
53 72
45 76
54 75
11 51
9 63
6 90
2 65
10 69
27 76
73 79
44 73
23 37
94 95
42 76
50 91
54 95
72 93
5 57
15 52
34 98
22 90
12 20
82 95
82 85
66 95
0 19
8 98
37 86
75 82
12 67
13 43
31 32
32 89
49 89
34 62
52 66
61 75
38 48
86 93
27 87
30 64
8 62
11 52
28 39
24 94
59 74
20 94
43 90
11 54
54 85
58 65
34 80
15 66
19 93
68 69
22 42
44 80
21 58
40 78
12 76
11 66
44 79
70 84
14 33
16 30
76 87
15 94
6 22
17 54
43 91
67 90
44 62
51 54
1 26
14 41
52 94
20 66
72 86
10 26
89 96
26 69
24 92
20 82
23 72
20 54
36 61
19 25
24 66
6 43
11 82
7 35
0 72
36 95
39 96
13 50
42 87
37 46
13 91
17 82
51 82
67 76
9 88
9 91
8 34
78 97
62 83
8 83
23 93
5 43
11 94
36 85
12 95
32 38
42 67
19 72
1 10
0 53
6 63
90 91
10 68
34 68
48 49
22 27
16 77
80 83
4 87
4 58
11 95
43 55
75 85
54 66
38 84
36 66
20 24
47 53
62 98
6 9
13 57
15 24
11 61
78 92
92 94
4 7
1 74
54 94
58 87
46 60
66 92
68 98
30 77
22 76
2 58
75 95
34 44
22 50
1 68
62 69
10 62
24 95
31 49
13 74
18 81
51 85
62 80
12 24
39 88
36 94
8 69
27 67
28 96
40 55
66 82
66 75
46 86
3 16
68 83
52 92
31 39
12 22
17 85
29 33
82 94
24 67
63 91
52 75
32 96
36 52
32 48
22 45
23 53
18 70
61 85
0 93
44 68
20 36
54 61
53 93
16 48
56 97
39 89
10 73
32 49
17 52
22 63
9 59
6 67
35 85
75 94
55 97
5 74
5 50
12 42
61 82
25 93
62 73
48 89
45 67
42 63
55 92
12 94
53 86
50 55
79 80
59 88
39 59
20 67
35 76
51 52
1 8
26 74
6 13
26 57
3 98
28 59
23 46
11 15
11 20
9 28
35 82
17 66
63 88
85 95
12 27
52 95
5 91
50 67
22 91
17 95
20 35
3 83
10 44
12 35
19 53
16 49
73 80
24 55
74 91
12 45
38 70
20 75
55 90
59 91
51 95
46 81
27 63
51 66
30 48
5 26
11 85
44 83
40 56
5 55
18 60
52 54
20 76
3 30
13 90
12 66
24 90
22 43
37 93
80 98
24 78
45 58
35 54
17 94
13 55
24 52
38 89
43 78
1 62
42 90
6 42
35 95
15 95
43 57
69 74
56 57
47 72
10 33
20 85
55 57
63 90
12 82
53 99
8 10
37 72
68 80
68 73
39 49
19 86
51 94
9 50
35 87
88 96
12 54
38 49
23 47
60 93
12 90
49 96
50 63
57 97
21 87
52 82
16 64
45 63
15 78
4 45
0 25
33 73
20 52
67 95
1 59
22 24
65 71
7 87
46 93
28 31
40 92
26 33
8 44
27 58
31 48
43 67
15 20
71 99
4 35
60 86
13 59
77 98
40 57
23 99
31 38
17 20
26 68
9 22
12 87
13 26
3 34
58 71
25 60
9 90
6 27
57 78
62 79
48 84
27 90
21 45
20 51
8 80
92 95
18 25
67 94
15 36
19 23
44 69
5 6
48 64
33 41
34 73
76 95
22 87
44 98
77 83
2 87
4 76
33 56
11 24
76 90
9 74
16 98
64 77
50 78
15 75
63 67
67 87
52 61
24 54
5 90
57 74
35 45
20 92
65 87
5 78
69 73
2 45
25 81
0 86
28 63
67 91
21 27
43 74
25 72
4 27
11 92
37 65
24 50
2 27
15 55
92 97
78 90
34 69
47 86
9 43
24 82
15 54
20 22
37 53
32 70
42 58
81 96
4 65
18 32
0 23
28 89
24 43
2 37
61 95
4 21
66 85
9 13
69 98
50 57
50 74
6 55
15 17
88 91
10 79
81 93
72 99
7 76
2 63
37 60
66 67
10 34
13 78
6 59
32 81
59 63
7 85
27 35
32 84
85 94
32 39
45 90
9 42
14 73
6 45
37 99
35 36
61 66
42 50
34 79
24 36
55 91
43 63
1 5
12 36
5 59
9 39
6 74
26 62
21 42
24 76
23 60
2 42
55 67
15 51
21 37
31 81
58 76
15 82
30 38
63 76
6 76
21 71
86 99
37 47
16 38
10 74
45 65
35 42
20 42
69 83
42 91
5 97
38 64
1 13
18 84
4 42
6 12
25 86
81 86
60 96
2 46
68 79
12 85
5 40
35 67
9 27
61 94
46 72
33 79
31 88
11 12
57 91
3 8
30 49
12 92
22 55
50 59
20 27
59 69
14 56
78 94
73 83
39 74
6 88
34 77
24 75
19 60
1 98
33 57
0 47
8 73
15 40
35 75
20 45
8 26
18 38
4 71
20 90
12 50
7 45
67 92
12 15
1 57
16 83
27 65
26 73
63 87
6 24
13 22
74 88
14 79
33 69
26 59
21 63
16 89
10 80
55 94
64 84
90 92
76 82
12 75
56 78
43 59
27 50
22 95
40 43
10 83
66 78
7 58
10 98
47 93
20 61
28 74
3 64
36 92
1 34
35 94
29 73
2 4
1 44
76 94
3 80
13 63
48 70
5 56
48 96
54 92
47 71
43 97
28 91
10 57
24 42
9 67
43 92
52 85
54 76
27 91
38 96
33 44
5 69
7 82
90 94
1 73
55 66
35 66
29 56
60 72
12 52
9 45
75 92
31 60
22 94
68 74
79 83
67 82
48 77
32 60
57 69
8 16
20 87
7 12
54 67
67 78
42 65
50 76
37 81
24 40
2 71
46 96
59 96
7 27
29 79
21 46
70 81
15 97
10 14
1 83
42 43
46 65
17 24
88 89
5 9
55 56
52 78
69 80
35 51
19 37
11 35
23 25
15 67
13 97
25 53
13 40
19 81
82 92
49 98
42 95
8 74
17 35
28 49
26 44
12 43
57 90
18 31
66 76
21 76
50 92
90 95
6 78
23 81
73 98
8 49
63 74
45 50
2 88
81 89
2 9
7 20
13 69
26 56
24 51
24 27
16 32
5 10
13 67
7 54
27 95
1 33
17 92
3 62
74 90
8 77
12 55
23 65
28 32
45 95
6 57
66 90
12 17
78 91
22 35
22 66
69 79
16 34
2 76
45 91
49 77
12 63
19 46
26 43
24 35
12 51
41 79
7 42
22 78
15 61
76 85
6 28
51 92
3 48
93 99
30 84
28 46
24 97
5 22
3 49
59 90
24 45
41 73
7 95
87 90
46 88
25 46
22 92
40 50
18 96
24 91
63 65
4 12
1 39
3 68
37 71
19 47
39 63
6 87
35 58
35 61
27 43
65 99
26 91
20 55
2 23
39 48
0 37
8 79
58 63
15 90
33 62
33 68
8 59
30 98
52 55
14 26
76 91
87 95
46 53
57 59
50 88
1 91
16 31
18 93
12 91
65 86
50 97
31 59
24 85
9 96
18 89
84 89
59 89
31 70
9 76
14 44
72 81
77 80
0 99
21 23
20 50
12 78
65 76
20 78
13 24
18 19
43 76
18 46
10 13
55 95
70 89
2 86
39 91
79 98
36 67
13 56
9 21
59 68
49 64
42 94
5 63
38 81
50 94
5 33
62 74
40 90
78 95
49 59
52 67
6 20
60 89
2 22
10 29
60 70
36 76
22 88
37 58
11 67
10 59
13 88
30 89
49 84
2 28
43 94
31 84
15 85
5 67
21 88
30 32
55 74
42 88
26 50
22 58
31 46
15 43
8 39
1 80
21 22
23 71
28 81
43 45
25 37
88 90
26 34
21 86
5 24
41 56
27 94
20 43
0 60
49 88
90 97
40 52
62 77
45 82
40 94
9 87
15 22
82 87
30 83
28 60
26 79
22 82
6 92
22 59
71 87
1 43
27 88
7 36
42 82
4 67
15 50
49 83
27 82
42 66
22 54
45 94
50 66
40 66
67 75
43 88
18 48
38 39
67 85
16 84
32 88
5 92
26 98
50 95
43 66
16 68
13 92
7 67
25 70
4 22
53 60
39 81
29 44
57 92
75 76
45 54
3 44
14 57
12 58
68 77
42 54
58 67
11 76
26 55
48 98
24 87
6 94
22 74
12 61
39 69
1 79
24 61
21 99
54 87
27 54
1 9
2 6
4 20
43 56
16 62
13 42
13 28
85 87
35 52
28 50
10 56
26 29
27 66
0 46
1 28
76 92
42 55
49 68
6 95
7 75
26 83
26 97
24 63
46 99
9 12
45 88
4 85
14 69
50 87
19 99
16 39
9 55
47 65
32 64
46 47
1 50
55 63
33 97
11 78
45 66
43 95
49 70
60 88
61 92
52 97
81 88
70 96
94 97
7 21
8 89
69 91
35 90
38 77
1 49
55 76
39 46
15 76
63 96
24 57
18 86
81 84
6 39
39 60
1 88
7 65
2 67
9 65
64 70
32 46
9 57
65 88
21 67
66 97
2 99
71 86
87 91
6 26
21 28
38 60
0 81
45 85
34 49
33 74
52 90
6 66
91 92
13 33
54 90
89 98
59 62
58 99
16 96
6 21
9 31
40 91
82 90
85 92
87 94
26 80
22 57
74 98
26 40
5 88
22 65
13 39
4 82
74 96
17 67
39 68
33 80
30 31
7 22
15 35
5 68
6 40
7 71
22 28
12 13
11 55
30 34
7 51
39 98
91 97
4 95
57 68
74 78
1 6
8 30
8 33
13 27
26 78
49 81
27 85
64 89
28 90
52 76
51 67
46 58
14 62
28 43
27 55
17 76
9 58
7 17
41 44
8 48
43 69
4 63
9 26
40 67
51 76
46 89
10 41
33 40
28 42
16 80
20 91
56 92
48 81
42 85
42 92
22 52
20 63
53 71
22 36
49 74
49 62
49 69
7 94
29 57
46 63
59 98
6 97
2 91
84 96
6 15
18 49
57 67
66 87
77 89
2 60
55 59
53 81
7 61
67 88
11 22
21 35
42 59
23 58
37 88
13 68
14 68
12 21
4 54
7 11
3 38
33 34
28 48
9 46
7 66
27 28
9 24
26 90
9 89
54 78
74 89
1 14
44 77
2 90
45 71
35 92
5 28
2 7
3 89
59 67
30 70
18 72
11 90
54 55
56 69
6 58
26 39
67 74
36 78
34 74
76 78
50 56
42 78
2 12
36 42
48 83
5 42
21 47
57 73
37 96
91 94
3 69
36 45
13 76
28 37
1 56
67 97
22 40
31 74
22 85
29 69
45 55
43 87
32 59
18 23
8 31
27 36
27 92
65 72
56 74
39 50
73 74
13 45
28 69
28 65
36 90
6 35
50 69
64 98
78 82
35 65
15 42
43 52
55 82
1 89
65 67
9 69
36 87
57 63
44 74
22 75
74 83
13 15
21 90
71 72
36 55
5 8
5 39
87 88
5 12
5 15
0 18
75 78
27 59
65 93
74 97
57 62
60 84
10 91
50 52
10 43
28 45
21 91
14 97
2 96
2 47
20 40
35 63
18 37
15 57
58 88
14 80
40 95
28 38
8 28
2 93
76 88
58 86
46 71
2 35
25 47
63 78
7 24
91 95
40 74
9 78
5 62
8 13
58 90
49 60
53 65
6 65
13 94
27 71
91 96
16 69
22 97
20 58
11 42
69 88
45 92
29 62
31 98
1 16
56 73
12 40
39 62
66 91
32 77
21 60
16 70
86 96
63 95
26 41
1 3
2 81
5 14
39 43
15 27
42 75
1 55
55 75
60 65
42 74
1 90
2 72
31 64
2 50
8 57
27 78
12 65
45 75
2 39
1 96
15 91
8 96
18 39
68 89
11 27
1 63
75 90
5 27
11 45
27 75
31 63
61 76
11 40
35 50
3 73
26 88
48 60
6 69
17 78
37 63
13 20
75 87
26 28
33 83
21 93
25 32
83 89
1 31
50 54
10 39
21 72
47 58
5 94
29 68
50 82
34 59
64 83
59 83
3 10
29 97
15 45
4 90
45 59
13 66
13 62
39 83
9 49
34 48
61 67
42 52
47 60
2 59
20 97
14 40
3 79
63 94
69 89
33 55
95 97
5 73
3 32
6 82
51 78
16 44
6 54
4 6
17 22
56 91
15 56
11 87
18 28
1 29
69 77
29 80
28 67
33 78
56 90
30 96
10 50
12 97
77 84
9 20
31 77
21 50
39 90
59 78
42 71
93 96
32 98
5 76
44 57
8 88
37 87
45 78
33 98
22 51
33 43
43 54
17 55
30 68
38 98
4 36
30 62
8 32
27 74
85 90
26 63
48 88
5 66
11 50
2 53
28 68
27 52
34 39
43 82
58 91
23 96
6 52
21 53
3 31
71 76
30 39
6 96
58 95
86 88
24 56
28 86
10 97
5 45
30 80
48 59
11 97
4 94
65 90
48 68
4 24
11 43
63 92
31 37
96 98
60 99
13 95
22 39
14 34
4 37
21 96
5 20
25 96
25 84
51 55
55 69
7 90
71 93
57 94
45 52
68 91
57 88
63 89
37 45
34 89
41 57
17 90
17 42
16 28
4 99
21 81
24 74
9 37
16 59
65 91
17 45
63 66
1 77
28 58
1 97
10 49
29 40
42 51
45 51
35 43
17 27
62 89
19 70
7 63
25 99
36 50
17 87
27 37
50 58
4 9
65 81
28 87
25 31
1 78
51 87
10 55
12 57
46 70
5 29
8 14
8 91
27 51
51 90
31 68
41 69
3 39
23 88
31 86
41 62
9 32
87 92
31 69
4 66
27 46
55 87
4 75
69 96
38 88
35 71
70 93
45 46
59 76
21 39
31 91
39 70
41 80
35 55
33 59
28 76
57 66
5 44
28 98
44 59
18 53
58 82
23 28
7 52
6 56
10 40
69 90
9 10
46 59
2 43
58 85
74 80
1 40
22 26
36 43
34 64
20 21
8 9
12 88
39 77
45 74
35 91
15 87
10 16
49 80
68 88
69 97
36 40
13 14
48 62
21 59
39 84
6 11
13 73
9 60
39 42
8 38
42 57
31 93
46 87
42 46
32 93
6 10
37 39
26 49
5 95
25 38
73 77
37 42
28 57
57 79
8 64
13 87
46 49
9 92
10 77
56 79
6 36
9 95
55 88
31 83
40 54
68 96
14 74
18 88
2 31
3 84
39 57
38 46
9 81
89 91
63 69
59 73
40 75
65 96
50 75
9 94
56 68
52 87
47 81
10 28
9 68
2 20
6 7
41 68
32 86
43 68
74 79
54 58
1 48
77 79
24 59
27 39
60 63
35 78
9 35
50 65
32 74
33 50
40 69
13 96
44 56
1 22
29 34
10 78
13 52
69 78
24 58
32 37
21 43
12 59
43 75
74 76
33 91
12 74
4 50
40 82
16 74
4 11
64 96
63 82
4 51
14 83
74 92
5 52
44 49
10 88
41 97
59 97
52 91
15 63
4 17
55 85
20 57
17 40
23 31
78 85
40 59
7 15
18 64
38 83
9 40
28 62
13 44
61 87
54 63
36 97
56 62
6 75
52 57
77 96
61 78
22 61
63 81
59 81
59 87
48 69
54 91
82 91
1 32
32 83
58 72
27 57
81 99
4 91
31 62
50 96
5 98
20 65
49 91
28 93
16 18
56 59
39 65
45 61
31 34
9 97
9 66
54 97
25 89
3 96
40 42
8 29
62 91
38 59
1 41
40 76
49 63
40 51
50 68
34 57
39 45
78 87
6 31
88 98
26 67
40 63
75 97
18 30
5 34
53 58
37 89
10 90
42 61
8 43
63 71
16 88
13 98
21 95
27 61
6 85
43 58
59 60
50 85
88 93
57 76
17 50
2 13
63 86
14 78
57 95
23 63
28 70
19 65
58 93
32 68
83 96
0 71
19 96
16 73
6 46
39 86
2 74
87 99
26 89
13 29
4 61
58 94
57 98
4 23
48 74
4 46
26 92
10 89
63 97
28 55
82 97
7 92
55 61
59 65
14 55
3 26
86 89
19 32
24 26
5 79
50 51
39 67
2 19
59 80
17 43
46 91
14 98
23 32
23 87
72 96
7 50
24 88
32 63
21 24
40 41
4 88
2 24
56 94
39 64
70 86
2 95
42 97
17 97
62 96
26 96
52 56
13 34
46 48
8 50
61 90
42 96
62 88
21 31
30 44
3 59
4 47
6 68
58 60
30 69
5 87
29 74
76 97
6 89
89 93
0 65
22 96
28 83
5 83
12 28
9 15
43 51
43 96
56 66
2 89
45 57
13 31
34 41
5 96
11 91
29 83
56 67
1 30
13 89
13 49
43 62
3 74
27 40
16 26
27 96
22 56
57 83
6 8
90 96
6 17
32 69
32 34
43 85
51 97
9 86
58 66
48 80
22 46
39 44
34 38
70 77
16 81
19 21
37 76
9 62
26 31
1 67
5 41
34 96
19 31
23 45
4 43
78 88
43 65
36 91
28 84
13 21
28 34
19 71
23 39
6 51
86 87
65 95
9 23
13 83
22 69
13 54
57 80
29 78
7 9
36 58
21 82
23 27
10 63
14 43
59 92
16 79
4 86
74 87
64 80
58 59
46 84
11 13
13 82
6 33
64 68
45 96
62 64
0 2
36 63
8 56
59 77
46 76
32 62
38 68
27 97
10 31
28 30
63 85
52 63
22 71
60 71
33 90
10 96
21 74
29 55
31 65
45 86
23 89
9 98
39 93
40 45
39 80
7 91
91 98
5 49
70 72
13 35
50 62
8 63
2 32
0 70
11 63
49 73
73 97
0 21
31 50
22 37
12 71
2 25
27 86
9 82
31 72
13 79
6 49
4 52
21 54
21 85
5 11
8 41
39 55
58 96
25 28
5 80
9 48
38 93
45 99
29 98
15 74
7 43
75 91
20 74
24 65
23 42
74 94
26 77
9 54
39 76
59 79
74 77
39 58
5 89
32 72
39 87
6 37
20 88
23 70
55 68
70 88
2 82
9 56
5 54
58 81
83 88
80 89
63 68
25 48
5 31
32 91
21 94
4 15
26 42
37 59
30 59
58 75
28 72
84 98
25 65
40 61
43 73
2 5
67 71
13 36
3 28
65 82
72 88
1 38
1 42
50 89
37 70
20 59
30 81
5 82
4 92
41 83
3 70
39 73
63 75
45 97
24 28
42 86
38 62
34 88
2 94
10 48
19 84
4 28
21 89
13 58
68 90
84 93
46 74
2 18
6 62
65 85
73 91
68 97
27 99
2 54
28 77
44 89
11 57
85 91
31 43
28 78
9 71
44 48
40 73
47 87
71 88
1 24
16 60
10 30
25 39
66 74
21 25
37 91
14 59
50 61
25 88
38 74
11 58
54 65
13 80
2 55
2 85
7 55
64 81
33 92
19 38
29 43
21 66
5 36
19 89
40 85
34 91
38 86
46 90
13 65
13 75
10 22
67 69
43 89
15 26
12 56
44 91
35 88
59 94
9 33
49 50
8 90
38 69
74 95
18 47
9 38
46 50
13 41
7 99
31 90
22 31
87 96
14 50
9 52
17 91
35 40
53 96
5 35
43 61
26 27
84 88
40 68
2 66
46 67
1 27
31 42
5 21
20 56
61 97
25 49
83 91
4 55
67 96
19 28
43 44
63 93
21 55
55 58
54 57
1 92
12 26
34 56
65 74
71 81
56 80
56 63
21 32
41 74
56 95
18 59
68 78
51 91
51 58
27 60
17 58
9 16
43 49
42 99
65 94
6 61
0 96
7 37
14 91
8 55
27 31
88 95
55 73
65 89
9 83
9 34
5 75
57 87
55 62
50 73
59 95
60 91
45 60
26 48
43 98
30 88
62 97
42 60
41 98
57 82
37 38
6 32
30 74
74 81
17 63
37 49
57 96
37 67
30 73
15 59
9 36
8 84
49 79
81 91
7 78
88 92
9 93
9 11
19 88
9 18
41 78
89 90
59 66
33 39
49 57
2 49
72 89
18 21
51 63
36 57
58 74
88 94
28 44
58 92
85 97
12 39
76 96
31 80
6 60
0 32
3 33
63 99
10 32
13 17
26 32
28 71
18 65
83 84
40 88
3 88
21 36
35 97
4 13
60 74
6 71
39 78
22 89
40 87
30 60
23 76
62 63
31 45
44 97
28 64
60 87
50 98
45 47
20 28
65 66
20 71
49 86
19 58
11 56
26 45
88 97
73 78
31 44
1 45
9 85
26 94
24 69
32 65
18 99
41 55
34 43
15 58
62 90
88 99
6 81
84 86
40 62
26 76
6 98
37 90
4 53
13 51
44 64
13 32
42 69
71 85
79 97
23 38
49 93
7 88
27 81
39 72
30 79
10 67
57 75
44 50
0 31
53 88
24 33
77 88
4 72
5 58
0 58
59 86
42 89
48 63
64 69
53 70
42 81
5 17
25 71
28 53
76 99
29 59
57 89
8 97
9 75
69 92
58 61
31 58
1 64
4 78
45 81
13 85
48 93
56 83
73 89
63 72
31 53
29 50
52 58
1 12
76 86
43 46
60 64
4 59
27 47
66 88
56 98
2 36
10 92
18 77
19 39
44 88
9 44
70 98
63 98
62 78
38 80
26 66
87 97
43 83
27 89
2 78
31 57
13 46
48 91
49 90
1 76
28 73
5 51
9 73
24 39
40 44
32 53
2 92
72 87
37 50
10 24
18 63
21 75
71 90
22 33
32 80
21 92
8 78
22 68
44 96
87 93
28 80
42 56
36 65
34 50
5 65
39 79
55 65
6 73
52 74
22 23
58 78
28 99
23 59
26 30
29 91
8 40
28 35
12 37
35 37
80 96
35 59
33 88
59 84
59 70
44 55
48 86
13 16
28 33
4 93
20 26
47 88
16 91
21 78
71 82
71 95
6 86
48 73
33 63
40 79
27 69
8 22
11 21
12 46
6 23
17 57
15 33
22 86
38 72
35 57
7 13
81 87
38 63
28 40
45 93
14 92
14 90
23 49
22 60
43 79
1 2
53 87
28 97
37 48
6 14
96 99
9 72
32 50
59 64
50 83
45 89
34 84
73 88
27 93
28 92
42 47
21 49
6 34
47 63
47 96
2 57
28 95
6 44
5 16
5 32
22 49
5 85
2 75
45 72
41 43
51 57
31 67
56 88
15 88
16 46
7 46
61 91
79 91
80 91
15 21
37 84
7 47
33 67
33 49
56 76
8 70
3 18
86 91
28 47
8 81
33 77
32 44
31 87
72 84
35 74
2 11
23 84
9 17
2 15
28 94
7 23
9 99
6 83
10 38
65 75
4 5
1 15
61 63
71 91
54 71
37 74
27 72
23 91
4 60
19 48
36 56
0 28
13 48
42 93
0 84
22 81
27 56
9 51
26 95
55 96
1 81
44 78
54 56
73 90
31 73
80 88
16 33
77 81
53 63
39 97
17 21
64 88
1 46
21 51
32 43
25 58
0 88
45 69
71 96
56 75
39 40
29 92
0 89
26 52
10 42
39 56
82 88
4 39
35 99
11 65
16 63
3 5
58 89
81 98
38 44
45 53
54 74
3 14
28 56
3 13
7 28
19 49
12 96
0 38
65 92
55 79
12 69
74 82
21 57
43 80
68 84
31 76
38 91
10 64
54 88
42 49
50 60
42 72
90 98
23 48
4 74
52 59
56 82
1 94
60 76
35 46
59 93
67 89
21 52
34 63
73 96
63 83
53 89
3 9
50 71
28 66
37 43
26 38
32 42
50 79
49 65
2 38
13 61
4 96
22 32
18 98
70 83
32 90
1 21
27 53
48 79
6 48
67 68
50 81
1 60
5 46
79 89
29 90
47 76
17 56
60 90
5 48
59 82
9 80
3 81
69 76
22 62
23 67
54 59
2 26
7 86
5 7
2 17
8 60
65 78
2 52
39 53
8 18
1 87
11 74
27 32
2 51
9 70
1 20
44 90
45 56
16 57
26 87
27 49
6 29
3 57
78 79
57 85
55 98
9 25
15 65
17 65
51 65
18 74
15 69
34 55
20 39
64 74
67 86
9 47
41 59
2 48
51 56
22 99
1 66
62 84
9 14
8 67
81 90
10 27
19 63
5 61
9 30
9 53
87 89
10 15
25 63
9 77
34 97
13 81
4 81
41 50
64 73
13 37
31 47
13 60
32 58
14 24
50 80
42 53
32 45
15 28
34 90
31 99
3 91
2 69
23 90
24 71
6 16
49 72
76 81
36 74
57 58
7 59
39 92
1 84
9 19
14 15
21 61
86 90
13 77
63 73
44 63
2 70
60 98
5 77
69 81
28 79
60 67
8 46
7 40
39 71
33 94
45 49
0 39
3 29
30 46
76 89
33 89
10 12
8 42
31 55
60 77
42 68
52 65
23 35
18 58
41 91
9 84
43 60
83 90
11 59
48 72
55 83
14 39
1 95
9 79
52 88
64 79
32 73
34 40
68 81
36 71
57 61
97 98
71 94
69 94
49 67
80 97
55 89
48 50
21 26
50 86
43 81
33 66
34 70
74 84
23 50
25 64
46 69
32 57
38 53
9 61
6 79
39 99
12 23
13 38
6 38
16 50
24 96
78 96
24 68
16 43
69 84
57 65
14 77
36 59
10 45
36 88
49 55
74 75
32 47
74 86
21 38
18 91
6 80
16 25
6 93
76 93
20 37
31 79
67 81
61 65
28 82
85 88
79 88
83 97
67 99
3 60
34 78
2 61
68 70
1 65
77 91
11 88
15 29
70 74
43 71
60 69
43 48
39 94
57 77
33 96
1 18
59 71
39 95
78 98
25 59
10 76
33 52
28 54
7 97
72 76
53 84
62 67
12 33
24 29
8 27
91 93
22 98
66 71
40 98
63 70
25 30
68 92
81 83
41 92
20 69
10 94
35 39
39 47
22 93
20 46
4 57
18 71
66 69
2 40
35 86
27 68
4 40
6 99
32 99
12 86
12 99
14 22
31 71
7 74
1 70
31 33
55 80
71 75
33 42
23 74
40 80
59 72
26 64
48 57
35 47
21 48
46 64
12 31
21 69
18 83
9 29
11 26
38 73
19 87
69 87
0 4
4 19
32 87
80 84
40 83
60 68
59 75
38 65
3 41
79 96
5 81
40 58
0 63
26 46
22 73
47 70
21 70
24 46
1 52
2 8
46 98
75 88
21 40
22 47
6 18
2 97
79 90
1 58
5 60
14 16
10 66
32 67
5 38
53 76
7 57
8 24
26 54
49 58
78 83
14 67
39 66
30 91
19 45
14 63
4 31
14 88
17 74
13 30
62 70
14 28
5 37
74 85
18 68
14 49
56 61
65 70
46 68
47 89
4 97
0 48
59 85
26 82
41 90
19 27
8 45
22 72
89 99
62 81
56 87
29 77
0 87
69 95
7 53
73 92
34 81
20 33
46 55
45 68
10 20
26 81
6 72
24 37
3 63
51 74
15 39
29 39
69 70
0 9
49 87
21 97
42 62
58 97
6 41
35 56
49 76
48 90
43 86
51 71
22 44
11 71
37 95
38 50
78 80
48 65
3 43
5 30
23 43
26 65
20 96
27 33
63 80
0 49
22 34
7 72
24 62
28 52
17 71
18 69
63 84
12 89
32 76
80 90
60 83
31 78
18 27
3 6
32 79
30 33
19 59
91 99
26 58
26 36
8 92
56 85
19 42
33 48
18 42
1 37
62 92
2 68
46 57
30 63
12 60
18 34
46 95
3 50
2 10
9 64
22 83
33 95
26 35
7 39
78 89
2 84
22 29
72 91
18 45
26 60
17 59
90 99
13 86
16 90
49 78
70 99
49 53
0 45
12 68
28 36
63 77
22 48
35 96
49 56
6 47
33 76
67 73
24 73
52 69
38 43
24 31
17 88
14 94
16 93
68 76
61 71
16 37
74 93
11 28
28 85
47 67
38 79
10 95
51 59
13 23
25 45
0 27
8 76
65 69
25 87
25 27
27 62
10 52
51 88
26 75
16 86
67 98
60 62
13 71
7 93
67 93
8 21
96 97
29 67
40 96
71 89
18 62
16 29
22 53
46 77
63 79
14 66
15 41
48 53
14 52
10 81
2 16
59 99
32 71
8 12
90 93
33 45
40 65
6 77
34 60
12 81
42 48
42 98
41 77
25 42
10 84
44 84
43 77
12 47
29 63
70 91
18 87
10 87
53 59
56 96
3 46
4 89
29 49
24 89
50 93
29 88
24 41
37 82
1 35
7 96
28 29
15 68
0 42
30 57
28 75
7 60
10 46
6 53
50 77
46 62
18 22
38 90
1 54
95 96
92 96
44 67
37 55
27 48
4 25
3 56
58 69
20 23
67 72
20 99
32 33
32 55
1 11
1 82
65 97
46 83
22 38
71 74
13 18
18 50
44 92
29 94
50 99
10 21
56 89
38 57
16 22
47 91
39 82
12 49
21 68
6 30
37 85
84 91
38 42
17 26
2 98
49 97
45 62
30 93
10 60
46 94
29 52
37 54
94 96
9 41
39 54
14 89
37 94
27 98
21 84
34 67
55 71
29 66
64 93
47 59
27 38
46 78
40 49
70 80
11 33
24 44
35 60
16 23
26 51
26 84
25 91
53 91
20 86
12 14
46 82
31 56
45 48
72 90
16 19
1 4
71 92
2 62
89 97
38 47
61 74
37 69
68 94
1 86
8 37
24 49
12 62
31 97
52 71
35 72
67 83
47 90
8 87
6 25
15 71
4 26
34 46
15 73
57 81
40 89
31 40
18 90
39 41
22 79
8 65
35 53
65 84
20 31
1 36
6 19
5 86
30 86
6 70
39 52
12 93
38 58
62 76
68 87
30 50
4 32
57 60
19 76
85 99
53 67
38 45
19 64
46 54
46 66
16 56
19 91
30 43
37 66
3 90
12 32
16 41
79 92
66 96
35 93
25 74
17 28
16 21
42 73
50 72
34 42
18 26
30 37
5 23
64 91
8 15
7 81
26 37
22 80
20 68
16 55
10 70
95 99
18 43
15 62
14 96
45 98
0 59
19 30
14 42
5 71
2 56
28 51
42 83
72 74
61 88
12 72
38 99
19 22
66 68
43 93
14 20
14 31
23 95
37 57
1 23
48 58
26 85
59 61
24 98
48 67
23 24
63 64
11 69
14 30
16 42
54 69
46 85
13 64
64 86
22 41
1 75
31 35
42 44
13 93
10 18
82 99
5 18
26 70
56 77
47 84
35 69
69 82
35 81
4 18
55 60
14 95
18 76
6 84
8 94
47 49
33 54
58 70
22 25
21 98
46 92
24 86
65 68
49 99
47 50
10 65
20 89
25 77
41 49
12 29
0 76
11 39
15 96
36 39
31 92
43 99
55 81
24 34
8 20
10 11
53 90
27 34
48 55
86 95
29 89
41 67
33 36
5 64
24 79
37 78
44 70
12 53
33 38
13 84
71 78
16 27
21 56
24 60
77 90
13 70
8 86
27 73
27 83
21 62
33 82
14 48
67 79
20 60
32 78
3 55
68 95
37 64
25 76
92 98
33 87
54 99
23 30
8 58
7 26
34 92
62 94
31 95
16 65
80 81
12 73
73 84
2 83
14 27
18 67
16 72
37 68
37 98
10 58
10 54
20 47
41 63
89 92
33 64
4 49
28 41
36 69
41 88
36 37
48 87
8 66
39 85
1 93
7 31
33 75
76 98
41 52
2 30
27 44
16 67
44 81
20 29
41 94
19 74
31 94
38 67
24 83
38 87
2 34
1 17
10 82
37 92
23 82
73 94
82 96
69 86
15 44
24 81
50 53
14 76
24 32
18 80
56 58
49 71
4 69
84 99
24 99
0 6
7 56
29 42
39 75
0 22
41 66
3 25
3 22
1 7
43 72
48 76
16 45
29 95
54 96
23 85
12 98
62 87
35 89
29 30
74 99
58 68
67 80
50 70
11 14
42 70
62 66
47 48
1 51
26 61
20 62
34 45
49 92
0 7
8 25
23 64
30 90
27 70
29 96
20 81
8 95
8 23
16 78
45 83
7 19
69 75
10 36
52 68
4 56
29 31
45 73
83 92
1 85
36 46
8 93
66 73
23 55
15 46
5 84
23 54
0 91
17 33
10 35
55 86
2 33
70 71
25 98
89 95
65 98
6 64
14 45
73 76
37 75
89 94
12 44
19 67
20 49
82 86
3 97
48 99
13 72
31 66
23 69
28 61
45 70
5 70
86 98
23 94
25 50
13 99
19 90
53 74
38 76
16 97
50 84
55 77
44 45
57 64
5 93
26 86
25 90
30 72
33 51
1 25
22 70
60 80
15 79
47 85
18 44
11 37
15 37
47 95
44 60
60 95
43 47
19 50
79 84
10 37
22 77
10 75
85 86
3 78
62 65
29 48
64 72
32 56
87 98
80 92
94 99
48 56
27 29
11 29
43 70
56 65
54 86
40 46
14 32
86 94
21 83
34 76
62 95
16 40
12 34
3 40
68 86
24 80
2 3
60 78
44 76
7 89
20 73
25 67
48 78
15 31
70 90
11 46
17 39
46 75
47 74
38 71
93 98
23 26
17 69
38 55
22 30
29 76
47 82
76 83
52 73
23 66
42 80
66 89
2 77
21 34
0 16
21 30
46 97
37 62
37 77
78 81
33 35
77 93
43 84
44 46
32 97
44 94
57 86
20 93
39 51
42 79
50 64
69 93
32 40
41 89
21 33
73 81
52 96
12 83
77 86
36 99
58 84
51 69
8 52
66 99
43 53
23 98
49 94
43 64
3 37
57 71
20 32
70 87
20 72
13 25
2 64
30 41
23 57
81 95
18 57
12 41
52 62
15 89
2 44
70 73
14 54
17 37
42 84
85 96
0 64
37 51
37 83
14 36
10 17
66 86
0 67
36 96
46 52
49 95
16 76
73 95
3 42
47 54
44 66
46 80
37 52
27 84
15 98
22 84
23 68
4 10
29 45
7 69
16 58
3 93
84 90
69 85
0 30
3 86
15 34
25 43
12 48
60 94
58 62
11 96
77 97
24 47
13 47
32 35
1 72
2 73
58 98
10 51
14 75
16 87
14 82
12 19
3 67
27 80
35 49
12 18
19 35
20 53
20 41
31 82
77 78
0 90
25 69
16 53
30 56
68 93
0 74
13 53
1 71
75 99
30 65
49 66
27 79
23 78
19 43
14 64
30 42
48 97
20 44
15 49
45 84
34 37
24 93
13 19
31 54
1 61
78 86
94 98
60 73
23 36
48 71
17 46
25 68
41 95
5 72
0 35
7 25
65 83
46 51
3 27
12 79
35 68
46 73
42 77
40 77
57 84
20 98
30 55
41 96
31 41
5 99
25 83
54 68
40 48
11 68
41 42
75 96
34 87
32 92
26 93
14 17
0 50
79 94
29 36
29 32
1 19
3 21
81 94
33 85
7 32
29 54
83 87
19 77
14 38
68 82
4 8
23 77
15 83
24 48
60 66
93 95
62 86
83 86
60 82
37 40
10 86
8 35
34 65
8 19
27 30
41 48
18 73
23 92
34 94
21 77
12 38
33 46
72 95
10 85
73 87
33 58
33 61
60 92
32 95
29 75
16 24
4 38
67 77
57 70
55 99
37 61
14 51
24 72
4 68
66 98
45 80
44 52
21 44
0 12
8 72
36 86
11 99
12 25
66 79
14 87
27 77
29 82
86 92
54 60
12 16
44 95
67 70
3 23
33 65
37 97
40 71
70 76
47 94
11 41
21 64
82 89
4 48
38 78
32 94
64 90
70 79
23 75
2 80
44 87
45 79
46 56
51 99
20 34
3 45
5 25
33 81
55 93
21 73
54 89
17 99
8 54
19 98
