100 3483 635.0787352761861 dense
0 879 853
1 408 449
2 673 868
3 572 209
4 526 456
5 128 619
6 700 599
7 641 961
8 892 641
9 548 916
10 702 321
11 392 996
12 570 208
13 729 337
14 297 399
15 979 934
16 478 731
17 482 90
18 370 93
19 323 496
20 845 830
21 14 92
22 178 94
23 426 764
24 17 852
25 673 717
26 620 707
27 564 375
28 428 420
29 273 850
30 506 719
31 662 189
32 454 234
33 247 845
34 196 865
35 364 538
36 611 170
37 352 520
38 538 312
39 89 741
40 809 671
41 202 457
42 528 646
43 117 272
44 460 811
45 7 679
46 98 840
47 137 260
48 504 468
49 126 475
50 224 62
51 60 492
52 743 677
53 995 328
54 457 588
55 982 288
56 332 407
57 885 427
58 605 746
59 117 680
60 644 97
61 102 612
62 510 213
63 206 129
64 763 122
65 578 575
66 997 401
67 171 609
68 147 477
69 113 679
70 941 442
71 140 825
72 206 333
73 984 391
74 1000 515
75 838 947
76 634 428
77 38 153
78 85 235
79 312 290
80 748 669
81 534 42
82 108 632
83 70 27
84 588 611
85 938 944
86 475 327
87 838 907
88 203 284
89 158 95
90 678 582
91 590 836
92 122 659
93 70 788
94 702 853
95 959 438
96 681 177
97 229 204
98 644 740
99 335 939
3 12
59 69
52 80
66 73
70 95
22 89
61 82
49 68
59 92
35 37
69 92
31 96
43 47
5 82
4 48
29 33
5 61
6 90
82 92
16 30
10 13
2 94
1 28
14 56
25 98
65 84
19 37
58 98
75 87
5 92
26 98
0 20
26 58
53 55
15 85
5 67
46 71
22 63
69 82
59 82
43 78
72 88
39 93
61 92
66 95
73 95
25 26
31 36
33 34
3 36
12 36
22 50
47 78
57 70
23 44
41 68
19 35
63 89
46 93
32 62
12 62
40 80
16 23
5 69
5 59
3 62
53 73
38 86
21 77
40 52
39 69
70 73
67 82
39 59
0 87
61 69
27 38
49 51
34 71
61 67
50 63
66 70
42 84
59 61
67 92
47 88
36 96
17 81
53 66
50 89
25 58
57 95
30 42
20 87
41 49
29 34
63 97
71 93
36 60
11 99
25 52
24 46
16 44
24 93
88 97
6 80
21 83
1 56
43 88
42 65
74 95
27 76
60 96
8 40
51 68
39 92
2 91
25 80
6 52
59 67
19 56
4 27
28 48
9 91
1 37
67 69
58 91
42 54
23 30
3 31
31 60
70 74
12 31
77 78
84 90
32 86
28 56
1 19
1 48
39 71
2 7
16 42
64 96
1 35
39 46
75 85
65 90
14 19
47 72
27 86
34 46
26 84
0 75
30 58
39 45
30 44
38 62
55 73
7 9
28 86
4 28
57 73
35 54
45 69
85 87
47 97
43 72
0 85
3 38
29 99
12 38
33 71
79 88
36 62
45 59
14 79
91 98
26 42
39 82
27 48
83 89
14 41
45 82
4 76
80 90
17 18
14 72
6 84
91 94
3 96
55 66
66 74
72 79
26 30
32 38
37 56
57 66
52 90
12 96
53 95
45 61
45 92
69 93
20 75
52 98
59 93
1 4
56 79
12 32
62 86
79 97
3 32
6 25
31 64
22 97
60 64
54 65
1 14
60 81
7 94
41 72
6 65
73 74
37 54
28 37
45 93
80 98
24 71
53 70
17 62
42 58
26 52
10 76
94 98
22 83
19 41
51 61
78 88
16 58
5 39
0 15
33 99
48 54
19 28
39 61
4 65
77 83
89 97
48 65
6 40
43 97
72 97
2 98
13 76
24 39
44 91
26 91
14 28
14 37
54 84
3 60
77 89
12 60
26 80
2 9
67 68
28 35
6 26
35 56
7 91
5 45
25 90
29 71
30 84
25 84
48 76
58 84
9 44
26 90
10 31
26 65
4 86
25 94
49 61
92 93
1 86
41 56
30 98
2 58
30 54
84 98
49 67
15 75
50 97
61 68
43 77
27 28
5 68
15 87
25 40
48 86
16 26
5 49
21 89
30 91
5 51
58 94
4 38
16 54
57 74
20 94
25 91
10 96
47 77
56 72
41 51
87 94
17 32
8 80
59 71
20 85
12 17
78 97
1 54
34 93
53 57
51 82
47 63
10 27
69 71
14 88
4 54
33 46
3 17
18 50
42 98
36 81
38 76
2 25
6 98
55 95
17 36
22 77
12 86
32 79
3 86
8 52
16 91
31 62
28 38
52 58
14 35
63 88
41 67
39 67
68 72
72 78
23 42
35 48
65 76
34 99
78 89
50 83
49 82
40 90
44 58
55 70
36 64
21 78
38 48
36 38
68 82
76 90
82 93
37 48
63 78
30 65
46 59
51 67
25 42
90 98
46 69
17 60
58 80
13 31
19 54
37 41
16 84
49 72
20 40
42 90
34 39
56 86
21 22
18 32
10 38
75 94
48 84
8 74
3 27
16 98
47 89
9 94
4 84
71 92
25 30
13 96
12 27
79 86
26 94
18 63
43 63
52 84
22 78
14 68
13 27
2 26
55 57
32 36
2 87
15 20
63 77
12 81
63 83
80 84
28 54
27 62
25 65
22 47
3 81
3 10
18 81
1 27
62 81
41 88
58 65
24 45
10 12
28 79
31 38
62 96
6 58
29 46
9 11
23 29
2 20
10 36
0 94
19 68
60 62
47 79
65 98
5 41
51 92
56 88
6 42
45 67
42 44
5 93
23 54
27 32
40 98
61 93
44 99
23 91
9 58
18 97
24 34
58 90
42 48
23 58
13 57
52 94
35 41
4 35
43 89
48 56
46 92
2 75
19 48
6 76
68 92
20 52
49 92
18 62
41 61
45 46
16 65
4 37
1 79
33 93
53 74
14 49
28 32
20 80
22 43
11 29
76 86
76 84
1 38
33 39
19 67
80 94
4 42
26 44
29 44
22 88
18 22
14 86
26 40
13 38
63 79
52 65
65 80
88 89
45 51
51 69
8 20
9 23
31 81
0 40
16 25
21 63
71 82
43 79
35 42
51 59
23 33
6 8
38 96
11 44
44 98
23 99
4 90
45 71
7 75
77 97
9 16
56 68
24 69
19 49
41 82
24 59
81 96
42 91
41 79
4 56
9 98
27 65
19 72
68 88
34 59
9 30
37 67
26 54
23 26
3 13
43 49
2 52
41 43
34 69
63 72
7 87
49 69
13 36
12 13
68 69
8 70
49 59
59 68
18 79
17 31
67 93
35 67
20 25
49 88
1 41
28 76
19 79
5 71
14 97
0 2
4 19
50 77
43 68
21 43
41 47
36 86
32 81
48 90
10 64
21 47
46 82
78 83
11 33
37 68
3 64
33 59
27 31
27 36
77 88
40 94
12 64
10 57
1 65
32 56
14 47
18 89
21 50
29 93
0 8
62 79
2 80
31 32
33 69
8 95
29 39
8 57
9 99
47 49
33 44
28 65
51 72
47 50
61 71
37 42
54 58
49 56
35 65
17 96
42 52
47 68
41 92
40 58
13 64
7 58
14 48
67 71
34 92
23 98
24 92
1 32
30 90
54 56
20 98
10 62
14 43
2 44
52 91
7 98
9 26
54 90
42 80
4 10
50 78
8 90
0 52
28 62
23 84
50 88
44 54
5 46
2 30
33 92
16 35
84 91
4 6
35 68
0 80
71 99
38 56
1 76
32 97
38 79
10 86
43 51
19 86
3 76
56 97
55 74
14 32
46 61
6 30
37 86
17 38
40 84
28 41
12 76
80 91
27 96
30 35
24 33
37 49
5 19
1 42
12 18
29 59
10 60
8 25
31 86
37 65
25 44
3 18
1 72
4 32
37 79
78 79
32 96
29 69
27 56
32 60
23 35
11 23
9 25
7 44
4 13
35 84
43 50
11 34
6 48
4 14
45 49
27 90
13 70
16 29
17 86
27 84
37 72
22 79
30 94
44 84
40 87
83 97
24 82
2 16
27 54
35 86
28 72
54 76
41 59
41 69
32 48
2 40
38 60
22 72
31 76
30 52
54 98
1 84
46 67
42 76
21 97
7 20
47 83
23 65
64 81
72 89
6 54
49 78
29 92
4 62
19 88
47 56
50 79
47 51
14 67
5 37
44 94
16 37
45 68
7 25
35 49
72 77
10 48
40 74
0 25
30 80
28 42
14 54
33 67
62 76
79 89
52 87
34 82
28 84
68 79
16 90
43 83
5 35
19 61
68 78
40 65
13 90
39 51
41 78
57 76
30 48
23 34
13 95
3 4
23 25
7 11
25 54
30 37
25 87
13 62
4 12
51 88
16 99
6 57
37 84
85 94
18 36
35 79
18 88
43 56
6 94
19 42
13 86
20 58
33 82
19 82
41 97
80 87
11 91
14 51
13 60
24 61
86 96
7 26
23 37
16 94
48 62
20 91
12 28
5 34
76 96
5 33
3 28
40 57
32 88
87 98
24 29
14 38
20 26
18 86
27 37
46 99
1 62
34 67
16 33
13 55
87 91
27 35
5 24
51 78
6 16
56 67
57 90
19 92
35 72
36 76
17 50
13 48
13 73
0 98
65 91
6 91
0 7
54 86
29 67
48 79
8 66
6 27
10 90
49 79
17 79
1 68
10 32
28 88
19 51
1 88
56 62
6 13
4 30
44 65
16 48
40 70
32 76
2 42
34 45
26 48
27 79
38 65
13 53
37 61
8 73
76 80
19 65
32 72
8 98
29 30
84 94
3 48
10 70
2 23
4 26
14 78
14 27
12 48
37 82
65 86
39 49
37 92
90 91
62 64
72 86
32 63
21 88
34 44
19 27
34 61
38 81
39 68
2 6
42 94
16 52
35 92
2 84
12 79
9 42
4 79
8 87
50 72
75 91
52 76
90 94
35 61
3 79
35 82
6 20
5 29
27 42
29 82
18 60
40 91
33 61
55 64
91 99
86 97
86 88
13 66
2 85
18 38
19 59
16 80
7 30
40 95
5 14
17 97
40 75
6 10
57 80
67 72
19 69
11 16
30 99
17 63
37 38
37 88
4 16
26 76
8 26
62 97
54 91
16 19
13 65
7 16
10 55
40 42
10 95
10 65
14 62
9 29
17 64
19 38
25 75
1 49
58 87
75 98
37 59
8 94
35 59
14 63
51 56
68 97
35 38
60 86
1 67
2 90
52 75
18 47
41 54
28 68
54 67
37 69
19 23
32 50
1 30
52 57
6 70
38 54
24 67
35 69
30 33
19 30
15 94
14 61
19 84
27 60
83 88
35 44
0 91
49 97
23 94
9 87
1 12
1 16
10 73
1 3
18 72
81 86
10 28
35 76
7 23
25 76
9 75
33 45
75 80
23 71
19 32
29 61
10 53
37 51
13 32
28 97
0 58
5 56
38 64
74 80
41 45
48 58
26 87
51 93
5 72
17 27
37 76
0 26
7 85
61 72
56 65
28 90
70 90
70 80
4 36
23 67
20 90
40 76
52 54
11 30
4 25
4 31
14 82
19 47
4 58
35 88
25 48
1 90
56 78
7 52
40 85
54 80
41 48
41 86
56 76
38 84
1 97
32 37
52 74
17 22
38 90
19 43
65 94
11 71
6 95
93 99
56 63
8 84
8 58
8 15
39 41
10 66
84 86
48 98
23 48
77 79
8 85
26 35
19 97
30 40
7 99
28 49
18 83
52 70
70 76
18 31
35 51
4 98
9 84
4 80
58 75
2 65
56 61
21 72
13 84
9 52
2 11
28 30
42 56
9 20
9 33
22 32
4 52
28 36
18 43
12 56
53 64
37 44
50 81
8 75
0 6
23 90
7 80
3 56
6 74
10 84
76 98
16 34
13 28
80 95
2 15
44 52
15 40
14 92
14 18
72 82
16 28
62 88
62 63
2 8
1 23
90 95
39 99
48 80
44 90
29 45
18 56
36 48
32 35
35 90
29 91
56 82
48 52
9 80
30 76
49 93
32 47
35 58
19 76
18 78
10 17
28 67
4 96
58 76
6 23
29 54
23 59
6 44
44 71
68 93
31 48
1 10
55 96
8 65
44 80
23 92
27 64
52 95
18 96
36 79
57 96
51 79
42 86
50 62
4 23
4 41
17 89
26 75
13 74
23 69
29 35
76 95
27 57
6 28
10 81
86 90
31 57
29 42
67 88
26 37
62 72
32 89
48 72
38 97
56 84
14 22
1 5
41 63
56 92
1 6
11 58
57 64
33 35
32 64
23 52
28 31
74 90
40 66
54 68
8 53
6 38
24 99
40 73
16 67
1 47
5 54
52 85
60 76
5 23
54 79
14 65
37 90
33 54
58 99
64 76
28 47
18 28
13 80
38 72
11 46
79 81
12 14
14 59
49 77
51 97
1 26
63 86
38 42
3 14
80 85
14 89
27 81
17 28
8 76
7 42
72 83
31 55
14 69
7 40
23 80
38 88
16 40
32 41
72 92
26 27
23 46
0 9
18 77
37 47
0 90
6 87
20 84
23 39
14 42
14 76
59 99
19 39
7 15
37 97
32 43
19 62
37 58
29 37
63 81
51 77
17 88
1 13
13 52
43 61
9 54
1 43
48 96
16 76
57 65
12 97
43 67
11 94
6 35
33 37
37 43
35 39
68 77
69 99
18 27
9 65
54 92
51 71
30 34
4 72
3 97
33 91
61 88
5 88
13 40
19 44
37 39
23 28
23 82
33 42
28 43
47 86
14 50
8 13
1 36
35 98
37 62
26 28
81 97
2 99
41 77
44 48
1 61
27 80
5 43
56 59
29 58
68 71
64 73
53 96
67 79
22 56
27 30
15 52
25 85
56 69
13 17
57 84
49 54
46 51
49 71
76 79
1 51
47 67
17 56
28 96
16 71
42 99
10 80
27 52
20 74
1 82
15 80
6 9
54 82
92 99
73 76
6 73
54 59
30 67
44 67
22 62
48 88
63 68
6 86
19 78
64 86
13 81
2 54
47 61
7 84
32 54
1 92
49 63
16 56
4 40
10 74
9 34
54 61
54 69
18 21
35 62
41 93
1 58
20 30
23 93
6 37
6 66
25 35
48 68
19 33
14 77
30 56
56 89
79 83
19 29
21 79
54 72
85 98
23 61
9 40
1 18
59 72
69 72
10 52
9 90
35 47
42 67
25 27
0 74
5 47
11 98
25 57
8 91
22 81
5 28
14 84
43 82
14 17
4 57
35 97
27 72
68 86
73 90
82 88
31 53
54 94
4 44
50 56
48 67
40 54
43 86
87 90
10 54
24 51
32 65
35 43
44 46
16 92
1 31
22 41
66 76
8 42
35 71
64 66
31 79
8 55
19 26
85 91
16 59
73 80
41 89
50 86
19 45
19 90
38 57
37 98
1 44
66 80
4 88
38 41
10 40
28 63
3 65
46 49
36 56
64 70
16 27
46 68
40 48
20 42
1 17
66 90
6 7
12 65
44 59
5 16
26 99
98 99
34 35
17 72
11 26
62 65
67 99
13 42
4 17
10 42
16 69
32 78
23 56
20 65
13 54
17 76
44 92
28 58
73 96
27 41
70 96
62 89
44 69
33 58
37 71
1 59
54 99
64 95
8 10
27 88
12 63
47 82
41 71
27 58
27 98
52 73
35 91
1 69
6 75
53 76
3 63
1 98
12 88
28 51
52 66
55 76
15 25
26 29
11 42
12 50
36 57
47 62
40 44
27 97
74 76
19 71
3 88
25 37
31 70
41 42
19 58
1 25
94 99
5 79
61 78
22 86
39 44
3 50
4 60
48 91
48 49
14 16
28 61
1 63
0 84
34 37
17 48
54 62
49 86
38 63
12 19
4 68
81 89
10 56
37 45
3 19
23 41
31 73
16 20
34 54
12 37
7 90
3 37
30 71
5 99
48 97
95 96
33 68
49 89
3 57
30 87
82 99
68 89
14 30
27 70
16 82
48 57
11 93
36 97
5 44
12 57
88 92
67 78
35 45
28 82
25 70
60 79
13 25
27 40
22 68
25 74
7 29
61 79
22 49
17 47
12 72
25 28
19 63
4 91
1 96
20 44
26 57
13 26
79 96
35 93
28 98
19 93
5 78
3 72
4 67
65 70
29 98
43 92
15 98
14 23
66 96
58 85
84 87
1 78
31 95
56 90
3 90
55 60
28 92
56 77
28 60
14 36
30 92
16 41
12 35
37 93
16 39
3 35
12 90
33 49
36 55
4 97
28 78
65 79
44 87
40 53
19 34
37 78
33 41
44 93
6 19
30 59
5 30
9 85
34 68
7 65
10 79
51 63
70 84
32 68
28 44
24 49
28 81
86 89
41 62
30 86
31 90
29 68
8 30
18 64
41 65
23 40
16 61
10 26
44 82
30 69
57 98
31 65
34 91
4 18
23 76
16 46
29 84
31 56
37 91
41 50
54 71
11 25
11 39
3 54
54 88
34 49
0 30
12 54
31 66
48 60
26 85
41 46
24 68
34 51
10 25
43 62
78 82
26 33
34 42
79 82
18 48
75 90
39 54
76 81
21 49
45 72
47 92
29 41
33 51
25 95
20 70
27 95
32 84
23 68
14 39
2 29
4 49
6 53
78 86
16 87
18 41
5 42
15 91
30 41
38 50
61 99
10 35
11 24
44 75
36 50
35 99
3 84
35 46
10 37
21 51
10 18
30 75
29 49
14 45
13 56
19 98
12 84
26 38
35 52
16 86
38 47
25 99
65 95
1 80
20 57
90 96
69 88
5 48
1 52
59 88
42 87
28 59
62 90
28 80
62 84
35 80
18 19
53 90
42 92
36 65
28 52
7 8
26 86
32 49
43 69
36 63
21 68
30 82
0 42
28 69
17 43
43 59
34 41
12 22
20 95
30 38
65 67
51 54
37 46
57 60
51 89
67 97
84 95
4 64
44 61
0 65
81 88
4 8
76 91
3 22
3 6
21 41
33 98
29 65
7 33
22 28
19 46
65 96
6 31
13 98
35 78
16 93
28 50
6 12
42 59
10 14
23 27
39 56
11 54
33 84
32 90
19 25
4 81
38 80
84 99
67 86
79 92
6 56
22 51
36 53
4 70
41 84
0 70
26 56
7 54
26 70
42 69
42 79
23 49
29 51
13 35
17 83
42 68
67 84
56 81
16 68
37 63
36 90
10 19
14 21
3 55
30 39
30 61
56 96
9 71
23 24
45 99
32 42
15 58
38 52
75 84
42 57
11 59
13 37
6 85
0 16
37 99
15 74
13 79
47 69
12 55
6 55
16 75
53 60
42 82
40 55
27 73
9 35
47 59
44 76
70 98
22 38
53 80
14 31
0 44
74 98
37 52
50 60
25 29
43 45
65 87
47 48
57 86
50 68
11 69
8 27
6 96
28 89
0 95
17 78
14 90
38 43
55 90
1 22
10 98
74 84
37 80
1 29
16 38
79 84
38 70
36 88
8 16
44 56
1 60
45 56
32 77
74 87
20 23
38 68
39 72
57 58
49 50
15 26
8 48
30 46
62 78
78 92
26 74
34 58
0 57
1 81
65 74
18 76
2 33
25 38
27 55
48 61
48 81
48 92
5 97
33 65
12 89
42 71
61 97
19 22
42 61
18 37
13 58
1 33
23 45
36 70
1 91
31 84
14 81
1 50
60 97
48 82
29 94
27 68
3 89
4 5
6 62
76 94
52 53
9 15
57 62
11 92
11 84
42 75
48 64
19 91
1 39
26 95
48 94
30 68
41 76
31 97
42 62
4 95
1 89
74 85
27 53
36 73
19 89
27 66
43 48
13 18
2 48
4 94
27 63
19 36
16 49
56 58
36 37
4 47
54 93
14 83
10 58
6 15
13 19
17 19
59 79
12 47
23 87
24 41
32 83
95 98
3 70
13 14
36 72
42 49
69 79
25 86
2 4
38 89
80 86
65 99
48 70
3 47
41 44
6 36
8 54
72 76
35 63
72 81
46 54
12 70
45 47
58 86
38 58
60 63
3 42
36 95
3 53
38 95
22 36
23 86
56 60
12 42
6 32
8 9
52 86
38 98
45 88
48 59
30 93
36 84
12 53
2 76
9 37
65 68
27 47
13 30
14 44
38 49
19 99
35 36
14 96
10 30
65 72
84 96
18 68
48 69
12 41
48 51
38 55
82 97
25 33
69 78
24 44
18 35
19 50
3 41
36 54
11 67
85 90
65 73
19 77
59 78
33 56
86 98
14 26
29 48
28 91
54 97
51 86
29 56
55 80
21 56
27 44
28 64
17 77
4 43
31 54
11 75
14 33
62 68
42 72
39 42
17 37
27 49
60 73
3 95
38 40
41 83
36 66
6 14
71 91
9 48
14 93
3 73
25 73
74 94
45 78
23 75
48 63
49 83
30 49
14 29
4 61
12 95
2 35
4 92
5 65
26 34
25 66
12 73
96 97
47 81
38 73
73 84
58 70
18 49
31 37
5 86
4 82
65 66
65 75
14 71
20 76
76 88
11 87
33 94
58 67
20 66
60 70
7 34
48 95
23 51
31 50
28 40
33 48
56 98
9 46
68 83
52 55
28 57
28 29
38 53
54 57
20 54
19 52
19 31
27 67
12 43
4 63
58 74
44 68
27 74
47 54
1 40
27 43
11 35
19 80
31 35
64 74
45 54
36 89
3 43
38 78
26 67
66 84
31 63
56 71
14 60
5 84
22 37
50 51
5 11
11 65
20 73
4 9
42 70
25 56
68 84
74 75
56 83
17 41
0 23
11 82
27 91
1 71
28 33
35 94
27 50
1 45
21 32
56 93
4 73
76 97
49 65
15 90
17 35
61 77
57 94
65 92
14 58
43 54
60 95
81 83
8 44
35 40
74 96
49 62
51 83
34 98
23 38
60 66
22 60
4 59
3 66
28 39
1 34
34 84
0 66
13 16
37 89
10 16
4 51
92 97
38 66
64 90
24 35
17 21
54 96
79 90
4 29
84 92
12 66
31 88
58 95
4 69
61 86
19 24
31 74
32 67
39 43
77 86
30 79
32 51
39 88
16 79
50 96
24 37
58 71
42 46
44 45
38 67
32 57
72 84
28 77
59 65
2 37
65 82
44 49
0 73
1 77
16 45
4 66
11 52
5 77
65 88
72 93
67 77
37 96
70 94
37 50
62 77
59 84
43 81
31 42
70 87
9 19
65 69
67 91
16 24
14 34
2 34
82 86
63 96
61 65
22 27
1 57
4 74
11 37
62 83
34 56
55 62
31 72
30 57
42 95
4 33
1 93
60 88
48 78
40 86
19 96
42 93
34 65
69 84
70 86
35 96
82 84
6 64
2 74
11 61
63 67
64 79
37 40
22 35
16 51
49 84
8 23
26 73
16 72
57 87
11 20
36 47
60 65
1 64
37 77
84 85
37 94
36 42
8 38
39 47
11 80
14 46
23 72
77 82
44 86
87 95
86 92
53 65
52 99
26 66
29 90
12 78
4 55
61 84
60 89
48 73
4 53
9 67
60 90
42 88
14 98
26 41
30 85
73 98
10 97
23 79
1 9
31 80
3 78
30 32
62 70
94 95
35 89
78 81
30 72
69 97
59 97
2 57
64 65
66 98
68 76
88 96
42 74
0 76
58 92
67 98
9 39
9 59
4 20
56 80
52 56
46 91
41 90
46 56
14 25
58 59
3 80
42 51
48 50
27 89
22 31
4 78
42 96
80 99
15 70
5 58
61 63
12 80
28 45
26 71
45 79
17 65
31 52
9 93
90 99
6 29
9 69
1 99
9 76
55 65
53 84
1 2
41 58
6 79
22 48
10 72
44 85
35 50
5 63
15 95
71 72
4 50
71 84
58 69
80 96
86 95
39 48
54 87
28 71
67 76
20 48
9 92
27 94
48 66
60 72
16 32
59 91
48 74
3 52
0 54
53 62
17 54
11 45
68 99
6 99
1 46
27 78
25 34
5 27
36 41
1 94
5 26
12 52
72 96
41 99
3 26
26 92
91 92
10 88
48 99
30 51
30 45
56 91
19 81
29 52
26 32
12 68
12 26
28 34
70 85
4 22
69 91
62 95
3 68
6 11
34 48
18 54
59 86
75 99
39 79
11 90
2 70
26 59
52 96
31 40
83 86
87 99
57 91
65 71
36 43
5 32
35 77
38 74
11 19
2 27
33 90
69 86
25 53
38 44
6 60
84 88
18 51
54 70
7 35
30 62
39 78
26 62
34 94
62 73
85 95
13 20
24 30
42 85
16 85
8 31
15 84
0 11
67 90
26 69
16 57
77 81
29 80
55 86
19 21
48 89
49 99
65 97
55 84
8 96
22 96
48 71
58 82
39 91
49 76
9 28
40 96
5 91
21 62
48 53
2 28
2 19
38 51
48 55
55 81
71 98
37 81
44 51
7 48
17 68
19 60
5 38
28 94
63 82
31 89
54 78
77 92
73 86
24 54
28 93
28 70
25 67
33 72
8 28
37 60
67 89
3 30
62 80
5 9
12 30
22 67
70 75
6 33
4 89
65 85
15 57
46 58
39 84
30 70
39 58
39 65
2 95
32 61
19 40
13 94
56 64
60 84
13 97
27 51
21 86
26 82
36 80
6 41
4 7
3 25
13 91
12 49
43 93
10 41
46 72
26 79
16 62
7 71
52 62
3 40
27 61
58 73
3 49
12 25
64 84
4 99
15 30
26 31
57 85
36 74
53 86
61 89
58 61
76 87
19 94
1 8
74 91
57 81
12 40
88 93
62 67
29 72
20 99
4 39
86 91
10 23
8 86
62 66
42 45
63 76
57 75
58 66
91 93
35 60
21 81
42 73
13 72
54 63
75 95
82 91
27 82
54 75
22 61
13 23
33 52
9 82
36 52
20 53
54 95
45 97
35 81
17 49
51 65
47 76
38 77
16 88
51 99
41 98
5 89
18 65
32 80
17 57
27 92
54 60
4 34
14 52
14 80
26 68
14 91
3 74
38 91
26 61
45 77
10 91
66 86
7 37
28 99
32 82
5 22
21 61
70 91
25 31
21 28
92 98
12 74
13 88
11 40
25 55
10 20
32 52
6 67
42 66
38 61
23 88
89 96
51 62
32 70
17 90
25 62
31 47
5 98
36 78
30 88
25 32
66 87
3 16
59 98
23 32
32 55
33 80
12 16
58 68
0 4
28 95
69 77
41 81
28 83
17 84
1 21
12 83
10 63
10 94
56 99
26 39
34 72
47 93
31 41
14 24
47 60
35 57
59 77
19 83
1 70
7 76
30 95
26 53
15 66
15 44
26 96
42 97
72 90
32 58
2 13
3 83
4 71
28 46
30 74
69 98
2 71
20 27
8 64
65 81
12 77
9 24
15 42
3 98
38 82
73 87
63 92
58 93
3 77
61 91
26 36
12 98
0 13
0 48
3 8
0 53
17 55
8 35
25 41
3 58
15 65
26 46
36 40
12 58
5 21
48 93
32 92
82 89
8 12
11 48
66 94
9 61
45 48
43 76
25 96
64 97
21 67
13 41
32 98
15 16
1 83
5 76
46 84
37 57
27 59
9 27
51 84
53 98
73 94
68 90
44 72
14 99
58 62
44 79
38 92
47 65
58 79
14 64
50 64
41 91
53 81
22 82
84 97
23 85
91 95
15 73
10 50
62 98
25 71
27 69
40 99
32 95
71 88
13 44
40 56
24 56
21 37
26 49
16 70
66 85
10 44
82 98
40 62
64 80
1 11
84 93
2 10
54 74
38 83
21 82
46 65
4 87
8 36
11 85
60 74
32 53
42 47
50 67
50 76
47 96
49 58
25 36
46 48
0 99
65 93
40 64
24 42
1 95
5 90
31 43
31 98
54 81
48 87
43 65
24 72
30 31
32 73
9 56
18 67
78 93
56 57
8 37
43 71
79 93
6 17
26 55
5 25
25 92
41 96
73 85
39 97
39 98
46 98
43 60
29 76
52 64
42 43
26 93
7 46
36 68
4 11
28 73
61 98
63 64
27 29
25 59
23 62
5 62
54 64
74 86
75 76
63 69
17 42
26 72
59 63
33 79
81 90
34 90
30 36
32 59
20 55
25 79
38 59
79 98
36 83
31 58
32 69
29 86
0 10
88 90
6 72
42 60
25 69
90 92
29 79
1 24
38 69
76 92
71 79
18 84
49 90
68 98
48 77
1 7
54 73
20 35
71 94
33 88
13 63
61 76
32 40
16 95
7 19
50 61
4 93
76 82
96 98
55 98
2 67
4 45
16 74
42 53
47 71
29 40
89 92
5 50
22 76
38 94
17 53
12 67
46 88
33 86
39 86
19 57
6 68
3 67
27 33
21 35
22 54
22 92
29 87
37 83
12 21
32 66
10 47
21 38
43 46
2 66
66 75
33 76
28 66
23 57
2 73
73 81
59 90
28 55
30 96
6 34
41 60
3 21
68 91
29 88
70 81
61 62
27 77
36 98
10 22
25 82
54 66
47 84
11 41
81 84
53 58
43 96
37 64
2 38
82 90
5 6
20 29
16 31
0 27
7 74
44 57
86 94
36 49
24 91
36 77
29 75
69 90
2 56
8 62
3 23
11 68
58 96
58 72
42 64
0 55
12 23
28 53
4 77
9 14
9 41
73 75
4 46
13 50
18 42
59 76
50 54
62 74
2 46
60 78
93 98
52 67
36 58
2 86
35 64
10 68
16 36
54 89
61 90
32 44
11 28
21 92
19 64
51 76
79 80
18 90
25 68
42 55
60 83
69 76
34 52
17 70
15 23
31 78
1 73
5 18
52 79
56 94
30 73
14 40
1 20
28 74
67 80
43 84
13 87
45 65
25 61
62 82
63 65
81 95
76 89
23 47
23 43
34 88
6 92
6 81
46 47
60 80
7 28
16 47
50 82
4 75
49 98
76 78
68 81
20 37
17 51
16 97
64 88
12 51
48 75
16 43
41 52
18 61
67 94
25 39
30 97
20 28
45 63
35 70
45 84
11 49
30 66
3 51
17 73
45 86
22 64
41 80
69 89
34 80
61 83
66 81
44 88
59 89
34 79
2 59
90 97
21 45
10 43
7 57
8 19
7 67
6 49
33 43
49 91
25 46
33 40
52 60
6 88
24 43
6 59
22 69
14 57
30 47
10 89
57 79
22 59
2 92
35 83
16 96
31 68
46 79
39 77
11 15
71 90
17 95
9 45
67 83
1 66
2 69
7 27
62 92
11 56
76 99
6 69
71 78
30 43
6 82
55 58
9 86
23 97
9 57
26 88
37 70
7 39
33 87
73 91
9 68
7 59
5 83
49 81
33 47
21 69
64 72
1 74
66 91
1 55
10 49
24 28
7 93
21 59
13 47
40 60
24 58
53 54
2 39
24 88
8 60
8 32
72 98
25 49
6 61
20 33
34 43
54 85
27 87
7 69
13 68
29 43
78 96
65 78
76 85
2 5
18 82
1 53
7 70
27 39
29 38
33 75
26 51
53 87
44 62
71 86
7 92
35 87
2 14
53 94
51 58
10 87
17 66
45 58
25 64
21 36
20 38
13 22
26 64
85 99
45 89
35 95
11 51
5 12
0 35
45 91
6 71
54 77
42 81
24 47
10 67
9 38
6 18
46 94
9 74
27 83
42 78
3 5
11 14
25 72
54 55
17 67
46 78
93 97
29 47
64 89
50 92
0 29
34 86
82 83
15 53
44 70
9 13
8 56
25 93
33 38
23 70
31 49
34 47
2 93
14 94
60 77
27 99
42 63
22 45
16 73
56 70
59 94
39 90
59 62
9 49
26 60
92 94
7 95
62 69
2 82
3 44
58 88
15 76
68 96
37 95
79 91
27 34
12 44
8 11
86 93
26 45
31 83
18 57
32 74
69 94
9 10
6 97
63 84
16 66
13 43
9 70
44 74
5 7
32 91
11 76
21 48
5 52
18 92
12 61
27 71
21 27
13 49
53 85
34 76
48 83
3 61
72 99
13 75
19 20
24 84
5 94
13 89
24 48
24 26
19 70
0 1
25 60
24 78
13 67
52 71
38 39
37 87
52 92
23 31
36 67
5 80
23 36
10 78
44 95
39 63
39 94
50 65
0 37
20 86
51 90
32 39
23 95
31 77
2 41
0 28
22 65
60 68
24 65
23 74
2 61
52 59
35 75
80 92
4 83
30 53
40 79
15 54
7 82
50 69
12 82
50 59
3 91
6 39
71 97
71 80
56 95
86 99
3 82
78 84
62 91
4 21
1 87
12 91
39 76
52 68
2 53
83 96
64 98
23 78
17 30
47 90
49 96
52 69
21 60
7 13
9 95
55 94
32 45
68 80
59 80
33 78
8 99
51 91
0 33
17 26
16 78
72 91
7 24
71 76
82 94
83 92
27 75
7 56
88 98
51 98
27 45
24 79
46 90
69 80
