100 3882 712.5419285908724 dense
0 629 815
1 410 780
2 807 129
3 518 650
4 376 976
5 251 495
6 702 511
7 435 805
8 843 643
9 266 212
10 49 80
11 234 190
12 938 311
13 759 937
14 12 806
15 398 73
16 477 722
17 626 48
18 53 439
19 801 323
20 435 776
21 480 137
22 280 434
23 109 576
24 586 782
25 776 718
26 515 964
27 393 383
28 692 794
29 2 360
30 162 506
31 28 250
32 593 465
33 906 961
34 241 412
35 24 687
36 438 456
37 955 939
38 768 624
39 312 532
40 403 203
41 944 720
42 892 383
43 769 895
44 850 733
45 460 823
46 559 772
47 690 632
48 703 887
49 636 412
50 486 286
51 380 873
52 961 845
53 177 91
54 194 25
55 314 346
56 459 701
57 621 447
58 126 477
59 414 304
60 789 449
61 172 299
62 701 136
63 787 570
64 183 924
65 682 254
66 120 367
67 472 593
68 664 772
69 284 433
70 490 169
71 601 933
72 177 782
73 645 629
74 629 842
75 727 831
76 565 811
77 179 441
78 118 547
79 514 236
80 796 6
81 450 214
82 66 758
83 480 597
84 485 363
85 919 63
86 545 271
87 915 460
88 962 821
89 462 619
90 103 196
91 770 977
92 213 972
93 428 637
94 95 901
95 665 30
96 75 870
97 785 153
98 57 904
99 924 271
22 69
67 83
52 88
1 20
0 74
16 56
67 89
83 89
24 46
7 20
23 78
7 45
2 97
32 57
21 70
1 7
28 68
24 76
94 96
49 57
94 98
89 93
96 98
9 11
46 76
13 91
12 99
17 95
13 43
22 34
47 73
30 58
79 86
34 69
40 81
28 75
20 45
33 37
0 24
0 68
64 92
38 63
50 79
30 78
70 81
50 86
48 75
67 93
3 89
58 77
0 76
3 83
83 93
1 45
0 28
43 48
30 77
5 22
79 81
53 54
32 49
16 20
34 77
5 69
58 78
74 76
56 93
70 79
5 39
14 82
3 67
24 74
50 59
13 48
25 44
43 75
50 84
8 38
3 56
68 74
38 47
24 68
20 56
28 74
42 87
50 81
27 59
43 91
56 89
0 46
18 58
35 82
21 81
3 16
5 34
12 42
61 66
62 97
27 36
68 75
48 74
27 55
7 51
23 30
1 16
5 30
14 96
5 77
8 44
3 93
64 94
26 71
8 63
55 69
59 84
31 90
1 56
7 16
40 70
28 48
18 29
27 84
37 52
25 38
45 51
22 55
66 77
41 44
71 74
16 46
59 81
1 51
16 93
18 66
34 55
74 75
46 74
0 75
23 58
8 25
22 77
21 40
40 59
16 45
41 88
39 69
4 51
22 39
6 57
0 48
6 63
15 21
16 89
36 84
21 79
46 68
69 77
45 76
56 83
2 62
68 76
24 28
7 56
6 60
14 98
55 59
56 67
19 42
84 86
58 66
13 75
81 86
45 46
20 51
48 71
62 95
48 91
82 96
29 31
25 28
72 82
11 53
47 63
17 62
40 79
70 86
42 99
50 70
40 50
29 66
37 88
6 32
6 49
62 65
14 35
27 69
64 96
59 79
60 63
0 71
48 68
6 47
25 47
45 56
77 78
42 60
46 56
30 34
38 73
25 75
2 80
22 27
61 90
20 46
25 68
16 24
16 83
16 76
11 61
18 77
18 78
41 52
14 94
5 58
60 87
19 60
8 41
28 43
71 76
64 98
18 30
10 90
9 61
28 76
7 46
33 52
53 90
10 53
3 46
3 73
34 66
16 67
2 85
15 40
7 76
79 84
6 38
6 73
11 90
34 58
34 61
24 45
15 70
80 95
19 99
27 50
20 76
72 96
28 46
59 86
80 85
38 44
33 91
9 40
12 19
19 65
92 94
65 86
22 30
20 93
34 39
4 26
23 35
36 67
64 72
30 69
61 77
9 55
47 68
44 88
5 78
1 93
68 73
65 97
72 94
30 66
82 94
82 98
36 83
36 39
80 97
18 23
25 63
3 24
32 84
31 66
21 86
13 33
21 50
1 46
24 75
55 61
43 74
9 53
15 81
24 56
12 87
33 88
3 20
20 24
26 45
24 71
33 43
23 77
31 61
75 91
30 39
7 24
56 76
81 84
8 47
63 73
36 59
27 34
59 70
10 54
32 36
36 69
39 93
24 48
44 75
49 60
40 86
48 76
44 52
13 28
13 71
1 76
25 73
49 84
20 89
22 36
57 84
22 58
26 76
13 74
62 80
39 77
0 43
85 97
43 68
5 55
28 47
71 75
26 51
4 92
75 76
5 23
9 90
24 73
58 69
49 65
36 89
55 77
36 55
28 71
46 71
14 72
46 73
26 74
3 76
49 86
25 41
57 60
73 83
7 93
40 55
35 78
63 87
65 79
1 3
0 45
1 89
28 44
11 40
27 39
11 54
45 74
92 98
29 58
19 97
17 21
72 98
39 67
10 31
28 73
92 96
95 97
55 84
66 90
32 73
43 71
22 61
68 71
3 47
2 95
39 89
22 66
32 83
9 59
4 45
71 91
61 69
44 63
17 80
11 55
3 7
1 24
0 25
32 67
38 60
36 50
67 73
2 65
66 69
25 43
7 26
46 75
0 16
19 87
0 13
27 81
45 71
16 51
21 59
40 84
66 78
35 72
39 83
27 40
29 61
5 27
38 68
4 7
43 44
46 89
36 93
17 70
50 55
97 99
3 45
24 47
34 78
59 69
5 66
36 57
73 89
57 73
18 61
58 61
2 99
9 81
25 48
46 48
20 83
39 55
28 38
0 73
22 59
20 67
23 82
19 49
0 26
7 89
46 93
45 93
27 86
37 91
44 47
87 99
51 56
55 81
18 34
35 96
44 68
3 68
13 68
27 79
17 97
18 31
5 36
37 43
9 15
57 86
46 47
46 83
16 73
25 74
29 90
0 47
32 47
6 8
72 92
16 68
16 74
54 90
39 58
70 84
2 19
51 92
0 7
39 78
29 77
51 76
55 66
74 91
24 26
49 50
1 83
13 37
32 60
8 87
26 46
1 67
47 57
7 74
22 78
0 20
2 17
43 52
8 73
50 65
73 76
0 3
1 4
28 91
46 67
56 73
3 32
32 86
4 64
15 79
9 54
38 41
24 25
8 60
69 78
11 15
9 34
34 36
32 89
57 65
47 75
36 49
12 60
64 82
26 48
51 64
34 59
45 89
20 26
0 56
24 89
20 74
46 51
5 18
57 83
62 86
57 63
43 88
30 61
23 39
14 64
53 61
85 99
47 60
4 20
32 50
57 67
23 66
15 54
7 71
3 36
65 70
50 57
45 68
23 34
11 66
38 75
5 61
1 26
19 62
62 79
6 19
25 88
7 83
69 84
44 48
47 83
9 66
9 27
11 59
24 83
17 65
8 28
62 70
73 74
36 86
21 95
8 88
49 79
24 93
42 63
11 31
0 91
24 43
7 67
10 11
33 48
27 32
29 30
23 72
56 68
22 84
41 63
73 93
49 73
78 82
11 81
76 89
31 53
73 75
47 76
49 63
19 57
47 74
17 79
6 87
37 41
35 98
13 25
6 25
12 97
29 78
38 87
32 63
43 76
8 68
30 55
24 67
56 74
8 75
21 62
33 75
47 67
76 93
27 77
15 53
9 69
3 74
0 1
13 52
11 34
22 23
60 65
9 22
51 72
13 44
60 99
70 95
25 46
39 56
2 12
27 67
25 52
65 95
65 84
24 51
35 94
3 28
23 69
21 84
47 49
16 28
9 21
45 83
5 93
18 22
30 35
1 74
3 57
9 70
55 79
47 89
20 71
51 71
32 65
20 68
4 71
6 42
55 58
15 17
44 73
62 85
38 57
76 83
45 67
67 84
15 50
60 73
25 76
3 6
68 91
27 83
18 69
37 44
16 47
13 76
7 68
15 59
9 50
52 91
13 24
36 79
1 72
21 65
35 58
28 45
13 88
8 52
83 84
57 89
52 75
33 44
27 70
75 88
65 81
0 44
0 38
27 61
32 38
63 68
57 79
27 57
67 76
17 86
3 39
6 83
32 93
32 59
51 93
9 31
24 38
23 29
47 56
5 67
39 84
17 81
49 83
59 61
32 79
72 78
36 81
65 99
55 86
26 68
28 63
43 46
31 77
41 75
33 41
6 67
49 67
29 34
27 49
1 71
16 71
5 89
16 26
9 77
26 28
13 26
27 89
36 56
44 74
42 65
15 86
67 69
49 59
31 58
88 91
19 63
41 43
11 69
18 90
11 22
12 85
34 84
9 79
22 67
55 70
14 23
18 35
69 93
38 49
39 59
50 69
11 27
40 61
26 75
5 83
28 56
4 76
51 74
5 59
10 61
22 93
45 48
3 38
57 59
11 21
16 39
19 32
40 53
37 75
39 66
68 89
22 50
42 97
61 78
68 83
9 10
1 68
47 48
26 91
36 40
79 95
69 83
0 51
38 46
85 95
34 90
20 73
27 93
77 90
44 91
11 70
11 77
84 89
7 28
37 48
69 89
0 89
20 28
42 49
6 65
22 83
20 72
38 74
55 90
40 69
7 72
25 91
13 46
36 77
22 89
82 92
62 99
14 92
21 27
19 86
48 52
41 87
27 30
22 40
47 93
50 62
3 51
12 65
67 68
28 41
8 43
6 84
62 81
6 89
26 43
6 68
76 91
0 83
34 40
48 73
8 42
3 49
9 84
1 39
3 25
6 44
21 55
51 89
45 75
48 88
86 97
31 34
63 75
2 42
45 73
24 91
0 93
24 44
5 84
41 47
1 64
16 36
26 56
86 95
25 60
11 50
30 82
6 36
36 73
49 89
15 95
57 93
38 48
38 43
38 42
28 88
32 56
28 33
17 40
49 81
39 61
68 93
0 67
56 71
59 77
59 65
16 75
65 80
20 39
4 16
27 66
28 52
7 73
4 46
40 54
0 8
43 47
69 81
54 61
1 92
18 39
34 50
25 33
38 76
17 50
30 72
3 75
38 88
18 55
25 71
7 92
4 72
22 81
42 57
74 89
7 64
1 73
31 54
16 48
14 78
84 93
7 48
30 36
44 87
3 63
55 78
8 48
53 66
58 90
16 32
1 28
81 95
27 58
49 87
6 28
47 87
5 29
5 9
79 97
49 70
49 62
40 65
11 79
10 29
23 61
39 72
25 37
41 68
13 41
9 86
35 64
19 85
15 55
4 24
45 72
4 74
51 94
74 83
6 86
74 93
4 56
58 82
11 29
22 29
34 81
45 92
32 39
32 81
3 84
30 31
28 89
57 81
38 83
28 83
53 55
72 93
20 48
44 60
61 81
35 77
4 94
29 69
0 63
36 70
24 63
8 24
8 74
20 64
34 93
5 56
20 47
25 87
7 75
41 48
55 67
17 85
56 72
38 52
34 67
43 73
51 83
44 46
46 91
57 87
80 99
67 74
12 62
51 67
59 67
6 24
3 27
45 64
3 71
70 97
44 76
10 66
23 96
60 97
8 57
20 92
5 72
30 93
22 90
20 75
5 35
6 46
38 67
56 75
28 67
2 86
69 90
9 36
49 97
45 47
16 25
7 39
53 81
9 58
12 63
0 4
19 79
40 90
28 37
59 83
3 48
59 66
55 83
56 57
39 50
51 68
33 74
6 93
31 55
68 88
60 86
26 92
34 83
9 29
15 84
19 38
34 89
69 79
32 55
65 85
46 63
11 84
51 96
21 97
40 62
5 11
8 13
52 68
16 72
63 88
38 89
33 71
49 93
21 53
22 79
11 58
48 56
8 32
16 38
33 68
21 54
28 93
71 73
69 86
50 67
57 70
36 47
11 18
23 55
7 47
63 83
6 16
6 56
3 5
32 46
36 61
58 72
6 12
15 62
15 27
32 42
8 49
31 78
41 91
73 84
16 57
55 89
32 69
65 87
50 83
22 86
9 18
9 30
6 50
8 46
1 48
2 79
22 31
25 57
41 60
42 62
25 32
29 55
50 95
55 93
41 73
0 6
36 58
13 47
40 49
0 33
13 38
62 84
32 70
47 71
40 95
3 26
50 61
5 50
22 32
63 74
31 69
32 68
30 90
77 84
63 67
60 84
21 49
8 37
27 65
1 47
36 65
77 93
19 80
24 32
19 50
43 45
25 56
54 81
12 49
38 56
19 84
73 87
59 89
53 59
4 96
3 69
18 82
44 71
61 84
2 70
15 61
15 90
6 41
25 83
13 45
20 36
56 69
27 78
5 16
39 57
2 60
30 89
42 47
49 99
29 53
6 75
1 75
57 62
42 85
11 86
3 22
22 56
5 82
21 36
28 51
30 67
32 87
53 70
8 19
78 93
30 59
19 95
55 57
9 39
48 51
32 40
11 30
8 33
51 98
27 56
23 93
34 79
8 76
3 8
60 62
1 36
23 94
52 63
43 63
78 96
17 19
1 5
39 45
40 77
6 99
4 98
35 39
40 66
2 21
40 57
50 97
34 53
63 76
29 35
57 68
48 63
72 89
19 47
13 73
63 89
49 55
25 67
63 99
0 41
54 70
5 40
59 90
25 89
6 76
67 77
67 86
36 66
2 49
30 83
46 57
47 88
5 31
52 74
23 98
17 59
83 86
59 62
36 78
25 45
63 65
0 88
6 79
59 93
0 52
87 97
5 90
74 88
50 89
39 82
35 66
77 89
51 82
26 64
6 27
69 70
34 86
11 36
14 30
37 68
5 20
23 31
58 59
12 80
25 49
77 82
57 97
15 65
24 57
57 69
3 60
1 94
41 74
22 70
47 84
36 46
26 93
4 48
49 56
6 74
56 84
77 83
75 89
16 43
37 74
75 83
38 93
81 97
21 57
41 42
72 77
22 57
39 40
58 93
8 91
35 92
21 80
3 44
60 83
54 55
71 93
4 93
5 32
23 27
71 89
19 73
61 70
28 32
50 77
50 60
5 81
39 46
18 27
47 52
1 82
12 57
27 90
17 84
16 63
8 12
39 49
20 25
7 43
45 91
32 62
60 68
39 81
70 80
39 73
1 96
21 32
19 70
32 76
81 90
16 69
39 51
61 79
60 79
34 70
21 61
60 67
2 87
14 58
16 49
42 73
0 37
67 75
20 32
16 22
7 36
26 89
10 15
16 27
51 75
7 13
39 86
54 66
53 77
23 36
34 35
67 72
57 99
3 43
11 39
36 60
38 71
78 90
78 89
0 32
7 25
27 73
42 44
49 69
4 68
38 91
56 63
30 84
7 94
77 81
95 99
37 71
47 91
28 57
25 42
29 39
20 43
13 16
6 59
78 94
56 64
21 69
72 83
30 56
54 59
3 4
23 89
50 93
23 64
32 34
12 38
75 93
22 49
16 64
67 78
71 83
25 93
2 50
86 89
24 36
21 22
22 53
53 69
39 79
28 60
25 26
10 18
16 84
26 73
67 79
22 35
51 73
48 89
5 7
49 68
3 59
13 20
34 56
78 98
20 94
79 83
22 72
27 53
24 41
23 67
35 69
16 92
1 23
67 71
66 81
79 80
87 88
17 49
33 38
1 32
21 34
42 86
4 28
18 72
58 89
58 67
80 86
66 84
69 72
63 93
3 34
50 53
3 50
78 83
3 72
43 56
7 96
48 83
8 83
56 92
20 38
3 55
63 84
84 97
9 78
37 38
32 97
44 57
24 33
38 45
53 79
2 81
36 63
4 89
6 97
19 81
36 45
13 63
0 57
46 49
57 76
2 57
60 89
26 83
5 79
1 69
14 18
18 53
20 82
1 30
5 86
1 22
73 91
36 38
52 71
73 88
24 39
19 21
1 25
32 44
59 95
23 83
23 56
48 93
73 86
7 82
20 96
17 99
33 76
5 57
16 44
45 94
24 49
26 67
1 78
15 34
58 83
48 67
14 51
61 86
1 98
56 78
30 96
8 67
8 16
10 40
3 13
20 69
50 66
7 32
6 62
26 47
11 78
10 55
20 22
34 72
6 48
6 20
7 91
39 76
58 84
65 73
1 43
36 76
64 93
15 69
8 71
12 32
31 40
20 57
71 88
24 88
50 73
47 65
84 95
32 74
4 82
86 99
7 38
55 65
67 81
4 75
15 22
38 65
3 86
23 90
24 52
8 99
21 90
34 57
82 93
13 56
8 89
32 45
16 30
56 77
46 72
20 23
64 78
1 13
52 73
59 78
49 95
54 79
55 56
10 34
32 99
10 77
26 72
20 30
3 30
81 83
86 93
13 51
63 86
4 13
38 84
15 36
40 97
18 36
18 59
44 49
38 99
28 49
29 54
79 89
19 36
60 75
76 92
30 40
19 59
27 47
34 82
52 87
45 96
70 90
22 82
62 87
8 56
16 91
27 31
41 46
36 68
5 45
42 80
47 86
72 76
53 58
6 81
16 34
43 51
40 58
31 59
32 75
41 76
6 43
34 54
71 92
24 60
1 38
6 39
20 91
7 98
39 47
26 33
20 78
69 82
30 50
50 54
27 29
12 95
5 14
44 56
47 51
77 79
4 83
50 90
33 47
5 49
4 91
44 83
1 57
66 82
27 62
4 67
6 45
34 49
12 86
57 74
33 46
15 97
20 27
9 17
39 90
19 25
16 23
40 67
2 6
58 96
9 23
46 60
1 6
85 87
1 35
56 82
76 88
6 7
1 27
52 76
2 84
92 93
65 83
3 77
2 32
57 75
64 76
7 23
59 73
65 67
1 14
17 57
20 98
45 82
16 78
5 51
0 60
56 59
46 92
31 39
44 45
68 87
59 97
30 94
24 37
4 43
56 58
14 77
40 83
27 60
7 69
28 87
47 50
35 51
4 14
23 51
59 60
7 22
6 70
0 49
44 67
29 82
7 57
77 86
15 80
51 91
80 81
41 71
5 70
39 70
10 58
44 89
6 88
15 66
7 30
1 34
81 89
49 76
37 63
37 47
46 64
42 79
12 47
11 23
46 88
14 39
0 36
26 44
60 93
35 93
60 85
63 91
42 84
50 58
20 63
63 71
12 17
17 27
46 52
23 59
33 63
7 78
24 72
45 57
12 41
23 92
66 93
27 54
16 77
60 70
53 86
16 55
79 93
30 81
15 31
1 77
60 88
1 91
37 76
78 84
2 40
5 53
69 73
53 84
45 98
79 99
30 98
19 27
20 34
60 81
16 82
39 64
39 96
2 15
43 89
3 91
19 44
79 90
3 78
70 77
64 89
9 32
45 63
22 73
50 63
3 79
15 49
36 62
5 46
5 96
73 79
16 60
32 77
8 93
43 83
66 79
56 60
35 61
30 53
1 58
56 94
86 87
3 23
46 84
19 40
29 59
20 49
56 91
50 56
75 87
20 84
5 73
54 77
84 90
11 17
63 97
20 44
58 81
42 50
38 86
36 72
50 80
54 69
22 54
64 71
9 65
51 78
17 32
66 67
30 64
24 92
66 72
57 95
56 96
66 70
82 89
42 95
61 67
40 89
20 35
9 49
8 65
36 51
7 44
20 77
6 55
16 94
19 41
19 83
18 40
33 73
6 52
10 22
16 59
10 81
28 36
41 57
27 46
93 96
7 14
8 45
7 63
31 81
43 67
81 93
1 84
26 38
61 93
36 90
14 20
18 93
10 69
7 27
60 74
67 70
26 94
66 89
0 39
93 94
5 21
58 94
6 69
25 51
19 67
60 76
9 57
39 68
65 89
30 51
21 66
66 83
24 64
7 35
43 93
25 36
17 42
21 77
45 69
85 86
16 58
39 94
70 83
15 77
10 59
16 96
3 58
61 83
3 65
54 86
22 45
47 59
49 75
6 22
8 20
23 45
21 39
6 40
37 46
6 13
20 58
49 74
2 59
47 99
12 79
29 40
36 74
24 84
12 44
63 79
17 55
1 63
18 96
3 41
52 60
1 49
61 89
89 92
23 84
12 73
3 19
58 98
17 54
44 93
3 64
17 60
30 32
9 67
47 79
32 41
6 71
5 64
40 93
10 21
6 21
5 94
30 45
13 89
35 56
15 57
55 73
78 92
41 49
66 86
74 92
16 50
32 48
27 63
49 80
65 69
46 69
60 95
31 35
18 54
15 32
12 25
67 82
50 99
7 34
22 46
37 73
56 86
9 95
18 84
7 8
4 73
21 60
64 67
45 78
40 80
13 83
3 87
38 50
55 62
79 85
22 65
9 83
26 37
10 30
84 87
32 95
5 24
3 81
7 49
77 96
2 63
9 62
64 83
70 85
57 77
62 63
1 44
60 80
24 27
35 89
39 74
3 92
42 88
30 79
82 83
1 55
0 92
7 84
7 77
27 45
21 85
5 76
27 95
27 38
70 99
54 84
8 36
14 29
48 60
18 67
29 36
43 60
68 84
20 55
40 78
13 93
18 89
5 15
45 49
48 57
35 55
13 67
86 90
14 45
84 99
4 39
36 53
14 93
17 36
49 85
30 86
41 99
10 70
26 96
19 89
71 72
22 51
56 98
51 69
58 64
7 58
70 89
42 68
39 92
39 98
17 53
50 78
5 6
9 89
14 66
47 69
11 32
32 61
11 65
5 98
12 50
0 72
64 74
27 72
73 99
1 8
16 35
8 84
27 97
9 93
76 84
18 83
22 47
42 70
4 35
14 34
0 87
72 74
12 84
83 87
21 67
16 86
18 81
35 45
58 79
29 72
55 72
28 42
54 58
93 98
40 60
16 98
35 67
49 77
59 63
10 27
14 22
73 81
34 73
31 36
43 87
8 26
25 84
67 92
0 64
14 56
11 49
18 50
79 87
31 50
3 42
65 93
11 95
53 78
36 42
5 47
21 83
32 51
83 92
24 87
36 97
45 84
38 51
39 53
27 76
89 96
24 69
5 10
3 40
28 39
26 52
14 69
26 98
67 87
30 57
39 65
89 94
50 87
22 24
38 79
21 99
18 94
42 83
11 57
32 43
3 82
35 83
18 98
38 39
34 45
4 47
21 31
33 45
58 86
15 39
16 41
42 52
32 58
77 94
44 99
11 67
32 71
56 79
34 65
30 92
31 70
6 17
26 88
80 87
19 68
42 67
12 70
11 62
78 81
30 70
51 58
31 84
25 99
6 91
69 76
54 95
61 82
29 81
38 97
6 34
43 57
10 78
70 93
89 91
55 95
47 55
20 59
14 16
22 76
57 61
42 81
46 87
25 65
36 75
5 54
80 84
35 36
27 68
45 77
15 19
0 84
57 80
7 55
23 40
11 83
23 50
3 88
56 66
4 25
1 59
51 77
39 63
8 86
48 87
58 70
36 87
38 59
74 87
26 39
81 99
42 75
49 61
30 46
83 91
27 35
28 84
5 92
76 94
26 63
77 98
36 82
48 49
21 42
41 83
87 89
34 46
37 87
55 82
45 58
4 23
34 51
46 94
22 96
3 70
20 60
47 81
32 78
30 54
91 93
21 89
6 95
36 95
29 84
64 77
61 72
32 66
10 50
18 56
30 49
19 28
3 52
67 96
39 60
69 96
42 59
6 51
59 80
41 56
70 73
2 27
11 89
55 60
57 85
67 91
31 79
57 71
67 94
15 58
50 85
56 81
68 72
21 30
34 96
11 93
14 89
16 79
19 55
19 93
47 97
3 66
83 96
41 67
13 60
15 29
51 57
29 50
23 53
12 21
40 73
46 59
6 26
27 51
63 81
44 51
10 79
42 89
83 94
23 46
21 58
16 33
46 55
46 50
53 95
3 94
0 27
72 73
41 89
38 62
20 50
81 85
3 61
2 36
15 30
46 82
68 92
8 97
26 41
76 96
1 18
5 65
46 96
56 61
26 82
6 33
39 71
3 96
41 45
16 88
46 78
89 98
0 5
36 54
3 35
76 87
57 58
47 62
73 97
7 33
62 73
36 44
2 38
23 32
4 5
6 37
3 33
5 68
35 90
23 81
48 92
87 95
12 81
27 82
6 85
45 60
30 73
45 55
27 42
63 70
16 52
22 64
56 65
10 23
1 50
25 39
34 47
74 84
13 32
4 78
43 49
33 87
40 56
46 86
64 69
7 59
45 52
76 82
13 87
32 80
45 88
7 60
18 64
22 94
73 77
58 92
21 93
24 42
15 18
25 86
1 60
17 87
16 66
78 79
18 79
46 77
36 71
47 70
64 68
1 66
69 94
8 50
66 96
26 32
24 94
60 69
3 9
30 76
0 42
24 34
24 30
36 48
24 50
20 33
57 88
19 24
14 67
71 94
57 66
51 63
44 65
24 59
29 93
27 28
37 45
78 86
16 81
25 27
55 97
13 57
22 60
68 69
18 20
31 82
19 56
16 18
19 46
34 94
16 87
12 88
3 18
16 65
28 92
59 99
62 67
62 83
39 75
22 68
62 69
61 65
42 46
20 41
14 83
24 86
32 88
57 78
23 76
5 74
19 75
6 80
18 70
26 36
24 55
16 19
34 76
49 58
3 21
0 69
68 86
17 69
70 87
28 72
29 96
2 8
34 64
56 87
22 62
7 41
27 74
40 47
20 66
4 30
2 47
76 98
0 22
20 86
8 51
33 56
56 88
37 60
31 86
50 68
32 85
49 66
87 93
65 68
17 22
24 96
67 98
17 61
38 81
21 73
54 62
46 98
76 78
60 71
23 24
8 27
44 84
10 84
18 86
36 99
72 84
22 98
25 50
38 69
39 54
24 82
12 36
51 84
45 59
40 42
15 85
0 19
48 64
63 69
16 61
7 50
49 71
52 56
9 97
41 93
83 98
69 98
10 39
18 21
32 72
49 88
8 79
55 63
19 88
52 57
4 36
22 38
24 78
63 85
3 37
46 58
12 59
29 70
16 40
29 67
59 87
22 63
16 37
33 60
15 67
34 98
28 64
40 99
2 73
9 56
53 62
81 87
3 98
8 62
42 43
1 86
29 79
4 38
75 84
14 26
7 88
49 51
21 29
54 78
7 52
84 85
27 87
6 77
26 57
29 89
1 33
23 57
39 48
60 91
55 76
19 69
6 9
23 79
20 88
42 93
32 52
42 74
59 76
7 18
3 14
71 96
17 34
4 33
70 78
15 83
20 52
59 68
53 65
21 63
50 76
24 77
51 55
40 63
10 86
83 88
14 61
19 39
77 92
23 86
38 55
46 65
4 44
19 22
5 28
5 38
56 70
36 64
75 92
9 35
6 15
38 70
33 51
73 78
59 72
29 83
47 72
12 52
66 94
41 65
40 85
76 77
69 74
49 78
16 42
12 68
48 72
34 62
65 77
24 65
1 61
22 74
87 91
7 37
42 56
74 94
1 41
45 50
21 47
46 79
5 26
42 48
23 73
42 76
2 55
83 97
62 89
54 65
13 49
88 89
7 66
11 35
3 12
5 60
12 83
67 97
6 30
28 65
76 86
67 88
3 11
18 32
66 98
58 73
0 94
10 36
52 83
5 63
49 52
35 46
32 91
21 87
67 90
12 28
19 76
22 92
15 60
8 39
27 99
30 47
24 98
28 86
18 51
17 90
69 92
12 67
20 61
71 98
28 69
20 37
7 86
47 77
3 62
20 79
12 40
19 52
17 63
9 19
35 59
19 74
29 98
8 59
21 78
13 92
22 28
2 9
52 89
90 93
0 50
14 46
64 73
28 50
25 79
29 94
34 60
12 27
15 89
36 43
25 59
52 67
37 56
29 86
14 55
83 90
4 22
0 86
15 78
57 91
36 96
24 79
4 69
83 99
88 99
14 36
55 68
73 92
58 76
27 80
64 75
9 16
23 49
24 58
72 75
11 97
31 72
14 76
16 70
1 88
61 62
44 86
63 95
1 79
0 59
69 95
74 96
89 90
1 52
67 99
35 76
39 62
4 32
3 99
34 68
57 72
14 31
18 92
31 93
68 79
0 96
91 92
38 40
23 70
23 54
22 95
4 58
11 56
45 86
27 75
32 90
32 53
0 34
37 42
18 45
59 85
0 30
49 53
33 83
33 89
64 66
5 71
34 92
31 67
12 75
43 92
23 26
61 95
36 94
15 99
20 81
71 82
36 92
82 90
28 59
35 84
0 65
9 73
26 35
63 80
3 97
21 56
68 99
15 93
88 93
0 55
25 97
26 49
21 38
0 82
17 67
12 89
89 97
19 34
1 81
6 11
48 84
1 37
71 87
4 6
34 38
18 57
17 83
30 68
34 63
46 81
25 69
9 80
45 66
51 66
33 67
53 57
65 76
74 82
14 27
31 89
13 42
31 83
24 35
51 59
4 77
29 56
7 61
5 25
62 93
34 95
36 41
6 61
2 83
22 25
59 82
52 93
28 99
0 23
2 67
19 48
40 87
19 43
65 66
4 8
20 40
69 97
50 74
9 60
39 44
7 79
14 24
20 87
21 23
36 80
49 90
52 99
30 74
74 98
57 90
27 44
5 62
26 78
82 84
55 96
13 64
2 11
5 19
44 50
61 73
9 72
17 39
6 58
0 78
1 40
74 86
76 79
33 93
20 65
4 63
30 65
10 17
22 97
33 42
26 30
13 36
47 78
89 99
65 75
37 51
0 98
26 69
34 74
61 96
42 55
59 74
22 26
4 34
15 23
4 37
27 64
49 91
38 85
17 73
9 82
41 84
27 96
51 52
71 84
8 81
65 90
45 87
53 67
19 20
11 19
5 75
4 57
15 42
26 60
68 94
5 17
39 43
18 49
44 97
23 47
24 81
23 74
51 88
50 72
41 51
11 16
47 58
8 85
16 21
47 64
6 78
0 77
37 83
1 29
28 79
47 92
1 9
90 95
28 55
32 33
43 64
66 73
25 62
68 77
49 54
17 47
55 74
33 57
37 89
12 24
27 71
36 98
23 68
9 20
75 86
41 97
51 60
3 15
64 91
45 79
49 72
53 83
2 25
55 80
40 46
74 78
12 15
0 79
65 74
68 78
72 90
6 72
8 70
28 34
7 87
0 12
7 81
11 80
27 48
3 29
69 71
1 65
11 82
29 64
55 64
25 55
73 82
4 27
17 38
22 71
75 99
26 27
32 54
17 89
37 67
37 57
11 72
67 95
17 77
69 75
2 3
50 75
83 95
32 37
50 51
6 23
55 94
12 46
9 47
68 96
8 69
16 29
46 66
27 94
68 81
22 75
1 87
45 61
17 66
68 82
5 48
39 42
58 65
2 89
73 95
4 52
6 66
44 79
53 89
25 81
29 32
54 57
20 29
8 22
41 86
53 93
62 90
11 73
93 97
1 19
26 84
13 72
54 80
25 72
34 97
47 95
14 71
43 72
20 42
74 77
7 40
38 95
32 82
43 84
13 39
28 30
7 65
31 32
62 77
54 97
2 69
7 19
19 45
12 93
2 44
18 46
0 58
39 97
4 88
42 91
28 94
2 41
8 55
61 94
46 70
24 40
39 87
37 93
10 35
23 71
12 43
76 81
48 94
15 73
2 22
45 81
20 70
42 69
60 77
5 8
51 61
32 35
45 65
46 61
53 97
3 17
44 59
55 87
35 50
38 72
33 49
66 92
30 71
11 60
24 99
59 75
47 85
58 68
73 94
39 95
22 42
55 98
12 74
55 99
56 62
35 40
3 90
44 62
35 53
13 19
32 64
1 11
27 85
47 61
61 98
27 92
37 49
1 70
26 34
25 34
93 99
7 9
42 45
14 90
38 77
74 79
0 14
30 38
12 16
25 92
12 56
36 91
48 69
56 90
10 95
14 74
71 78
0 35
38 80
0 99
73 96
25 70
11 20
22 48
46 99
27 98
24 70
7 29
4 49
36 85
68 98
17 93
58 74
63 77
40 72
26 77
28 96
18 73
2 54
31 96
7 42
12 48
42 71
8 40
23 28
5 95
40 45
4 84
28 77
8 21
89 95
4 41
26 58
35 73
12 76
31 56
24 66
51 86
72 91
1 42
35 74
53 80
31 57
28 78
12 55
29 57
61 64
62 66
40 68
4 18
28 82
0 81
35 71
16 62
68 70
25 64
12 37
48 96
30 63
28 81
47 66
66 76
73 85
31 49
40 76
19 61
30 60
72 86
61 97
72 81
15 47
68 97
15 56
41 50
15 63
2 53
17 31
69 87
50 82
75 79
9 46
9 63
65 88
54 67
3 31
41 62
2 34
18 76
4 55
19 77
34 71
8 17
56 99
48 65
32 92
2 93
18 24
55 92
5 97
47 80
19 37
60 61
16 99
11 47
27 43
22 87
65 78
75 94
25 40
48 86
13 84
29 49
24 61
57 82
77 95
35 81
47 82
55 75
62 68
64 84
3 95
29 51
56 97
2 39
8 95
7 70
39 91
36 88
8 80
48 50
54 83
21 46
20 21
44 69
66 95
73 80
9 45
72 79
34 75
19 71
74 99
43 99
14 59
35 57
26 87
22 44
28 98
5 44
8 34
16 90
61 76
35 68
63 72
15 87
27 41
9 14
48 98
70 76
19 33
1 21
43 65
16 97
7 11
29 92
41 79
57 64
28 97
14 84
71 77
76 99
28 58
9 42
73 98
40 82
9 38
25 30
26 55
48 82
48 59
5 42
12 33
51 79
12 13
29 45
16 31
93 95
34 42
46 62
54 89
36 52
30 75
17 30
84 96
21 25
0 40
14 68
6 18
47 94
74 81
75 96
1 31
55 71
52 65
21 24
9 24
30 62
15 16
31 65
10 62
31 94
48 99
5 43
38 78
31 98
45 70
19 91
11 14
3 53
38 92
54 93
44 81
18 65
24 62
59 71
10 65
28 70
50 71
23 65
14 73
2 61
38 64
41 85
32 96
28 40
28 62
25 77
58 71
38 58
2 68
17 58
46 97
39 41
47 96
24 97
59 96
1 90
69 99
4 66
9 99
23 38
0 70
44 55
21 68
84 88
59 64
30 48
32 94
34 48
51 81
43 86
6 64
58 60
15 38
12 39
13 27
22 99
71 86
84 94
19 30
57 92
10 67
5 87
13 94
75 82
20 31
12 69
39 99
18 47
2 5
19 53
81 82
35 79
48 55
10 32
11 46
69 80
35 86
49 82
84 92
58 63
26 59
55 85
35 47
20 90
58 62
23 75
37 99
44 70
63 78
12 22
9 76
7 21
2 56
4 60
9 85
43 69
80 83
40 51
22 80
25 85
67 80
23 48
9 51
35 49
77 97
11 63
43 50
75 78
53 56
22 43
6 92
61 63
11 45
6 53
75 77
4 59
10 83
5 13
44 85
14 32
10 93
41 59
31 95
75 98
60 66
17 56
43 94
61 92
10 49
90 96
44 72
2 28
34 87
51 87
53 82
19 54
75 81
28 35
48 78
6 90
59 94
84 91
52 84
40 74
48 79
23 63
0 66
60 78
66 68
10 82
26 50
2 16
38 61
10 89
9 12
91 94
21 76
10 57
25 78
14 28
0 97
8 72
44 92
75 97
23 25
6 82
19 66
61 68
31 62
0 62
82 86
90 97
35 54
49 64
65 71
12 20
9 96
11 42
13 99
21 45
17 25
12 91
9 68
70 74
13 96
13 65
34 80
0 18
79 82
48 77
11 38
29 65
7 31
70 72
34 44
33 36
62 76
51 65
11 24
47 98
2 46
0 61
61 80
2 24
43 59
84 98
86 88
33 99
16 17
21 28
57 96
53 72
88 97
83 85
31 64
23 60
19 58
30 95
13 69
26 42
19 51
29 46
32 98
20 62
33 92
25 58
40 44
67 85
7 90
26 86
17 18
73 90
76 97
44 64
8 77
0 21
43 96
13 22
8 30
11 99
9 87
57 94
62 75
14 48
18 68
66 74
11 85
60 72
35 70
25 95
29 73
38 66
63 66
34 99
58 75
59 92
17 29
80 89
59 98
11 96
11 51
66 97
16 53
4 50
18 26
13 86
14 47
63 64
58 95
12 45
6 35
63 92
2 77
3 80
21 44
49 92
19 26
56 95
71 79
13 98
20 99
18 74
6 54
70 75
91 96
27 91
14 50
11 76
0 9
15 20
3 54
12 34
7 12
90 94
25 94
13 50
1 12
50 64
74 97
2 75
43 79
40 75
1 62
14 57
4 61
1 15
41 81
2 90
12 71
36 37
48 58
35 48
5 91
42 51
0 2
52 86
53 60
2 88
5 99
19 90
90 98
62 74
61 74
9 94
8 92
3 85
25 82
5 12
39 88
43 98
17 78
25 80
51 70
