100 2892 579.2408825350642 dense
0 540 469
1 964 633
2 769 764
3 466 567
4 123 855
5 713 923
6 416 550
7 457 12
8 20 487
9 359 398
10 596 977
11 194 454
12 557 941
13 259 707
14 162 811
15 872 368
16 293 361
17 976 393
18 629 407
19 834 744
20 63 923
21 532 804
22 523 501
23 212 56
24 66 676
25 130 129
26 853 557
27 632 335
28 162 49
29 243 218
30 885 537
31 871 33
32 812 565
33 813 260
34 965 603
35 639 316
36 475 252
37 871 269
38 405 811
39 188 93
40 26 851
41 44 917
42 856 357
43 240 15
44 771 164
45 888 103
46 394 776
47 317 694
48 399 534
49 804 329
50 743 444
51 249 490
52 273 805
53 900 491
54 149 748
55 868 680
56 636 102
57 395 267
58 134 800
59 499 42
60 285 143
61 476 431
62 375 214
63 287 45
64 45 459
65 934 235
66 112 732
67 234 457
68 210 728
69 166 299
70 840 513
71 74 372
72 174 317
73 20 73
74 849 439
75 41 474
76 27 255
77 982 808
78 682 174
79 382 657
80 820 49
81 946 337
82 628 371
83 939 268
84 187 998
85 407 330
86 148 979
87 0 509
88 689 130
89 614 175
90 858 70
91 595 936
92 375 976
93 41 167
94 531 421
95 652 196
96 787 314
97 732 444
98 566 235
99 640 482
50 97
64 75
15 42
69 72
20 41
27 35
49 96
6 48
8 75
8 87
1 34
14 58
65 83
18 82
27 82
0 22
51 67
38 46
78 95
8 64
26 30
12 91
31 90
11 67
54 66
10 91
26 32
84 86
80 90
89 95
23 39
78 88
45 90
26 70
30 53
0 94
23 43
23 28
30 70
28 39
7 59
3 6
10 12
13 68
31 80
75 87
54 58
43 63
61 94
4 58
35 82
57 62
33 37
4 14
42 49
32 70
13 47
33 96
56 88
17 81
53 70
57 85
54 68
14 54
11 51
64 87
2 19
37 83
78 89
25 39
40 41
81 83
33 49
58 66
37 65
31 45
18 27
19 55
24 66
53 74
0 61
70 74
15 74
3 48
47 79
9 16
88 95
23 63
18 99
56 89
89 98
30 32
15 49
15 81
22 94
20 40
26 53
42 96
36 57
42 74
9 85
22 61
28 43
56 78
29 60
25 28
45 80
3 22
88 89
44 88
76 93
37 42
44 78
37 49
4 20
18 35
64 71
42 81
36 98
14 66
39 43
95 98
37 96
56 95
14 68
73 93
25 93
4 40
60 63
66 68
13 52
18 94
15 37
52 68
97 99
4 41
15 96
0 99
37 81
20 86
65 81
36 85
30 34
30 74
58 68
33 44
33 42
50 74
1 55
15 17
36 62
71 75
0 18
35 98
39 60
82 94
18 97
23 25
50 99
24 54
39 63
4 54
14 52
82 99
29 69
47 68
6 79
46 47
16 67
23 60
71 72
60 62
32 53
74 97
13 54
69 71
6 22
26 74
16 85
22 99
5 91
49 74
50 70
47 52
40 58
46 79
27 98
18 50
62 85
15 83
29 72
35 95
26 34
41 86
9 61
42 83
61 85
0 3
15 33
3 79
44 95
25 73
4 66
33 65
34 55
26 55
17 53
48 79
1 30
46 52
94 99
44 80
28 63
17 42
71 76
15 53
33 83
4 86
16 72
8 71
82 97
21 38
32 55
44 90
70 97
22 48
48 61
5 10
34 53
2 55
49 50
17 83
78 98
32 74
0 82
44 45
29 62
38 52
27 94
13 79
6 61
1 26
17 74
43 60
49 97
11 16
9 57
50 82
16 51
3 61
52 54
29 39
50 96
9 67
11 72
16 57
52 58
12 21
32 50
74 96
45 65
27 95
74 81
21 46
42 53
96 97
16 69
24 58
18 22
14 40
9 48
20 58
13 14
49 81
42 50
35 89
9 51
25 29
30 55
28 73
42 65
20 84
37 44
32 97
11 71
69 76
21 91
38 47
15 65
40 66
27 99
41 58
27 97
35 96
0 6
49 83
35 78
15 70
44 56
11 64
13 66
82 98
14 20
56 59
15 50
56 98
35 94
44 96
42 97
16 29
13 46
67 72
24 68
33 81
85 94
4 68
80 88
34 70
11 75
28 60
18 61
0 48
27 50
25 60
38 79
71 87
1 53
13 58
48 51
27 96
4 84
33 78
42 70
5 12
44 89
11 69
32 34
26 50
4 52
35 97
25 43
14 41
83 96
36 89
15 97
72 76
29 57
3 94
49 65
40 54
81 96
53 81
27 89
19 77
88 98
6 9
17 37
0 27
25 76
61 82
17 65
50 53
41 84
39 93
31 44
35 50
23 29
35 49
26 97
14 24
57 60
35 99
1 32
37 45
65 96
22 82
38 92
44 49
16 62
2 5
14 86
27 78
82 96
28 93
39 73
55 70
15 30
30 50
17 30
1 19
55 77
37 74
61 99
67 69
27 49
1 70
45 83
6 94
7 63
33 95
9 94
48 94
25 69
57 98
33 45
9 11
53 97
6 47
78 96
59 89
1 77
35 36
47 54
82 95
52 66
40 86
8 11
6 51
27 36
44 65
36 94
25 63
29 63
36 61
30 97
13 38
95 96
88 90
24 40
58 86
24 87
33 88
47 48
19 32
49 82
67 71
17 70
65 90
69 93
48 67
73 76
0 35
30 42
33 74
33 35
57 61
27 61
18 98
18 96
17 49
52 79
10 21
9 62
85 98
12 92
36 95
68 79
78 80
9 36
28 29
49 70
4 24
19 26
49 53
51 72
14 84
64 67
94 98
84 92
15 26
46 68
62 63
32 99
56 80
18 49
53 55
64 72
62 98
0 85
19 34
35 88
23 73
25 72
74 83
0 97
3 99
9 22
67 75
36 82
14 47
0 9
8 24
20 54
33 90
13 24
3 47
27 33
16 61
60 69
82 89
33 50
41 66
20 66
49 78
44 83
22 27
29 85
41 54
52 92
37 90
35 61
12 38
26 42
3 9
7 56
72 93
64 69
45 88
34 74
46 92
4 13
33 97
35 44
11 87
9 72
49 95
94 97
70 99
16 48
29 43
24 75
2 32
23 93
48 85
78 82
59 98
6 67
78 90
0 50
64 76
17 96
58 84
17 26
70 81
57 94
34 77
72 75
15 32
70 96
31 88
51 64
60 72
22 85
39 69
71 93
51 69
29 93
88 96
47 66
51 75
30 81
59 88
53 96
21 79
22 79
17 34
17 33
42 44
51 71
33 80
52 84
36 59
47 58
37 78
31 65
38 68
59 63
59 62
16 36
18 95
32 42
27 88
19 30
50 94
74 99
51 79
83 90
35 56
9 29
52 86
67 85
47 51
69 75
61 98
33 82
5 19
8 67
7 60
33 89
5 21
22 97
37 50
9 69
44 98
7 43
59 95
13 51
2 77
45 78
7 62
24 64
40 84
16 60
65 80
22 35
18 36
36 60
29 76
16 71
75 76
36 56
11 48
6 85
27 44
35 42
65 74
10 92
3 46
36 78
40 68
89 96
6 13
18 74
13 48
39 62
30 49
80 95
96 99
60 85
2 26
37 97
91 92
37 53
49 99
56 90
39 72
82 85
51 85
27 85
27 42
6 16
1 74
62 69
59 78
26 99
37 80
62 72
7 89
53 83
0 36
57 72
23 62
86 92
6 46
22 50
38 91
43 73
15 44
39 76
3 18
42 82
29 71
37 88
8 51
8 72
50 81
49 88
3 51
37 95
54 86
19 70
57 69
74 82
12 46
8 76
35 85
18 42
18 89
21 92
27 56
26 49
72 85
45 96
6 99
31 33
29 36
51 61
14 46
96 98
1 2
18 85
0 98
18 33
31 78
31 37
18 70
32 49
59 60
35 37
33 56
57 89
17 32
8 69
17 50
15 35
26 81
18 78
29 67
81 97
61 62
67 87
1 17
2 21
43 62
27 74
7 36
20 52
11 29
45 81
45 49
51 68
80 89
90 95
21 47
55 74
18 32
6 11
24 41
46 48
62 89
15 27
69 85
14 38
35 74
61 67
30 96
24 52
15 82
20 68
3 85
49 89
31 83
2 91
61 79
31 56
60 93
16 94
0 79
37 70
3 21
44 81
15 18
28 76
36 88
11 85
48 99
27 57
46 54
33 53
57 63
20 24
23 69
57 59
27 37
7 98
33 98
82 88
0 57
67 79
35 57
7 23
57 67
80 83
17 97
25 71
66 87
42 99
66 86
51 87
3 13
28 69
54 79
43 93
30 99
47 67
40 52
13 67
3 38
41 68
44 82
24 47
26 96
45 56
4 47
32 96
42 78
15 34
54 84
10 38
22 36
2 34
45 95
90 96
3 82
33 70
2 30
41 52
57 82
70 82
76 87
94 95
49 98
42 45
11 24
61 97
6 18
3 67
46 91
98 99
53 65
15 99
68 86
85 89
21 52
72 87
62 94
65 78
25 62
89 94
11 76
42 95
9 79
53 99
56 96
7 88
43 59
95 97
2 70
24 51
46 58
11 13
6 38
19 53
8 66
7 57
18 48
50 83
9 98
37 82
38 54
23 72
50 95
70 83
32 81
49 90
15 45
9 60
89 90
29 73
51 57
65 88
57 95
16 64
34 81
22 57
97 98
48 57
80 96
50 55
50 61
32 82
66 75
69 87
7 95
28 72
30 37
63 73
14 79
3 16
69 73
34 42
56 82
16 22
28 62
14 92
22 98
0 16
18 26
11 47
9 18
9 82
39 57
48 68
68 84
38 58
15 78
83 97
23 76
67 68
29 51
6 68
55 97
18 57
31 95
34 50
78 83
37 89
27 70
50 98
13 40
60 73
22 51
30 83
2 10
11 68
11 57
63 93
78 97
24 67
2 12
16 75
66 84
11 79
51 54
50 78
38 48
7 78
6 82
94 96
62 95
51 66
85 99
18 37
79 94
6 21
85 95
15 95
23 57
4 92
36 63
9 27
66 79
49 80
1 15
7 39
62 67
48 82
64 66
81 90
60 76
63 69
44 50
35 70
18 44
33 99
54 87
42 88
34 97
26 77
4 46
22 47
49 56
44 97
11 61
35 62
36 99
50 65
45 89
18 88
16 25
18 53
6 57
56 62
27 62
65 95
10 46
3 27
4 38
46 66
83 88
44 74
9 71
30 33
95 99
58 79
16 76
42 90
18 30
38 84
23 59
16 39
30 77
47 92
49 94
5 55
37 56
0 32
72 73
26 37
67 76
78 94
13 21
11 66
51 94
65 97
1 50
61 89
8 54
0 96
13 20
0 51
9 35
26 82
64 93
27 32
36 48
56 57
22 67
6 52
5 77
13 92
3 97
31 96
9 99
65 70
43 69
61 95
31 89
89 97
13 86
54 75
3 11
63 72
0 95
60 98
43 57
83 95
22 32
1 42
1 81
32 77
7 29
53 82
7 28
11 54
62 82
68 92
44 59
15 90
50 89
58 92
25 57
0 49
48 52
9 47
67 94
1 97
26 33
13 84
15 88
13 41
11 62
8 16
16 98
66 67
21 48
39 71
26 83
57 78
32 37
55 99
59 85
3 68
42 89
2 53
17 45
3 50
21 22
54 67
0 89
32 35
0 70
51 62
68 87
38 66
31 49
46 84
0 62
22 46
6 36
35 83
71 73
24 71
6 27
3 35
32 33
18 56
68 75
19 74
35 65
30 65
30 82
0 67
27 48
3 52
19 91
17 55
8 68
37 98
75 93
38 86
54 64
47 61
17 44
35 59
35 81
19 21
36 72
89 99
3 57
36 44
16 79
43 72
63 85
62 78
27 53
42 80
2 99
78 81
0 74
29 59
78 99
60 71
79 99
29 64
15 55
36 69
48 72
74 95
31 81
74 78
26 27
19 50
24 86
27 81
37 99
27 83
35 53
80 81
42 98
80 98
12 52
3 36
39 59
16 23
64 68
29 61
32 94
51 52
16 63
78 85
36 67
20 92
24 79
0 47
19 97
88 97
22 70
34 49
16 93
36 96
60 67
27 65
74 94
50 88
46 86
18 62
79 92
28 57
13 75
81 82
9 64
58 87
46 51
8 93
36 97
43 76
48 62
54 92
2 50
59 80
27 59
7 85
2 97
15 89
26 35
70 94
35 80
39 85
61 72
22 62
32 83
56 85
15 80
42 55
6 35
51 76
29 98
22 96
27 30
11 60
35 48
31 42
57 88
18 81
33 94
9 13
8 13
62 88
0 26
11 93
65 89
57 99
19 99
4 79
13 87
81 95
29 75
56 65
9 75
70 77
0 78
53 77
13 64
82 83
35 45
5 38
79 85
23 36
36 39
36 51
16 87
48 54
35 90
61 78
22 49
36 50
81 88
60 89
47 84
51 58
40 47
30 35
21 68
48 69
88 94
22 95
11 25
42 94
47 86
22 38
22 74
26 65
61 96
11 22
6 54
14 51
10 19
8 58
6 97
12 79
15 98
36 43
16 47
63 76
2 74
22 26
28 71
13 22
65 82
15 31
0 21
16 82
0 42
90 98
71 85
56 94
6 72
34 83
41 92
23 85
42 56
61 69
28 59
62 93
63 98
57 71
36 49
83 89
33 36
45 74
16 28
22 89
6 62
11 94
81 99
9 89
58 75
16 18
34 96
21 99
18 83
12 19
0 46
62 71
16 27
25 64
20 47
5 92
25 85
27 80
48 98
14 87
24 46
40 87
49 61
1 49
6 50
0 33
17 90
44 99
24 84
25 67
12 47
85 97
87 93
23 71
48 97
15 94
27 45
56 83
60 61
17 35
85 88
3 32
11 36
0 11
3 98
34 99
47 94
34 37
0 15
17 18
7 25
17 99
52 91
13 16
74 88
45 98
27 90
67 93
48 66
17 82
17 27
7 44
51 60
74 98
6 98
16 35
8 29
26 94
9 39
16 43
18 65
52 67
62 76
8 9
79 91
13 61
11 58
5 46
18 79
44 53
0 30
44 94
55 81
32 65
63 89
29 94
29 48
58 64
41 47
47 75
9 25
56 60
59 82
74 89
56 63
8 14
6 69
7 35
6 66
46 61
50 85
56 97
88 99
48 50
15 56
44 70
9 95
25 75
43 85
49 55
46 67
38 51
58 67
1 99
14 75
21 55
50 56
11 14
66 92
47 64
11 52
20 38
59 90
2 22
9 63
0 53
11 39
14 67
2 3
9 76
32 61
48 64
66 71
24 48
8 47
9 68
20 46
22 42
18 55
48 75
48 71
22 78
22 30
8 40
6 14
3 62
14 48
1 96
7 80
24 38
3 54
31 98
56 61
1 83
31 35
10 52
25 36
17 78
39 67
2 38
47 87
4 87
7 27
16 99
0 38
83 99
57 93
65 98
21 32
57 76
0 13
70 95
47 91
61 88
74 90
34 65
81 89
14 21
0 88
45 50
40 92
60 95
14 64
16 89
60 94
5 32
72 94
6 24
31 59
9 23
37 94
30 94
28 85
28 36
61 74
61 70
45 82
0 2
15 22
29 89
70 78
55 91
12 84
6 29
83 98
8 25
55 96
24 72
80 82
47 85
45 97
17 31
33 34
2 46
48 58
40 46
53 94
1 37
9 87
9 97
38 41
16 68
6 58
62 99
22 33
22 53
21 61
79 82
40 75
41 46
17 80
3 70
33 61
15 19
17 19
82 90
12 13
11 46
25 59
29 87
17 95
0 56
9 46
16 59
56 99
25 51
85 96
59 94
46 94
57 97
68 71
38 40
8 48
62 73
6 64
4 8
33 59
9 59
0 44
6 75
13 71
21 94
46 99
54 71
2 18
1 5
65 99
51 93
64 85
3 72
53 78
69 94
3 12
10 79
27 31
53 95
6 71
7 16
4 51
47 99
38 61
22 68
0 37
9 50
64 73
75 79
21 54
3 26
42 61
76 85
18 59
19 42
45 53
16 24
22 55
0 29
18 51
18 34
56 81
17 88
59 61
4 75
3 14
44 57
0 55
30 44
24 69
57 79
63 71
70 98
50 57
3 66
64 79
3 91
74 80
51 99
55 82
50 90
5 26
74 77
40 64
79 84
39 64
9 93
9 78
38 67
43 98
75 85
81 98
22 52
43 71
45 59
35 60
18 19
22 72
90 97
19 22
13 94
57 96
63 95
16 95
36 42
21 84
59 96
6 32
0 72
36 37
27 60
23 98
60 64
16 73
49 85
51 82
10 47
26 61
7 82
44 61
21 58
79 86
22 29
18 67
60 78
7 9
11 23
72 79
56 74
61 68
1 65
44 62
13 72
57 64
18 45
67 98
48 87
8 79
44 85
36 80
72 98
85 93
9 28
6 8
15 61
9 43
26 44
2 79
73 75
23 67
25 87
39 51
32 95
3 69
1 33
50 80
0 19
52 87
10 55
32 44
47 72
67 82
47 71
4 64
39 98
3 74
9 24
1 18
52 75
60 88
38 99
80 97
13 85
21 26
69 98
7 90
9 56
40 79
43 56
3 58
18 80
12 55
27 29
11 28
61 71
8 52
22 88
31 74
70 89
13 91
67 99
43 89
51 98
12 68
4 11
48 60
5 34
18 90
77 91
27 79
29 35
9 54
3 19
39 75
18 21
7 69
3 96
34 82
2 15
10 84
29 95
79 87
79 97
29 56
38 94
57 75
22 69
41 87
12 86
0 69
63 88
62 64
37 55
60 75
32 98
70 88
21 97
60 82
33 85
32 78
4 21
68 72
84 91
16 66
45 70
2 6
16 54
30 95
27 51
26 95
4 67
3 49
15 36
49 57
0 60
8 73
3 29
32 48
29 82
28 67
52 64
7 31
3 24
11 38
22 56
3 95
17 77
20 79
63 67
9 66
63 78
36 79
9 38
7 94
6 12
12 14
30 78
9 52
7 72
19 49
2 42
27 67
31 82
21 50
2 94
2 82
3 55
8 85
27 55
6 87
33 57
55 83
69 79
53 88
36 74
22 37
22 44
48 89
13 69
36 71
20 87
49 59
11 73
3 92
3 89
50 79
23 89
7 61
11 63
26 78
0 68
66 72
71 79
3 30
59 69
53 98
10 77
21 86
19 81
48 95
57 73
30 61
17 89
5 30
21 51
24 76
47 69
4 6
53 90
62 75
4 48
81 94
33 55
21 70
18 47
62 96
36 90
6 89
40 51
5 79
62 97
2 17
55 94
9 88
6 95
6 91
52 61
6 70
59 72
1 82
19 82
21 66
53 89
28 64
41 79
23 56
0 81
37 61
35 79
35 51
16 46
27 34
6 60
6 92
53 61
8 39
35 67
0 59
0 52
5 70
18 29
61 63
16 56
32 91
22 60
35 55
3 10
31 50
8 41
24 92
7 18
11 40
68 69
26 98
16 78
11 98
54 72
10 13
61 64
58 71
19 96
3 5
18 60
39 89
7 33
31 97
50 62
30 45
47 57
19 38
8 60
34 35
3 64
8 57
3 75
50 77
23 51
2 48
83 94
37 59
9 96
23 64
66 69
2 49
73 87
12 48
6 26
61 75
32 89
18 46
11 18
68 91
3 71
8 20
36 45
30 98
17 98
67 73
6 96
32 79
33 62
7 45
3 53
22 91
19 46
29 78
7 73
12 22
9 21
11 43
48 70
77 97
11 82
28 75
43 67
36 93
4 12
13 99
0 17
21 30
48 92
19 94
3 42
41 75
62 79
70 90
21 82
2 61
65 94
7 93
39 61
68 85
49 62
68 94
35 63
16 52
85 87
28 98
12 77
18 31
40 67
0 34
17 94
12 58
48 96
1 27
46 85
6 49
51 63
0 83
16 97
11 99
6 74
5 99
48 91
7 96
2 92
17 56
14 71
8 62
3 4
10 86
36 76
39 56
22 54
63 94
47 82
3 78
25 98
36 70
86 91
53 80
54 69
28 51
20 75
42 85
55 65
43 95
21 77
9 49
2 27
2 96
26 89
14 91
27 63
12 54
23 75
30 88
32 88
3 15
30 89
31 36
45 99
3 8
15 77
22 34
22 81
11 27
48 49
1 35
12 32
26 48
29 88
0 1
74 85
26 45
54 61
5 52
19 27
91 99
39 87
72 82
2 47
21 67
26 88
5 47
9 14
16 50
48 78
41 64
0 65
27 72
16 88
26 91
23 61
56 70
31 53
25 61
36 65
10 68
8 61
71 94
22 59
48 74
32 36
19 79
1 22
79 98
8 28
29 79
13 57
6 78
9 58
6 19
3 60
23 95
18 38
59 99
2 81
72 89
52 94
5 22
57 87
3 33
6 10
43 88
16 38
18 72
60 87
36 83
20 64
55 61
70 80
0 7
46 75
73 85
1 21
59 97
10 14
69 89
48 76
35 72
10 32
17 22
11 35
90 99
12 99
2 35
15 85
16 58
22 71
27 69
69 82
46 82
30 90
37 85
32 45
32 46
32 85
42 77
14 16
80 99
6 30
28 89
36 47
3 87
9 73
42 57
43 78
7 49
70 85
53 56
0 91
50 59
6 55
19 35
34 94
5 53
80 94
20 51
22 66
46 64
63 82
8 23
0 12
61 66
77 81
77 99
8 46
67 89
35 69
41 51
46 97
9 44
9 33
39 94
62 80
59 93
43 51
39 95
18 69
19 61
32 38
51 73
14 22
59 65
46 87
0 71
37 57
42 59
13 18
19 37
52 71
29 99
5 6
22 83
28 56
62 87
36 64
21 34
1 91
27 47
24 61
57 80
45 94
43 61
36 81
4 91
61 81
5 97
63 64
21 27
90 94
22 64
5 50
34 44
59 73
70 79
0 54
6 42
58 91
31 70
38 85
38 55
40 71
26 79
10 22
46 50
29 47
1 94
51 89
61 76
61 87
23 88
22 75
9 32
19 48
21 53
21 24
21 74
47 62
46 55
20 21
54 91
19 33
47 97
66 76
23 78
58 72
23 94
10 48
12 26
43 64
51 97
4 71
57 74
26 36
24 85
0 5
30 48
25 89
25 48
44 60
55 79
11 21
11 41
11 20
26 90
7 37
19 83
36 75
64 94
15 57
6 53
36 53
28 87
6 76
4 10
70 91
39 48
52 99
36 73
13 29
22 24
40 48
22 65
42 48
21 85
3 88
22 58
61 83
60 99
6 15
24 29
48 55
54 85
38 97
12 66
6 33
9 74
30 80
10 26
59 67
6 40
48 56
86 87
67 95
75 94
14 61
72 95
30 91
38 82
7 22
52 85
0 63
7 76
47 50
14 72
12 20
72 99
28 61
63 75
9 70
59 83
10 58
3 56
0 64
32 56
15 59
68 99
38 75
25 94
50 51
16 96
20 67
33 48
35 47
57 68
69 95
10 99
32 90
48 88
22 92
2 52
41 67
7 67
34 91
52 72
18 63
67 97
61 65
44 63
66 85
9 42
51 95
38 50
0 75
37 62
13 82
6 56
51 86
30 36
43 94
80 85
21 35
35 43
5 48
23 35
23 87
43 75
3 34
26 85
39 78
21 41
6 88
27 46
30 56
15 48
17 61
48 63
42 62
58 69
48 59
51 92
10 54
0 66
1 3
39 88
5 74
5 13
3 37
48 53
54 94
58 61
35 39
6 84
57 90
8 38
8 22
16 21
38 64
13 36
1 10
62 90
26 56
30 31
23 27
11 89
7 99
0 80
31 99
0 45
38 87
2 37
3 44
27 39
6 86
34 45
2 33
27 43
13 62
25 56
1 44
68 76
54 76
13 76
69 99
21 40
8 86
57 70
26 46
61 93
6 25
46 72
46 57
26 80
50 67
56 72
24 93
56 69
0 14
48 84
0 90
1 12
6 39
91 97
71 98
48 86
49 77
29 68
0 10
32 47
28 95
51 84
16 49
14 69
7 97
8 36
32 57
11 59
48 93
51 59
12 70
2 13
23 48
3 84
34 95
22 63
6 20
12 41
50 91
9 15
34 78
20 48
61 80
19 92
7 11
4 9
6 59
26 38
0 39
8 94
74 79
46 71
31 94
32 80
75 86
8 63
12 61
16 44
30 79
52 69
0 24
46 70
59 76
7 50
34 61
53 85
19 65
61 91
9 26
91 94
19 47
45 57
0 8
15 62
12 30
3 86
17 36
39 82
85 90
12 94
8 43
30 85
35 46
6 63
7 51
23 82
66 94
47 98
41 48
4 16
6 41
5 18
22 87
60 79
84 87
3 40
0 58
28 94
10 70
26 31
66 91
2 83
6 44
44 48
62 74
45 62
24 57
44 55
7 48
10 34
61 90
7 71
11 95
3 59
47 76
25 95
10 30
7 65
43 82
45 61
13 27
12 97
11 86
38 70
27 38
0 23
7 42
72 78
18 68
22 39
31 62
9 37
1 61
46 69
67 86
59 74
93 98
16 33
12 34
67 78
55 95
18 91
64 86
36 46
60 96
24 94
31 57
29 66
76 94
12 50
79 96
29 44
69 78
77 96
5 84
45 85
20 91
3 81
0 25
63 80
0 92
28 88
5 94
18 52
4 22
18 77
79 95
6 23
49 79
6 37
28 78
79 89
31 32
1 45
65 85
59 81
83 85
10 20
6 93
51 78
56 67
76 79
14 94
1 95
8 84
3 20
55 98
67 92
59 71
11 97
87 94
29 54
12 40
3 76
29 97
1 78
12 18
3 17
60 97
81 85
55 78
76 98
5 68
53 91
6 7
14 85
28 48
62 68
57 65
22 45
36 87
54 57
4 72
33 60
22 80
22 25
13 97
37 48
18 39
0 87
77 83
26 57
25 35
10 66
25 27
34 98
43 48
22 23
67 84
60 80
58 85
34 90
53 79
75 84
57 83
11 84
9 30
38 57
0 43
57 66
36 68
18 23
13 35
38 72
63 87
7 83
41 71
22 90
30 46
5 61
12 51
28 35
7 15
21 49
0 31
35 38
34 88
72 88
51 56
50 60
3 41
29 50
58 94
9 53
11 50
43 87
3 39
2 9
69 88
68 82
38 71
10 97
27 28
37 77
24 25
13 50
31 85
20 71
47 55
49 60
41 91
43 44
6 34
52 57
4 61
3 63
93 94
47 60
3 25
21 42
22 77
18 43
21 96
29 96
53 57
11 92
30 38
62 70
15 21
10 50
26 47
47 70
34 89
22 76
25 82
25 78
71 82
40 72
2 65
21 57
1 6
61 92
21 36
3 7
10 41
58 76
57 81
24 62
0 76
18 71
0 77
64 84
16 32
4 69
12 24
16 40
74 91
54 99
5 82
25 88
10 61
27 71
62 65
30 57
3 83
10 94
2 68
67 88
32 62
92 99
52 82
31 61
42 79
16 74
6 28
63 99
9 40
5 14
46 62
22 43
77 82
11 78
1 98
16 42
13 98
6 43
36 38
19 52
51 91
13 60
38 69
11 56
0 28
2 85
55 89
12 53
82 91
51 96
46 74
28 82
62 83
2 98
64 98
46 98
16 70
35 71
5 86
63 96
32 51
0 4
33 63
51 88
78 79
15 79
23 44
66 93
40 69
3 77
73 98
21 98
34 48
3 23
13 32
10 18
67 96
6 81
18 25
29 33
63 90
29 49
14 76
72 97
17 85
34 80
1 90
89 93
10 53
1 88
33 77
1 48
3 65
12 82
71 89
65 77
55 92
19 98
40 91
13 19
24 60
1 89
92 94
71 99
27 68
75 98
38 77
5 15
45 55
19 95
60 90
31 34
49 51
9 12
29 46
9 80
9 92
55 88
22 28
55 85
15 16
38 74
