100 4690 937.2134228658913 dense
0 1 48
1 643 453
2 805 477
3 556 5
4 13 888
5 370 441
6 304 303
7 374 775
8 318 407
9 405 25
10 158 486
11 541 107
12 419 13
13 145 823
14 929 316
15 278 845
16 710 547
17 10 123
18 425 427
19 841 327
20 52 250
21 963 642
22 227 53
23 907 648
24 558 996
25 950 191
26 975 413
27 931 362
28 976 857
29 945 988
30 916 850
31 123 470
32 878 520
33 937 131
34 290 820
35 254 620
36 538 502
37 501 212
38 384 241
39 206 197
40 843 518
41 547 485
42 75 207
43 56 571
44 170 762
45 84 559
46 528 303
47 897 805
48 887 745
49 259 927
50 417 925
51 439 646
52 807 217
53 328 15
54 714 430
55 756 511
56 629 515
57 331 879
58 225 420
59 132 282
60 966 321
61 454 40
62 173 581
63 882 242
64 407 476
65 210 574
66 811 686
67 340 230
68 122 334
69 380 819
70 291 933
71 328 417
72 43 533
73 560 34
74 700 580
75 284 910
76 664 559
77 674 454
78 250 831
79 470 912
80 940 635
81 663 863
82 861 530
83 141 7
84 840 182
85 526 520
86 993 551
87 93 841
88 831 784
89 263 307
90 150 998
91 56 706
92 778 262
93 460 23
94 563 84
95 212 868
96 387 749
97 106 280
98 719 189
99 1000 440
8 71
61 93
9 12
36 41
32 82
40 82
36 85
70 75
21 80
59 97
15 34
7 96
3 73
49 75
43 45
1 77
15 78
11 94
49 70
16 74
32 40
23 80
26 99
14 60
62 65
10 31
43 72
41 85
6 89
34 78
74 76
12 93
12 61
7 69
38 67
14 27
54 77
16 76
52 84
5 71
45 72
20 42
30 47
73 94
5 64
9 61
18 64
59 68
78 95
52 92
27 60
50 79
13 87
9 93
2 40
56 76
57 75
21 23
68 97
5 18
16 55
2 55
28 30
47 48
25 33
20 97
5 8
15 57
1 56
35 65
15 75
13 44
57 70
26 27
48 88
47 88
15 95
69 96
34 57
63 84
1 54
11 73
49 95
0 17
56 77
2 82
57 69
9 53
52 63
3 94
42 97
13 95
6 67
75 95
15 49
2 32
25 63
75 78
20 59
49 57
16 56
40 55
41 56
14 63
14 19
55 74
15 70
35 62
34 69
34 75
19 92
12 53
54 55
34 95
45 62
36 56
52 98
26 60
4 87
92 98
8 58
10 58
57 78
42 59
19 63
28 47
37 46
7 34
21 86
10 62
48 66
56 74
49 78
19 27
31 45
18 71
50 57
22 83
3 93
64 71
23 48
80 86
16 77
55 77
66 88
73 93
1 41
6 38
84 92
31 72
10 65
70 95
2 54
58 71
3 11
56 85
23 66
55 76
10 45
27 99
6 8
15 69
13 78
76 77
44 78
63 92
61 73
17 42
55 82
14 26
30 88
3 61
22 53
1 76
8 18
67 89
30 48
20 68
33 84
11 61
70 78
44 87
25 84
86 99
34 49
50 69
11 37
7 57
8 64
39 59
34 70
31 58
44 95
8 89
19 52
60 63
51 96
1 16
1 36
6 71
11 93
16 54
43 62
61 94
2 16
7 15
32 86
58 89
57 95
93 94
54 56
34 96
37 38
31 43
84 98
24 79
31 62
87 95
48 80
32 55
60 99
33 63
39 89
10 72
19 60
50 70
23 82
14 25
64 85
45 65
44 91
1 55
55 56
71 89
21 48
53 61
74 77
69 79
27 63
23 86
39 97
49 90
69 78
32 80
41 77
25 60
23 32
39 42
80 82
53 93
69 75
10 43
2 77
34 44
59 89
36 64
82 86
17 20
50 75
58 68
28 29
13 15
1 85
43 91
18 41
42 68
31 65
18 36
31 68
7 78
16 40
15 44
3 12
18 85
38 89
39 67
36 76
54 76
41 76
62 72
66 80
26 86
1 74
87 91
41 64
29 30
6 58
57 96
37 94
12 73
57 79
14 99
28 48
76 85
68 89
90 95
36 77
6 39
26 32
7 51
69 70
23 40
19 84
13 34
15 96
25 52
22 39
0 83
32 99
5 58
47 66
13 91
2 74
4 13
21 32
45 91
54 74
21 82
16 82
40 80
3 9
5 6
51 85
66 74
40 86
11 12
43 65
2 19
13 49
58 65
9 73
70 90
23 88
40 74
33 52
7 50
40 54
10 68
38 46
14 52
23 47
78 87
24 50
49 50
21 66
9 11
19 26
89 97
78 96
75 90
14 92
15 50
12 94
39 68
14 84
18 46
37 67
77 85
49 69
7 75
28 88
20 39
2 76
26 82
19 54
1 2
66 82
13 75
34 50
10 35
35 44
82 99
58 59
27 32
87 90
7 79
74 82
9 94
26 40
58 62
24 81
16 32
2 27
40 66
62 91
63 98
5 89
16 66
65 72
25 27
21 40
51 64
6 18
6 59
72 91
19 25
16 41
36 51
5 85
17 83
69 95
13 90
40 99
47 80
0 42
4 90
41 54
21 47
16 36
54 82
37 61
8 67
8 10
7 70
50 96
8 38
5 36
32 66
27 40
54 92
36 74
2 56
41 74
9 22
70 79
35 45
40 77
44 62
2 26
27 82
5 41
27 92
51 69
13 70
79 96
41 46
38 39
55 66
10 71
40 76
58 97
17 97
74 85
19 98
80 88
6 68
38 71
15 87
14 33
35 96
81 88
16 85
75 79
25 92
7 95
44 75
35 51
49 87
4 91
32 54
53 83
67 71
44 49
37 73
60 84
32 74
94 98
31 59
1 46
29 47
52 60
36 54
58 64
18 38
7 49
31 97
27 52
19 40
75 96
50 78
33 60
44 65
37 93
41 51
21 88
13 57
66 76
78 90
26 63
30 66
19 99
11 98
7 35
12 22
65 71
11 46
19 32
60 92
45 58
34 87
2 99
8 65
27 86
44 57
2 23
79 81
76 82
31 35
36 46
6 97
15 90
4 95
18 58
17 59
5 38
39 83
4 44
6 64
18 89
46 67
27 84
77 82
2 86
35 58
34 79
23 30
19 55
65 91
75 87
34 35
2 14
15 79
23 55
35 43
19 82
80 99
7 44
8 31
21 99
10 59
33 92
11 38
10 89
70 96
2 80
5 65
0 20
54 85
2 66
8 68
44 70
17 39
5 46
19 77
22 67
46 77
35 64
9 37
14 32
1 40
42 83
41 55
35 78
46 64
49 79
95 96
31 71
10 97
50 95
38 61
42 89
5 67
21 30
5 35
40 56
68 72
3 37
58 72
59 67
32 77
18 67
31 89
9 67
12 37
53 67
21 28
35 91
35 71
5 51
30 80
22 42
48 82
57 90
2 92
5 10
6 37
46 85
9 38
44 96
32 76
32 60
44 69
23 74
36 55
19 33
70 87
77 92
20 89
39 53
37 98
49 96
18 51
1 18
14 40
64 65
23 28
44 45
48 86
16 23
61 67
46 94
55 80
64 89
73 98
58 67
68 71
18 56
8 35
43 44
46 98
71 85
25 26
39 58
6 46
8 59
2 60
14 82
26 80
28 80
91 95
32 48
46 54
56 64
33 98
62 71
0 22
15 35
34 90
8 62
36 71
66 86
43 58
22 61
27 54
23 99
17 22
18 37
45 68
3 53
35 72
2 21
34 51
21 26
41 71
27 55
55 85
46 71
13 35
63 99
12 38
66 81
51 56
78 91
38 93
12 67
25 98
27 33
20 31
1 82
40 48
60 86
11 53
40 60
52 54
56 82
53 73
38 53
29 88
60 82
1 92
7 13
6 10
8 46
78 79
1 19
46 56
22 93
13 69
35 69
11 67
38 64
8 85
44 90
1 64
28 66
59 71
8 39
38 94
17 68
67 93
67 97
38 58
8 36
26 55
51 65
55 86
57 87
54 98
47 81
51 76
67 68
5 62
8 41
74 88
10 91
20 58
14 54
14 86
13 62
4 78
1 32
23 26
53 94
22 38
21 55
31 91
14 98
3 98
43 68
74 80
16 80
6 31
8 97
2 63
22 59
26 92
6 42
5 31
65 96
32 56
4 49
10 64
48 74
56 66
29 48
55 92
18 77
24 69
35 95
39 71
54 63
62 68
13 96
48 81
30 81
46 92
0 39
50 81
25 99
55 99
51 71
0 97
64 67
38 59
24 57
65 68
82 88
15 51
16 19
37 89
62 64
22 89
51 57
22 97
13 65
6 20
18 35
2 41
26 52
34 65
10 20
23 76
20 83
7 65
2 52
65 78
34 91
18 65
42 58
14 55
72 97
71 97
26 54
6 22
62 78
79 95
44 72
15 91
37 53
9 39
20 22
5 37
40 92
51 78
9 83
46 89
16 48
42 67
34 62
16 88
40 88
59 72
67 94
13 43
31 42
8 37
26 84
51 79
8 51
85 96
64 77
32 88
2 36
48 55
0 59
37 71
4 15
77 98
51 74
5 56
66 77
64 76
5 68
35 57
21 74
16 21
19 86
46 73
13 45
47 86
38 73
52 77
4 75
62 87
62 96
65 89
43 87
27 77
18 76
27 80
46 61
1 5
35 87
10 18
27 98
64 96
54 66
51 62
24 70
54 60
1 98
59 83
83 97
10 44
32 92
50 90
37 41
47 82
52 94
38 68
32 63
12 83
54 84
40 63
8 45
92 94
7 62
15 65
1 37
50 51
45 97
60 98
76 88
37 64
2 48
82 92
38 97
1 51
45 59
12 39
37 92
4 70
21 27
45 87
2 85
45 71
16 86
55 88
20 72
11 92
55 60
19 56
86 88
31 64
15 62
26 33
92 99
4 34
31 39
74 81
32 47
54 99
5 59
76 80
69 81
6 65
23 27
24 75
1 66
1 52
7 24
69 87
11 52
46 93
16 27
62 89
16 51
7 87
20 67
63 82
6 53
18 54
36 96
19 74
62 95
35 85
46 76
14 77
48 76
13 50
10 42
23 54
69 90
65 87
35 75
19 76
46 52
3 38
40 47
36 37
44 51
10 39
16 92
38 41
39 61
56 92
84 94
5 39
65 95
74 86
67 73
52 99
43 97
18 62
37 39
31 44
6 9
44 50
7 85
16 26
63 77
55 63
2 84
37 77
40 41
65 69
52 55
81 96
43 59
67 83
47 74
53 89
3 46
22 68
49 91
24 96
2 98
7 64
59 62
1 27
7 81
59 65
8 72
6 61
36 38
40 52
23 77
51 77
84 99
6 41
26 77
9 46
76 81
61 98
54 86
5 77
16 46
37 54
18 31
54 80
36 40
75 91
37 52
51 75
28 86
90 91
24 49
35 49
6 36
6 62
52 73
13 72
35 36
6 11
93 98
71 72
39 93
87 96
2 88
23 56
11 84
62 97
29 81
5 96
46 55
41 96
30 86
8 20
37 85
8 43
45 89
16 99
5 97
16 18
5 45
12 46
66 99
21 76
54 64
6 85
0 68
20 45
38 42
64 74
32 52
16 64
51 58
65 97
51 81
3 67
6 12
72 87
43 71
17 89
28 81
38 85
35 89
19 46
10 67
18 74
8 42
61 83
35 68
60 80
35 70
33 99
72 89
62 69
73 92
9 89
7 90
56 71
73 84
22 37
5 76
18 68
40 85
1 71
1 14
58 85
41 82
51 95
18 39
42 53
27 74
52 82
15 24
4 57
76 92
14 16
64 68
7 36
26 66
11 22
16 47
45 78
77 84
1 63
14 80
83 93
16 81
4 43
6 93
65 85
24 34
2 25
60 77
6 35
21 60
20 43
41 92
26 74
77 80
20 71
35 41
51 70
10 51
19 80
31 67
36 58
83 89
55 98
36 82
18 96
43 78
30 82
46 58
57 91
23 81
48 99
7 91
46 74
47 55
77 99
70 91
18 59
21 54
2 46
74 92
68 83
42 72
19 23
14 21
57 65
1 23
1 8
61 89
63 86
41 67
41 58
3 52
0 53
42 71
37 56
76 86
8 56
36 66
66 85
29 66
74 99
53 59
79 90
41 66
27 76
20 38
30 32
58 91
23 60
57 81
3 22
34 45
14 23
69 85
12 89
32 41
10 38
56 80
77 86
45 64
22 73
49 51
19 41
91 96
5 7
1 26
45 95
3 84
46 84
1 38
50 87
1 84
82 85
41 89
44 79
43 89
43 95
36 65
17 53
25 54
76 96
40 84
56 88
36 67
59 64
4 45
56 96
25 32
13 79
36 89
71 96
10 13
57 62
38 83
22 94
6 45
7 41
19 21
6 83
56 98
85 89
27 56
47 76
39 46
38 98
6 94
36 92
55 84
3 92
5 72
5 43
30 40
32 84
26 98
37 84
11 18
32 36
2 47
16 60
18 55
34 43
23 29
41 98
11 89
69 91
13 51
26 48
26 76
90 96
39 64
16 52
65 75
25 40
64 69
5 54
67 85
51 55
6 17
21 77
27 66
15 45
37 58
48 56
89 93
24 88
53 97
30 74
35 50
4 62
44 58
21 29
28 82
11 39
17 67
52 56
31 38
62 75
12 98
6 72
71 77
1 80
41 65
82 84
10 96
8 96
1 60
24 78
14 74
56 81
51 54
19 36
16 63
25 82
46 53
55 64
28 32
18 97
40 98
7 18
32 85
42 45
20 62
15 43
29 80
13 31
36 69
9 98
46 51
74 96
63 94
5 16
4 72
49 65
76 99
49 62
10 78
1 99
21 56
45 96
5 74
16 98
62 85
80 81
19 37
8 77
10 34
64 97
46 63
35 59
48 54
14 76
38 77
14 56
86 92
19 66
4 35
20 65
48 77
85 92
1 11
26 56
7 10
10 87
7 71
36 98
7 45
7 76
31 51
20 53
25 86
72 78
35 79
34 64
1 86
43 64
55 81
28 40
7 56
42 43
71 76
17 31
6 43
77 88
45 51
8 22
18 45
56 86
16 30
11 54
17 58
58 96
11 63
22 58
32 98
38 56
65 67
65 70
0 89
64 72
6 51
24 95
19 94
81 85
82 98
19 85
10 85
24 51
18 94
2 33
4 65
52 76
1 6
35 97
5 20
62 70
60 74
6 73
44 64
11 77
1 21
11 19
56 63
31 87
7 8
21 81
54 88
33 54
41 52
41 69
4 69
39 72
36 62
8 11
89 94
76 98
51 66
25 55
39 94
30 55
9 59
72 95
5 11
34 81
37 59
38 65
43 96
11 71
1 67
5 42
98 99
9 42
33 94
39 65
54 94
1 94
22 71
7 43
68 91
8 76
11 41
5 69
5 44
18 98
4 7
52 74
56 99
10 15
70 81
34 72
47 99
44 71
53 68
7 74
38 54
10 36
1 48
1 88
16 96
67 98
25 77
40 46
34 85
75 81
51 89
39 45
36 81
37 63
52 86
31 78
79 88
85 98
88 99
2 18
63 73
37 76
79 87
63 74
31 96
60 76
8 44
63 76
0 67
30 76
7 58
69 76
39 62
15 81
27 48
10 95
41 62
54 71
77 94
24 30
42 62
24 29
5 34
81 82
16 84
51 91
31 34
6 56
18 61
64 78
14 66
62 67
56 60
10 41
24 47
40 81
2 30
33 73
35 56
18 92
39 73
3 6
43 51
15 72
15 64
28 74
42 65
22 46
1 96
8 61
74 98
8 9
36 52
10 17
35 90
8 53
17 38
5 55
11 64
61 92
56 69
37 55
9 97
12 59
32 33
45 69
56 84
38 92
18 69
16 37
47 56
52 61
12 42
7 31
11 36
23 41
41 81
79 85
0 6
18 43
18 72
60 66
46 59
8 54
11 33
23 36
71 91
51 87
63 80
61 71
8 91
52 93
92 93
26 88
2 64
37 68
33 40
4 96
3 39
35 67
69 74
84 86
9 71
6 77
26 47
24 66
38 62
10 69
35 38
37 97
14 46
3 33
41 94
25 94
23 85
53 71
67 77
9 18
76 79
59 61
39 43
46 82
3 63
2 51
27 41
34 36
2 37
85 88
73 89
16 71
1 25
74 79
45 75
45 57
0 9
34 71
32 81
34 58
69 71
8 94
18 93
4 50
15 31
5 94
56 67
19 73
7 16
31 85
71 74
33 82
72 96
36 88
80 92
8 12
23 63
9 17
23 92
1 89
46 68
27 46
45 49
50 65
71 94
31 95
24 90
43 69
5 78
21 63
16 28
43 75
57 85
38 51
15 85
49 81
66 79
77 81
8 93
5 61
43 49
28 55
7 72
57 64
1 81
13 58
5 91
2 81
61 84
17 72
12 97
77 96
58 78
51 72
32 46
84 93
11 83
41 88
10 46
18 20
43 57
52 85
11 85
18 42
5 22
24 48
41 63
8 34
12 18
12 71
42 61
78 81
37 83
5 15
35 76
3 83
56 58
71 93
18 34
18 73
51 88
36 79
78 85
47 77
76 84
31 36
8 16
33 77
8 69
2 28
45 67
27 36
47 54
11 56
5 9
11 25
62 90
28 99
14 41
46 65
53 58
59 93
37 74
30 99
9 20
36 94
8 17
35 46
9 68
1 58
8 74
50 85
0 12
1 7
64 91
73 83
25 73
19 48
41 80
3 89
20 64
33 55
56 89
18 44
71 78
58 83
41 84
20 35
50 62
64 94
74 84
34 41
50 91
46 97
21 92
61 97
56 65
18 22
18 53
1 35
36 80
12 17
38 52
38 76
33 86
40 51
64 98
54 67
31 41
67 72
54 73
36 48
66 92
48 85
35 39
37 42
65 79
42 93
1 73
42 64
4 10
45 70
5 93
51 67
16 69
56 79
18 40
18 19
53 98
41 48
58 69
5 53
65 90
15 58
64 92
66 96
0 38
91 97
83 94
6 54
16 25
10 57
8 78
80 85
22 31
3 19
36 57
6 98
15 36
44 85
5 98
44 68
59 91
5 12
15 71
14 48
36 63
48 60
28 76
43 70
4 31
14 36
17 71
14 94
31 69
27 88
41 79
26 41
1 47
9 58
0 58
27 85
13 64
73 77
3 25
18 52
54 81
56 94
1 33
2 5
77 89
25 46
16 79
12 20
12 92
38 45
43 90
36 78
12 68
50 88
8 83
93 97
85 94
51 82
64 95
40 64
31 46
55 71
12 52
46 60
37 51
10 22
61 64
52 80
10 37
55 96
67 92
0 31
7 77
24 74
29 86
5 57
8 15
36 50
36 84
47 79
18 78
14 37
24 28
64 79
11 14
26 30
30 56
58 87
50 76
6 76
3 18
9 92
69 72
17 45
10 75
23 52
15 18
5 13
33 37
61 68
58 61
33 46
45 85
43 67
45 90
26 28
25 80
27 47
8 73
21 41
62 79
68 85
11 58
51 68
11 59
13 71
88 96
9 52
5 92
26 36
7 66
50 74
39 41
16 38
72 75
21 36
13 24
71 73
35 74
18 82
58 95
36 68
38 72
50 64
5 73
48 79
41 57
49 72
15 41
25 37
89 91
1 65
63 66
24 76
41 60
35 42
8 55
57 72
58 77
30 79
17 43
8 13
36 44
20 37
71 83
1 69
36 39
41 86
12 58
46 62
9 64
41 68
81 95
66 69
64 75
21 25
41 73
35 77
63 85
17 61
14 85
69 88
10 49
71 98
21 52
0 61
24 44
3 54
20 61
12 84
6 96
21 85
86 98
81 86
1 61
65 76
2 11
41 61
39 85
41 99
5 95
64 66
27 37
51 90
41 78
34 56
20 91
34 76
25 56
64 93
1 3
8 98
32 51
54 96
7 88
19 88
64 82
36 45
4 79
36 86
11 55
31 37
41 50
48 51
31 57
19 64
37 40
75 85
23 25
89 96
68 93
38 55
0 93
22 64
38 84
59 85
26 46
58 76
56 62
50 66
17 93
27 94
58 93
84 85
2 94
50 56
26 85
18 57
67 76
36 59
16 35
57 76
41 59
57 71
25 74
79 91
18 32
9 84
18 91
42 46
12 64
31 83
38 74
80 84
64 81
30 77
3 77
7 55
44 89
14 73
37 65
36 60
18 66
19 38
38 43
0 10
29 82
71 95
11 27
30 54
25 76
36 99
10 70
20 93
3 8
52 67
1 93
54 89
60 94
53 64
64 73
46 96
41 44
47 85
23 51
85 86
11 97
11 76
36 73
31 75
55 94
69 77
54 61
85 95
61 77
41 45
52 66
36 61
36 47
41 93
56 57
70 72
23 84
3 71
89 98
57 58
11 16
64 70
10 56
8 57
43 85
29 32
8 95
32 64
6 91
61 63
76 89
6 16
16 33
3 5
16 24
41 47
59 94
49 64
57 74
34 74
70 85
63 93
35 81
6 92
11 60
29 74
71 92
21 84
51 59
46 66
52 64
11 68
58 94
11 42
31 49
5 75
35 37
24 85
72 90
6 7
37 60
14 88
6 44
16 50
0 8
20 46
5 40
65 77
10 83
54 93
3 41
5 17
37 82
15 76
36 75
85 99
2 71
29 40
7 89
29 79
77 93
19 47
9 41
64 87
5 79
44 59
15 56
1 30
19 61
18 84
60 88
8 92
2 38
60 85
72 85
6 74
24 35
85 97
7 54
5 19
71 87
47 51
13 18
36 93
61 85
76 94
3 14
36 97
16 94
56 73
55 69
1 10
17 62
24 56
44 97
5 50
41 97
5 87
49 85
13 85
0 72
32 37
36 43
18 79
1 62
73 85
28 56
46 83
16 67
19 93
27 30
8 87
47 60
12 41
33 93
54 58
13 68
1 9
18 95
4 51
65 74
14 47
36 95
24 87
1 79
5 83
5 52
46 99
62 76
33 61
2 8
33 56
68 96
31 70
55 79
23 24
18 63
0 71
17 65
56 78
58 75
37 62
1 12
3 64
24 36
59 73
47 50
45 50
51 97
71 75
48 92
9 36
27 73
76 78
36 72
23 98
7 46
18 81
36 70
27 28
60 73
94 97
3 36
6 55
35 54
80 98
38 63
18 50
5 70
15 74
41 43
5 49
2 96
25 41
17 37
5 82
11 74
31 53
42 91
16 29
41 75
48 96
16 65
10 53
16 34
28 54
51 80
58 74
16 58
85 93
77 79
55 67
67 74
67 84
48 63
18 75
44 81
42 94
12 36
48 50
28 77
16 57
33 80
8 75
5 66
30 50
66 84
66 98
85 91
43 50
39 51
56 61
2 73
41 72
9 77
1 39
3 59
68 94
18 83
16 89
13 36
33 76
33 74
68 87
7 68
31 56
38 96
49 58
36 49
41 95
57 88
28 79
1 34
9 54
12 77
11 20
9 85
10 50
11 40
18 27
6 52
19 67
22 98
23 79
12 54
30 85
58 73
24 41
40 96
10 76
21 33
10 90
51 92
48 69
23 46
45 46
54 69
29 76
39 98
47 96
29 55
19 51
68 78
53 92
35 55
34 89
5 81
4 58
30 36
7 48
22 72
5 32
25 66
34 68
17 18
21 98
74 94
49 71
26 37
42 73
71 79
3 56
74 89
74 78
55 73
50 71
3 85
41 70
14 18
25 36
73 97
40 94
12 63
62 77
89 92
10 77
6 34
47 69
58 70
75 76
70 71
57 66
3 60
0 45
3 27
23 33
25 93
12 85
25 61
41 53
30 51
30 41
52 71
13 81
52 53
56 93
1 31
19 71
67 96
44 56
22 65
6 69
3 42
82 96
9 10
45 79
1 50
8 49
64 84
36 91
18 70
1 28
7 47
24 55
2 7
21 51
9 63
64 88
78 89
54 65
56 75
8 52
88 92
40 71
15 16
69 89
13 41
20 44
24 80
22 45
0 43
12 19
0 37
2 67
8 70
33 41
9 31
18 49
46 86
62 74
26 94
8 50
3 97
8 79
41 49
1 57
10 79
70 76
19 30
31 90
23 64
8 19
46 80
39 56
13 89
63 64
23 96
2 29
18 23
36 53
2 6
9 19
11 82
81 90
34 77
39 91
18 87
22 62
6 78
3 58
68 73
74 75
11 26
11 17
17 64
12 33
30 60
29 50
59 96
11 32
55 89
2 3
39 77
48 52
44 76
7 38
14 30
15 68
1 68
16 73
7 40
72 83
50 55
73 76
10 61
1 15
51 98
28 60
38 40
27 64
43 79
82 94
50 77
8 40
5 84
25 85
46 72
46 69
30 69
20 94
65 81
6 19
56 70
22 41
32 94
21 24
34 66
16 62
15 89
56 68
41 91
53 84
30 96
55 58
9 56
10 11
1 59
85 87
0 5
64 83
1 53
10 12
54 79
50 58
70 74
16 78
18 88
81 99
13 59
24 64
68 95
31 50
32 96
50 72
63 67
34 88
53 85
9 33
37 45
40 79
6 15
31 61
43 46
14 28
0 11
6 13
3 55
12 56
63 88
13 97
12 31
3 68
33 36
71 82
7 82
1 78
58 98
22 43
20 85
2 69
79 80
14 64
7 67
57 77
22 36
56 95
79 82
96 97
45 56
19 28
24 65
7 30
49 76
20 36
76 95
26 81
41 42
7 23
20 41
31 76
17 46
11 51
37 99
56 59
37 96
42 85
36 42
2 79
7 59
5 63
68 69
14 61
6 84
1 24
55 65
58 79
10 74
14 38
18 26
48 64
29 99
31 77
18 60
52 89
21 46
20 73
40 69
10 93
66 71
14 93
11 31
17 35
20 51
49 56
23 69
24 77
67 91
17 94
22 85
45 83
10 16
18 80
4 24
24 82
47 92
15 66
64 80
15 88
15 77
24 40
0 3
8 82
17 73
25 48
38 82
71 81
44 67
3 17
10 54
39 54
53 77
34 55
0 73
37 72
36 87
55 61
32 71
16 75
31 93
61 76
12 25
0 62
70 88
27 38
59 87
44 74
3 20
87 89
2 61
40 73
34 59
18 48
35 66
69 82
49 74
87 97
75 88
59 78
54 62
31 79
26 73
51 86
21 79
55 57
28 85
23 50
7 97
42 44
28 50
0 94
47 63
38 44
89 95
71 84
3 16
94 99
73 74
28 36
33 38
1 97
3 76
4 68
80 96
19 81
7 32
68 77
48 84
1 44
51 52
62 81
32 79
33 85
0 65
24 62
39 44
37 66
8 66
5 27
4 71
74 95
53 54
11 99
32 38
77 78
52 88
22 35
28 41
16 61
2 89
27 51
27 81
25 38
8 84
46 88
59 77
0 18
29 56
1 45
38 91
33 66
34 46
2 35
46 48
78 97
4 8
16 70
9 25
4 64
2 93
42 51
43 83
81 87
34 97
10 94
55 93
47 57
72 79
65 83
8 32
53 65
26 64
37 43
8 81
48 57
4 5
11 65
6 95
66 75
5 14
56 97
76 93
24 32
13 56
5 88
2 24
62 83
58 92
18 99
27 61
5 23
51 94
18 25
66 70
39 92
43 56
26 29
57 89
46 81
34 54
6 57
41 87
28 51
1 22
7 37
50 54
6 87
38 69
19 89
18 21
66 78
40 67
24 91
45 76
60 64
73 82
21 64
6 40
27 93
13 20
16 93
32 73
48 98
32 69
39 96
63 71
1 75
6 63
16 44
18 86
15 59
64 90
44 46
13 76
9 65
2 58
58 90
78 88
7 80
15 55
53 56
57 68
39 76
60 61
18 24
26 51
17 91
3 26
31 94
0 46
30 57
21 96
5 24
56 72
34 38
53 62
68 76
24 54
61 65
55 62
60 93
31 74
38 60
8 63
11 35
3 40
40 50
22 92
69 80
49 88
29 69
16 49
0 64
54 57
47 64
67 69
84 89
15 97
44 77
14 51
64 86
53 72
18 33
59 95
59 69
16 31
34 67
31 54
20 87
16 95
2 50
3 74
12 14
61 74
9 76
77 97
64 99
50 82
59 98
47 52
1 70
14 67
23 37
45 53
46 78
15 46
28 69
95 97
37 86
51 99
35 40
50 80
1 95
68 75
12 76
10 55
12 65
55 78
73 99
53 63
1 43
28 96
29 77
5 90
45 77
9 14
9 55
51 63
54 68
5 48
59 76
35 88
75 77
11 62
19 53
22 77
54 59
20 96
67 82
12 55
39 52
6 82
34 48
7 39
15 54
84 88
5 80
49 66
9 62
22 52
2 65
75 89
2 12
2 9
7 21
65 94
29 54
30 92
56 91
9 16
69 97
18 47
25 88
10 73
38 78
65 93
33 67
1 72
88 98
27 71
27 67
5 26
13 74
83 98
51 61
74 93
29 96
3 82
34 47
6 75
3 32
7 28
71 90
67 78
5 60
43 76
12 16
85 90
14 81
49 68
46 57
30 63
21 69
14 71
7 29
35 53
61 62
37 80
1 49
29 51
32 67
25 67
65 66
46 79
81 92
22 56
15 38
25 64
54 78
51 84
70 77
35 61
16 39
32 50
35 82
6 32
20 78
9 35
1 29
68 98
8 90
8 27
21 50
4 97
26 38
22 54
7 20
33 48
25 47
40 61
45 74
52 58
38 66
15 48
40 89
31 73
4 59
20 34
8 14
55 75
15 67
4 18
35 94
2 34
37 69
43 53
1 42
12 62
51 60
47 70
12 27
97 98
19 96
33 53
13 42
49 89
15 47
77 95
1 13
23 57
46 91
60 81
2 57
72 76
3 99
47 75
9 51
28 63
24 86
68 70
63 89
71 88
58 81
19 58
24 71
46 47
9 45
35 83
51 93
23 71
29 57
9 72
51 73
76 97
13 67
3 10
92 96
88 95
9 27
1 20
48 70
39 74
6 14
48 75
42 96
16 68
0 35
76 91
47 84
6 49
40 58
40 93
66 95
16 45
5 21
27 29
54 97
22 84
40 57
70 89
30 34
81 91
28 92
41 83
56 87
62 93
12 60
55 70
29 85
68 74
9 74
34 39
13 16
13 39
43 77
12 35
13 38
49 77
57 59
36 90
22 51
6 27
5 99
34 40
6 70
10 81
30 70
21 37
6 79
4 85
35 93
5 25
30 64
62 94
46 50
32 35
6 50
33 64
4 89
60 67
5 86
12 74
12 51
39 55
11 86
18 90
42 56
29 36
35 98
39 84
42 87
9 60
31 55
36 83
57 82
35 92
10 98
86 94
30 75
20 56
3 31
6 66
40 65
79 86
39 78
16 59
72 77
8 24
8 23
15 20
8 88
76 87
50 89
61 82
44 54
45 61
44 55
86 96
15 30
65 98
82 89
20 95
11 66
4 20
1 91
53 76
79 89
57 97
38 57
34 82
32 61
5 47
2 62
23 34
12 45
51 53
26 61
47 98
83 85
29 41
59 74
12 72
61 72
7 42
37 44
30 52
2 15
11 45
48 78
45 54
65 73
58 66
34 37
43 74
42 98
54 75
24 45
13 77
60 71
35 48
28 57
58 82
44 66
13 46
39 69
26 93
59 75
5 33
59 92
82 93
25 53
62 66
26 71
2 10
7 19
38 99
46 95
47 78
17 41
42 77
9 43
65 92
42 78
18 30
49 55
48 71
10 24
19 39
41 90
57 67
32 93
47 49
34 42
71 80
17 36
38 95
4 81
55 95
67 95
32 89
96 98
17 85
66 94
3 51
4 36
15 39
65 82
15 40
7 92
11 23
4 6
23 35
8 60
39 87
48 49
45 81
46 75
32 57
16 43
20 77
75 97
45 93
16 53
53 55
11 72
65 88
66 67
6 25
6 33
57 80
19 35
74 91
29 70
20 69
8 26
54 70
49 59
24 43
37 48
55 68
7 86
2 78
63 81
72 74
17 44
72 93
31 98
67 87
15 23
10 92
12 40
58 84
9 40
25 30
68 92
32 34
11 96
0 91
37 88
16 97
50 68
32 58
23 94
74 87
26 67
35 73
2 39
44 88
30 49
33 88
25 71
11 80
8 48
52 81
28 52
6 60
8 80
15 82
23 38
43 61
2 53
68 90
55 59
49 97
37 91
6 81
24 58
74 97
29 75
12 43
3 65
14 89
54 95
30 78
66 89
25 28
38 87
16 72
29 60
77 91
27 96
80 94
31 81
8 25
37 78
22 76
4 41
69 86
35 47
19 29
15 42
20 98
62 73
59 70
32 65
27 89
40 78
30 46
37 81
39 95
15 37
11 43
1 83
62 98
14 53
14 29
92 97
30 84
19 22
71 99
33 71
43 54
40 62
16 91
1 87
46 70
43 81
21 71
45 55
49 54
19 69
73 86
45 94
68 79
21 57
22 91
42 95
33 47
34 80
23 75
76 90
29 34
81 98
38 75
17 51
53 74
38 79
42 54
61 99
26 96
2 75
39 63
19 65
8 33
52 96
52 59
71 86
70 97
23 70
54 72
46 49
13 66
6 26
7 98
12 82
56 90
9 82
58 63
43 93
78 82
11 21
38 80
38 81
22 63
23 78
2 31
15 29
5 30
93 99
67 75
15 32
24 31
40 75
8 99
10 66
38 86
16 87
42 69
4 42
12 32
62 92
25 51
35 52
69 92
9 32
28 64
38 50
12 26
81 89
3 35
20 76
10 40
20 54
13 55
48 95
83 92
35 80
42 76
8 21
96 99
21 94
50 86
28 34
72 94
13 88
2 70
31 92
47 95
94 96
20 57
37 57
7 11
28 84
62 88
47 71
29 49
28 70
9 26
30 98
55 97
62 82
8 86
40 70
74 90
16 22
75 82
13 54
3 62
46 87
24 72
67 99
19 79
39 57
7 27
24 46
14 96
28 75
67 79
15 80
6 23
52 68
52 65
77 83
27 53
2 44
21 34
33 89
25 89
38 49
2 68
70 82
77 87
15 28
38 70
48 65
52 83
66 73
18 28
50 67
0 41
3 86
20 75
22 55
89 90
2 59
37 79
32 78
30 35
23 65
10 19
7 26
49 67
72 81
10 52
43 55
8 47
43 94
60 89
0 36
38 88
50 59
81 84
52 97
83 91
30 95
21 38
10 82
56 83
23 67
67 70
51 83
42 92
23 73
23 49
0 85
7 52
58 88
13 37
2 49
53 60
32 62
20 49
22 74
27 58
63 96
45 73
21 35
6 99
79 99
26 79
7 99
24 99
2 95
19 59
32 75
67 81
73 80
22 44
75 80
14 58
6 90
38 48
17 98
61 96
54 83
28 46
29 78
13 17
40 49
37 47
39 40
55 72
6 88
54 91
88 90
1 17
70 80
22 96
22 33
15 21
19 62
59 79
59 84
69 98
28 98
27 69
40 44
50 97
59 90
7 94
33 51
24 26
37 95
2 22
44 48
39 75
78 80
6 80
4 39
27 79
32 70
37 50
72 73
16 90
19 68
23 58
42 57
79 92
30 33
90 97
26 89
40 53
60 96
4 56
7 14
16 42
26 69
28 49
83 84
10 32
12 99
31 66
49 82
40 95
31 40
16 20
17 87
20 70
67 80
9 96
27 35
47 65
9 99
2 45
84 96
11 48
20 92
2 97
19 24
28 78
55 91
69 99
28 33
3 66
20 74
67 86
3 45
42 74
44 47
23 89
44 82
23 95
31 52
79 97
4 76
21 73
93 96
11 69
21 75
30 71
25 81
17 96
66 90
37 75
52 62
35 84
6 48
0 98
82 95
39 49
42 52
19 31
6 86
21 70
65 80
3 23
48 62
17 56
14 39
35 63
19 50
42 75
0 44
68 84
33 39
66 87
4 67
39 82
1 90
45 98
5 28
24 27
73 96
10 88
22 25
48 94
3 72
7 63
53 96
43 73
11 88
19 97
12 96
7 22
23 62
48 58
21 78
3 80
45 66
52 69
6 24
61 66
57 86
7 61
19 34
87 88
67 88
14 35
31 82
84 97
55 87
32 49
39 70
49 80
6 21
53 82
0 51
34 92
88 89
17 77
65 84
35 86
53 91
29 64
61 86
29 95
42 49
27 39
25 39
40 68
8 30
14 69
54 87
29 92
2 13
32 39
23 44
42 55
4 38
7 60
13 48
58 80
32 53
10 84
7 17
21 67
17 78
58 60
32 44
29 63
89 99
40 59
24 89
63 65
88 94
14 22
37 87
26 58
26 35
66 93
86 93
7 9
20 55
37 70
59 63
17 34
30 44
48 67
32 95
27 65
19 57
13 47
14 79
80 89
34 86
11 44
4 74
7 84
20 90
37 49
2 43
45 92
50 92
3 43
66 91
77 90
44 83
20 52
11 34
3 21
21 65
68 81
31 32
7 93
26 50
69 94
42 70
47 62
39 50
30 65
23 61
50 99
72 98
0 1
21 49
26 53
28 35
40 45
25 58
76 83
30 37
7 53
13 40
57 92
39 79
27 50
48 89
38 47
3 96
34 98
7 12
44 53
43 66
14 65
7 73
10 63
2 72
28 95
80 95
68 82
79 98
63 69
18 29
4 17
15 19
43 98
9 91
42 84
63 68
1 4
11 81
24 92
10 23
20 50
35 99
17 54
15 92
61 80
23 93
33 58
22 27
62 80
60 69
22 34
19 83
86 89
59 82
39 60
15 17
21 58
11 91
13 30
47 90
60 79
22 40
17 95
35 60
52 79
31 84
15 86
9 44
13 82
10 48
66 68
13 22
47 58
40 97
31 88
14 24
24 38
58 99
19 42
9 66
44 61
61 91
4 16
21 89
78 92
19 78
63 97
6 47
62 84
63 83
55 90
45 82
80 93
39 66
2 42
22 78
32 68
12 66
88 91
58 86
48 90
4 46
45 88
30 90
11 78
44 80
17 92
22 69
33 81
83 96
26 65
13 23
12 91
61 69
48 73
0 56
10 27
29 35
20 79
32 59
66 72
2 91
29 52
28 71
65 86
72 92
11 15
11 47
44 94
21 95
16 83
34 94
43 92
81 94
69 84
62 63
0 77
17 76
24 37
22 60
2 20
63 79
12 86
59 81
44 92
27 34
17 69
0 13
21 61
24 60
40 43
9 86
27 62
12 44
10 14
59 66
30 62
15 98
4 77
20 84
46 90
67 90
3 7
57 98
19 45
27 57
38 90
21 62
31 63
25 96
24 68
19 20
13 32
22 82
91 93
44 98
5 29
15 22
44 93
78 86
34 52
9 69
42 90
47 94
75 86
26 57
32 45
29 90
78 98
53 99
55 83
42 50
82 97
50 98
14 50
10 80
24 67
26 34
25 29
34 61
8 28
60 65
73 88
21 93
14 59
0 87
26 39
70 86
22 87
2 87
19 44
48 87
45 52
69 93
11 57
9 23
40 72
57 99
0 96
54 90
74 83
47 67
12 23
28 37
14 62
22 32
65 99
29 46
21 44
91 94
17 52
7 83
39 90
27 59
9 34
43 88
23 31
47 87
10 47
34 99
69 73
33 83
53 69
34 53
0 92
43 82
47 89
19 75
81 97
12 69
14 68
29 44
39 81
42 63
42 79
11 79
50 52
32 97
30 38
0 54
40 91
27 68
78 94
3 48
9 80
12 80
28 44
31 48
15 27
15 94
29 84
2 83
66 97
14 34
30 58
75 92
34 93
22 95
27 31
52 57
13 83
50 60
40 87
28 65
13 29
61 78
13 80
0 7
12 34
25 35
24 52
72 82
11 13
19 70
16 17
79 84
33 59
26 62
53 78
10 21
15 26
10 26
7 25
62 86
14 31
24 63
9 78
6 30
15 52
14 57
17 57
0 78
19 43
24 98
25 59
30 87
4 66
0 52
32 43
14 97
15 61
82 91
19 72
45 48
0 34
4 88
10 60
49 86
44 73
3 88
50 63
34 83
53 66
52 72
27 78
72 88
33 96
11 50
48 61
34 63
17 74
23 45
15 99
57 94
13 53
40 42
82 87
52 78
27 97
11 95
70 92
92 95
19 95
25 83
9 15
20 63
22 26
43 52
29 98
39 99
34 73
78 83
24 59
15 53
12 21
13 28
9 21
48 91
17 84
11 30
22 57
3 69
4 55
79 94
25 65
17 75
31 80
23 39
4 37
23 90
61 88
60 62
78 93
59 60
32 72
20 40
12 78
73 81
83 87
19 49
23 87
26 78
2 90
0 76
4 54
10 86
13 21
28 90
44 52
48 93
14 15
62 99
9 13
68 88
33 68
73 91
33 35
0 4
34 60
25 68
29 71
91 98
10 30
17 55
47 73
17 49
13 61
15 93
75 98
57 63
34 84
32 91
86 95
40 90
11 75
10 99
31 47
30 94
49 92
29 65
0 15
12 15
60 68
33 97
45 84
10 25
57 60
23 68
78 99
13 92
30 67
14 83
69 83
88 93
0 95
24 97
47 91
95 98
91 92
27 75
57 61
32 87
25 69
25 97
43 48
13 94
28 62
61 81
15 83
30 89
45 47
44 86
0 84
3 44
42 82
26 75
82 90
33 65
14 78
23 91
26 59
15 63
50 94
26 31
53 86
28 38
23 43
13 19
39 80
8 29
50 84
12 13
73 78
13 98
7 33
17 19
31 60
10 33
20 82
75 99
26 68
29 33
23 59
9 57
3 34
17 70
21 31
39 88
27 70
23 53
70 98
15 73
45 63
53 87
22 75
94 95
0 69
26 70
45 80
27 44
13 93
11 87
59 88
37 90
53 95
14 42
60 97
3 91
22 66
24 84
32 42
4 22
61 95
39 86
11 70
57 84
70 99
63 78
83 95
53 57
81 93
22 99
29 87
3 81
9 95
15 60
33 42
20 81
57 93
27 83
25 79
9 48
0 16
11 28
11 49
52 75
40 83
48 68
12 48
28 58
20 32
15 84
25 62
80 90
27 45
49 98
3 47
27 42
48 72
2 17
9 88
12 57
72 84
32 90
6 28
53 80
23 72
68 80
80 87
19 91
75 94
30 91
61 79
29 62
25 31
43 47
24 39
9 87
31 86
39 48
12 88
22 49
25 42
43 84
20 66
57 73
28 94
9 81
14 75
78 84
26 44
31 99
27 49
21 39
42 66
0 74
61 87
60 78
26 97
27 95
14 45
30 31
14 20
12 95
17 63
14 44
93 95
3 78
42 81
26 49
30 45
23 97
44 63
59 80
31 33
52 95
59 99
22 70
52 70
73 79
60 83
21 45
88 97
28 87
47 61
12 81
68 99
3 15
0 19
33 69
4 48
0 55
48 59
50 61
20 27
17 90
44 84
43 80
61 75
33 62
49 99
80 91
21 90
14 70
4 47
63 72
26 95
79 93
43 63
11 24
9 79
12 87
82 83
4 83
44 99
30 73
13 86
87 94
13 73
70 94
2 4
21 53
22 50
57 83
21 87
22 79
20 33
28 67
9 75
29 37
0 57
24 25
21 68
47 93
53 75
49 94
52 91
47 72
87 93
63 75
95 99
49 52
87 92
13 52
68 86
32 83
10 28
42 60
17 50
27 43
20 25
9 50
12 79
28 89
60 75
20 24
59 86
0 63
50 73
3 57
72 80
26 45
50 93
22 23
73 95
4 30
87 98
30 43
75 93
27 72
14 95
21 59
80 97
14 49
47 68
12 75
25 50
0 75
19 87
61 70
53 79
49 61
97 99
4 40
48 97
45 86
21 91
63 70
14 43
21 43
33 79
44 60
3 79
60 70
13 27
0 2
25 34
53 81
12 50
24 94
14 72
17 79
45 60
22 86
9 49
75 83
50 53
49 53
9 70
3 13
75 84
0 49
20 60
63 95
29 58
73 75
3 30
53 70
53 88
48 53
22 81
22 80
39 47
4 82
17 40
28 73
9 47
26 42
45 99
12 47
24 42
25 57
70 93
4 23
13 26
49 63
49 93
21 72
47 59
17 33
86 97
49 83
26 83
12 49
4 53
30 72
12 70
3 95
84 95
70 84
21 97
3 50
49 60
0 70
60 95
28 91
73 87
26 43
30 61
29 91
10 29
13 14
29 38
28 31
13 99
43 86
