100 3725 691.5988721795316 dense
0 817 979
1 380 483
2 682 809
3 165 186
4 994 775
5 819 256
6 129 81
7 272 501
8 340 641
9 869 318
10 860 75
11 614 714
12 267 630
13 164 797
14 785 188
15 871 191
16 949 175
17 341 461
18 323 747
19 565 522
20 270 780
21 294 677
22 767 560
23 961 473
24 43 514
25 845 127
26 379 648
27 755 271
28 109 309
29 45 948
30 727 732
31 738 57
32 619 50
33 700 86
34 347 855
35 115 49
36 595 374
37 369 822
38 388 880
39 690 554
40 254 366
41 413 790
42 907 591
43 366 928
44 75 278
45 228 219
46 773 755
47 244 31
48 544 163
49 816 483
50 552 899
51 469 501
52 571 409
53 984 189
54 788 794
55 619 180
56 815 624
57 575 569
58 883 613
59 968 17
60 904 368
61 620 55
62 889 474
63 264 621
64 694 423
65 673 158
66 94 535
67 858 342
68 409 658
69 276 446
70 506 93
71 942 146
72 890 562
73 154 213
74 38 706
75 937 896
76 276 403
77 864 718
78 959 331
79 257 794
80 862 950
81 26 244
82 737 602
83 589 568
84 48 422
85 891 302
86 326 252
87 585 295
88 469 205
89 656 828
90 292 654
91 295 703
92 242 463
93 980 267
94 625 583
95 424 917
96 795 401
97 73 48
98 83 712
99 830 712
32 61
12 63
57 83
20 79
21 90
21 91
9 67
9 85
3 73
16 71
26 68
2 89
42 58
42 72
77 99
12 90
6 35
16 53
69 92
83 94
8 26
34 37
46 54
35 97
36 52
69 76
40 76
63 90
1 17
74 98
28 44
31 33
34 38
19 57
7 92
90 91
8 90
30 46
58 72
22 82
38 95
67 85
19 83
57 94
18 91
38 43
60 67
0 80
10 25
12 21
37 41
7 69
24 66
55 65
8 21
43 95
44 81
53 71
37 38
9 60
18 20
21 63
6 97
5 27
60 78
17 69
39 82
60 85
78 93
56 58
76 92
15 25
8 68
3 45
39 94
46 99
23 62
49 62
8 12
78 85
45 73
34 43
18 21
5 14
8 91
33 65
48 55
22 39
53 93
12 91
8 63
15 16
36 87
5 9
48 70
7 17
22 56
20 91
18 79
56 82
40 69
5 15
15 71
49 96
5 85
14 25
19 94
33 61
48 88
14 15
67 96
30 54
17 76
26 90
63 91
18 37
62 72
14 27
32 33
2 30
56 99
21 26
1 51
9 78
22 49
54 99
24 84
75 80
34 41
13 79
38 41
5 67
85 93
16 93
56 72
42 56
40 92
18 90
7 76
46 77
19 51
79 91
25 71
34 95
17 92
18 41
26 91
67 78
39 83
44 73
64 96
45 86
30 99
28 81
20 21
2 46
56 77
28 73
37 43
58 77
2 54
60 62
8 18
13 20
54 77
20 34
20 37
49 72
10 71
34 79
1 7
37 95
1 69
36 64
18 34
3 6
9 96
58 99
15 85
15 53
19 52
12 26
82 94
18 26
23 72
60 96
11 30
16 25
52 87
37 79
61 65
14 65
39 57
10 15
21 68
2 11
68 90
13 98
70 88
31 61
26 63
42 62
62 96
31 32
30 89
23 60
55 87
31 65
61 70
7 63
32 65
32 70
11 89
66 84
9 93
68 91
10 59
21 79
22 72
9 27
10 31
18 68
52 64
33 55
55 61
27 67
6 47
50 89
51 57
60 93
71 93
9 15
41 95
22 58
25 31
20 90
28 84
3 44
17 40
19 39
7 12
48 65
50 95
12 18
23 42
32 55
35 47
30 82
39 64
1 76
11 94
5 25
59 71
73 81
48 61
41 68
14 33
15 93
4 75
10 16
42 77
17 51
6 73
40 86
3 28
62 67
10 14
32 48
49 64
27 96
7 40
54 89
51 52
51 83
46 56
30 77
85 96
46 89
48 87
58 62
18 63
14 31
30 56
1 92
27 85
27 65
16 85
37 91
5 60
15 27
49 56
42 49
4 77
23 78
55 70
49 82
67 93
39 56
20 41
22 42
42 99
22 94
82 99
53 78
79 90
39 49
12 68
49 60
23 49
41 43
3 35
0 75
26 41
49 58
53 85
58 82
44 84
41 91
87 88
5 96
49 67
18 38
11 83
28 45
22 62
40 45
63 68
12 20
11 57
86 88
3 81
25 33
19 36
15 67
82 83
55 88
25 53
5 16
7 90
20 38
9 14
22 64
13 74
8 20
7 8
14 85
28 40
41 79
16 78
38 79
46 82
9 62
2 50
72 82
72 77
5 78
76 86
20 63
16 59
62 78
63 92
52 83
52 57
23 58
10 33
34 91
13 91
5 93
22 96
72 99
14 71
19 64
65 87
1 8
21 37
27 55
27 64
9 16
44 45
21 41
71 85
11 46
12 79
14 16
22 99
66 92
1 26
25 59
5 71
38 50
57 82
15 78
3 97
8 41
14 55
11 82
23 67
13 18
56 62
51 68
64 87
10 53
35 73
37 68
12 92
25 27
6 45
42 82
14 67
31 55
20 26
27 87
47 97
1 40
77 82
62 85
54 56
26 51
54 80
43 79
53 59
9 53
63 79
9 49
33 48
3 47
3 86
8 79
64 94
26 37
25 65
63 69
4 99
5 65
51 94
73 86
20 43
22 30
41 50
13 21
2 99
11 39
66 98
7 21
1 68
17 63
27 60
5 53
22 83
78 96
36 51
64 83
65 70
81 84
46 58
66 74
8 17
15 60
9 23
1 63
54 75
30 94
23 96
25 85
7 66
30 39
7 26
41 90
52 94
40 73
64 67
8 37
73 97
64 82
12 69
12 17
23 85
37 90
20 68
22 77
1 12
39 96
5 10
21 34
71 78
18 43
9 71
72 96
0 54
39 52
43 50
57 64
57 68
45 47
15 31
1 19
19 82
45 76
16 67
26 79
27 36
8 51
63 66
17 26
11 54
28 76
13 90
13 34
24 74
22 57
13 29
1 90
79 98
75 77
9 25
6 81
27 33
36 83
33 70
56 94
25 93
60 72
22 46
11 50
36 55
49 85
36 57
53 60
30 58
12 13
4 58
7 51
12 66
90 92
18 95
11 19
16 60
53 67
84 92
37 50
54 82
62 82
20 98
14 53
17 90
15 59
40 44
38 91
39 72
69 86
15 33
51 69
15 65
3 40
68 83
12 98
81 97
62 64
36 96
39 58
24 98
13 63
63 98
66 69
47 73
8 92
7 91
2 77
28 92
36 39
4 42
45 81
68 79
9 64
35 45
6 44
54 58
10 65
1 52
8 69
24 92
19 22
20 95
13 37
34 68
4 54
23 93
19 68
79 95
5 33
7 68
34 90
17 68
5 64
69 90
49 78
89 99
82 96
65 88
26 34
17 86
34 50
23 56
14 93
36 88
39 99
36 94
26 57
42 46
14 61
91 98
1 21
11 68
22 23
27 78
61 88
75 99
1 57
14 96
67 71
40 84
21 98
5 55
8 34
2 82
30 83
46 80
35 81
39 62
27 31
5 31
11 41
24 28
25 67
49 94
32 88
14 60
14 32
28 69
11 99
46 75
16 27
51 76
12 41
70 87
90 98
36 48
0 2
11 22
60 64
12 37
39 46
63 76
4 80
39 42
21 92
11 56
42 96
27 49
0 89
17 21
31 48
4 46
67 72
10 27
31 71
30 57
38 68
42 60
15 96
21 38
56 96
52 96
28 86
19 26
26 83
66 76
27 71
27 93
14 78
60 71
41 63
1 83
46 72
73 76
62 93
10 93
28 66
26 69
37 63
14 87
46 94
5 49
86 92
12 76
39 51
2 56
19 87
52 88
0 46
93 96
30 42
2 80
68 94
76 84
6 28
5 62
10 85
69 84
7 24
49 99
58 96
36 65
27 52
44 97
51 92
26 92
45 97
66 90
64 85
21 69
77 80
45 69
25 55
17 19
26 38
35 44
40 66
56 83
2 94
31 59
25 78
51 90
52 55
4 56
73 84
56 64
31 70
22 54
8 13
87 96
77 89
42 54
48 86
30 72
47 86
17 52
1 91
22 60
43 91
74 79
22 67
25 61
51 87
44 76
27 48
4 72
1 86
5 87
7 84
51 63
51 64
24 44
33 87
25 32
12 34
13 38
29 98
39 77
80 89
12 51
49 77
82 89
80 99
70 86
64 72
13 43
10 61
1 36
72 78
12 74
45 88
63 74
16 31
30 50
29 74
94 99
10 32
14 48
49 83
61 87
18 98
24 69
9 10
27 53
27 62
20 74
3 76
8 38
11 26
45 92
9 72
62 99
62 77
21 66
24 63
38 90
8 57
91 92
58 60
41 89
56 57
17 91
36 49
8 76
89 94
32 87
22 52
48 52
25 60
21 51
34 63
89 95
94 96
13 41
44 92
33 71
91 95
11 77
68 69
59 93
14 59
7 18
76 90
7 28
14 64
15 55
12 24
44 86
9 65
5 36
22 36
54 72
42 67
40 51
19 49
55 64
26 94
8 19
52 82
27 61
7 86
2 39
40 63
49 57
49 52
30 80
68 92
74 91
21 74
11 51
44 66
69 91
17 57
24 40
17 66
24 76
50 54
2 83
23 82
40 81
56 89
39 54
74 90
5 23
68 95
8 83
27 32
58 94
33 88
19 96
72 85
28 35
6 86
65 67
21 43
65 85
13 26
44 69
66 91
29 79
46 83
86 87
9 22
2 57
10 55
0 30
69 73
2 22
3 84
28 97
23 77
46 50
12 40
16 33
30 49
1 94
36 67
73 92
42 78
83 96
0 77
19 30
26 76
64 65
72 94
14 36
30 75
51 91
54 94
8 98
10 67
17 45
0 99
11 37
8 66
58 64
17 36
83 89
40 88
36 82
47 70
65 71
2 75
2 41
19 56
0 4
1 18
17 83
4 30
39 67
24 81
52 65
56 60
13 66
49 93
42 64
45 84
57 89
23 64
46 57
65 96
58 67
23 99
26 95
21 95
38 89
83 87
43 68
16 96
41 57
57 87
10 78
77 94
21 76
18 50
46 49
9 42
39 89
76 88
16 65
33 59
57 96
0 50
67 87
17 28
12 38
11 95
1 87
25 96
7 20
31 53
39 87
9 36
2 95
50 68
26 43
11 38
64 78
2 58
83 99
20 29
5 59
13 68
42 94
55 96
3 69
23 39
5 61
31 87
7 98
41 83
39 60
8 11
15 62
43 90
53 96
74 84
47 88
23 53
9 87
56 67
7 45
15 61
9 55
62 94
24 90
18 51
17 88
22 85
13 95
51 82
17 18
67 82
9 33
37 89
5 32
51 86
38 63
11 58
60 82
3 92
68 76
18 74
58 75
8 40
8 43
33 85
8 95
23 27
55 67
15 32
31 85
75 89
22 27
42 85
22 89
5 48
27 39
40 90
1 66
87 94
8 94
52 86
5 52
15 64
1 88
9 31
58 78
84 98
57 99
35 86
11 18
7 79
27 88
63 84
7 19
90 95
71 96
41 51
52 67
14 70
36 70
52 76
17 87
59 85
18 92
9 58
36 86
92 98
57 90
17 84
51 88
15 23
9 39
76 81
10 60
41 94
14 49
52 68
15 49
52 69
58 83
7 44
49 87
56 75
55 85
16 23
19 69
22 78
66 81
21 24
44 47
39 68
68 89
81 86
48 64
34 98
53 62
76 91
33 67
21 57
72 83
54 83
20 66
55 86
11 64
11 34
12 84
33 53
2 38
17 24
26 98
25 48
19 90
22 51
4 23
46 62
14 62
15 87
3 88
1 45
36 85
30 62
18 69
47 81
26 50
16 62
45 70
66 79
20 50
27 70
85 87
37 98
42 75
33 36
26 52
26 66
43 89
11 49
31 88
81 92
14 52
13 24
11 52
19 41
5 22
72 93
26 40
18 57
69 88
1 41
8 74
28 47
36 60
17 94
83 90
31 67
25 87
4 82
54 57
2 19
34 89
57 91
7 57
36 62
17 73
9 56
30 64
7 74
58 85
57 58
6 40
7 73
9 52
2 68
18 66
60 65
19 21
49 54
19 46
53 65
19 76
4 22
58 89
7 52
96 99
50 79
9 82
77 83
2 37
2 42
64 88
21 40
2 4
12 57
12 43
5 72
59 78
50 80
62 83
21 83
19 27
24 91
57 72
7 13
11 72
73 88
57 63
29 34
14 88
1 20
9 59
19 63
12 19
74 92
11 42
1 39
20 92
4 62
42 83
11 91
19 89
30 41
64 99
1 64
40 52
36 61
36 76
31 93
18 83
27 72
24 73
45 48
69 81
22 87
7 41
29 43
1 28
11 21
39 85
52 70
17 44
2 72
8 24
50 91
57 69
43 63
83 91
7 83
50 94
77 96
52 62
5 39
55 71
32 36
26 39
86 97
19 91
57 77
52 56
65 93
64 93
84 86
19 99
37 57
56 78
30 68
3 17
17 20
59 65
36 69
12 95
60 87
76 87
8 52
19 72
19 62
66 73
11 90
23 71
11 43
47 48
12 83
10 48
57 62
15 48
19 92
69 98
1 11
33 96
63 83
56 80
16 55
26 89
18 19
68 98
40 68
19 58
50 57
56 85
15 36
19 88
79 92
27 59
27 82
42 93
62 71
25 64
10 96
3 7
42 57
68 82
36 56
50 83
52 92
33 93
0 11
8 50
20 69
65 78
1 79
61 71
14 23
50 99
40 47
67 94
7 37
16 49
52 60
54 62
69 83
37 83
37 51
63 95
84 90
17 41
32 71
33 64
82 85
72 75
52 85
1 84
58 80
2 43
30 96
27 94
2 34
66 68
1 24
40 87
49 53
23 46
41 98
1 37
40 91
36 68
27 83
21 50
64 77
90 94
11 36
25 70
51 96
36 40
46 64
55 60
4 49
57 76
4 89
11 80
82 87
20 51
18 89
13 92
34 74
18 29
59 67
2 26
45 66
17 79
88 92
18 94
19 67
69 87
21 94
42 89
26 74
48 96
35 40
48 51
19 55
30 51
5 42
7 36
18 76
49 51
29 37
31 36
33 52
19 40
33 60
27 57
38 98
24 45
28 63
69 79
31 96
19 42
26 36
23 30
39 78
57 92
29 38
20 24
25 62
36 72
50 82
3 24
29 91
59 61
16 61
37 94
11 20
78 82
6 84
32 59
37 74
91 94
67 83
25 36
19 54
60 99
31 78
1 73
10 87
60 94
60 77
24 79
2 49
69 74
31 60
62 87
16 32
5 70
3 70
23 94
5 88
52 72
76 83
61 86
6 76
40 48
27 42
72 89
51 55
21 84
10 70
46 96
0 56
30 95
17 64
49 65
7 88
75 82
5 82
16 64
7 81
32 86
43 98
3 66
33 78
59 60
11 12
25 49
50 90
52 61
19 77
12 28
26 30
27 56
19 37
30 52
58 93
65 86
1 48
19 48
48 76
49 71
17 98
9 48
9 94
17 48
19 86
8 39
50 77
26 82
12 94
17 39
49 55
48 67
11 96
51 79
41 46
24 26
42 80
7 34
6 88
17 37
11 63
9 61
32 52
22 93
7 94
83 92
5 58
57 67
38 57
63 94
39 41
36 92
18 24
2 18
76 98
23 54
23 25
11 62
8 84
45 87
53 55
27 58
34 57
11 79
40 97
66 86
9 19
9 32
36 78
1 3
61 85
27 51
8 89
51 56
1 44
5 19
5 56
21 29
13 69
31 64
41 92
30 37
8 36
64 68
80 82
30 38
41 69
11 75
32 85
15 52
20 57
45 51
67 99
38 83
22 68
52 90
55 93
15 72
40 70
39 50
64 71
70 73
0 58
55 78
11 17
19 60
14 22
53 64
52 58
61 67
52 63
60 83
47 76
1 34
48 85
68 74
84 91
63 86
36 58
34 51
2 51
41 82
7 87
28 88
84 97
69 94
41 54
1 98
61 64
9 83
34 83
32 47
78 87
4 39
12 52
67 77
1 82
51 66
22 75
51 89
46 68
47 61
20 76
6 70
19 50
32 67
15 70
14 39
35 84
57 88
23 36
57 95
19 65
3 48
13 17
64 70
40 57
38 94
36 42
5 94
29 95
49 89
88 96
32 64
50 56
39 55
37 92
2 8
1 13
30 36
87 92
89 91
42 52
83 88
17 81
12 86
54 64
62 65
20 83
16 87
15 22
23 83
29 90
25 88
54 95
41 74
53 72
46 95
4 11
50 75
55 59
74 76
0 82
21 52
57 60
10 64
24 86
1 55
40 98
70 76
83 95
2 64
9 57
71 87
35 88
85 94
26 64
18 40
37 69
38 51
5 83
61 96
12 29
53 61
14 72
35 76
34 94
20 89
72 80
55 83
8 86
57 79
31 52
17 74
48 69
94 95
28 90
32 53
38 74
40 83
76 79
16 72
55 57
44 63
12 50
19 20
45 52
21 89
13 84
32 96
76 94
45 55
54 96
25 52
48 73
56 93
19 85
24 68
35 70
6 69
29 63
2 62
17 34
1 22
23 52
17 55
52 78
9 99
87 93
43 74
46 51
7 38
39 65
5 57
1 38
37 66
8 30
23 57
22 26
0 95
95 98
19 34
0 42
48 71
6 92
36 45
77 78
52 99
8 82
19 23
51 65
55 62
19 38
30 34
26 86
10 36
36 93
14 19
9 77
10 62
50 63
79 89
29 41
46 52
44 88
26 84
12 44
13 50
2 91
92 94
22 80
56 87
22 50
15 42
79 83
15 88
78 99
83 85
54 68
40 74
7 11
55 94
57 86
52 91
17 70
28 74
68 87
86 90
89 90
47 55
45 63
28 98
18 30
8 28
30 60
38 46
16 48
72 87
15 39
64 86
34 92
20 94
16 36
50 51
64 89
48 57
56 68
48 83
22 55
34 66
28 51
39 93
26 46
1 74
41 66
46 60
26 87
88 94
76 97
55 76
38 54
33 86
42 53
37 46
13 76
40 55
51 70
2 21
1 70
10 49
39 90
41 76
10 23
30 43
19 79
83 86
30 67
36 99
21 28
10 88
67 88
41 52
36 90
53 87
22 65
12 45
36 63
2 20
39 88
33 49
57 85
82 93
48 60
20 40
68 86
85 99
18 39
21 39
2 52
34 69
36 71
43 57
9 88
8 64
29 66
4 94
23 87
12 36
47 69
14 82
4 60
77 85
39 48
61 93
16 42
51 99
37 39
78 94
51 95
64 76
65 83
64 69
18 52
71 72
19 95
2 90
37 54
48 49
11 87
51 67
17 82
36 46
51 62
14 42
59 96
32 93
20 84
69 70
7 39
17 38
46 67
39 75
0 22
22 41
39 91
15 58
70 96
11 23
57 65
63 73
60 61
6 48
1 96
0 72
2 96
43 83
4 96
23 75
62 89
8 87
79 94
41 99
68 99
62 75
45 61
13 51
2 79
51 72
48 92
18 84
8 29
52 77
16 22
32 45
88 97
14 94
24 51
21 86
79 84
23 65
51 73
32 60
9 70
1 30
21 36
1 81
5 51
52 89
14 83
65 94
48 94
39 69
40 79
51 84
35 69
37 82
51 58
7 64
37 76
27 86
44 74
12 39
22 53
40 94
49 75
36 53
1 27
67 70
39 63
47 87
68 84
11 69
43 94
33 62
39 80
47 92
12 73
15 82
52 93
30 91
85 88
19 70
35 92
31 49
51 54
26 28
7 48
3 87
24 29
55 69
44 98
44 90
26 54
8 22
41 56
14 57
6 17
70 97
28 91
58 87
53 58
1 49
14 58
1 95
21 30
12 89
15 56
8 45
26 56
36 77
2 23
80 94
14 56
61 78
7 43
25 72
17 22
47 84
42 87
50 58
1 65
34 46
9 30
3 51
19 78
70 85
55 82
18 82
73 87
70 71
80 95
43 51
78 83
45 90
9 51
74 95
51 98
22 25
0 94
0 38
13 40
39 76
48 53
17 47
32 78
6 24
54 60
10 52
1 89
38 92
30 90
75 94
52 54
43 46
43 54
7 95
16 58
49 68
63 89
31 62
0 39
2 36
6 7
40 64
35 48
82 95
1 2
38 39
16 52
49 88
81 88
14 51
11 67
34 54
1 43
36 91
4 78
63 81
0 41
86 94
3 63
38 82
42 71
69 97
42 51
27 99
47 65
9 46
48 78
8 46
82 90
92 97
38 69
48 93
48 59
24 37
65 82
11 92
26 29
89 96
45 65
21 82
8 44
22 71
17 65
39 95
18 46
1 50
23 55
16 70
51 77
15 19
11 60
57 78
28 70
2 12
26 88
86 91
19 43
44 51
40 41
19 45
38 66
82 91
64 92
4 67
0 43
3 55
36 41
25 39
70 92
8 88
52 71
26 45
95 99
4 83
51 60
12 81
21 44
22 48
6 66
17 27
26 99
3 12
31 86
23 59
5 99
34 39
19 33
41 77
24 34
68 88
39 92
1 56
54 67
63 87
34 76
11 13
17 96
36 89
2 63
65 72
28 48
68 77
16 39
4 50
33 47
11 76
30 87
20 30
37 52
27 77
30 85
28 68
52 73
24 41
18 36
27 30
12 87
73 90
74 81
36 54
41 64
4 64
21 45
15 94
46 78
3 52
30 78
87 90
14 86
17 95
22 88
64 90
68 96
63 88
59 62
5 77
48 62
60 88
34 82
11 27
29 68
77 93
55 73
65 76
51 85
8 73
53 56
23 33
4 57
24 97
26 49
18 54
17 43
40 65
52 53
23 89
33 39
46 85
25 42
59 70
55 72
16 56
39 53
44 70
49 80
3 36
36 73
80 83
93 99
17 35
42 50
13 57
0 83
19 61
37 40
7 70
24 35
12 88
58 71
49 61
15 83
7 47
12 82
51 61
9 11
12 30
19 66
55 92
81 98
17 30
23 31
1 47
28 52
7 55
38 99
39 86
59 87
63 82
63 64
8 54
3 61
84 88
4 9
21 64
1 6
3 32
37 99
30 79
12 64
0 37
39 40
45 68
33 51
19 32
93 94
32 51
8 56
17 49
32 49
7 82
0 57
30 63
58 68
28 87
22 37
41 80
71 88
16 82
62 80
20 39
57 80
51 74
50 72
20 52
1 46
43 66
75 83
7 35
44 91
22 33
26 44
82 88
38 80
39 71
48 82
15 57
21 87
40 61
46 91
16 88
57 70
53 82
43 92
18 22
70 83
57 66
88 90
13 83
32 40
9 54
44 48
77 95
17 89
87 99
60 70
26 96
4 85
19 25
22 90
27 46
21 73
5 30
48 97
3 90
21 46
55 56
0 34
17 50
13 19
35 66
7 50
69 82
19 93
25 82
56 65
23 80
2 17
21 22
64 91
66 97
18 28
25 58
3 8
53 70
57 75
10 72
37 56
56 95
45 91
81 90
92 95
61 76
26 73
59 64
38 76
26 77
49 59
28 36
43 69
50 52
33 45
65 69
68 72
1 61
36 47
6 32
13 28
46 90
6 61
61 73
86 96
42 65
32 76
17 97
18 64
17 61
49 50
32 73
23 51
45 57
13 89
5 86
22 91
52 66
83 93
54 78
69 95
2 60
10 22
43 82
1 5
1 32
56 71
33 83
31 47
7 97
39 43
18 86
39 79
22 95
8 99
0 49
22 38
66 83
19 31
17 32
39 70
11 85
43 80
50 64
52 79
27 76
46 87
20 28
34 40
38 56
25 56
61 62
4 19
49 70
1 67
7 22
62 88
33 57
2 67
34 52
31 39
66 88
20 82
47 52
6 55
71 82
87 91
11 40
1 14
5 46
58 65
17 56
54 91
7 29
8 49
36 37
5 11
42 55
76 82
45 83
41 58
42 68
33 94
54 85
32 62
38 77
24 38
70 81
19 28
21 88
20 46
6 87
34 99
22 31
39 61
32 35
73 98
22 69
70 94
7 89
66 95
12 22
50 98
1 99
70 93
35 61
57 93
26 58
38 52
37 77
44 68
78 88
8 81
25 94
73 74
41 49
22 63
77 87
28 79
55 58
18 56
15 51
3 21
21 54
4 93
18 99
13 94
10 39
1 35
45 64
3 65
32 39
1 62
3 26
21 81
37 80
29 50
73 91
1 33
25 83
27 40
27 69
0 62
7 30
44 87
70 78
43 99
51 81
26 48
57 98
33 72
2 7
37 84
68 73
44 52
1 54
48 68
22 34
75 95
45 98
61 83
62 68
82 92
19 73
8 96
37 64
88 93
75 96
53 88
54 90
11 78
22 76
57 61
1 72
1 9
36 59
79 82
33 82
46 79
16 19
25 57
19 98
10 42
2 13
26 72
20 54
41 84
51 78
32 83
76 96
27 68
31 51
0 68
17 33
1 58
23 48
8 48
20 36
5 17
86 98
35 55
61 69
32 57
69 96
19 80
16 94
47 51
12 46
14 17
0 19
34 56
65 73
19 24
55 68
3 19
18 87
17 46
60 89
15 99
45 74
2 87
24 47
52 84
29 92
21 56
34 80
56 90
32 69
41 87
27 54
48 81
24 43
2 9
47 66
14 99
26 55
22 61
56 91
29 84
28 55
0 23
83 98
34 84
36 66
24 88
67 89
46 63
13 44
19 84
33 40
36 50
15 77
31 72
19 75
88 91
7 65
65 92
61 94
48 72
41 72
36 44
52 95
60 75
11 88
30 93
33 76
27 45
8 77
46 93
25 51
50 69
35 87
17 67
18 44
20 86
54 79
11 98
22 32
26 42
38 40
3 68
64 75
81 91
31 83
3 98
1 97
26 27
19 71
7 96
41 42
43 76
16 83
53 94
32 94
3 91
66 94
59 88
28 57
25 86
22 92
11 55
30 69
41 75
48 56
24 57
34 77
76 95
7 27
50 92
22 70
91 99
31 45
19 53
3 74
10 19
14 77
1 60
18 45
26 81
48 63
21 99
31 57
40 82
74 86
87 89
22 86
1 42
31 94
1 77
24 52
10 58
20 44
45 94
54 87
69 89
8 55
26 62
5 54
68 80
36 79
23 61
67 86
82 86
71 94
62 70
6 51
43 77
90 99
10 82
34 36
49 69
49 86
18 77
1 85
40 96
43 56
50 62
53 77
2 27
12 48
16 57
56 88
20 22
8 58
23 32
3 33
22 43
7 49
11 86
2 69
41 86
31 82
41 96
53 99
28 83
0 18
33 42
49 76
32 97
12 54
79 86
66 87
36 38
9 86
9 17
61 97
14 30
57 84
44 79
19 44
53 83
4 5
27 92
12 56
17 62
2 85
15 86
22 40
24 83
0 26
50 74
67 68
36 84
38 75
6 65
16 77
17 99
11 66
38 64
16 99
33 56
71 83
6 52
6 36
58 95
59 72
10 56
56 63
49 90
57 73
84 87
54 63
48 90
89 92
72 88
2 78
14 76
29 69
9 89
44 55
80 96
11 14
64 80
34 64
50 96
57 74
20 64
24 95
30 92
37 58
11 48
8 72
8 27
61 92
33 69
1 31
92 96
6 63
7 56
21 49
94 98
17 54
4 27
14 45
33 58
52 59
43 52
19 74
17 72
30 76
53 57
70 82
11 65
32 92
18 49
4 52
61 82
48 84
67 75
10 94
2 92
15 30
57 71
14 40
31 42
18 73
23 88
83 84
33 73
54 93
37 49
3 57
22 79
42 48
18 88
81 87
73 83
7 46
55 97
51 93
13 52
38 58
30 55
5 76
20 45
10 86
10 83
17 58
64 95
90 96
14 47
48 58
70 84
68 81
20 99
32 82
27 47
65 68
75 78
49 91
4 36
7 61
27 89
6 12
55 63
17 31
13 30
20 56
14 46
85 86
50 76
56 69
74 83
12 49
26 67
87 97
35 65
13 86
12 99
49 63
28 41
7 32
77 91
8 42
36 95
26 70
52 81
0 64
24 36
37 87
26 80
2 5
17 29
13 81
76 89
10 57
38 84
17 60
28 61
14 69
39 45
3 83
6 33
1 15
12 55
41 62
26 65
21 77
21 48
37 86
43 75
21 96
28 32
9 68
31 56
55 99
15 46
17 85
8 70
37 75
40 43
1 29
64 79
68 70
63 99
60 68
8 62
40 49
35 51
2 76
5 68
31 40
49 92
61 72
52 98
31 58
63 96
28 37
5 69
12 96
77 90
5 40
45 79
18 58
65 99
55 90
18 80
11 74
85 89
30 65
40 95
71 99
31 76
42 59
71 77
11 93
10 51
20 87
0 96
44 57
20 73
79 99
22 59
68 75
32 72
64 73
13 39
3 64
35 36
16 51
17 42
63 70
35 52
1 23
4 41
58 88
13 45
9 75
0 20
78 89
23 68
37 72
56 76
42 95
11 15
17 77
3 18
56 79
60 80
36 81
38 49
42 88
48 66
28 65
13 73
91 96
18 81
28 94
24 87
0 8
89 98
49 95
50 66
67 76
25 99
46 69
18 96
37 42
1 25
72 95
24 94
4 53
33 35
19 47
8 65
30 88
3 31
4 95
41 88
12 70
34 58
44 61
20 81
5 26
60 86
0 79
32 44
73 79
44 83
47 63
0 91
23 50
9 26
35 63
55 77
67 69
0 51
25 77
51 71
34 75
65 77
29 76
5 45
4 51
58 90
21 58
23 70
33 92
7 54
21 55
38 42
38 72
48 91
5 89
15 17
58 91
26 60
56 92
46 55
45 96
28 34
6 90
75 85
28 64
3 27
7 33
39 66
18 72
55 81
79 81
7 99
4 68
51 80
47 64
4 15
79 87
20 77
43 84
30 48
30 40
8 67
6 8
34 49
1 78
37 96
73 94
84 94
9 76
68 85
5 7
12 47
36 43
16 30
74 94
41 45
70 90
12 35
30 53
27 90
7 14
56 61
4 16
51 97
14 68
58 59
51 53
43 64
27 63
3 20
34 86
12 77
27 73
13 36
0 21
31 69
63 97
46 53
66 70
18 42
40 67
31 73
17 25
39 59
50 87
11 24
72 90
62 86
13 82
46 65
43 58
12 27
46 92
14 54
16 46
70 72
19 81
32 56
8 80
9 69
2 98
21 72
7 67
3 94
23 26
63 77
42 61
67 80
20 88
34 87
25 47
14 92
15 54
46 76
52 75
6 31
44 65
65 97
52 74
64 66
13 46
26 75
40 50
3 13
72 91
24 48
77 79
40 89
51 75
32 42
5 92
12 97
41 44
36 98
14 26
62 69
21 27
52 80
56 70
56 86
5 8
69 99
3 79
4 38
52 97
55 91
11 29
36 97
20 80
2 40
29 51
12 58
25 30
9 40
58 61
34 72
62 76
0 60
38 87
5 47
0 90
40 56
8 47
10 47
7 62
63 65
26 85
42 90
37 44
29 40
6 21
80 91
2 93
21 42
48 99
58 63
54 69
34 42
37 45
6 26
8 9
3 14
17 23
6 19
55 84
0 52
7 72
7 58
21 70
27 41
20 49
84 95
32 58
42 91
88 99
12 65
29 89
31 35
4 14
76 85
61 81
62 90
25 45
32 81
13 54
36 75
30 71
18 48
7 9
79 80
47 90
69 72
37 88
71 86
65 90
30 86
37 62
24 70
56 59
79 88
78 80
8 60
12 72
4 37
39 98
11 45
16 86
67 92
4 26
33 97
18 62
46 88
38 96
21 62
63 72
44 94
59 82
60 76
2 14
58 69
74 89
1 10
21 80
11 70
35 90
75 93
7 77
28 39
4 87
11 25
27 91
38 86
4 71
41 67
14 73
17 78
6 74
26 47
69 85
15 76
47 57
28 33
18 75
46 71
9 80
25 46
2 55
25 76
41 73
6 98
60 69
43 49
23 41
8 35
55 66
66 89
11 33
72 76
76 99
11 16
46 48
36 80
8 14
39 73
20 58
28 38
50 67
95 96
44 64
53 54
62 91
54 55
11 84
45 82
50 60
88 98
42 43
25 40
1 93
10 99
22 45
34 96
34 44
78 86
57 81
24 50
47 83
0 67
54 92
92 99
61 68
43 72
33 99
42 70
16 54
18 55
49 79
68 78
26 61
40 85
2 88
41 48
48 77
31 92
3 39
12 42
12 62
15 40
7 42
6 68
33 68
45 67
62 63
28 29
62 95
80 90
11 53
58 70
58 76
87 95
21 65
18 27
10 77
32 68
8 23
9 92
72 86
15 45
7 31
42 63
6 91
41 55
40 62
54 76
30 98
90 97
26 32
0 36
45 49
38 62
70 91
37 73
7 60
64 84
19 59
2 15
67 90
54 65
4 43
66 82
30 33
10 17
8 85
1 16
34 45
15 47
62 92
27 28
26 33
11 28
15 69
41 60
42 69
77 88
20 96
89 93
69 77
13 22
21 47
10 45
24 39
47 68
36 74
9 45
40 46
80 85
13 64
2 66
55 89
8 75
8 61
81 83
40 60
7 85
8 97
88 89
5 75
27 75
2 65
0 12
29 57
58 79
4 34
2 29
2 74
25 69
87 98
65 81
19 35
14 89
3 41
33 77
21 35
8 32
33 44
86 93
6 27
26 35
13 87
1 71
39 84
72 92
11 71
21 67
63 67
9 41
15 68
20 72
24 64
12 67
3 5
58 92
42 76
0 63
74 97
11 61
27 50
5 90
6 64
2 48
74 88
26 78
53 86
0 1
2 86
6 57
34 88
31 99
35 74
8 33
59 94
9 50
34 62
30 66
0 9
82 98
65 91
0 78
29 83
47 96
58 86
35 98
86 89
11 32
97 98
5 63
20 42
6 14
4 25
31 97
40 72
3 96
24 55
13 88
54 71
79 96
5 73
21 97
5 12
76 77
4 8
9 90
17 93
3 37
73 96
45 85
11 31
61 63
85 92
59 83
60 92
67 91
41 81
25 54
39 74
10 76
43 87
54 88
6 83
65 89
28 43
10 30
34 73
75 91
29 44
47 94
5 41
18 67
1 80
13 99
15 26
4 18
1 53
16 17
40 99
37 81
86 95
19 29
77 92
10 40
15 89
32 63
23 86
42 86
27 37
31 77
46 86
5 21
33 46
22 66
26 97
13 56
47 91
39 44
72 79
48 89
7 15
12 61
30 31
20 48
60 90
12 80
40 58
64 98
30 70
35 68
48 54
9 63
20 75
43 86
42 92
27 35
14 63
28 31
57 59
9 21
0 13
9 12
35 91
14 90
12 32
65 84
38 44
17 71
18 70
21 75
43 96
61 84
38 88
1 4
27 44
38 45
11 73
12 14
42 79
0 85
32 84
37 48
86 99
63 80
3 25
61 90
41 85
19 97
41 65
59 86
21 60
74 87
7 25
14 35
40 54
10 11
28 95
18 65
31 68
37 67
15 92
29 94
50 86
30 61
23 69
10 46
50 85
14 28
76 78
32 90
25 68
23 37
39 47
27 80
75 79
9 47
2 16
60 63
47 67
81 94
23 76
24 89
5 91
12 60
75 90
37 55
35 64
30 74
7 23
2 53
61 99
33 63
34 81
25 92
30 32
20 62
40 42
65 66
9 91
46 98
26 31
64 81
91 97
