100 2705 525.6776578855145 dense
0 140 989
1 797 354
2 802 239
3 294 69
4 834 892
5 306 659
6 237 428
7 246 981
8 446 582
9 573 690
10 540 161
11 625 712
12 955 310
13 827 289
14 538 297
15 342 595
16 320 525
17 501 695
18 316 391
19 133 838
20 931 873
21 265 947
22 355 946
23 232 176
24 282 40
25 351 257
26 647 218
27 247 413
28 777 801
29 408 509
30 165 338
31 720 342
32 275 618
33 824 11
34 930 686
35 995 902
36 185 604
37 3 995
38 627 339
39 386 556
40 328 345
41 549 725
42 253 76
43 431 720
44 809 624
45 591 220
46 628 12
47 542 978
48 347 156
49 650 382
50 781 69
51 29 237
52 396 889
53 413 268
54 740 561
55 505 607
56 788 322
57 959 110
58 65 103
59 876 96
60 574 344
61 292 248
62 792 155
63 690 59
64 433 694
65 541 155
66 510 722
67 484 583
68 423 927
69 418 707
70 834 230
71 277 723
72 775 801
73 845 623
74 530 907
75 319 514
76 631 556
77 974 304
78 691 38
79 483 998
80 440 370
81 69 826
82 501 643
83 540 568
84 208 162
85 647 221
86 224 565
87 933 232
88 601 890
89 70 868
90 988 609
91 763 385
92 368 265
93 246 37
94 46 147
95 446 298
96 894 646
97 118 557
98 79 87
99 945 1000
28 72
26 85
10 65
16 75
6 27
43 69
25 92
64 69
12 77
63 78
58 98
43 64
23 84
17 66
3 24
55 67
1 56
2 70
44 73
24 93
55 82
8 67
7 21
41 66
42 93
3 42
81 89
9 41
53 95
53 92
1 91
24 42
52 68
18 40
58 94
38 49
13 56
5 32
29 39
17 82
55 83
38 60
34 96
73 96
36 86
2 13
45 85
26 45
9 11
17 41
3 93
67 83
15 39
14 60
13 70
25 61
31 91
47 79
67 82
25 53
8 55
19 81
8 39
56 91
17 64
46 78
94 98
19 89
22 52
20 35
5 71
22 68
9 66
15 32
31 56
1 13
47 74
9 17
33 50
80 95
18 27
16 39
74 88
15 16
5 15
32 86
17 43
11 41
46 63
61 92
1 31
10 45
43 66
39 75
66 82
31 49
12 87
36 97
64 66
45 65
8 82
8 29
77 87
17 69
2 56
57 59
15 75
82 83
2 62
92 95
49 60
64 82
62 70
9 82
50 62
6 18
44 96
17 55
29 75
16 29
40 92
21 22
25 40
32 36
50 63
51 94
76 83
14 95
68 79
31 38
66 69
44 54
14 45
23 61
41 82
8 83
50 78
34 90
42 84
14 38
50 59
4 20
70 87
33 59
90 96
25 48
39 67
3 48
23 42
74 79
59 62
56 70
16 32
40 61
25 95
16 86
43 82
8 15
69 82
32 71
53 80
27 40
34 73
47 88
29 67
0 7
86 97
48 61
9 55
4 28
75 86
15 29
4 72
68 74
54 76
35 99
48 92
27 30
8 64
32 75
55 64
49 91
17 67
7 22
40 53
40 80
1 2
55 66
6 30
13 91
11 66
23 48
41 43
6 75
13 31
38 85
41 64
61 84
13 87
10 26
15 86
5 69
54 73
64 67
14 80
26 38
53 61
10 85
18 75
6 40
26 65
42 48
3 23
27 75
38 45
5 86
57 87
65 85
11 17
45 60
8 17
18 80
41 55
9 83
3 84
40 95
32 39
80 92
6 16
20 99
8 69
14 53
1 70
39 55
47 68
12 13
48 53
5 39
84 93
2 87
2 31
5 64
0 21
41 69
55 69
17 83
14 85
5 36
24 48
16 27
16 18
15 64
14 26
5 16
43 55
52 74
15 69
33 78
55 76
34 44
10 14
60 95
18 92
60 80
0 37
6 86
29 55
22 79
8 16
18 25
13 62
51 58
8 43
5 43
48 84
9 67
52 79
23 93
0 89
9 64
62 63
59 70
67 69
14 49
31 85
66 67
69 71
11 82
14 65
33 63
15 67
29 80
24 84
60 85
21 52
15 71
38 91
37 89
73 90
25 80
26 31
23 25
8 75
39 82
29 83
23 24
18 61
12 70
9 43
5 75
26 60
39 64
31 60
9 76
43 67
59 87
33 62
13 77
84 98
67 76
18 29
1 49
36 71
49 56
2 91
0 19
15 43
27 86
8 66
43 71
39 69
39 83
62 78
58 84
4 99
30 61
9 69
2 85
48 93
11 76
41 67
2 26
16 36
76 82
18 53
66 83
15 36
41 83
26 62
51 98
70 77
64 71
21 68
62 85
11 55
5 8
31 70
18 95
79 88
18 30
62 87
2 59
49 85
4 35
36 75
38 56
61 95
39 86
23 92
84 94
29 82
30 40
46 50
15 55
1 12
26 49
45 95
26 63
64 83
10 53
15 82
10 95
71 86
8 9
56 62
11 83
46 65
33 57
12 56
63 85
32 69
32 97
2 12
40 75
30 51
50 70
20 28
39 43
70 91
1 38
56 87
53 65
47 52
27 61
19 21
2 50
25 84
65 95
20 72
29 32
45 49
43 52
57 62
14 92
41 88
10 46
48 95
57 70
56 85
16 67
93 98
42 98
11 72
8 32
49 76
26 56
23 30
32 64
6 97
54 96
7 52
11 28
8 41
42 61
23 98
63 65
54 91
31 45
0 81
53 60
67 75
3 61
18 39
22 74
11 88
44 90
28 44
16 40
44 72
17 39
30 84
5 29
10 63
37 81
68 88
7 19
23 58
29 40
50 57
1 87
41 74
52 69
6 36
2 77
1 77
19 71
45 53
69 83
7 68
26 78
38 95
66 74
10 60
32 43
29 64
8 76
56 77
20 34
43 83
70 85
26 70
27 29
14 31
25 27
15 17
41 76
75 80
6 61
78 85
23 94
45 63
6 29
38 80
59 63
22 47
11 54
42 58
40 48
65 78
84 92
17 76
28 73
44 76
66 88
11 67
27 92
14 25
72 73
28 34
61 80
60 65
29 86
13 85
58 93
11 64
34 72
10 48
27 97
60 91
13 26
5 67
39 80
6 32
59 78
48 65
51 84
11 43
28 96
23 40
57 77
10 78
72 96
72 88
5 82
33 46
16 80
6 39
3 25
18 86
28 88
6 15
27 80
10 38
29 69
5 17
52 64
1 62
13 59
27 39
39 71
15 83
13 49
12 57
54 83
49 54
31 62
26 50
1 85
27 36
85 91
10 92
2 38
9 88
52 66
16 55
1 26
16 71
50 85
25 30
23 53
38 65
2 57
16 64
26 91
19 37
11 44
52 71
16 97
52 88
65 92
15 27
66 76
6 25
75 97
15 18
5 55
25 42
12 91
13 38
36 39
16 69
26 46
27 32
11 69
43 68
39 66
45 78
17 29
55 75
24 61
24 98
2 49
6 92
7 89
3 92
46 85
49 80
21 89
15 66
9 54
6 80
45 62
45 46
43 74
2 45
32 67
23 51
10 25
2 63
8 80
29 43
45 80
64 75
71 75
5 66
5 97
17 74
29 95
1 54
56 60
85 95
14 40
25 65
30 92
3 98
61 93
76 91
16 82
49 83
26 95
11 74
69 75
38 76
67 80
46 62
39 40
40 84
42 94
17 88
33 70
0 22
60 76
31 54
68 69
8 71
27 53
17 52
49 95
60 92
9 74
8 11
42 92
80 83
45 56
13 57
8 86
66 68
50 87
75 82
1 60
63 70
21 79
30 97
16 83
73 76
41 52
21 71
16 43
13 50
12 62
30 94
38 53
34 35
17 71
24 58
77 91
60 83
15 97
4 34
32 82
34 54
45 92
75 83
24 25
29 76
12 59
93 94
87 91
2 33
69 74
2 78
27 95
71 97
59 77
20 96
9 39
32 55
21 81
9 72
18 32
53 84
18 23
8 18
3 58
10 80
31 76
62 91
3 53
71 81
9 28
66 71
4 88
64 68
48 80
30 75
38 70
64 74
29 60
43 75
30 86
39 41
62 77
7 81
29 66
22 71
18 48
12 31
11 73
14 48
23 27
65 80
7 79
6 53
71 82
41 68
45 91
22 43
41 72
49 70
53 85
17 32
26 53
25 60
70 78
54 55
19 36
31 87
28 35
28 41
69 86
43 88
24 92
29 53
14 18
5 6
64 76
14 91
35 72
29 36
56 59
54 72
45 50
25 45
28 54
16 30
45 70
40 86
44 91
7 37
54 56
25 93
15 41
17 68
9 29
38 83
39 76
9 44
15 80
64 86
1 45
55 80
13 45
40 60
6 95
23 95
33 87
10 49
19 22
5 52
38 62
22 69
29 92
16 17
14 29
5 19
38 54
9 15
67 71
42 53
18 36
15 40
36 81
75 95
14 61
68 71
29 71
62 65
2 60
5 83
14 56
73 91
41 54
5 41
49 65
6 23
10 62
45 48
22 88
54 90
54 82
71 89
5 27
41 47
50 56
18 84
4 96
75 92
27 84
36 69
50 65
80 85
18 67
10 31
60 67
30 58
55 71
17 75
26 80
31 77
54 67
32 66
30 48
30 53
29 41
10 50
47 66
64 88
25 29
18 97
92 93
43 86
43 76
69 88
31 65
13 60
25 75
24 94
26 59
6 8
16 95
7 71
3 94
28 99
67 86
49 67
59 85
8 27
69 76
1 76
3 65
72 99
46 59
19 32
8 36
18 60
3 10
10 61
24 53
49 53
51 61
53 75
22 64
36 64
20 73
16 92
8 40
39 95
1 14
30 98
74 82
61 65
61 94
9 52
21 37
82 88
76 80
30 36
72 74
61 98
61 75
52 82
6 84
49 55
13 63
49 62
19 52
21 74
39 97
5 18
28 74
5 9
4 44
4 73
58 61
38 92
32 83
16 25
1 59
20 90
8 60
1 44
2 14
14 83
55 60
36 43
41 71
26 33
56 57
22 66
54 60
1 73
29 49
16 53
2 10
81 97
16 66
57 63
17 54
84 95
2 65
33 85
44 83
0 52
3 95
14 76
35 96
27 48
4 11
42 51
30 42
66 72
48 98
30 80
11 96
29 38
20 44
66 79
57 78
31 95
76 96
13 33
3 40
32 40
16 61
28 66
11 47
21 47
41 44
40 42
31 50
80 82
9 73
27 51
9 68
56 63
10 40
54 66
43 47
41 79
21 43
31 80
19 97
56 76
6 51
66 75
14 63
85 92
38 67
43 79
26 92
39 60
24 65
30 95
60 70
8 95
55 86
72 76
23 80
40 67
31 63
21 69
10 24
53 93
28 76
28 90
11 39
40 65
1 50
13 78
18 83
13 54
29 61
8 49
83 95
17 47
2 46
85 87
26 87
72 90
48 58
38 63
18 55
67 95
19 86
82 86
25 38
36 89
83 91
60 62
31 83
13 14
39 53
11 52
44 49
9 47
0 68
5 81
17 22
5 21
14 62
80 86
14 67
5 22
40 45
31 59
39 92
6 67
15 76
27 67
91 96
5 68
47 72
32 81
1 57
35 90
6 48
7 74
17 72
29 97
22 41
32 41
42 95
28 47
38 55
68 82
48 60
8 54
11 68
51 93
22 89
17 28
10 56
31 44
36 40
7 47
32 52
29 30
11 29
12 50
6 71
9 71
32 80
60 61
47 69
56 65
69 79
25 85
63 87
3 30
40 97
25 26
42 65
55 88
14 46
15 52
38 40
0 71
10 42
8 14
36 67
46 70
56 78
14 39
45 61
49 82
14 78
12 90
30 32
55 74
25 39
48 94
10 70
9 16
52 55
65 70
44 56
8 38
19 68
14 70
17 79
81 86
21 64
16 41
50 77
47 64
4 74
4 47
44 55
71 83
49 92
77 90
31 78
24 95
17 86
11 34
11 15
26 48
56 73
60 75
9 32
48 85
31 73
40 83
1 96
60 63
38 78
60 82
64 79
14 75
10 23
24 40
44 82
9 75
23 65
73 83
49 73
22 81
78 87
59 91
30 39
45 59
38 50
8 52
27 71
80 84
30 93
14 55
16 60
15 30
41 75
16 76
18 82
71 74
33 45
33 56
41 73
14 27
12 49
19 69
3 51
1 63
10 13
34 99
55 95
44 66
15 95
89 97
5 40
75 76
5 89
18 38
14 16
8 53
46 48
31 53
13 65
83 86
17 44
10 91
39 49
40 55
72 82
50 91
35 73
76 95
9 49
90 91
33 65
65 93
40 51
28 82
36 82
52 67
5 80
1 90
40 93
10 93
11 79
65 91
7 43
36 55
24 30
49 87
19 43
15 19
12 85
24 51
25 98
9 79
10 18
10 33
18 42
1 10
12 26
39 61
4 90
6 55
25 51
3 18
27 55
53 67
32 89
80 91
5 11
7 69
18 45
9 96
64 80
25 49
40 49
38 87
61 86
25 94
1 65
38 39
18 64
25 58
49 63
18 51
53 83
34 76
18 65
66 86
12 33
8 92
52 89
38 46
67 74
5 7
44 67
60 78
83 88
2 54
48 51
6 14
67 88
91 95
93 95
17 36
8 97
14 23
38 82
21 32
33 77
12 38
4 9
26 57
4 41
55 68
6 64
20 88
12 54
17 80
72 83
11 49
15 92
57 85
13 76
27 83
12 73
10 84
18 69
51 97
28 83
14 54
55 72
6 69
21 66
19 64
86 92
52 81
65 84
31 57
39 52
25 86
3 45
14 50
49 77
1 78
27 94
6 83
3 14
63 91
28 55
18 49
5 74
27 60
18 71
46 53
1 83
35 44
13 73
38 48
3 80
54 64
15 53
76 88
76 85
69 97
13 44
8 74
29 54
9 22
22 82
46 60
27 64
27 42
31 67
77 85
47 82
22 32
44 88
57 91
69 80
15 25
26 77
38 44
45 76
26 76
67 92
8 25
3 46
46 95
74 83
49 50
92 98
6 94
86 89
27 69
51 92
59 65
55 91
55 73
6 82
21 88
56 96
5 76
13 46
31 55
12 96
63 95
15 68
15 60
29 45
67 91
45 87
10 59
40 85
7 64
31 46
32 68
27 82
56 95
92 94
0 79
26 40
64 97
58 92
71 79
1 33
4 54
54 70
73 77
50 60
34 91
40 94
40 82
73 82
8 88
46 57
17 21
36 66
8 68
11 20
9 60
36 80
12 44
49 78
9 80
17 49
31 33
53 63
24 46
38 61
3 27
86 95
6 60
43 54
54 77
38 59
14 82
11 71
83 92
42 80
18 43
38 77
46 56
23 75
56 83
66 73
82 95
67 68
56 90
43 80
31 96
6 43
15 61
5 30
77 96
15 22
53 55
56 80
17 73
45 83
52 83
53 86
25 67
21 36
72 79
6 42
54 85
18 24
43 97
43 72
54 69
29 31
28 79
41 96
39 54
38 75
78 91
36 52
61 97
11 91
9 38
28 43
26 54
22 37
1 95
79 82
18 76
54 80
17 18
61 85
26 61
49 75
48 63
14 84
14 15
36 83
9 34
54 88
78 95
11 22
1 80
40 58
41 49
24 45
15 81
1 34
96 99
11 16
68 89
27 43
38 73
13 90
29 48
64 72
17 60
40 98
66 80
16 38
48 75
9 91
27 58
49 96
16 49
16 23
44 77
2 76
28 64
15 21
31 92
21 41
14 42
53 78
18 93
2 95
76 90
88 99
53 76
32 76
23 45
73 88
41 86
11 32
83 96
14 24
46 92
32 95
83 85
67 73
13 96
3 6
67 72
48 78
18 94
25 83
7 32
8 31
15 74
40 64
11 75
71 88
49 59
16 19
12 63
32 92
28 67
74 76
8 44
44 60
20 54
24 80
4 66
26 83
7 88
4 79
27 98
52 86
67 97
42 45
49 66
82 91
6 58
47 71
8 61
68 81
55 92
69 81
25 32
53 91
75 84
69 72
40 76
0 5
25 46
7 66
16 48
32 61
46 49
22 55
9 86
28 69
41 80
11 60
36 61
16 52
18 85
45 54
8 30
10 29
31 82
80 97
47 55
39 68
11 38
40 69
8 91
18 26
19 75
68 72
29 85
62 95
15 49
24 27
5 88
12 45
63 77
8 22
14 30
6 17
28 68
6 98
27 93
29 91
46 87
60 87
32 53
26 29
23 29
12 34
43 81
11 90
60 64
68 83
17 38
9 31
48 49
29 65
31 90
45 67
25 31
19 39
53 56
33 91
12 78
39 74
17 27
25 97
16 84
53 98
49 64
29 52
42 46
87 90
23 60
13 95
88 96
40 71
54 87
1 46
51 86
41 60
7 36
22 36
11 31
18 58
49 61
63 92
25 55
5 79
44 64
12 60
33 38
46 93
52 75
34 41
15 38
3 26
7 17
60 66
69 89
36 41
18 66
70 76
45 57
21 86
3 85
92 97
34 77
25 36
19 79
21 82
2 80
2 44
53 58
53 82
22 67
36 92
51 53
15 89
80 93
32 74
18 98
37 71
61 67
1 55
2 73
53 94
10 27
4 17
34 88
27 38
64 81
5 95
45 84
0 36
1 67
77 78
71 80
11 80
40 43
60 73
52 72
23 86
8 45
43 44
73 99
2 53
43 89
55 97
17 40
45 93
6 24
34 56
59 60
55 96
14 93
28 52
6 93
27 65
22 39
71 76
66 96
55 79
16 81
31 40
45 77
76 92
3 60
82 97
4 76
15 88
25 63
82 96
70 73
14 59
90 99
1 53
39 45
38 41
70 95
35 88
9 18
27 45
19 66
54 95
9 14
78 92
44 70
0 32
17 19
60 69
8 72
13 80
53 62
0 69
17 96
3 63
64 95
0 43
45 55
7 41
31 39
46 91
5 47
8 28
67 85
1 11
39 88
44 74
9 36
23 97
7 15
3 78
0 74
36 51
5 92
63 80
47 67
49 69
10 87
15 54
65 87
44 69
14 17
26 67
75 81
44 99
6 38
13 83
14 87
38 66
29 84
45 75
56 67
82 92
73 87
17 95
30 71
51 75
8 73
9 21
6 66
36 68
55 56
41 91
39 48
60 77
9 20
0 47
36 95
30 67
43 60
20 74
64 89
43 49
22 86
20 47
19 74
31 34
38 57
84 86
47 99
1 9
6 10
27 49
8 19
46 80
25 78
14 33
5 25
38 64
54 74
61 83
84 97
10 76
5 53
32 60
27 66
50 95
17 91
36 53
24 26
12 76
38 96
18 31
10 83
37 52
76 86
17 97
49 90
18 41
8 21
24 85
34 83
8 47
52 76
16 45
24 63
6 65
60 84
24 78
30 60
70 90
21 39
54 62
16 51
25 76
20 41
27 76
33 49
69 95
47 83
23 39
13 34
6 45
46 61
14 64
65 76
44 87
5 61
55 85
49 57
9 95
62 80
4 68
14 86
91 92
53 97
65 83
68 86
8 85
34 49
5 60
1 82
60 86
39 91
26 55
25 82
2 90
6 76
13 53
10 30
67 96
14 32
16 68
67 79
17 31
6 49
0 64
4 82
8 26
87 96
11 35
21 55
72 91
78 80
28 91
94 97
29 74
33 60
39 81
19 82
10 75
7 86
21 97
31 48
23 26
29 44
12 14
2 96
55 61
23 85
8 79
95 97
64 73
70 80
42 60
30 65
29 68
50 53
1 8
40 66
1 29
26 42
31 41
42 85
70 96
57 65
2 83
22 83
66 91
51 95
24 60
16 54
34 66
10 57
65 75
83 97
43 95
16 22
11 56
53 70
9 90
6 19
9 40
38 69
95 98
7 82
29 56
54 75
56 92
10 39
11 14
73 74
16 89
32 88
39 85
14 44
21 67
43 73
74 99
66 97
10 16
68 76
37 68
16 21
76 77
10 67
35 54
68 75
14 66
6 9
9 56
53 64
15 79
26 39
11 86
48 86
29 88
14 69
23 38
94 95
9 27
58 95
14 41
39 44
38 43
23 46
3 38
19 29
66 95
17 34
8 56
11 21
39 65
5 14
11 99
23 36
56 82
6 41
16 65
19 41
34 82
36 37
47 76
8 10
25 91
65 67
51 80
6 81
15 47
62 76
0 86
34 55
19 47
39 84
45 82
0 97
75 89
79 89
52 97
15 23
32 79
22 75
30 55
79 83
19 67
64 92
31 66
27 41
44 85
2 92
69 73
4 55
16 74
17 53
14 77
14 43
31 75
21 75
20 76
40 91
26 44
49 72
42 63
8 48
8 65
4 83
7 9
28 49
19 55
4 52
62 92
1 92
4 43
31 61
15 48
53 69
53 54
41 95
40 41
42 78
75 85
16 31
30 83
26 93
60 96
19 27
22 29
61 63
10 12
85 93
5 49
25 56
26 75
30 45
12 65
12 46
26 84
36 84
48 50
0 15
7 97
76 87
42 75
84 85
32 49
44 47
27 85
39 89
23 32
22 72
63 93
25 64
69 92
5 54
26 27
48 62
78 93
11 18
30 64
3 75
46 84
74 75
22 28
1 41
7 8
16 85
82 85
61 82
18 91
10 54
4 64
20 66
10 55
30 69
1 28
7 39
1 72
14 73
74 96
44 80
70 83
73 85
40 46
32 47
79 81
48 67
16 26
36 76
8 81
32 38
60 93
26 82
27 81
83 90
39 47
17 92
15 45
57 60
38 90
26 73
61 78
11 95
9 53
2 25
17 81
1 17
29 73
13 67
64 91
54 65
43 53
5 37
39 79
8 96
13 55
25 62
80 94
46 77
37 97
11 36
66 81
5 38
15 84
55 65
32 51
30 82
16 42
34 87
41 90
31 64
86 94
3 29
50 80
38 84
15 31
7 55
25 69
48 83
4 69
22 97
0 66
1 25
24 38
3 16
18 54
10 77
34 74
58 97
50 92
38 42
71 95
75 94
34 67
65 77
1 39
61 76
80 98
74 86
8 23
44 45
36 74
6 85
35 47
43 92
13 92
39 72
29 42
58 80
40 56
16 88
6 26
14 57
34 38
21 29
32 84
40 63
28 39
47 54
74 89
48 97
7 16
30 38
79 99
38 86
31 72
75 91
2 48
28 31
41 97
17 25
64 96
66 89
49 86
7 67
39 73
29 81
9 19
53 66
17 89
16 91
7 11
32 37
2 34
35 74
20 79
39 56
40 54
17 20
30 43
0 17
34 70
23 49
76 79
29 51
1 66
47 73
16 94
4 67
10 98
71 92
65 98
70 92
32 48
61 64
14 36
36 60
15 44
74 81
21 83
2 67
32 54
41 56
11 13
43 96
29 72
1 40
81 82
25 50
44 62
25 43
75 88
9 45
15 91
28 29
6 89
17 56
19 88
62 73
48 56
0 88
97 98
43 91
25 71
9 92
69 91
11 40
9 35
8 89
7 75
23 63
2 55
13 29
31 69
3 49
9 97
33 95
9 13
9 85
48 91
53 71
59 95
61 71
52 54
54 92
40 78
24 75
15 51
31 43
61 69
45 73
36 48
41 53
18 56
10 15
13 25
73 80
2 29
36 94
9 26
22 76
48 55
88 90
27 31
10 58
66 92
23 67
39 51
58 65
28 56
56 72
23 78
15 72
68 97
35 41
69 96
37 79
8 13
6 11
67 81
13 82
15 28
60 71
11 27
4 22
41 99
1 18
75 93
15 85
8 84
15 65
55 90
18 19
58 75
17 45
37 86
10 82
25 70
62 83
47 96
54 68
9 99
54 59
54 99
47 89
33 53
15 26
38 72
34 47
24 29
2 40
28 38
38 93
82 89
16 24
9 25
0 41
30 49
3 50
56 66
20 82
6 52
29 47
44 95
55 81
82 90
27 89
19 83
58 86
5 23
12 83
65 82
75 98
42 86
5 72
17 30
41 81
61 91
54 71
48 76
6 31
44 52
44 68
18 46
66 90
25 66
87 95
11 85
60 90
85 96
1 48
5 28
11 53
43 61
48 70
63 84
16 58
29 89
11 45
17 61
16 93
34 60
25 54
50 54
49 84
53 59
14 97
36 79
26 96
10 94
41 92
2 8
11 26
62 90
17 90
29 79
8 34
65 94
3 39
20 83
17 85
30 85
44 79
4 8
26 30
47 81
34 64
67 70
30 81
0 16
86 88
0 39
39 42
13 48
1 64
23 83
14 96
33 48
78 84
27 52
17 26
16 44
7 29
29 93
60 72
86 98
42 97
14 71
45 64
24 50
57 90
41 89
16 98
0 82
28 60
18 63
34 43
18 81
16 79
55 70
63 76
3 86
19 30
42 49
54 57
40 62
62 96
56 61
13 40
44 75
35 76
20 55
24 49
67 89
60 97
67 84
45 86
15 73
2 82
1 75
71 72
5 44
18 52
16 47
54 63
79 86
5 48
67 90
14 98
5 51
36 88
29 96
2 11
37 69
3 62
49 71
2 9
3 31
28 71
5 84
1 16
41 45
56 75
7 83
54 79
55 89
0 75
11 19
77 83
25 41
32 45
45 66
61 62
37 43
12 95
0 8
2 18
29 70
50 76
2 61
16 56
23 55
49 88
48 82
20 68
75 79
14 58
29 94
4 91
80 87
34 69
14 51
10 86
76 97
41 85
56 64
14 94
13 28
30 76
73 95
13 72
27 54
47 75
1 15
59 80
18 78
36 58
36 49
36 38
23 31
13 39
11 92
39 96
1 61
54 86
20 91
30 66
66 99
26 41
85 90
10 51
27 91
45 69
36 47
83 87
13 41
35 66
1 43
1 69
65 86
12 80
51 65
3 97
26 90
40 70
64 85
66 85
38 71
6 21
68 73
11 12
6 54
13 17
50 61
52 80
35 79
13 18
59 76
73 79
47 86
53 87
5 31
76 78
61 66
52 73
26 64
33 92
9 81
12 28
29 62
26 66
45 96
24 62
20 43
15 56
12 72
2 39
5 45
31 32
32 94
9 61
8 70
15 37
83 84
37 64
43 45
59 90
54 78
11 70
57 73
33 80
