100 4018 768.010416596025 dense
0 206 487
1 74 939
2 533 966
3 137 947
4 172 558
5 358 313
6 929 461
7 68 506
8 765 613
9 109 28
10 741 219
11 860 838
12 45 238
13 16 272
14 249 655
15 720 237
16 551 481
17 321 523
18 503 177
19 851 861
20 145 166
21 730 758
22 190 87
23 405 487
24 653 251
25 650 666
26 578 329
27 38 924
28 177 925
29 340 935
30 666 582
31 689 627
32 704 216
33 906 566
34 912 638
35 46 34
36 15 949
37 541 783
38 1000 432
39 642 603
40 152 781
41 775 619
42 591 815
43 857 955
44 491 462
45 197 74
46 16 18
47 582 577
48 702 209
49 614 753
50 349 674
51 285 814
52 861 517
53 936 219
54 94 75
55 251 786
56 330 450
57 67 455
58 388 575
59 219 406
60 160 420
61 340 154
62 571 422
63 343 50
64 292 362
65 497 16
66 947 236
67 670 243
68 547 120
69 817 508
70 31 561
71 211 427
72 744 12
73 204 524
74 913 129
75 150 2
76 735 584
77 600 770
78 110 106
79 804 739
80 191 641
81 461 16
82 884 961
83 586 42
84 467 285
85 346 839
86 224 969
87 98 360
88 631 443
89 706 959
90 569 137
91 328 921
92 864 279
93 912 735
94 247 835
95 762 336
96 573 944
97 855 727
98 323 745
99 109 344
32 48
8 41
22 45
29 91
24 67
87 99
53 66
49 77
59 71
11 19
15 32
10 15
43 82
68 90
30 39
15 48
27 36
35 46
54 78
65 81
0 73
10 32
1 27
10 48
8 76
32 67
51 94
51 55
12 13
52 69
3 28
2 96
42 77
48 67
4 73
9 75
55 94
9 54
15 67
30 31
7 57
60 71
79 97
31 39
41 76
25 31
93 97
37 42
14 80
1 36
0 71
37 77
59 60
24 32
16 62
16 44
31 76
35 54
9 35
1 3
25 39
62 88
28 86
24 48
39 47
51 85
42 49
7 70
33 52
15 24
30 76
20 78
18 68
33 34
17 56
10 67
50 98
21 79
6 38
18 90
8 31
9 78
0 4
51 98
37 49
0 60
0 59
5 64
22 78
55 98
23 56
85 91
30 47
17 58
4 80
59 64
25 30
45 75
60 87
31 41
68 83
6 52
16 88
44 62
23 44
23 58
3 86
20 22
17 23
60 99
54 75
45 78
65 83
53 74
26 62
66 92
9 46
10 24
53 92
22 75
25 49
19 43
39 76
56 64
29 85
35 78
83 90
46 54
22 54
85 98
34 93
71 73
85 94
40 55
9 45
57 60
57 87
9 22
16 47
3 27
14 50
45 54
8 30
64 71
1 28
61 63
20 54
19 82
20 45
34 97
33 69
50 58
6 33
15 95
79 93
24 26
55 85
35 75
40 94
11 97
75 78
69 76
57 70
25 47
66 74
5 84
60 73
11 79
18 84
28 94
86 91
30 41
51 91
11 93
65 68
25 77
21 49
4 7
14 98
92 95
17 73
11 43
8 69
13 99
73 80
94 98
31 47
25 76
91 94
41 69
57 99
10 95
59 73
56 59
26 84
13 87
0 17
29 86
56 71
6 69
21 25
3 36
63 81
12 20
8 39
41 79
12 99
4 14
11 82
26 88
7 60
26 67
59 99
8 25
81 83
46 78
21 97
0 56
59 87
42 96
21 77
19 79
67 95
14 55
34 52
71 87
71 99
8 79
29 51
12 87
32 95
41 52
25 41
89 96
39 41
19 97
41 97
46 75
68 81
8 52
86 94
29 94
4 71
10 92
40 51
7 73
21 31
56 58
24 95
34 41
14 73
4 60
27 28
0 7
5 56
19 93
48 95
65 90
4 70
44 88
33 41
24 90
9 20
0 57
47 88
52 76
30 88
60 64
8 97
40 80
17 71
21 41
16 23
56 73
28 40
67 90
31 49
44 47
57 71
4 57
12 78
34 79
45 63
8 33
50 55
7 87
8 34
8 21
15 92
21 42
14 17
43 89
28 91
48 90
0 64
16 39
39 49
11 21
44 58
1 86
4 17
16 30
47 76
57 73
22 35
17 50
50 51
16 26
0 80
28 51
17 59
47 62
55 91
35 45
32 90
55 80
3 94
22 63
28 55
63 65
74 92
18 83
19 21
26 44
14 40
4 59
57 59
25 37
5 61
25 42
14 58
39 88
31 79
72 83
34 69
18 65
50 80
44 56
2 42
81 90
38 52
14 51
28 29
7 71
17 64
33 38
28 36
45 61
20 75
37 96
22 61
18 61
20 35
50 85
18 81
51 86
3 40
0 87
13 20
7 99
5 59
18 24
80 98
30 69
31 77
23 64
24 68
33 97
33 93
88 95
15 26
26 32
18 26
76 79
12 54
25 79
33 76
32 92
62 84
39 77
26 48
56 60
0 99
2 89
0 14
29 55
67 68
21 76
40 98
31 69
19 89
76 88
17 80
91 98
77 96
1 40
48 92
70 73
6 34
82 89
21 39
23 62
85 86
44 84
30 49
48 68
47 49
70 80
41 93
18 67
84 90
14 94
5 23
69 95
17 44
7 59
15 90
20 99
58 98
61 84
7 80
27 40
2 37
68 84
21 93
61 81
64 99
32 68
26 95
42 89
64 73
55 86
34 76
5 71
30 62
8 47
76 97
22 46
21 30
16 58
24 84
45 46
28 85
24 62
13 57
0 70
49 79
10 90
50 94
21 37
29 98
13 78
58 73
8 93
60 70
17 60
64 84
27 86
4 56
26 90
3 91
31 88
24 88
6 92
31 97
47 77
47 58
64 87
10 74
39 62
10 53
23 50
73 87
49 96
20 61
2 29
11 89
20 46
10 26
51 80
69 88
3 55
67 92
41 47
38 69
23 47
5 18
63 75
3 51
0 23
39 69
30 77
20 87
5 44
33 79
16 31
40 86
48 72
18 48
1 94
80 94
0 58
21 89
40 85
23 59
37 85
38 66
23 71
48 83
3 29
73 99
67 88
12 35
31 52
18 63
23 73
62 67
38 92
18 32
30 52
72 74
8 49
52 95
77 79
37 39
13 60
39 44
11 34
10 66
10 72
2 77
67 84
58 80
49 76
32 72
14 85
6 95
50 73
15 68
61 65
30 79
12 22
41 49
62 95
53 95
61 68
16 25
2 91
36 86
37 47
52 97
32 83
66 95
16 76
26 68
23 84
4 87
39 79
4 50
70 87
13 54
31 42
30 44
24 92
5 17
16 84
61 64
25 97
56 84
71 80
31 37
72 90
12 60
63 68
8 88
4 58
77 89
15 53
36 40
10 68
67 83
21 34
39 42
12 57
24 83
9 12
14 56
5 26
6 41
37 50
15 74
37 98
12 46
17 98
69 97
38 53
43 79
44 64
4 99
16 56
60 80
31 34
57 80
6 8
12 45
25 88
52 93
4 40
34 38
40 50
70 71
15 88
68 72
50 56
40 91
5 60
15 18
31 33
49 89
48 74
6 66
2 85
42 79
15 72
32 74
43 93
15 66
27 94
41 88
84 88
82 93
8 77
2 49
43 97
52 79
14 23
20 63
61 90
6 76
4 64
76 77
25 69
23 88
62 76
70 99
58 71
0 5
41 77
14 71
19 34
69 79
28 98
32 53
76 93
29 96
58 64
69 92
16 17
21 47
1 55
48 53
23 26
21 43
7 14
11 41
61 78
9 63
3 85
10 83
39 52
0 50
82 97
79 82
56 80
31 62
15 83
59 80
30 37
14 70
15 62
78 99
52 92
42 47
30 97
32 88
58 62
58 59
5 62
63 78
7 13
13 35
4 98
30 33
79 89
37 89
4 55
52 88
10 18
12 59
6 53
63 90
49 97
67 72
56 62
29 40
63 83
13 59
61 75
21 96
57 64
4 23
59 70
32 66
8 11
48 88
30 42
86 98
47 69
20 64
56 99
32 62
1 51
69 93
91 96
42 85
39 97
48 66
32 84
48 84
65 72
31 93
50 91
26 47
56 87
13 71
76 95
10 88
48 62
85 96
54 63
14 59
5 99
73 98
40 70
20 59
14 60
8 16
80 85
12 71
55 58
16 24
29 37
30 34
47 50
7 17
19 41
27 55
37 91
13 22
23 60
13 46
18 62
78 87
20 60
1 91
21 82
44 50
39 58
24 72
5 16
16 95
74 95
25 62
38 95
15 84
31 44
37 51
37 58
12 75
25 52
54 61
36 94
77 97
25 44
5 20
51 58
11 49
19 49
21 33
62 69
9 13
29 50
5 73
40 73
8 19
17 57
56 57
16 41
9 61
77 85
5 63
25 34
23 80
5 58
23 39
19 42
30 95
5 87
21 69
10 62
63 84
24 44
1 29
16 67
55 73
7 64
17 47
33 39
8 42
37 79
19 77
53 67
58 85
16 69
26 30
7 56
13 45
67 74
50 77
11 77
41 42
7 12
81 84
20 71
54 99
22 99
17 62
11 42
5 68
45 81
61 83
27 51
14 57
83 84
65 84
23 98
25 93
33 95
11 25
11 31
17 55
42 76
8 62
34 39
44 76
21 52
6 93
3 98
5 90
47 79
25 33
58 60
89 97
11 33
26 56
59 84
6 97
17 87
12 64
49 50
58 88
42 98
8 95
66 67
90 95
25 58
17 99
14 91
44 59
23 30
37 76
30 58
77 98
29 42
42 97
16 49
17 84
16 50
14 28
59 61
4 51
19 25
42 50
22 81
18 64
8 37
26 39
49 85
48 65
5 22
10 84
24 65
44 71
47 56
53 72
44 67
50 71
72 81
11 76
0 98
41 95
42 91
41 62
45 99
43 96
28 80
19 31
24 53
88 92
62 90
54 87
16 64
18 44
47 52
62 64
65 67
37 41
0 44
2 21
36 55
0 13
4 94
26 83
24 74
7 40
49 58
32 65
15 69
26 64
58 77
22 87
5 45
25 96
13 70
6 30
30 93
1 85
37 55
27 91
33 92
19 96
13 64
26 92
2 51
49 98
6 31
18 72
17 70
38 41
72 92
39 95
71 84
16 77
17 51
22 64
44 73
52 66
24 66
14 29
56 98
18 88
26 61
58 94
80 87
14 64
56 61
0 12
8 38
64 80
15 16
35 63
50 59
25 89
6 88
49 93
37 94
26 69
10 69
44 95
0 40
61 99
20 57
84 95
26 76
31 95
19 33
19 76
39 93
58 84
42 43
47 95
56 88
51 73
25 50
33 88
13 75
5 24
66 69
39 50
36 51
61 71
16 37
27 29
66 72
0 55
5 88
45 87
62 68
67 69
45 64
23 25
24 81
18 95
28 50
89 93
68 95
6 79
2 98
24 69
52 62
31 58
38 76
45 65
11 96
16 32
42 51
6 15
6 10
12 61
52 53
4 5
16 18
29 77
80 99
17 40
67 81
47 98
48 81
79 96
2 86
14 44
49 88
3 80
26 58
16 48
77 91
75 81
82 96
47 97
80 91
16 52
88 90
53 69
3 14
8 44
32 69
40 58
15 52
47 84
77 93
15 65
73 94
64 78
36 91
42 58
5 81
13 73
2 94
55 70
32 81
14 86
22 65
38 74
38 93
1 98
44 49
51 96
43 49
9 99
63 64
35 99
50 60
23 31
43 77
17 85
50 64
10 65
35 61
61 87
60 78
26 31
51 77
49 69
14 37
56 70
37 97
59 78
34 49
27 85
96 98
19 37
5 67
1 80
17 88
6 39
22 59
48 69
50 86
11 39
17 94
11 52
15 44
60 61
11 30
10 52
27 80
34 43
5 12
17 26
2 25
18 45
5 78
18 56
12 70
26 65
10 16
11 37
5 57
2 43
33 47
34 82
72 95
41 44
37 44
18 23
29 36
32 44
18 22
23 37
4 13
62 92
44 77
0 20
12 73
7 58
42 82
7 50
90 92
24 61
5 65
64 70
77 88
46 63
38 97
23 99
29 49
44 98
44 69
44 48
29 80
80 86
16 21
0 84
30 50
35 87
21 88
4 85
17 39
42 93
76 92
24 30
14 87
49 91
19 39
9 87
23 87
6 74
31 89
33 66
6 32
45 59
11 69
4 44
1 14
24 47
44 60
68 88
49 62
52 67
26 81
44 90
22 60
7 55
2 55
49 51
19 30
2 19
10 38
60 84
34 47
50 62
23 55
16 42
0 51
25 98
71 78
27 98
40 57
71 98
34 95
50 70
7 23
31 96
24 52
23 49
74 83
6 67
34 77
20 56
46 99
30 67
6 48
23 61
32 52
23 57
26 52
8 26
69 77
16 59
15 81
22 84
17 37
22 71
49 82
14 99
15 38
42 55
49 52
61 67
14 27
14 47
34 88
77 82
23 24
83 95
45 84
57 58
79 88
24 76
44 61
31 50
20 84
23 77
94 96
23 76
74 90
19 52
16 71
4 12
5 13
75 99
16 90
42 94
25 26
13 61
0 16
2 50
70 98
55 56
47 67
73 85
3 50
10 81
41 43
6 25
5 47
44 68
48 52
33 49
6 24
41 89
58 76
67 76
65 75
15 76
39 56
39 96
45 60
33 53
23 51
5 7
8 92
25 95
14 16
64 88
7 20
10 44
54 64
36 85
16 98
70 94
39 98
15 30
62 77
44 80
55 77
7 98
16 73
25 85
20 81
86 96
17 30
0 94
26 41
50 96
8 89
2 82
2 11
58 91
54 60
46 61
41 92
64 68
57 78
46 87
37 88
24 39
9 81
12 63
59 62
47 85
45 68
45 71
2 79
61 62
54 59
5 83
8 43
59 98
19 69
68 92
36 80
12 56
73 84
5 54
25 43
96 97
64 90
23 85
50 57
58 70
6 21
30 84
26 72
18 20
2 28
51 70
22 68
55 96
17 25
40 71
77 94
5 14
0 61
41 82
5 32
5 48
37 43
62 71
6 62
23 67
13 56
30 56
47 64
58 87
16 68
39 67
40 60
5 50
55 71
16 79
39 89
88 97
75 87
30 92
34 92
58 99
37 62
78 81
20 73
84 99
39 84
27 70
29 58
52 77
60 98
38 79
49 55
50 88
33 62
26 63
18 59
16 33
10 76
83 92
47 93
6 47
68 74
30 38
48 61
32 38
34 42
51 56
29 89
42 44
15 47
4 28
31 38
47 96
26 59
37 86
33 77
8 82
30 32
5 80
31 43
38 88
32 61
32 76
14 77
36 98
24 63
17 61
5 15
10 30
0 62
54 71
54 81
21 62
38 48
17 49
16 92
17 77
2 31
30 96
44 52
37 93
42 88
5 75
15 39
26 53
7 94
30 48
6 26
18 92
14 36
63 99
40 56
53 90
49 94
76 89
48 76
25 82
84 87
7 51
59 63
23 42
55 60
45 90
14 42
24 64
37 80
24 31
66 88
14 49
15 33
53 88
5 9
6 16
39 85
8 15
55 57
0 85
8 58
8 24
2 39
30 89
24 56
85 89
63 67
30 98
26 71
89 91
47 51
38 67
62 83
1 70
21 44
26 66
9 64
62 73
40 59
54 57
32 47
42 69
23 70
11 47
55 59
8 23
34 89
47 73
1 50
8 67
23 94
22 90
17 31
20 65
8 96
41 96
6 11
10 33
64 98
18 71
31 67
31 98
64 81
15 41
25 56
37 82
23 90
0 47
4 16
31 82
57 98
64 75
47 48
23 95
24 41
23 40
21 58
22 57
9 65
36 70
72 84
15 61
37 40
22 56
16 61
56 85
41 58
31 92
37 69
4 27
21 50
26 74
45 83
41 67
43 76
3 4
28 37
66 90
17 18
69 74
16 97
19 47
15 31
24 38
47 55
52 74
10 47
32 39
33 43
2 47
28 70
53 83
21 85
48 63
39 92
23 41
0 78
4 20
1 4
62 79
42 62
23 68
16 34
9 59
56 90
56 94
25 51
16 80
18 75
51 71
61 73
37 56
5 10
8 10
76 96
56 68
13 17
4 91
63 87
13 63
9 60
33 82
16 60
47 80
64 67
50 76
14 39
2 3
28 96
10 39
12 17
38 39
84 92
65 78
32 63
14 62
17 42
42 86
17 20
56 67
17 91
93 96
34 37
39 48
22 83
45 56
27 50
18 78
78 84
63 71
44 99
33 67
47 71
56 63
31 56
3 70
0 22
2 97
14 25
47 59
53 68
10 41
76 84
33 42
47 89
8 32
28 73
95 97
4 84
50 87
42 52
15 23
64 65
7 78
35 60
45 57
63 72
44 55
31 85
83 88
34 66
23 32
34 62
44 85
24 33
32 33
0 26
20 68
5 95
26 33
79 95
88 93
76 82
5 39
44 87
10 61
57 61
2 30
50 84
23 48
21 98
62 98
54 65
66 76
6 19
18 47
31 84
44 51
50 99
56 78
13 80
28 58
8 48
5 30
32 41
71 94
66 83
59 75
35 64
61 88
35 59
47 92
5 70
30 85
25 29
4 47
25 91
60 62
20 70
33 48
31 32
10 31
9 71
17 29
39 43
23 69
16 85
62 65
4 29
58 96
60 63
18 74
20 23
0 45
51 59
51 60
59 88
26 50
68 75
4 86
18 58
39 51
69 84
24 25
49 56
35 81
44 92
65 95
73 91
37 52
41 48
66 68
25 55
53 76
62 97
2 58
53 62
44 79
60 75
31 48
17 76
5 35
24 58
8 66
56 77
30 43
7 27
62 66
34 53
41 66
51 57
70 85
71 88
18 60
8 50
57 94
62 81
15 63
25 38
2 14
9 18
4 36
35 57
18 54
4 62
26 73
74 88
2 8
25 84
47 94
2 41
21 23
21 95
21 38
14 30
25 67
2 40
58 61
60 94
44 57
40 87
12 84
33 37
75 84
39 64
20 90
37 73
7 44
77 86
26 49
55 64
16 51
35 71
93 95
56 76
58 86
0 54
17 28
46 60
0 88
47 91
26 60
16 55
33 44
18 99
54 84
61 72
3 73
21 29
28 42
73 78
12 80
77 80
9 57
38 62
17 24
0 18
71 75
14 84
11 38
8 53
6 49
41 50
10 23
59 94
44 83
65 74
41 53
88 98
39 55
7 54
29 47
2 76
39 82
4 37
10 63
36 50
29 73
7 28
1 7
27 73
5 98
71 85
7 85
21 91
30 64
14 96
58 69
26 38
64 83
73 88
57 84
15 25
1 73
18 53
59 68
58 67
3 96
3 37
42 80
62 63
7 22
18 30
14 88
25 94
33 74
32 64
22 73
68 78
30 82
4 61
49 80
48 64
12 23
44 63
75 83
46 59
6 44
43 52
62 80
89 98
0 28
40 99
81 95
46 57
47 90
75 90
40 42
16 83
9 84
23 91
14 31
33 89
46 64
32 56
23 63
16 93
59 90
26 77
40 64
25 92
76 98
38 47
49 95
54 56
8 84
48 56
58 95
2 93
15 56
18 87
13 23
15 34
52 82
7 61
62 72
46 81
39 73
31 51
51 89
73 86
72 88
44 94
30 66
49 86
15 64
87 98
44 65
30 51
7 36
69 90
3 7
56 95
39 91
44 81
0 37
58 79
17 67
65 88
9 68
18 66
92 97
18 39
40 77
13 14
21 51
42 56
3 58
43 69
29 39
45 73
44 97
47 60
62 74
80 84
28 77
0 91
7 45
0 39
13 84
59 85
70 86
6 77
35 65
40 96
65 92
5 46
16 38
51 64
30 53
10 34
39 80
55 87
23 29
8 17
46 71
25 32
56 81
22 23
19 38
41 84
98 99
26 34
21 26
68 71
54 68
17 22
20 44
30 90
26 37
7 84
10 25
4 78
5 31
18 69
34 44
17 86
11 88
34 96
50 89
23 52
52 84
22 26
69 82
0 63
18 73
39 94
20 83
5 25
47 68
60 85
26 45
92 93
17 90
59 81
61 95
81 88
50 79
25 80
1 2
25 48
78 90
57 75
71 90
24 59
8 98
70 78
12 18
17 68
3 17
54 73
23 45
30 55
20 26
16 99
40 49
62 93
14 26
34 67
77 95
16 96
79 92
17 41
12 14
55 99
5 76
69 89
8 56
56 65
36 73
76 85
0 3
29 31
40 44
39 71
31 91
30 73
16 66
24 34
16 53
17 45
74 81
31 55
4 26
73 77
16 94
39 59
70 91
17 78
43 47
0 29
25 73
16 65
26 79
0 27
52 89
31 66
18 76
62 99
79 85
16 87
0 9
41 98
26 99
49 73
28 49
25 64
0 30
27 57
32 34
44 70
64 95
0 1
56 91
10 64
4 22
10 56
12 81
60 88
39 90
17 21
2 80
23 79
4 39
11 16
19 88
74 84
7 35
68 69
9 90
3 42
4 88
17 63
53 84
16 81
15 58
62 85
58 90
23 81
57 85
64 94
89 94
20 58
24 71
40 47
41 56
8 85
9 56
52 58
76 90
31 53
62 87
30 68
39 66
9 83
20 80
31 64
4 77
34 48
32 58
16 63
30 80
30 91
0 25
18 35
59 65
17 95
54 90
52 90
59 67
7 9
13 58
21 55
23 65
64 85
78 83
30 59
23 83
0 35
29 30
30 71
1 58
12 58
22 44
26 87
46 65
79 98
71 81
81 99
81 92
56 83
23 78
58 68
84 98
86 89
41 85
48 58
0 86
66 84
80 88
28 57
56 75
4 49
39 53
7 16
53 65
1 17
1 57
16 19
42 73
6 90
4 45
55 62
16 57
26 97
5 55
29 56
0 77
29 70
51 62
2 16
37 71
6 72
26 42
55 89
44 45
23 96
18 31
0 49
44 91
63 88
47 61
80 96
85 88
26 98
0 75
31 94
47 82
7 86
74 76
44 96
21 94
37 64
24 45
4 54
6 42
30 94
5 72
60 68
7 91
4 25
54 70
57 63
35 84
56 69
49 84
17 96
7 46
17 27
17 32
15 17
51 87
2 17
58 97
14 76
22 24
4 42
38 72
14 21
68 99
39 68
1 37
54 83
16 91
17 48
18 52
23 28
63 73
27 58
6 84
67 71
4 30
64 76
3 77
37 59
2 23
31 73
13 18
17 69
29 44
50 69
36 57
2 27
3 57
20 62
26 80
60 90
21 92
87 94
31 80
58 89
37 95
5 69
1 96
28 56
12 44
28 71
16 40
6 43
47 66
66 97
69 96
25 71
0 36
14 20
22 70
81 87
66 93
16 29
68 76
65 71
65 66
0 68
2 34
10 58
69 72
44 93
51 99
6 82
38 49
17 54
45 67
16 89
0 31
77 84
25 59
47 53
37 84
24 49
12 65
35 56
29 79
33 96
60 81
23 92
6 37
0 90
88 96
5 37
90 99
31 90
4 18
22 67
21 56
16 74
9 73
57 62
28 60
51 76
0 24
19 85
5 8
2 44
0 42
0 46
8 74
52 68
5 51
49 64
11 62
44 53
5 92
16 72
23 33
51 88
63 95
22 62
71 91
7 29
65 99
15 97
35 68
42 95
8 18
50 97
44 66
15 79
34 74
5 49
41 74
68 87
14 61
61 80
79 91
38 44
7 62
23 97
94 99
18 25
7 75
24 79
45 62
61 70
25 40
64 77
5 40
11 95
13 44
55 88
6 18
6 68
18 46
21 24
49 67
13 81
67 79
16 20
11 85
53 97
45 70
8 90
35 73
23 86
3 49
52 96
20 24
39 60
12 68
30 74
70 84
23 54
44 72
19 29
53 93
53 81
59 83
18 57
24 97
5 77
5 41
29 43
8 14
33 58
67 97
31 71
2 36
49 71
52 72
26 78
10 17
21 67
27 60
71 77
7 47
18 41
31 59
50 61
69 83
18 50
8 51
10 97
19 62
28 59
32 59
24 50
15 21
87 90
24 60
85 97
33 84
39 40
88 89
44 78
4 31
48 59
24 77
62 96
13 50
38 90
27 37
25 66
45 48
25 86
66 79
38 77
10 79
43 85
46 84
29 71
41 90
0 67
51 79
55 76
17 36
6 23
73 75
62 94
3 71
24 73
26 93
49 59
17 81
1 60
60 65
16 70
5 85
37 60
27 71
26 57
22 48
59 91
19 91
32 45
31 68
22 58
15 49
11 44
65 87
13 40
58 63
59 77
35 70
14 41
47 99
41 51
3 60
34 58
36 58
76 91
60 91
29 76
15 59
11 29
23 34
17 79
47 57
56 86
22 32
68 73
1 71
28 89
43 91
47 87
20 67
25 53
47 86
30 60
88 99
12 50
67 77
1 42
73 90
2 88
97 98
3 23
32 79
19 95
7 63
32 97
35 90
3 56
8 29
66 81
12 90
5 94
50 95
15 93
4 9
28 47
46 56
57 91
16 22
73 76
8 91
47 83
25 90
52 56
27 96
8 64
50 52
0 81
19 50
49 92
4 63
45 58
32 71
53 79
11 50
17 65
48 71
19 44
50 67
57 86
71 83
44 74
29 41
0 76
30 61
11 91
9 17
26 75
9 70
61 92
2 69
4 35
8 68
10 21
25 28
85 87
16 45
87 88
41 91
48 79
46 73
7 26
60 67
17 52
35 83
48 97
11 58
19 98
46 68
12 26
78 80
39 61
21 84
14 18
6 83
44 89
38 82
71 86
38 43
8 55
21 32
29 59
42 64
5 52
42 71
46 70
15 71
10 93
24 37
67 73
19 58
42 84
32 49
29 82
2 4
13 65
64 69
11 98
58 78
2 62
7 18
33 90
29 60
55 84
6 89
59 76
30 83
39 74
31 74
9 23
15 77
26 54
2 33
76 80
71 76
41 64
3 59
20 50
59 95
15 45
58 93
69 98
23 75
7 37
21 86
25 60
67 93
17 75
36 60
41 68
27 59
88 94
76 94
85 99
52 83
14 89
10 49
24 93
17 83
21 48
41 55
38 68
45 72
56 96
15 22
2 73
48 49
30 40
47 70
21 80
36 37
82 85
40 62
24 99
1 56
29 57
13 68
1 59
1 77
60 86
42 59
6 58
38 84
5 42
12 40
0 65
62 89
22 80
44 54
10 59
2 56
55 79
62 91
56 79
37 67
29 97
39 86
25 68
2 52
37 70
4 75
4 96
27 56
47 74
12 62
9 26
82 91
77 92
36 71
62 70
36 96
71 95
18 38
31 40
20 48
62 78
11 92
22 72
73 96
32 93
18 80
20 88
28 44
51 84
43 88
23 89
18 33
64 91
1 23
26 85
38 42
58 92
56 92
17 35
20 32
24 75
14 79
12 16
91 97
26 55
24 78
4 46
76 83
60 77
29 62
10 45
59 86
49 60
8 94
4 76
27 42
32 77
58 81
39 83
13 98
57 88
34 50
16 43
23 93
83 99
13 26
13 55
79 94
21 66
79 84
24 87
28 39
46 90
88 91
50 93
14 78
48 93
7 88
10 22
26 51
22 88
0 32
45 80
84 85
27 87
33 50
24 42
47 65
19 51
34 84
8 73
31 60
58 83
0 48
10 77
38 83
63 92
3 89
13 90
73 81
10 71
60 83
58 65
45 88
67 99
48 77
41 94
28 87
46 83
4 24
23 27
14 22
1 49
14 24
70 75
0 15
29 88
17 97
64 72
72 76
33 68
44 75
44 86
0 8
67 75
15 50
61 74
43 98
47 81
54 80
13 16
15 37
28 64
11 23
8 80
13 62
29 64
30 72
12 83
63 74
85 93
11 51
69 85
21 73
0 95
37 57
82 88
67 78
4 68
51 97
21 53
33 72
31 86
42 67
21 28
37 38
64 92
23 35
9 44
12 98
21 40
47 63
4 90
3 47
41 73
16 78
15 20
32 50
1 87
0 2
5 21
54 58
36 59
50 90
16 28
43 50
32 60
48 60
17 89
40 89
11 26
19 23
7 39
19 92
83 87
27 77
14 45
23 72
48 50
67 87
61 76
8 59
0 41
16 82
52 98
27 99
8 71
41 80
42 60
5 74
3 25
28 99
0 83
57 68
12 55
5 53
24 54
0 96
40 88
65 73
17 33
18 49
14 69
65 69
32 73
16 86
30 86
33 56
40 84
47 72
31 61
9 24
84 97
3 87
50 68
73 95
14 67
93 98
43 51
15 60
4 67
48 73
48 75
52 64
54 62
5 6
57 81
0 21
17 46
32 37
36 56
15 73
21 64
30 65
61 98
36 42
15 42
84 94
28 31
39 99
4 21
56 97
39 57
32 75
7 77
31 83
61 69
5 66
72 75
24 98
26 70
57 90
62 75
23 53
36 87
17 92
41 59
4 8
41 71
39 87
18 98
1 99
37 48
23 66
28 30
23 38
60 76
25 74
19 26
10 20
0 10
8 83
10 37
25 61
37 92
34 98
63 70
6 56
7 49
53 61
39 72
20 47
54 67
95 98
6 96
14 54
3 44
10 50
34 85
9 67
74 97
27 49
18 77
48 78
82 98
8 72
42 92
30 81
17 34
56 72
7 30
38 89
5 33
7 25
43 58
3 99
14 95
32 78
19 94
23 36
24 80
39 65
26 94
19 55
43 62
13 51
3 64
80 89
30 99
20 98
29 93
74 93
4 41
70 77
87 91
59 69
55 97
50 82
41 83
34 90
18 37
9 62
69 81
52 85
7 42
41 72
60 95
12 24
22 50
48 99
11 66
26 35
18 70
13 94
32 99
5 91
14 90
23 46
32 42
30 87
33 98
63 80
67 98
14 97
64 86
3 39
6 17
11 55
16 54
0 69
69 71
70 88
34 56
36 77
14 63
36 99
30 57
14 68
39 70
61 66
37 87
91 93
11 94
69 73
51 69
49 70
33 83
43 44
9 58
4 81
39 81
57 65
10 42
13 83
10 60
42 70
49 66
73 83
26 96
20 40
7 68
40 76
21 71
65 76
37 99
42 48
50 78
18 34
15 75
53 63
27 64
5 79
51 82
1 64
11 15
91 99
35 44
31 72
94 97
10 73
49 90
6 50
9 80
20 72
45 50
57 77
52 65
74 79
9 48
25 57
6 65
15 99
58 75
78 88
24 57
21 59
79 80
12 88
26 40
23 74
43 94
86 87
7 90
5 29
30 63
3 21
11 24
48 87
48 54
67 80
45 95
32 87
49 57
33 85
62 82
3 16
49 53
11 53
18 21
1 47
22 95
29 87
15 78
79 86
9 32
12 51
50 63
35 80
11 17
11 67
16 75
12 67
89 95
8 61
32 54
43 95
25 83
14 52
22 47
25 70
2 71
17 93
7 81
38 58
58 82
17 19
39 63
20 55
43 55
25 99
10 75
14 15
80 90
12 94
36 49
10 11
4 95
55 69
76 81
68 80
71 96
25 87
51 93
4 65
63 66
14 32
1 89
19 66
4 32
7 31
56 89
84 93
9 16
43 86
45 47
1 44
34 68
77 90
15 87
29 99
4 48
52 61
8 60
12 47
4 15
44 82
9 72
30 70
86 99
8 40
14 48
42 57
64 79
19 86
14 19
49 68
95 96
41 61
82 95
66 77
13 24
73 79
1 25
18 79
15 19
11 14
3 31
7 24
5 28
55 61
13 88
2 26
28 62
57 67
76 86
69 80
20 95
35 58
69 91
29 69
75 80
31 65
72 78
10 78
52 81
11 32
19 24
21 90
2 6
2 59
5 34
26 46
9 14
26 91
3 30
26 89
13 47
40 41
19 67
59 96
18 42
10 99
29 34
24 35
6 64
15 98
2 70
27 47
31 57
31 99
53 77
9 15
6 81
79 90
64 96
41 60
37 90
15 54
5 97
4 69
33 64
27 44
46 80
80 95
19 53
8 86
62 86
56 93
51 52
34 72
77 87
31 87
53 56
11 48
49 87
0 79
34 91
50 92
36 64
82 94
11 86
49 99
77 99
44 46
2 64
23 43
54 88
84 91
50 54
26 29
34 51
7 65
10 19
52 59
32 98
31 81
68 77
13 27
75 88
38 65
85 95
41 86
35 62
5 38
18 97
54 72
95 99
56 66
14 35
40 79
53 58
58 66
28 76
28 79
2 7
8 65
40 61
13 67
21 74
90 97
0 52
90 98
13 85
52 71
59 72
48 98
55 82
11 56
7 67
52 73
69 94
59 92
10 14
4 79
12 48
35 67
10 87
49 61
18 55
63 69
12 32
53 64
1 39
82 86
9 10
37 61
14 75
25 72
2 60
1 16
31 70
19 32
4 83
20 39
28 88
51 61
29 84
4 10
63 76
21 60
10 54
60 69
20 51
55 93
14 33
37 68
14 34
64 74
57 83
24 85
17 72
19 56
70 96
21 68
68 98
41 65
25 27
6 61
73 89
87 95
86 88
56 74
15 80
8 28
58 72
32 80
5 96
52 55
38 96
20 30
47 78
9 88
64 66
60 96
50 81
84 96
25 65
4 89
14 93
29 52
7 96
61 77
33 51
19 48
52 91
27 89
48 80
24 55
6 98
1 13
5 86
80 97
71 92
46 58
8 81
71 79
68 79
38 56
2 95
76 99
42 87
64 97
22 98
3 5
7 76
28 41
10 98
12 85
93 94
13 28
24 51
31 63
59 79
14 81
18 51
78 98
23 82
42 99
16 35
50 65
50 83
12 15
76 87
51 95
71 72
29 33
86 97
43 92
2 5
40 78
20 94
25 81
13 36
19 28
34 55
16 27
14 43
36 47
14 46
24 46
33 91
42 90
67 85
11 84
34 64
68 70
35 48
34 83
42 66
41 81
57 76
32 57
18 85
1 21
28 43
68 97
80 81
38 81
55 95
48 57
36 44
3 62
37 66
52 80
73 97
82 92
32 35
45 98
27 39
2 84
70 90
61 85
17 38
26 43
33 65
14 65
3 13
55 67
22 39
17 53
12 27
46 62
22 30
61 94
1 5
0 89
25 63
17 43
15 57
11 28
37 53
42 53
17 66
51 67
58 74
13 48
9 50
90 93
1 31
5 27
0 92
4 52
13 32
33 55
36 89
39 45
1 30
78 95
30 45
52 94
2 57
46 67
18 93
49 74
0 97
19 84
10 80
34 94
70 81
55 78
38 50
6 85
24 70
22 40
25 36
63 98
7 83
19 80
65 80
10 12
42 68
5 93
75 95
11 80
52 63
24 96
45 92
89 92
35 72
18 40
3 79
7 32
14 83
3 76
12 28
12 39
33 61
47 54
7 48
22 92
50 75
1 12
22 55
26 82
20 85
28 84
33 73
19 40
4 97
8 63
57 96
15 35
73 92
70 76
0 33
13 15
14 82
40 97
57 95
7 8
7 15
33 59
3 88
18 94
28 97
42 61
6 14
33 81
16 46
52 60
67 96
28 82
54 98
35 50
13 39
7 21
40 54
40 45
15 85
33 71
8 99
2 38
12 30
24 89
11 40
71 97
20 25
11 74
17 74
24 94
3 8
38 64
49 83
16 36
21 27
12 36
33 94
46 48
6 59
60 72
59 97
20 31
17 82
74 77
8 87
67 70
35 88
92 98
45 55
10 57
41 63
7 95
3 12
27 30
84 89
68 93
27 31
8 57
6 63
32 46
7 41
36 39
38 61
72 99
67 89
65 70
94 95
34 73
1 62
54 95
3 41
80 83
0 72
60 92
45 74
26 28
32 85
60 79
6 71
40 69
33 80
21 61
3 19
47 75
10 35
3 43
13 91
13 30
41 99
14 92
34 80
0 34
9 95
15 55
15 96
15 89
5 36
15 51
55 90
20 76
0 6
64 93
72 97
48 85
12 95
22 74
43 66
9 47
41 87
2 24
84 86
92 96
40 43
21 70
5 11
64 89
71 89
86 93
41 57
69 99
10 13
80 93
11 73
13 86
67 94
6 73
66 82
20 92
46 72
39 78
32 55
54 55
77 83
91 95
55 68
21 57
51 78
24 40
72 79
19 73
43 56
32 51
79 83
21 83
34 59
15 43
3 11
26 86
7 10
30 78
34 71
27 62
48 55
13 37
29 95
24 43
20 37
22 51
72 87
5 89
4 33
69 87
51 90
6 51
19 74
12 72
48 51
10 85
22 31
46 50
8 70
2 67
83 97
43 67
43 80
85 90
59 89
12 37
5 19
15 46
22 76
13 29
73 93
12 91
22 25
3 84
32 96
21 36
31 45
43 53
10 89
53 59
11 64
12 25
50 66
45 76
55 63
78 94
51 68
81 98
0 11
72 93
15 82
37 83
50 53
4 11
32 89
4 19
53 82
72 73
10 96
4 34
24 91
10 43
45 51
25 45
0 19
1 88
38 98
2 87
4 92
21 72
49 65
48 96
41 70
21 99
13 25
68 85
24 82
61 79
40 67
21 87
31 36
3 82
59 74
30 36
46 88
59 66
34 65
9 98
0 93
13 95
7 69
67 82
34 61
19 64
10 55
65 98
10 51
48 89
22 94
1 76
83 98
3 97
69 86
11 18
20 49
6 55
57 69
24 29
49 72
10 46
12 31
37 74
12 86
2 15
49 81
2 99
87 96
45 53
49 63
56 82
40 82
20 69
9 40
53 71
35 40
32 43
40 95
22 69
40 63
10 82
6 29
20 77
32 70
40 52
45 69
6 91
12 29
1 79
22 53
48 70
92 99
42 74
96 99
11 90
28 93
3 26
37 63
67 91
6 80
20 28
60 97
70 83
38 63
33 60
66 71
4 93
13 31
39 54
65 77
15 70
40 93
43 48
66 89
15 94
2 92
71 74
45 94
85 92
75 98
35 47
1 84
35 98
4 6
51 54
80 82
34 86
27 88
33 63
28 69
1 8
80 92
18 91
8 20
30 54
63 77
70 95
20 27
71 93
75 92
83 93
36 62
51 63
32 82
29 67
77 81
61 91
59 93
40 90
60 89
45 66
18 19
13 49
12 49
13 77
22 85
