100 2854 566.6153898368805 dense
0 706 850
1 683 531
2 863 358
3 925 803
4 757 274
5 558 305
6 334 973
7 24 787
8 716 608
9 417 695
10 854 451
11 201 337
12 464 159
13 250 884
14 873 695
15 650 621
16 26 284
17 718 165
18 515 965
19 52 103
20 920 738
21 801 513
22 647 644
23 808 129
24 874 208
25 41 807
26 388 237
27 875 71
28 804 820
29 444 626
30 790 116
31 879 415
32 499 864
33 413 926
34 0 131
35 936 190
36 507 29
37 171 697
38 865 121
39 582 374
40 807 721
41 997 69
42 974 622
43 445 524
44 728 381
45 278 42
46 721 497
47 563 324
48 804 700
49 709 636
50 432 294
51 742 131
52 184 543
53 450 30
54 830 386
55 74 552
56 389 23
57 612 838
58 330 579
59 460 520
60 244 302
61 683 150
62 350 928
63 160 488
64 222 997
65 205 457
66 474 761
67 595 439
68 760 149
69 963 559
70 327 139
71 505 557
72 71 736
73 876 153
74 929 823
75 810 535
76 638 113
77 821 110
78 108 382
79 381 357
80 525 423
81 46 773
82 170 117
83 142 447
84 286 289
85 191 14
86 660 341
87 928 320
88 68 101
89 998 557
90 725 165
91 620 730
92 450 859
93 539 849
94 78 955
95 44 597
96 226 516
97 811 922
98 967 386
99 25 635
17 90
43 59
19 88
5 47
3 74
40 48
23 30
23 77
15 22
21 75
51 68
7 81
7 25
8 49
30 77
38 73
25 81
69 89
51 90
17 61
68 90
17 51
95 99
32 93
2 54
10 31
60 84
30 68
61 90
72 81
63 83
17 68
38 77
6 62
32 92
52 96
30 51
27 38
1 46
23 68
39 47
55 95
63 65
24 73
11 60
31 54
36 53
23 38
59 71
61 76
19 34
2 31
52 63
15 49
53 56
51 61
22 49
65 96
33 62
14 20
65 83
42 69
24 35
3 20
23 51
39 67
27 77
8 15
43 71
14 48
10 54
42 89
7 72
73 77
35 73
14 40
63 96
67 80
26 50
23 73
68 77
5 39
78 83
57 93
9 29
34 88
30 38
39 80
2 87
33 92
87 98
61 68
25 72
8 22
44 86
50 79
30 90
10 21
21 46
51 77
27 73
1 8
39 86
20 74
17 30
9 66
24 38
52 65
23 27
92 93
22 91
23 90
45 85
6 33
29 71
31 98
2 10
30 73
0 57
10 75
17 76
1 15
27 30
55 99
46 75
17 23
11 84
47 86
35 38
28 40
66 92
76 90
29 43
44 54
28 97
18 32
0 28
23 24
82 88
11 78
52 83
82 85
51 76
32 66
32 33
47 80
31 87
29 59
55 63
37 72
2 98
5 86
1 49
57 91
38 68
45 70
83 96
12 26
18 33
13 62
66 93
52 55
77 90
4 44
72 99
8 46
24 77
30 61
45 56
15 91
4 90
20 40
26 84
6 64
48 49
26 70
4 17
32 57
68 73
44 46
13 64
17 77
59 80
79 84
67 86
4 86
63 78
36 56
54 87
18 93
1 22
19 82
8 75
1 21
47 67
3 14
28 48
11 65
26 79
62 92
58 96
27 41
20 48
3 28
6 13
5 80
65 78
29 58
38 51
24 87
18 92
24 30
14 42
11 83
4 68
28 74
55 83
21 31
5 50
23 61
1 75
68 76
8 48
1 67
0 97
8 21
43 58
16 78
20 42
24 68
43 80
49 91
40 49
12 53
35 87
21 54
10 98
45 82
56 70
4 54
27 35
4 24
47 50
2 4
71 80
35 41
51 73
12 36
2 44
54 98
24 27
29 66
31 75
12 70
46 67
12 50
27 68
5 67
46 49
81 99
14 74
35 77
10 46
72 95
23 35
38 41
20 28
58 59
14 28
49 75
15 46
61 77
3 40
4 51
91 93
10 44
4 61
9 58
8 40
44 67
62 64
27 51
50 84
39 44
37 81
38 90
41 73
60 79
0 91
33 93
67 71
66 91
64 94
52 95
54 75
52 58
2 24
10 87
85 88
21 44
73 90
7 99
30 76
25 94
24 51
17 38
10 69
21 49
4 23
74 97
37 52
31 44
69 75
24 90
16 34
8 91
12 56
70 84
46 54
36 76
55 96
11 63
1 44
59 67
60 78
80 86
26 60
57 66
79 80
17 73
15 71
70 82
37 99
3 48
40 74
50 80
63 95
18 57
60 65
4 30
37 95
17 24
55 65
32 62
6 92
14 69
57 92
9 71
30 35
0 40
53 70
22 46
3 97
19 85
48 75
22 71
22 48
31 69
2 21
0 93
9 92
46 86
13 33
21 69
18 62
4 73
39 50
25 37
34 82
23 76
14 75
7 37
43 67
45 53
25 99
69 98
15 48
9 43
55 78
5 12
89 98
14 49
37 55
44 75
44 47
58 65
73 87
48 74
54 86
33 66
81 95
4 77
58 71
7 94
27 90
4 87
60 83
22 40
31 46
52 78
78 96
10 89
43 79
0 48
83 95
8 14
1 71
12 76
9 59
32 91
35 68
41 77
11 96
11 79
59 79
6 18
15 75
11 16
16 19
60 70
17 27
76 77
5 26
2 35
24 54
52 99
55 72
20 69
38 61
5 79
70 85
2 75
81 94
47 79
31 89
17 86
24 41
39 46
15 21
42 75
40 75
13 94
15 40
14 89
5 44
48 91
4 31
65 84
1 39
21 48
42 48
50 70
40 91
4 38
3 42
86 90
16 88
9 32
50 60
1 10
37 96
75 89
15 67
39 59
7 95
1 80
1 86
61 86
12 47
58 63
28 57
61 73
40 42
26 47
14 21
22 75
9 93
20 89
22 57
4 35
6 32
37 58
56 85
23 41
35 98
39 71
2 46
5 61
95 96
60 82
63 99
24 61
16 83
4 76
4 47
78 84
24 98
40 97
4 5
4 39
13 92
39 79
4 10
21 89
21 22
65 79
35 51
13 37
39 43
2 86
33 64
22 29
60 63
29 91
21 42
28 91
62 93
2 73
53 76
42 74
9 91
15 29
66 71
1 54
11 52
24 31
28 49
44 80
82 84
0 32
27 61
71 91
1 48
8 67
5 76
62 66
18 66
21 40
38 87
1 91
22 66
10 42
21 98
8 10
44 87
37 63
46 80
25 95
36 70
47 61
22 67
11 26
30 41
35 90
48 69
5 17
65 95
91 92
36 61
83 84
20 97
26 56
0 49
0 22
12 79
60 96
15 59
57 97
44 90
26 53
17 44
75 98
68 86
8 71
33 57
5 90
45 88
50 67
54 69
29 80
16 60
49 71
21 67
72 94
43 96
12 61
46 48
17 35
12 45
15 57
12 84
16 82
47 59
83 99
17 47
79 96
48 97
11 82
21 86
13 25
55 81
35 54
0 18
10 86
1 59
52 72
26 45
47 76
0 3
34 85
49 57
46 71
78 95
22 59
2 69
70 79
0 74
15 66
40 69
51 86
23 87
4 46
24 44
15 43
1 40
47 90
38 76
8 44
40 57
49 67
50 59
1 31
31 42
58 79
0 14
76 86
67 79
36 45
8 28
58 83
43 50
20 75
26 80
9 33
21 87
31 86
4 67
14 22
22 93
58 66
31 35
43 47
13 81
13 72
50 86
2 68
29 92
96 99
59 96
19 45
15 80
44 68
46 47
20 49
11 70
84 96
4 27
22 43
14 15
11 50
10 49
14 97
71 79
44 61
67 75
2 23
63 84
9 22
77 87
0 15
22 28
42 98
5 59
48 57
2 38
2 90
26 39
54 73
4 98
1 43
56 82
43 66
44 98
1 47
6 93
26 36
68 87
54 89
40 46
47 71
7 55
29 67
2 89
27 76
54 67
48 89
73 76
2 17
59 66
0 20
69 87
9 57
8 20
0 8
29 93
37 65
9 62
4 21
10 24
16 63
29 96
29 32
9 15
54 90
10 14
75 86
12 39
75 87
39 61
7 13
9 37
30 87
5 43
3 69
54 68
87 89
45 84
17 54
39 54
52 60
0 66
26 82
16 65
43 65
17 39
8 54
14 46
1 2
11 55
58 80
13 32
46 69
41 68
73 98
44 51
1 14
17 36
2 77
15 28
37 83
40 89
8 69
5 46
24 86
9 13
15 44
8 57
22 80
8 31
2 30
65 99
39 90
5 51
15 93
46 91
10 48
6 66
12 17
24 76
20 21
27 87
5 68
79 83
87 90
14 91
13 66
44 49
35 61
0 92
36 51
15 39
3 89
6 94
63 79
36 90
25 55
1 29
2 51
18 91
55 58
5 71
23 54
1 5
8 42
23 86
10 67
21 39
53 85
30 86
16 84
41 87
28 42
17 87
12 90
43 52
9 96
70 88
46 59
31 73
53 61
45 60
12 60
25 64
41 51
59 65
47 51
63 72
47 68
59 91
23 44
50 53
56 76
22 32
51 87
29 49
42 49
49 69
10 15
71 86
8 80
49 66
69 74
78 99
4 75
64 92
28 93
39 76
60 88
38 54
1 4
12 86
52 81
59 86
86 87
72 96
8 39
51 54
46 98
43 91
29 57
8 59
91 97
11 88
52 79
12 80
44 73
30 44
78 82
75 91
16 55
46 87
5 84
49 93
8 29
8 86
29 52
50 71
30 54
3 49
34 78
62 94
10 35
52 84
80 84
10 40
47 54
78 79
50 76
11 58
37 94
50 56
49 59
74 89
2 61
22 44
36 50
4 80
54 77
29 79
42 54
19 60
52 59
57 62
13 18
43 46
19 70
11 19
22 39
49 54
54 61
9 52
31 49
26 76
39 75
47 84
12 51
79 86
50 65
2 67
36 68
14 31
15 86
5 36
1 69
2 39
49 80
77 86
93 97
71 96
29 37
42 46
43 86
35 44
21 91
10 39
44 76
10 22
46 89
8 43
43 84
5 54
78 88
38 98
44 71
5 70
19 78
64 81
31 67
28 75
33 91
56 84
3 8
15 32
26 65
8 66
73 86
2 42
44 77
58 95
8 89
43 49
39 68
9 18
2 27
43 63
29 39
11 34
84 88
41 90
7 64
20 22
49 74
59 84
26 67
50 61
2 8
58 60
6 9
21 80
39 51
84 85
13 93
39 49
26 86
31 68
22 92
3 75
7 52
34 45
26 59
67 91
37 62
26 43
9 80
29 65
60 85
53 82
58 84
31 90
38 44
71 93
15 20
31 38
10 20
23 31
31 48
18 64
44 69
17 41
45 50
5 53
15 54
30 36
12 68
58 78
12 82
40 93
17 31
26 85
72 83
14 57
9 49
34 60
61 87
10 73
19 84
8 93
49 86
18 97
5 30
21 71
43 60
49 89
58 67
31 39
47 70
17 53
20 91
25 52
36 47
17 67
57 71
38 86
64 72
29 33
59 63
44 59
2 47
61 67
23 98
55 60
8 74
0 33
50 58
50 96
58 72
67 90
22 86
16 52
49 97
11 95
21 47
48 93
37 64
58 92
11 45
1 42
42 87
29 46
28 69
5 23
71 75
60 80
75 80
16 96
53 90
53 84
59 60
63 81
71 92
21 28
32 71
54 80
32 64
11 43
26 61
35 76
30 47
39 84
15 31
28 32
44 50
51 53
6 57
12 85
12 67
15 47
65 72
2 5
37 66
32 49
58 99
86 98
31 77
1 66
15 92
8 9
74 75
9 67
30 31
14 54
70 76
77 98
1 9
20 46
43 83
23 47
80 96
1 28
16 95
21 24
3 91
17 50
10 90
81 96
5 60
31 40
56 60
35 86
1 20
68 98
4 12
3 57
47 53
48 54
1 57
31 51
13 58
26 78
3 21
61 80
4 41
29 63
1 89
50 82
65 71
29 62
10 68
22 54
36 85
16 85
10 17
43 44
11 59
23 36
32 97
57 74
10 47
11 12
2 49
27 54
41 98
2 41
9 65
1 98
15 69
79 82
47 60
0 1
5 21
50 90
3 22
56 61
6 37
37 78
52 71
80 91
65 80
17 80
44 89
8 47
37 92
26 96
74 91
15 58
22 97
13 29
30 98
14 98
11 85
18 28
1 87
26 83
22 58
20 57
15 42
37 43
41 61
36 77
94 99
29 47
39 58
47 75
10 23
20 31
4 50
22 31
59 83
80 90
34 84
28 89
58 91
24 46
34 70
70 78
22 69
5 77
90 98
22 42
50 83
44 48
0 9
8 97
27 98
7 63
5 56
12 30
67 76
31 47
5 15
31 61
3 15
76 80
9 63
5 10
10 38
10 80
56 88
5 24
22 47
82 83
32 58
30 39
45 79
48 71
0 75
25 62
24 47
17 46
46 90
53 68
29 50
2 76
17 98
33 37
24 75
23 39
28 46
67 68
54 76
22 74
50 63
56 79
16 70
53 79
48 67
62 91
43 92
8 98
47 77
11 80
28 66
21 74
40 66
48 66
8 32
13 99
50 78
40 54
24 39
33 94
4 8
6 25
2 14
17 26
55 84
7 96
43 93
59 93
2 15
62 72
37 59
10 51
26 63
59 92
5 31
32 40
81 83
9 79
51 98
25 63
65 70
5 29
26 71
10 30
21 59
5 75
53 60
62 81
36 84
51 67
15 97
42 97
58 93
5 8
49 92
65 82
66 80
10 77
27 44
67 84
40 71
58 81
66 67
27 31
2 80
32 43
42 44
15 74
47 49
26 90
0 29
25 96
12 44
27 86
1 50
64 66
12 23
47 58
39 60
14 44
11 99
71 84
10 61
32 59
70 80
32 48
18 29
19 56
34 83
39 70
26 58
2 48
18 22
13 52
36 86
47 56
26 88
44 79
36 82
9 72
1 79
66 96
40 44
46 61
1 93
16 45
58 62
64 93
4 36
21 35
0 21
46 68
39 87
50 51
59 75
5 22
6 81
30 53
16 99
29 83
36 79
50 52
4 69
63 71
0 42
57 59
5 73
40 67
36 39
46 50
13 95
0 46
67 87
65 81
48 98
83 88
15 89
6 72
31 80
76 79
20 98
7 62
0 71
19 83
43 57
72 78
39 77
28 92
21 43
61 70
21 90
1 58
76 87
60 95
5 58
47 73
33 58
29 86
8 87
17 21
5 38
46 57
39 91
41 54
17 56
2 22
5 11
50 68
3 10
49 98
70 83
9 64
94 95
7 83
12 77
9 39
68 80
12 59
11 37
52 80
6 7
46 66
22 89
41 76
19 26
57 75
24 69
37 71
24 67
11 47
16 79
9 46
52 66
4 15
20 54
55 79
51 80
5 49
38 47
6 29
1 3
10 91
0 62
10 71
56 90
60 71
13 57
47 87
16 26
43 75
4 49
44 91
12 43
31 41
43 78
8 92
11 56
61 79
21 68
22 33
92 97
46 51
45 76
54 71
35 75
2 40
29 48
1 17
46 79
21 73
3 46
26 52
14 93
39 73
32 37
25 58
1 90
39 53
13 96
51 56
26 44
61 98
50 85
26 51
15 18
36 38
35 69
7 58
42 91
5 87
9 83
24 89
27 36
63 80
4 26
63 82
40 98
23 53
9 55
4 89
43 55
29 84
35 89
10 28
69 86
66 97
25 83
21 29
35 46
29 44
29 40
1 24
11 71
53 86
6 91
67 98
13 55
21 57
23 67
7 65
60 67
15 79
67 96
29 75
78 85
30 67
46 73
29 55
11 29
84 86
14 67
59 78
23 46
4 71
14 87
36 60
9 81
71 83
10 74
53 77
38 39
75 90
45 78
33 71
1 32
18 40
10 27
29 60
1 61
17 75
65 88
21 61
1 74
47 65
18 49
26 68
40 92
11 39
57 58
49 58
69 91
39 96
80 83
21 23
5 45
92 94
2 20
5 65
49 87
4 79
34 65
39 98
4 59
19 65
9 95
4 22
39 65
15 33
31 76
25 65
21 51
46 74
48 86
63 70
75 97
9 48
67 69
8 58
30 46
55 59
73 75
17 79
47 96
48 92
0 69
48 59
53 88
3 93
29 72
68 75
36 73
70 86
1 68
70 96
65 67
25 33
3 31
9 40
74 93
86 91
34 63
33 72
22 79
84 95
0 6
56 68
17 70
18 48
79 85
4 53
9 25
46 76
15 50
26 29
14 71
48 80
5 96
54 59
69 97
76 84
79 90
5 27
6 58
39 48
36 80
15 98
12 65
5 35
11 53
78 81
46 93
35 47
9 99
20 93
21 30
21 38
33 81
63 88
33 97
37 93
28 71
72 92
60 99
9 47
70 90
35 39
67 77
57 67
46 58
37 79
46 77
48 87
4 43
30 50
43 48
19 63
10 59
31 71
53 80
12 71
12 88
39 56
13 91
45 47
67 73
40 59
29 95
10 76
86 89
9 50
27 47
37 60
39 66
62 71
26 34
67 70
1 92
38 46
43 70
12 38
82 96
55 94
54 91
33 43
21 77
59 70
7 9
34 56
66 72
1 51
79 88
14 66
19 53
66 75
28 33
20 44
61 75
30 80
65 66
23 75
13 63
16 50
9 28
58 86
11 67
40 86
43 95
31 91
10 41
23 80
18 71
24 36
50 54
33 59
47 98
28 29
43 54
21 97
13 43
2 71
92 96
51 75
8 18
15 87
24 80
47 91
4 42
89 97
40 80
21 66
14 32
23 50
22 50
22 62
31 74
22 98
1 97
0 59
30 56
28 31
41 44
50 88
12 73
40 43
64 99
25 92
12 24
52 92
81 92
7 33
14 86
39 40
7 78
0 89
79 95
67 93
33 49
66 79
13 71
5 9
75 93
43 62
51 70
69 73
29 78
10 43
36 44
19 79
89 91
12 19
80 87
63 66
1 26
5 98
38 67
0 43
38 75
56 86
60 86
20 87
9 11
8 79
40 87
78 80
29 99
3 98
45 61
52 62
36 67
30 75
11 72
26 30
67 89
12 78
13 59
12 27
1 76
61 84
42 67
1 23
57 64
45 65
42 86
27 39
42 57
73 89
35 67
26 46
56 80
59 62
59 95
8 50
39 69
16 58
37 84
52 67
57 80
29 81
9 75
1 73
1 35
12 46
38 53
9 21
75 77
19 50
52 94
0 10
0 67
24 42
51 79
21 93
52 82
80 93
9 84
27 53
45 83
9 94
34 55
76 98
3 54
18 58
66 81
52 70
1 30
4 48
22 87
32 46
12 96
21 50
15 62
13 65
9 86
9 60
5 91
43 72
8 24
25 78
62 96
50 77
3 32
49 79
12 54
32 94
77 80
55 71
5 82
1 12
58 64
21 76
32 74
31 59
12 83
59 61
7 92
23 56
68 79
29 64
39 52
41 86
68 70
14 39
84 99
23 26
35 42
71 78
53 67
11 36
2 59
43 99
46 97
14 29
28 67
28 54
47 63
25 66
32 67
2 50
83 85
18 37
4 14
15 96
60 76
18 94
39 63
62 99
18 74
16 37
47 52
63 67
64 95
5 63
47 83
74 98
17 59
8 33
20 32
5 83
9 78
58 70
22 96
49 50
56 77
3 18
12 58
66 94
50 55
20 67
14 80
32 80
25 29
9 44
32 96
80 92
73 80
34 79
59 90
79 91
8 17
1 77
8 90
65 85
5 52
43 61
53 73
80 98
88 96
33 40
47 82
61 71
59 76
67 92
2 91
44 58
26 55
36 88
59 72
4 56
55 82
28 44
10 29
2 12
47 66
39 83
17 71
33 52
34 96
18 43
20 66
47 48
32 72
16 56
31 43
37 80
44 53
12 63
21 79
54 74
21 27
19 96
50 75
91 96
57 69
18 59
14 18
14 59
1 38
38 69
2 3
17 84
71 90
19 55
32 52
2 43
6 71
4 40
7 29
54 79
59 99
13 83
39 45
37 91
10 50
24 50
33 96
4 70
7 66
62 95
17 43
55 88
34 52
26 77
55 66
44 84
33 48
79 99
46 92
58 94
32 75
20 71
3 66
27 46
67 83
14 92
43 76
45 80
6 22
16 72
70 71
39 89
29 54
9 97
38 80
43 90
6 52
12 16
52 64
75 76
38 89
56 78
9 14
84 90
10 57
28 59
5 78
17 45
66 83
52 88
93 96
44 66
23 69
1 96
0 13
68 69
76 85
6 99
69 71
35 36
69 80
47 78
24 49
9 26
11 86
8 61
66 74
66 86
19 52
24 53
66 95
69 90
14 43
19 36
62 97
15 17
8 68
34 53
45 63
25 32
34 50
32 81
15 90
27 67
6 43
11 81
71 95
49 62
37 57
21 32
31 50
94 96
0 58
71 76
30 70
28 98
45 90
5 66
0 80
39 42
13 22
47 69
17 69
56 67
18 20
75 79
60 61
12 34
15 26
1 84
39 57
28 43
5 48
1 18
3 44
2 28
50 73
40 47
38 50
66 99
55 62
26 54
28 62
60 72
12 29
86 96
76 82
34 95
0 31
23 89
44 70
5 85
27 75
80 82
52 93
50 66
55 64
55 80
71 72
0 44
65 86
6 96
2 74
15 24
6 59
43 81
65 92
63 92
69 77
4 29
17 49
4 84
49 90
56 65
44 57
29 97
15 61
68 89
8 35
35 80
45 51
15 52
10 97
12 35
93 94
6 15
42 71
22 52
39 78
63 94
15 65
52 91
20 86
30 79
50 91
6 95
63 85
12 52
30 69
21 58
4 91
71 97
45 96
39 93
59 68
57 89
89 90
8 51
5 69
3 92
1 33
13 15
22 37
42 73
64 91
62 63
6 97
22 65
37 50
0 54
74 92
92 99
51 59
77 89
64 96
23 70
68 71
7 32
36 54
72 93
51 69
17 89
2 79
58 75
46 84
10 79
8 73
22 26
51 84
16 43
3 87
92 95
14 47
29 31
7 11
1 65
23 79
17 22
47 85
75 92
55 70
15 68
2 36
5 40
71 87
15 37
33 99
45 86
59 81
28 80
22 90
20 92
21 41
55 92
44 74
39 82
38 56
8 62
71 99
49 61
3 71
24 26
14 24
10 12
51 71
30 89
12 31
8 23
41 89
27 56
91 98
12 21
58 82
20 29
48 58
16 81
72 79
49 68
43 68
53 59
2 26
67 78
44 60
10 66
42 93
56 83
53 78
26 38
11 76
42 80
12 87
41 69
43 82
3 67
22 24
80 89
36 41
4 20
0 39
29 94
50 95
53 65
43 51
71 98
15 84
62 65
21 92
71 89
44 56
36 59
25 43
17 60
47 89
45 68
16 59
43 53
19 95
68 84
16 53
6 28
33 95
6 55
70 77
1 60
26 73
8 26
22 61
46 96
61 69
27 69
27 50
72 84
82 95
37 67
27 80
7 43
11 25
59 82
88 95
50 87
20 39
21 26
65 91
24 48
32 39
51 89
2 29
8 30
49 96
40 58
26 95
12 15
28 39
5 41
1 27
15 51
8 96
81 93
36 43
1 52
57 86
18 72
18 25
25 93
60 90
28 86
31 57
35 49
9 10
71 74
29 70
8 76
5 14
27 89
31 79
40 62
54 57
56 59
32 65
41 75
39 92
57 96
74 87
7 16
85 96
41 47
56 73
43 56
6 49
11 66
59 69
77 79
34 99
44 93
33 55
9 20
20 80
33 63
0 64
49 51
32 63
22 84
79 92
18 81
5 89
71 81
10 93
42 47
15 63
22 68
25 59
24 71
45 67
48 62
66 84
15 76
26 37
14 35
67 74
59 87
8 77
20 59
41 46
8 38
45 52
43 45
61 85
60 81
12 75
49 73
0 86
7 59
18 46
22 63
45 59
80 95
31 97
35 53
36 87
83 94
26 49
3 29
38 42
63 64
10 26
87 91
33 65
60 66
69 93
4 60
65 94
61 82
83 92
26 27
36 46
35 50
61 89
14 33
8 12
65 93
39 41
24 79
28 87
6 63
33 80
46 60
9 54
47 57
15 60
0 2
23 49
26 75
15 23
79 93
11 61
54 66
52 86
34 36
15 35
30 45
24 40
46 65
16 80
1 62
56 63
12 22
24 59
53 83
7 93
42 66
24 56
42 68
43 69
56 96
3 9
1 11
15 73
63 91
52 57
44 96
33 67
23 42
42 90
32 79
53 54
20 43
63 86
18 75
30 59
13 78
13 49
22 51
86 93
7 18
26 31
37 39
43 64
5 42
64 71
16 25
29 69
63 93
23 59
29 74
17 42
36 65
42 59
15 30
62 83
43 87
23 71
59 98
4 58
1 63
30 71
47 93
33 74
30 49
32 99
51 60
3 33
35 48
66 78
25 71
32 55
2 53
32 95
9 74
49 76
36 71
80 85
33 46
6 8
44 65
22 60
83 86
11 44
52 85
66 69
67 97
1 70
53 71
29 42
5 88
50 99
26 66
22 76
11 15
39 85
28 58
6 65
1 36
20 24
18 67
4 45
46 70
0 98
5 16
7 60
3 86
29 61
31 66
19 99
36 78
24 43
8 65
30 84
59 64
32 42
55 67
7 71
49 52
67 82
57 79
59 97
18 96
79 81
30 43
42 77
62 80
32 44
49 65
18 21
53 96
73 79
8 84
5 57
88 99
6 40
8 52
54 58
31 36
12 49
17 29
18 52
54 97
23 43
13 80
15 83
23 45
49 77
82 99
42 43
9 12
38 49
22 35
60 68
1 37
39 55
38 70
70 95
30 42
38 79
16 47
26 99
82 86
15 77
46 52
59 89
10 58
45 58
47 55
22 23
29 90
43 98
46 53
16 29
9 31
81 84
64 65
12 41
43 97
20 33
48 90
37 47
4 9
11 22
37 49
8 13
2 57
22 73
17 48
14 73
22 83
53 63
18 80
50 98
47 88
13 79
42 51
80 99
5 55
6 48
32 47
89 93
11 46
15 38
25 60
5 93
3 59
16 36
48 79
10 32
5 19
11 17
26 91
0 47
58 88
23 84
59 77
26 87
10 36
41 67
35 40
56 71
20 47
57 94
47 92
54 93
62 67
22 30
49 84
32 86
45 77
44 97
71 77
1 83
4 28
17 85
20 35
79 87
41 53
29 76
71 73
32 83
72 91
70 73
11 13
3 39
45 55
26 35
17 82
14 90
33 83
57 72
55 85
48 50
5 37
19 58
31 93
24 70
16 71
72 80
28 47
11 90
48 73
3 80
55 93
12 98
69 76
74 86
14 17
27 70
8 37
22 64
1 53
54 84
48 68
44 92
65 76
71 82
84 91
41 42
78 86
12 55
43 89
42 61
59 73
36 83
85 90
3 4
3 43
14 58
32 69
93 95
83 91
58 61
64 83
34 58
0 37
19 47
93 99
82 90
33 75
57 65
14 68
13 28
97 98
29 89
59 74
58 76
1 41
1 13
7 79
86 92
52 56
2 9
80 88
53 87
56 58
43 77
4 11
27 42
6 83
8 27
2 66
40 79
54 70
46 63
21 84
22 77
9 42
53 58
40 90
5 32
36 96
13 97
66 89
8 60
9 69
7 84
45 71
13 67
17 40
48 61
1 6
16 39
9 70
4 66
51 85
44 45
25 79
77 84
5 20
5 92
0 5
83 93
50 93
50 92
38 71
35 71
43 94
21 36
2 97
22 38
