100 4650 924.3792511734564 dense
0 948 517
1 354 474
2 406 369
3 480 336
4 958 608
5 962 936
6 307 953
7 793 803
8 452 503
9 772 509
10 250 551
11 160 947
12 178 104
13 742 360
14 40 665
15 953 155
16 245 373
17 813 444
18 160 541
19 387 266
20 418 245
21 795 314
22 211 398
23 820 954
24 124 716
25 772 540
26 75 192
27 8 146
28 347 286
29 86 212
30 517 494
31 928 222
32 434 427
33 842 888
34 569 426
35 858 463
36 371 624
37 499 978
38 888 267
39 423 119
40 850 686
41 746 732
42 849 953
43 806 329
44 316 361
45 802 577
46 348 64
47 667 711
48 527 438
49 373 993
50 220 406
51 804 163
52 490 467
53 96 601
54 614 665
55 997 248
56 935 593
57 665 60
58 583 783
59 116 728
60 110 698
61 159 410
62 162 489
63 476 166
64 950 140
65 677 598
66 716 675
67 488 130
68 479 326
69 106 725
70 708 174
71 723 551
72 715 643
73 124 199
74 117 804
75 427 238
76 381 178
77 989 292
78 555 561
79 192 1000
80 877 597
81 105 209
82 931 105
83 638 971
84 313 552
85 792 58
86 456 472
87 804 500
88 288 892
89 55 988
90 968 82
91 153 924
92 883 943
93 215 22
94 57 406
95 626 881
96 893 16
97 209 395
98 64 119
99 828 793
22 97
3 68
59 69
20 75
22 50
24 59
15 64
50 97
21 43
29 81
24 69
73 81
24 60
26 29
11 91
60 69
4 56
23 42
59 60
9 25
8 86
66 72
9 87
52 86
26 81
42 92
7 99
19 20
63 67
30 52
64 82
29 73
16 50
16 97
16 22
82 90
34 48
19 28
55 77
48 52
25 45
19 75
17 35
26 73
32 86
25 71
25 87
18 62
61 97
8 52
22 61
15 82
17 87
30 48
56 80
65 72
31 38
64 90
47 66
50 61
11 79
27 98
10 84
6 88
23 92
2 32
41 66
9 71
30 86
33 42
35 87
8 30
65 71
39 67
33 92
32 52
23 33
13 21
47 54
39 63
13 43
15 31
16 44
39 76
31 55
26 98
9 45
15 90
75 76
59 74
20 76
9 17
30 78
45 87
0 56
6 49
14 60
45 80
8 32
48 86
61 62
5 92
69 74
2 3
28 44
26 27
41 47
4 80
20 28
45 71
47 72
2 68
31 64
14 53
7 41
79 91
30 34
65 66
63 75
18 53
1 84
19 76
24 74
34 52
14 69
12 93
2 44
10 18
83 95
0 4
54 65
71 72
36 84
1 32
31 77
39 46
40 80
28 75
16 61
32 48
41 72
29 98
71 87
63 76
33 99
51 70
82 96
9 35
53 60
20 63
7 33
14 24
14 59
81 98
8 48
90 96
73 98
50 62
20 68
2 28
3 32
1 86
61 94
27 29
1 8
41 99
68 75
54 66
38 43
15 55
22 62
54 72
38 77
21 38
17 25
2 19
0 35
62 97
51 85
44 50
60 74
30 32
0 80
58 95
10 62
45 72
40 99
12 73
85 96
19 68
13 17
3 20
32 68
47 58
38 55
25 65
22 44
3 75
44 97
3 48
11 89
28 76
47 65
40 41
5 42
52 78
2 86
12 98
17 43
25 35
27 81
3 19
31 82
89 91
1 2
67 76
25 72
55 64
8 78
24 53
19 44
46 76
39 75
40 45
1 44
25 80
54 78
80 87
57 70
48 68
54 58
34 86
67 75
66 71
6 79
53 69
2 20
74 91
40 56
20 39
48 78
3 34
45 65
37 49
35 45
57 85
65 78
27 73
12 81
53 59
2 52
5 33
1 10
15 38
53 62
7 40
9 65
45 66
18 61
17 21
3 52
49 88
2 75
78 86
4 40
17 45
38 51
62 94
19 63
45 56
16 28
40 66
34 68
20 67
32 34
32 44
35 80
12 26
34 78
1 52
64 96
9 80
31 51
79 89
28 68
3 86
88 91
37 83
2 48
11 88
46 93
51 82
17 71
8 34
10 36
38 64
52 68
15 77
2 8
40 72
12 29
3 28
16 62
5 23
70 85
35 43
79 88
0 87
31 90
8 36
9 72
25 66
82 85
6 11
8 84
18 50
51 64
68 86
41 54
10 50
1 16
15 51
11 74
7 66
1 50
41 65
1 36
35 56
21 51
19 39
15 96
18 22
9 13
94 97
13 87
7 23
18 84
0 17
18 97
22 94
20 44
46 67
13 35
7 47
6 91
64 77
55 82
54 71
0 45
10 22
14 74
4 45
92 99
37 95
63 68
7 42
65 87
56 87
71 80
2 16
35 71
23 99
10 97
42 99
21 31
21 35
10 53
1 22
3 30
31 43
66 99
50 94
62 84
46 63
84 86
1 30
44 61
18 60
41 45
21 70
1 97
25 40
28 32
44 75
17 80
3 44
43 51
7 92
44 68
2 30
38 82
19 32
10 61
71 78
72 80
72 87
55 90
3 8
19 67
47 71
18 94
3 63
41 58
43 87
58 66
25 56
51 96
30 68
14 18
2 34
51 57
13 38
50 84
32 84
36 86
12 46
28 50
47 95
12 27
9 66
28 97
4 35
0 9
22 28
28 63
1 48
0 25
68 76
85 90
16 19
7 72
64 85
10 16
18 24
44 86
66 80
8 68
93 98
72 78
32 78
47 99
49 79
41 71
13 25
20 32
23 83
51 90
33 41
9 43
9 56
43 70
28 39
7 95
40 47
22 84
13 34
40 71
21 87
3 76
43 77
1 3
47 78
72 99
15 85
4 87
41 80
1 28
16 18
84 97
13 70
32 75
2 50
45 47
57 67
30 65
16 94
44 84
46 75
41 95
16 84
40 87
18 69
13 71
18 59
17 38
74 88
58 72
17 56
1 62
2 76
9 40
6 37
1 68
25 41
20 46
40 65
74 89
44 76
36 78
21 77
0 40
30 36
77 82
58 83
66 87
5 99
29 94
67 68
9 21
52 84
16 32
30 54
8 44
36 52
2 22
66 78
4 25
35 38
34 71
2 97
53 94
73 93
59 91
65 80
44 62
25 47
53 61
10 44
25 54
38 90
80 99
33 40
38 70
81 94
10 60
34 65
44 52
53 74
69 91
1 61
1 18
2 84
17 65
19 46
3 67
13 51
32 36
23 95
43 55
58 65
45 54
10 24
8 10
61 81
31 96
61 84
74 79
24 91
28 67
1 19
4 9
51 55
7 58
29 61
77 90
42 83
16 73
30 84
37 58
21 55
31 85
81 97
73 97
25 43
30 71
61 73
14 62
39 68
2 63
26 94
32 50
5 7
16 20
60 62
35 77
28 86
16 81
12 76
33 95
56 71
54 95
57 63
22 81
81 93
22 73
19 86
45 99
73 94
11 49
19 50
25 78
4 17
1 78
9 34
48 65
19 97
19 22
26 93
33 83
1 34
95 99
29 97
10 86
20 48
19 48
17 72
10 32
28 46
10 59
9 54
53 84
7 80
35 40
9 78
11 59
48 75
58 78
22 29
15 21
67 70
3 39
9 41
44 48
66 95
22 32
13 45
31 70
28 61
51 77
56 72
35 65
19 52
10 69
7 54
4 99
7 45
48 71
16 29
16 75
18 36
56 99
21 25
32 97
0 71
9 47
15 43
76 93
37 88
50 81
50 73
52 65
11 69
7 83
0 77
13 48
8 54
39 93
29 93
35 72
38 85
60 91
24 62
20 86
49 91
28 52
50 53
13 31
63 70
57 96
17 77
25 34
21 64
16 86
22 53
20 52
70 82
52 54
26 61
11 24
56 66
23 41
42 95
41 56
53 97
7 65
28 48
0 43
34 75
20 34
29 50
75 86
40 54
43 71
3 78
52 75
43 64
59 88
16 76
1 20
3 16
18 44
16 68
10 14
47 80
41 87
28 73
2 10
24 88
30 44
8 28
27 93
10 94
6 74
4 71
78 84
19 34
48 84
62 69
36 48
2 78
48 54
34 54
26 97
70 96
59 62
41 42
8 65
64 70
8 16
17 34
17 40
50 86
58 99
12 39
4 72
4 41
15 70
8 19
34 87
36 54
83 92
65 99
13 65
22 26
68 78
69 88
1 75
33 66
45 78
52 71
38 87
21 71
30 72
43 45
16 26
12 28
36 62
33 47
39 57
21 82
54 99
54 86
17 31
60 84
24 84
2 61
17 66
2 39
31 35
38 96
4 66
44 73
8 50
47 87
41 92
54 87
88 89
21 34
44 63
2 67
7 56
28 81
11 60
72 95
0 21
55 96
10 52
65 86
6 89
32 76
9 48
35 66
20 50
4 7
9 30
22 86
21 85
35 55
34 43
13 77
41 78
78 87
43 82
0 38
20 97
2 36
20 22
73 76
56 65
26 50
86 97
0 13
40 92
25 30
25 99
14 94
44 81
8 20
83 99
34 44
46 73
7 71
34 72
47 83
13 30
41 83
16 52
19 30
28 34
8 22
44 94
21 45
3 13
60 88
24 36
30 47
71 99
7 25
59 84
32 63
92 95
12 19
27 94
39 44
0 72
36 58
36 50
13 68
25 48
49 83
8 97
8 75
18 74
50 75
40 42
59 89
69 89
20 30
28 84
9 38
28 30
75 97
36 44
22 75
17 55
30 66
3 50
19 61
23 40
69 84
57 82
58 71
50 68
28 29
36 60
30 75
43 85
19 73
54 80
2 62
16 53
13 80
10 30
3 84
0 55
13 52
5 40
29 44
13 78
28 62
68 70
8 71
36 59
32 61
70 90
36 53
33 72
3 22
34 63
49 95
48 63
50 52
76 97
22 36
12 16
43 80
3 97
22 68
34 45
76 81
22 76
48 72
12 20
77 87
71 86
13 55
68 97
32 62
50 76
33 58
55 85
3 70
34 36
68 84
36 97
36 88
24 89
0 66
16 36
17 51
4 65
14 61
10 28
59 79
14 91
12 75
0 65
46 81
17 78
36 69
48 87
40 58
13 72
9 52
34 84
21 57
52 72
62 81
10 74
17 48
30 87
94 98
23 47
29 62
22 52
65 95
1 53
19 81
26 28
34 70
44 67
69 79
70 75
34 66
46 98
16 48
21 90
9 99
17 70
52 97
39 70
8 62
25 52
34 35
35 41
12 44
24 79
60 61
77 96
23 58
62 73
12 97
47 56
46 68
33 80
67 93
43 56
87 99
13 15
26 44
8 18
62 86
21 80
84 94
7 9
0 41
6 59
28 93
60 89
21 48
43 90
19 84
14 84
0 31
17 41
12 22
57 64
30 58
25 38
18 32
60 94
30 45
29 76
49 58
40 95
5 41
32 65
57 75
1 76
17 54
20 73
16 30
23 66
8 72
63 93
48 76
55 70
43 65
32 54
19 93
20 70
44 46
8 47
10 48
6 24
43 48
2 18
17 30
45 58
29 46
0 99
36 61
52 63
34 47
47 52
26 46
20 93
32 67
3 46
13 56
75 93
13 64
42 47
4 33
48 66
7 87
15 57
61 86
76 86
43 57
57 90
18 86
6 69
27 61
38 57
17 47
12 63
31 87
1 94
70 77
35 51
12 50
10 78
73 75
19 29
56 77
77 85
66 83
13 85
61 98
26 76
11 14
12 61
63 86
47 48
34 67
9 77
54 83
20 61
36 65
52 66
13 86
8 61
21 65
57 76
37 79
25 58
3 36
24 61
45 48
42 66
32 39
36 47
20 57
48 50
4 47
52 76
31 57
8 58
33 56
26 62
39 73
13 57
30 50
16 39
16 63
72 86
48 67
2 46
12 67
34 76
36 74
44 78
97 98
16 98
50 60
21 56
67 85
60 79
35 47
33 45
21 96
28 94
32 71
58 88
3 10
20 81
8 66
13 32
22 98
14 50
37 47
42 58
52 87
3 21
66 92
13 66
10 19
18 28
21 68
22 60
35 54
19 62
36 68
47 92
46 57
14 22
24 94
13 82
55 87
4 77
4 43
51 67
49 89
9 86
62 74
49 74
61 75
35 78
22 48
14 97
60 97
47 86
33 54
74 84
61 69
27 97
8 9
48 70
40 78
19 26
22 30
59 61
48 97
10 68
61 76
15 17
54 84
38 45
23 37
8 25
6 60
15 35
76 98
1 54
69 94
25 86
75 81
8 13
14 89
30 97
22 27
17 52
78 80
6 58
3 71
20 84
24 50
57 68
43 96
77 80
0 7
12 94
44 53
35 70
16 46
5 83
3 43
9 31
50 98
43 72
43 68
70 76
6 95
59 94
78 95
3 65
53 91
51 63
4 5
16 27
23 72
16 34
38 71
28 98
52 62
4 13
54 56
13 63
2 73
38 56
52 58
3 61
25 77
22 24
66 86
38 80
30 41
39 81
30 63
13 54
45 52
61 68
21 30
1 60
1 63
35 99
6 83
68 71
35 48
24 97
3 57
8 76
30 43
9 58
17 64
37 54
14 36
20 29
33 65
1 24
19 70
63 85
75 84
6 36
27 50
39 48
35 64
52 61
58 86
2 13
4 21
14 88
65 68
18 81
72 83
51 87
52 67
18 29
42 72
13 75
8 63
88 95
18 52
50 59
21 72
50 69
28 36
3 9
7 78
19 78
70 87
34 39
58 92
11 37
5 95
45 77
2 81
84 88
9 70
21 52
0 47
43 78
29 75
7 37
30 35
10 34
13 67
10 88
4 92
22 59
13 40
22 69
67 86
16 67
13 20
72 92
18 73
71 95
30 76
5 56
21 78
20 78
36 72
9 55
28 78
43 52
9 68
69 97
59 97
1 65
19 57
80 92
7 35
20 26
75 78
9 51
9 32
58 80
1 59
4 38
37 41
53 88
4 54
36 66
10 20
86 87
39 97
17 99
44 98
5 80
48 58
34 50
2 12
29 39
27 46
3 17
37 91
22 39
55 56
37 42
50 63
2 94
45 95
39 50
21 63
63 97
11 53
16 60
8 87
22 63
16 93
34 80
34 51
1 69
3 62
34 41
63 73
20 62
44 93
56 92
25 31
17 68
39 52
32 72
39 86
33 37
2 65
19 98
23 54
25 33
26 75
30 62
40 83
3 54
58 84
26 39
3 25
25 32
34 38
2 29
62 68
18 19
14 16
42 80
34 58
33 71
43 66
8 45
21 67
17 86
78 99
13 90
19 36
19 94
1 73
5 66
83 88
13 47
17 82
39 98
46 97
58 87
22 34
18 26
2 70
36 71
7 17
10 75
40 43
18 30
22 46
34 97
23 80
45 86
1 39
2 54
4 42
0 15
36 95
4 55
16 78
25 68
3 87
51 68
1 81
16 24
54 68
62 75
30 67
46 50
52 70
0 54
35 82
2 71
8 17
41 48
27 28
65 84
13 19
3 51
32 47
1 14
30 61
14 79
35 52
43 63
41 52
48 62
25 55
68 87
36 49
55 80
48 61
50 78
49 59
1 67
8 53
21 66
42 56
67 73
36 91
25 95
5 47
31 56
71 77
10 81
25 70
42 54
13 41
24 49
4 23
8 41
30 70
37 66
32 70
32 46
93 97
63 81
18 88
10 73
39 85
12 68
21 86
27 76
30 80
8 67
1 29
45 92
65 83
43 67
2 26
32 66
27 44
13 96
20 98
21 75
15 87
27 62
22 93
21 40
36 37
46 70
10 29
31 45
1 71
0 64
68 73
32 87
70 71
23 45
37 99
32 94
16 59
28 70
43 86
21 32
49 69
25 51
34 57
16 69
31 80
23 56
42 45
80 95
17 32
3 18
76 84
32 53
62 76
22 78
3 12
18 48
56 78
10 54
3 73
55 57
20 36
75 98
0 51
36 94
53 86
45 55
62 98
34 40
18 91
5 72
20 21
39 51
23 65
78 97
50 93
30 40
51 75
48 80
1 58
18 68
32 43
50 67
67 97
32 73
8 39
12 62
10 91
9 33
22 67
37 92
11 36
0 33
32 58
17 85
30 39
3 72
54 92
43 54
4 31
2 53
31 71
47 84
64 87
29 53
53 89
41 86
0 34
43 75
33 87
36 75
28 57
36 41
70 86
48 51
67 81
8 24
8 21
2 9
68 81
61 93
53 81
38 65
1 47
18 20
29 63
6 14
2 21
39 61
5 45
8 60
17 90
46 61
8 43
42 65
20 51
32 81
21 54
44 60
68 72
49 60
20 94
10 76
0 78
18 78
3 81
2 93
76 94
61 74
51 71
35 90
1 26
20 43
54 88
32 45
19 27
9 15
57 77
37 72
1 72
3 35
10 26
38 48
62 78
9 95
13 39
56 58
61 63
73 84
6 84
81 84
65 92
26 63
13 28
2 43
30 95
35 86
3 45
34 56
48 57
74 94
68 93
28 53
63 78
53 73
35 68
2 57
24 44
18 75
2 25
13 76
8 59
1 13
86 94
84 91
4 78
10 58
11 18
6 10
10 11
1 74
75 94
43 47
8 94
75 85
49 54
40 48
47 49
41 43
8 35
52 80
55 71
5 58
29 84
29 32
45 68
29 68
26 53
17 58
9 64
25 36
1 12
71 84
1 46
29 67
34 61
35 85
53 79
6 53
14 44
19 21
3 93
8 69
50 74
17 57
34 62
24 86
68 85
12 32
72 84
0 82
31 34
2 72
3 29
3 66
38 68
60 86
3 38
45 70
4 58
2 17
38 72
45 51
1 66
7 30
23 71
46 48
63 98
82 87
93 94
27 39
8 95
70 78
52 53
36 79
22 74
23 25
8 70
21 47
9 36
26 67
40 77
3 85
44 59
25 92
20 85
78 83
0 70
63 84
2 87
3 47
74 97
0 5
1 9
37 65
37 74
47 88
21 39
25 42
44 69
87 95
76 78
38 40
67 96
37 78
21 41
6 54
42 71
66 84
40 52
20 27
66 68
35 58
46 86
8 88
62 88
32 60
56 95
38 67
1 25
1 88
18 27
51 76
71 92
11 84
2 98
19 43
61 78
24 32
34 46
67 98
38 63
18 34
18 76
65 70
78 88
33 35
15 25
32 35
59 86
26 68
44 54
13 44
45 83
46 52
76 85
0 48
47 68
71 83
3 94
27 75
26 32
4 34
68 94
19 51
30 56
10 65
73 86
4 95
3 26
2 47
34 85
71 75
0 92
30 99
26 84
0 30
44 65
69 86
61 67
20 71
18 98
36 45
32 57
6 47
9 82
44 70
30 53
30 38
33 78
62 91
8 80
17 96
0 90
2 66
21 76
52 95
67 78
32 41
48 56
39 43
17 63
65 77
51 52
52 94
12 18
6 18
17 75
25 64
20 65
36 83
32 59
8 40
30 51
65 75
15 56
7 34
81 86
9 75
80 86
5 25
51 80
19 71
19 65
34 77
5 54
13 99
9 20
5 65
85 87
17 20
2 60
24 52
8 14
38 66
86 95
52 57
32 69
63 96
67 82
19 53
80 83
46 85
37 89
38 78
52 60
17 33
49 84
72 77
38 52
7 13
36 76
10 63
10 47
39 84
35 57
79 83
0 42
2 24
58 79
8 73
2 45
9 23
9 92
2 51
15 45
40 86
35 96
15 80
23 49
21 28
87 90
46 94
44 71
34 99
51 56
31 67
16 74
87 92
79 95
2 58
8 74
36 87
62 63
9 42
1 87
43 76
8 46
25 83
24 30
9 85
57 93
7 48
0 58
13 58
17 67
31 65
29 86
86 88
7 52
58 91
10 79
10 12
39 62
4 15
9 63
5 71
51 65
56 64
52 73
11 58
48 95
84 95
28 65
7 8
23 87
32 51
8 81
42 87
41 49
30 60
9 19
19 85
14 29
13 36
0 23
31 63
31 48
4 30
70 80
52 59
2 27
37 40
67 84
37 59
63 71
24 37
15 71
11 62
24 78
7 36
1 98
25 75
30 57
34 95
14 86
3 58
10 49
19 54
63 82
75 87
25 84
18 89
30 88
1 45
1 17
28 71
18 79
14 32
32 93
14 81
0 52
53 78
48 53
20 25
44 57
31 68
7 49
28 43
9 84
12 86
39 78
45 64
57 87
2 59
9 57
2 35
17 19
38 75
57 86
40 55
30 46
64 67
3 31
52 56
52 69
20 87
64 80
25 82
48 85
4 48
27 53
52 81
20 54
34 55
28 54
5 87
68 98
6 78
24 58
46 62
1 70
79 84
30 59
43 99
37 84
5 37
39 94
10 39
51 86
48 99
2 69
60 78
15 67
54 75
58 74
3 53
46 51
5 9
37 69
14 49
8 29
49 66
12 84
4 64
63 87
30 94
27 63
48 73
58 68
49 78
41 84
70 72
1 21
3 98
1 41
51 78
64 71
52 99
59 78
9 90
36 63
15 34
62 93
13 84
58 59
66 77
10 98
31 40
20 38
16 54
52 88
18 54
11 95
2 14
4 51
48 94
30 69
53 68
50 54
10 27
31 72
7 86
19 25
6 8
26 86
1 93
10 71
28 51
14 73
9 67
23 78
10 72
7 43
55 65
14 26
74 86
32 80
1 43
63 64
8 99
91 95
3 80
28 60
17 95
34 64
63 65
56 70
1 27
25 63
3 41
15 63
17 36
8 37
42 49
29 52
69 78
35 95
19 87
38 86
10 89
11 83
12 52
37 60
9 44
66 88
9 28
49 53
20 53
48 81
21 99
27 67
58 69
58 60
33 49
35 92
56 83
9 83
39 96
1 6
21 44
32 38
32 98
68 80
36 89
67 71
37 71
10 66
67 90
25 85
63 94
36 40
53 98
12 48
38 54
22 54
10 67
34 82
35 63
4 83
8 12
5 35
30 37
24 28
48 77
0 85
62 67
54 62
41 88
55 72
44 74
41 68
0 95
6 62
35 75
38 41
67 87
29 60
54 97
16 65
36 99
83 91
18 58
32 88
65 88
14 28
38 39
56 82
51 72
44 72
8 26
4 52
12 57
7 21
60 81
46 84
45 82
49 72
8 51
1 95
24 48
45 84
25 44
42 78
32 40
35 42
18 63
50 88
20 35
43 44
53 75
8 56
86 99
30 73
48 60
6 41
8 57
36 73
14 52
25 57
17 28
30 83
87 96
71 82
23 35
32 74
24 54
2 38
13 46
1 91
30 31
32 95
36 81
84 87
56 86
0 86
10 37
72 88
57 71
6 66
80 82
25 28
29 48
44 47
50 65
2 85
8 38
38 47
0 8
8 49
20 72
10 46
72 75
49 99
13 16
18 39
2 41
35 67
71 85
26 52
25 90
49 65
28 59
25 67
61 88
63 90
60 73
44 58
83 87
84 98
34 73
18 49
19 72
54 70
22 88
28 85
31 66
10 95
28 69
4 70
74 78
29 36
30 81
19 38
66 70
31 75
0 3
31 52
54 59
37 45
41 77
52 74
48 59
68 82
88 97
78 92
6 86
8 83
12 53
4 82
17 44
17 92
15 68
16 70
0 96
31 78
1 35
27 68
34 53
28 87
65 67
6 30
54 60
24 29
45 75
43 58
71 76
30 74
64 68
0 68
3 15
12 34
84 89
3 82
36 80
14 30
48 55
22 65
26 60
17 76
24 81
44 87
20 45
9 96
17 39
36 67
36 39
27 84
37 86
39 82
52 85
44 66
6 7
3 27
3 64
3 40
48 69
17 23
53 76
16 71
65 97
17 42
27 32
62 89
86 93
20 31
19 35
77 78
30 33
3 77
37 52
68 77
55 66
1 11
15 48
54 69
17 84
67 94
62 79
56 90
21 46
34 81
9 76
34 94
6 72
49 92
18 46
28 72
6 65
7 88
35 36
57 78
6 23
48 88
19 60
29 69
30 77
58 62
65 76
61 91
5 17
32 85
26 48
21 58
38 76
74 95
29 30
31 39
30 85
70 93
69 81
54 74
25 37
75 96
8 91
12 30
4 8
29 59
40 68
24 73
68 96
48 64
3 60
54 63
1 57
19 45
45 85
59 81
6 52
1 49
30 49
51 66
7 32
53 58
14 27
48 93
4 86
18 65
3 24
16 88
19 24
75 82
78 94
54 61
0 32
18 93
53 54
15 65
45 90
10 25
2 74
50 91
3 96
55 67
3 56
34 96
80 90
52 93
20 66
2 80
50 58
9 39
50 71
48 82
26 36
9 10
16 57
55 68
66 75
60 68
13 50
3 55
1 37
45 63
19 66
40 51
21 36
52 83
14 78
36 43
19 47
18 67
39 71
4 90
77 99
24 26
69 73
62 65
67 77
44 51
34 90
91 94
20 96
24 68
55 63
39 64
86 98
49 86
10 13
32 56
10 41
63 77
29 34
20 47
56 68
24 95
47 77
54 91
14 19
52 77
54 77
59 73
71 90
43 46
22 91
38 99
10 93
83 84
47 75
24 34
83 86
15 39
40 70
16 58
8 11
76 87
44 88
20 82
44 45
91 97
28 47
64 75
13 22
59 95
15 75
25 76
85 86
64 65
63 72
34 60
13 95
26 69
31 86
13 97
22 71
11 54
12 70
18 47
45 57
31 32
3 59
26 30
22 58
23 88
19 59
2 88
28 66
8 93
33 34
37 80
51 54
11 61
76 96
34 93
71 97
1 80
14 48
13 33
0 57
21 84
26 59
32 99
25 96
88 94
57 65
19 69
46 78
47 70
54 79
39 87
49 52
58 97
6 33
84 93
30 55
1 40
3 69
54 76
33 36
28 45
50 70
16 47
37 48
28 35
15 40
43 84
6 32
47 50
28 38
31 41
55 78
59 68
78 91
7 84
6 42
16 72
39 65
20 64
2 31
15 20
9 37
19 31
69 95
15 72
31 54
24 47
86 91
34 88
9 16
11 50
7 38
48 83
34 59
6 99
22 70
41 55
2 40
80 85
70 97
8 98
68 69
39 90
45 67
49 62
68 90
14 98
26 34
70 84
25 39
1 51
46 96
74 83
7 77
60 95
20 60
8 33
1 7
33 52
31 76
50 72
88 99
33 48
34 83
3 14
48 74
54 67
0 83
3 4
52 98
3 90
28 58
1 79
11 94
23 30
61 65
34 69
47 59
11 22
35 44
47 62
37 53
65 85
35 84
52 55
15 30
11 78
10 45
71 88
8 31
16 25
19 58
18 37
22 47
16 21
5 78
40 84
35 83
56 85
6 50
33 88
27 86
11 97
31 47
4 32
35 39
65 82
14 68
12 36
32 37
76 82
40 64
64 72
20 24
17 83
14 37
35 76
14 58
4 68
47 79
78 85
10 87
47 91
34 37
47 97
47 60
23 36
2 95
47 74
15 52
57 73
48 96
16 91
60 75
11 47
30 64
41 70
16 66
11 86
6 48
8 85
33 43
30 93
22 72
36 46
8 79
67 72
47 69
27 60
71 96
9 50
0 2
3 7
36 70
48 98
77 86
16 43
20 58
63 66
6 61
73 78
75 90
18 71
6 22
30 91
72 97
50 57
49 71
3 95
50 66
44 85
18 72
42 88
52 64
19 96
62 71
75 77
58 61
36 56
47 51
14 20
24 65
80 84
57 97
24 75
22 57
54 55
58 89
30 42
6 97
48 90
28 74
58 75
37 87
40 49
19 82
33 86
52 91
41 44
25 50
30 82
45 96
15 78
47 55
84 99
32 49
78 79
20 59
8 27
55 75
64 76
52 82
55 99
32 91
7 68
32 77
78 81
1 99
15 66
10 83
9 22
18 66
41 51
16 17
1 83
15 76
20 69
72 76
1 38
20 77
10 17
16 87
20 90
24 83
14 54
62 72
68 95
3 99
9 97
2 56
4 85
75 80
60 65
59 83
59 65
21 33
48 49
22 66
6 92
14 75
11 30
15 19
18 95
38 46
19 64
8 77
64 78
57 80
47 63
53 63
12 14
85 93
20 80
39 54
6 71
56 96
22 25
20 55
27 52
66 97
30 92
57 81
38 44
31 99
72 82
45 76
11 16
36 42
59 75
14 34
43 95
60 98
89 95
32 83
53 65
80 96
61 71
25 97
2 7
47 53
37 56
24 27
89 94
8 23
21 50
39 53
11 52
68 99
83 89
69 75
6 16
64 66
62 66
46 82
28 31
70 73
29 78
23 34
65 69
13 61
57 72
55 86
15 32
44 91
69 83
60 76
40 82
0 36
20 41
4 36
27 69
61 89
2 15
2 82
11 32
41 75
2 77
30 98
0 63
3 88
19 41
23 52
39 55
6 34
63 80
34 74
15 86
4 37
21 22
72 85
2 64
79 86
32 64
47 61
66 67
32 55
61 79
34 98
36 98
0 75
78 82
43 50
53 93
7 55
19 80
50 87
21 97
21 95
5 49
39 77
27 59
6 44
32 82
3 74
2 6
65 90
12 78
29 74
1 56
16 45
46 53
10 70
23 48
24 66
37 62
13 62
17 50
10 21
60 83
39 45
14 76
1 89
50 79
76 90
74 81
64 86
24 72
27 48
0 1
4 96
0 20
24 76
7 31
65 74
34 42
16 51
88 92
68 88
56 57
45 49
61 70
12 60
2 99
28 41
25 88
40 88
29 57
7 10
10 43
22 43
13 23
66 76
38 58
53 95
68 74
13 92
39 72
34 49
24 98
8 42
27 36
82 86
17 46
43 97
31 46
0 67
30 79
6 94
2 96
2 4
8 55
22 87
19 74
22 79
59 66
19 77
13 42
45 88
61 72
36 92
2 55
25 49
17 22
57 98
23 86
70 81
1 85
87 97
42 52
26 57
52 96
47 76
34 92
50 89
57 84
59 72
73 74
6 40
79 97
44 95
26 78
51 93
17 97
11 44
60 66
45 50
49 50
46 64
54 57
42 48
62 95
69 98
60 72
67 80
47 67
30 96
44 80
28 88
28 96
79 94
66 82
19 90
13 18
2 91
8 15
19 55
22 89
9 62
59 76
52 79
30 90
59 98
28 82
15 46
18 25
66 69
25 62
69 76
15 54
89 97
66 74
53 67
9 18
15 41
48 91
26 74
52 90
33 77
54 94
10 35
12 24
69 72
28 80
0 19
46 71
9 46
10 40
57 61
72 90
41 79
40 90
66 91
32 33
12 85
8 92
2 37
32 96
40 75
8 64
18 41
16 41
5 13
27 30
66 79
22 49
61 66
57 66
65 91
9 88
52 92
20 40
22 45
48 92
76 77
1 4
43 92
41 50
11 66
72 74
12 13
17 37
16 35
56 75
13 83
55 76
15 28
49 97
46 90
45 97
28 64
53 72
65 96
9 61
49 61
42 86
24 71
4 57
6 45
66 85
58 70
36 93
6 25
32 79
24 41
33 38
8 82
29 70
20 56
41 91
54 64
56 84
11 65
11 41
53 66
14 95
50 95
2 49
19 40
40 44
23 43
12 69
15 47
42 43
13 93
41 64
58 63
51 84
10 99
25 61
33 84
5 43
8 89
1 31
56 63
27 34
12 59
41 63
5 30
46 65
9 49
11 48
31 44
35 37
2 11
36 38
72 91
39 66
14 47
10 80
12 51
53 71
16 79
23 79
65 79
41 59
62 70
60 71
51 99
70 99
40 85
22 41
46 87
2 90
16 85
86 96
59 71
36 51
7 79
78 90
50 51
41 62
54 85
11 72
16 49
41 74
72 79
26 70
19 88
41 97
44 49
7 70
20 74
16 95
21 92
86 92
32 90
0 84
36 57
37 50
22 95
41 60
58 77
78 93
47 64
25 46
58 76
22 51
19 56
13 73
51 97
1 33
41 69
7 51
39 47
95 97
21 23
14 65
40 63
35 50
3 6
49 80
69 71
21 42
78 96
38 84
28 77
62 87
3 37
28 40
10 57
6 9
18 83
18 45
21 61
54 82
0 37
37 44
56 67
86 90
16 89
5 34
0 28
5 21
66 90
5 77
2 83
18 87
74 75
54 89
60 63
45 62
70 98
23 84
58 94
4 75
4 84
35 46
22 37
87 88
34 91
65 94
7 11
76 80
21 93
15 99
6 68
22 35
7 44
4 20
44 79
0 44
47 57
28 55
37 97
61 87
7 91
16 38
12 21
72 96
43 61
37 68
35 97
17 62
40 57
24 63
23 32
86 89
28 90
41 82
4 63
48 79
3 83
13 81
49 87
17 61
41 67
5 6
16 37
53 83
71 74
21 62
8 96
28 95
46 54
78 89
39 60
51 58
33 55
31 58
42 79
80 88
0 39
39 80
18 70
77 92
33 79
19 95
58 67
20 88
11 23
3 33
17 18
1 77
0 76
78 98
47 82
44 56
57 62
5 48
37 61
11 34
27 57
14 63
41 53
61 95
28 56
41 76
40 67
43 62
43 83
13 37
64 99
68 83
45 61
47 85
5 52
4 19
3 49
8 90
43 93
44 82
2 79
14 93
49 94
28 91
14 39
27 74
12 43
59 63
7 15
38 95
23 91
24 39
6 28
5 36
75 88
79 99
1 23
5 8
33 68
20 95
42 84
15 44
41 61
50 85
44 99
32 42
63 69
4 67
16 80
40 96
44 64
24 25
31 33
14 83
47 89
6 80
44 96
7 20
6 87
13 29
3 91
5 38
75 95
22 85
7 75
7 19
85 97
18 21
46 55
7 24
14 46
14 72
49 68
5 88
21 83
41 85
42 77
7 74
38 92
14 66
54 73
10 51
30 89
55 58
44 77
41 57
32 89
46 60
62 83
2 33
93 96
1 15
52 89
25 53
44 89
74 76
18 43
9 24
46 77
25 60
21 73
51 73
68 91
7 59
16 40
71 91
10 33
7 64
1 55
71 94
65 73
47 94
39 59
54 90
9 53
60 67
38 50
66 96
25 59
73 85
7 28
39 58
1 64
23 77
54 81
39 69
32 92
60 93
50 80
20 99
11 33
75 99
1 82
45 46
7 18
46 72
11 99
10 56
5 86
13 94
27 78
34 79
41 90
31 36
11 28
74 98
38 42
19 99
91 99
13 26
4 44
84 85
11 71
9 60
1 42
5 55
11 42
24 46
40 50
13 53
22 38
3 11
44 83
49 56
24 67
33 91
17 88
44 55
23 38
4 28
51 61
38 97
7 60
70 94
25 69
84 92
40 76
7 69
9 59
6 19
65 81
77 95
24 45
56 76
14 71
39 41
79 92
43 73
71 73
22 80
71 79
82 99
29 54
35 62
7 16
42 91
7 50
47 90
18 57
39 56
14 67
80 97
21 81
31 84
10 23
11 68
10 38
19 91
0 10
28 99
72 94
13 88
16 31
57 94
24 93
9 69
4 49
51 81
27 70
22 40
35 61
36 77
12 65
18 35
45 59
45 60
12 74
50 83
46 59
81 85
17 49
46 69
40 97
59 67
55 92
7 62
12 71
18 40
3 23
36 85
29 65
25 74
71 81
45 53
54 96
1 92
67 69
81 88
1 96
28 49
24 99
28 37
7 22
14 41
44 90
29 88
39 40
4 10
12 54
74 99
43 81
69 93
7 82
7 63
45 69
2 89
70 95
66 94
73 88
7 97
56 88
59 93
13 24
46 66
35 88
24 87
18 99
22 83
23 68
5 31
59 99
29 91
53 87
16 83
40 62
38 93
21 29
81 91
6 20
2 23
13 60
26 54
0 16
6 17
11 19
37 43
83 97
9 73
9 74
35 49
16 99
23 74
3 42
9 12
63 99
18 80
13 98
4 76
29 51
51 62
76 88
12 17
42 55
12 96
50 99
19 37
82 93
46 47
10 42
29 71
45 74
60 87
9 94
31 92
29 85
37 94
11 92
62 80
3 79
6 56
16 56
60 99
77 84
61 85
90 99
48 89
59 87
4 39
31 95
6 75
69 99
73 91
7 53
33 51
26 65
13 59
33 70
24 40
21 37
19 49
25 94
57 58
4 88
23 55
42 68
25 91
1 90
12 38
3 92
20 91
15 58
40 79
26 85
29 43
26 51
33 74
36 55
91 92
21 26
85 98
63 95
28 79
47 96
41 96
17 73
9 81
66 89
31 50
26 88
17 93
63 74
62 99
25 73
68 79
22 99
10 85
13 49
2 42
13 69
69 87
5 32
71 93
55 95
17 53
65 89
11 25
40 59
31 42
6 13
23 24
85 99
97 99
45 91
26 91
0 50
16 82
40 91
4 6
12 25
41 89
6 35
20 37
68 92
61 83
11 40
22 31
24 33
65 93
75 91
11 29
7 67
50 56
72 73
23 59
31 97
51 95
16 96
9 93
23 31
11 81
40 60
25 79
58 64
31 93
12 87
17 24
26 71
15 16
11 45
94 95
51 98
15 33
7 90
61 80
45 79
40 74
16 64
14 25
58 73
38 61
33 59
37 75
73 87
21 94
26 43
40 61
28 83
64 93
76 95
10 92
33 44
25 81
72 89
7 85
40 69
67 99
9 91
7 61
17 81
53 70
47 73
2 92
0 49
0 22
18 51
58 81
42 74
38 83
15 36
17 60
9 29
11 20
19 83
16 77
9 14
55 84
7 76
72 81
11 73
0 97
20 49
22 56
23 69
15 93
63 88
39 74
4 16
57 99
46 80
74 87
0 46
56 97
9 11
17 59
87 94
43 94
12 82
15 84
47 81
10 31
33 69
7 57
5 84
58 85
36 64
23 60
90 93
21 53
33 64
33 60
46 58
21 98
54 93
53 99
49 75
17 94
29 58
81 87
11 75
87 93
20 83
64 84
40 53
0 88
38 62
12 31
19 79
66 73
11 26
9 79
76 99
28 89
43 53
25 29
25 93
17 69
7 89
12 72
34 89
58 82
41 94
16 55
24 80
29 72
82 84
24 42
75 83
17 29
62 85
36 82
67 95
1 5
77 83
45 94
13 27
43 88
4 50
18 33
13 14
7 14
9 26
23 89
29 47
13 74
42 59
38 73
14 45
66 81
21 88
12 35
67 74
3 5
20 33
19 33
61 99
6 81
43 98
33 75
50 82
59 80
5 79
12 64
6 29
29 87
60 80
35 53
15 50
54 98
46 74
0 6
6 73
4 22
45 73
24 35
29 89
12 15
18 56
87 91
50 64
42 69
22 82
50 77
41 46
7 39
50 96
18 38
65 98
82 97
5 68
23 44
3 89
74 92
6 76
18 23
4 97
25 26
26 58
16 90
28 33
12 47
35 93
96 99
17 26
56 62
35 73
76 91
81 89
15 22
53 80
5 15
69 80
14 87
22 96
15 97
42 60
29 66
96 97
21 24
22 64
26 72
12 45
10 77
17 74
64 97
11 87
51 92
35 60
24 43
12 66
39 88
53 57
38 81
22 77
21 60
51 94
68 89
39 99
0 62
77 97
33 50
26 47
74 80
43 60
67 88
35 59
71 98
23 70
33 82
20 79
74 93
45 81
0 18
33 62
16 33
39 95
70 92
27 85
5 51
84 96
46 56
79 87
12 90
73 96
12 58
15 92
23 51
42 51
26 87
27 91
31 61
42 70
73 89
24 92
43 49
50 55
33 89
7 96
2 5
80 91
19 89
35 81
79 80
42 89
60 70
29 79
21 59
18 85
6 26
12 88
79 81
5 64
27 51
0 61
15 95
26 89
35 69
59 92
42 44
24 70
27 88
43 59
89 99
72 93
56 61
75 79
11 80
27 54
71 89
14 99
22 33
6 43
33 53
40 46
21 49
58 90
70 83
11 76
22 55
4 18
36 96
55 97
5 11
21 69
33 97
26 66
18 42
35 94
31 83
5 70
29 45
73 79
29 38
14 17
6 21
43 69
31 73
21 27
15 42
88 98
4 62
6 63
23 53
23 62
64 92
10 55
84 90
36 90
10 15
69 92
55 83
27 65
45 93
9 98
37 76
64 95
5 91
5 10
33 63
91 98
15 23
14 40
83 94
37 38
59 70
60 92
31 62
81 96
10 64
29 35
37 63
73 82
44 92
23 50
19 23
85 94
55 93
10 82
20 23
49 76
50 90
11 27
13 91
35 74
33 90
17 91
69 70
26 79
26 38
17 98
23 75
4 46
16 23
23 28
27 43
41 73
42 64
77 93
24 56
22 90
12 91
90 97
63 83
27 71
57 95
26 45
66 93
31 81
4 61
25 98
63 91
47 93
11 17
23 64
22 23
51 83
11 13
20 89
18 92
58 96
41 81
19 42
64 73
23 97
49 81
26 35
20 42
42 62
14 70
89 92
56 59
61 82
15 73
46 88
42 75
29 96
37 70
42 53
33 85
12 55
5 82
18 31
56 60
14 23
70 88
29 49
49 73
87 98
14 33
12 77
81 82
51 53
14 21
61 96
49 63
17 79
11 98
42 50
76 83
33 61
82 95
15 61
28 42
96 98
72 98
61 64
7 94
14 43
10 96
21 74
33 67
26 96
43 74
38 98
75 89
16 42
61 77
20 92
53 56
19 92
82 92
56 69
85 95
75 92
14 80
29 41
4 24
40 94
80 94
6 39
29 31
35 91
11 63
38 94
14 35
6 67
58 98
37 77
11 12
27 89
76 79
13 79
56 74
47 98
58 93
25 89
22 42
57 60
9 27
33 76
33 57
12 41
73 95
56 79
0 24
64 81
28 92
37 67
39 91
42 97
56 91
11 35
15 81
62 77
24 57
81 95
40 89
4 59
73 80
29 82
42 82
11 56
62 92
73 90
45 89
4 60
50 92
55 61
26 31
5 90
67 83
26 49
5 74
12 80
35 79
16 92
23 61
0 53
23 82
66 98
0 60
10 90
53 92
27 58
0 59
17 27
15 62
14 42
6 12
62 82
38 53
25 27
29 95
23 63
4 69
26 82
4 79
6 27
26 41
67 91
62 64
4 53
9 89
37 39
7 46
94 99
46 95
4 74
70 74
80 81
37 81
27 72
37 73
57 59
4 91
5 44
90 92
22 92
35 98
18 77
38 88
5 24
29 64
4 11
82 98
0 69
27 47
45 98
92 97
6 98
57 69
11 39
15 29
89 98
55 62
90 95
31 37
14 57
73 77
31 98
37 51
29 37
49 67
62 96
42 63
27 87
5 59
81 90
46 99
61 90
88 93
76 89
33 96
27 79
0 12
40 73
55 73
15 83
39 49
33 39
6 70
51 60
24 51
26 64
80 93
63 92
42 61
39 83
15 26
42 90
0 74
5 20
5 75
29 80
11 67
63 79
5 69
46 91
15 18
26 95
53 85
5 19
0 73
43 91
37 55
27 66
23 90
0 93
5 60
40 81
49 70
21 91
18 82
18 64
24 38
64 98
41 93
18 55
64 83
14 92
77 81
27 38
23 67
12 40
38 60
85 92
15 98
6 46
38 49
31 94
79 98
51 59
29 90
23 76
12 89
55 81
26 37
0 91
51 88
87 89
5 18
11 43
5 85
27 96
5 28
12 79
51 69
23 85
11 21
42 85
12 95
0 79
0 81
0 11
56 94
0 94
14 56
26 80
42 67
6 38
61 92
29 40
38 59
26 90
12 56
7 73
18 96
56 73
11 46
62 90
27 45
67 92
91 93
90 98
95 96
42 76
38 69
29 77
27 35
23 57
5 89
7 81
57 92
43 79
12 49
80 89
5 63
39 79
57 83
5 16
29 55
42 57
5 50
21 79
57 88
14 51
82 83
31 53
0 29
56 81
76 92
5 62
41 98
40 93
56 93
67 79
26 40
26 77
4 14
0 14
73 99
33 94
7 29
27 49
94 96
5 96
77 88
27 31
4 94
63 89
26 55
5 22
27 82
57 74
82 94
