100 2780 560.739690052345 dense
0 611 814
1 130 736
2 485 449
3 929 238
4 616 606
5 633 90
6 542 24
7 758 493
8 65 169
9 952 586
10 749 414
11 697 245
12 48 217
13 525 538
14 924 443
15 819 584
16 22 868
17 737 667
18 798 160
19 834 46
20 655 380
21 366 105
22 248 945
23 992 723
24 673 252
25 675 452
26 45 824
27 157 898
28 848 119
29 532 650
30 960 864
31 861 835
32 193 576
33 668 874
34 152 611
35 974 758
36 262 314
37 125 542
38 62 731
39 326 174
40 551 432
41 806 286
42 251 322
43 234 12
44 970 291
45 578 225
46 288 44
47 167 917
48 904 81
49 521 607
50 493 232
51 356 707
52 3 428
53 0 694
54 810 960
55 421 42
56 269 812
57 567 883
58 321 359
59 824 281
60 121 890
61 740 224
62 47 619
63 752 498
64 510 726
65 433 307
66 817 87
67 961 498
68 586 586
69 290 895
70 258 926
71 554 962
72 665 997
73 411 891
74 457 756
75 403 912
76 756 725
77 668 951
78 710 319
79 109 917
80 361 437
81 939 279
82 239 185
83 743 833
84 490 483
85 886 205
86 842 884
87 896 588
88 313 312
89 355 337
90 881 608
91 259 510
92 464 511
93 595 865
94 66 653
95 210 401
96 829 19
97 561 358
98 173 809
99 938 863
7 63
36 42
41 59
27 47
22 70
30 99
73 75
11 24
87 90
19 96
60 79
44 81
57 93
2 84
4 68
27 60
84 92
62 94
23 35
58 89
3 81
29 49
19 66
28 66
69 70
72 77
58 88
11 61
88 89
16 26
8 12
36 88
27 79
31 86
47 60
0 93
32 34
3 85
9 87
47 79
64 74
17 76
43 46
42 88
18 28
13 84
22 69
2 92
14 67
15 90
13 92
3 44
28 48
2 40
1 38
49 68
66 96
13 49
38 53
24 61
33 93
34 37
36 58
19 28
9 90
40 97
20 25
11 78
18 66
32 37
24 78
33 77
15 87
13 68
53 94
38 94
19 48
29 64
42 58
7 10
40 84
21 39
57 71
0 57
31 99
20 78
54 86
0 33
10 25
65 89
21 55
29 68
10 63
1 98
45 50
33 83
56 69
22 47
18 61
48 66
58 80
39 82
9 67
53 62
42 95
25 63
27 98
41 61
81 85
47 70
7 25
32 91
28 85
26 38
4 29
4 49
34 94
36 89
50 65
56 98
60 98
20 97
48 96
2 13
59 85
86 99
24 45
18 85
21 46
61 78
16 79
10 20
80 89
26 60
36 95
33 57
16 60
59 61
41 78
28 96
22 27
10 78
30 31
27 70
1 94
42 89
34 62
71 93
30 35
47 98
76 83
15 63
13 40
7 15
37 62
35 99
67 87
83 86
49 92
13 29
51 74
5 6
77 93
26 79
38 62
3 59
4 13
41 85
69 75
56 70
71 77
59 81
20 40
71 72
11 41
15 17
40 92
31 83
2 97
58 95
49 64
91 95
18 19
30 86
65 88
59 78
44 85
11 45
69 73
57 77
6 55
1 26
33 72
58 65
18 59
2 80
47 69
48 85
80 91
79 98
25 40
37 94
18 41
80 92
1 34
49 84
26 98
20 24
29 74
36 82
11 59
11 18
3 41
18 48
9 15
46 55
27 69
41 81
0 83
80 88
0 64
45 97
26 27
22 56
31 54
39 46
4 17
38 98
67 90
88 95
51 56
1 53
66 85
31 35
80 84
24 41
42 82
25 78
26 53
37 91
65 97
16 27
22 60
39 88
77 83
10 41
68 84
27 56
11 20
60 70
22 79
54 77
73 74
9 23
16 38
50 97
68 92
1 62
54 83
84 97
3 28
33 71
18 96
23 30
70 98
69 98
70 75
9 14
5 45
44 59
47 56
82 88
34 91
61 85
14 87
25 97
0 77
32 94
65 80
70 79
46 82
72 93
54 72
34 38
23 99
21 82
57 72
28 61
2 65
83 93
31 76
32 62
3 18
10 59
20 63
7 20
16 47
26 47
24 59
36 39
78 97
24 97
1 60
15 76
29 92
51 64
18 24
80 95
22 98
17 90
57 73
70 73
61 66
36 80
40 68
1 56
22 75
89 95
0 71
14 44
3 48
71 75
42 80
64 68
71 73
23 90
4 64
54 99
25 68
21 43
45 61
2 49
45 78
16 98
49 74
56 73
39 55
64 93
58 91
28 59
41 44
1 27
0 74
37 95
14 81
4 25
74 75
39 89
23 87
39 42
33 54
15 67
17 83
57 75
45 65
5 24
37 52
57 64
56 75
19 85
56 60
7 87
5 11
57 74
7 90
60 69
63 90
38 60
17 63
63 87
0 76
2 68
14 90
1 16
39 65
36 65
76 90
17 68
5 61
2 89
22 73
40 65
1 32
28 41
29 84
26 94
23 31
13 25
33 76
20 45
43 82
34 53
7 14
9 35
50 89
4 63
33 86
8 82
7 17
16 53
14 15
32 95
74 93
4 84
35 90
39 50
10 11
11 97
10 14
17 87
40 49
20 61
20 41
30 54
10 24
5 18
4 92
21 50
7 78
14 63
76 86
24 50
92 97
4 7
72 83
18 78
0 29
1 79
69 79
35 86
42 65
57 83
2 20
13 97
4 76
10 15
63 78
5 66
28 81
18 81
1 47
29 51
65 84
39 58
4 40
73 93
39 43
77 86
35 87
2 58
25 84
63 68
3 66
42 91
13 64
94 98
43 55
3 61
2 25
40 80
10 61
14 59
0 72
82 89
56 79
38 79
51 73
27 38
58 82
64 73
13 80
49 51
11 85
0 17
12 82
6 21
1 37
59 66
20 84
85 96
40 78
15 25
7 68
20 59
76 87
52 62
36 91
56 74
10 97
14 41
11 28
37 53
31 33
50 88
83 99
75 93
89 91
11 66
10 40
84 89
34 98
37 38
51 69
41 66
5 50
24 25
48 81
19 61
32 38
7 67
50 55
4 15
6 45
11 50
2 4
13 20
91 92
26 62
3 14
88 91
89 92
17 29
5 19
65 92
2 29
61 81
89 97
44 67
53 98
0 4
11 25
40 50
5 96
58 92
40 45
52 95
17 31
63 67
32 51
51 98
58 84
78 85
72 86
51 75
28 44
25 41
40 63
7 41
21 65
76 93
68 74
38 47
21 88
6 50
50 58
3 19
0 73
64 75
80 97
7 9
48 59
12 52
7 40
18 44
33 64
5 28
2 50
20 68
69 74
5 55
24 40
48 61
40 89
34 95
82 95
32 80
24 85
17 33
25 49
9 63
4 74
41 63
29 40
24 66
25 92
30 83
20 50
16 94
51 91
68 76
24 28
64 92
2 88
23 86
67 81
44 48
35 76
15 23
7 59
38 56
61 96
61 97
17 25
51 92
29 93
17 49
26 56
31 77
34 51
1 69
0 49
32 53
25 59
63 76
23 67
41 48
66 81
71 74
10 87
1 51
31 90
62 98
10 67
13 74
76 99
12 42
59 63
71 83
1 70
65 82
4 20
0 68
68 97
18 45
9 17
0 75
53 60
13 63
8 43
55 82
20 92
7 76
3 11
21 89
78 81
34 56
84 91
15 68
15 35
10 81
21 36
49 80
3 78
4 10
52 94
20 65
50 78
32 98
2 91
17 64
10 90
12 36
54 93
19 59
29 57
34 52
23 76
41 45
47 75
26 70
29 76
22 26
63 97
10 68
25 61
11 40
7 13
26 34
62 91
16 22
7 97
13 51
44 61
51 70
58 97
1 22
64 71
91 94
9 76
3 96
32 52
8 42
14 85
17 86
45 55
54 76
40 58
0 86
11 19
5 78
19 41
33 74
65 95
76 77
2 45
35 83
28 78
16 70
60 94
21 45
17 93
50 80
64 84
25 29
11 81
8 36
74 92
36 50
12 95
47 73
21 42
64 76
84 88
24 65
57 76
27 75
0 54
30 76
25 45
50 61
14 78
86 93
32 56
13 17
53 79
13 65
14 25
31 87
45 89
88 92
10 85
16 62
0 31
50 84
73 98
3 10
32 58
75 98
49 97
88 97
45 59
10 44
16 56
10 17
37 42
17 35
4 97
27 73
31 72
15 31
6 46
10 45
54 57
39 95
44 66
26 69
41 97
7 11
49 63
66 78
7 24
19 81
8 46
56 64
54 71
10 13
3 24
64 83
59 67
39 45
27 53
33 73
56 94
21 58
42 50
37 80
50 82
24 63
25 90
10 18
11 63
25 87
4 93
2 78
51 68
4 83
35 54
1 91
35 67
15 83
32 42
2 36
51 84
8 39
17 23
90 99
27 94
22 51
5 41
19 24
44 78
11 96
70 74
15 20
3 67
59 96
29 33
18 20
63 84
41 67
6 24
49 76
6 39
7 49
13 89
20 49
73 77
83 90
11 48
4 90
9 31
55 65
39 80
36 37
52 53
9 10
2 42
2 10
8 52
40 88
24 81
65 91
29 63
5 21
13 91
79 94
31 93
33 75
75 77
30 90
41 96
10 84
37 58
7 84
49 93
52 91
46 88
16 69
7 61
29 73
42 52
68 80
6 11
51 80
5 59
33 99
32 36
5 48
11 65
36 46
37 98
13 58
2 63
34 80
62 95
23 83
2 24
69 71
45 84
4 33
29 80
8 95
59 97
61 63
78 84
51 57
17 57
64 77
74 84
57 86
7 29
72 73
72 75
27 51
45 66
14 20
38 70
2 7
0 51
92 95
12 43
11 44
57 69
65 78
9 99
64 69
5 97
5 85
9 30
2 64
46 50
87 99
47 53
32 92
86 90
45 88
4 51
68 93
2 95
29 83
49 91
49 57
80 82
19 44
7 81
24 96
42 46
50 92
4 87
17 67
34 60
17 99
38 69
60 62
40 61
4 57
12 39
6 61
12 88
22 74
25 65
6 66
36 92
81 96
47 51
47 94
60 75
36 52
30 87
22 38
36 84
37 51
77 99
25 76
42 92
25 50
14 61
8 88
51 93
15 78
13 78
72 76
27 34
6 96
74 77
24 48
63 81
16 34
14 23
42 84
63 92
2 51
32 89
26 32
83 87
74 98
0 13
25 67
20 85
45 58
6 18
32 88
60 73
28 45
94 95
55 88
5 20
84 95
14 17
29 75
30 33
17 77
68 83
6 19
7 44
26 37
29 97
53 56
17 74
40 41
75 79
56 62
2 11
68 78
15 29
7 92
24 84
38 51
51 94
5 65
9 44
68 90
12 46
38 91
74 83
20 29
40 64
37 88
13 76
17 30
13 15
57 68
51 60
31 57
70 71
15 41
71 86
39 97
17 20
10 49
23 54
15 49
33 68
20 80
24 44
17 40
19 78
27 62
46 65
46 89
74 76
44 63
15 86
86 87
10 92
11 14
20 81
17 54
4 78
56 91
36 97
40 91
55 89
67 85
15 59
20 89
73 79
6 65
36 43
15 99
45 80
34 58
72 99
62 79
49 73
30 77
33 49
34 42
67 76
4 80
37 56
44 87
56 57
34 47
44 96
22 71
69 93
29 91
3 7
48 78
9 81
13 50
9 25
12 58
8 21
45 92
17 84
37 89
15 40
6 43
2 74
67 78
3 20
45 85
38 52
18 97
29 56
34 79
14 18
13 88
68 87
0 15
43 88
42 43
10 76
91 98
10 28
32 84
71 76
40 59
57 70
81 87
78 92
42 97
36 40
64 72
19 45
49 65
29 71
18 50
15 30
10 50
25 80
17 92
3 63
36 55
41 87
7 85
59 87
14 24
11 84
25 81
34 69
74 91
34 36
46 58
49 83
18 25
49 89
13 45
41 50
9 86
2 39
53 91
61 65
65 68
5 39
72 74
20 87
2 32
49 58
8 58
14 35
21 97
32 74
40 42
25 64
6 28
10 29
1 73
20 90
47 62
51 62
64 70
13 24
56 71
32 60
63 85
78 96
7 45
51 71
9 83
30 72
45 63
27 32
51 79
20 28
45 96
1 75
49 56
25 85
22 57
64 80
52 58
82 91
15 33
49 75
78 87
33 35
20 44
42 55
1 74
34 92
15 81
20 67
24 55
7 23
14 76
36 45
23 63
24 89
44 90
32 49
12 89
15 44
50 95
69 94
56 93
29 77
41 90
0 99
9 59
3 5
52 88
0 69
64 91
47 74
27 74
59 90
21 80
3 25
31 71
26 51
34 70
55 58
63 64
14 28
24 92
74 80
1 52
2 17
32 69
10 65
9 41
70 94
10 66
12 37
81 90
13 32
13 93
6 97
21 95
50 59
20 58
20 66
63 83
8 89
4 31
7 18
68 91
78 90
25 44
4 9
0 92
73 83
40 51
12 21
40 74
34 74
17 72
91 97
16 32
52 82
51 95
6 78
34 88
0 90
68 89
11 13
43 50
25 89
15 64
2 61
7 64
7 83
21 24
37 92
33 90
34 89
42 45
18 63
45 82
22 64
45 46
7 35
35 63
16 37
32 47
0 56
39 40
40 95
70 93
11 55
39 91
15 97
93 99
6 82
13 95
22 94
5 10
15 84
29 69
1 95
49 78
24 68
13 36
55 97
0 63
43 89
53 70
29 32
64 98
17 71
22 34
13 57
37 60
5 46
4 14
20 88
3 9
4 77
13 42
58 68
17 78
75 83
51 58
39 84
4 65
32 64
4 73
32 79
3 45
29 90
31 67
3 87
68 73
5 40
61 67
0 84
0 30
53 69
22 53
0 7
11 92
95 97
33 51
11 89
31 63
50 66
78 89
17 97
24 39
43 65
32 70
22 93
51 53
45 48
49 71
29 65
7 31
27 37
23 33
40 76
43 58
52 80
4 86
4 24
11 68
56 92
54 90
85 97
15 93
11 21
29 58
20 76
29 89
76 84
5 81
61 84
49 90
2 41
2 15
11 15
42 62
9 78
53 95
32 65
2 82
49 88
12 91
45 68
4 71
34 84
9 20
4 67
38 95
60 74
35 77
76 92
15 92
14 48
15 24
24 80
13 90
62 80
3 15
50 91
52 89
0 87
2 21
39 92
5 25
6 89
24 88
30 93
45 81
13 33
46 95
82 97
80 94
11 67
67 99
33 87
9 68
30 67
25 58
50 68
6 48
13 83
14 68
55 61
0 35
10 48
18 40
31 64
0 25
64 86
62 69
24 58
6 88
78 80
15 61
26 75
34 49
49 69
29 87
4 91
37 84
4 11
51 89
2 34
0 70
16 51
13 73
31 68
50 63
64 97
57 99
29 72
14 66
63 65
2 37
5 89
6 41
7 50
41 68
26 73
4 41
41 84
62 70
28 50
66 97
14 97
4 75
49 95
22 32
3 90
14 40
36 62
28 97
6 20
41 65
68 75
40 90
25 74
49 77
68 77
13 87
7 65
37 82
4 89
13 56
20 64
18 67
25 28
37 79
49 87
21 40
29 78
34 64
49 50
15 54
37 47
68 71
13 41
29 31
92 93
10 19
58 62
11 39
8 37
1 80
8 55
2 59
33 69
40 87
24 67
19 20
42 94
26 91
13 34
1 64
54 64
13 61
34 73
6 59
54 87
29 34
69 77
12 80
73 76
4 45
22 62
32 73
17 51
85 87
74 79
16 75
73 92
38 73
90 93
7 28
4 58
15 85
67 68
33 63
4 59
32 40
0 22
57 92
38 75
56 80
0 2
81 97
24 49
45 49
69 91
9 85
0 40
68 88
2 76
59 68
11 80
25 83
3 97
12 32
17 41
37 65
25 88
20 39
2 5
29 86
19 50
69 72
10 80
6 85
29 70
4 35
20 48
58 94
56 68
64 90
5 88
47 71
82 84
37 69
16 73
43 95
11 88
59 84
35 72
28 63
15 57
58 78
36 49
7 33
36 94
25 66
0 23
59 65
63 74
34 75
8 91
5 44
21 61
42 49
47 64
29 98
27 64
68 86
11 58
10 64
8 65
10 23
32 68
61 68
13 75
30 57
18 65
32 82
4 50
4 23
35 93
50 85
4 72
13 59
37 74
18 55
12 65
28 67
17 73
17 59
63 80
38 74
61 87
51 77
82 92
84 93
23 77
32 75
56 84
63 86
11 87
71 99
15 77
14 31
78 88
51 88
44 45
21 84
50 96
40 82
61 92
26 52
20 36
55 66
20 21
42 51
63 93
8 80
75 76
55 80
67 83
7 74
46 80
7 86
13 37
9 54
55 78
51 76
20 96
15 74
57 98
7 80
27 91
61 89
37 49
6 58
47 57
10 89
4 61
12 62
27 71
49 98
11 49
1 92
29 88
10 96
85 90
6 36
24 87
4 56
4 54
77 90
33 56
67 86
36 51
60 91
74 94
9 33
43 45
40 85
51 97
54 73
21 78
5 82
75 92
74 86
90 97
7 93
62 88
87 97
37 70
5 43
11 90
51 83
29 95
14 19
51 65
57 84
12 34
54 74
45 95
6 40
20 42
25 51
76 78
55 96
14 45
87 93
61 90
31 49
41 92
22 29
63 99
95 98
54 75
64 87
13 14
0 9
73 91
7 66
27 57
39 78
84 90
71 98
70 77
39 52
10 35
1 29
20 55
40 55
74 97
7 99
31 74
1 49
5 58
4 99
2 55
12 55
24 90
58 64
19 55
70 72
33 70
49 70
34 65
17 75
44 97
19 97
13 39
56 95
40 67
73 84
76 97
24 36
49 72
70 91
46 97
63 66
29 54
33 92
55 95
6 42
92 98
20 91
80 98
39 61
23 25
40 81
52 98
47 91
57 90
26 74
62 89
30 71
21 92
5 84
68 72
64 89
21 91
10 83
68 95
73 94
37 39
38 80
84 87
9 61
58 74
29 50
17 24
25 91
22 77
22 72
14 99
25 93
48 67
30 63
88 94
29 37
22 37
69 92
23 93
5 7
25 33
60 64
4 88
24 29
2 56
7 30
56 77
14 30
92 94
1 58
36 68
0 10
32 39
51 72
67 97
11 17
49 86
4 32
35 68
15 18
9 29
3 40
20 74
13 71
5 63
75 94
93 98
35 57
25 31
9 11
22 33
2 18
64 65
83 92
42 68
23 72
8 32
37 64
2 90
75 91
57 63
59 92
13 69
29 45
32 97
24 42
45 91
25 35
68 69
90 92
89 94
63 89
23 68
77 87
2 6
41 49
16 91
9 40
33 84
9 13
14 83
4 30
2 93
62 92
29 36
73 86
47 93
74 89
1 42
28 40
9 49
10 58
83 84
29 42
7 89
96 97
62 74
15 45
74 95
23 44
8 50
5 36
79 91
2 87
28 55
7 57
22 49
14 96
34 68
61 80
34 82
14 49
22 91
9 24
40 93
25 36
18 21
66 67
40 66
10 31
4 69
14 84
54 68
61 88
25 48
19 25
3 50
0 20
12 94
13 77
56 72
7 48
34 40
11 29
17 81
24 46
75 84
13 67
48 50
0 98
87 92
60 71
2 14
18 87
24 82
27 93
75 86
37 40
1 84
58 61
16 52
11 36
17 80
15 72
48 97
5 80
49 61
6 10
2 57
41 76
1 13
57 87
40 44
1 36
3 6
64 95
17 44
65 66
17 61
20 51
53 80
14 29
25 42
43 80
48 63
64 79
13 98
25 57
40 83
72 90
49 59
12 50
20 95
57 60
25 39
18 84
55 84
52 65
5 42
23 81
71 79
51 63
10 88
68 99
38 64
36 78
2 73
6 25
13 31
50 81
14 86
42 53
74 90
59 76
16 74
64 99
27 29
65 74
10 74
51 52
64 94
8 62
2 46
8 34
38 42
6 80
37 73
40 57
21 66
29 47
0 80
11 42
9 97
58 63
9 18
9 93
38 58
49 67
7 19
31 73
64 78
5 92
41 89
26 95
23 57
13 82
62 73
84 98
4 95
29 35
29 67
7 51
28 65
29 41
18 90
11 46
53 73
0 47
41 55
56 58
49 54
32 50
1 2
73 80
84 94
7 58
33 40
69 83
49 94
5 14
69 84
1 89
53 75
38 92
64 88
29 99
0 97
4 36
42 78
57 79
19 63
20 82
25 96
4 81
71 92
63 77
5 13
1 57
62 75
53 74
13 21
20 83
36 53
15 71
0 27
1 88
11 82
6 84
4 42
9 77
36 38
2 83
2 33
37 75
37 68
25 86
70 92
62 84
69 80
9 64
53 58
4 34
65 85
31 75
21 25
14 92
35 64
0 91
54 63
23 29
15 28
30 68
29 94
27 49
2 94
13 18
7 77
74 88
46 91
35 71
35 44
10 33
52 56
25 95
68 81
52 92
55 59
40 46
13 86
68 98
2 85
19 67
72 87
17 45
2 62
7 54
41 80
3 17
74 87
2 75
45 67
34 39
47 49
29 59
30 64
21 96
55 92
13 70
17 65
67 84
28 87
0 67
19 21
6 81
18 39
59 89
68 70
23 59
13 94
40 56
37 97
9 84
58 98
4 44
29 61
49 62
56 83
62 82
60 93
39 49
23 41
15 65
62 64
26 64
38 49
21 41
43 52
18 68
29 60
43 97
2 98
10 93
33 67
63 88
52 60
75 80
29 38
18 89
35 49
46 52
9 28
19 65
2 67
29 30
19 40
15 51
10 86
7 96
12 53
15 50
13 72
40 73
14 50
42 64
1 68
4 70
24 76
35 81
7 88
42 74
1 71
44 50
20 23
36 64
34 97
0 32
15 80
37 50
4 18
71 90
23 64
76 81
21 28
25 55
2 52
1 93
45 87
56 89
36 74
3 4
46 84
71 84
4 85
11 76
57 91
84 85
32 57
44 76
8 94
44 68
18 92
48 55
22 92
2 81
13 62
68 85
77 92
23 49
63 96
0 14
17 85
21 52
29 62
54 67
9 57
10 39
24 95
36 61
46 61
2 9
2 69
10 99
39 68
0 1
4 98
80 93
24 91
25 99
13 81
45 90
38 88
59 80
3 68
20 93
79 93
91 93
76 80
3 23
49 99
65 96
78 82
78 91
17 56
49 60
52 84
28 90
10 51
42 56
41 58
2 28
21 59
38 89
13 85
2 66
57 80
2 3
10 21
13 22
23 78
55 85
74 99
39 41
22 68
63 91
81 84
6 92
42 98
41 88
9 92
70 83
53 88
27 92
20 33
50 64
50 51
27 52
20 35
38 84
56 76
2 12
32 93
4 37
55 91
0 60
10 55
69 76
34 57
62 65
67 96
15 66
10 30
60 95
10 36
67 92
20 46
25 32
40 48
40 96
36 56
5 68
6 8
43 91
39 66
42 61
17 50
53 92
82 94
23 71
21 37
25 77
46 92
33 98
7 91
10 91
20 31
26 80
70 80
27 95
13 35
35 59
70 84
29 79
24 43
4 22
52 79
69 95
77 84
3 65
25 30
35 41
24 64
61 76
9 72
14 33
14 64
13 38
21 32
17 69
20 32
0 34
56 88
47 77
40 75
13 23
6 95
61 82
3 84
33 47
36 98
47 92
10 57
1 4
17 91
3 13
16 95
53 89
46 78
2 43
27 80
47 72
65 94
6 44
63 71
2 8
17 89
0 78
74 78
64 67
45 64
89 98
10 42
63 72
78 95
65 81
13 55
71 87
48 87
66 87
9 48
22 83
49 82
93 97
16 64
18 88
2 38
31 40
83 97
30 49
13 44
58 59
13 54
39 59
12 92
14 65
34 50
2 44
15 48
28 84
15 73
20 57
34 93
17 18
53 64
60 92
25 82
11 95
31 84
7 71
27 33
11 91
59 88
25 73
35 78
31 92
0 79
7 72
60 80
66 84
27 77
12 38
6 13
30 74
13 27
77 98
78 83
49 79
47 52
12 84
8 45
11 64
4 5
88 98
6 7
3 76
18 58
9 66
44 84
35 74
26 29
51 86
18 80
27 72
17 58
2 71
47 80
47 95
67 93
11 43
6 63
29 39
1 40
51 54
9 45
4 39
63 73
22 80
31 51
32 45
85 92
13 47
22 84
3 35
48 65
26 92
18 46
26 49
9 74
36 63
5 67
19 39
37 46
54 69
25 71
68 94
28 39
66 90
5 95
57 97
1 65
51 78
39 62
50 74
66 89
26 57
21 49
1 12
8 92
13 99
25 54
15 89
79 95
18 49
72 92
40 43
39 96
72 98
33 97
70 95
7 36
26 71
38 57
48 90
73 99
50 52
5 15
7 73
49 53
65 76
2 70
23 40
8 84
32 71
81 92
23 85
21 68
5 49
8 53
13 28
14 54
21 85
73 95
15 75
40 71
12 45
68 82
41 64
6 12
27 68
45 51
45 76
46 66
8 97
56 65
42 63
86 92
49 81
40 69
40 77
12 97
27 84
40 94
2 19
13 52
53 84
84 86
34 71
29 53
39 51
40 98
47 68
35 40
33 80
51 90
2 77
25 75
51 82
7 42
14 93
39 63
28 68
13 60
76 85
23 74
43 84
58 69
7 39
70 76
44 65
75 99
13 66
0 65
40 62
20 86
40 86
31 78
50 87
15 19
50 67
21 48
2 31
28 89
10 95
3 92
79 92
4 28
67 77
58 73
0 58
65 90
71 91
56 97
62 68
16 71
50 90
32 46
26 58
47 84
37 43
0 89
63 75
76 91
46 96
65 87
79 80
25 56
26 42
72 84
49 85
10 77
2 53
38 71
13 30
38 68
4 27
3 55
17 70
45 74
59 64
36 41
39 94
25 72
16 57
22 95
19 87
19 46
4 47
75 95
15 58
25 34
12 40
85 89
33 60
80 90
33 91
9 71
13 53
13 46
40 52
49 52
52 69
24 74
16 80
43 61
73 90
28 92
44 49
7 75
60 84
21 34
10 54
43 92
38 93
29 82
30 73
2 22
66 68
3 49
80 83
60 77
63 95
41 83
2 96
29 81
21 63
57 67
57 94
26 93
7 21
17 32
66 92
31 41
44 92
66 88
4 94
69 86
61 64
8 40
9 19
37 45
51 87
17 88
54 70
20 34
22 76
73 97
20 37
26 36
60 72
24 51
16 29
31 44
31 59
0 38
1 33
60 68
7 95
80 87
2 27
19 84
41 42
23 84
4 66
33 78
35 84
73 89
0 37
25 37
18 29
2 48
18 36
59 83
78 93
76 89
37 57
13 26
50 76
61 95
23 61
58 75
10 82
30 75
17 28
20 43
71 80
52 70
18 82
61 91
20 99
4 21
35 85
77 79
52 74
19 89
26 84
33 79
32 33
