100 3529 700.2470992442596 dense
0 63 771
1 907 304
2 242 849
3 612 519
4 933 36
5 95 966
6 118 832
7 962 895
8 650 498
9 941 503
10 23 692
11 461 192
12 170 637
13 498 219
14 176 154
15 974 654
16 417 13
17 970 14
18 225 679
19 937 695
20 672 485
21 270 402
22 332 583
23 889 648
24 117 195
25 338 631
26 968 711
27 404 46
28 917 35
29 75 444
30 194 605
31 708 905
32 985 235
33 80 994
34 681 412
35 927 473
36 427 361
37 415 164
38 649 213
39 513 224
40 793 885
41 782 388
42 347 377
43 875 134
44 253 439
45 324 902
46 234 456
47 225 510
48 298 553
49 667 339
50 66 460
51 561 306
52 724 913
53 644 230
54 681 799
55 855 14
56 205 818
57 914 920
58 774 288
59 247 957
60 141 368
61 471 82
62 272 912
63 104 928
64 589 418
65 538 545
66 121 37
67 883 661
68 355 103
69 268 581
70 267 65
71 480 879
72 374 605
73 76 39
74 122 876
75 530 849
76 452 811
77 365 42
78 906 398
79 532 802
80 565 339
81 920 326
82 186 9
83 940 846
84 255 134
85 787 141
86 407 476
87 309 533
88 744 767
89 786 65
90 891 499
91 657 675
92 977 382
93 711 745
94 13 254
95 118 561
96 273 155
97 744 354
98 988 936
99 176 263
23 67
13 39
4 28
38 53
31 52
29 50
48 87
44 46
8 20
1 81
84 96
5 33
9 35
51 80
19 26
16 27
5 63
27 77
88 93
12 30
21 44
48 69
4 17
3 8
6 74
25 72
35 90
66 73
22 48
11 13
75 79
22 72
2 56
22 25
7 98
9 90
41 97
59 62
45 62
7 83
11 37
7 57
46 47
63 74
22 87
15 19
17 28
15 26
71 75
16 77
11 39
54 93
68 77
69 87
19 67
22 69
21 46
28 55
19 23
3 20
12 18
2 62
70 84
33 63
54 88
66 82
14 24
58 97
78 92
78 81
71 76
20 34
34 49
40 52
27 68
57 98
85 89
27 61
44 47
30 69
35 78
3 65
57 83
49 97
81 92
18 30
76 79
21 42
4 55
14 84
36 42
0 6
64 80
47 69
47 48
15 23
37 68
34 97
55 89
25 69
75 76
47 87
31 40
16 61
25 48
30 95
6 56
43 85
91 93
0 10
24 99
70 96
15 67
8 34
48 72
12 95
34 64
71 79
5 74
1 78
45 59
39 51
68 70
72 87
14 96
6 63
68 96
2 45
70 82
26 67
37 61
13 37
30 47
41 58
8 64
29 60
70 77
23 26
56 74
49 80
83 98
78 90
25 87
3 64
34 41
35 92
1 32
68 84
1 92
20 64
18 69
13 51
46 87
28 43
2 59
69 72
14 99
16 68
31 54
44 87
11 61
9 78
60 99
49 51
49 64
49 53
32 81
51 53
42 44
43 89
12 69
61 77
86 87
50 95
4 43
73 82
37 39
17 55
56 62
51 64
42 86
46 48
30 48
36 86
21 47
61 68
27 37
49 58
47 95
50 60
24 94
0 74
8 65
43 55
52 54
44 48
18 25
2 74
41 78
29 95
41 49
2 6
33 74
40 57
39 80
9 92
54 91
88 91
38 49
14 70
3 34
40 88
38 51
46 60
14 66
22 47
46 69
22 86
39 53
37 77
44 60
72 86
21 60
48 86
1 58
28 89
53 80
30 87
5 6
38 39
21 87
64 65
34 80
13 80
26 83
42 46
27 70
12 47
11 68
13 61
22 30
36 80
18 56
40 54
37 96
53 58
31 88
82 84
44 69
77 84
18 22
55 85
36 51
96 99
56 59
90 92
14 82
18 48
45 56
77 96
38 58
59 63
20 49
25 30
13 53
20 41
20 65
35 81
32 92
52 88
58 85
65 86
39 61
66 70
59 74
23 90
54 79
32 43
56 63
20 97
0 56
4 89
1 41
58 81
24 84
16 37
19 83
13 38
84 99
41 81
69 95
38 80
11 51
40 83
5 59
14 73
17 43
12 48
21 48
9 23
62 74
30 46
9 15
34 58
41 90
38 85
21 86
46 95
11 27
10 12
45 76
45 71
24 66
44 86
16 70
13 36
2 63
54 75
18 95
53 97
29 46
8 49
31 93
34 51
22 46
42 87
24 96
24 73
36 39
10 95
67 90
40 93
21 36
0 63
3 91
37 84
94 99
29 47
22 44
47 60
66 84
25 47
18 72
6 33
47 50
64 97
28 85
21 99
78 97
46 50
35 41
12 25
9 67
53 85
18 87
52 93
62 63
18 47
6 10
7 40
25 86
82 96
38 97
1 35
27 96
1 97
12 22
2 18
33 59
60 94
0 12
36 64
8 41
58 78
8 97
11 36
1 43
27 84
6 62
12 87
46 86
69 86
65 72
24 60
67 88
81 90
15 90
30 44
65 91
47 72
8 91
37 70
29 44
11 77
79 91
81 97
9 81
21 69
23 35
6 59
80 97
4 85
30 72
11 80
48 95
8 80
42 47
20 80
32 78
44 95
77 82
42 48
7 26
13 68
43 58
11 16
12 56
5 56
5 62
47 86
34 53
3 80
14 68
0 18
31 75
6 18
11 53
15 35
23 88
79 93
2 5
44 50
3 49
11 38
51 97
52 57
20 91
36 44
17 89
64 86
14 94
21 22
67 93
11 96
10 30
12 46
9 19
44 99
39 49
66 96
70 73
87 95
35 67
68 82
30 50
67 83
60 95
15 83
41 92
0 2
34 65
41 64
1 90
53 64
9 41
13 27
43 81
36 37
0 5
24 82
24 70
39 68
21 29
29 94
29 30
19 90
46 99
7 19
34 38
40 98
38 89
6 12
1 9
16 84
16 96
1 85
10 18
73 84
23 93
25 46
37 51
45 74
31 79
52 75
46 72
23 83
61 70
12 50
44 72
42 99
4 32
19 88
42 60
62 76
90 97
12 72
22 42
31 57
13 49
29 99
65 80
39 64
36 87
27 39
75 93
33 62
10 74
80 86
3 86
22 65
9 26
41 53
25 44
62 71
20 51
61 96
28 32
3 97
83 88
0 30
8 51
21 50
45 75
50 94
25 76
30 56
2 76
38 64
51 58
11 84
3 41
12 44
79 88
36 65
12 29
36 46
22 95
58 80
75 91
26 57
33 56
54 71
21 30
14 60
0 95
85 97
11 42
2 33
32 58
6 45
53 89
25 65
70 99
35 97
13 42
42 69
13 64
3 51
32 85
20 90
14 77
38 41
21 95
72 76
38 61
27 82
42 80
13 16
10 56
13 77
17 32
45 63
52 79
20 58
61 84
19 35
18 74
41 80
17 85
18 46
58 89
37 42
0 33
58 92
2 12
73 94
34 78
42 51
26 90
50 99
39 42
26 98
58 64
52 83
19 57
67 91
34 90
53 61
81 85
21 72
73 96
57 88
75 88
54 76
65 87
51 86
25 56
31 71
42 72
37 80
45 79
25 95
26 88
16 82
36 48
19 93
49 85
16 39
11 70
66 99
23 91
13 96
42 96
39 77
92 97
50 69
60 87
31 91
41 51
10 50
29 69
18 62
5 45
2 25
37 53
19 40
7 52
21 25
37 38
14 37
6 30
31 83
38 43
2 71
35 58
68 99
51 65
48 65
8 90
36 49
58 90
7 15
51 61
40 67
22 36
26 35
18 44
66 94
1 49
48 60
30 60
49 65
66 68
3 36
12 74
8 58
18 45
8 86
66 77
54 67
32 35
56 69
73 99
42 64
59 71
76 91
49 78
19 98
52 71
3 93
26 40
7 67
9 97
21 96
41 85
56 76
52 91
60 69
29 48
2 30
30 86
10 63
20 78
36 72
39 96
48 50
43 53
40 91
83 93
29 87
1 34
23 78
60 96
36 47
59 76
47 99
0 62
34 39
14 27
24 29
72 79
7 88
3 72
11 49
49 81
10 29
34 35
36 53
50 87
34 81
25 42
7 31
82 99
32 41
42 65
8 93
24 68
20 35
12 21
23 40
43 97
15 88
32 55
20 53
23 54
65 79
36 96
21 24
13 84
7 23
22 76
25 79
37 99
34 36
26 93
11 64
72 95
42 84
60 84
33 45
57 67
0 59
8 36
32 89
54 57
18 76
20 93
54 83
67 78
34 91
65 93
15 78
52 98
39 97
20 86
14 21
40 75
62 75
43 78
64 91
13 34
36 38
71 93
22 56
76 93
36 68
1 89
57 93
8 53
43 92
21 84
39 58
32 97
10 69
1 28
1 4
2 69
36 99
2 10
9 20
24 50
71 91
84 94
41 43
12 60
18 50
6 95
56 95
25 45
20 23
36 69
9 32
10 47
56 72
15 92
9 58
65 69
13 86
18 86
15 57
31 76
20 38
23 57
1 53
39 84
39 86
1 38
61 80
40 79
42 68
30 42
20 36
20 67
8 78
49 90
9 34
19 54
37 82
18 63
2 72
13 70
8 35
94 96
15 93
21 37
18 29
18 59
14 16
24 44
0 69
65 76
3 90
51 85
29 42
23 92
32 90
30 74
13 97
18 21
19 91
2 22
48 56
65 97
3 88
14 42
23 41
34 86
56 71
31 98
3 58
8 23
62 79
15 98
36 61
27 66
78 85
5 10
11 21
25 36
8 67
13 58
44 96
36 84
64 72
8 88
8 38
55 58
25 71
24 46
36 60
68 73
39 85
38 55
12 86
71 88
60 86
3 22
11 14
22 60
2 75
3 54
25 62
73 77
11 86
51 68
72 75
41 65
4 81
25 75
52 76
28 58
3 53
77 99
34 85
28 81
8 9
20 88
41 67
24 77
54 65
72 91
0 45
89 97
43 49
22 29
53 81
13 21
6 69
7 93
35 49
90 91
39 70
42 50
22 50
24 42
12 62
81 89
15 40
38 81
11 99
42 95
2 79
71 72
49 86
3 79
61 82
67 98
67 92
69 76
20 81
1 55
14 44
76 88
3 25
8 72
27 38
21 94
22 79
1 20
1 17
88 98
7 54
16 66
80 85
34 92
4 58
52 67
6 25
12 63
19 78
49 89
13 85
46 94
24 37
82 94
26 54
31 67
48 76
3 42
87 99
45 72
21 39
86 95
2 48
21 80
53 55
27 53
8 54
64 87
65 88
59 75
44 94
3 87
56 87
46 96
95 99
14 61
27 51
21 65
44 65
65 75
23 98
19 52
90 93
44 84
22 64
3 23
20 39
88 90
3 67
16 38
8 39
21 51
12 45
37 49
85 92
14 29
0 47
10 33
14 46
37 64
10 48
3 38
0 25
47 56
19 31
21 68
0 50
11 34
3 39
53 78
37 86
23 52
76 87
64 90
49 92
41 91
40 71
26 91
2 95
38 68
16 53
20 54
86 99
23 31
12 42
23 34
48 99
27 99
47 65
74 95
39 41
5 18
61 89
19 92
53 68
3 48
27 36
68 80
39 89
17 81
10 46
70 94
38 78
30 62
46 65
26 52
36 97
64 78
15 91
8 13
13 20
3 78
3 35
55 81
26 78
22 45
37 44
9 49
21 64
86 91
42 61
8 81
37 66
0 48
34 67
48 64
10 25
3 13
80 87
20 72
25 50
61 85
28 38
20 92
39 65
1 8
25 91
42 70
18 60
42 49
46 84
25 29
11 44
2 87
41 89
49 61
24 27
23 81
62 72
18 71
30 45
26 31
59 79
94 95
36 77
13 99
14 50
51 96
14 36
18 42
45 69
11 97
8 79
8 42
16 51
56 75
13 89
25 74
15 54
0 29
10 87
11 58
56 79
72 80
44 80
10 22
23 97
15 41
27 73
60 70
0 22
6 22
13 65
13 14
25 60
51 77
26 92
12 59
69 74
8 22
25 64
13 44
3 9
9 88
51 89
11 85
30 76
11 82
13 41
83 91
18 79
22 71
62 69
69 99
12 76
42 53
38 77
22 75
60 66
9 91
6 48
10 62
60 72
53 65
47 94
15 81
91 97
3 76
24 47
29 86
9 93
27 80
34 93
22 62
32 49
4 38
6 76
30 63
60 73
42 77
44 51
28 53
34 42
27 42
49 91
54 98
74 76
53 77
93 98
36 70
44 64
32 38
17 58
67 97
21 70
67 81
35 91
30 36
39 44
22 80
5 12
22 91
1 64
76 86
19 20
25 59
34 43
65 71
8 25
51 87
39 99
6 47
2 47
29 72
3 75
50 72
18 65
64 85
60 68
32 53
50 86
53 86
37 60
48 79
10 44
16 73
6 72
48 80
0 87
35 64
30 99
20 42
8 87
35 43
9 83
37 46
64 81
38 42
1 80
19 41
11 24
14 39
69 79
1 23
10 60
80 96
1 51
78 80
15 20
61 99
35 88
20 79
18 33
8 92
10 59
16 99
35 93
86 96
4 53
8 19
16 36
11 46
80 91
4 92
58 65
11 89
40 76
64 93
79 86
18 75
30 65
79 87
3 69
45 48
38 65
29 96
83 90
16 24
51 84
46 80
44 68
24 36
32 34
80 89
28 92
0 72
51 72
61 66
20 22
78 89
36 58
13 46
6 87
57 91
80 81
42 94
30 59
65 90
22 99
36 41
61 64
8 48
1 15
46 64
51 78
38 86
55 97
1 67
71 74
43 51
16 80
77 80
47 96
86 97
0 46
29 84
14 47
22 51
51 81
8 15
8 11
46 51
48 62
15 52
64 69
3 11
35 85
22 74
34 88
48 51
11 20
11 65
37 73
3 21
10 72
29 36
60 82
9 64
34 89
34 72
20 85
39 46
28 97
4 78
80 90
46 56
54 72
28 78
3 81
34 37
65 67
41 93
20 25
72 93
1 3
6 71
53 90
11 60
43 90
69 71
15 31
23 65
24 95
53 92
20 87
54 90
58 61
13 87
10 45
63 76
63 95
3 44
48 74
17 92
36 95
12 33
50 96
38 92
45 87
19 81
3 19
25 80
4 97
72 74
89 92
39 87
8 76
16 42
8 75
45 54
24 61
43 80
80 84
21 77
20 26
78 91
16 89
37 85
26 41
85 90
35 53
39 43
46 68
35 83
11 87
48 71
11 66
68 94
12 99
59 72
84 86
44 70
5 30
36 50
38 90
69 75
9 43
47 64
49 55
6 50
87 91
7 91
48 75
13 82
11 41
59 69
68 86
18 36
50 84
47 76
12 36
47 84
17 38
21 61
23 58
28 41
23 64
15 97
25 63
67 79
53 96
48 91
63 71
12 65
87 96
37 58
37 97
15 34
20 48
51 70
47 74
21 27
38 96
23 49
47 80
35 38
62 87
41 88
10 21
41 55
51 91
64 67
19 34
13 24
64 88
25 54
44 56
51 90
8 85
27 89
0 44
8 26
4 41
69 80
3 46
62 95
3 71
22 59
63 69
37 87
37 89
31 45
50 56
41 86
61 97
75 87
71 87
35 80
3 15
13 43
13 60
34 54
3 47
55 78
51 99
55 92
49 67
26 81
64 79
58 67
22 34
24 87
23 79
5 76
36 91
17 78
13 48
64 92
3 92
55 61
25 93
6 29
57 75
74 87
20 75
8 69
0 76
17 53
34 61
34 87
49 68
30 79
39 82
16 85
19 97
8 21
54 64
1 19
46 70
93 97
64 68
7 9
75 86
39 48
47 51
2 46
12 71
20 76
9 85
6 46
28 49
27 49
9 54
25 51
21 66
27 85
5 71
37 47
30 94
72 99
60 77
35 65
49 72
29 56
11 47
30 71
11 48
65 78
14 86
80 99
24 39
56 86
61 73
42 97
3 31
12 79
78 93
31 65
40 90
45 95
48 96
39 60
13 47
61 86
57 79
67 75
13 22
45 52
69 91
37 65
20 32
53 84
24 48
39 55
8 44
14 87
42 82
51 69
38 84
21 82
21 49
1 39
22 39
25 99
35 51
7 90
84 87
78 88
45 91
43 64
4 49
9 53
24 86
72 88
64 89
58 91
45 47
3 26
47 62
70 80
29 73
9 65
30 33
13 72
20 43
39 72
5 95
39 47
86 93
3 37
37 48
87 94
25 34
49 87
48 59
43 61
2 86
34 48
42 66
17 97
3 40
49 93
8 37
35 54
74 75
71 86
29 66
3 52
9 40
38 70
75 83
2 44
9 80
79 83
22 54
20 21
0 60
16 49
77 94
8 31
14 95
21 34
64 96
20 37
23 75
53 70
9 38
1 26
21 73
21 53
13 55
11 22
37 94
22 93
52 65
6 75
58 86
44 77
8 40
88 97
48 94
22 63
5 25
14 51
12 94
80 92
11 73
51 55
22 49
26 34
24 69
33 76
69 94
6 79
20 69
30 75
27 64
6 44
27 60
16 21
64 76
33 71
45 65
59 95
3 85
46 76
74 79
15 58
24 30
76 95
8 71
14 48
34 79
45 93
1 13
12 75
9 57
20 40
11 43
8 46
44 61
17 41
13 66
3 18
18 99
19 79
15 32
39 81
50 74
65 95
63 72
27 44
21 56
50 73
48 84
26 97
20 44
91 98
20 31
8 52
77 89
57 90
44 76
36 85
11 72
5 69
48 63
51 92
0 21
44 66
41 54
7 35
21 38
54 86
49 77
47 79
23 32
2 65
54 62
51 60
29 70
60 80
40 65
8 47
8 32
44 49
69 96
19 65
50 66
48 49
36 82
3 30
2 50
22 37
47 68
36 94
8 43
9 51
25 88
59 87
34 44
13 69
39 78
32 51
37 41
42 91
27 86
56 65
14 80
0 71
20 52
80 93
35 89
18 91
22 96
11 55
68 87
68 89
32 80
39 69
42 73
35 40
63 75
77 85
68 85
91 92
46 66
45 86
70 86
46 77
11 69
39 66
34 55
7 75
29 74
95 96
33 95
60 65
46 74
49 96
49 88
64 75
41 42
47 63
19 75
44 82
20 89
13 81
9 98
55 80
57 71
77 86
31 62
42 58
32 64
41 61
60 61
14 69
81 91
30 64
4 35
44 73
64 77
16 55
32 67
2 29
28 35
10 94
20 71
64 84
19 58
20 46
15 49
25 49
7 79
16 64
65 81
29 37
10 86
1 65
64 99
45 88
29 68
2 54
13 25
27 58
37 69
46 61
27 94
37 72
25 39
50 70
44 53
22 24
27 46
17 49
28 34
19 64
63 87
12 24
53 91
10 76
86 88
31 90
25 33
26 79
13 78
36 66
46 73
28 39
63 79
34 69
52 90
42 76
89 90
19 49
47 70
72 97
35 57
69 84
1 91
28 51
47 59
90 98
21 76
20 47
23 80
2 21
18 64
84 95
28 61
46 49
47 71
29 82
31 72
34 46
34 68
78 83
15 65
54 97
46 82
20 83
16 60
2 91
88 92
92 93
20 61
5 22
5 75
16 58
36 76
60 64
22 88
14 30
15 64
53 87
10 42
52 62
62 91
27 55
86 94
11 94
67 80
4 34
8 61
8 83
0 86
62 65
36 79
48 68
33 69
8 89
87 93
56 60
45 46
48 54
48 93
10 99
22 84
11 25
38 44
47 75
6 21
44 74
5 72
67 76
62 86
16 44
14 22
30 80
46 79
30 96
54 87
3 12
46 62
13 28
37 50
24 51
44 79
58 68
67 71
22 94
6 86
27 97
13 73
65 99
27 34
3 61
26 75
50 68
4 51
54 78
1 11
34 76
4 39
49 84
5 48
49 54
25 31
26 65
11 29
37 43
17 35
71 83
72 96
58 93
54 59
8 18
38 91
53 72
41 72
34 75
47 91
19 32
68 97
16 86
3 83
42 56
42 79
9 52
51 93
31 59
80 88
79 80
4 61
6 60
35 55
9 89
9 31
28 90
37 55
4 90
28 80
36 89
26 58
83 92
15 79
75 98
52 72
3 43
23 76
34 47
49 69
50 82
5 79
38 87
35 98
54 69
4 9
39 90
61 65
44 91
46 53
81 93
30 91
65 92
8 30
44 45
9 28
3 32
53 99
40 45
2 31
50 63
62 93
23 71
79 90
70 87
0 79
87 97
16 94
24 80
22 53
22 97
65 96
18 54
4 13
32 39
69 93
16 97
12 64
33 75
25 37
48 53
30 51
44 62
39 91
0 75
21 91
64 71
16 43
23 51
29 65
47 49
56 91
14 53
5 47
54 80
39 73
65 85
57 76
81 88
30 84
18 94
79 98
38 99
26 32
36 73
46 91
54 56
21 97
14 38
4 80
58 77
11 50
36 93
64 70
25 52
11 81
21 79
51 82
65 68
16 34
26 49
38 72
52 59
79 95
26 64
13 29
27 43
3 45
61 87
51 67
16 46
50 65
58 88
2 93
25 96
36 78
22 68
18 80
38 46
71 95
22 33
34 96
7 71
11 28
49 79
13 90
1 93
13 91
5 87
12 14
35 39
1 36
2 42
41 79
55 64
24 72
36 90
47 66
31 35
41 83
23 53
86 90
35 52
49 70
29 63
15 75
76 80
0 42
72 84
68 69
34 40
3 89
2 52
13 94
55 90
34 77
22 38
13 32
18 20
33 72
48 97
12 91
47 77
38 48
24 25
3 68
48 70
61 94
76 83
1 61
46 71
46 63
9 17
29 39
39 92
14 64
11 78
22 41
18 93
55 77
1 88
77 97
33 79
74 86
13 30
17 90
2 60
25 97
11 30
17 34
33 48
46 75
64 95
14 72
19 71
53 67
20 30
12 96
8 68
30 37
47 61
31 34
62 88
10 71
87 88
47 73
77 87
36 81
3 60
13 50
48 88
41 87
44 75
12 80
22 31
44 71
79 97
29 77
2 3
3 95
37 95
18 24
51 88
27 87
20 68
9 55
21 74
50 62
23 38
51 79
49 99
30 39
4 11
40 41
27 47
3 96
59 91
25 94
8 57
20 57
44 97
13 35
19 76
36 75
65 84
80 95
42 85
8 12
40 78
7 78
16 28
39 94
29 80
46 59
31 64
48 61
3 57
18 51
7 20
65 83
36 43
68 72
47 82
80 82
17 51
75 95
75 90
34 52
21 45
17 39
72 94
17 61
14 25
11 95
25 84
47 53
40 72
28 64
59 65
25 53
7 8
3 56
78 86
29 51
33 47
20 55
34 83
38 67
39 50
3 99
10 24
38 82
13 92
25 41
42 75
36 54
85 86
9 79
5 50
59 86
51 54
29 62
55 68
36 56
60 74
34 71
53 82
2 88
34 84
6 65
6 42
40 64
8 96
27 41
21 62
12 84
59 93
58 72
31 56
67 86
9 39
61 81
69 88
51 95
71 98
44 63
75 80
13 95
56 93
96 97
41 48
54 92
1 37
23 86
45 50
67 72
21 41
12 51
20 28
35 36
22 52
52 64
27 28
7 92
41 68
50 80
3 7
50 77
4 64
35 79
23 43
85 96
20 27
53 69
13 17
8 27
29 64
33 87
19 80
36 88
48 77
68 95
51 66
69 70
26 71
15 80
27 29
4 16
51 76
82 86
27 65
3 27
21 58
23 72
7 76
21 75
23 85
42 93
38 47
20 96
70 95
27 48
44 59
43 77
28 37
58 96
50 51
49 76
70 89
8 45
39 95
17 80
42 71
53 93
4 20
54 58
0 94
3 62
22 61
35 86
46 97
81 83
0 99
36 71
10 79
89 96
43 68
25 38
25 40
21 71
11 91
29 45
53 60
40 62
50 76
2 36
24 64
57 78
22 70
31 41
10 36
5 29
16 41
73 95
30 34
66 86
66 95
31 86
30 54
12 20
50 64
14 49
3 84
8 60
41 75
42 45
70 85
58 87
26 76
8 55
11 32
0 65
29 76
18 96
9 13
18 88
34 99
49 60
43 67
30 68
14 18
69 97
52 56
72 90
49 75
24 53
41 52
25 68
11 90
18 34
5 46
1 86
67 85
50 59
8 99
4 27
15 43
83 97
38 69
54 81
37 81
66 87
10 75
57 65
16 87
38 60
12 13
22 58
41 44
43 65
65 74
11 12
61 72
65 77
84 85
59 88
24 38
12 37
16 47
14 65
9 36
40 97
18 31
4 37
33 50
27 50
8 28
81 86
9 86
13 18
84 89
10 65
40 92
38 93
30 93
8 95
12 54
84 97
32 61
16 20
41 76
29 61
12 39
66 80
8 84
3 77
9 75
15 53
61 78
8 77
7 41
8 16
42 54
2 8
82 87
18 39
42 89
76 90
61 69
20 77
11 17
75 97
47 93
47 54
52 86
15 51
34 70
42 62
65 89
31 48
19 51
29 59
11 18
60 76
58 84
56 88
57 92
4 8
34 60
22 27
41 77
47 97
22 77
3 29
3 16
76 97
44 58
30 49
15 71
1 83
20 45
20 99
20 60
51 75
23 36
37 78
32 65
1 54
63 86
11 35
78 98
31 78
48 58
30 70
20 84
15 76
48 66
31 87
16 65
25 67
18 84
36 67
15 85
73 87
52 78
53 88
31 69
71 80
35 75
42 74
24 65
69 77
15 38
8 56
41 57
73 86
0 36
26 80
32 91
18 37
41 69
3 50
85 91
19 53
7 65
11 92
29 33
5 44
16 29
76 98
36 92
51 94
70 72
78 79
20 98
36 45
40 59
44 93
91 95
36 55
22 40
18 52
65 70
23 25
21 63
12 93
45 64
27 69
28 77
2 40
31 97
41 46
16 48
16 17
8 98
2 64
64 83
51 73
58 70
50 61
92 98
56 64
25 58
17 64
48 82
21 59
56 99
82 95
22 67
42 88
38 66
17 20
39 93
53 66
42 90
18 49
46 93
70 97
48 52
12 34
80 94
21 93
7 34
34 57
86 89
20 95
44 54
10 14
52 97
42 78
60 62
33 46
71 90
41 96
27 72
48 73
40 49
3 55
8 62
22 23
60 63
6 91
3 98
19 38
38 88
40 86
52 87
72 77
6 36
2 20
46 54
66 69
6 54
52 69
54 74
19 43
45 60
1 42
25 61
12 68
22 90
1 27
37 91
46 58
28 68
23 39
17 27
14 34
31 49
13 93
4 77
58 79
16 50
35 72
25 90
24 49
3 14
1 16
3 59
19 72
53 54
41 47
3 70
25 70
7 81
72 78
21 54
49 71
74 91
9 11
6 99
32 36
3 28
36 62
39 67
30 66
40 81
30 88
19 86
20 56
73 80
19 85
26 51
64 82
32 37
77 95
17 37
69 73
97 99
42 81
49 83
9 72
16 22
41 71
49 52
8 29
86 92
69 82
9 76
50 79
8 70
30 73
39 79
0 24
51 71
63 65
32 93
21 85
47 88
12 49
43 86
3 4
26 53
12 70
8 17
13 23
29 79
5 86
42 43
33 44
4 68
37 90
58 83
34 95
53 79
35 76
87 90
43 91
7 97
49 82
20 70
31 80
13 79
32 88
60 79
26 43
58 69
3 6
41 84
20 62
8 50
22 66
41 98
8 14
30 53
13 67
31 74
38 54
62 64
27 81
75 78
16 69
1 68
6 94
71 97
35 42
67 87
31 92
52 92
61 92
30 77
28 36
12 88
42 59
25 27
50 71
27 95
25 77
2 99
39 88
39 76
55 70
45 57
44 88
18 68
5 21
57 97
54 63
23 87
26 38
3 24
40 80
40 56
30 61
61 90
23 89
1 40
47 58
49 95
22 82
10 96
16 81
1 7
16 72
13 76
57 81
15 86
29 71
6 31
48 67
9 71
61 95
30 31
48 90
52 80
56 94
40 48
30 82
65 98
14 20
27 30
40 58
46 88
35 37
57 64
26 85
21 88
20 29
59 60
40 87
58 99
36 74
23 48
38 73
55 96
64 94
39 54
56 80
53 73
6 93
5 60
65 94
60 91
38 79
30 38
35 61
13 88
12 31
22 73
29 49
4 36
0 91
12 66
15 72
1 77
14 97
42 63
43 96
19 25
82 89
37 92
22 78
52 74
60 97
26 72
74 93
64 66
2 80
67 89
35 71
0 3
18 40
24 34
10 84
31 63
30 97
22 35
12 73
50 75
7 64
17 77
23 42
34 45
3 74
20 50
42 67
40 69
29 34
11 93
9 42
34 98
68 81
41 70
29 53
63 91
13 54
26 86
45 67
85 93
29 75
5 54
19 36
25 35
16 32
8 59
27 32
5 65
14 85
54 95
6 52
44 85
58 75
55 84
43 70
53 76
79 92
78 87
1 72
31 36
18 97
45 80
33 86
32 83
14 58
30 52
49 50
8 24
27 78
72 81
60 71
4 23
76 99
23 28
76 78
81 98
3 10
25 78
79 81
11 79
18 53
58 76
9 22
72 83
19 22
82 85
74 99
18 70
5 31
1 57
21 89
9 25
14 89
31 81
31 51
34 50
85 87
15 89
55 65
45 83
60 75
0 54
29 38
41 99
52 81
12 52
3 17
11 76
4 15
2 34
23 45
43 84
52 63
67 69
31 58
15 36
93 95
35 87
72 85
17 68
53 95
61 91
15 28
21 33
66 72
50 53
16 78
36 59
16 25
85 99
1 79
77 81
89 91
51 56
40 51
31 47
49 66
16 95
42 55
23 69
12 53
72 82
68 78
57 72
39 75
11 23
34 56
9 37
12 77
29 91
20 24
32 86
30 41
36 52
28 67
52 58
4 67
6 64
0 14
48 78
85 88
6 8
12 82
69 90
18 41
51 52
21 90
10 64
50 91
33 60
24 56
6 88
53 75
7 49
38 76
2 51
42 92
18 38
15 39
80 83
13 75
11 67
9 61
97 98
5 52
49 57
12 61
53 94
74 88
74 94
33 54
25 66
16 30
43 93
9 87
5 91
1 31
38 50
91 99
0 64
19 39
63 93
35 48
10 91
31 33
22 85
38 95
23 55
25 26
20 59
28 65
7 58
12 27
1 52
21 78
15 25
46 85
6 24
1 98
38 94
2 94
64 73
58 60
7 45
34 82
59 64
1 22
17 23
36 40
25 83
48 85
31 42
72 73
12 38
12 97
15 17
25 82
1 87
5 42
32 54
44 90
11 88
65 82
41 60
89 99
33 65
45 51
47 52
22 81
57 62
71 78
72 92
55 86
62 80
32 68
4 65
26 36
17 36
25 57
1 21
13 15
9 48
81 87
11 54
18 61
15 22
79 99
34 62
43 88
91 96
75 92
10 80
68 91
24 97
19 45
38 75
57 58
0 8
25 73
13 19
55 67
77 78
19 89
37 76
0 93
19 87
37 79
22 26
83 86
33 52
32 77
8 74
14 41
18 66
28 70
0 96
58 82
15 55
44 89
1 96
31 44
37 93
3 63
18 77
75 81
36 63
17 67
31 46
32 42
6 20
64 98
64 74
44 78
21 81
5 93
19 48
3 94
28 96
10 73
42 52
7 72
39 71
45 99
82 97
62 99
1 25
8 10
25 81
18 73
65 66
10 37
18 27
1 48
18 67
46 90
0 31
4 19
88 95
45 49
33 91
95 97
49 94
51 83
63 88
58 71
13 71
19 28
7 32
62 67
11 75
12 41
21 35
30 58
30 40
21 43
48 81
10 51
0 80
10 66
22 83
1 75
49 73
24 58
69 78
2 49
27 92
3 82
25 85
14 56
10 11
18 23
28 42
45 98
27 90
0 84
21 67
6 80
49 56
66 89
2 24
21 23
47 90
68 90
56 96
26 39
54 85
4 70
10 54
13 56
21 31
1 44
35 69
44 67
2 67
57 59
44 52
87 89
63 99
55 82
39 56
81 96
28 84
53 71
23 44
46 52
19 42
10 13
12 40
16 92
4 96
40 74
12 16
23 62
18 82
26 89
62 83
51 62
26 45
40 53
24 85
33 42
47 85
22 57
10 70
0 20
1 84
57 86
34 66
76 81
18 58
84 91
66 85
8 82
28 86
46 78
20 74
35 44
29 97
47 67
27 35
22 92
2 57
4 26
15 87
40 42
0 52
10 68
11 56
46 89
44 81
6 40
23 37
2 23
9 69
7 25
10 39
57 80
32 40
49 98
26 28
27 91
76 92
4 42
31 53
78 96
23 47
33 93
9 21
19 69
5 88
16 90
72 89
76 96
2 13
63 94
20 82
69 85
13 26
6 14
46 67
40 47
0 88
24 74
10 20
2 39
1 76
35 68
0 51
24 89
68 92
17 19
8 94
58 98
23 46
26 87
37 67
31 95
1 70
7 80
60 93
53 83
3 5
15 48
21 52
89 93
17 65
75 99
60 85
87 92
4 84
65 73
15 42
4 86
25 92
56 84
19 55
41 95
50 97
34 94
16 35
37 56
37 88
71 99
38 71
38 40
11 71
43 72
52 53
6 51
3 66
26 48
41 45
37 54
32 57
22 89
18 90
1 46
55 91
10 93
5 36
48 89
47 78
7 62
40 63
11 15
45 97
28 91
54 60
9 44
30 67
81 84
24 41
43 87
11 19
2 11
43 54
43 44
16 18
35 46
14 55
31 38
6 96
37 75
2 96
8 63
59 80
7 86
45 90
15 45
56 67
49 62
4 91
74 80
23 30
1 69
38 83
34 59
77 90
79 96
17 26
77 91
72 98
12 58
59 99
2 83
2 14
46 81
20 94
66 97
14 43
19 62
58 66
69 81
77 92
48 92
43 82
