100 2753 594.3753023132775 dense
0 913 818
1 811 735
2 847 287
3 997 613
4 783 878
5 101 141
6 335 173
7 89 980
8 825 659
9 365 887
10 224 212
11 808 770
12 181 795
13 143 407
14 374 399
15 229 403
16 71 438
17 247 581
18 968 356
19 705 739
20 622 415
21 482 710
22 87 76
23 544 890
24 316 12
25 350 666
26 183 99
27 117 723
28 238 115
29 890 641
30 227 979
31 884 300
32 74 552
33 965 84
34 923 13
35 487 777
36 205 112
37 459 47
38 20 192
39 15 716
40 214 68
41 594 444
42 179 437
43 149 755
44 402 462
45 340 360
46 553 152
47 249 99
48 121 946
49 161 517
50 707 648
51 183 575
52 871 609
53 695 207
54 107 844
55 723 597
56 732 211
57 937 172
58 171 227
59 437 860
60 637 797
61 528 521
62 93 451
63 601 698
64 793 164
65 181 451
66 933 866
67 256 852
68 583 224
69 857 950
70 282 399
71 724 863
72 753 683
73 428 933
74 342 967
75 700 174
76 550 883
77 686 199
78 399 519
79 735 417
80 323 341
81 820 852
82 920 982
83 173 89
84 68 934
85 643 85
86 772 877
87 350 994
88 495 996
89 466 765
90 960 139
91 940 865
92 762 858
93 706 360
94 786 811
95 5 74
96 333 325
97 912 950
98 872 27
99 691 596
66 91
23 76
4 86
53 77
42 65
26 83
80 96
28 47
86 92
35 89
45 80
26 36
16 62
74 87
75 77
4 92
55 99
82 97
28 36
53 75
1 11
45 96
29 52
53 56
71 92
2 31
36 83
57 90
20 41
26 40
36 40
4 81
27 43
36 47
40 83
11 94
7 48
40 47
13 42
56 77
56 75
71 86
7 84
12 43
14 45
0 66
28 40
92 94
34 98
15 70
81 94
50 55
81 86
0 91
48 84
50 99
69 97
10 58
33 90
44 78
26 28
21 89
50 72
13 65
81 92
15 42
4 71
49 51
79 93
17 51
26 47
5 22
13 62
4 94
21 35
8 29
86 94
15 65
8 52
14 44
49 65
45 70
28 83
69 82
70 80
59 73
19 72
8 72
47 83
9 59
56 64
14 80
1 8
1 72
46 68
9 73
13 16
1 94
71 94
42 49
22 95
33 34
11 81
9 74
14 96
13 15
66 97
22 83
42 62
62 65
12 54
5 83
19 60
91 97
70 96
19 50
55 72
73 88
14 70
5 26
33 57
73 74
64 75
32 49
12 67
49 62
5 38
12 27
71 81
35 59
10 28
54 84
43 54
22 26
0 81
73 87
11 92
59 89
20 93
18 31
41 61
10 36
27 39
32 62
11 72
48 54
4 69
69 81
60 63
75 85
68 77
1 19
72 99
53 64
17 49
11 19
5 36
16 42
9 87
19 94
33 98
60 71
42 70
24 47
3 29
16 65
4 11
5 58
30 48
23 59
32 51
13 49
19 63
69 86
46 85
8 11
64 77
15 80
11 86
6 28
20 79
66 69
53 68
6 47
65 70
66 81
16 32
9 67
59 76
0 11
30 74
10 47
24 40
66 82
23 88
5 95
50 63
1 81
6 10
8 50
82 91
69 91
38 95
15 45
44 45
8 55
21 63
16 49
36 58
10 26
81 91
27 54
77 85
60 76
14 78
1 29
35 76
22 36
23 73
30 87
51 65
11 71
19 71
76 88
3 52
23 35
0 94
68 75
22 40
26 58
61 78
24 28
15 96
30 67
28 58
34 90
0 1
23 60
73 76
19 92
0 97
72 94
69 92
1 92
53 85
15 49
10 83
17 25
22 38
2 64
81 97
5 40
44 70
1 50
63 99
7 54
2 56
7 30
58 83
42 51
31 57
35 63
60 92
44 61
21 25
13 70
52 72
2 18
5 28
1 52
39 43
41 93
37 46
46 77
20 61
5 10
90 98
59 74
19 55
0 4
29 72
0 69
41 79
6 36
67 74
19 99
8 19
15 62
57 64
10 40
43 67
44 80
76 89
87 88
14 15
1 4
17 65
2 57
32 65
24 37
1 86
23 89
4 97
59 88
8 99
52 55
46 75
54 67
24 36
56 68
60 94
47 58
4 66
63 89
56 93
35 60
68 85
6 96
46 53
25 89
63 72
0 86
11 29
51 62
53 93
44 96
19 86
5 47
56 85
1 71
25 78
38 58
32 42
74 88
22 28
69 94
0 92
21 59
60 86
8 94
66 94
10 96
4 91
11 66
39 54
86 97
64 98
11 50
55 63
9 89
2 93
57 98
24 26
69 71
17 42
4 19
34 57
59 87
6 40
13 32
19 81
66 86
15 16
27 51
6 24
77 93
24 83
12 48
10 80
11 91
60 72
91 94
22 47
31 64
1 55
81 82
0 82
17 78
9 35
48 67
50 60
40 58
30 84
9 30
35 73
4 60
70 78
6 80
86 91
50 52
83 95
64 90
49 70
6 26
64 85
45 78
9 88
67 87
66 92
2 79
2 53
4 82
73 89
6 58
13 51
29 55
22 58
11 52
42 80
11 60
60 89
32 39
71 76
72 92
17 32
92 97
31 56
27 32
25 35
6 37
16 51
21 60
31 90
3 8
15 51
91 92
42 45
0 29
15 17
1 66
9 23
12 84
61 99
65 80
26 95
41 99
55 79
52 99
30 54
50 94
59 67
82 86
0 8
72 81
23 71
13 58
71 72
6 83
15 44
29 50
1 91
43 51
45 65
68 93
2 77
1 99
12 39
79 99
38 83
1 60
9 76
15 58
17 70
2 75
21 76
75 93
2 90
11 69
18 57
6 45
94 97
26 38
31 93
37 85
10 45
46 56
58 96
31 79
27 67
12 30
33 64
58 80
67 73
25 51
21 23
42 96
10 15
60 81
61 63
13 80
63 76
17 27
11 55
41 44
10 22
43 48
8 81
78 80
20 99
0 71
21 61
72 86
20 68
17 44
10 70
62 70
14 61
43 84
4 72
65 96
14 42
34 64
29 94
17 43
14 65
41 55
23 63
82 92
17 62
36 38
51 70
13 45
13 17
36 95
29 99
58 70
78 96
10 38
67 84
9 12
63 71
15 78
56 79
30 73
7 12
13 96
71 97
11 97
60 99
20 55
21 78
25 67
56 57
8 92
41 78
66 71
40 95
55 61
0 72
19 29
11 99
59 60
42 58
7 67
25 44
31 53
27 49
19 52
10 13
19 76
9 21
12 25
25 59
0 52
1 63
76 92
53 79
64 93
16 70
15 32
45 58
50 71
71 91
37 68
23 74
37 47
32 43
27 84
63 94
50 92
18 90
82 94
55 60
64 68
6 46
35 88
52 94
11 63
39 51
50 61
25 43
1 69
12 51
23 87
10 24
41 68
23 92
20 53
19 23
44 65
19 35
9 25
0 3
14 17
48 74
76 86
31 77
29 81
1 3
0 19
4 8
31 75
27 48
55 94
51 78
77 79
12 17
58 65
74 76
39 84
8 86
42 44
14 41
19 21
20 44
20 77
58 95
75 98
16 17
63 92
67 89
8 63
8 71
65 78
23 86
76 87
29 66
71 82
6 14
21 73
10 42
29 91
25 61
38 40
28 96
59 63
31 33
13 14
28 38
56 98
28 37
61 79
20 56
6 70
50 79
88 89
7 43
4 76
41 50
50 81
8 60
21 50
8 66
16 58
48 87
42 78
2 33
94 99
52 79
12 74
8 91
5 6
85 98
93 99
28 95
57 75
74 89
30 43
58 62
1 97
55 93
22 24
49 78
50 86
21 99
45 49
43 49
35 74
56 90
49 80
4 23
10 14
11 82
17 45
25 27
61 93
46 64
19 89
25 49
18 79
47 96
30 59
28 80
4 50
10 65
35 67
14 49
60 88
53 57
47 95
75 79
68 79
3 11
37 40
20 78
44 51
76 94
39 49
38 47
44 49
45 61
63 86
13 38
20 50
52 81
36 96
14 20
60 73
5 24
9 48
16 38
17 80
61 89
29 92
35 71
53 98
57 77
25 63
47 80
9 43
6 68
6 15
39 48
20 75
7 74
77 98
3 72
41 63
23 94
62 80
78 89
35 50
4 63
35 87
66 72
87 89
36 80
41 53
49 96
8 79
32 70
46 93
3 91
7 27
3 18
10 95
2 20
35 61
24 58
64 79
14 51
18 64
4 29
19 69
21 44
72 91
3 66
19 66
12 87
2 98
7 87
9 54
41 77
18 93
36 37
75 90
45 62
29 86
55 92
12 59
52 66
13 44
71 88
52 91
54 74
33 56
28 45
12 32
55 71
14 58
21 55
45 51
6 22
72 79
19 91
21 67
0 50
41 45
63 81
50 89
60 69
14 25
17 21
17 39
30 88
71 99
38 62
5 13
68 96
63 78
1 82
16 80
17 96
41 56
18 52
62 96
17 67
26 96
2 68
92 99
76 81
52 92
20 46
18 33
21 72
29 79
37 75
10 62
14 68
35 78
51 80
35 99
61 80
55 81
10 16
27 62
37 77
31 98
25 65
53 90
7 39
3 55
61 70
34 75
34 56
24 46
25 70
74 84
71 89
39 62
45 47
61 96
39 67
0 60
18 56
29 71
61 72
25 73
45 68
23 81
27 30
12 49
67 88
27 65
13 78
51 54
26 80
33 75
46 96
16 45
77 90
19 61
26 37
89 99
11 76
35 72
85 93
36 45
50 76
12 73
4 52
40 96
16 39
20 63
55 86
52 63
2 34
72 76
68 80
37 53
83 96
16 96
54 87
52 86
14 62
25 42
17 89
20 31
21 88
21 71
51 67
9 60
69 72
12 89
81 99
35 92
43 74
41 96
59 71
41 72
2 85
10 37
20 45
4 55
17 61
28 70
50 93
15 28
84 87
21 41
16 27
37 83
34 85
3 94
15 25
31 34
41 80
11 23
41 75
49 58
23 67
7 9
0 55
51 96
5 15
23 50
63 73
15 36
38 42
3 50
86 99
27 42
21 74
8 69
80 83
52 71
32 54
40 80
19 59
23 72
29 63
41 46
25 76
18 29
19 97
67 76
5 96
23 25
4 99
6 44
33 53
60 61
35 55
15 38
36 70
29 60
9 27
3 81
46 80
45 46
2 41
57 93
17 54
20 72
72 89
5 16
25 32
52 93
5 80
44 68
34 53
1 76
52 60
88 92
9 84
35 94
25 74
25 54
34 77
13 36
86 88
33 77
47 70
78 99
35 86
61 68
9 63
6 13
20 96
20 64
8 97
60 66
71 73
26 45
15 47
38 65
14 46
37 96
14 16
43 65
5 42
25 45
3 99
12 35
43 59
57 85
6 42
10 44
55 89
13 28
48 73
15 26
20 80
46 47
44 63
1 23
43 62
44 62
31 52
44 89
29 97
17 35
5 62
89 92
31 68
60 91
13 26
29 69
72 97
18 53
4 88
63 79
10 49
43 87
39 65
4 35
12 21
21 87
24 96
62 78
0 99
50 66
69 76
60 97
14 28
5 70
19 41
41 70
25 60
6 38
8 41
20 52
26 70
63 88
21 92
13 27
24 95
43 89
28 46
8 20
57 79
6 65
3 19
40 45
45 83
50 91
37 56
44 99
23 69
15 83
42 43
13 83
76 99
5 65
6 85
21 94
44 93
30 89
11 35
15 61
46 79
85 90
8 93
33 85
41 52
18 77
2 52
31 85
89 94
19 79
2 46
39 42
31 41
37 80
18 75
5 45
19 82
14 47
59 92
13 47
86 89
36 42
25 80
35 44
32 80
72 93
16 43
20 21
32 78
1 35
1 79
3 79
28 42
48 59
8 61
9 17
25 87
32 45
21 51
70 83
23 99
24 80
14 21
30 35
23 30
44 58
25 41
1 21
54 59
20 85
43 73
49 54
11 21
13 25
16 44
19 88
27 74
3 31
14 36
54 73
55 78
2 55
38 70
50 78
55 76
0 63
14 93
10 46
19 20
13 39
21 86
37 45
8 18
24 85
25 62
15 40
59 86
13 22
29 93
21 43
44 79
25 30
4 89
8 82
90 93
14 32
30 76
50 69
17 59
38 80
30 39
31 55
16 78
40 70
26 42
60 82
19 73
25 39
35 43
15 27
32 58
3 92
37 58
36 65
38 96
32 44
20 70
60 74
3 4
28 65
51 89
24 68
29 31
55 66
52 69
35 81
25 96
11 89
7 73
29 82
73 92
72 82
46 98
18 98
59 78
50 59
23 55
52 97
41 64
18 55
43 78
12 65
32 96
79 85
6 95
4 21
44 46
88 94
55 91
42 47
41 89
78 93
18 34
2 99
1 89
13 40
24 38
4 59
8 21
3 86
3 97
68 78
13 43
27 78
42 83
27 59
60 87
25 99
68 70
51 58
49 67
44 55
73 86
24 45
51 61
40 46
68 98
35 41
22 96
36 46
20 29
32 67
18 20
59 61
78 79
27 89
12 78
6 78
6 77
26 65
59 94
16 36
31 99
10 78
37 64
63 93
61 65
52 61
38 49
8 76
1 61
22 80
12 62
81 88
29 41
41 60
14 26
53 61
15 22
2 29
47 68
16 26
36 62
44 50
27 87
25 50
79 90
57 68
8 35
12 42
47 65
61 77
2 3
42 61
10 68
63 69
4 73
9 71
73 84
16 25
25 88
13 95
11 79
15 43
9 51
38 45
14 79
6 53
25 48
28 68
17 58
65 83
14 37
59 72
41 85
16 22
67 78
19 25
66 99
31 46
61 76
1 41
26 62
27 70
16 83
16 28
8 23
8 31
32 38
81 89
69 88
3 69
35 51
6 75
50 97
21 27
10 51
28 62
60 78
45 93
59 99
18 99
91 99
21 81
46 70
49 61
15 41
54 89
14 40
7 59
76 97
6 62
0 76
23 61
14 83
9 78
10 17
21 70
46 61
16 95
20 25
5 37
3 71
58 78
14 77
21 30
40 42
62 83
9 19
56 61
10 32
1 20
93 98
63 66
22 42
2 8
12 88
17 63
23 97
17 41
22 37
14 99
63 74
12 16
26 46
27 35
14 53
6 16
8 89
21 49
93 96
11 61
77 96
6 41
22 62
12 23
27 73
14 63
6 20
5 14
0 23
48 51
52 82
59 84
19 78
3 82
51 84
22 70
48 88
14 89
55 69
21 45
63 67
63 91
73 94
33 93
19 93
15 39
25 55
12 76
43 70
22 45
53 96
5 49
29 61
45 77
11 59
51 59
32 84
20 60
16 47
76 82
59 81
20 89
66 76
80 93
28 44
18 41
40 65
46 57
60 67
47 62
46 83
6 49
3 93
35 54
11 88
55 56
17 48
20 35
27 44
68 90
45 53
22 65
44 77
23 82
43 44
21 79
62 95
56 99
2 50
61 75
68 99
63 87
61 94
44 53
24 70
55 59
53 99
25 84
46 58
1 93
9 39
48 89
23 66
77 80
12 13
11 41
72 78
76 91
31 50
69 99
53 55
14 24
18 72
18 50
85 96
60 79
49 89
15 20
54 62
44 47
37 70
76 78
61 71
36 68
47 85
1 59
14 35
12 15
34 46
53 80
2 61
17 84
17 73
71 74
14 75
50 82
71 87
16 40
15 68
23 91
32 48
75 96
77 99
21 65
79 94
17 74
15 21
20 57
6 61
46 78
15 95
9 92
21 54
23 78
55 68
17 30
37 93
6 56
50 73
45 79
44 59
12 44
55 77
54 65
34 68
73 81
63 97
55 97
15 24
40 68
9 61
11 20
14 55
13 61
36 44
40 62
21 80
21 52
20 37
42 95
35 48
25 72
3 60
14 56
33 79
31 72
3 63
45 75
72 88
28 85
7 88
30 51
33 68
18 68
2 72
9 86
46 90
36 49
50 88
16 54
21 42
65 67
7 25
35 69
12 70
45 85
44 60
34 93
28 49
70 89
80 85
15 46
1 88
72 73
14 38
17 20
1 18
61 92
19 44
5 32
58 68
39 74
75 80
79 96
21 96
95 96
41 65
42 54
79 98
14 85
11 73
37 98
14 27
21 29
41 94
44 75
39 70
24 77
44 56
44 72
56 96
73 78
41 42
80 95
6 93
21 93
7 51
14 50
65 95
38 51
44 67
54 88
24 75
35 49
9 50
97 99
29 76
6 17
23 43
33 46
4 9
26 49
37 44
79 80
31 61
26 68
35 52
37 41
45 56
88 97
43 76
14 43
52 56
43 88
52 76
42 67
75 99
11 93
9 49
25 71
45 99
51 74
18 85
55 75
15 37
26 44
61 73
65 89
3 20
45 89
82 88
29 35
17 87
70 93
27 45
24 53
23 29
9 44
23 48
70 95
45 63
63 82
47 49
49 84
73 99
17 76
9 94
0 35
49 83
7 32
61 67
17 23
20 94
19 74
7 17
56 80
69 73
40 85
59 69
6 51
77 78
35 70
53 78
48 49
12 63
23 52
1 73
13 24
21 48
41 51
84 88
39 78
61 86
68 83
14 22
84 89
55 82
69 89
15 89
62 67
10 61
48 76
51 73
87 92
74 92
7 89
27 80
52 89
28 78
39 87
51 63
42 89
20 90
40 44
10 41
54 78
8 59
9 99
3 41
19 87
35 79
63 70
21 32
44 83
50 56
41 57
10 85
86 87
9 72
13 54
55 64
41 71
4 61
0 79
43 45
36 85
52 53
41 49
74 86
23 54
79 89
5 44
49 59
45 95
12 14
61 62
1 31
50 53
41 76
61 81
5 51
50 68
29 89
79 92
52 57
12 61
35 45
60 93
20 65
79 81
20 42
9 32
11 18
64 99
17 99
0 21
61 64
41 59
54 76
3 57
21 69
43 61
88 99
34 79
17 60
39 59
47 78
32 89
71 79
44 76
24 42
10 20
7 35
41 92
35 65
55 73
22 49
35 84
44 85
80 89
80 99
4 87
47 77
8 78
30 60
23 41
82 99
96 99
43 80
1 2
50 77
52 77
15 67
4 74
0 89
17 38
45 55
70 77
36 78
61 85
23 44
51 87
74 78
52 64
40 49
5 46
63 80
13 41
27 96
70 79
16 67
30 32
56 78
39 89
67 70
70 99
0 88
15 35
25 92
13 21
35 66
37 95
32 61
53 70
43 63
28 77
12 60
2 37
9 81
42 68
66 88
47 75
8 56
15 54
75 78
27 61
93 94
6 64
29 56
24 44
9 11
23 27
25 79
35 42
35 97
47 53
32 36
13 67
24 65
63 96
20 71
25 94
55 88
89 96
6 32
26 85
9 55
24 56
35 91
79 86
20 98
37 79
27 76
65 68
10 77
37 38
18 46
58 61
39 44
19 67
12 45
28 51
4 79
36 51
5 17
7 23
88 91
16 61
20 92
18 19
17 50
46 99
1 78
34 37
0 18
14 59
28 75
35 80
26 32
17 28
1 25
28 53
27 88
41 81
45 50
39 73
8 44
30 49
28 32
21 39
20 51
21 62
52 75
43 96
38 44
30 63
14 67
67 71
41 86
6 79
7 49
25 93
11 25
49 95
18 61
83 85
42 46
32 35
8 53
74 94
21 84
89 93
17 36
35 93
10 53
7 76
10 25
1 9
29 57
8 88
44 73
25 86
20 49
22 46
26 78
56 72
87 94
9 65
71 78
4 41
32 83
20 76
14 72
2 19
50 75
19 31
25 58
63 68
14 19
70 75
15 63
55 80
8 25
41 58
3 90
55 96
12 80
49 63
29 53
37 78
55 57
35 39
26 51
32 59
11 31
61 88
22 32
17 55
46 55
41 90
13 68
20 33
7 21
14 60
21 66
46 65
10 75
35 96
78 87
66 89
0 59
3 61
23 84
2 44
54 70
52 90
70 85
14 39
15 93
37 61
2 63
13 37
13 20
35 82
23 51
51 76
53 72
20 81
11 78
37 42
14 64
52 78
8 77
47 51
52 68
5 78
20 23
3 56
20 59
17 47
39 45
4 25
13 89
8 73
59 65
44 54
13 46
89 97
32 95
61 74
55 70
59 97
17 88
21 91
62 84
73 97
89 91
17 19
2 11
27 63
76 84
28 41
50 74
78 94
49 74
39 80
32 47
20 86
78 83
2 14
51 83
17 26
0 61
59 70
78 88
29 64
29 77
9 42
63 65
20 28
64 96
40 78
62 89
56 70
41 47
9 14
31 63
20 58
72 77
36 77
20 47
5 68
68 72
43 60
40 77
18 94
4 20
57 99
17 68
37 65
66 79
81 87
30 78
16 24
44 52
0 41
50 64
44 64
50 80
74 81
14 95
1 44
24 62
21 97
50 70
79 91
16 21
58 85
3 64
6 25
45 64
12 96
32 74
37 57
50 96
49 73
73 82
31 37
50 67
9 70
42 59
48 62
47 56
16 84
9 69
8 64
59 66
65 84
42 63
21 68
78 92
0 20
50 87
40 75
17 83
8 68
78 85
59 82
22 44
0 73
48 65
9 41
36 75
27 58
28 61
45 67
36 53
72 74
25 68
8 57
53 63
15 77
38 78
24 64
40 53
15 99
8 75
41 62
92 93
41 98
52 59
76 79
18 63
15 59
20 34
64 80
0 93
9 15
59 91
29 59
82 89
28 56
71 93
32 40
39 96
29 75
10 93
56 63
2 78
67 99
81 93
13 35
51 60
61 87
25 81
15 53
47 61
11 74
29 78
3 53
20 24
67 92
63 77
15 79
29 90
33 37
40 51
10 56
22 51
51 99
31 44
44 74
69 87
72 87
42 84
45 59
74 99
37 90
66 73
17 93
48 78
11 44
18 91
11 87
23 79
30 71
16 48
18 66
35 62
36 41
72 75
2 45
42 48
16 89
26 77
49 87
85 99
39 58
8 9
24 41
49 68
24 78
9 62
17 40
44 71
17 79
14 76
54 63
69 74
67 80
2 96
20 36
21 82
55 90
58 77
17 72
41 73
73 91
67 86
33 41
78 86
22 68
18 81
3 77
29 68
55 85
0 31
44 94
14 54
46 50
14 31
14 23
29 44
32 73
31 94
64 72
8 14
32 87
36 61
86 93
15 85
10 27
3 76
26 75
24 93
16 41
1 74
26 53
4 93
15 75
51 88
38 39
3 21
87 99
25 52
45 72
53 58
2 6
77 83
67 72
27 60
4 78
19 45
47 93
2 80
17 46
12 19
2 94
9 45
4 67
28 93
24 49
45 60
43 58
50 57
19 56
1 87
9 13
7 62
50 51
19 68
17 22
41 67
1 56
3 33
30 65
3 75
65 99
20 62
90 99
64 78
54 61
15 55
78 84
3 23
29 88
55 74
32 41
59 80
67 94
58 75
51 95
61 66
54 60
55 67
19 53
31 78
51 68
13 84
42 93
67 96
65 93
63 75
60 70
33 52
75 83
59 79
49 76
59 62
38 46
44 87
40 41
23 49
19 30
0 2
53 83
44 92
20 40
46 49
3 35
49 99
42 99
36 56
26 41
16 35
9 16
14 73
61 91
78 81
7 65
48 60
15 50
45 54
8 90
40 56
9 20
57 61
15 56
13 48
14 52
52 88
27 38
62 68
13 59
48 63
19 77
51 55
65 74
25 29
1 53
61 69
20 26
41 66
65 73
22 78
12 41
44 88
34 41
7 16
18 92
13 63
19 70
41 43
57 72
30 42
55 87
30 62
5 85
41 91
59 96
26 61
37 62
10 39
76 93
30 44
12 50
21 53
29 73
69 79
32 63
19 51
12 71
31 45
54 80
12 99
9 80
20 66
47 64
30 61
46 63
10 43
30 92
46 62
39 61
52 73
72 80
70 72
21 77
1 77
7 42
10 79
9 97
41 83
16 37
20 91
40 61
1 14
58 93
24 61
18 60
16 20
2 60
31 96
19 80
72 96
49 60
0 9
3 89
27 41
25 46
6 99
20 73
70 76
68 89
46 95
70 73
15 48
60 80
4 18
17 71
23 93
30 86
42 74
66 93
20 83
15 84
16 68
42 73
31 60
65 79
44 95
7 78
31 81
39 88
44 86
22 85
24 98
19 43
42 79
6 98
37 49
23 70
19 96
91 93
18 86
46 52
6 21
23 39
28 64
11 67
21 56
16 59
2 21
36 93
61 83
1 68
44 48
42 77
26 56
39 76
16 46
41 88
10 21
56 58
35 68
55 65
60 96
49 50
79 97
50 65
17 95
46 51
29 33
25 28
64 70
31 80
21 46
18 71
9 96
16 30
9 82
6 31
45 76
87 97
38 68
67 81
4 44
11 56
65 77
43 99
20 32
62 63
42 53
13 93
19 75
4 30
51 93
2 81
54 96
15 73
50 85
42 55
49 93
15 60
1 67
33 55
46 72
63 64
49 55
31 91
59 93
23 45
3 68
12 58
31 66
65 76
43 50
9 66
50 90
42 50
65 87
14 74
53 65
23 65
8 45
14 29
20 67
82 87
48 70
74 97
41 69
11 14
10 64
70 74
31 92
1 64
52 85
5 61
44 81
1 75
40 93
56 83
60 65
25 36
8 74
62 74
17 24
51 79
21 31
25 53
11 53
21 58
17 37
6 55
15 74
25 77
8 46
9 91
7 13
60 68
61 97
18 44
25 47
2 70
15 30
70 84
61 90
1 57
12 55
2 92
9 52
15 76
25 38
38 43
7 60
13 30
74 82
44 84
24 51
21 75
5 41
23 32
13 99
45 73
32 76
9 29
15 23
42 76
51 72
41 74
33 99
47 79
5 25
25 69
14 71
8 87
5 39
13 77
28 79
19 64
23 42
17 77
52 98
72 90
12 20
5 27
42 85
20 43
42 60
30 70
15 19
49 79
14 94
42 87
24 79
12 72
63 84
30 50
0 25
8 17
17 53
42 75
30 94
11 77
49 88
20 69
12 92
26 93
7 63
10 12
1 17
17 92
43 71
60 84
31 71
2 66
2 91
17 94
39 63
45 52
4 31
40 64
62 73
13 53
19 49
76 80
31 86
5 77
27 99
19 27
65 75
48 61
6 63
5 20
2 71
55 98
65 85
0 87
0 74
36 64
16 63
11 68
25 26
20 27
6 27
24 32
8 33
23 80
18 78
11 17
13 79
53 60
56 60
7 15
29 46
25 56
15 72
8 80
13 74
78 95
16 74
