100 3271 602.6823375543703 dense
0 577 433
1 252 456
2 833 334
3 822 203
4 151 784
5 438 878
6 919 736
7 118 225
8 966 596
9 991 764
10 504 874
11 519 106
12 504 4
13 778 671
14 390 620
15 25 961
16 542 284
17 650 908
18 218 956
19 437 803
20 404 347
21 16 531
22 732 120
23 833 60
24 316 1
25 437 455
26 84 89
27 629 954
28 995 660
29 122 570
30 520 842
31 81 640
32 567 646
33 143 208
34 566 505
35 965 144
36 356 308
37 80 692
38 574 720
39 942 274
40 701 619
41 643 818
42 145 799
43 663 31
44 100 587
45 143 219
46 500 747
47 373 259
48 610 64
49 929 158
50 900 584
51 618 603
52 591 602
53 130 745
54 53 562
55 772 391
56 62 498
57 836 439
58 113 320
59 993 94
60 245 265
61 352 692
62 317 103
63 973 71
64 417 844
65 108 637
66 757 280
67 265 243
68 502 396
69 52 743
70 557 969
71 41 698
72 567 555
73 506 432
74 890 573
75 562 790
76 941 497
77 830 750
78 325 572
79 879 571
80 682 161
81 597 431
82 842 684
83 753 441
84 745 536
85 977 68
86 95 781
87 323 334
88 655 536
89 33 643
90 905 86
91 29 369
92 305 648
93 599 263
94 903 458
95 534 800
96 586 235
97 570 511
98 5 767
99 593 445
63 85
34 97
33 45
74 79
81 99
50 74
4 42
0 99
0 81
50 79
7 45
51 52
31 65
29 44
60 67
75 95
7 33
59 63
59 85
93 96
10 30
68 73
35 49
37 71
5 64
36 87
72 97
30 95
4 53
19 64
69 71
31 89
21 54
34 72
32 52
53 86
17 27
44 65
36 47
31 37
52 72
69 98
42 86
44 54
55 83
76 94
71 89
42 53
4 86
31 44
21 56
35 59
69 86
37 69
16 93
37 65
20 36
43 48
46 95
61 92
54 56
22 80
13 82
34 99
16 96
5 10
32 51
30 75
8 50
77 82
37 89
29 65
29 54
63 90
57 94
97 99
51 72
8 28
31 71
0 73
38 75
25 73
0 34
37 53
35 63
27 70
85 90
32 38
5 19
65 89
46 75
49 90
51 88
23 90
35 85
6 9
71 98
53 69
0 97
78 92
38 46
8 74
10 95
55 57
34 81
14 78
29 31
14 61
20 87
31 54
57 83
54 89
35 90
2 55
0 68
19 46
81 97
40 51
41 75
44 89
25 68
73 99
59 90
88 97
38 95
14 92
5 30
84 88
72 88
6 77
47 87
37 86
17 41
49 59
8 79
65 71
32 72
73 81
86 98
74 76
19 30
52 88
10 64
13 40
6 82
54 65
2 66
20 47
52 97
29 56
40 84
34 88
34 73
13 77
40 88
7 58
83 84
50 76
76 79
44 56
19 95
30 46
58 91
49 63
10 19
71 86
34 52
11 48
53 71
3 66
21 44
68 81
73 97
69 89
49 85
24 62
10 75
8 76
30 64
11 12
68 99
51 97
9 28
60 87
2 57
45 58
37 98
37 44
31 69
4 69
6 28
67 87
42 69
10 70
47 67
20 68
88 99
53 65
41 95
34 51
17 70
40 52
36 67
45 60
55 66
22 43
20 25
21 29
72 99
21 89
29 89
79 94
50 82
74 94
31 53
33 58
3 49
4 37
39 49
33 60
22 23
79 82
16 68
36 60
38 52
38 41
65 69
57 76
81 88
48 80
74 82
32 46
80 96
28 50
12 48
0 72
3 22
61 78
5 95
45 67
2 39
38 51
64 95
37 42
30 41
19 75
44 71
50 94
34 68
21 31
33 67
53 98
10 46
89 98
72 81
46 64
47 60
29 37
0 88
43 80
2 3
80 93
35 39
30 70
37 54
20 73
26 33
57 84
7 60
56 91
30 38
2 83
68 97
22 48
32 97
28 74
83 88
54 71
32 40
27 41
1 78
23 49
72 73
25 34
79 84
57 79
13 84
3 39
4 71
19 61
7 26
21 65
23 63
66 80
53 89
32 88
32 34
1 87
31 86
0 25
13 79
2 94
26 45
58 60
31 56
3 23
3 90
51 84
42 98
32 75
23 85
25 97
57 74
65 86
5 46
42 71
11 96
17 30
3 80
28 79
56 65
4 98
55 94
17 75
55 84
6 8
56 89
31 98
7 67
10 27
40 72
13 74
62 67
74 84
5 70
13 50
10 41
10 17
83 94
86 89
29 71
16 20
8 94
5 75
8 82
16 73
0 16
4 65
6 50
3 35
64 75
28 82
6 13
40 82
27 30
81 83
25 99
23 35
16 81
52 99
32 95
46 61
17 95
50 57
66 93
41 46
51 99
83 99
4 31
19 38
44 53
66 83
12 43
9 77
25 81
22 66
25 78
50 84
38 40
11 43
21 91
44 69
23 59
25 72
68 93
38 72
61 64
6 74
47 62
65 98
42 65
25 87
52 84
25 36
81 93
14 46
21 71
16 99
9 82
10 38
7 91
0 52
6 79
40 97
8 9
58 67
36 68
70 95
16 47
52 81
46 52
31 42
0 93
14 25
28 76
68 72
11 80
23 43
48 96
1 29
18 42
21 37
51 81
20 67
41 70
13 51
0 51
29 53
0 83
84 94
11 93
22 90
34 40
84 97
66 96
82 84
27 75
84 99
60 62
57 66
14 32
20 60
72 84
70 75
11 16
55 81
50 77
1 36
27 95
54 69
79 83
81 84
68 96
23 80
34 84
73 88
93 99
13 88
40 77
4 89
40 79
4 18
1 25
39 66
56 58
40 83
77 79
22 96
46 51
55 88
16 80
29 69
74 77
55 99
1 20
39 59
16 36
64 70
28 77
12 24
32 41
39 94
47 68
45 91
14 72
14 19
68 87
52 73
52 75
74 83
1 60
39 90
42 89
73 93
15 18
15 86
0 20
44 86
1 58
54 91
40 74
3 55
1 56
36 73
37 56
15 98
51 75
22 93
2 76
83 97
39 57
76 83
81 96
0 84
33 91
65 92
34 83
0 96
53 54
29 92
41 77
1 92
48 93
13 52
0 55
55 76
13 41
76 84
38 64
53 92
2 49
3 63
22 49
1 44
16 25
38 88
56 71
30 32
15 42
9 50
14 52
11 62
40 50
8 13
32 99
17 38
3 59
29 78
33 62
46 72
4 44
44 98
19 92
19 32
8 57
51 73
40 99
19 70
5 61
50 83
39 63
57 88
8 77
4 92
3 85
5 27
52 95
25 47
39 55
19 41
40 41
68 88
73 87
5 38
36 62
39 85
38 97
45 62
32 84
55 79
14 38
13 38
96 99
14 34
14 97
58 87
20 81
54 98
49 66
51 83
11 47
12 62
76 82
61 95
20 93
13 32
73 96
29 86
25 52
20 99
0 32
1 67
11 22
5 41
45 87
20 96
44 92
18 86
5 17
51 95
1 14
47 96
40 81
21 69
16 66
34 38
55 93
4 29
9 74
41 51
42 44
55 74
32 81
4 15
13 28
43 96
72 83
47 73
46 92
15 69
33 87
32 61
66 81
42 92
17 46
2 84
40 75
14 73
4 61
29 91
28 94
41 52
16 34
32 73
54 86
39 76
23 48
9 79
0 40
38 61
31 92
52 68
16 87
40 57
30 61
1 54
44 78
14 64
64 92
47 93
20 34
65 78
79 88
41 64
53 61
18 64
52 83
11 24
18 53
14 51
16 97
73 78
8 84
29 98
46 70
37 92
44 91
2 80
29 42
66 94
77 84
16 48
14 95
36 45
3 93
25 32
62 87
1 47
1 65
2 35
13 83
50 55
61 75
7 87
21 58
9 13
25 88
66 99
23 66
26 58
42 61
20 97
5 18
7 62
26 62
45 47
25 51
25 92
82 94
22 35
3 43
55 97
72 75
80 90
33 36
83 93
34 55
33 47
0 66
21 98
3 57
10 32
2 22
10 61
51 68
12 80
17 19
26 67
74 88
78 87
3 96
51 82
40 46
13 76
20 78
82 88
26 60
40 55
27 64
57 81
13 57
1 91
17 77
60 91
41 82
6 76
23 39
15 53
27 38
43 93
13 72
36 96
2 79
17 64
14 75
21 53
72 78
4 54
55 96
57 99
36 58
27 46
66 90
34 93
19 27
2 93
57 82
12 96
56 69
2 74
22 63
46 97
40 95
13 75
13 94
55 80
49 80
36 93
73 83
72 95
24 67
6 40
46 78
1 21
3 83
24 26
43 90
32 64
35 66
86 92
54 58
38 70
68 78
50 88
93 97
61 65
34 78
29 58
30 52
14 68
22 85
34 46
16 22
1 31
38 84
25 93
25 61
7 36
39 83
78 97
32 78
19 52
31 78
3 48
16 55
0 36
42 54
61 72
68 83
1 73
2 81
52 61
12 22
53 56
66 84
1 61
19 78
1 68
7 47
14 30
38 77
51 77
2 90
30 51
32 68
40 94
82 83
2 50
20 62
0 57
11 36
88 94
29 61
22 39
73 84
53 78
1 45
48 66
46 88
32 92
51 55
21 86
22 59
13 97
5 14
55 72
51 79
16 83
8 83
15 71
52 82
24 47
20 72
2 99
0 14
6 84
83 96
5 32
5 92
25 96
36 78
8 40
2 96
43 66
54 92
11 20
1 7
47 58
18 19
44 58
67 91
3 94
52 78
14 99
0 47
71 92
55 73
40 76
2 88
13 34
13 17
19 51
24 33
55 68
18 69
25 60
40 73
69 92
38 82
75 88
36 81
34 96
1 33
75 77
9 76
61 86
37 61
89 92
16 72
54 78
28 57
0 87
14 29
4 64
51 57
37 78
25 67
44 61
56 78
14 20
24 60
51 74
36 99
41 72
22 55
2 23
89 91
4 78
0 2
15 37
17 32
92 95
56 98
66 88
57 97
38 99
42 64
12 93
31 61
31 91
13 95
16 88
76 77
77 88
96 97
32 83
32 82
34 57
14 88
52 55
72 92
24 45
10 14
6 94
38 92
7 56
88 93
28 84
75 97
65 91
19 72
16 67
13 55
66 68
14 81
68 84
16 43
51 61
49 55
87 96
52 77
67 68
8 55
41 88
47 81
14 65
12 16
50 51
32 77
80 81
61 97
39 80
35 80
34 61
66 76
18 98
56 86
87 93
34 75
26 91
56 92
10 52
27 77
4 19
12 47
4 21
0 38
64 78
30 40
0 78
6 41
34 36
1 89
47 99
13 46
2 59
60 68
14 53
11 67
76 88
16 62
80 83
30 92
38 78
52 79
52 92
42 78
4 14
38 81
88 95
11 68
45 56
81 87
20 45
30 72
95 97
3 16
0 80
14 44
87 99
1 37
19 42
13 99
20 58
57 72
66 73
17 40
75 92
14 87
72 93
2 8
10 51
52 57
51 78
43 49
11 66
36 97
17 82
73 92
34 66
57 93
2 16
48 62
20 33
48 90
38 73
49 57
68 80
18 61
87 91
56 60
78 99
34 95
28 40
34 87
66 97
21 42
10 18
16 60
34 92
80 99
58 62
18 37
2 63
52 64
25 38
92 97
25 46
40 68
7 24
75 82
4 56
62 96
41 84
77 95
52 74
59 66
78 89
63 66
13 81
11 87
24 48
77 94
33 56
49 94
10 92
55 82
4 5
61 73
2 85
23 96
14 42
5 42
39 74
53 64
39 79
72 82
87 97
61 69
63 80
66 85
67 73
78 81
17 51
47 48
81 94
56 87
6 57
88 96
78 95
80 85
13 30
50 52
84 93
24 36
14 31
23 93
60 73
29 87
94 99
71 78
78 86
25 40
7 20
14 40
61 71
57 77
0 13
17 52
21 78
21 92
42 56
72 79
19 53
79 99
43 63
34 47
39 50
18 71
75 84
35 55
1 53
51 64
14 36
2 40
27 32
20 88
87 92
79 97
79 81
46 73
66 79
41 97
5 52
46 99
43 85
20 52
51 92
25 83
47 78
8 88
11 60
20 92
2 97
58 65
2 34
41 61
3 76
60 78
11 23
1 34
57 80
15 89
59 80
3 11
14 37
9 94
77 83
25 84
6 17
51 94
13 27
68 92
47 97
34 79
18 92
35 94
3 81
72 96
19 97
32 79
1 71
67 96
14 41
31 58
22 83
16 52
66 74
19 40
35 57
75 78
69 78
10 40
34 41
82 97
35 43
7 21
57 96
1 97
92 98
61 89
18 30
8 39
73 80
32 70
0 46
46 84
30 77
74 99
72 74
16 84
47 80
62 93
9 40
19 34
36 72
10 72
74 81
64 72
0 1
15 31
56 67
74 97
54 61
5 78
11 73
28 83
0 94
37 91
32 55
72 77
39 84
16 51
64 86
5 51
29 60
34 82
6 51
82 95
72 87
71 91
58 78
46 77
57 73
1 72
46 81
34 74
32 74
6 88
38 83
61 68
38 68
78 88
0 79
0 11
16 57
48 49
36 91
55 90
58 89
30 78
24 87
3 99
49 83
20 51
12 23
11 81
66 72
50 72
67 78
30 88
15 65
20 80
67 93
30 97
26 47
25 29
9 84
5 53
22 57
50 66
43 59
0 3
14 86
23 55
2 68
57 68
21 45
50 99
1 16
94 97
44 87
18 65
84 95
50 97
12 67
12 36
6 83
32 50
22 81
52 93
49 76
18 70
32 57
50 81
38 79
51 76
30 34
34 94
84 96
51 93
20 32
61 88
10 13
25 55
1 99
2 73
2 13
41 79
3 84
14 54
26 87
60 96
27 40
19 86
0 74
0 61
39 93
1 4
7 54
34 50
40 66
52 94
36 92
27 82
2 51
18 31
61 70
19 88
7 29
61 99
82 99
6 38
2 72
1 81
49 93
75 99
62 68
0 92
11 99
21 33
2 43
41 50
46 82
5 72
41 74
19 25
8 51
24 43
38 74
10 77
20 61
56 61
48 68
26 36
0 22
28 55
72 94
1 69
14 56
70 77
20 48
36 56
2 82
2 48
76 81
4 46
21 60
25 58
18 46
46 68
10 78
27 51
29 36
49 96
29 45
51 66
76 99
90 96
9 41
81 82
36 48
92 99
18 95
44 60
77 97
38 50
54 87
43 62
22 99
90 93
54 60
35 76
47 72
60 93
27 52
6 52
45 54
61 98
5 86
0 50
40 61
29 67
20 24
12 20
24 96
0 75
25 75
14 71
36 80
14 89
61 81
39 96
25 95
11 25
30 82
42 46
78 91
1 62
61 87
22 68
1 42
20 66
20 29
57 90
14 69
95 99
9 57
34 77
16 78
75 81
1 86
6 75
2 52
47 91
93 94
14 47
20 83
28 88
25 44
13 73
16 24
52 66
40 64
73 75
7 44
29 33
17 72
6 27
16 32
34 80
48 63
6 32
18 89
55 77
81 92
35 48
2 28
4 10
25 66
21 87
14 84
35 83
48 55
0 82
33 54
0 67
52 76
13 19
64 97
10 42
48 85
52 96
16 23
48 81
88 92
80 97
12 60
1 32
17 61
19 65
52 70
14 16
43 47
10 97
73 95
1 52
5 40
51 96
0 95
62 80
0 76
37 64
39 43
46 53
9 17
10 88
55 59
80 94
34 64
40 93
0 48
44 45
20 55
16 40
13 70
51 70
76 97
65 87
25 62
64 65
90 94
17 88
0 60
3 79
3 88
21 61
37 58
4 30
3 68
20 56
19 37
10 34
81 95
12 66
69 91
78 98
59 94
6 55
8 52
34 76
3 12
20 91
80 88
25 65
36 88
43 55
3 74
41 99
36 52
12 87
25 45
19 73
30 42
25 56
14 18
55 63
24 58
41 92
40 70
72 76
36 44
64 69
22 94
8 66
40 78
52 87
23 57
57 59
39 81
62 73
30 84
58 92
80 84
21 67
11 55
27 61
28 51
48 99
33 44
15 44
44 67
67 81
18 75
1 46
48 73
55 85
25 80
54 67
4 95
14 60
17 84
25 33
38 55
36 61
48 59
38 57
32 93
14 21
47 66
58 71
35 93
22 47
32 94
67 99
22 73
75 79
24 93
28 41
83 90
77 99
11 90
14 70
20 44
18 44
94 96
60 92
10 82
14 17
2 11
39 88
87 88
39 99
48 67
3 50
42 95
60 81
64 88
23 83
53 91
25 64
11 33
13 68
28 39
19 69
41 81
35 96
20 84
5 97
31 87
3 73
6 95
19 99
0 41
13 14
19 31
13 66
60 99
19 29
8 41
12 68
62 91
47 56
91 92
11 45
57 63
41 83
39 48
31 64
1 19
7 25
63 94
74 75
48 87
5 34
1 51
36 51
47 92
77 81
47 88
36 54
0 19
10 53
25 30
6 72
50 75
3 34
32 87
58 68
60 65
19 77
57 85
85 94
46 83
40 92
1 93
1 98
45 78
14 67
18 29
75 83
73 94
3 97
5 13
73 79
0 39
32 36
80 87
68 75
25 54
18 78
91 98
20 22
43 68
34 67
51 87
25 57
24 80
29 47
15 54
16 39
45 68
19 44
13 64
1 96
16 94
34 60
40 96
8 72
25 31
9 83
11 34
30 53
36 66
41 78
8 32
8 99
32 76
29 64
20 40
15 29
70 82
48 83
64 71
5 37
1 26
13 25
30 99
27 72
7 78
23 94
8 81
16 45
14 83
19 81
17 97
8 97
5 88
33 68
68 95
43 81
0 77
68 94
67 97
9 88
16 33
9 51
59 76
47 52
46 86
21 36
33 78
67 92
16 49
46 65
17 79
60 97
19 84
53 95
29 73
44 64
70 92
28 52
11 97
14 58
20 43
5 65
11 83
58 73
9 27
5 69
73 74
15 64
17 50
31 60
12 90
26 56
41 73
19 71
20 38
2 32
8 34
30 73
72 80
14 27
1 88
18 27
4 75
20 26
2 6
0 43
8 38
20 46
32 96
20 54
17 34
36 65
17 74
14 98
7 65
19 68
5 77
32 66
76 90
6 30
66 82
0 30
78 93
11 49
16 90
36 43
14 93
2 25
79 95
70 72
20 65
76 93
12 33
10 84
6 97
22 62
68 79
2 77
49 79
22 84
79 93
1 38
7 31
48 60
49 74
25 91
42 75
86 91
25 41
29 46
46 79
29 68
30 81
7 11
3 8
36 83
27 88
64 98
6 46
22 34
9 38
10 86
45 65
43 83
43 99
15 92
73 82
0 62
12 45
47 55
63 96
7 68
22 36
49 84
63 93
83 95
38 94
39 40
45 73
5 15
47 83
64 73
78 84
1 64
0 8
6 34
59 83
39 82
19 82
74 95
50 73
25 53
47 51
61 84
5 25
22 88
22 97
15 61
64 77
37 46
87 89
65 67
36 55
76 80
10 25
17 28
50 95
67 80
85 96
74 93
28 38
41 57
85 93
53 58
31 45
78 96
68 74
13 61
33 73
7 89
44 47
49 50
46 74
18 38
18 54
63 76
58 69
25 48
21 25
4 38
12 73
7 16
28 32
25 37
12 26
59 93
5 31
2 20
30 86
20 21
38 76
13 39
9 75
49 81
15 21
33 65
63 83
6 70
16 58
76 85
43 73
59 96
44 46
22 76
31 36
62 81
9 52
46 50
17 92
14 96
31 46
9 55
4 91
37 87
22 24
32 47
3 40
60 72
60 89
64 89
19 98
47 61
27 84
67 72
53 75
16 92
19 89
44 73
17 18
3 72
83 85
0 12
11 26
35 74
35 79
5 71
4 25
64 99
20 31
38 42
31 33
24 68
6 99
12 81
16 38
6 10
66 87
31 67
48 57
41 76
45 89
10 99
4 32
86 95
62 99
8 49
14 91
23 81
7 73
73 76
50 93
9 32
50 68
60 61
1 11
47 54
28 72
0 64
39 97
76 96
15 19
5 29
34 39
20 57
49 99
10 73
3 20
58 61
16 79
83 87
43 57
34 48
45 96
6 81
33 96
70 88
8 17
41 94
38 53
35 50
7 12
1 95
41 68
44 68
29 72
57 75
42 91
14 55
13 93
16 35
68 82
25 89
27 92
42 70
79 96
5 44
41 55
4 70
30 68
22 25
51 80
0 49
18 41
27 97
0 10
5 98
21 26
78 83
11 35
65 73
46 55
46 69
32 53
8 75
5 82
28 66
33 89
29 34
48 97
21 47
56 73
32 42
3 51
60 80
46 87
35 84
30 79
12 99
64 84
16 61
23 76
52 80
28 97
68 76
64 81
55 75
36 84
43 67
11 88
5 73
25 42
29 32
11 72
56 68
29 97
8 35
12 49
28 75
16 76
16 74
0 23
3 47
55 87
10 81
13 16
19 54
27 34
23 99
73 77
84 92
53 87
64 82
74 96
79 80
11 39
11 63
43 87
1 75
46 57
28 99
12 25
64 68
65 95
28 34
14 82
39 68
61 91
0 6
25 79
19 20
61 67
27 79
30 74
38 93
37 60
2 9
45 93
70 97
40 80
9 95
45 92
27 50
14 77
11 58
32 65
28 81
33 93
30 50
1 24
11 85
5 84
11 57
70 78
58 98
5 99
3 25
30 65
38 87
54 64
71 87
3 52
1 5
58 86
10 37
10 65
74 80
22 87
46 71
47 65
39 51
27 74
65 68
36 46
67 89
81 90
7 92
6 39
13 78
39 73
30 83
47 84
34 70
15 56
36 40
25 71
2 38
30 37
16 46
22 72
25 82
36 89
4 58
2 12
25 94
2 47
36 38
0 5
65 72
17 99
37 95
35 81
24 91
18 32
49 88
16 50
75 86
17 78
84 87
44 72
7 96
25 74
5 89
7 37
39 72
33 92
62 78
27 28
50 96
24 25
1 30
3 13
29 52
56 62
20 75
18 21
10 69
57 95
32 44
12 55
14 45
24 73
54 73
20 95
23 68
29 95
70 84
25 86
9 72
34 62
36 37
61 83
34 44
31 73
55 95
20 37
38 65
40 87
13 92
12 63
68 91
26 54
48 88
11 59
62 66
22 79
5 81
20 89
4 72
0 29
90 99
66 77
0 28
50 80
75 94
44 97
4 52
29 38
13 96
53 72
38 66
34 65
37 45
12 85
9 30
0 90
0 58
84 90
1 40
3 36
2 36
8 95
10 68
17 83
30 69
46 89
35 99
60 71
54 68
65 97
43 60
75 76
65 75
7 71
7 14
22 74
17 81
9 70
31 47
42 58
62 97
14 33
39 52
31 95
25 43
19 83
0 17
58 96
25 50
16 63
25 69
73 91
14 57
3 82
61 77
4 87
12 35
28 95
29 30
10 79
53 70
55 78
26 29
7 93
68 77
19 87
52 53
38 86
22 67
52 60
20 53
30 31
19 56
10 31
44 95
46 54
0 35
34 43
18 56
0 45
6 66
23 84
52 65
92 93
52 67
38 96
69 95
37 67
16 85
79 90
11 84
31 32
82 93
5 68
31 68
6 19
10 15
40 47
74 90
29 99
42 72
42 52
67 88
33 37
1 10
10 29
27 78
8 73
3 28
33 48
49 68
0 33
43 97
39 77
32 37
53 73
34 58
58 93
16 59
10 74
45 71
43 94
8 46
59 74
61 82
59 79
69 87
10 50
48 84
32 86
48 94
9 97
44 52
15 78
9 46
30 44
25 77
14 79
60 88
8 27
37 75
29 75
36 53
45 48
38 44
9 39
48 72
4 41
31 72
66 67
22 50
83 92
53 60
46 93
37 38
13 20
29 81
61 93
23 73
58 97
10 71
46 98
8 93
10 44
56 64
46 94
58 99
22 51
58 81
47 57
29 51
20 64
12 59
17 73
36 57
34 53
9 34
16 26
42 87
50 90
5 54
26 44
53 97
41 42
32 80
50 59
70 86
32 60
37 73
19 79
9 10
31 38
1 84
10 83
14 15
92 96
35 88
21 73
4 73
22 40
16 82
4 34
4 97
30 71
14 66
33 71
17 25
4 51
45 81
1 18
11 52
23 47
19 21
1 83
0 44
36 71
5 6
19 36
86 87
34 49
22 52
14 74
28 46
8 59
12 58
38 47
12 83
94 95
51 60
31 34
71 95
49 97
45 99
17 76
32 67
46 56
31 75
0 7
49 73
34 56
51 67
46 47
21 68
17 57
44 75
0 24
11 78
12 34
20 71
4 20
43 88
8 68
31 97
25 76
33 81
37 72
29 62
28 49
16 75
11 51
59 84
46 76
67 71
4 27
76 95
19 74
22 60
16 29
56 97
23 88
56 72
27 42
51 53
20 30
68 90
25 26
33 99
28 30
21 64
63 79
63 74
15 30
8 30
2 87
9 99
53 68
27 99
10 98
34 45
51 65
3 32
20 94
58 72
14 50
12 97
31 52
0 65
87 95
43 84
70 79
42 51
30 57
69 75
19 50
60 66
74 85
79 85
6 73
47 89
44 99
23 79
42 97
61 96
6 64
34 42
8 90
24 81
54 72
4 17
18 52
40 49
12 39
88 90
42 73
3 62
75 87
37 68
60 69
50 70
9 81
3 87
16 95
20 23
34 54
23 74
17 94
62 72
30 55
17 42
55 61
82 96
33 34
28 35
45 61
45 97
70 74
1 12
7 48
23 62
63 84
73 89
41 53
50 63
44 51
4 36
64 87
26 68
37 52
23 34
13 80
0 56
46 96
8 80
54 97
53 67
2 41
59 81
16 91
7 53
23 24
30 98
63 81
34 37
32 54
44 81
11 94
20 42
15 46
7 81
66 78
1 80
65 99
50 85
24 66
23 97
14 62
7 69
7 61
84 85
37 97
38 69
26 96
37 47
4 68
36 95
21 62
72 86
24 99
7 99
33 97
0 27
57 87
27 81
1 55
32 69
8 96
36 75
10 89
64 83
89 95
8 63
20 79
70 99
81 85
16 56
30 89
45 53
32 56
8 16
26 48
67 83
35 68
33 61
2 14
52 86
4 60
27 83
25 70
57 78
8 85
73 90
55 67
20 41
32 39
23 50
75 93
7 34
32 71
78 82
71 75
54 62
16 19
20 69
11 14
21 46
95 98
0 9
68 89
8 22
44 62
2 75
2 46
65 81
36 69
1 48
19 55
17 55
18 72
45 69
15 70
5 20
59 99
43 72
20 86
1 41
25 98
17 68
46 66
55 92
49 82
63 99
38 71
18 51
56 99
15 95
32 89
29 88
36 42
5 56
25 27
13 49
1 66
77 92
7 97
77 78
10 28
71 73
16 44
20 74
28 70
27 73
0 70
10 20
25 39
0 63
64 79
0 59
54 95
33 53
87 98
49 72
5 79
60 86
0 31
9 66
23 36
60 83
14 94
6 68
34 35
85 99
82 92
31 51
48 52
42 68
55 62
5 83
34 90
77 93
48 51
52 56
56 81
35 97
73 86
8 10
70 73
36 64
52 54
70 81
28 73
0 54
26 78
19 57
36 86
61 79
93 95
45 72
27 53
33 80
90 97
72 89
0 85
6 14
3 6
55 60
35 73
45 80
11 32
30 94
43 76
33 69
49 51
20 39
42 60
47 53
35 40
16 41
67 69
26 93
26 73
14 80
30 76
11 40
78 80
38 54
30 54
3 24
30 87
17 53
48 76
71 72
0 53
62 92
64 74
5 74
46 60
37 51
34 86
66 75
57 61
5 21
86 97
38 89
18 25
80 82
3 77
10 57
12 57
8 25
5 50
19 47
16 77
31 99
33 72
69 72
10 54
26 65
50 64
75 89
41 86
33 43
62 88
20 50
41 66
69 73
47 71
34 89
21 34
61 74
26 31
68 71
22 32
21 72
37 70
62 83
53 99
0 91
0 4
8 23
10 55
51 86
54 99
20 82
4 67
13 22
43 45
89 97
12 88
69 70
27 76
8 70
7 98
1 15
2 95
35 82
34 91
78 79
21 97
12 72
52 58
27 57
9 19
75 96
5 87
46 67
11 91
65 88
26 89
60 98
59 88
7 86
13 36
31 81
41 93
4 99
52 69
7 72
44 88
75 98
20 76
54 75
6 25
20 49
49 52
38 56
24 56
52 71
65 70
16 30
3 67
50 61
30 36
32 58
48 58
13 35
28 68
23 25
91 97
34 71
47 90
16 65
52 89
54 81
4 7
68 86
56 95
0 37
28 93
2 78
71 97
27 86
38 60
4 88
23 72
67 84
40 48
16 54
24 34
53 81
21 32
70 83
63 88
15 75
47 75
19 93
45 86
67 86
47 95
14 76
5 9
41 65
20 90
74 78
4 45
53 88
47 49
45 98
2 62
66 95
51 56
28 59
47 94
0 42
13 87
34 69
51 54
27 94
36 94
29 93
95 96
18 97
69 97
7 80
8 19
85 88
1 13
68 69
38 67
6 61
60 84
4 81
42 67
91 99
39 47
72 91
52 62
38 80
17 86
37 99
0 21
10 87
18 34
24 97
77 96
4 47
57 92
40 90
38 98
42 99
24 78
6 93
19 60
81 91
35 72
63 68
27 68
29 96
30 56
91 96
3 38
62 65
43 51
16 64
42 88
48 79
4 40
23 40
22 82
7 42
25 49
32 98
33 86
50 78
2 67
11 76
35 51
43 52
55 64
68 70
40 67
33 98
5 36
19 28
4 33
46 58
10 94
59 68
8 14
37 41
29 41
10 76
68 85
40 60
13 47
61 66
36 98
6 49
72 90
38 39
7 43
31 70
51 58
23 87
56 75
79 92
37 81
20 98
21 52
9 64
91 93
19 94
42 45
41 87
10 56
3 60
47 69
27 55
48 74
28 90
29 40
16 21
43 79
19 58
26 43
16 31
48 78
11 92
57 64
70 71
42 81
66 92
51 69
0 89
31 88
21 99
58 88
32 48
51 62
21 95
23 51
12 84
1 57
30 93
40 42
40 53
51 71
67 98
10 36
36 41
36 79
41 96
19 67
3 9
1 22
42 47
56 93
56 96
51 89
20 77
31 62
47 64
36 39
19 96
43 74
9 73
70 98
11 79
62 90
6 16
16 28
18 40
28 80
78 94
21 38
40 43
45 52
28 63
31 41
21 81
19 76
74 92
28 96
61 62
41 44
63 73
29 70
5 55
58 80
33 42
10 16
1 43
35 52
51 90
47 86
15 91
2 60
36 90
21 30
28 85
36 49
5 57
34 59
59 73
87 94
40 65
23 52
1 2
6 35
89 99
59 97
56 88
47 79
25 28
0 86
44 93
34 63
24 90
73 85
48 50
22 33
12 78
44 70
19 91
41 69
37 88
25 90
36 74
11 74
10 21
20 35
33 52
63 97
2 30
23 67
1 70
22 45
32 62
18 73
0 71
14 48
5 28
50 92
5 8
13 90
61 94
57 70
12 91
15 38
2 61
34 85
24 55
44 96
49 77
3 14
22 28
72 98
40 59
86 99
26 92
0 26
24 29
30 47
82 90
6 96
85 97
43 50
32 45
40 44
11 56
45 88
1 17
26 80
8 64
2 17
81 89
54 88
73 98
