100 4540 862.4018784766183 dense
0 115 831
1 523 60
2 38 271
3 291 178
4 466 93
5 68 671
6 478 858
7 819 398
8 121 639
9 963 913
10 722 351
11 277 507
12 941 646
13 552 397
14 845 767
15 817 252
16 805 233
17 660 594
18 940 106
19 633 919
20 205 438
21 463 485
22 811 795
23 636 878
24 426 813
25 136 503
26 410 931
27 36 530
28 644 190
29 630 924
30 620 76
31 894 374
32 858 4
33 367 133
34 102 590
35 820 258
36 709 271
37 948 992
38 684 535
39 454 306
40 224 98
41 258 785
42 104 605
43 97 743
44 859 7
45 825 946
46 857 463
47 59 671
48 154 423
49 247 648
50 184 175
51 780 467
52 53 838
53 313 674
54 419 132
55 6 349
56 60 740
57 725 767
58 597 785
59 313 475
60 110 618
61 458 491
62 620 489
63 506 201
64 504 691
65 151 646
66 453 808
67 337 262
68 482 865
69 441 297
70 40 873
71 522 927
72 404 713
73 779 951
74 398 643
75 987 587
76 616 571
77 569 433
78 848 622
79 180 393
80 745 267
81 391 517
82 396 999
83 590 828
84 375 162
85 584 734
86 795 706
87 614 931
88 334 423
89 611 209
90 272 61
91 779 296
92 347 364
93 8 954
94 815 408
95 746 18
96 352 691
97 572 255
98 878 887
99 842 23
32 44
19 29
15 35
21 61
6 68
5 47
7 94
42 60
34 42
39 69
29 87
15 16
19 87
44 99
8 60
32 99
24 66
34 60
16 35
33 84
8 65
36 80
43 56
52 70
8 42
28 89
48 79
13 77
19 23
53 96
58 83
14 22
80 91
45 73
23 29
11 59
60 65
17 76
20 79
33 54
8 34
58 85
20 48
54 84
6 66
35 91
59 88
72 96
23 87
15 91
89 97
88 92
40 90
4 54
5 8
42 65
0 52
17 38
66 68
1 4
74 96
5 60
23 83
16 91
51 94
6 24
16 80
47 56
46 94
26 82
5 56
8 47
72 74
49 53
61 81
15 80
47 60
68 71
36 91
34 65
12 75
5 42
7 46
35 80
62 77
24 68
38 76
46 51
5 43
7 31
21 81
38 62
14 86
10 91
7 51
45 98
42 47
9 37
10 36
43 47
6 71
25 48
62 76
2 55
63 97
3 84
0 70
31 94
5 65
40 50
10 80
70 93
5 34
3 33
59 81
9 98
27 34
0 43
22 86
22 57
53 74
64 85
34 47
71 87
57 86
25 34
83 85
20 25
47 65
3 67
49 65
12 78
95 99
31 46
28 97
26 68
52 56
1 30
53 72
78 86
11 20
6 26
19 83
23 58
27 42
11 88
24 72
64 72
67 92
16 36
25 27
28 36
29 83
3 40
43 52
63 89
83 87
0 56
8 43
4 33
66 72
25 42
67 84
3 50
7 10
29 71
10 94
7 91
15 36
67 69
81 88
43 65
54 63
19 71
35 36
26 71
17 62
32 95
49 96
44 95
22 98
20 59
68 83
4 84
13 62
11 81
27 60
4 63
69 92
63 69
6 83
36 89
59 92
64 74
28 30
39 63
38 51
91 94
73 98
25 60
8 56
21 77
25 79
3 90
24 26
33 90
14 57
71 83
39 92
41 53
23 71
52 93
14 98
39 67
13 21
61 77
43 60
74 81
37 98
8 49
1 54
28 80
64 66
18 44
18 99
39 97
57 58
10 51
20 88
26 66
56 65
18 32
37 45
56 60
58 64
33 67
13 61
41 96
30 89
13 39
56 70
10 35
3 54
63 84
8 25
10 15
41 49
66 71
69 97
31 35
36 97
42 43
8 27
28 63
66 83
30 95
19 58
31 91
6 58
7 35
58 68
49 60
11 25
61 88
9 45
43 70
42 56
1 63
23 57
24 96
27 47
29 58
21 88
75 78
13 97
25 65
50 90
11 49
84 90
10 16
15 31
5 27
24 64
57 85
14 78
71 82
76 77
58 66
59 61
7 15
80 89
58 87
31 51
33 40
68 87
57 83
11 48
24 71
42 49
13 69
19 73
11 79
35 94
0 41
69 84
21 59
7 80
66 85
49 74
29 73
22 45
64 96
34 43
23 85
54 67
38 77
6 87
12 14
23 68
66 96
33 63
4 30
34 56
15 94
34 49
59 79
79 88
21 62
80 94
12 86
81 92
11 92
68 82
22 73
46 78
6 23
27 48
17 85
29 68
20 92
19 68
23 73
58 71
67 88
51 62
64 83
61 62
41 72
6 72
0 93
6 82
6 85
54 90
27 65
61 74
40 84
64 76
39 84
53 65
24 83
69 88
48 55
7 16
6 29
68 85
76 85
73 87
41 43
54 69
6 19
16 28
16 31
0 5
47 52
48 59
39 88
21 92
5 52
7 36
61 92
6 64
30 63
51 78
79 92
0 47
49 72
24 41
11 53
68 72
21 74
51 91
39 77
10 62
28 91
1 33
24 74
1 89
36 94
24 58
80 97
10 31
10 77
37 73
66 74
17 51
2 50
34 48
16 94
53 81
64 68
10 46
17 86
41 65
21 76
50 67
10 13
24 85
22 78
61 76
39 54
43 49
1 28
19 57
77 97
10 97
81 96
10 28
24 53
25 59
21 39
55 79
46 75
63 67
1 84
33 69
48 88
14 45
10 89
5 49
72 85
5 25
11 61
11 74
38 94
25 49
31 80
27 55
29 57
20 34
17 64
15 28
46 91
39 89
25 47
17 57
17 77
39 61
49 59
30 97
16 18
13 76
38 78
4 89
69 77
2 79
11 21
38 46
11 65
9 14
33 50
10 38
9 73
59 74
24 82
0 65
28 35
42 48
89 91
21 69
47 49
17 78
57 78
15 18
13 38
2 48
19 85
69 89
50 84
3 69
53 64
57 73
0 8
7 38
20 27
9 22
4 97
33 39
18 35
22 23
11 34
53 66
19 45
51 76
3 92
57 98
3 4
49 81
61 69
8 53
20 42
14 73
16 89
29 85
23 66
29 45
54 97
41 66
72 81
4 90
77 81
13 89
12 22
40 54
57 87
11 96
27 79
11 42
53 59
86 98
40 67
85 87
66 82
41 74
48 60
28 95
8 41
11 60
13 81
23 45
1 97
17 58
13 36
13 63
12 46
25 55
48 92
20 81
66 87
4 28
71 85
47 70
51 80
41 56
20 60
38 86
5 70
84 92
26 87
8 11
67 79
45 57
61 64
4 69
65 96
58 72
54 89
74 85
3 39
26 83
64 81
13 92
35 46
49 56
36 51
30 54
6 96
21 64
8 52
15 89
53 60
26 41
91 97
62 94
67 90
27 56
19 66
45 87
29 66
31 36
41 52
34 79
4 67
35 51
85 86
18 95
0 60
58 86
16 99
4 39
25 88
51 77
36 77
20 49
22 58
59 67
30 36
35 89
36 63
15 46
58 76
20 65
52 65
3 63
78 94
19 22
68 96
8 20
84 97
20 55
50 79
26 72
15 51
8 48
72 83
7 62
59 69
59 96
13 88
23 24
20 67
42 53
39 59
26 29
39 81
56 93
27 43
5 41
24 87
22 29
28 39
38 85
16 95
48 65
41 60
19 26
22 83
76 86
57 76
13 17
17 21
42 79
73 83
69 81
0 49
46 80
7 78
75 86
0 42
61 96
13 28
21 38
17 61
43 53
1 95
34 53
52 60
63 92
77 89
30 99
30 80
82 87
61 72
23 64
43 93
74 88
14 75
41 47
6 74
28 69
74 76
38 61
15 99
62 81
76 81
6 41
33 92
23 26
24 29
28 54
16 44
31 75
77 92
19 24
13 80
62 64
53 61
57 64
89 95
21 96
16 97
23 86
16 32
22 85
41 70
67 97
77 88
16 51
36 62
21 72
59 65
38 57
60 79
16 46
85 96
35 99
2 20
17 46
14 23
64 71
8 96
41 42
26 58
68 74
76 78
41 68
38 64
46 62
13 51
42 52
83 86
33 97
62 97
50 54
51 75
22 87
51 86
22 37
34 59
63 77
84 89
12 51
49 88
21 53
0 34
27 49
45 86
77 80
3 79
11 72
4 40
11 27
17 94
23 98
36 46
16 30
54 92
25 43
24 49
48 49
48 67
10 76
17 83
71 72
58 74
15 95
79 81
5 53
15 97
73 86
29 82
25 53
42 59
58 73
26 96
65 74
39 62
19 98
6 53
77 94
14 37
12 57
8 70
62 85
63 80
35 97
75 94
59 60
13 91
15 44
30 32
14 58
3 88
30 44
25 56
50 55
80 95
18 91
12 98
50 92
34 41
48 50
92 97
62 91
19 82
77 91
29 98
10 17
1 69
46 86
1 90
35 95
15 32
17 22
13 59
2 25
53 88
31 78
11 67
7 17
7 77
8 59
25 92
65 70
0 53
60 96
34 52
7 75
18 80
8 79
14 17
13 67
35 44
2 40
47 53
28 77
21 97
41 82
65 79
62 80
59 72
48 81
53 68
72 76
25 81
1 39
33 89
36 95
21 67
32 35
38 91
76 94
36 39
26 64
71 73
76 83
57 71
20 61
82 83
61 67
2 27
28 99
30 33
34 55
59 77
20 53
30 84
43 96
1 3
49 64
67 81
49 66
14 19
53 56
65 72
19 64
57 68
61 97
14 83
20 21
58 96
5 48
42 96
62 69
80 99
26 85
45 83
10 63
49 61
14 85
6 57
13 94
41 64
49 79
20 50
62 78
64 87
46 76
15 30
84 88
60 70
31 38
38 58
29 64
36 38
47 48
5 11
64 77
14 29
11 69
17 74
9 86
74 83
78 98
7 76
7 13
19 86
87 98
11 39
9 12
88 96
23 82
36 69
12 94
2 3
34 96
62 74
5 20
30 35
28 84
21 49
74 77
30 91
49 52
10 39
7 28
18 31
22 75
65 81
63 90
11 47
29 86
61 85
3 20
42 55
1 67
83 96
26 53
38 80
20 69
20 47
57 66
0 96
42 70
12 31
7 12
21 85
8 74
28 94
53 85
69 79
11 41
62 86
67 89
45 58
9 57
17 81
12 38
91 95
62 89
91 99
3 48
63 88
7 89
1 36
36 99
20 74
20 39
17 72
28 44
14 38
27 59
28 33
14 87
28 32
74 92
30 39
18 36
44 80
30 69
50 69
23 72
5 96
89 94
17 23
7 97
12 17
34 88
72 82
10 69
32 80
25 96
78 85
94 97
21 63
39 79
47 93
66 76
67 77
26 74
59 64
55 60
65 88
86 87
63 91
60 74
5 93
22 38
46 77
34 70
50 88
4 95
76 96
13 74
69 90
81 85
71 96
88 97
3 97
64 86
10 21
73 85
33 88
11 64
8 72
20 96
40 92
42 88
10 30
62 88
38 81
58 82
39 80
4 50
47 96
61 63
83 98
95 97
13 84
40 69
61 79
4 92
56 96
11 13
8 81
42 74
13 54
89 99
11 43
58 62
22 76
60 88
51 97
25 74
48 53
31 62
57 62
66 81
21 79
17 66
3 59
13 64
24 81
34 81
40 79
72 88
60 81
86 94
10 61
10 78
58 98
2 67
41 81
58 78
5 79
41 71
44 91
28 62
39 50
42 81
40 63
62 92
16 63
34 74
49 92
4 36
11 77
77 85
1 40
14 76
13 16
38 97
41 93
63 95
13 35
13 15
79 84
32 91
24 57
72 87
54 88
47 79
8 88
1 80
45 71
36 44
14 46
53 58
51 57
39 90
69 80
35 62
38 74
49 70
32 36
35 77
89 92
14 51
15 77
25 41
59 62
52 53
38 75
23 76
24 76
18 28
38 83
19 72
15 62
51 89
43 72
27 52
35 38
28 51
7 86
60 72
29 72
68 73
16 77
62 63
71 74
39 40
28 31
39 76
53 79
82 96
62 72
0 27
0 26
48 61
0 24
53 92
8 55
13 46
90 92
0 72
6 49
27 53
15 38
9 78
21 89
48 69
11 55
5 59
25 67
36 76
2 90
41 59
6 73
15 63
21 48
28 67
16 62
4 13
7 18
27 88
37 57
53 83
61 66
43 74
64 88
21 51
22 71
59 76
57 75
11 56
81 97
6 76
76 88
42 72
76 97
59 84
35 63
75 98
76 91
44 89
49 68
53 76
33 79
17 24
6 17
47 59
61 89
17 91
45 85
32 89
1 99
17 31
18 30
3 89
36 54
12 45
24 65
39 48
25 61
13 33
2 92
51 61
17 96
50 63
68 76
21 66
19 37
20 43
24 61
22 64
20 84
17 68
37 86
38 39
45 78
82 85
72 77
43 48
69 76
39 91
29 37
58 61
16 38
2 34
57 72
21 36
34 72
17 19
47 55
64 82
50 59
26 49
17 36
18 94
9 75
92 96
17 75
0 82
21 25
31 89
5 55
10 18
13 30
53 71
48 74
21 58
0 25
4 80
9 23
3 11
22 51
41 85
9 19
21 24
78 83
76 80
31 77
55 65
48 56
1 16
5 74
51 85
17 29
46 57
85 98
25 50
74 79
38 72
55 59
23 37
3 55
23 78
40 48
40 55
2 88
9 29
52 96
48 96
78 91
77 84
34 92
12 76
36 61
10 95
38 89
23 74
8 93
41 83
21 84
20 56
59 63
22 46
53 82
62 96
2 11
73 78
55 88
63 81
54 77
24 43
22 68
77 78
77 96
53 70
17 80
69 91
58 81
27 41
1 13
13 85
5 72
30 67
0 66
6 22
41 58
61 84
76 92
20 72
37 87
65 93
1 32
0 74
59 97
23 96
17 87
38 69
1 44
47 74
62 83
11 24
2 42
25 72
20 40
3 13
31 76
55 92
39 74
48 84
55 67
42 92
2 59
65 66
13 31
27 70
40 88
31 97
65 92
11 62
61 65
79 96
43 59
28 92
3 30
79 90
18 89
11 50
11 76
56 72
25 52
20 33
12 73
12 37
21 28
33 59
28 46
54 95
23 38
31 86
28 38
60 92
47 72
49 85
1 91
30 90
19 76
69 74
11 66
13 72
10 99
14 64
13 20
9 87
57 74
88 89
17 97
64 78
20 41
68 86
21 65
1 15
60 93
8 24
71 86
1 92
36 84
6 86
53 77
56 74
3 21
6 81
45 68
27 92
1 10
46 97
54 80
58 77
3 28
29 76
3 81
46 89
72 92
28 61
54 79
17 39
2 84
2 60
77 86
27 96
3 61
31 99
10 75
26 57
27 81
4 77
87 96
81 84
4 88
51 64
41 61
13 96
21 54
64 65
8 92
97 99
66 73
74 82
17 53
24 59
21 80
2 33
66 86
1 35
90 97
12 62
38 66
14 62
75 91
5 81
1 50
6 45
22 66
71 98
53 62
16 39
11 84
54 59
68 81
43 79
33 48
74 87
76 87
3 25
62 66
14 94
21 94
14 71
17 71
30 77
22 62
54 61
70 96
59 66
33 77
19 96
43 66
61 83
42 93
76 89
0 11
10 86
19 74
29 96
64 92
62 67
21 41
4 10
39 51
5 88
0 6
20 77
61 80
29 74
21 33
35 78
26 43
17 98
21 83
13 53
47 81
56 59
7 21
18 46
61 94
19 78
4 16
38 96
17 59
51 58
15 39
56 79
88 90
10 12
38 88
6 61
12 85
25 69
8 61
17 88
71 76
21 91
0 68
57 77
31 44
33 36
26 52
35 75
17 69
35 39
81 83
33 61
34 61
26 73
16 69
78 80
7 63
41 88
89 90
7 14
57 94
10 44
10 81
47 88
60 61
43 81
12 58
15 78
24 60
75 76
31 32
13 78
42 61
63 94
13 79
36 67
17 35
29 78
8 66
52 72
10 32
7 61
4 91
24 56
6 21
20 54
35 76
36 92
24 52
10 54
25 39
26 70
61 68
59 85
8 21
39 94
10 92
61 91
15 75
7 99
38 59
1 77
49 58
34 93
21 34
14 68
17 73
15 17
7 39
41 48
49 76
15 76
21 60
3 77
2 8
36 78
24 62
70 82
38 92
6 14
63 79
64 73
38 63
81 89
21 42
7 30
15 69
52 82
24 73
27 74
51 69
24 38
44 97
62 75
63 99
21 68
32 97
57 96
48 90
7 57
35 69
49 82
40 97
11 85
51 63
23 53
28 76
11 63
25 70
4 99
9 83
48 72
20 90
6 38
20 63
12 23
37 78
24 42
57 61
49 55
24 86
80 84
27 50
46 85
11 33
33 81
41 87
21 57
30 94
26 65
5 24
4 15
22 24
31 95
12 91
67 74
94 99
73 82
63 76
54 81
8 64
38 68
7 95
22 94
49 77
16 76
49 83
40 59
19 38
78 87
9 58
28 88
11 97
17 89
39 64
49 93
17 92
17 45
16 17
23 41
23 62
6 65
69 94
4 35
13 58
82 93
72 79
24 70
77 79
72 86
7 69
16 78
2 65
20 64
49 71
4 21
55 90
60 66
51 81
66 77
29 38
11 17
7 44
13 86
24 34
24 47
48 54
43 82
28 90
37 83
45 75
39 53
14 66
21 46
10 88
55 56
18 51
13 49
10 84
10 67
6 62
12 83
77 83
54 91
53 87
7 32
14 31
94 95
33 95
50 97
38 53
52 74
49 67
30 40
68 98
45 66
30 92
65 68
18 97
7 22
29 41
70 72
84 95
6 43
16 75
4 61
53 69
43 88
19 41
39 96
26 56
21 86
56 66
13 48
16 54
64 69
85 88
56 81
59 89
85 94
11 52
41 79
61 86
39 49
50 81
46 61
62 68
2 47
24 88
60 64
11 54
49 69
33 80
6 98
2 5
52 66
75 80
38 98
74 86
4 32
36 81
38 87
4 44
57 82
40 89
26 93
44 63
66 88
19 53
27 67
0 20
32 63
44 94
34 67
29 53
42 66
2 69
43 68
10 64
69 96
17 28
43 55
6 11
36 88
30 31
49 62
2 54
24 77
32 94
12 35
37 75
10 85
0 59
37 58
51 83
11 38
67 80
13 57
62 84
5 66
21 78
42 64
1 88
80 92
54 62
0 48
45 64
7 85
39 72
20 97
39 95
43 64
86 91
76 98
8 26
27 72
61 78
4 59
12 19
11 40
11 68
53 67
30 62
12 15
34 66
25 64
69 95
0 64
28 81
73 76
55 84
46 58
53 93
26 81
25 40
4 79
34 64
42 67
26 76
5 92
48 77
22 72
26 45
79 97
15 54
10 57
59 90
48 63
67 76
25 84
17 49
10 33
6 59
21 50
41 76
12 29
47 66
57 81
2 39
69 72
0 81
66 70
20 62
0 71
50 61
6 8
56 88
9 85
73 75
1 18
17 26
55 81
46 64
35 54
58 59
64 94
24 45
51 74
33 55
36 75
47 92
14 24
17 63
60 67
64 98
53 57
30 51
13 66
34 50
21 35
22 26
15 21
27 61
11 58
38 71
56 82
24 25
46 98
16 21
31 63
4 62
27 93
59 68
74 97
6 52
70 74
84 91
13 95
8 68
23 61
65 67
12 80
38 73
48 52
10 59
31 57
20 52
3 36
50 89
12 77
75 85
22 31
1 21
67 96
13 25
45 76
21 27
21 23
5 61
5 26
65 82
13 50
52 68
28 40
19 62
7 64
2 81
41 92
71 81
35 61
4 81
37 71
2 49
15 61
51 98
20 76
45 82
66 98
16 61
39 46
4 20
13 83
93 96
14 77
80 81
26 60
12 87
10 14
6 56
8 67
38 45
6 77
3 27
13 24
12 16
29 62
20 24
22 77
58 94
23 51
16 84
1 61
11 70
10 74
25 33
23 81
5 64
5 21
66 78
33 62
28 59
26 47
54 99
91 92
13 90
42 50
58 75
47 61
81 94
46 63
55 69
21 30
6 70
25 77
6 78
12 64
68 78
6 60
85 92
80 88
1 62
25 66
9 17
22 74
56 68
64 79
43 61
46 99
61 71
68 77
48 64
12 36
24 93
9 71
64 97
38 67
80 86
65 85
62 87
68 70
26 61
0 79
33 91
86 96
67 91
36 86
13 40
72 73
7 81
18 63
14 72
11 26
21 47
21 31
17 41
51 92
31 39
20 66
47 64
36 59
75 77
30 61
21 71
26 86
81 86
11 90
7 58
37 85
71 78
52 59
81 91
60 68
56 64
53 55
30 50
26 42
39 85
58 88
11 89
21 43
46 69
34 69
51 88
51 99
11 83
35 86
59 83
62 71
21 26
50 60
16 33
1 7
51 72
30 88
23 77
39 55
51 95
62 79
74 78
48 97
5 6
40 81
15 84
77 95
38 49
31 61
6 42
10 58
23 49
46 83
34 39
3 62
10 22
8 82
72 78
3 34
65 69
30 46
43 92
4 48
1 94
15 86
21 40
63 74
4 11
35 84
39 65
24 92
23 75
67 72
44 46
66 92
42 69
5 68
32 54
40 61
44 54
24 98
6 88
46 95
42 68
6 47
32 46
78 97
31 69
26 34
69 85
28 50
39 42
64 67
60 69
6 34
12 13
9 46
19 61
22 82
25 90
3 80
52 79
88 91
0 88
43 71
17 67
24 78
30 38
49 87
50 77
2 4
72 93
5 82
14 74
48 70
39 60
3 10
75 83
14 26
21 90
1 59
20 70
47 68
65 71
15 33
22 61
29 61
21 22
19 21
68 88
20 89
52 81
3 42
26 59
4 7
54 55
25 54
44 51
61 87
6 13
51 59
58 65
27 69
41 57
36 64
41 62
8 50
66 93
8 69
61 90
79 89
25 93
16 67
78 81
34 68
46 81
65 77
19 81
56 61
2 56
32 51
21 29
41 77
9 38
33 35
92 94
26 98
4 94
23 46
81 87
47 82
22 96
48 62
21 87
8 39
76 79
65 76
27 40
81 90
10 11
19 49
13 14
29 81
13 65
3 49
29 49
50 65
51 66
8 85
56 92
16 86
2 63
13 68
7 92
13 99
55 61
57 91
2 61
4 18
27 39
62 98
52 64
13 75
76 84
14 21
13 22
0 83
31 85
65 83
19 51
14 61
24 48
14 91
2 43
1 81
3 60
2 21
90 95
77 90
78 89
67 95
16 92
60 82
83 94
21 55
21 56
3 74
49 50
52 71
25 63
28 78
1 79
74 94
0 85
83 88
85 97
85 91
59 80
36 85
6 93
15 67
39 99
7 54
40 77
20 85
29 51
17 20
45 51
45 72
54 76
76 82
88 94
64 91
1 51
74 84
26 38
10 72
24 27
81 82
9 51
68 93
3 95
38 54
59 70
54 94
0 61
37 68
35 67
53 86
51 96
94 98
15 92
18 75
9 68
17 82
74 89
51 73
45 46
0 58
25 62
38 84
35 92
25 76
36 90
36 74
11 28
13 18
70 71
48 76
19 75
7 88
69 99
1 31
11 71
55 96
24 79
13 41
43 85
7 74
7 83
9 76
84 99
48 66
62 95
33 99
64 80
72 97
2 53
60 85
6 9
51 67
13 23
4 51
96 97
3 65
62 73
20 38
6 37
26 62
5 67
58 92
13 34
73 74
55 74
63 64
19 77
42 82
0 21
29 75
52 55
17 37
3 8
11 36
51 54
7 98
77 99
53 97
49 57
34 77
51 87
4 38
6 25
46 74
8 77
8 71
64 89
13 42
38 41
1 20
80 85
6 51
64 75
0 55
13 60
46 73
8 13
47 67
18 77
62 65
29 77
82 98
60 77
27 64
10 83
24 51
30 76
82 86
42 77
71 77
36 57
13 44
3 53
66 79
30 81
42 85
51 68
8 58
59 71
13 32
56 71
64 70
74 93
14 96
18 62
59 91
18 38
8 76
67 94
39 58
73 96
70 81
70 79
22 91
77 87
43 83
27 84
57 80
25 68
78 96
7 67
45 62
6 20
4 76
35 81
27 66
52 88
1 38
25 97
15 81
43 58
39 66
16 81
3 91
10 96
49 84
31 64
7 84
23 94
34 85
86 97
39 44
30 59
41 55
22 81
34 82
33 76
25 85
84 94
20 28
12 21
32 39
12 71
11 51
48 89
72 98
57 59
39 78
14 82
8 83
11 82
59 94
28 79
34 40
51 84
31 58
12 61
75 87
34 84
32 33
24 39
33 44
16 88
19 46
60 76
32 84
25 26
44 84
12 68
44 69
0 87
20 68
6 12
5 50
14 35
32 69
9 64
14 80
3 76
49 97
1 11
51 53
53 63
33 74
6 92
66 69
54 74
47 50
17 65
74 80
61 82
72 94
7 59
33 38
4 31
58 69
15 88
22 53
42 76
35 88
31 98
63 96
26 88
7 23
29 46
12 66
14 36
34 76
50 74
71 93
58 60
36 40
60 71
74 91
44 77
50 53
28 74
53 84
14 15
80 90
62 99
24 69
11 23
23 59
49 63
3 96
27 33
3 16
32 77
46 72
17 84
39 41
1 48
2 74
35 57
11 57
14 81
21 82
68 92
42 84
1 76
46 92
17 30
5 85
28 64
17 79
9 66
38 95
57 88
69 78
40 42
7 72
8 62
17 54
10 53
41 69
5 71
55 63
0 92
18 54
11 93
58 91
63 72
26 77
31 81
0 23
15 57
0 29
1 46
20 58
45 74
38 79
83 92
60 83
7 33
56 85
18 78
10 20
2 96
46 88
28 75
42 58
27 90
55 70
0 19
18 39
39 86
33 94
85 89
11 80
36 58
60 62
9 94
4 25
4 55
46 87
60 84
51 71
42 71
34 62
37 38
37 66
40 95
92 95
5 69
13 19
33 34
79 85
47 85
33 49
42 62
1 2
41 67
47 71
2 13
84 96
86 89
10 66
59 82
58 97
48 85
13 71
3 38
20 36
33 51
3 15
5 39
46 66
35 85
75 97
17 25
34 58
22 80
40 60
67 85
13 29
13 27
31 54
75 89
65 84
52 61
36 50
22 36
21 75
20 26
10 23
17 48
2 97
18 69
57 97
59 86
47 69
42 83
7 9
39 57
3 35
10 90
15 85
14 16
38 99
26 78
35 64
37 76
37 64
37 46
36 72
22 35
52 83
4 17
56 83
50 62
45 96
53 78
70 88
43 67
13 87
12 97
23 65
61 75
28 86
39 47
71 88
44 62
45 94
4 46
74 98
34 71
63 85
58 80
56 58
15 64
55 72
39 83
66 94
16 57
12 18
14 53
32 62
33 42
25 58
8 84
8 17
69 86
86 88
21 52
52 85
3 5
5 58
12 72
12 24
26 37
11 87
38 48
27 77
53 73
30 79
6 48
63 78
19 94
28 48
94 96
50 96
41 86
36 79
34 83
12 74
15 22
9 31
10 79
65 87
33 53
49 54
46 59
12 28
73 94
38 65
11 19
64 84
11 91
72 89
3 47
5 83
9 62
21 95
23 88
38 82
9 24
17 33
11 29
31 83
59 87
52 58
43 76
3 72
41 73
11 94
31 92
89 96
19 59
28 85
6 46
16 85
12 89
40 80
20 83
7 45
16 64
13 55
29 94
16 59
26 27
10 24
33 60
25 38
46 54
57 69
77 98
7 66
29 59
46 68
47 58
43 87
6 27
48 68
40 49
17 60
20 30
48 93
8 40
11 30
49 86
15 59
78 88
37 51
36 96
1 17
7 96
35 59
69 83
62 90
72 84
24 37
70 83
37 82
53 54
6 79
53 89
20 93
27 54
56 67
6 39
57 92
13 26
40 65
7 11
22 41
7 19
9 26
47 83
61 95
29 65
19 65
46 96
4 74
7 73
5 77
59 78
11 86
2 77
24 46
3 64
34 90
23 43
3 17
17 42
5 13
38 44
40 62
33 65
34 54
62 82
5 76
46 67
52 92
27 68
17 34
24 67
66 67
33 96
10 98
25 83
10 40
25 89
67 99
32 38
90 91
7 29
73 77
2 41
39 68
25 82
16 90
10 49
87 94
68 79
31 84
72 91
34 63
61 73
96 98
64 93
72 80
70 85
24 94
16 22
31 88
6 94
6 69
17 18
8 33
6 10
47 77
29 43
49 51
54 96
21 73
43 69
78 92
86 92
58 70
13 47
19 43
31 74
39 43
0 76
83 91
43 77
12 81
36 53
0 2
54 64
68 94
66 97
47 76
10 50
23 31
61 70
20 80
18 76
2 52
10 68
8 23
18 84
59 93
3 51
76 95
53 94
31 67
46 84
42 54
50 80
52 87
26 48
55 77
63 65
42 90
68 69
57 89
36 83
42 63
49 89
26 92
7 87
35 74
90 99
7 24
13 43
3 7
48 58
40 74
35 58
3 94
46 71
58 79
3 99
8 38
10 48
6 7
8 87
15 74
83 97
45 77
25 71
9 82
18 33
27 63
55 97
2 72
21 70
65 97
33 64
43 50
10 19
60 63
36 48
28 72
20 51
7 68
54 60
71 75
31 45
58 89
2 89
7 53
68 75
15 58
6 75
24 97
70 87
34 97
61 98
15 90
16 74
88 95
21 98
66 75
80 96
50 56
79 80
19 88
82 88
31 33
54 65
45 53
28 96
38 60
87 88
60 90
14 97
10 29
44 67
30 48
81 93
56 76
33 72
54 72
5 62
50 72
32 67
43 62
27 76
11 46
91 96
63 86
29 88
80 83
73 81
35 90
75 99
17 43
17 95
11 78
28 57
20 71
40 53
22 49
8 63
8 29
29 52
46 53
50 95
8 19
58 67
38 42
56 69
23 52
42 97
45 61
34 38
27 85
26 79
27 62
19 52
56 87
50 76
21 45
39 56
28 53
57 65
23 60
79 93
14 41
49 90
60 97
8 54
1 25
31 73
13 98
78 82
32 90
40 91
41 45
44 90
71 92
23 92
31 59
47 62
16 58
10 87
22 97
12 96
33 46
58 63
27 82
20 91
74 75
30 78
77 82
22 59
29 70
1 55
23 56
8 97
20 82
76 99
3 32
3 44
60 87
26 51
53 80
9 72
5 40
12 39
44 75
0 17
56 77
5 84
70 92
19 70
11 16
36 66
48 83
74 90
83 93
31 72
71 94
23 70
1 74
40 47
36 49
72 75
16 40
4 49
25 28
28 58
5 17
32 75
11 15
11 35
3 43
65 90
8 90
21 99
79 83
23 42
13 73
37 94
29 56
78 99
47 84
4 64
91 98
17 99
23 91
13 56
53 91
75 81
23 39
19 56
37 62
4 53
92 99
49 78
2 70
27 97
39 75
12 26
10 73
29 60
19 60
0 77
53 98
10 45
55 64
19 31
14 39
5 23
51 79
5 87
24 75
22 88
55 93
14 89
42 87
61 99
10 25
22 39
17 47
28 49
87 93
40 96
7 71
11 22
23 34
79 91
14 59
57 63
66 91
50 64
50 91
3 56
7 37
3 41
4 96
30 74
84 85
18 21
63 66
14 49
10 71
12 69
0 62
29 31
45 81
6 97
20 94
0 67
14 28
41 51
48 80
37 72
23 36
2 28
24 36
9 10
81 98
41 78
49 73
81 95
6 67
78 95
15 40
58 93
23 69
47 87
23 47
4 27
13 45
0 57
56 62
2 30
44 76
40 76
53 90
41 50
35 83
66 80
44 78
34 87
76 90
19 42
29 42
7 20
20 57
5 33
0 13
20 23
14 88
41 97
4 34
38 50
27 58
5 29
32 76
35 72
85 93
68 97
49 94
63 75
18 61
5 19
35 40
24 63
18 86
8 57
17 56
75 95
32 78
25 36
69 75
31 66
15 72
15 83
22 89
83 89
66 89
14 69
17 44
33 47
67 83
67 68
31 37
22 69
23 80
21 44
55 89
9 77
2 62
13 82
12 63
17 32
21 32
40 99
29 93
38 43
18 67
88 93
4 72
52 76
31 87
16 50
48 71
44 92
54 85
7 49
19 92
29 47
19 34
11 14
39 71
29 34
48 82
0 39
23 25
67 78
32 92
19 47
16 72
0 69
30 64
24 55
19 93
24 91
9 74
23 97
26 39
87 92
49 80
4 42
17 27
2 64
29 92
27 71
48 51
22 28
31 96
38 90
41 98
43 57
3 85
44 61
12 53
27 83
30 75
59 95
55 62
32 61
6 36
12 99
5 38
11 31
1 64
35 98
24 89
24 80
23 93
63 83
16 83
57 60
22 92
3 46
41 84
16 20
3 31
80 98
71 79
17 50
4 60
41 63
38 40
65 89
26 69
90 96
79 94
69 71
10 41
34 89
36 68
4 65
57 67
82 92
46 49
6 91
35 96
15 50
48 91
67 86
49 91
15 98
6 31
19 39
36 98
33 85
7 79
15 96
38 47
15 20
19 91
28 83
20 87
14 92
55 66
20 35
40 72
32 40
31 68
0 38
35 50
40 44
25 87
24 31
42 57
68 91
52 67
5 63
7 90
29 39
10 65
5 90
5 54
42 89
79 82
75 96
19 20
9 91
43 84
16 96
12 44
90 94
25 51
16 79
39 87
25 30
29 91
25 57
20 29
61 93
4 8
47 90
88 99
12 88
18 92
23 35
60 89
65 86
28 66
26 46
12 32
34 57
20 86
27 38
19 25
47 54
6 80
47 63
1 53
25 29
55 76
3 24
1 78
12 82
1 49
9 96
45 49
51 90
70 76
3 66
66 84
12 59
19 69
2 76
54 78
37 74
45 91
15 23
4 85
8 89
15 79
19 36
20 46
4 78
3 18
24 84
25 80
68 80
21 93
5 97
1 96
30 86
31 53
51 65
35 79
12 30
17 52
29 69
73 91
40 64
35 53
52 77
87 91
51 82
38 56
69 87
15 53
40 43
28 55
12 92
12 95
6 63
29 36
16 98
9 61
9 21
56 84
27 89
10 26
30 85
17 90
0 50
9 13
14 63
78 84
24 28
17 40
47 97
16 53
57 79
33 41
48 94
35 66
58 84
26 94
19 80
6 89
40 56
23 48
50 51
1 72
5 57
63 68
10 34
15 66
72 90
7 48
56 57
23 79
52 69
52 62
13 52
59 73
39 52
7 40
8 10
31 71
2 24
48 57
16 23
19 97
36 87
29 80
33 43
40 51
40 94
37 96
10 60
22 63
14 18
10 42
68 89
20 78
81 99
23 89
18 90
44 88
11 73
9 35
30 96
32 88
2 36
64 90
29 97
28 65
26 75
7 26
30 55
30 53
36 65
41 54
41 94
30 72
50 94
47 57
26 67
7 50
75 88
28 34
71 97
16 66
49 98
0 73
50 99
37 77
25 91
41 89
52 57
50 52
0 3
22 65
1 85
80 87
1 27
54 58
54 66
1 34
9 15
87 97
8 86
11 95
75 92
16 48
11 12
2 66
79 95
43 63
67 70
53 75
10 37
3 58
17 70
41 46
33 56
33 66
92 93
46 79
24 35
43 97
24 54
28 42
8 51
71 91
7 41
9 80
36 71
24 50
24 33
30 49
59 75
36 73
2 93
45 80
36 41
15 24
18 88
28 60
86 99
15 48
23 67
73 80
36 45
20 95
48 87
25 94
34 36
18 81
33 78
35 48
54 86
51 60
19 35
84 86
50 85
1 42
50 66
40 41
35 45
23 28
70 77
6 28
2 10
34 51
8 28
23 63
19 48
25 86
86 95
42 51
79 86
67 71
9 36
73 88
6 35
60 86
43 54
7 25
29 48
36 42
79 87
33 58
0 86
15 19
20 31
44 81
36 60
9 53
29 35
16 24
35 49
57 70
23 27
8 36
32 81
12 49
15 45
15 49
1 65
6 55
28 68
19 79
35 73
1 60
6 15
55 85
35 68
18 57
26 97
32 50
16 49
39 82
44 50
62 70
45 59
9 81
4 86
59 99
29 79
31 90
27 28
71 80
0 22
12 41
65 78
15 29
2 38
9 16
65 73
42 86
17 55
15 68
30 57
57 84
43 86
13 70
59 98
56 63
83 84
38 52
15 73
48 86
37 61
2 17
1 86
18 22
3 52
21 37
4 5
69 70
44 86
55 68
39 70
11 45
1 75
97 98
31 49
34 86
38 55
20 22
69 82
27 87
6 84
35 87
43 90
46 48
4 58
14 65
65 80
32 86
1 8
54 57
3 6
56 97
65 94
6 16
54 56
78 79
4 47
46 82
2 80
16 19
36 55
8 22
26 55
15 87
10 27
28 41
30 58
16 68
46 90
37 53
19 89
41 80
11 98
68 84
56 90
3 78
7 65
19 27
50 70
27 29
16 29
5 89
43 73
3 68
22 67
16 45
31 79
11 75
41 91
13 37
88 98
4 66
64 95
33 86
29 89
74 95
3 83
12 67
2 85
22 43
10 55
18 40
37 91
14 67
9 41
54 83
48 95
45 88
0 84
4 75
16 73
76 93
65 91
44 59
0 45
39 98
34 80
14 20
1 12
47 89
32 59
37 41
75 82
19 67
4 24
27 36
16 25
25 78
18 85
48 78
87 89
4 57
25 46
39 73
4 41
22 60
71 89
16 87
29 67
67 87
41 90
82 94
26 36
31 40
42 80
10 82
60 80
15 25
73 97
63 71
8 80
25 35
14 30
67 75
8 78
38 70
18 59
54 75
5 86
5 10
33 57
8 73
6 54
27 57
89 98
1 58
73 92
4 12
19 28
19 63
46 65
18 64
30 34
33 83
3 86
40 46
40 85
8 94
3 57
46 50
37 81
22 42
35 71
12 54
0 14
6 33
29 63
2 6
85 95
28 29
69 98
55 58
26 91
52 73
7 82
8 14
28 98
0 97
1 57
22 25
60 94
54 68
56 86
45 97
34 94
69 73
10 47
26 63
15 71
43 51
50 58
47 86
31 50
45 65
10 43
42 94
26 31
63 87
60 78
22 34
34 91
30 65
7 8
3 70
30 42
67 82
27 30
39 45
5 51
33 68
57 93
0 40
43 89
2 91
0 63
2 68
28 87
31 48
85 90
8 91
0 33
7 34
7 60
42 91
60 91
49 75
24 40
70 73
55 80
6 50
26 80
22 30
11 99
14 99
42 78
30 60
7 42
12 84
17 93
35 37
75 84
92 98
4 83
40 66
27 51
34 78
28 71
60 73
4 43
22 79
14 43
64 99
52 84
57 95
47 51
56 73
26 89
16 71
14 60
5 28
30 66
1 66
15 37
50 68
2 95
8 30
30 83
37 80
22 56
45 92
57 99
5 22
52 86
45 69
22 48
55 83
41 75
14 95
5 36
43 45
27 80
85 99
14 25
8 46
31 41
28 47
2 26
55 82
0 51
79 99
14 42
42 73
18 50
22 52
1 24
2 58
40 52
36 37
14 44
20 99
43 78
18 58
73 89
1 5
23 84
24 30
22 47
0 78
0 54
3 26
74 99
46 60
14 79
18 74
14 32
36 47
9 49
14 34
4 56
5 73
82 97
14 54
12 20
0 98
4 6
56 89
9 97
34 46
77 93
65 98
14 84
67 93
42 46
1 47
34 73
11 44
45 89
2 51
24 90
10 56
2 16
8 45
33 75
11 32
62 93
66 90
22 84
25 31
50 83
26 84
12 33
20 73
51 56
22 54
35 41
44 64
1 83
73 93
44 57
33 52
14 48
1 41
4 68
16 37
15 41
47 73
22 99
32 64
36 43
28 73
70 86
4 14
35 65
16 65
15 65
0 10
32 57
72 95
55 91
55 71
11 18
22 70
1 14
23 54
26 28
16 41
44 85
28 45
28 43
13 93
27 91
71 84
27 86
2 15
25 95
45 52
22 95
32 85
95 96
63 98
3 23
52 97
37 49
44 79
58 95
5 78
52 63
32 79
40 58
2 35
4 22
5 14
51 55
20 44
18 98
25 73
9 59
3 71
20 32
2 83
14 56
44 74
0 90
70 84
53 95
45 60
39 93
69 93
9 89
32 74
26 35
5 80
45 70
16 34
27 94
2 94
26 50
1 22
22 44
12 65
9 28
47 78
15 34
34 35
31 65
2 7
15 26
14 47
5 94
23 33
9 39
45 56
43 94
22 32
36 82
16 42
58 90
14 33
7 27
43 98
16 60
6 30
14 52
52 54
38 93
8 16
0 89
15 42
35 42
48 99
35 60
30 41
20 75
8 35
15 60
47 80
8 15
40 70
8 98
56 78
22 33
9 11
9 88
42 45
63 73
50 93
26 54
5 7
31 82
26 33
1 6
19 84
7 43
58 99
50 78
47 94
82 91
36 56
3 12
30 68
6 40
20 45
54 71
12 79
50 57
16 26
23 30
28 56
18 83
4 23
29 84
49 95
5 91
43 80
78 90
1 43
84 87
5 45
63 82
34 45
1 68
18 20
3 22
52 90
3 75
9 18
16 55
9 69
7 47
3 14
33 71
33 70
20 98
40 68
50 86
18 72
43 46
45 63
55 95
80 82
55 94
2 82
5 30
47 91
14 70
18 79
60 98
45 47
7 55
40 78
2 71
43 91
70 97
19 54
5 46
3 19
51 52
0 36
40 83
15 55
45 93
8 31
27 78
0 4
72 99
12 25
63 70
30 47
0 94
12 48
48 73
44 48
67 73
22 93
73 79
82 89
37 59
22 27
35 55
25 45
32 48
3 87
3 29
29 54
8 12
31 34
44 58
31 60
54 87
23 55
1 56
31 42
6 90
32 58
27 46
42 98
52 78
16 27
50 71
46 47
56 94
83 95
9 92
86 93
1 23
3 93
52 98
0 7
67 98
37 97
10 52
3 82
11 37
0 46
96 99
15 27
18 96
18 23
19 33
27 35
75 79
83 90
86 90
34 98
68 90
0 28
56 98
12 60
55 57
54 70
56 80
7 56
29 33
40 86
33 87
25 98
23 50
40 57
4 71
37 88
82 84
12 42
65 75
70 98
5 98
53 99
57 90
4 26
44 72
45 67
52 89
12 34
2 46
2 99
55 87
32 72
66 95
4 19
14 27
19 30
83 99
46 56
51 70
70 90
56 91
37 39
0 80
18 53
9 63
70 78
28 82
0 12
47 98
4 29
2 57
19 55
18 48
30 43
18 45
29 30
0 37
29 55
48 75
12 43
45 79
45 48
50 82
4 87
30 98
44 96
4 52
0 9
2 23
37 89
0 91
32 96
26 40
25 99
35 82
27 73
18 66
9 65
30 87
79 98
25 75
30 71
24 95
5 16
15 82
14 93
28 37
5 35
5 15
46 55
10 70
48 98
18 73
37 69
34 95
44 53
2 31
2 32
2 44
