100 4825 985.1537951000341 dense
0 132 627
1 244 431
2 15 21
3 696 330
4 59 432
5 894 81
6 411 885
7 464 331
8 857 109
9 743 996
10 798 647
11 692 696
12 487 247
13 656 151
14 862 353
15 164 534
16 642 270
17 500 336
18 499 5
19 161 182
20 541 16
21 417 601
22 288 93
23 390 876
24 42 283
25 571 243
26 923 101
27 512 882
28 93 245
29 759 672
30 260 861
31 408 7
32 496 281
33 797 554
34 885 469
35 941 783
36 80 638
37 153 651
38 226 356
39 423 440
40 686 286
41 278 213
42 846 851
43 798 865
44 915 319
45 912 725
46 749 834
47 301 709
48 269 594
49 354 101
50 366 835
51 589 740
52 7 791
53 269 355
54 810 92
55 978 63
56 305 951
57 354 113
58 768 184
59 41 714
60 632 626
61 173 591
62 2 98
63 722 533
64 927 156
65 720 971
66 610 808
67 932 386
68 516 393
69 808 514
70 774 707
71 731 904
72 509 118
73 180 642
74 794 651
75 663 412
76 465 87
77 650 784
78 924 671
79 217 448
80 645 833
81 218 27
82 814 44
83 956 693
84 639 686
85 751 67
86 811 197
87 381 398
88 135 659
89 745 737
90 338 239
91 701 706
92 605 810
93 495 819
94 35 655
95 956 1000
96 767 965
97 587 30
98 449 859
99 843 847
42 99
66 92
10 74
49 57
11 91
37 88
6 23
37 73
0 37
1 79
0 88
9 65
12 32
5 26
7 17
29 70
78 83
9 96
29 74
33 69
70 89
38 53
66 80
18 20
58 86
3 40
6 98
80 92
10 29
5 8
66 77
16 40
65 96
23 50
20 97
73 88
36 94
54 82
43 99
77 80
8 54
42 43
0 73
61 73
77 92
0 36
72 76
89 91
11 84
45 83
0 61
17 32
26 64
45 78
15 61
43 46
36 88
17 68
59 94
7 32
39 87
70 74
60 84
93 98
23 98
14 44
37 61
24 28
54 85
10 70
35 45
84 91
27 93
41 90
8 26
22 49
29 89
26 55
11 89
82 85
27 98
29 91
6 50
65 71
22 57
44 67
71 96
11 29
51 66
51 92
46 71
70 91
51 84
36 37
51 77
16 25
1 38
14 67
43 71
33 63
61 88
8 82
2 62
1 53
3 16
7 68
5 64
11 70
25 32
12 25
52 59
8 64
5 54
36 59
5 55
50 98
7 12
63 69
5 82
3 75
18 76
34 69
12 17
18 31
35 83
18 97
11 60
38 79
19 28
9 71
10 33
77 91
46 99
34 67
48 61
22 81
33 74
46 89
11 77
31 76
0 15
42 46
77 84
74 89
8 86
36 73
88 94
30 56
0 94
15 79
6 27
48 73
54 58
20 76
46 80
36 61
39 68
10 89
43 96
54 86
60 91
77 89
55 64
53 79
7 87
6 93
20 72
74 91
31 49
51 80
59 88
30 50
15 73
92 93
46 77
11 74
71 80
49 76
11 51
35 78
26 54
23 56
18 72
10 91
32 68
57 76
8 85
66 93
8 58
7 39
13 58
10 11
35 42
17 25
51 91
35 99
15 37
72 97
27 92
84 89
37 94
58 85
14 34
31 57
47 48
23 93
13 16
53 87
22 41
29 84
15 48
19 41
51 60
23 27
33 34
25 40
51 93
27 66
26 82
64 86
29 33
6 56
13 25
66 84
41 57
71 99
0 59
42 71
13 85
57 90
40 75
10 78
15 88
37 59
84 92
37 48
17 39
60 63
46 70
8 55
50 93
1 15
23 30
12 72
40 58
50 56
74 78
43 65
46 96
20 31
54 64
10 69
15 36
17 87
63 75
76 97
53 90
29 60
68 87
41 49
70 84
66 91
46 91
10 63
69 74
10 45
63 74
13 40
47 73
7 25
43 89
80 89
42 96
80 91
11 66
52 94
49 90
45 70
45 74
13 97
25 72
46 65
45 99
96 99
0 48
1 87
46 66
91 92
27 80
47 50
9 43
42 45
41 53
5 86
85 86
11 92
16 75
5 85
29 63
71 77
11 80
73 94
70 77
46 92
4 15
16 32
80 84
89 99
58 82
26 86
22 31
21 48
68 75
12 68
48 88
12 90
11 46
61 79
4 24
31 72
80 93
13 72
61 94
38 41
3 25
42 89
66 89
16 58
6 30
34 44
82 86
27 50
40 86
70 78
22 90
66 71
33 70
49 81
48 79
19 22
57 72
49 72
7 90
51 89
70 99
19 24
29 77
43 80
59 73
16 17
12 16
65 80
71 92
30 47
89 92
60 89
21 47
4 79
74 84
77 93
37 47
60 77
64 82
25 68
43 70
44 86
38 87
57 81
42 70
21 39
58 64
12 76
27 51
13 86
29 45
38 90
9 46
29 46
5 58
3 58
44 64
60 70
32 90
92 98
32 72
10 84
60 74
32 87
14 86
10 83
87 90
35 43
1 48
13 54
29 78
55 82
19 81
29 69
11 63
10 60
74 83
45 89
3 14
71 89
85 97
43 77
66 98
27 77
36 52
14 69
54 55
56 98
79 87
33 78
28 62
28 38
47 88
18 49
42 65
63 84
47 61
63 91
65 99
32 39
1 61
34 63
26 85
26 58
3 86
39 53
16 68
11 33
15 94
22 76
69 75
13 20
9 42
67 69
1 39
9 99
80 96
33 91
19 62
17 75
33 60
70 80
59 61
31 97
43 45
18 57
63 70
70 83
29 51
60 66
3 13
4 38
35 70
51 98
52 88
16 86
46 84
12 87
1 4
42 95
46 51
19 38
19 90
60 92
43 91
28 41
0 47
51 70
7 16
14 40
46 74
15 38
25 76
12 57
17 90
30 98
23 47
24 62
4 28
32 40
9 80
95 99
33 89
3 68
78 89
13 82
83 99
31 81
95 96
25 75
42 83
17 40
66 70
10 46
14 58
78 99
36 48
29 99
12 13
69 78
33 75
41 81
4 61
69 70
74 77
84 93
45 46
3 17
42 78
43 66
32 76
7 53
65 66
29 43
64 85
29 80
10 35
12 49
73 79
35 74
80 98
65 92
70 92
24 38
76 90
29 83
10 34
0 79
80 99
35 46
29 42
11 43
44 58
65 77
91 99
71 91
43 92
40 68
35 89
13 76
70 71
10 77
29 66
42 80
16 72
74 99
37 52
12 40
77 99
2 81
12 39
34 74
19 53
3 63
19 57
10 99
42 91
63 89
8 13
20 49
25 58
34 78
33 84
3 32
33 45
13 32
39 79
21 87
0 52
42 74
29 92
4 36
42 77
60 80
14 64
15 53
6 47
28 53
14 75
43 95
6 92
0 4
60 69
19 49
72 90
10 42
20 57
47 98
33 83
14 33
11 71
41 87
12 41
45 91
32 75
37 79
9 95
29 35
6 66
11 99
25 97
1 90
43 74
55 86
38 39
13 18
77 98
7 75
3 69
33 67
77 96
83 89
11 69
20 85
60 75
21 60
51 71
2 19
35 95
7 72
39 48
8 44
10 43
15 59
26 44
17 72
27 56
39 90
11 42
3 44
69 91
32 57
27 71
7 41
1 73
1 41
21 51
11 45
66 96
15 47
22 72
44 69
47 93
51 74
4 53
92 96
4 94
67 86
3 12
23 92
41 76
78 91
0 1
48 87
27 65
79 88
7 40
55 85
62 81
82 97
14 63
52 73
32 41
40 85
18 22
10 51
20 25
89 96
34 75
32 49
6 51
64 67
40 54
23 66
9 66
21 68
16 85
43 78
56 93
40 44
54 97
9 77
21 93
9 92
69 89
17 53
3 7
36 47
11 93
69 83
25 90
30 73
11 78
27 84
43 83
29 71
36 79
3 34
91 93
34 83
14 16
74 80
45 69
65 89
68 90
30 37
66 99
71 84
60 93
2 28
12 20
30 88
58 97
21 84
65 95
28 79
1 37
24 53
4 37
46 60
30 93
32 53
29 34
5 44
12 97
48 53
46 78
7 38
4 88
43 84
21 50
1 28
6 80
42 66
50 92
21 73
24 79
10 80
92 99
38 61
23 51
69 84
12 75
79 90
39 75
1 7
27 46
48 94
38 48
66 74
13 17
47 56
12 18
31 90
55 58
35 71
4 73
50 51
1 21
3 67
41 79
12 53
43 51
49 97
31 41
81 90
7 76
40 72
8 14
7 57
21 61
25 86
42 92
71 95
63 78
16 54
28 90
25 87
50 66
3 33
51 63
8 40
24 41
16 97
25 39
74 92
22 28
72 85
57 97
10 66
5 13
18 25
63 68
40 63
41 72
53 68
44 54
1 24
46 83
71 93
58 75
28 81
17 76
12 22
25 85
35 96
21 79
35 91
10 92
12 31
1 88
27 30
25 57
17 41
76 81
46 93
45 71
16 76
53 61
7 49
83 91
15 87
63 67
53 57
84 98
34 45
9 27
48 59
70 96
27 91
40 69
23 80
11 27
9 89
14 26
25 49
6 77
18 85
48 50
84 99
52 61
21 98
47 59
58 67
60 68
71 74
75 86
13 75
63 77
15 21
1 19
30 52
34 70
22 53
33 44
89 93
7 13
2 24
44 55
11 35
30 59
3 54
11 83
1 36
20 22
42 84
4 48
46 95
40 67
51 65
10 71
65 91
14 54
17 57
0 30
32 97
30 48
58 72
91 96
49 53
50 73
27 96
45 77
8 16
44 75
3 85
21 37
20 32
39 41
65 70
4 19
45 63
22 38
67 75
34 40
33 35
10 75
13 64
47 94
65 93
13 26
19 79
74 75
27 47
33 77
1 17
7 79
16 20
3 8
40 82
40 64
5 14
7 21
47 79
20 82
27 89
40 97
1 68
38 57
17 38
16 63
75 84
68 72
15 39
51 99
79 94
45 84
23 77
18 32
21 23
11 65
17 49
29 75
16 39
16 44
17 21
45 95
50 80
33 51
15 24
11 96
86 97
20 54
13 68
39 60
42 51
32 38
22 32
45 96
21 92
8 97
37 50
18 81
34 86
2 22
75 87
20 58
4 59
3 72
25 54
27 60
12 38
21 66
63 83
30 61
61 87
1 47
16 82
18 90
6 21
33 46
67 78
26 67
38 49
78 84
11 75
71 98
22 62
0 21
57 87
27 43
30 36
76 85
13 31
25 31
0 38
51 96
8 67
21 53
31 32
21 88
12 58
45 80
44 63
13 14
50 77
32 58
3 64
47 51
38 73
33 40
35 65
50 88
9 70
16 87
9 35
11 21
43 60
35 77
5 40
39 61
38 68
28 57
11 98
44 82
9 91
29 96
65 98
1 32
10 67
3 39
25 41
91 98
60 71
16 69
39 47
60 78
7 22
21 77
60 98
65 84
77 78
75 91
33 99
21 27
17 63
63 66
45 60
40 76
15 28
34 60
11 34
28 49
49 87
41 68
9 51
67 74
41 62
24 90
34 91
35 69
35 80
53 73
70 93
26 40
44 85
63 92
10 14
33 42
46 98
16 18
15 52
29 65
20 90
54 72
29 93
46 63
34 89
71 78
6 84
19 31
21 91
3 60
18 41
21 30
37 38
68 79
9 11
17 79
13 57
0 53
9 93
39 40
1 12
72 81
30 94
47 52
60 99
22 97
16 90
14 74
13 49
1 94
20 40
43 93
14 85
23 48
16 64
84 96
83 95
5 67
72 87
67 83
34 58
17 58
19 87
71 83
93 96
13 44
3 82
4 41
63 80
21 75
68 76
42 60
21 38
24 81
22 24
33 43
50 84
14 25
50 61
5 97
45 65
72 86
14 55
16 67
21 63
14 82
69 77
0 50
39 63
45 66
23 84
72 82
16 34
25 82
23 73
51 69
5 16
27 70
74 96
70 75
33 66
34 64
8 25
39 73
68 69
73 87
38 88
69 86
83 84
35 84
18 82
36 38
33 80
68 84
37 53
3 5
17 97
58 76
54 67
48 68
19 76
45 92
17 60
22 87
48 93
34 35
59 79
3 97
77 83
9 45
10 96
12 85
33 92
89 98
22 25
47 92
48 98
6 71
6 65
47 87
25 53
76 87
3 87
3 26
17 22
17 20
78 80
18 54
18 58
20 81
45 51
57 68
16 33
4 87
6 48
33 68
14 78
27 29
7 20
9 98
9 29
47 66
40 87
20 86
90 97
32 79
7 97
21 80
46 69
2 41
32 86
28 87
55 67
23 37
25 63
9 84
39 84
58 68
7 48
7 63
48 52
12 86
7 18
16 26
16 57
34 84
65 74
20 41
7 31
38 81
8 20
21 32
13 90
78 95
60 83
17 18
83 96
56 92
72 75
53 81
35 66
53 76
53 88
35 63
58 69
12 19
27 99
32 85
3 10
10 65
39 72
78 96
56 73
13 55
16 49
49 68
39 57
29 67
24 61
23 88
69 99
75 89
96 98
14 29
6 73
3 76
27 42
3 74
51 75
37 56
1 57
63 99
12 79
56 66
35 92
89 95
53 72
18 40
7 19
7 58
56 88
52 56
50 60
0 87
32 63
6 11
47 84
4 62
21 36
60 87
42 69
4 90
7 60
45 67
36 53
6 60
37 87
43 63
15 41
17 86
6 91
15 30
1 22
80 83
47 60
42 63
17 31
38 62
6 46
51 78
23 71
15 90
66 78
37 39
39 51
74 93
23 65
26 97
40 60
70 95
54 76
73 98
0 39
39 49
17 48
35 60
50 59
36 50
12 81
63 86
3 29
1 49
23 60
78 92
8 72
31 85
10 44
1 59
14 68
6 37
2 49
10 93
9 74
30 92
43 98
93 99
21 29
19 32
6 9
3 20
11 68
30 51
43 69
40 90
2 57
11 23
76 82
48 51
15 19
49 62
58 63
16 31
44 78
54 75
25 44
57 62
42 93
14 83
80 95
9 10
44 74
51 56
19 72
30 66
68 86
11 50
23 91
66 69
51 68
35 51
56 59
38 94
21 89
28 61
24 57
47 53
39 76
0 24
17 69
60 65
75 85
16 60
33 71
6 88
47 77
14 60
24 36
33 86
67 70
24 87
23 61
69 80
12 54
0 23
87 88
70 98
48 56
69 92
5 20
50 91
41 97
8 75
38 76
56 80
25 69
3 84
12 21
38 47
8 34
24 49
73 93
5 25
23 46
48 90
50 52
37 98
67 82
39 88
57 79
22 79
29 98
7 15
14 17
13 67
15 50
64 97
4 52
65 78
25 38
76 86
68 91
4 39
62 90
48 60
27 74
66 83
65 83
14 70
6 96
60 96
63 93
6 89
47 80
3 11
18 86
25 64
32 54
63 87
67 85
0 56
40 55
21 56
75 78
19 39
64 75
4 47
17 85
75 90
17 33
16 41
81 97
3 90
13 87
38 72
68 97
26 34
29 68
83 92
51 83
10 27
12 63
9 83
21 90
53 62
32 60
63 71
33 58
13 39
11 39
50 71
7 86
9 78
24 94
75 77
88 98
22 39
17 19
21 70
13 22
8 18
9 23
14 32
49 79
40 57
77 95
31 53
14 45
3 91
44 83
32 81
17 84
34 68
50 94
22 68
27 48
1 25
64 69
20 68
10 40
6 61
15 68
50 65
68 74
10 68
25 26
0 6
3 18
40 49
21 74
34 99
53 94
75 76
40 74
7 28
37 93
41 48
23 89
48 84
18 19
47 68
16 53
29 95
11 14
21 33
46 50
13 41
56 77
28 39
56 61
10 21
0 28
34 42
60 67
24 37
34 54
25 33
24 73
61 98
39 91
23 59
74 95
12 82
36 87
3 70
24 48
36 56
39 93
21 94
29 44
30 80
9 60
32 48
84 87
10 95
5 72
25 34
24 88
23 96
6 43
13 63
25 60
14 91
5 34
25 67
3 55
18 68
61 90
3 21
91 95
32 69
75 97
34 46
7 69
2 90
12 14
21 25
7 85
15 17
7 61
23 36
28 48
33 39
7 81
11 47
20 26
50 89
13 34
31 87
11 67
39 69
41 61
23 52
55 97
21 59
8 76
0 98
29 40
34 77
28 36
2 31
13 69
31 38
31 40
88 93
12 28
98 99
17 54
61 93
16 55
67 91
28 31
8 12
66 95
16 22
7 84
4 21
2 38
36 39
61 68
32 82
42 98
35 67
69 71
30 77
67 89
75 82
53 75
49 85
7 14
39 50
92 95
48 92
66 75
57 85
8 32
45 75
47 91
16 21
51 87
21 69
56 94
7 33
14 84
31 68
31 58
34 51
14 89
33 93
68 85
52 79
75 92
5 18
48 66
11 95
40 84
74 98
38 59
5 75
28 76
6 70
28 32
1 81
3 57
81 87
26 75
34 43
21 46
12 60
44 68
75 83
44 45
32 33
68 70
28 73
27 63
17 34
6 59
31 82
8 69
11 17
10 16
6 29
23 43
29 39
10 98
1 76
25 79
4 22
19 61
27 73
12 48
15 23
9 50
3 89
11 40
1 72
16 74
3 78
18 87
28 37
20 64
0 93
62 79
31 54
3 49
7 47
1 62
24 39
33 96
21 41
39 77
39 92
39 66
44 70
19 68
6 36
68 89
68 77
2 4
17 51
25 81
28 94
20 87
21 40
26 72
20 75
40 41
19 25
17 61
19 20
50 79
6 52
30 79
17 44
56 65
16 84
67 68
31 62
28 88
34 55
17 28
4 7
15 32
30 84
12 69
44 60
23 94
68 73
17 81
16 29
33 64
18 53
67 84
1 75
23 70
2 53
64 72
39 98
57 58
40 91
7 54
51 73
32 44
54 68
79 81
17 91
7 73
75 80
50 96
23 29
87 97
54 69
1 50
49 58
40 53
17 47
8 17
3 51
34 85
33 65
14 72
14 97
17 29
7 24
16 38
63 98
53 59
29 50
66 68
48 77
19 48
56 84
68 92
68 93
39 74
27 37
13 33
45 93
50 70
7 51
3 53
10 39
56 71
26 69
17 82
11 16
5 76
63 64
6 15
1 16
32 84
39 58
27 45
57 75
40 70
36 98
1 30
7 11
46 75
10 17
11 87
17 74
34 82
24 59
87 94
1 52
32 34
12 15
15 98
3 31
73 90
59 98
43 50
31 39
41 75
58 90
6 99
48 75
12 44
3 41
1 60
63 96
4 57
27 33
20 53
18 26
17 67
28 72
4 81
11 48
34 80
87 93
12 33
6 42
21 71
34 66
15 93
69 93
44 97
14 35
23 39
50 87
13 53
76 79
63 65
11 44
27 88
39 89
49 75
18 75
0 41
0 90
20 55
5 12
16 91
30 60
41 73
20 39
15 56
27 35
9 56
75 93
38 75
72 79
6 94
39 70
34 92
5 69
39 97
18 39
51 61
58 87
44 91
22 40
69 87
17 73
7 34
4 49
39 94
7 91
8 68
87 91
33 87
18 38
0 7
47 89
8 63
37 51
25 55
6 39
9 33
37 68
5 32
48 80
31 86
0 19
84 95
7 37
48 91
12 24
3 83
27 61
52 98
85 90
75 79
35 93
14 39
32 61
28 68
25 84
32 67
32 64
6 74
8 33
12 64
0 68
54 63
51 95
10 86
3 45
69 85
27 39
7 29
7 44
44 89
4 17
7 8
39 80
30 39
60 79
37 90
21 52
60 73
19 97
40 78
7 82
36 93
69 96
53 60
44 72
78 93
18 64
23 99
24 32
74 86
6 10
1 31
53 97
2 76
40 89
13 81
37 41
12 34
49 54
47 63
3 77
54 57
16 70
23 42
73 92
48 63
0 27
39 86
15 22
26 76
24 31
68 80
4 68
68 82
11 32
46 56
44 84
27 95
29 47
7 74
7 10
12 26
60 61
19 73
8 31
16 79
66 73
56 60
17 24
39 81
73 84
51 88
17 70
34 71
94 98
23 79
15 57
1 93
33 54
56 96
4 32
23 74
11 30
58 60
33 98
27 78
34 39
25 48
62 76
19 36
1 3
1 51
26 32
17 64
10 25
11 56
9 63
20 38
49 82
21 43
35 75
79 93
22 85
10 58
59 87
40 51
12 84
7 88
57 86
68 88
35 44
60 86
25 74
46 47
15 62
57 82
1 40
38 40
65 69
14 20
56 91
12 61
50 74
59 93
87 98
24 76
12 67
4 12
63 72
88 90
50 68
50 63
29 87
63 85
49 86
64 76
30 91
58 74
10 23
47 75
32 51
1 23
41 88
25 29
17 37
36 41
11 25
87 92
19 37
0 17
5 17
67 99
1 2
66 87
6 63
17 89
69 82
39 59
55 75
1 84
26 33
32 47
77 87
3 38
0 51
75 99
68 98
10 50
7 67
29 32
47 90
18 28
3 22
32 91
28 59
79 98
68 81
47 71
55 72
27 69
15 51
2 79
17 77
43 75
15 49
42 67
51 79
30 71
30 65
16 51
47 70
33 95
14 51
4 30
64 68
10 32
1 98
86 87
86 90
32 74
36 90
61 84
13 60
42 75
13 38
26 63
15 60
50 99
23 63
19 88
29 86
14 76
83 93
25 28
23 87
6 79
16 89
21 65
30 87
31 75
37 92
37 60
32 73
42 50
14 77
31 79
25 91
20 44
21 28
55 69
45 98
18 55
27 83
5 33
17 93
14 87
37 66
62 87
5 63
63 90
1 6
17 26
46 67
2 18
74 87
61 92
79 84
17 66
17 92
3 66
10 87
60 90
21 34
9 69
38 97
24 68
53 63
38 52
37 84
78 86
7 70
17 88
38 60
67 77
61 66
6 87
29 58
93 94
40 83
48 57
22 58
3 92
16 81
1 63
52 93
16 19
7 93
27 68
33 85
56 89
19 94
7 77
50 53
30 46
5 68
16 78
41 58
73 77
19 21
5 31
7 36
21 24
21 72
21 99
21 57
15 27
22 75
51 67
3 79
11 12
27 75
88 92
68 78
40 45
7 89
16 48
14 46
47 65
54 90
14 99
60 95
7 64
41 85
93 95
24 72
75 98
67 97
13 19
27 36
29 48
40 79
69 72
47 74
53 84
85 87
1 18
21 42
41 47
71 75
39 85
48 89
25 51
43 67
5 7
87 89
63 82
66 88
35 98
69 98
12 47
60 88
1 13
14 42
24 47
15 84
46 68
7 66
38 50
23 68
40 77
7 92
70 87
0 60
27 59
36 68
48 49
12 73
15 25
43 56
30 89
51 53
67 72
10 47
26 68
22 48
27 87
9 30
3 48
0 32
73 80
14 18
8 57
8 49
6 68
20 28
2 72
12 51
21 49
41 94
32 37
12 29
84 88
21 96
3 80
18 62
30 53
30 38
44 76
12 91
25 70
4 50
39 44
10 12
3 46
0 92
12 62
62 72
12 74
10 64
69 95
6 33
28 47
52 53
32 70
80 87
34 87
24 52
14 21
13 21
34 96
15 81
33 82
21 45
1 20
0 84
56 79
78 98
22 61
57 61
0 66
70 86
58 78
39 46
21 78
39 67
63 79
9 21
64 74
11 86
27 52
7 26
7 50
55 76
15 75
16 77
34 72
82 90
37 77
33 50
61 77
90 94
63 76
11 73
3 35
64 78
10 13
14 43
53 93
21 76
17 50
45 68
83 86
50 75
17 36
7 62
48 70
30 96
11 58
17 80
58 84
84 86
40 48
13 74
23 33
36 51
32 89
33 47
0 12
14 66
15 92
39 54
1 11
86 91
63 97
43 47
18 44
61 75
61 62
22 54
63 95
49 61
33 72
60 72
32 88
58 70
33 55
2 12
1 92
15 66
26 31
1 56
25 89
34 93
21 22
12 37
14 92
12 55
39 56
37 80
1 27
27 79
73 91
18 79
1 66
2 87
17 98
6 45
2 20
32 77
95 98
58 91
38 63
14 80
32 62
16 83
54 87
9 47
53 58
40 66
1 97
48 74
7 98
27 94
22 82
38 51
34 65
38 84
56 70
25 61
3 93
32 55
16 45
33 48
11 61
77 88
13 79
40 92
61 80
24 25
34 97
79 92
66 67
13 29
67 80
10 48
47 96
69 97
44 51
68 83
4 76
29 56
44 99
66 79
48 72
22 86
41 86
1 91
30 68
83 98
29 30
7 80
2 15
81 85
23 53
40 81
18 24
73 75
8 90
53 98
55 63
19 40
44 77
13 84
67 92
38 93
34 95
11 79
6 75
14 90
42 44
30 70
46 48
3 99
45 86
7 94
64 83
1 77
32 93
30 43
20 67
23 75
25 47
28 97
80 88
15 76
84 90
16 66
32 66
6 35
44 87
31 64
20 79
32 92
5 49
17 78
61 91
15 72
11 37
5 57
44 46
8 10
16 92
0 77
12 88
3 42
12 70
39 62
52 87
58 83
29 64
47 69
11 53
6 69
23 45
48 76
41 60
86 89
39 52
69 90
3 43
0 62
48 69
21 58
20 62
23 38
19 47
19 59
41 54
36 62
2 7
8 74
4 25
9 34
8 39
15 16
17 27
11 13
50 69
15 77
25 77
2 32
21 83
41 63
3 47
69 76
68 94
20 63
56 99
77 79
32 36
79 91
40 80
51 59
6 53
4 72
16 28
43 68
4 31
7 23
42 56
38 98
17 55
37 91
17 23
67 87
40 46
39 78
17 62
61 63
36 60
19 75
11 15
36 92
28 52
0 80
63 73
23 69
7 27
58 89
12 89
4 23
41 59
68 71
67 76
21 35
25 78
60 64
3 19
10 54
67 71
6 78
16 47
6 17
0 22
48 71
39 82
27 34
6 7
36 66
53 91
33 90
17 46
13 91
8 87
57 73
39 71
45 50
6 95
62 94
15 63
21 67
56 87
11 88
79 97
43 44
57 63
35 40
25 73
23 35
54 74
82 87
47 99
68 99
22 73
45 58
0 57
10 26
59 90
51 90
6 38
51 94
36 84
12 77
53 85
14 57
65 75
53 69
41 82
75 96
54 60
16 80
42 47
37 75
48 62
8 60
15 91
17 94
0 11
33 53
60 76
21 86
12 36
42 68
33 97
53 86
26 74
20 69
53 92
61 81
20 24
3 81
8 78
39 45
40 93
25 66
14 71
15 80
1 33
30 63
17 45
39 43
53 66
14 49
49 63
34 76
55 68
1 80
7 30
88 91
25 92
49 73
16 61
16 93
13 70
1 29
38 58
20 34
26 49
32 50
26 57
45 64
8 22
48 81
3 15
26 78
1 69
46 87
7 59
13 28
14 31
0 49
8 29
60 85
32 80
64 70
58 81
40 47
23 78
7 78
12 93
2 97
59 92
21 44
62 73
31 55
0 75
73 89
33 76
18 63
37 62
59 68
4 6
56 74
53 77
30 74
16 46
5 10
22 37
37 57
12 66
4 56
0 91
57 64
3 71
12 92
49 64
79 80
44 66
62 88
59 66
18 67
35 68
11 38
17 30
35 50
6 83
15 40
5 90
11 90
7 46
4 98
2 17
39 64
5 74
10 30
32 78
17 83
10 56
1 58
23 95
7 55
29 73
32 98
61 72
27 53
44 80
44 92
15 31
25 93
37 63
50 78
3 27
10 85
29 54
61 76
44 90
40 99
72 84
75 88
4 93
30 99
0 25
22 36
57 60
29 53
3 98
51 58
25 37
51 52
3 61
2 39
39 99
34 98
13 78
37 49
74 85
30 42
22 88
29 79
51 86
1 89
25 62
40 42
48 65
13 48
8 41
57 88
36 77
75 81
11 64
62 97
9 75
33 79
40 43
39 42
39 83
38 91
54 78
61 89
25 45
56 63
92 94
5 78
38 92
90 91
2 61
29 61
36 57
5 39
25 83
8 83
1 74
62 68
13 89
13 51
26 83
14 53
38 66
16 73
14 93
34 90
32 94
16 35
28 75
49 60
21 31
26 29
43 48
28 40
17 59
1 10
25 80
64 91
69 79
64 90
23 83
66 94
41 84
31 44
18 69
54 81
21 97
20 33
81 82
56 68
7 45
50 90
40 61
53 56
64 87
0 63
59 60
70 73
1 70
44 57
60 97
36 80
60 94
20 21
37 89
52 92
47 57
59 84
2 25
27 38
38 85
49 88
16 24
38 56
35 86
26 60
12 50
63 88
46 73
14 41
24 97
90 93
26 90
19 85
27 32
53 54
18 21
44 49
79 89
67 96
38 77
25 88
53 74
10 72
36 49
3 73
5 87
38 69
64 84
10 82
31 48
52 66
3 50
30 75
18 34
8 70
29 90
26 39
10 53
4 75
33 38
23 32
72 74
5 60
84 94
4 60
29 85
4 16
57 69
5 22
0 81
5 29
38 86
11 72
29 37
50 83
12 80
19 58
17 43
74 82
21 81
78 87
29 72
32 46
53 80
39 65
32 45
77 86
64 89
12 78
12 94
3 28
41 69
8 11
60 82
6 32
71 73
47 49
53 89
55 78
15 29
7 83
58 79
16 99
10 55
45 47
58 77
74 79
67 90
41 51
61 70
31 63
50 95
65 68
4 51
59 77
4 18
17 71
12 98
44 71
1 86
49 69
73 74
10 79
70 79
67 95
74 90
11 36
10 90
88 89
16 43
5 83
67 93
71 87
11 54
15 89
17 99
53 70
59 80
16 42
54 70
55 74
22 47
73 81
22 94
20 60
8 84
81 86
8 91
0 2
25 46
59 62
32 83
24 30
10 73
22 63
26 87
54 84
8 45
54 83
72 91
30 33
40 73
72 73
14 96
13 83
29 38
40 71
16 98
16 37
40 98
2 36
17 42
27 40
33 41
48 96
35 39
9 48
65 67
0 16
0 89
1 14
33 73
37 46
35 58
13 15
37 70
54 91
45 87
76 84
61 74
3 6
73 76
2 68
26 70
26 45
1 85
29 88
47 78
68 96
18 33
36 91
33 57
33 61
49 55
46 61
36 75
16 27
3 23
55 57
43 87
15 18
30 32
36 81
34 53
25 50
47 72
2 48
30 90
51 72
35 64
48 99
37 81
53 82
10 61
39 96
17 35
25 98
77 90
13 24
32 59
19 52
41 50
78 85
77 94
13 45
34 48
0 29
16 50
57 94
84 85
31 61
7 43
21 85
90 98
5 41
14 22
25 36
90 92
55 83
29 82
6 34
66 90
3 37
37 71
34 47
42 48
11 85
7 71
33 56
18 48
65 73
13 77
4 84
15 33
0 72
33 49
15 70
14 65
24 75
14 27
2 94
22 60
0 76
38 80
22 26
34 50
18 60
80 94
40 50
12 27
14 38
11 41
12 23
78 82
4 20
8 53
5 70
0 3
81 88
8 89
28 30
11 26
41 52
46 88
4 27
9 67
20 48
3 96
16 88
23 90
57 67
49 94
34 57
52 80
12 45
70 90
61 69
61 71
57 84
46 86
38 74
24 50
7 56
14 48
16 71
7 99
70 85
52 84
15 20
15 74
70 88
23 34
38 54
69 73
85 91
37 72
37 74
45 54
3 65
9 39
25 27
10 38
22 64
1 34
6 12
2 73
12 46
52 77
21 54
89 90
66 86
47 76
52 90
41 93
58 66
4 40
38 89
10 15
24 40
8 81
87 99
5 45
35 47
15 69
9 68
71 88
49 67
26 91
37 76
79 86
2 37
10 37
3 4
17 56
7 42
41 44
12 59
31 69
48 58
70 72
37 40
34 49
1 46
52 68
83 87
52 60
86 92
31 67
58 92
0 70
44 53
56 75
29 55
12 83
19 60
5 11
48 97
45 56
30 41
54 89
7 52
30 69
42 87
2 88
41 91
11 76
27 67
28 50
6 90
19 86
46 58
26 84
3 88
36 63
0 40
49 84
38 70
86 99
0 46
37 65
11 59
33 37
41 64
10 76
14 79
10 97
21 62
56 95
74 76
44 93
14 98
13 61
14 95
9 14
2 13
81 94
5 91
74 97
25 35
12 30
26 41
29 76
42 86
47 83
19 54
3 24
79 85
13 62
45 48
16 23
5 84
6 16
75 95
43 73
7 35
46 79
80 86
15 46
32 43
72 88
35 56
15 97
84 97
11 94
31 60
23 25
13 66
83 85
34 41
74 88
6 40
48 78
1 54
4 13
0 71
8 21
59 91
28 60
23 40
76 88
26 89
58 80
55 60
13 92
13 47
6 25
19 63
25 43
25 99
0 74
72 89
76 91
16 62
44 96
65 88
10 88
11 82
4 97
53 67
55 90
32 99
31 34
4 92
70 82
82 83
14 47
29 97
51 76
29 41
9 73
45 55
40 88
82 84
38 82
65 87
32 71
30 45
61 65
27 90
0 10
56 69
22 44
4 66
58 99
25 42
19 82
3 9
91 94
43 86
41 98
22 59
34 79
34 38
80 90
32 42
0 33
22 69
37 69
51 57
73 96
85 89
33 88
18 61
21 95
4 63
32 35
17 52
39 55
31 33
42 58
82 91
16 36
48 86
17 65
36 76
36 89
23 41
5 89
75 94
11 57
36 72
11 97
2 16
31 73
51 64
55 70
67 98
25 94
41 67
41 74
21 64
15 71
20 84
10 41
45 85
8 38
57 59
28 58
46 53
5 81
0 31
1 71
8 35
56 78
37 43
35 87
29 36
25 71
47 62
1 44
44 65
41 92
72 77
49 51
0 65
10 20
41 66
41 77
28 85
43 58
13 80
44 95
26 35
5 53
43 61
24 60
20 61
17 96
9 37
20 74
40 96
13 73
21 82
11 49
19 50
55 87
51 54
6 41
0 69
30 35
91 97
8 51
40 65
4 11
87 96
19 30
64 77
22 33
47 81
3 30
57 91
71 79
13 93
53 64
23 24
4 77
45 82
49 59
69 88
3 36
1 82
22 84
7 65
13 46
1 67
37 96
38 44
29 57
30 78
22 55
58 93
20 29
72 78
59 75
11 52
14 50
54 79
28 63
25 30
12 43
51 85
27 44
1 8
31 37
70 76
52 62
13 35
2 59
73 99
48 83
43 88
10 57
11 55
19 84
48 67
57 74
9 88
18 84
64 99
82 89
11 20
32 56
36 46
61 97
66 72
23 28
36 70
6 14
49 91
12 99
86 93
63 94
42 73
4 91
35 48
15 58
9 44
72 92
9 87
52 91
9 61
42 64
8 19
41 70
29 49
55 91
56 83
28 51
28 93
36 40
12 71
46 64
72 93
26 53
24 93
28 84
41 89
61 96
44 48
88 96
70 97
12 35
12 42
47 58
7 96
19 51
36 71
35 54
9 17
5 35
16 30
10 49
1 43
49 74
59 89
14 23
59 63
24 98
16 65
22 34
5 21
2 21
8 77
6 24
16 96
32 52
38 67
31 88
15 65
0 43
22 67
76 89
0 13
10 18
20 91
38 46
27 41
47 67
26 81
25 59
13 37
55 84
40 62
59 81
28 98
30 95
44 79
51 97
4 80
31 47
18 74
54 77
31 36
21 26
71 86
9 40
76 94
18 73
56 90
24 51
55 89
44 98
22 51
0 9
36 74
63 81
48 85
6 28
89 94
43 79
15 43
30 40
59 71
18 29
41 55
30 83
72 94
47 95
31 84
61 99
37 99
11 18
53 71
67 79
24 56
10 36
46 59
3 95
16 94
29 59
19 93
0 96
28 86
1 65
57 93
24 84
41 80
43 64
64 81
13 99
79 82
58 61
35 55
58 71
26 51
14 15
1 78
76 77
7 9
37 42
6 67
2 40
36 65
42 61
14 19
14 81
33 36
50 57
0 18
34 61
5 38
50 67
20 73
47 86
46 90
15 34
77 85
78 97
29 94
8 79
89 97
24 63
64 66
13 42
32 65
12 52
20 51
65 79
11 22
34 73
59 65
5 51
12 56
19 69
53 78
44 47
57 70
13 88
72 80
13 43
78 90
60 81
72 83
45 72
14 61
64 92
38 64
20 70
1 99
15 86
18 91
1 45
23 67
19 23
50 72
18 47
51 82
49 93
3 62
62 75
88 99
76 93
24 58
52 71
18 37
9 16
8 46
59 70
28 54
20 47
64 80
57 77
3 56
1 42
49 50
43 53
73 97
0 20
52 65
66 76
26 77
19 98
32 96
46 94
1 64
57 89
76 92
42 88
3 94
45 73
47 97
19 33
28 56
49 70
2 85
13 98
30 34
48 54
8 99
1 5
36 69
41 56
11 19
22 91
71 94
5 19
52 89
4 29
18 51
57 66
14 73
9 15
35 85
57 92
70 94
24 85
15 96
78 79
8 66
45 53
8 42
26 38
79 99
76 78
13 50
25 65
46 52
54 66
72 98
27 58
5 77
20 37
0 99
49 77
46 54
73 78
8 92
13 27
2 47
38 71
11 31
58 73
22 50
6 19
22 29
49 89
58 98
54 92
42 79
16 59
27 86
1 96
15 99
31 94
2 3
4 33
25 96
45 79
40 94
0 42
18 88
28 82
20 89
10 31
62 85
68 95
11 28
35 82
61 86
15 85
26 99
0 97
4 89
31 74
45 61
4 58
49 66
29 31
57 98
15 42
45 90
49 92
22 52
19 91
10 22
36 43
22 74
26 46
44 50
4 69
9 36
1 9
30 57
26 42
18 70
34 56
13 36
34 37
66 85
65 94
8 80
86 98
50 76
79 96
22 93
1 26
31 51
46 72
61 78
59 74
44 81
54 99
53 99
25 56
9 32
9 59
77 97
13 71
2 75
59 76
85 92
52 75
37 97
59 72
6 44
31 91
77 82
8 43
1 83
20 78
83 97
74 94
18 36
54 80
3 59
9 79
16 56
42 54
10 59
52 63
20 88
12 65
55 81
36 96
42 53
29 52
24 27
52 57
8 48
27 28
28 92
37 45
28 91
10 94
40 95
53 65
23 57
28 69
49 98
27 72
9 52
28 66
69 81
50 58
23 44
53 83
38 43
38 78
30 49
4 70
19 26
19 44
40 56
19 64
53 55
5 46
83 90
4 74
46 85
45 97
23 72
76 80
5 99
64 79
59 96
22 30
33 94
28 33
14 37
19 92
86 96
0 34
4 10
2 52
5 79
11 24
19 66
2 58
12 96
58 62
24 92
37 78
5 42
52 70
43 59
15 45
73 86
76 98
37 58
18 89
15 78
13 23
49 52
9 25
71 90
33 59
43 54
39 95
19 29
26 66
6 72
64 71
80 85
24 66
34 88
24 86
6 13
35 73
40 59
6 57
26 43
20 36
48 82
88 97
0 58
28 77
19 77
20 77
23 49
8 28
14 28
57 80
43 90
26 92
21 55
73 83
50 86
66 97
79 83
19 34
38 45
45 76
65 86
41 46
52 96
0 14
45 88
76 83
22 77
61 85
92 97
5 66
51 55
1 35
58 96
15 44
81 84
15 67
4 85
19 56
22 98
15 54
33 81
26 80
22 70
19 27
24 91
30 72
22 92
47 85
22 66
5 92
27 57
85 99
69 94
9 94
6 49
0 45
61 67
25 52
26 79
6 58
53 96
14 30
49 80
19 74
24 77
4 86
58 65
23 58
38 99
10 19
14 88
38 65
78 88
22 23
61 83
22 89
42 85
5 43
31 70
18 78
44 61
90 99
48 64
66 82
36 99
28 29
64 93
43 94
24 54
58 88
9 12
35 61
36 97
41 78
55 77
5 80
54 93
23 76
52 81
59 69
46 82
35 72
0 78
38 42
18 77
82 92
20 83
93 97
67 73
85 93
43 52
16 95
94 96
20 66
36 42
42 90
55 99
6 86
27 76
20 92
31 59
35 53
27 49
8 93
9 53
19 67
57 78
35 79
48 95
2 54
4 46
18 94
23 86
35 37
42 55
46 76
67 81
2 82
52 74
43 85
37 86
13 94
6 76
47 54
24 69
34 81
20 45
30 76
43 72
6 22
72 99
9 86
24 33
44 73
82 99
0 86
51 81
10 52
38 83
31 89
37 83
46 55
20 93
8 71
80 97
30 62
17 95
19 89
49 78
28 80
42 72
4 14
80 82
38 55
19 70
42 82
15 83
54 62
24 82
5 48
54 61
28 74
73 85
18 66
19 80
10 28
18 92
35 90
9 58
8 15
59 99
13 30
62 82
31 77
15 82
18 93
38 96
41 45
62 86
20 94
2 86
35 88
24 29
54 71
15 35
86 95
24 80
42 59
31 93
71 72
28 89
14 56
5 28
8 47
86 88
26 48
11 81
46 97
22 27
1 55
43 82
4 71
16 52
50 81
13 96
22 80
83 88
43 55
50 62
60 62
46 57
13 65
34 36
9 38
37 67
28 70
30 67
14 24
28 34
20 80
0 35
36 58
4 54
64 96
33 52
28 44
19 55
26 71
65 90
18 83
31 66
41 71
0 83
31 92
4 34
45 57
3 52
31 50
18 45
7 95
94 99
41 83
55 66
37 44
35 97
14 36
87 95
46 49
35 38
81 91
8 24
13 59
94 97
41 43
42 94
0 85
50 97
55 92
30 81
47 64
0 67
37 85
26 93
57 83
27 64
54 73
36 45
8 61
24 89
45 49
24 74
71 85
58 95
20 50
52 99
82 93
28 64
55 80
5 93
5 71
81 93
10 24
56 57
52 72
52 76
47 82
97 98
18 50
18 80
64 65
31 78
42 52
62 63
0 44
29 81
26 28
67 88
61 82
35 76
90 96
56 67
20 46
18 59
49 83
27 54
64 95
36 78
24 70
40 52
43 76
30 58
8 27
2 8
52 69
85 98
54 98
20 98
76 99
4 82
10 81
74 81
41 99
25 95
27 85
9 13
64 98
30 44
28 67
44 88
49 56
15 64
55 79
4 65
31 98
32 95
36 86
42 76
8 98
41 42
85 88
73 95
8 62
27 97
18 98
97 99
4 43
56 72
22 56
9 90
20 59
50 85
5 15
71 76
31 80
22 78
9 64
8 96
42 97
4 8
43 97
8 73
37 54
30 86
24 34
4 44
81 98
0 54
5 47
71 82
2 60
20 35
50 54
18 46
23 81
20 27
30 31
62 84
23 97
23 31
23 62
26 47
51 62
34 94
61 64
45 59
58 94
73 82
77 81
22 46
8 65
2 63
6 97
35 36
20 23
43 57
81 92
62 93
13 56
24 44
15 26
66 81
54 96
4 67
35 41
2 30
59 97
37 95
5 24
57 71
8 50
55 71
18 27
31 45
41 65
36 83
18 23
26 96
19 46
6 31
31 83
44 56
70 81
6 20
56 76
65 72
34 59
6 81
45 94
14 94
31 52
50 64
2 5
36 85
27 31
54 88
28 46
57 99
26 27
62 98
5 61
61 95
54 65
43 49
59 78
20 99
81 89
6 18
72 96
71 97
48 55
6 85
23 85
4 96
2 50
4 9
6 62
42 57
20 43
4 99
49 71
12 95
5 27
6 54
22 45
8 37
36 67
18 30
20 42
88 95
78 94
23 54
20 30
27 82
35 57
0 8
64 73
4 42
49 99
5 62
82 98
30 97
5 96
6 64
26 65
36 44
26 98
24 64
8 9
31 46
18 35
6 8
26 61
56 58
24 67
5 98
24 46
8 95
14 59
42 49
14 62
41 96
55 93
0 82
4 78
37 82
22 83
8 23
85 96
23 64
24 26
26 95
58 59
35 49
13 95
86 94
4 45
35 59
28 55
27 81
0 95
65 85
56 62
4 5
19 78
9 54
5 65
62 69
45 52
8 88
5 73
56 86
20 71
9 72
50 82
18 99
2 14
18 43
9 41
4 64
1 95
13 52
2 26
36 54
2 84
80 81
9 26
11 62
18 42
35 94
59 83
82 88
33 62
28 71
37 64
15 95
26 73
54 95
19 71
2 51
65 76
5 50
26 62
5 95
26 50
83 94
2 64
82 96
79 95
0 64
22 71
52 78
4 26
22 43
55 96
62 91
85 94
19 45
62 64
18 52
5 9
59 86
24 71
56 81
18 71
76 96
9 85
2 93
65 82
6 82
57 65
62 92
30 85
2 23
2 69
23 82
28 78
19 43
35 52
4 83
62 66
5 37
34 52
27 62
47 55
22 99
6 26
67 94
55 95
0 5
5 6
64 88
28 43
44 62
8 36
15 55
23 26
20 52
22 42
5 23
31 35
44 94
27 55
53 95
31 43
62 77
2 98
49 65
55 65
36 82
19 83
30 54
31 99
26 37
2 33
57 96
36 95
2 44
4 35
28 45
59 67
31 56
0 26
22 35
29 62
65 97
2 6
9 76
31 42
96 97
19 99
31 71
5 88
52 83
24 43
9 82
85 95
78 81
55 98
2 11
52 97
19 42
49 96
34 62
54 94
59 95
44 59
28 65
8 30
59 85
14 52
24 55
28 99
9 55
55 61
56 97
24 78
2 55
20 56
9 57
26 88
18 56
24 65
62 74
46 81
82 95
28 42
19 65
10 62
2 91
30 64
20 65
52 95
28 83
52 58
38 95
62 67
2 56
36 64
20 96
24 45
9 49
62 80
55 62
9 97
22 65
2 34
24 99
62 89
90 95
62 70
94 95
45 81
24 42
19 35
50 55
