100 3878 721.201774817561 dense
0 840 727
1 680 983
2 739 620
3 308 221
4 430 451
5 952 863
6 589 611
7 188 778
8 164 412
9 541 41
10 448 323
11 307 858
12 406 151
13 282 837
14 661 262
15 904 153
16 747 548
17 89 117
18 994 718
19 79 458
20 37 907
21 416 193
22 441 177
23 320 745
24 480 878
25 758 835
26 637 0
27 576 452
28 516 411
29 132 607
30 83 519
31 363 885
32 105 842
33 986 597
34 823 488
35 402 997
36 656 370
37 508 856
38 14 608
39 979 23
40 117 106
41 558 815
42 232 188
43 651 680
44 672 291
45 345 262
46 710 999
47 188 113
48 822 211
49 699 362
50 653 94
51 617 4
52 583 694
53 10 961
54 929 497
55 358 873
56 790 550
57 181 794
58 247 225
59 951 797
60 460 434
61 226 831
62 527 788
63 754 857
64 182 586
65 111 676
66 142 415
67 92 154
68 884 10
69 734 178
70 454 733
71 387 486
72 38 574
73 854 170
74 531 623
75 625 976
76 236 887
77 683 300
78 397 441
79 340 460
80 34 553
81 33 576
82 770 696
83 473 832
84 104 86
85 697 381
86 39 629
87 164 825
88 299 925
89 250 496
90 969 984
91 505 341
92 668 323
93 589 408
94 579 451
95 196 821
96 826 945
97 3 440
98 624 879
99 201 718
27 94
72 81
31 55
44 77
7 57
49 85
26 51
72 80
8 66
25 63
80 81
40 84
77 92
21 22
17 40
57 95
14 44
61 95
44 92
87 95
11 13
38 86
1 46
17 84
4 60
4 78
57 87
24 37
17 67
38 81
42 58
41 62
38 72
37 83
36 85
16 56
12 21
12 22
36 49
7 95
14 77
93 94
27 93
71 78
24 83
36 92
49 92
48 73
7 87
15 73
11 55
81 86
71 79
40 67
29 64
72 86
3 45
4 71
1 75
13 61
61 76
57 61
38 80
6 74
30 80
10 91
78 79
20 53
28 60
19 30
3 58
7 99
32 87
14 92
11 31
61 87
60 78
49 77
37 41
85 92
7 61
5 59
11 88
13 76
67 84
43 52
62 83
34 56
37 62
28 91
30 72
40 47
29 65
2 16
27 28
28 93
76 88
28 94
36 77
31 88
30 81
44 49
80 86
19 66
0 82
11 76
36 93
76 95
19 97
57 99
55 88
36 44
2 82
77 85
3 42
6 52
13 55
9 51
11 61
65 86
2 56
41 83
42 47
13 95
52 74
46 75
47 84
60 71
13 88
32 57
18 59
4 79
62 70
41 98
6 43
32 95
44 85
48 69
20 32
13 31
4 28
76 87
26 50
29 86
39 68
8 19
16 34
50 51
79 89
75 98
21 45
17 47
65 99
13 23
29 72
24 41
15 48
29 30
70 83
24 62
95 99
60 91
29 81
9 26
47 67
45 58
7 32
19 80
34 54
2 43
14 49
91 93
57 76
14 36
52 62
13 57
7 13
10 28
14 69
85 93
3 21
10 60
36 94
29 80
30 97
30 38
64 89
87 99
63 96
11 23
27 36
64 65
33 54
61 99
92 93
50 69
11 95
80 97
24 31
27 60
29 38
1 98
37 98
38 65
30 86
31 35
13 87
61 88
7 76
49 93
30 64
30 66
10 45
43 82
60 94
8 89
69 73
3 12
18 33
32 61
23 99
55 83
24 55
31 83
5 90
28 78
60 79
55 76
19 72
41 52
9 50
14 85
65 72
35 88
47 58
19 81
12 45
65 81
31 76
23 61
7 65
46 96
22 45
10 78
44 69
4 10
25 96
29 99
0 59
35 55
60 93
27 91
63 98
69 77
41 70
91 94
43 74
62 98
4 91
64 99
23 55
10 21
8 30
70 74
37 70
23 70
52 70
66 89
42 45
0 25
7 23
57 65
85 94
71 89
72 97
32 76
55 61
81 97
25 82
3 22
27 85
25 98
66 97
40 42
11 57
24 35
77 93
7 11
44 93
13 99
24 98
42 67
15 68
64 72
65 80
23 95
28 36
4 27
1 63
10 22
88 95
23 31
11 87
0 2
78 91
31 61
24 70
56 82
23 57
46 98
31 37
90 96
46 63
54 56
4 94
28 71
64 86
64 81
49 94
16 82
15 39
2 6
5 96
1 96
5 18
37 55
20 87
64 80
32 53
27 49
36 91
0 18
0 63
92 94
2 34
32 99
78 89
19 29
65 87
83 98
27 92
69 92
30 65
6 27
17 42
6 94
3 47
63 82
29 89
68 73
14 93
16 43
8 97
19 38
42 84
41 43
91 92
19 64
43 62
10 93
4 93
23 76
62 74
48 77
34 85
32 65
1 25
37 75
87 88
11 83
65 95
14 50
38 97
11 35
30 89
9 22
14 48
38 64
55 70
44 48
6 16
55 95
58 67
25 46
15 69
21 58
76 99
2 52
21 91
3 10
10 71
9 12
11 24
16 85
44 91
41 75
10 79
14 91
8 64
24 75
19 89
66 80
23 87
12 58
63 75
11 99
64 66
19 86
28 92
23 83
22 91
0 5
40 58
57 88
35 37
52 83
34 49
27 74
10 12
13 32
31 70
12 42
45 91
37 52
74 94
31 95
27 78
35 83
7 29
20 95
23 88
10 27
6 70
78 94
8 79
77 91
28 79
20 57
10 94
77 94
28 85
0 56
21 42
7 88
86 99
44 94
4 89
27 77
45 78
71 91
24 88
52 82
49 69
27 44
6 62
59 90
25 43
16 54
55 62
28 49
52 98
66 72
43 56
48 92
31 62
13 83
17 58
8 80
27 71
16 49
7 64
29 66
86 97
56 85
11 70
39 73
61 65
29 57
59 96
55 57
25 75
41 74
16 94
66 81
7 55
0 43
48 49
78 93
49 91
71 94
0 33
5 25
33 34
16 27
85 91
25 59
9 21
28 44
83 88
8 29
44 50
45 79
5 63
7 20
71 74
35 76
58 84
4 74
22 58
55 87
16 36
6 82
13 35
20 76
41 63
28 77
43 98
25 41
13 70
11 37
33 56
0 16
60 74
64 79
13 24
11 32
26 69
6 93
33 59
66 79
75 96
79 91
31 57
20 61
43 70
34 36
8 58
43 63
7 31
8 72
53 87
48 50
59 63
14 94
36 60
6 41
69 85
45 60
31 41
4 45
36 69
59 82
1 41
31 87
14 28
57 64
2 74
23 24
14 27
50 77
41 55
49 56
22 42
75 83
51 69
8 81
6 56
48 68
23 64
7 86
24 52
48 85
32 88
29 97
16 93
23 62
62 75
96 98
28 74
6 28
10 36
1 37
14 73
12 91
34 82
73 77
50 73
2 25
45 47
71 93
74 83
38 99
58 66
72 99
57 86
23 37
0 96
44 73
60 89
6 60
16 52
81 99
10 92
23 65
37 88
19 65
29 87
55 99
12 47
10 14
74 93
3 40
32 86
29 95
80 89
10 58
35 75
70 98
36 56
25 52
18 82
68 69
4 6
1 24
72 89
74 78
3 67
10 44
2 54
34 92
37 43
13 37
28 45
89 99
65 89
22 50
45 71
64 71
16 74
88 99
50 92
36 48
18 54
3 91
11 62
64 97
81 89
30 99
38 66
86 87
31 99
2 94
53 95
56 94
23 29
43 83
2 27
8 42
82 98
37 74
34 77
80 99
8 78
13 65
8 71
8 45
27 56
64 95
25 62
60 92
14 22
23 32
10 77
27 79
52 63
29 32
9 69
62 63
3 78
2 63
66 86
6 71
33 82
53 76
16 92
41 46
53 57
79 94
3 8
0 34
64 87
35 41
21 28
27 43
43 94
4 36
73 92
3 79
21 47
35 61
27 52
3 17
20 65
2 85
60 85
29 61
52 94
41 82
7 38
76 83
35 62
23 74
16 33
24 76
42 66
3 84
39 48
21 60
65 76
22 28
50 68
37 63
56 93
0 54
49 73
70 88
22 51
34 94
8 38
61 83
5 82
26 68
34 93
37 46
1 62
86 95
2 33
23 41
61 70
34 44
21 78
61 64
86 89
6 83
27 34
49 60
63 90
13 62
74 82
38 57
6 36
20 99
8 86
25 37
32 38
74 79
35 98
9 14
53 61
52 56
45 89
58 79
7 72
89 97
70 99
12 50
10 49
6 85
45 66
79 93
14 21
7 81
11 41
29 79
10 42
54 82
13 20
32 55
66 71
82 96
7 53
3 66
10 85
44 60
70 71
16 77
1 83
66 78
6 78
21 50
12 51
22 44
22 60
56 92
34 43
15 50
6 37
25 90
24 61
4 21
23 89
0 52
64 78
54 85
46 90
65 97
2 93
62 82
24 46
24 74
60 77
3 4
22 47
19 79
31 98
2 49
38 89
31 32
24 43
3 60
14 51
57 72
20 88
65 66
10 89
58 78
73 85
14 26
18 25
2 36
57 81
30 79
38 87
22 26
0 98
18 56
6 34
14 60
23 35
15 77
66 67
62 88
2 41
55 98
14 15
49 54
70 76
51 68
18 90
32 64
11 65
23 71
22 78
16 44
8 67
23 52
5 33
36 78
16 28
4 8
35 70
56 74
8 65
7 70
22 92
15 44
13 64
4 92
6 98
2 62
35 95
58 89
22 77
69 93
49 50
56 77
6 49
74 98
70 95
7 80
2 18
37 76
21 44
4 22
22 93
11 20
13 29
24 63
45 67
61 86
32 81
26 73
21 51
21 93
12 26
36 50
4 85
2 59
32 72
40 45
0 6
3 71
13 41
34 48
83 95
18 63
31 75
5 46
21 79
20 86
14 34
12 14
1 35
43 93
28 89
46 62
7 30
57 70
38 95
6 25
26 48
72 87
3 89
69 91
24 25
81 87
41 88
36 73
3 28
63 83
36 74
9 44
29 71
57 80
12 28
4 64
18 96
6 91
58 91
4 70
37 61
74 91
4 49
2 98
21 92
45 93
44 56
25 83
52 75
23 79
52 71
52 93
55 75
18 34
25 56
4 52
19 99
16 25
19 58
52 55
0 90
52 60
21 77
50 91
12 60
6 24
7 89
22 36
1 90
51 73
24 95
39 69
46 83
7 83
4 44
12 78
4 66
50 85
4 58
28 52
15 92
6 79
53 88
48 51
31 52
30 57
44 51
12 40
42 79
15 49
36 71
22 69
79 99
26 44
72 95
21 26
74 85
35 87
17 45
81 95
3 9
21 71
57 83
4 77
56 59
83 99
9 77
9 45
0 41
78 92
70 79
58 71
6 63
8 60
9 10
70 75
43 75
1 5
71 99
70 78
32 80
8 10
41 96
21 36
58 60
89 91
45 84
4 14
6 92
14 16
29 76
13 53
60 70
27 45
11 64
67 97
16 18
20 38
8 47
35 57
22 79
6 23
12 44
1 82
45 94
54 59
4 12
28 43
36 54
0 46
80 87
0 1
42 78
9 91
53 65
43 85
17 66
51 77
26 77
23 86
55 74
61 62
70 87
19 67
8 17
1 43
21 27
1 52
48 93
21 94
48 54
2 92
47 66
2 28
30 71
64 76
57 89
78 85
11 29
7 35
27 70
22 27
2 70
22 94
37 82
28 56
10 50
62 76
38 61
15 26
15 85
35 46
8 99
74 89
70 94
42 89
7 24
66 99
16 60
46 82
12 84
16 63
83 87
53 99
56 63
64 70
19 71
9 92
8 40
40 66
36 43
19 42
49 74
24 57
25 74
82 94
31 74
10 74
21 40
43 60
27 82
65 88
49 78
29 78
70 89
42 91
80 95
44 78
12 92
23 78
22 71
54 92
4 23
69 94
37 95
12 67
52 78
11 53
46 59
12 77
20 29
65 79
54 77
75 82
12 93
14 56
55 65
12 79
14 45
34 52
27 69
28 34
30 87
60 64
22 49
43 96
11 98
70 82
4 43
21 69
61 72
19 78
16 91
60 66
12 17
77 78
0 62
14 78
28 69
34 73
10 66
61 81
79 80
13 86
24 87
50 93
25 70
10 69
6 10
11 52
43 49
24 99
34 74
16 59
43 59
30 95
34 69
20 55
72 79
51 92
2 5
63 74
82 85
15 51
30 78
30 32
43 46
26 92
76 86
63 70
11 74
71 92
2 77
6 77
58 97
16 62
0 74
20 23
21 67
82 83
20 31
28 58
16 41
71 85
22 85
31 65
23 30
43 71
28 70
79 81
88 98
44 45
13 74
5 98
9 48
36 79
1 59
45 92
27 89
0 75
12 69
4 42
36 45
7 37
44 54
89 95
15 36
3 19
25 33
21 49
23 72
74 92
21 84
41 76
75 88
37 96
2 37
46 52
19 45
6 44
20 81
66 84
8 84
4 16
22 40
1 31
89 94
36 52
23 98
12 36
41 61
62 95
43 54
37 57
62 71
20 72
23 81
52 85
13 52
53 86
62 99
39 50
8 21
10 47
17 97
34 59
32 35
65 71
23 38
2 60
42 60
54 73
12 71
17 21
49 71
2 44
61 89
42 71
4 29
2 96
14 68
37 99
30 58
55 64
1 70
59 98
23 43
52 79
3 93
79 97
62 96
61 80
7 19
21 85
9 73
7 62
11 75
78 99
27 62
87 89
45 77
2 83
82 93
1 55
48 56
42 97
62 94
23 60
17 19
97 99
49 82
48 94
9 42
24 82
13 89
48 91
26 39
30 61
74 99
35 99
75 90
27 48
9 68
23 80
13 98
15 34
15 54
18 43
33 43
79 86
16 48
44 71
28 50
36 82
37 87
21 89
12 27
29 70
5 75
57 62
12 94
16 70
9 58
65 70
8 91
33 63
9 36
43 78
29 55
22 84
6 55
52 96
31 64
71 77
22 67
56 60
82 90
89 93
34 91
4 62
45 50
43 55
64 74
4 19
19 57
54 93
49 52
4 99
70 93
8 28
44 68
2 4
41 56
20 64
5 43
24 96
5 56
7 79
13 38
11 86
21 66
68 77
40 97
35 52
54 94
38 53
25 34
16 98
7 71
56 91
31 43
4 30
3 27
14 71
20 80
19 40
56 62
51 91
6 31
3 14
3 94
79 92
27 54
8 12
0 37
73 93
6 14
14 54
71 83
38 76
74 77
17 22
43 92
9 49
6 89
38 79
6 54
64 88
13 72
53 55
29 88
71 80
71 72
9 47
60 62
90 98
44 74
13 81
33 85
10 51
12 49
28 42
31 53
29 31
52 91
19 47
41 95
39 51
45 64
30 42
8 22
27 41
2 91
50 94
41 94
62 87
30 67
31 46
71 81
16 71
74 75
28 48
2 24
32 70
79 85
26 91
7 66
16 78
52 88
27 50
13 71
2 14
11 89
5 54
6 75
7 8
58 64
34 60
30 45
26 49
49 51
3 50
8 23
1 2
45 49
36 51
84 97
32 83
56 98
43 91
61 74
46 70
57 79
41 99
13 75
9 93
65 78
16 69
72 76
66 91
26 36
57 71
62 78
83 96
3 44
41 71
29 60
9 28
12 85
33 49
76 81
45 85
22 89
7 41
59 75
49 79
44 79
19 84
12 66
4 56
3 30
2 75
46 55
54 69
28 66
10 64
9 85
3 92
10 16
10 26
0 85
29 53
19 23
6 11
45 51
23 66
60 69
13 30
32 89
34 63
3 97
47 97
5 16
20 35
56 69
71 86
7 74
2 71
19 87
24 32
67 89
13 80
28 64
14 79
28 62
62 79
3 51
41 57
23 53
77 79
3 36
12 89
25 54
35 63
47 79
0 94
9 15
78 80
2 46
68 92
11 71
52 92
61 71
74 88
43 79
57 66
64 83
0 27
6 13
43 77
19 95
13 79
0 83
19 60
28 82
52 59
22 66
8 57
52 61
22 48
56 70
23 75
52 99
72 78
1 6
33 96
3 77
4 83
14 74
60 99
19 32
62 93
11 38
7 97
56 73
1 88
51 85
45 97
71 95
53 81
26 85
4 41
2 78
0 70
3 64
30 60
82 92
71 97
23 28
11 43
33 90
52 89
58 93
47 89
53 72
76 98
55 71
61 79
78 81
73 91
79 95
47 78
23 27
74 95
37 71
57 74
43 44
1 74
16 37
76 80
4 65
0 24
10 48
47 91
20 30
50 60
58 80
25 35
11 72
76 89
0 49
23 94
31 63
55 89
26 45
38 71
16 73
10 19
73 94
11 81
1 11
41 60
41 59
35 53
27 83
67 79
86 88
78 97
10 67
41 87
65 83
16 83
4 34
10 52
79 83
70 91
83 94
35 74
10 40
74 76
27 73
57 97
55 63
3 26
7 78
5 34
56 96
5 41
52 76
6 33
49 68
14 39
45 69
25 31
52 54
60 83
78 83
30 76
29 58
75 76
29 74
11 79
18 46
27 58
31 71
62 64
54 63
33 36
61 98
19 61
13 43
42 64
9 60
55 86
58 94
0 36
25 55
17 30
62 89
6 99
24 71
35 43
67 80
32 37
83 89
18 98
7 52
78 86
16 96
51 93
31 89
79 87
15 93
39 77
64 91
77 82
29 45
71 87
5 52
60 82
0 93
45 74
28 41
11 30
21 48
6 46
52 77
58 72
4 7
6 59
41 78
52 95
39 44
6 64
56 78
56 71
41 93
29 83
4 69
53 80
4 80
11 80
6 96
66 95
27 37
10 34
10 70
8 95
10 56
66 87
10 43
26 93
4 72
1 18
58 81
37 94
18 52
9 94
17 89
40 89
13 78
4 37
9 27
53 64
44 52
31 86
8 87
15 56
22 73
55 79
4 13
57 78
10 17
8 27
52 57
10 30
30 40
33 52
32 97
28 73
42 80
52 64
36 70
68 85
3 49
14 58
4 47
2 10
37 56
27 64
4 81
16 79
46 74
41 79
44 82
8 94
24 64
87 97
2 48
54 74
46 88
10 84
38 78
14 43
40 79
67 78
6 18
74 87
4 82
64 94
42 93
28 51
30 47
33 48
33 92
12 48
3 85
24 65
47 60
34 41
4 50
34 62
28 54
47 71
28 83
37 64
65 74
8 74
67 72
8 61
25 94
4 57
1 13
25 27
59 62
3 29
56 83
33 77
61 66
6 61
16 24
61 75
60 65
37 60
4 9
10 29
8 93
17 79
15 16
36 89
9 78
48 60
4 11
32 62
31 79
6 45
61 78
45 80
67 81
36 68
38 88
11 78
50 58
42 51
11 46
95 97
4 97
35 96
6 88
69 78
70 85
70 86
4 55
3 69
70 96
30 70
26 28
71 76
34 78
32 66
19 21
43 88
6 35
9 40
34 50
37 78
4 86
27 98
2 79
78 95
4 24
13 19
44 58
37 79
94 98
3 80
2 90
29 42
62 65
51 58
28 29
23 93
50 78
4 61
42 50
1 23
5 62
88 89
95 98
42 72
39 92
58 92
33 94
8 70
35 65
30 84
27 42
55 78
10 73
36 58
8 32
38 55
6 7
29 62
27 33
84 89
14 42
42 94
27 66
37 65
34 71
42 81
40 78
24 27
74 96
71 82
2 23
72 88
36 62
45 72
4 95
55 72
24 94
9 39
33 44
66 94
7 60
21 73
34 98
81 88
14 52
52 87
0 92
4 31
9 84
17 80
76 79
19 28
83 93
39 49
33 93
28 99
23 97
43 90
1 16
41 64
55 81
13 60
24 79
15 94
10 23
24 29
15 91
8 13
62 85
66 74
43 89
64 67
19 91
5 6
2 69
63 94
79 84
60 80
27 63
58 77
20 83
47 51
45 81
37 89
34 70
82 91
28 47
41 89
15 27
20 24
5 37
67 71
64 93
23 91
41 90
3 72
24 60
49 70
13 66
60 72
4 38
24 78
16 75
28 37
21 74
31 78
70 72
66 70
31 38
6 95
24 89
28 30
26 42
18 41
1 56
37 59
33 73
11 63
17 78
66 93
23 25
6 57
14 82
62 91
7 98
71 88
30 53
6 76
23 63
30 55
38 58
12 73
55 82
32 79
12 19
51 94
31 82
3 81
78 87
18 85
70 81
31 72
27 51
4 67
60 81
61 97
26 58
18 75
55 60
11 60
19 20
29 37
43 61
57 98
24 56
15 33
11 25
43 99
54 91
78 82
20 70
42 44
31 81
6 21
89 92
16 46
0 28
98 99
23 82
67 91
40 91
32 41
32 71
1 76
58 86
59 74
40 80
26 94
29 67
0 77
22 74
37 93
55 80
57 60
36 41
41 85
39 85
33 74
46 56
26 27
75 95
42 92
6 69
80 88
19 76
56 75
70 80
34 96
6 29
60 97
2 55
21 64
38 70
13 46
51 60
30 91
25 85
29 91
19 22
9 17
6 22
33 98
56 79
71 98
4 87
25 93
29 52
49 62
4 48
54 96
3 74
27 99
17 72
30 88
30 74
2 31
63 88
10 97
78 84
11 19
38 67
30 31
60 61
31 60
36 42
85 89
18 49
17 81
60 67
70 92
94 99
6 48
20 89
26 47
9 67
87 98
15 22
16 50
43 76
60 86
69 71
2 73
42 77
9 79
19 70
47 50
23 46
4 40
10 99
15 28
21 30
40 71
47 80
35 64
14 33
79 88
31 96
0 44
31 80
25 88
41 65
20 97
8 11
24 28
60 95
49 89
26 60
44 89
6 8
56 90
4 98
16 23
27 29
9 71
58 65
10 62
18 62
80 84
5 24
93 98
49 58
52 65
13 63
17 91
18 74
11 66
14 89
47 64
38 42
54 60
7 43
22 68
29 94
55 96
10 80
50 71
20 37
36 39
29 41
27 55
76 78
60 98
60 73
17 71
29 35
41 49
40 60
40 72
84 91
77 89
35 82
45 65
6 87
13 25
25 36
50 56
58 85
43 95
55 94
39 54
25 49
41 91
4 76
24 53
4 17
40 81
45 86
24 59
67 86
17 64
45 99
43 64
63 93
37 90
38 60
1 61
38 45
32 74
83 86
59 83
63 85
45 48
7 75
0 60
57 75
5 83
28 98
33 41
8 76
53 83
3 6
10 72
16 22
19 74
21 97
66 76
42 86
50 79
34 68
6 65
24 93
27 31
52 90
48 78
45 70
62 90
43 57
23 45
34 79
28 65
22 64
91 99
40 64
34 37
13 27
69 79
4 51
5 74
31 94
47 72
75 87
18 36
13 97
16 21
62 92
3 38
13 28
10 81
10 15
11 27
13 94
46 76
59 85
33 46
48 82
17 60
10 65
6 66
25 28
47 81
28 55
12 74
50 54
41 54
54 90
3 86
54 98
58 74
33 69
54 68
69 74
51 78
58 69
16 90
12 64
4 84
11 94
15 21
12 30
70 77
71 84
60 87
34 39
79 82
11 82
34 83
4 88
17 29
74 86
83 91
7 28
72 84
1 33
22 34
10 82
44 70
2 11
45 52
78 98
16 45
11 28
18 94
8 36
78 88
0 4
6 12
22 30
81 84
58 99
2 15
68 93
72 74
18 27
28 67
3 65
14 47
12 97
32 78
4 26
54 62
75 99
93 99
17 38
36 63
36 83
19 27
33 62
29 47
27 30
47 93
60 84
12 15
49 63
28 31
0 14
42 49
12 68
29 93
53 70
43 48
25 60
16 89
19 94
19 55
30 83
8 55
74 81
24 90
32 52
30 94
59 70
4 54
29 40
74 80
21 29
26 78
42 69
28 40
28 80
0 31
21 68
21 34
49 59
42 65
20 66
68 91
85 98
42 85
23 36
83 85
0 55
76 97
10 41
41 92
20 62
48 74
2 89
4 25
28 72
8 52
18 37
60 76
28 33
28 63
2 35
72 83
2 13
64 84
79 98
55 66
24 86
7 27
16 55
19 53
13 82
36 37
59 94
43 87
3 99
4 32
4 73
43 69
28 57
23 56
37 53
81 83
25 71
27 59
10 83
7 94
36 98
18 93
40 51
28 61
1 95
28 81
38 83
10 86
22 56
22 97
16 31
8 20
0 91
35 71
37 85
10 54
91 97
8 92
18 92
46 61
62 77
19 93
38 40
19 31
0 71
8 31
62 86
28 97
3 48
6 30
17 86
14 70
6 73
0 35
48 71
5 70
37 91
60 63
27 47
1 34
44 47
6 58
27 61
36 66
27 65
19 88
0 48
80 91
60 88
47 94
11 97
35 86
21 56
34 90
65 91
38 74
45 73
44 62
30 93
43 45
17 28
61 94
83 90
63 76
36 59
30 62
8 14
10 38
55 93
69 82
65 94
31 66
24 34
4 63
51 84
25 92
28 95
80 83
0 23
32 98
36 64
6 50
18 77
37 86
53 97
8 83
49 83
29 84
52 66
63 71
72 91
8 44
26 34
65 67
49 98
27 57
8 62
53 89
12 16
34 46
33 75
35 89
82 88
47 92
7 10
23 85
29 43
3 23
28 86
25 76
38 47
28 84
21 80
23 58
57 94
15 60
34 51
11 96
27 75
34 75
75 94
81 91
0 78
88 96
13 93
31 93
42 74
21 52
9 34
61 63
34 45
40 86
8 9
20 41
47 77
22 29
37 49
27 95
38 84
30 52
41 77
45 56
64 98
54 70
8 88
26 40
42 99
8 77
11 93
73 78
59 93
12 29
25 61
2 45
66 83
3 70
6 19
6 90
94 95
73 82
2 50
1 7
18 83
51 79
1 57
66 88
62 72
8 85
2 22
36 47
66 92
51 71
25 78
18 44
54 78
24 30
89 98
2 88
18 48
2 21
62 66
40 50
22 52
12 34
68 94
41 44
6 32
10 37
24 72
21 72
10 68
32 75
47 86
8 49
62 81
24 91
24 36
52 69
70 97
11 16
18 24
24 38
27 68
23 49
48 52
28 38
7 45
55 56
24 81
1 87
7 91
26 84
17 51
43 65
20 79
9 89
10 13
18 70
25 77
35 79
21 43
32 60
63 92
14 66
1 27
21 70
10 57
1 94
21 81
54 71
24 85
30 37
48 79
56 89
31 56
14 62
50 74
19 83
28 87
33 37
38 62
13 91
46 95
23 96
28 68
44 66
71 75
33 91
83 92
22 43
53 62
5 85
7 93
51 67
1 54
62 80
26 71
4 35
2 99
84 86
9 66
23 92
3 52
9 16
3 16
1 99
20 71
13 16
26 79
46 54
12 80
86 91
52 86
65 93
39 93
37 72
56 68
27 88
63 78
3 73
58 70
0 11
43 73
50 84
33 70
35 38
47 69
6 86
88 94
33 60
25 44
91 98
41 86
27 80
37 81
27 72
65 98
24 80
55 91
59 92
27 76
6 72
28 76
94 96
64 92
37 38
27 96
66 77
10 11
37 54
6 42
11 91
12 56
22 80
64 85
10 61
80 94
13 96
2 61
76 94
72 94
25 91
16 68
27 87
5 94
6 15
8 43
10 24
35 78
66 85
7 58
22 70
73 74
19 62
37 92
19 52
45 62
45 57
57 91
27 81
5 27
6 81
82 89
0 73
10 55
61 93
92 98
28 88
6 80
2 64
35 72
52 72
10 95
67 93
87 94
74 97
38 91
16 26
0 69
63 95
15 82
16 51
17 65
49 66
22 39
30 41
35 81
39 56
4 15
55 97
4 75
81 94
21 23
40 93
17 26
61 82
24 49
12 72
5 49
63 77
25 79
57 93
8 37
53 66
25 95
29 98
31 91
14 41
52 81
37 80
0 10
8 24
27 46
49 64
46 94
8 41
61 91
71 73
23 42
50 67
33 83
17 50
14 18
59 77
23 34
27 86
12 81
18 73
22 72
54 83
14 40
35 60
5 35
16 35
16 64
26 67
60 75
9 56
52 80
0 79
7 46
41 53
76 82
35 90
21 99
54 75
46 57
74 90
18 28
88 97
47 65
27 67
10 31
47 49
86 94
0 13
75 93
25 99
50 89
82 99
2 76
32 43
15 45
3 7
20 74
40 65
93 95
8 53
63 99
67 94
22 81
39 91
91 95
26 56
12 52
21 65
7 63
16 99
44 63
77 83
44 64
6 9
27 35
15 18
31 97
51 56
57 58
36 99
7 25
11 56
70 90
63 91
3 43
46 87
34 89
37 66
27 97
41 72
2 7
24 66
63 79
80 93
43 66
35 94
16 39
33 39
23 77
67 99
23 44
30 35
27 40
4 33
6 38
5 36
29 36
48 58
2 12
47 85
28 75
38 52
72 93
0 88
94 97
21 86
26 54
44 83
57 63
40 94
35 80
10 87
41 81
64 77
52 58
1 71
41 66
0 15
21 38
44 59
14 64
13 45
25 57
17 93
45 95
85 96
24 33
2 95
69 89
14 67
3 34
19 24
22 23
81 93
14 25
45 61
46 99
75 78
28 59
77 98
38 41
5 93
9 74
1 93
84 93
37 77
12 43
15 78
10 98
27 38
8 50
51 54
13 56
22 54
3 56
19 36
12 70
14 84
45 83
35 59
2 57
15 43
36 55
40 44
19 37
16 88
39 94
41 80
24 92
43 50
20 52
38 94
93 97
3 57
93 96
12 39
2 3
82 95
20 98
7 82
1 4
21 39
37 44
42 70
27 39
20 78
24 54
5 31
75 79
52 73
44 98
65 84
14 17
54 79
73 79
64 75
30 43
42 48
63 87
17 27
14 23
45 87
1 60
7 42
22 99
35 56
20 75
1 32
30 36
87 91
40 92
31 36
41 45
86 93
88 93
76 96
16 61
17 94
5 55
25 87
31 59
45 68
76 93
1 28
65 75
16 58
87 93
28 32
33 68
44 67
21 54
49 96
28 35
57 82
11 45
27 84
19 41
55 85
55 59
58 95
64 82
22 65
13 36
40 77
10 25
8 16
9 54
84 94
18 69
75 85
36 96
60 68
85 99
3 15
53 79
11 36
15 74
48 59
36 40
12 23
14 83
67 92
4 20
12 38
12 65
14 63
1 85
10 76
12 86
12 99
33 50
46 93
50 66
34 55
10 33
44 84
36 67
50 52
28 39
19 92
7 16
31 85
18 60
22 86
47 99
21 62
58 87
46 71
58 61
53 71
29 92
22 38
36 75
2 29
45 82
31 34
6 51
3 62
42 57
17 44
43 58
29 85
14 59
76 91
67 77
38 93
56 64
75 89
33 71
33 78
58 73
8 51
10 39
5 92
3 95
6 97
2 87
59 60
25 89
61 96
45 55
17 99
1 78
2 8
27 32
92 99
84 92
2 9
83 97
49 99
56 99
24 77
6 26
13 58
16 76
50 82
14 37
3 68
1 36
19 43
51 89
31 90
14 19
43 86
49 55
32 94
22 82
17 92
47 74
16 95
15 71
21 82
53 75
4 46
10 63
3 61
29 75
42 52
37 45
19 44
11 85
8 69
3 13
13 85
30 92
22 62
16 57
77 84
18 91
28 96
24 44
29 49
40 99
16 29
56 88
46 60
35 93
14 98
46 85
49 75
28 46
88 91
16 66
53 98
82 87
63 89
10 88
36 84
7 36
17 36
3 87
55 90
53 74
40 69
1 49
17 77
31 49
69 70
43 72
10 32
42 73
9 19
0 61
19 85
31 45
1 79
5 77
4 18
19 77
0 76
51 74
36 65
32 46
4 59
29 44
6 20
43 81
2 68
12 54
25 48
8 26
19 49
25 64
32 45
7 21
2 51
5 28
51 66
2 26
16 42
19 35
60 96
58 62
62 97
15 52
26 89
30 85
45 54
43 80
56 61
36 61
2 65
24 45
29 77
2 58
2 66
36 46
7 67
55 92
14 29
8 35
30 44
26 74
13 49
52 53
11 49
14 30
56 58
3 83
4 68
63 64
4 96
32 58
23 59
52 97
34 58
23 67
0 89
42 95
45 76
59 73
20 60
11 34
71 96
30 49
44 99
40 49
11 58
86 98
69 84
36 57
5 44
1 64
3 11
46 49
35 66
66 69
59 91
21 41
77 99
48 70
30 77
0 99
48 89
6 47
84 99
31 92
46 78
42 87
8 56
38 43
32 91
47 48
21 83
49 67
92 96
40 85
14 24
95 96
15 79
67 74
67 69
13 92
5 23
42 61
2 39
7 56
13 34
59 71
62 69
29 82
36 95
3 41
5 11
21 57
11 92
16 87
7 85
23 47
15 59
26 66
57 67
67 85
42 43
75 91
1 65
11 59
1 20
24 97
58 83
14 99
17 69
48 62
53 78
36 80
12 62
9 43
34 64
56 76
22 41
16 65
32 63
48 63
1 89
18 71
30 98
32 93
68 78
36 72
0 95
13 42
61 85
7 22
9 64
18 31
5 60
56 95
25 32
3 32
46 79
3 55
0 7
37 97
9 52
75 92
18 35
18 55
20 43
12 82
8 98
22 83
49 84
59 69
5 88
56 57
65 85
36 81
36 97
17 49
55 58
25 69
23 54
13 21
18 78
59 78
55 77
7 49
41 48
65 82
65 92
7 96
36 88
0 50
1 92
33 79
90 94
29 56
34 35
72 98
77 96
4 53
41 69
57 85
15 58
44 55
7 92
27 90
85 90
78 96
56 66
9 30
39 60
58 76
84 85
40 74
0 57
57 96
3 82
34 42
17 85
34 99
8 34
2 30
7 12
35 91
81 98
59 88
1 29
45 88
16 30
5 48
96 99
7 47
4 5
42 56
21 95
1 91
21 61
3 37
2 42
36 76
49 61
32 42
25 29
25 65
3 31
49 65
85 95
31 77
41 58
38 98
5 14
63 65
7 17
47 73
42 62
66 98
17 23
36 86
8 82
50 70
21 37
6 68
22 57
31 44
9 97
41 97
3 76
31 58
36 87
13 59
13 77
46 64
1 53
29 63
23 40
5 13
13 44
2 32
17 74
44 96
25 73
58 68
88 90
87 96
11 77
15 42
0 64
61 92
11 21
11 90
10 18
16 19
85 88
80 98
11 42
11 44
80 92
49 57
18 23
47 70
67 87
67 95
6 67
92 97
10 35
7 40
42 68
35 36
10 75
6 53
43 51
45 98
46 92
57 92
39 45
49 90
72 92
75 77
13 22
54 89
3 24
0 45
5 71
20 46
63 69
0 22
3 54
2 19
19 50
26 43
21 87
44 65
46 65
32 82
49 95
75 86
47 57
50 64
12 41
12 57
46 89
14 97
0 21
14 55
23 33
22 37
34 88
21 55
37 58
67 70
35 85
1 77
0 87
17 57
81 92
54 55
56 87
91 96
12 83
76 85
65 77
36 38
34 66
80 85
35 97
44 97
33 55
74 84
92 95
31 54
31 33
73 89
64 69
79 96
7 44
44 75
72 85
5 91
42 83
21 24
66 82
8 48
22 33
7 77
32 67
68 71
14 65
22 61
34 61
13 14
19 98
22 95
36 90
46 91
20 28
44 80
90 93
61 67
56 65
14 31
70 73
49 88
51 52
40 57
43 97
10 59
6 40
14 80
26 33
23 90
49 80
81 85
1 44
53 60
11 14
24 58
23 84
85 87
9 82
21 31
11 22
49 72
63 73
77 97
44 72
18 39
68 82
26 52
4 39
42 55
85 97
77 80
48 98
14 72
7 84
12 13
5 78
9 70
15 25
59 79
7 34
9 29
29 46
33 51
21 33
42 76
62 73
86 92
46 77
49 81
1 10
3 39
44 81
43 53
5 73
7 14
49 76
2 86
49 97
44 61
61 77
72 77
22 55
35 49
46 53
11 18
29 34
58 88
23 69
22 24
14 81
12 95
2 72
13 90
47 52
14 96
6 17
44 57
18 79
85 86
12 61
47 68
58 82
19 51
3 88
69 83
57 77
39 82
22 87
50 62
20 27
6 39
68 79
88 92
16 32
77 81
25 45
41 42
2 81
68 74
49 87
30 56
33 35
47 95
2 80
20 94
16 47
26 82
51 82
13 67
30 75
44 46
31 42
43 68
30 82
16 72
69 98
41 73
34 76
48 66
34 95
76 92
30 50
18 50
34 57
87 92
72 75
5 15
40 70
49 86
17 87
17 95
9 33
57 84
22 31
19 69
12 37
48 83
44 95
47 87
16 86
40 48
16 80
77 95
38 75
38 92
20 58
11 12
10 20
75 81
16 81
37 69
6 84
20 45
14 75
17 70
12 87
14 61
5 76
18 68
14 57
39 78
21 98
19 56
21 76
15 47
37 48
44 86
0 39
0 29
0 68
20 63
5 69
47 61
11 54
40 95
21 32
38 85
15 63
40 87
9 80
59 76
0 12
