100 3379 692.3424008393534 dense
0 254 313
1 70 724
2 583 185
3 742 535
4 828 121
5 294 253
6 120 671
7 224 591
8 923 481
9 210 817
10 347 808
11 778 928
12 771 820
13 220 29
14 719 847
15 737 113
16 747 957
17 18 487
18 426 185
19 296 923
20 943 418
21 690 39
22 558 992
23 363 86
24 833 580
25 972 904
26 777 446
27 26 472
28 300 242
29 348 641
30 398 982
31 336 779
32 645 447
33 515 432
34 202 875
35 153 90
36 659 259
37 735 603
38 970 194
39 267 696
40 961 798
41 825 856
42 80 664
43 843 451
44 336 345
45 488 348
46 409 744
47 968 875
48 985 121
49 477 233
50 17 531
51 975 935
52 299 445
53 238 516
54 986 555
55 671 683
56 450 574
57 816 697
58 929 341
59 575 61
60 841 917
61 175 589
62 808 676
63 995 904
64 683 839
65 202 4
66 917 452
67 7 826
68 207 259
69 14 724
70 258 412
71 202 923
72 594 729
73 621 985
74 63 693
75 52 574
76 304 41
77 377 85
78 914 570
79 767 100
80 845 116
81 70 428
82 949 364
83 507 65
84 281 995
85 942 484
86 626 431
87 362 81
88 992 166
89 195 377
90 544 987
91 495 254
92 148 744
93 938 347
94 898 161
95 819 615
96 907 575
97 254 209
98 538 855
99 862 442
23 87
78 96
58 93
5 28
23 77
22 90
77 87
17 27
4 80
8 85
82 93
43 99
57 62
25 63
32 86
49 91
25 47
8 66
58 82
13 65
10 31
25 51
1 74
15 79
42 74
38 88
14 64
51 63
24 95
47 63
6 42
66 85
11 16
20 66
17 50
48 88
34 71
7 61
52 70
20 82
50 75
66 99
1 69
28 97
69 74
9 34
12 14
5 97
27 50
47 51
1 42
6 74
62 95
27 81
41 60
22 73
11 60
4 79
12 41
20 85
8 20
26 43
59 83
3 37
68 97
80 94
18 49
76 87
20 93
0 68
70 89
0 5
8 99
1 6
54 78
19 84
43 66
24 96
23 76
38 48
7 53
73 90
40 47
6 92
20 58
17 81
38 94
79 80
1 92
4 94
31 46
54 96
24 78
57 95
54 85
20 99
0 28
13 76
37 95
26 99
76 77
8 43
11 41
0 89
5 68
15 21
0 44
33 45
10 46
42 69
8 78
55 72
12 64
85 99
78 85
13 35
4 15
17 75
52 53
66 82
19 71
88 94
42 75
45 91
28 68
8 96
3 26
48 94
9 92
53 61
95 96
8 54
85 96
18 91
29 39
21 79
6 61
35 65
0 70
74 92
24 62
11 14
24 37
5 44
3 24
16 60
67 69
37 55
44 70
37 62
0 97
43 85
42 92
78 95
27 75
20 43
19 34
53 70
2 36
9 71
14 41
25 40
44 52
71 84
66 93
31 39
15 80
11 12
65 76
28 44
33 86
3 95
40 63
18 77
58 66
2 91
7 39
14 16
45 49
50 81
2 49
82 99
21 59
18 23
30 84
19 30
66 78
24 57
6 75
6 69
68 89
74 75
12 60
29 46
8 82
1 67
82 85
42 61
58 99
93 99
29 56
18 87
66 96
61 75
54 66
37 57
2 59
52 89
10 19
16 41
39 92
16 73
24 43
11 64
32 33
3 32
12 57
6 7
3 43
77 83
9 31
25 60
26 32
90 98
7 29
9 39
47 60
8 24
16 64
8 93
81 89
51 60
69 92
9 19
85 93
43 82
55 62
9 10
10 39
40 51
72 98
78 99
18 28
22 98
29 31
43 78
12 16
0 52
43 96
43 58
48 80
8 58
26 66
96 99
14 60
43 93
24 99
39 61
62 96
64 72
34 92
2 83
41 64
20 54
58 85
34 84
41 47
67 74
79 94
44 89
18 83
24 26
24 85
53 89
23 83
55 57
83 87
64 98
30 90
75 81
42 50
38 80
40 41
5 18
12 62
6 39
19 31
39 46
62 78
8 26
1 75
13 87
26 86
3 99
44 45
57 96
38 58
61 74
24 66
13 23
73 98
60 63
25 41
69 75
20 78
24 54
44 68
80 88
3 62
3 86
35 97
33 56
38 93
55 64
2 18
4 48
61 92
64 73
5 89
35 76
44 97
41 57
4 38
10 34
22 30
57 78
4 21
45 86
20 96
68 70
7 42
26 37
55 95
5 70
67 92
36 91
7 52
3 55
23 97
31 34
15 36
43 95
29 53
13 77
10 29
11 73
87 97
54 99
15 94
1 9
23 28
50 61
20 26
50 74
40 60
14 73
26 85
41 51
12 55
8 95
3 96
2 15
4 88
15 59
46 98
49 83
7 92
14 55
1 61
28 89
38 82
6 9
14 72
28 87
7 75
21 80
18 97
6 50
26 95
37 96
18 45
77 97
28 77
46 56
28 70
36 86
76 97
3 78
60 64
41 63
40 57
43 54
28 49
35 68
54 95
65 87
42 67
89 97
3 57
95 99
49 77
14 57
33 91
85 95
44 49
32 37
29 61
23 65
5 23
41 62
2 21
14 98
10 30
37 78
7 70
39 53
58 94
26 96
13 97
44 91
18 44
36 49
5 49
26 58
26 78
21 83
5 87
10 71
32 45
46 72
58 88
23 49
37 43
71 92
17 61
5 77
17 42
32 36
2 45
70 81
18 76
3 8
88 93
26 93
30 98
37 72
83 91
27 61
53 81
39 42
52 61
66 95
93 94
34 39
26 82
7 74
49 87
31 92
12 40
9 84
6 67
24 55
5 52
36 79
16 22
61 81
9 74
36 45
14 62
65 77
50 69
3 66
18 59
27 89
54 82
57 64
6 53
53 75
75 92
28 91
11 25
61 70
40 62
20 24
59 79
10 98
31 71
44 53
11 51
11 47
22 64
49 59
32 43
10 84
52 56
1 39
33 44
12 72
27 42
59 77
1 50
1 34
9 42
5 91
28 76
34 67
29 52
33 49
82 88
2 79
28 52
64 90
70 97
9 67
1 7
0 53
37 86
39 74
76 83
12 47
30 71
37 99
16 90
62 64
77 91
3 85
52 68
17 89
59 91
78 82
10 92
35 87
82 94
23 35
61 69
6 17
12 95
17 74
28 35
65 97
56 72
19 46
9 46
5 76
30 31
45 52
61 89
54 93
23 59
23 91
59 87
0 18
36 59
82 96
54 62
7 50
5 35
28 45
31 98
7 89
5 45
33 52
42 53
27 53
14 22
9 69
0 81
32 99
55 98
68 81
67 71
12 25
43 86
4 36
87 91
11 63
7 31
48 79
53 56
6 34
39 56
12 37
6 27
86 91
62 72
26 36
57 60
54 58
54 57
50 53
17 53
21 36
31 84
12 73
30 73
30 34
9 29
38 79
35 77
27 74
14 90
8 37
7 81
78 93
49 97
57 72
11 40
29 92
33 36
20 38
8 62
7 9
7 56
56 86
48 58
13 28
43 62
19 39
2 77
34 74
16 51
11 22
45 56
40 96
58 78
52 81
6 29
93 96
60 73
24 32
13 68
9 61
7 17
48 93
7 27
16 25
18 68
41 55
40 95
26 62
19 92
16 98
3 20
32 56
20 95
40 78
23 68
47 57
11 57
62 85
12 51
79 88
31 56
36 80
15 83
58 96
50 89
12 98
26 54
16 47
5 13
68 87
39 71
42 81
86 99
37 66
0 45
0 49
17 69
32 55
30 46
68 76
45 70
37 85
1 71
12 63
27 70
7 46
62 99
58 80
52 97
8 57
41 95
34 69
21 94
2 23
11 90
41 73
6 31
37 64
32 95
4 58
1 17
60 62
68 77
75 89
34 42
3 72
2 87
40 54
32 91
18 36
14 37
0 35
3 54
34 46
53 92
91 97
24 82
48 82
29 70
55 56
36 83
15 38
14 40
39 75
43 57
57 85
49 86
12 24
6 81
0 91
15 48
7 69
53 74
80 93
31 61
62 66
3 33
7 10
2 86
50 92
9 30
14 47
11 98
56 70
4 93
19 98
17 70
0 23
72 95
27 69
14 95
24 40
39 52
2 4
16 63
11 62
26 57
39 69
65 68
24 86
47 62
37 54
24 93
10 56
44 56
1 27
0 87
67 75
55 86
19 90
2 33
20 88
28 65
72 73
24 58
33 70
36 94
13 18
49 76
53 68
0 77
57 99
25 57
10 72
14 25
55 96
26 55
4 59
23 44
15 88
20 94
46 92
29 72
64 95
70 75
79 83
26 33
18 33
31 72
72 90
84 90
44 77
38 66
41 72
57 66
6 71
74 81
6 10
44 87
5 65
22 72
36 43
10 90
16 40
86 95
11 55
1 53
29 33
55 78
3 82
37 41
71 74
50 70
5 53
80 82
29 42
16 57
46 55
2 32
3 58
7 44
38 99
14 51
19 22
2 80
11 72
49 68
4 82
3 93
1 31
59 76
32 66
32 49
45 97
28 83
36 99
57 63
46 71
52 91
69 71
12 22
27 52
16 72
56 61
59 80
29 34
24 41
0 76
49 52
22 84
0 27
46 90
20 37
10 61
33 37
44 81
52 75
27 68
0 7
10 22
8 32
15 91
12 96
31 42
31 53
46 61
25 62
28 53
40 64
32 62
24 72
46 84
12 90
14 63
36 58
18 70
82 95
49 70
94 99
45 83
84 92
5 83
17 52
39 70
5 81
16 55
5 33
70 91
7 34
46 53
45 77
0 13
81 97
76 91
29 98
51 57
31 74
42 71
15 49
3 12
37 56
32 72
38 43
19 29
0 33
28 33
41 98
0 61
47 64
34 61
16 62
18 65
12 78
17 92
68 91
21 49
3 36
6 52
2 28
43 55
18 35
55 60
13 83
22 46
18 52
1 10
33 53
29 74
9 75
46 64
35 89
1 29
21 91
23 45
14 24
58 79
61 67
39 67
8 38
83 97
20 62
38 85
32 96
66 94
66 86
44 61
36 93
84 98
41 96
22 60
0 17
93 95
6 70
31 90
2 44
45 89
56 98
3 56
45 68
50 52
62 63
50 67
43 94
45 87
58 95
33 55
66 88
32 78
28 81
1 81
17 68
25 64
29 44
2 5
15 58
6 46
27 92
37 40
32 85
24 64
39 84
20 32
41 78
39 50
22 41
47 95
72 86
45 59
20 48
18 89
79 93
1 19
8 86
45 53
69 81
18 21
9 53
44 86
60 95
32 57
32 58
10 42
6 89
29 75
19 67
88 99
29 89
60 90
26 45
62 86
53 69
44 76
55 73
47 96
21 48
10 74
20 57
33 72
6 19
51 64
53 97
55 99
22 31
51 62
36 82
15 93
42 70
42 89
60 98
32 93
26 94
3 64
42 52
47 78
41 90
60 72
65 83
10 53
40 55
79 91
3 14
0 65
35 44
2 76
39 98
30 39
40 85
32 82
3 45
11 95
86 96
2 94
58 86
21 77
49 89
18 86
20 86
26 38
20 80
29 71
36 38
4 20
46 52
63 64
30 64
49 79
15 18
8 40
57 98
78 86
37 98
7 67
21 38
30 72
85 86
47 54
79 82
37 82
46 73
8 94
43 88
85 88
67 84
0 50
36 66
56 89
8 88
4 99
8 55
86 93
56 91
62 98
89 91
24 47
33 89
29 45
17 39
2 26
32 44
20 36
81 92
29 55
4 83
85 94
37 58
10 73
0 56
80 99
14 46
31 69
37 93
57 86
25 95
39 89
52 86
19 74
21 88
11 37
44 83
13 49
33 43
15 82
39 72
4 26
22 55
27 39
28 59
55 90
33 46
2 97
82 86
0 75
9 98
4 43
21 23
14 96
21 87
19 73
36 77
37 60
61 68
3 41
7 33
50 68
31 67
7 68
39 81
7 71
36 44
52 92
27 44
43 80
61 71
25 96
15 26
23 89
31 52
55 85
34 75
34 98
13 44
15 86
26 80
26 72
24 60
19 42
10 64
55 66
48 66
59 94
63 95
42 46
35 70
14 78
25 78
17 67
1 46
7 19
87 89
54 55
73 84
5 59
10 67
63 96
26 91
0 29
12 54
41 54
18 32
9 56
80 83
70 74
49 56
3 40
52 74
62 82
15 45
74 89
23 70
4 66
71 98
23 36
33 97
10 69
1 84
66 80
63 78
48 99
6 56
77 89
29 69
29 30
8 36
9 50
19 69
5 7
30 92
36 88
32 52
5 27
26 79
64 96
36 87
15 32
56 92
70 87
33 99
10 55
57 73
71 90
70 77
35 81
27 97
14 30
17 44
60 96
29 86
31 55
40 66
29 50
72 96
13 89
54 63
25 54
16 95
46 74
70 92
16 30
29 81
31 75
24 33
68 75
26 56
18 79
31 73
15 99
31 64
36 37
11 24
24 25
56 64
0 2
26 88
76 89
33 68
59 97
47 55
62 93
36 48
35 49
16 37
15 43
0 83
27 67
64 78
60 78
29 32
33 95
35 83
79 99
37 45
37 46
19 61
13 91
19 72
51 95
58 62
13 59
5 61
5 56
7 28
68 83
72 78
51 73
32 54
39 44
27 28
49 65
45 76
37 47
57 82
4 91
7 45
43 79
43 48
28 36
79 86
34 90
25 73
29 84
34 53
1 52
15 77
62 73
38 54
36 85
6 84
5 17
33 39
24 63
22 71
20 79
27 29
47 73
17 29
1 70
28 56
23 52
17 97
46 70
44 75
5 36
24 36
8 48
48 85
10 52
51 96
44 65
40 43
53 91
33 83
32 79
26 49
15 20
52 77
4 49
70 86
28 61
1 89
21 45
44 50
52 87
40 99
95 98
43 45
12 46
89 92
4 86
51 78
49 53
57 93
44 59
56 95
8 12
2 43
56 62
4 8
74 84
65 89
43 72
8 80
45 79
25 55
40 72
33 77
59 86
57 58
17 28
70 76
4 32
10 14
12 26
3 91
33 61
22 34
9 90
15 23
31 70
33 59
11 96
12 43
80 91
15 87
10 75
5 86
28 86
12 85
59 65
23 33
36 56
35 91
2 99
32 46
3 98
2 58
20 55
71 75
38 78
51 54
20 40
69 84
4 85
80 85
18 53
54 86
42 56
46 86
33 62
19 56
45 55
9 17
32 94
0 6
24 51
9 52
66 79
63 73
33 87
11 78
24 56
25 37
7 97
2 68
0 39
86 94
14 56
80 86
11 30
15 66
35 52
2 3
83 86
13 70
2 52
21 58
65 91
45 99
26 48
21 76
56 57
49 80
38 96
53 67
16 24
32 80
2 38
42 84
8 41
29 67
40 73
61 97
32 70
15 33
12 99
29 37
14 31
54 88
29 64
9 22
18 56
54 60
41 85
34 56
2 93
0 86
77 79
36 95
31 33
34 50
9 27
6 44
69 89
5 29
0 42
47 85
22 57
55 63
32 59
5 50
72 99
3 46
12 32
32 64
9 72
3 60
3 11
51 55
7 72
45 61
2 13
46 75
21 93
45 72
46 69
14 54
12 66
19 64
69 70
2 70
8 47
26 40
21 86
53 86
57 90
29 90
37 63
56 68
56 75
37 73
52 69
16 46
50 97
43 91
33 57
5 32
28 32
47 72
36 96
39 90
3 49
28 29
5 75
36 78
33 66
27 35
83 94
22 62
67 81
24 98
54 94
45 46
52 76
31 50
26 64
39 55
23 79
12 56
28 50
46 62
30 55
56 74
14 26
36 52
3 94
41 43
79 87
92 98
44 46
10 70
32 83
12 30
14 32
4 18
2 48
56 81
29 68
2 82
9 70
62 90
7 84
3 29
36 97
0 59
3 47
1 56
0 36
53 71
4 45
42 44
22 29
78 94
2 88
52 72
24 38
37 51
46 57
3 38
7 98
46 67
21 32
72 84
8 33
2 56
19 53
30 56
78 88
8 79
43 56
10 33
65 70
32 38
64 86
8 72
39 45
11 46
8 15
91 99
26 41
32 53
0 32
9 81
91 94
29 91
94 96
16 96
56 97
41 66
48 59
28 75
53 72
14 43
22 39
12 86
54 64
21 82
41 99
24 45
21 26
25 72
36 76
13 45
38 59
33 79
6 30
75 97
33 96
1 30
38 86
88 96
59 68
34 72
8 14
17 35
61 84
73 95
43 64
22 51
30 67
25 85
6 68
16 78
32 98
2 65
79 85
3 15
3 16
33 78
35 45
3 4
35 59
55 82
22 25
63 85
13 52
37 91
71 73
56 90
33 98
15 85
33 58
24 94
10 12
36 55
14 29
42 68
18 80
46 89
45 95
0 74
66 72
45 81
72 85
45 80
8 25
19 75
43 49
31 89
14 85
47 66
13 81
14 86
77 86
22 47
40 98
10 16
11 54
70 83
49 94
22 37
2 66
29 49
7 30
56 71
20 33
55 58
2 20
37 90
54 72
8 63
55 93
36 70
17 34
14 99
14 19
46 95
59 88
33 85
21 33
47 98
41 46
10 50
8 64
18 81
64 84
33 93
3 80
17 31
22 56
7 91
56 99
7 86
2 89
86 98
51 72
34 73
52 83
86 97
50 71
23 86
31 44
48 54
51 90
40 82
86 89
35 53
26 59
3 25
50 56
64 99
3 79
25 90
31 37
27 56
27 31
25 98
12 31
12 20
71 72
18 26
63 72
49 99
21 99
7 49
86 87
47 90
10 37
15 76
29 73
33 82
64 85
21 43
21 28
27 34
39 64
9 89
33 64
2 35
31 81
17 56
34 52
45 58
36 54
44 92
39 68
83 89
4 33
45 66
52 55
61 72
14 66
43 47
29 97
44 74
30 74
58 91
36 62
24 88
8 60
5 39
0 92
9 73
65 81
51 98
33 76
60 85
2 37
7 32
33 81
56 73
30 41
19 55
3 88
22 63
47 99
46 50
39 86
72 92
32 88
32 41
38 95
22 40
45 65
10 11
3 63
30 60
23 53
16 31
3 44
30 42
45 93
61 98
5 21
0 1
23 81
32 77
45 94
2 8
37 49
49 81
58 59
52 65
40 93
30 61
86 88
36 68
3 52
51 85
64 66
76 81
16 19
53 87
26 44
4 77
32 39
91 93
53 98
5 6
53 77
68 86
31 86
7 18
81 87
31 32
20 41
56 84
48 78
24 46
8 45
28 39
25 66
32 89
15 28
20 21
7 55
6 98
33 80
8 51
39 73
56 96
31 45
10 89
24 73
4 78
68 74
20 47
32 97
40 90
0 46
23 32
40 58
45 62
22 95
63 90
63 66
4 24
78 80
81 91
12 29
63 98
10 17
77 81
20 45
48 96
94 95
4 96
56 69
54 80
45 82
29 62
35 50
6 33
4 54
70 72
59 93
14 84
14 33
90 95
18 29
30 69
44 72
32 87
3 51
1 44
10 44
80 96
96 98
15 44
61 91
5 42
46 81
55 91
37 52
56 78
53 55
24 80
5 15
90 92
10 27
49 58
12 33
6 28
36 57
46 60
3 73
43 60
34 81
66 91
4 23
34 70
11 31
76 79
49 61
26 83
82 91
2 85
20 72
2 24
16 84
16 54
4 87
17 46
21 44
21 97
10 32
10 86
77 80
33 94
41 56
41 86
24 91
26 47
27 46
8 11
13 21
10 81
25 43
32 48
37 94
60 66
26 29
21 66
29 57
3 18
37 38
29 95
78 98
32 40
18 94
52 59
59 70
0 31
43 59
17 71
11 85
9 64
26 46
3 31
26 98
45 85
48 86
36 72
52 98
49 93
25 99
37 44
26 60
60 99
18 61
44 55
28 42
0 69
45 96
14 39
32 68
15 24
59 99
20 91
37 39
6 72
43 63
61 86
26 52
19 52
2 53
27 45
36 89
38 91
45 57
22 92
75 84
10 62
53 76
52 67
3 48
9 55
3 10
45 78
10 41
38 83
63 99
53 84
6 97
10 45
19 50
88 95
48 83
59 82
11 43
33 92
10 57
11 26
11 19
8 56
34 64
11 56
56 66
23 80
31 62
24 48
13 27
14 20
27 71
67 70
80 87
33 75
8 91
24 79
16 56
1 68
91 95
72 91
1 98
12 19
51 66
67 89
33 54
20 25
31 57
42 97
39 97
13 53
52 71
28 79
64 71
9 44
68 92
20 63
24 29
21 65
12 82
6 45
49 82
15 37
49 55
15 78
17 45
2 95
27 33
4 37
32 61
45 75
9 33
49 66
15 96
18 27
15 97
78 79
29 36
3 22
30 53
33 42
11 99
36 53
3 90
55 70
4 95
59 89
56 77
35 75
38 49
18 43
20 64
31 41
79 96
22 24
83 88
13 36
23 56
44 79
11 66
42 98
40 86
5 74
5 79
24 49
44 69
39 91
46 91
25 26
33 35
34 89
3 21
11 32
24 90
37 80
3 70
13 33
55 84
35 61
8 21
80 95
73 96
27 65
17 33
56 85
13 17
56 87
20 49
11 84
3 39
12 93
43 51
74 98
3 59
85 91
68 69
0 10
37 79
58 83
5 46
3 53
12 58
37 53
88 91
55 61
54 79
45 50
2 55
76 86
51 99
10 60
30 57
0 9
38 45
7 35
18 99
43 98
34 55
37 88
2 96
30 37
26 63
15 54
41 82
8 16
17 18
2 78
48 91
33 50
73 78
39 49
38 62
15 95
16 29
7 90
72 82
32 60
20 60
45 98
28 74
49 72
56 67
9 14
10 95
31 95
8 49
27 49
7 37
47 82
21 85
30 62
16 85
43 83
16 26
56 83
5 92
71 81
23 27
19 70
58 72
20 59
49 95
27 76
2 29
53 65
33 38
28 46
37 70
70 71
72 93
0 21
16 43
83 93
46 49
27 87
42 45
17 65
11 29
17 19
20 56
27 91
79 95
14 34
83 99
43 44
20 51
42 72
26 28
12 39
49 88
59 66
11 86
18 37
16 32
26 70
56 60
5 26
48 49
12 84
74 97
3 7
48 95
41 93
1 5
7 64
7 22
45 92
33 74
91 96
27 77
14 71
0 15
62 94
29 41
36 65
31 60
43 46
13 15
7 23
1 72
70 98
79 97
28 92
17 49
78 91
98 99
53 83
33 41
46 68
41 58
62 91
3 83
19 27
46 96
38 57
77 94
55 92
18 58
55 71
26 51
5 31
16 99
56 59
45 64
7 87
49 85
7 77
6 90
47 93
17 23
3 5
17 76
4 76
32 76
29 43
33 65
3 28
21 68
73 92
17 91
60 86
67 98
72 89
17 87
72 74
1 33
56 58
16 66
19 41
35 36
82 83
50 84
1 28
46 78
44 99
30 75
14 82
18 39
24 31
47 58
18 50
31 68
45 88
11 20
0 3
32 47
54 56
8 98
10 24
23 61
18 93
0 72
19 33
28 31
56 93
32 73
26 77
17 77
54 98
45 54
21 35
18 75
0 26
16 86
2 62
69 98
23 94
25 82
4 44
61 87
39 62
56 82
13 50
4 28
87 94
63 82
2 7
1 90
62 88
57 94
33 34
61 90
61 77
37 48
6 22
15 56
19 37
64 92
26 53
22 96
43 52
18 38
2 72
19 81
64 82
46 99
49 75
19 60
9 45
92 97
8 59
36 46
14 93
15 65
71 89
30 52
16 71
33 88
76 80
16 39
45 48
75 91
34 44
1 97
57 91
52 95
2 54
7 36
45 74
14 58
5 69
49 50
85 98
44 98
31 91
23 26
39 57
90 96
32 90
49 96
15 52
15 68
24 44
53 64
14 45
4 5
52 64
52 84
12 45
24 52
6 55
16 34
29 99
13 79
49 78
22 32
22 78
50 91
26 31
56 76
26 87
18 82
49 62
66 98
44 95
73 86
64 93
40 46
9 16
18 55
23 29
19 89
4 62
58 64
0 79
33 90
7 76
22 61
81 86
1 22
29 77
46 97
7 14
0 55
78 90
5 10
39 95
40 56
9 68
25 93
44 80
30 95
50 65
18 66
52 62
18 46
7 73
28 80
57 88
21 24
63 93
59 85
6 86
37 61
29 87
47 86
28 69
67 90
6 91
20 83
9 12
26 73
11 39
62 80
75 98
11 33
41 84
22 33
0 37
53 90
13 61
25 32
7 13
86 90
10 26
1 45
30 33
2 57
5 72
18 48
29 96
61 76
52 99
5 37
33 73
60 82
33 48
21 52
23 50
72 75
74 90
66 83
31 49
54 73
3 30
0 34
25 58
15 70
29 60
6 49
22 86
37 59
28 37
42 90
60 84
21 37
55 89
61 64
53 59
18 88
10 68
58 63
9 37
19 57
50 87
18 20
18 24
15 62
9 86
2 81
5 80
35 56
50 76
10 28
26 39
81 83
69 97
19 62
28 72
55 94
18 72
3 89
0 67
3 61
5 9
56 79
13 75
29 78
21 70
6 32
9 32
13 86
86 92
51 82
12 34
7 26
5 55
17 84
12 36
65 79
50 77
38 55
10 91
16 20
22 53
15 55
16 33
46 47
2 61
26 97
6 18
49 57
52 57
32 81
22 67
32 63
31 97
54 91
11 71
4 57
28 55
21 78
44 62
33 40
8 46
62 79
24 39
60 93
12 71
21 96
22 74
43 73
11 34
8 18
35 42
23 75
9 11
30 51
32 92
25 30
19 44
3 77
24 59
22 42
33 69
30 47
69 72
14 92
39 41
36 64
4 97
14 52
52 79
57 80
28 43
27 84
6 35
9 28
68 79
33 71
75 87
18 95
48 62
58 60
44 67
35 86
42 91
70 84
4 55
5 43
14 53
37 83
33 60
15 35
29 35
25 46
37 89
2 46
61 65
36 61
46 66
42 49
25 86
26 89
43 70
21 56
3 97
30 70
36 39
75 77
7 65
6 64
8 73
3 23
22 26
8 83
89 98
26 90
32 51
51 93
30 32
15 57
11 82
53 95
65 75
10 49
75 76
4 56
7 62
19 32
21 95
30 50
44 66
55 79
18 42
14 36
3 19
6 73
42 55
44 94
13 56
75 86
69 90
53 62
3 87
30 40
24 30
19 86
43 77
7 12
44 58
46 85
55 80
44 71
42 86
73 99
52 90
21 54
67 72
73 85
44 57
7 95
51 58
20 98
13 32
30 86
18 85
61 73
28 99
70 95
8 29
70 79
7 83
46 51
29 83
80 97
34 37
24 53
5 99
57 79
24 70
47 56
21 89
29 66
34 45
37 84
26 68
63 86
48 57
91 92
18 31
2 39
67 68
27 86
7 57
29 76
65 86
3 68
44 93
30 63
14 61
3 9
77 99
49 54
1 55
64 70
91 98
8 44
11 93
12 52
15 89
38 77
23 43
28 94
44 64
37 92
31 43
83 85
38 40
72 81
70 99
56 80
0 43
81 84
45 69
22 52
32 42
0 4
59 95
53 73
53 57
76 94
11 58
10 97
19 45
31 96
22 69
32 75
10 96
43 87
19 95
46 54
46 63
49 92
32 35
55 74
36 98
58 77
43 53
55 88
68 72
48 77
7 24
56 94
24 83
9 97
41 45
66 73
35 74
1 73
33 84
50 72
62 70
17 86
5 94
10 43
20 44
0 19
22 43
59 78
22 54
59 96
0 98
31 36
0 71
57 84
36 81
23 99
51 86
44 82
50 98
12 53
43 90
34 86
10 40
35 79
9 62
29 85
64 91
31 78
4 13
10 78
39 60
44 96
74 91
32 34
34 68
62 84
9 41
23 38
35 39
87 99
50 86
23 39
25 56
9 57
36 40
52 66
54 90
38 87
6 37
26 61
49 74
77 93
18 96
27 32
36 41
44 78
77 88
61 83
4 52
23 58
39 77
74 86
72 97
0 99
18 78
56 65
37 71
44 85
52 96
37 97
18 62
39 87
26 76
29 59
0 80
23 48
34 41
27 72
1 64
58 87
84 89
17 30
59 81
48 87
18 92
6 14
18 74
10 47
31 99
17 72
49 98
8 52
13 29
31 40
20 46
39 43
16 82
32 65
57 70
2 27
41 71
52 78
12 92
42 64
8 22
10 18
17 32
53 99
22 99
1 86
55 75
55 68
52 73
5 34
42 73
55 59
37 77
3 92
12 91
73 74
27 83
37 68
5 24
90 99
13 80
9 91
24 28
27 30
55 97
14 44
10 36
23 93
10 99
32 74
8 90
10 25
83 95
15 72
40 88
29 40
6 23
81 98
32 50
33 47
1 91
14 70
14 91
23 88
67 73
87 93
7 43
20 29
79 89
7 59
87 88
16 92
4 68
77 82
3 6
28 58
43 97
22 85
4 65
23 37
64 74
17 98
56 63
51 56
19 24
52 80
0 24
6 87
5 95
1 49
34 62
3 34
30 89
1 32
7 16
52 58
9 60
61 62
60 71
28 95
12 61
16 93
31 47
34 57
55 83
27 98
1 35
6 77
4 70
30 44
49 64
40 94
82 98
30 45
34 60
28 34
2 17
0 95
10 51
5 67
5 58
15 53
85 90
45 90
37 87
9 95
9 49
45 71
70 90
16 58
75 90
54 59
33 67
2 31
23 42
18 57
29 54
48 55
30 81
38 56
12 44
52 85
72 94
21 55
61 95
20 52
94 97
58 98
17 83
1 18
52 93
93 98
28 93
39 99
42 87
22 45
21 62
83 96
25 31
22 66
7 11
11 45
78 83
23 82
35 69
71 86
5 98
6 13
57 61
13 42
32 71
42 77
45 73
5 93
97 99
3 84
39 96
4 72
82 87
30 96
38 44
28 66
20 73
66 90
43 89
44 84
72 79
65 80
55 81
40 45
66 77
22 70
28 67
29 65
68 80
29 58
38 72
5 66
35 92
57 71
62 71
52 82
10 63
7 99
12 70
15 29
39 76
6 76
11 92
22 75
26 30
12 49
20 77
7 41
12 38
25 33
21 53
70 80
28 98
59 62
31 51
37 42
32 84
46 58
24 61
2 75
55 69
8 31
84 95
39 78
29 93
23 46
46 77
14 49
3 76
66 70
30 78
46 82
28 82
1 14
69 73
84 86
46 93
2 64
0 94
29 82
16 45
42 76
2 12
0 62
8 10
72 80
59 61
29 47
52 94
2 50
62 92
23 66
68 71
5 82
43 68
67 97
46 87
14 42
3 71
5 62
2 10
55 77
9 24
20 28
31 66
8 28
41 52
66 87
6 12
89 95
27 36
9 18
34 97
28 62
59 72
20 23
8 70
13 39
5 8
70 96
24 89
34 95
45 60
5 20
57 92
72 83
19 68
21 57
5 19
89 99
31 63
12 94
42 65
18 54
2 6
50 55
2 98
53 96
20 87
28 38
23 55
64 89
6 65
10 66
69 91
53 79
24 77
33 63
16 53
19 47
14 74
31 85
3 42
8 77
58 70
70 78
44 90
49 69
39 83
0 58
4 35
2 14
1 37
64 67
50 83
19 25
5 71
19 40
55 87
23 74
25 29
43 76
19 26
0 66
40 48
10 85
9 26
38 41
37 74
45 67
53 78
70 73
41 53
56 88
6 36
18 69
69 86
5 38
27 55
0 64
64 69
19 51
11 53
55 67
18 98
45 84
11 36
72 77
44 88
68 99
57 59
16 61
11 52
16 52
17 36
3 81
0 57
38 47
19 28
62 83
74 87
33 51
68 98
17 55
23 24
53 66
62 89
43 61
13 74
0 84
36 60
75 83
4 89
44 54
70 93
7 96
23 72
92 95
38 76
37 75
36 75
22 44
29 79
74 77
0 30
64 75
0 93
20 70
54 83
5 57
8 23
48 76
27 59
8 53
46 83
28 85
24 87
41 92
41 91
44 48
34 91
76 99
10 54
70 94
31 54
37 81
24 97
70 85
58 97
5 85
28 57
28 71
6 62
72 87
8 87
32 69
6 16
36 47
72 88
71 95
0 8
4 40
77 95
7 78
12 88
8 39
24 84
13 94
3 75
20 22
77 85
11 61
40 80
23 92
28 96
