100 3758 693.808330881087 dense
0 902 675
1 171 49
2 613 599
3 949 272
4 385 39
5 868 760
6 689 243
7 143 987
8 384 783
9 322 314
10 394 318
11 478 167
12 759 201
13 764 830
14 518 750
15 479 421
16 796 386
17 246 228
18 59 834
19 159 798
20 769 7
21 661 518
22 395 840
23 778 959
24 604 700
25 957 52
26 263 639
27 548 956
28 539 407
29 245 526
30 19 207
31 763 882
32 205 491
33 484 690
34 482 555
35 274 763
36 238 816
37 864 593
38 761 220
39 800 555
40 506 541
41 910 134
42 1000 872
43 935 634
44 637 441
45 885 486
46 65 335
47 8 774
48 141 560
49 446 635
50 979 967
51 927 813
52 566 658
53 64 195
54 896 985
55 299 512
56 837 167
57 948 498
58 342 778
59 789 996
60 349 601
61 634 610
62 931 850
63 30 694
64 751 917
65 631 597
66 841 950
67 783 480
68 345 466
69 602 252
70 471 540
71 331 297
72 805 941
73 934 532
74 663 787
75 289 377
76 735 237
77 849 191
78 527 450
79 981 927
80 174 425
81 831 336
82 805 381
83 255 489
84 153 736
85 26 37
86 93 6
87 351 325
88 658 937
89 792 434
90 498 411
91 351 31
92 145 615
93 365 801
94 561 981
95 655 646
96 22 516
97 256 348
98 910 329
99 726 520
16 82
61 65
2 65
34 70
12 38
9 71
15 90
2 61
8 93
56 77
34 40
27 94
9 87
38 76
23 72
58 93
71 87
4 91
40 70
57 73
31 64
66 72
51 62
29 83
23 59
50 79
28 90
61 95
8 58
12 76
10 87
75 97
28 78
6 76
30 53
67 89
16 89
78 90
22 93
55 83
23 64
32 83
81 82
13 31
0 43
29 32
65 95
82 89
48 92
29 55
15 78
24 52
59 72
8 22
42 79
64 72
16 81
15 28
19 84
2 95
23 66
35 36
45 57
21 99
55 68
54 66
10 71
33 49
45 73
14 33
3 98
59 66
35 58
67 99
9 75
9 10
42 62
31 72
32 80
85 86
9 97
24 95
37 39
2 52
6 38
39 67
23 31
18 47
5 51
81 98
41 56
21 44
75 87
19 36
22 58
6 12
39 99
37 43
47 63
52 61
41 77
21 65
50 54
12 56
6 69
59 64
34 49
13 64
33 52
1 86
52 65
52 95
71 75
0 37
12 77
71 97
0 5
62 79
38 56
38 77
37 73
68 83
40 78
42 51
26 60
32 48
2 21
25 41
24 61
16 67
64 88
64 66
21 61
32 55
42 50
87 97
49 70
35 93
14 24
54 72
2 24
67 82
43 73
55 60
45 67
49 60
54 79
80 83
31 66
28 44
14 52
24 74
68 75
81 89
70 78
18 19
24 65
88 94
45 89
54 59
89 99
37 45
29 48
39 45
17 71
13 74
5 62
44 78
36 58
40 49
27 88
8 35
80 97
34 78
26 29
9 17
29 68
36 84
31 59
75 83
82 98
13 72
31 88
44 99
15 70
19 35
24 33
26 92
17 97
10 75
23 54
39 89
84 92
2 40
23 88
49 52
65 99
76 77
15 40
29 80
56 76
35 84
26 35
75 80
5 13
51 79
50 62
37 57
48 96
16 98
21 67
36 93
21 95
29 60
3 77
61 99
13 23
63 84
40 90
40 52
70 90
26 55
45 82
34 52
10 15
69 76
16 45
29 92
15 34
3 81
48 83
62 66
33 34
60 68
55 75
38 81
14 49
18 84
39 73
30 46
60 70
8 33
43 57
40 65
32 92
2 99
76 81
31 74
8 14
28 40
2 34
48 80
37 67
50 66
54 62
10 90
63 92
46 53
0 51
34 60
83 97
68 87
10 97
74 95
15 68
46 80
32 75
66 79
44 90
32 68
13 66
5 43
17 87
18 63
3 41
22 35
59 88
21 39
95 99
34 90
26 48
40 61
1 85
77 81
68 70
60 83
0 73
26 84
72 88
68 97
28 70
14 74
8 36
47 84
74 88
26 83
21 78
11 69
33 70
33 40
13 88
77 98
44 67
16 99
52 70
67 81
32 97
55 80
14 22
19 47
12 81
3 56
42 54
9 68
2 70
34 65
17 75
44 89
29 75
62 72
21 89
10 68
44 65
37 99
43 45
39 43
21 40
64 74
0 39
2 33
92 96
89 98
4 11
28 34
39 57
22 36
26 32
45 98
15 44
45 81
67 73
2 44
26 58
82 99
15 87
76 82
54 64
8 49
5 31
16 76
14 93
52 74
34 61
33 60
51 66
38 69
53 85
50 51
68 90
45 99
33 93
34 68
13 51
40 44
21 28
12 69
48 55
12 41
19 63
57 67
25 56
6 56
38 82
5 37
33 58
83 92
28 69
13 59
40 60
13 62
31 54
6 77
16 44
57 89
44 61
16 39
56 81
21 52
55 97
68 71
16 38
6 81
65 70
33 61
10 28
30 85
87 90
2 49
24 49
31 62
39 95
14 95
38 41
2 78
73 89
10 11
5 42
10 17
57 98
20 56
33 65
48 63
39 82
39 65
55 70
22 33
7 18
37 89
51 54
39 61
68 80
50 72
25 77
48 84
72 79
33 95
49 58
51 72
42 66
58 60
80 96
0 62
61 70
40 68
56 98
31 51
63 96
14 58
29 97
44 82
2 14
35 60
6 16
26 36
43 51
61 74
18 36
65 78
6 82
3 82
1 91
1 53
32 60
14 61
40 95
68 78
21 34
0 57
26 49
66 88
19 92
19 58
38 98
32 96
49 93
57 82
17 53
9 80
55 92
8 60
12 82
46 96
11 91
24 40
10 78
9 83
23 62
34 55
8 26
12 16
16 57
16 21
49 65
24 34
49 61
7 19
20 41
0 45
19 26
69 90
9 15
83 87
14 65
21 24
3 16
53 86
21 70
26 93
46 97
26 68
5 72
49 55
65 67
5 66
22 27
62 64
2 39
50 59
80 92
44 69
34 44
61 78
65 74
15 71
44 70
20 25
58 84
1 17
55 87
12 20
2 74
21 90
41 98
15 75
77 82
3 38
34 95
7 36
5 64
11 71
35 92
49 68
67 98
76 98
61 67
12 98
14 34
73 82
21 82
39 44
9 55
57 81
64 94
20 77
60 93
16 73
9 90
23 50
5 79
15 55
49 78
16 77
71 90
71 80
11 87
28 68
3 12
41 76
80 87
13 54
33 74
59 62
59 79
73 98
27 74
51 64
60 92
6 44
76 89
28 87
23 79
2 28
44 95
19 93
13 24
15 21
71 83
27 64
5 74
42 72
23 74
2 67
0 13
24 70
14 27
73 99
23 51
40 55
15 69
49 95
14 40
72 74
32 46
67 95
17 80
47 92
17 46
78 99
28 65
22 49
52 99
52 78
69 78
75 90
81 99
48 60
9 32
70 95
20 38
13 95
30 86
1 4
9 11
35 49
14 70
37 95
78 87
5 39
10 55
43 62
38 89
43 67
56 82
21 37
15 49
3 76
41 81
6 89
55 71
24 99
22 94
16 37
23 94
10 69
5 23
28 99
74 94
1 30
0 42
37 82
3 25
10 83
2 90
44 81
8 52
40 99
32 87
39 81
73 81
36 92
84 93
70 83
15 60
6 28
33 35
31 79
2 15
16 56
57 99
55 90
29 96
17 91
3 45
28 61
6 11
52 60
48 68
31 94
14 60
8 19
9 29
3 89
3 57
21 45
44 76
18 35
29 70
5 54
26 33
29 87
27 31
46 75
17 30
44 52
0 67
59 94
29 49
65 90
37 51
65 89
51 59
29 84
49 90
23 27
64 79
26 70
37 61
32 71
26 80
60 75
31 50
20 76
15 65
37 65
50 64
60 78
14 88
36 47
15 83
78 95
0 99
26 34
83 96
4 17
15 97
5 50
14 94
10 70
8 24
18 92
28 71
12 89
48 75
8 84
16 69
9 28
55 78
34 83
61 89
6 98
31 42
5 73
46 48
13 79
60 84
43 99
8 27
23 42
19 48
29 34
29 35
26 63
19 22
13 42
27 93
11 17
49 83
22 26
69 82
61 90
36 63
48 97
66 74
60 90
5 95
24 31
36 60
35 48
54 88
24 88
22 60
2 89
24 39
33 78
69 81
59 74
27 59
70 75
14 35
15 61
46 83
29 71
10 80
42 59
21 49
11 90
53 97
43 89
9 78
70 87
28 49
6 41
34 99
52 93
42 43
21 33
72 94
11 28
67 76
12 25
8 34
60 80
71 78
0 95
5 59
75 78
21 81
6 20
0 31
68 92
10 40
77 89
22 52
56 69
13 27
90 97
32 84
2 37
7 84
39 98
22 24
28 75
47 48
44 45
7 47
35 55
89 95
28 52
15 52
90 99
10 34
13 94
42 64
38 44
35 63
11 15
52 58
6 90
69 77
28 89
28 67
13 50
53 80
6 67
83 90
13 61
39 52
58 92
70 99
10 29
84 96
52 90
10 32
40 83
15 29
33 55
13 37
27 72
67 78
17 68
16 28
9 46
8 70
25 38
47 96
13 14
37 81
86 91
28 76
24 93
7 35
31 95
13 43
3 73
38 67
24 44
17 83
69 87
29 40
24 78
3 6
28 55
26 40
24 27
24 64
13 52
29 46
34 75
6 78
69 89
26 75
34 58
22 84
4 71
33 68
0 74
2 60
0 79
34 87
0 89
49 74
98 99
51 74
78 89
8 94
37 62
28 95
40 87
15 99
93 94
3 67
17 32
35 47
11 76
71 91
83 84
28 82
55 84
30 80
16 65
37 98
32 63
13 65
41 82
46 71
21 74
15 33
12 44
39 74
55 58
60 97
17 86
29 58
32 70
26 96
9 70
58 70
5 24
56 89
8 40
28 60
40 75
44 49
27 58
10 44
34 93
21 69
14 21
29 63
37 44
22 74
21 73
24 58
24 60
27 33
19 60
36 48
5 57
74 99
5 45
5 88
35 83
69 71
78 83
6 15
62 74
36 49
0 61
30 97
2 13
60 87
33 36
6 21
16 61
16 78
16 41
55 96
45 65
13 39
65 82
29 90
5 61
14 26
75 92
14 31
5 99
8 74
4 10
37 74
33 90
6 99
45 61
12 67
45 95
43 95
22 88
70 71
32 35
52 67
32 49
2 16
25 98
51 73
24 37
0 66
70 93
66 94
0 65
60 65
4 9
18 26
11 75
90 95
15 32
11 12
0 72
76 99
24 67
40 67
8 55
9 53
24 94
32 34
16 43
43 82
9 91
60 61
0 64
19 29
15 95
61 82
53 71
18 48
46 87
78 82
11 97
62 88
10 60
14 64
9 69
11 78
64 95
39 51
0 21
5 65
14 36
21 57
11 38
4 87
96 97
92 93
40 58
70 97
9 60
28 33
18 58
26 47
7 58
17 55
25 76
28 97
92 97
9 34
53 75
78 97
7 93
29 33
29 36
10 91
28 38
2 82
21 76
45 76
88 95
26 97
67 69
46 92
17 85
7 22
40 74
29 78
8 92
8 29
9 40
33 44
39 78
5 67
52 68
27 66
44 68
67 90
46 55
38 45
2 8
52 88
4 86
87 91
76 90
34 35
34 74
39 40
2 45
89 90
44 98
1 71
69 99
28 83
33 99
40 93
16 95
51 88
67 77
55 93
20 69
48 58
43 79
45 77
21 43
35 70
76 78
22 34
17 29
31 52
74 93
27 52
58 94
0 2
34 71
0 24
16 90
2 68
28 39
29 93
24 28
14 78
40 71
28 81
46 85
33 94
75 96
31 61
12 28
73 95
2 5
49 92
31 43
58 83
43 61
0 50
49 75
38 99
33 88
15 17
49 99
26 52
8 95
32 90
8 61
4 69
52 55
6 10
63 83
82 95
40 69
60 71
33 83
1 9
37 52
1 46
15 80
63 80
32 40
40 89
35 68
9 48
15 24
54 74
43 98
31 37
43 65
34 97
15 26
18 93
0 16
24 90
82 90
44 87
30 96
46 68
8 65
60 95
22 70
0 82
15 67
0 23
65 73
49 84
61 73
0 54
36 55
14 99
34 67
35 52
37 42
19 32
44 73
25 81
1 97
17 90
12 45
80 84
58 68
23 24
43 74
6 45
13 99
21 98
70 74
13 33
15 89
19 96
24 72
7 63
31 65
48 49
8 88
21 38
65 68
53 87
48 87
15 76
43 81
51 57
7 8
40 97
44 57
69 70
11 44
28 29
69 98
56 67
67 70
34 39
62 73
32 58
52 89
52 64
19 55
5 21
70 80
5 52
15 16
22 40
30 75
51 95
8 68
3 39
2 93
18 96
21 68
2 31
3 20
12 99
8 83
35 40
58 74
10 49
9 30
41 89
50 88
57 77
45 56
39 62
21 60
61 68
88 93
52 94
58 63
79 88
14 55
19 83
53 96
2 43
49 87
80 90
22 95
48 71
39 76
32 78
78 81
26 78
30 71
2 58
55 63
2 22
38 90
85 91
24 89
2 55
34 69
26 87
32 36
68 96
11 68
26 90
36 83
44 77
32 53
61 88
2 73
27 95
38 78
57 95
15 82
61 64
13 21
65 81
16 40
93 95
1 11
8 18
48 93
31 39
6 25
39 70
10 46
44 60
1 87
67 74
43 66
45 51
8 48
41 69
61 93
19 49
46 86
9 26
53 91
48 70
83 93
91 97
72 95
14 44
6 39
14 15
68 84
22 61
12 21
3 37
11 20
57 65
60 63
14 68
34 89
57 61
43 72
3 99
14 23
10 21
47 58
33 84
34 80
69 91
68 69
70 92
39 90
5 89
20 81
4 97
12 90
54 94
38 57
27 35
65 93
68 93
43 50
24 35
18 22
23 95
22 92
0 52
27 49
58 61
57 76
69 75
38 39
61 81
24 43
43 64
60 96
70 89
44 71
31 33
22 65
40 82
44 56
30 32
14 90
9 44
58 95
27 36
0 59
12 78
2 88
58 65
34 48
65 88
81 90
2 81
22 55
64 65
24 51
34 92
19 33
8 32
32 33
55 65
14 39
29 47
13 73
37 64
62 95
17 28
33 39
49 80
14 28
9 49
49 97
28 32
24 66
14 72
32 47
44 55
0 98
65 69
15 38
42 73
0 81
24 26
2 64
10 26
44 74
29 52
2 69
33 92
74 79
42 74
3 69
6 87
15 39
94 95
22 29
42 88
17 48
1 75
26 71
32 93
55 61
24 68
24 59
56 57
9 92
27 54
1 10
6 40
2 57
10 48
5 14
33 64
10 76
13 67
53 83
77 99
4 75
73 77
75 91
20 98
63 93
40 80
12 57
10 53
2 26
30 87
57 62
35 80
35 96
41 45
37 72
14 29
43 54
24 45
0 44
58 88
44 75
78 80
37 79
52 83
3 44
28 45
43 44
51 99
87 92
73 76
12 15
16 52
2 10
12 39
66 95
51 61
81 95
27 61
16 34
38 73
17 69
4 53
49 71
34 36
37 66
47 93
0 88
17 78
24 55
68 95
6 65
11 56
4 85
69 97
61 69
16 70
24 62
18 29
45 78
35 94
26 28
46 63
23 43
36 70
9 96
37 40
39 69
21 55
6 71
15 81
14 19
3 43
8 78
45 52
25 82
36 94
26 46
51 67
2 27
39 49
74 78
6 57
50 74
31 99
2 6
36 52
22 64
49 94
13 45
17 96
60 74
8 63
21 87
14 84
39 64
33 67
28 80
15 48
40 48
52 82
41 57
36 68
14 59
10 65
37 78
4 6
51 65
33 48
34 82
45 62
45 69
39 77
30 83
16 24
7 26
23 52
71 92
6 70
27 65
40 92
41 67
33 75
49 88
13 22
36 96
43 52
70 82
56 99
24 73
22 31
26 65
52 72
14 83
16 25
49 67
6 61
11 77
7 92
18 60
73 74
26 61
61 72
18 32
13 49
48 53
11 70
19 80
30 48
70 84
6 9
45 74
8 15
12 73
6 34
28 37
2 83
65 76
59 95
39 42
11 40
2 29
5 27
34 84
20 82
30 91
74 89
71 86
23 37
1 80
8 47
58 78
2 35
24 82
47 83
21 77
29 53
22 68
23 61
42 57
56 73
28 77
22 83
10 61
21 31
22 48
61 94
5 94
14 67
37 76
71 96
3 21
86 97
6 73
2 87
28 98
13 57
10 38
14 66
14 37
16 20
2 51
55 95
87 96
19 68
40 76
5 16
10 52
61 62
2 76
47 60
15 58
28 56
10 33
8 13
40 45
10 12
8 21
9 86
34 37
75 84
24 36
36 40
5 82
40 81
17 70
68 99
44 83
4 20
65 72
2 94
60 99
39 72
11 16
15 92
35 75
61 76
47 80
78 93
85 97
48 90
65 98
37 38
17 60
13 40
10 92
11 34
33 87
62 99
10 99
11 55
4 90
63 68
52 73
8 90
46 60
31 73
35 74
39 56
5 33
65 94
43 59
65 87
53 68
8 64
23 65
11 82
58 80
29 30
10 30
35 61
65 83
0 14
37 50
6 37
11 81
47 55
11 83
8 31
26 95
33 37
44 97
2 72
62 65
29 65
62 94
22 47
21 56
2 75
51 52
22 63
37 54
4 15
35 65
5 44
61 98
13 34
76 87
45 90
52 75
53 55
9 21
11 21
2 23
36 80
52 87
37 70
14 92
15 93
18 83
13 89
39 66
21 71
21 51
22 32
27 62
69 95
32 52
73 79
64 99
21 75
61 83
29 61
61 66
23 33
62 67
35 95
41 73
11 80
15 35
58 90
38 65
4 28
24 57
24 29
6 91
55 69
28 74
17 92
13 93
49 89
33 89
71 85
37 88
22 23
29 44
52 66
48 78
2 98
84 97
18 55
61 87
78 98
31 49
70 76
4 76
37 77
51 89
35 78
31 67
4 30
51 94
42 45
64 93
17 34
40 84
19 34
6 95
58 75
23 39
19 70
52 59
27 51
2 62
9 85
0 3
12 37
57 74
31 93
7 27
14 32
34 76
27 34
65 75
8 28
95 98
2 38
17 40
27 60
21 83
2 9
90 91
25 69
33 72
39 88
4 12
52 69
90 92
10 16
24 83
33 80
24 54
71 76
37 90
34 45
21 64
13 44
63 75
9 33
21 93
15 74
37 59
6 68
38 40
38 61
86 87
15 91
43 88
46 84
74 90
65 66
41 44
33 97
15 45
17 26
21 58
22 78
34 81
90 93
11 89
13 70
52 62
42 95
2 71
77 78
63 97
49 69
58 96
39 79
70 81
14 51
30 55
52 57
77 90
28 73
31 45
10 89
11 53
8 80
73 78
80 85
49 64
35 97
10 82
54 95
59 61
21 26
21 29
25 89
78 92
12 65
61 75
30 68
76 95
8 75
52 81
27 40
35 90
4 38
11 86
46 91
45 70
21 22
56 90
7 94
0 40
50 94
14 89
0 33
2 66
20 91
28 57
9 65
21 88
10 95
75 86
56 78
19 27
28 58
90 98
37 49
9 76
49 63
69 83
52 84
28 91
34 88
10 67
10 96
35 88
15 37
80 93
33 71
9 52
6 75
2 32
14 48
22 72
16 74
88 99
87 99
15 46
27 70
5 40
26 44
52 92
38 87
79 94
11 32
57 78
22 59
12 40
2 12
40 88
65 71
57 69
18 80
14 62
13 58
8 44
5 81
36 74
31 57
26 27
64 73
28 48
12 87
26 74
80 86
37 56
31 40
7 48
30 92
55 99
29 95
15 22
41 99
20 89
12 61
53 92
21 62
11 29
40 73
66 73
72 99
72 73
4 68
24 81
59 65
16 49
83 95
75 85
37 69
9 61
74 82
57 79
79 95
19 52
28 93
52 71
75 93
60 69
27 50
31 34
11 99
8 99
8 23
3 28
24 42
19 40
38 70
80 91
58 64
33 59
14 43
6 52
5 98
11 41
2 36
34 94
10 86
31 58
27 79
85 87
2 59
69 73
4 78
32 44
68 91
39 41
60 94
18 49
16 33
61 71
15 77
76 91
4 46
10 24
34 38
48 52
2 97
0 34
38 71
11 67
5 34
36 88
50 73
0 78
10 81
7 60
14 75
64 67
67 68
52 97
58 97
62 89
12 71
70 88
15 56
40 43
32 65
38 95
21 97
46 90
49 82
4 80
25 45
24 79
5 49
49 96
39 54
19 75
15 98
39 59
22 90
33 66
19 94
36 75
12 91
23 99
87 95
23 93
46 47
6 17
1 32
40 94
7 14
28 35
40 57
43 76
35 87
12 70
14 54
66 99
13 16
32 61
17 44
28 92
6 97
33 82
11 46
93 96
42 99
25 57
36 61
16 51
21 72
43 78
13 78
44 58
1 83
24 69
42 67
68 89
18 33
40 64
51 82
31 89
9 38
38 43
16 87
39 50
10 14
12 34
70 96
8 72
31 70
8 96
36 65
33 45
29 69
70 94
42 61
65 97
36 95
24 32
60 67
13 82
34 64
24 75
44 93
0 28
43 77
45 79
45 64
9 12
38 91
9 35
0 70
1 68
68 74
0 27
14 45
27 84
7 33
68 76
42 94
21 27
24 87
24 84
73 90
34 73
2 11
11 60
58 87
15 84
39 60
8 97
17 49
9 99
71 99
33 69
26 94
20 44
52 76
5 70
33 63
75 95
87 89
33 43
78 91
9 84
54 73
23 73
3 65
46 70
19 24
52 80
50 95
55 74
84 87
40 98
21 23
22 28
11 65
28 43
60 88
47 68
14 87
21 32
12 95
82 87
54 61
93 99
8 59
21 41
0 49
3 78
14 16
21 35
16 68
0 94
57 90
31 44
67 87
8 87
22 66
47 49
27 42
33 51
75 99
34 43
61 97
42 65
19 97
24 50
22 99
28 41
11 30
65 77
5 78
10 35
6 49
37 41
11 98
20 28
67 72
69 80
34 96
72 93
6 43
45 72
25 67
3 61
58 99
15 36
10 58
57 64
10 85
70 73
44 80
32 69
45 49
39 68
23 49
9 58
7 49
57 66
52 54
6 24
8 10
57 72
93 97
18 68
45 66
36 78
14 18
22 44
59 93
15 96
24 92
63 70
12 43
75 76
14 82
68 82
83 91
21 66
10 56
2 92
15 73
36 97
4 83
0 76
2 3
11 49
34 57
35 71
64 70
14 73
11 61
4 56
54 65
61 79
50 57
10 39
22 80
9 95
11 85
78 84
27 99
61 77
2 77
34 46
44 51
49 72
3 90
83 99
23 58
7 29
2 80
10 77
19 46
15 53
34 63
8 9
20 67
14 80
43 70
60 89
16 71
66 67
2 42
27 39
2 48
21 94
71 84
6 55
67 88
84 90
13 60
8 39
4 44
33 62
22 75
15 57
3 95
84 94
32 95
52 98
46 78
87 93
71 95
35 46
0 38
1 69
56 65
33 73
43 56
9 14
9 24
26 99
2 54
57 70
85 96
23 67
13 28
9 63
9 16
28 46
38 52
5 22
14 97
2 84
81 87
59 99
79 99
1 55
25 73
4 55
24 98
71 89
29 99
65 79
58 71
24 76
27 37
74 81
36 90
71 82
0 6
10 84
5 28
3 11
0 90
32 91
1 29
1 15
16 62
38 68
33 47
24 48
55 91
10 93
42 52
34 98
51 98
5 8
40 96
64 89
53 90
42 89
46 49
23 45
55 67
9 89
35 44
62 82
59 73
7 96
65 92
47 75
20 90
4 32
26 53
8 66
51 81
2 56
40 46
24 71
0 77
70 98
30 63
10 20
56 61
90 96
49 81
9 82
67 71
1 90
32 85
4 77
65 80
39 94
8 71
67 79
9 93
43 49
61 92
17 76
63 87
44 64
94 99
54 57
9 67
40 77
14 71
45 50
73 88
21 42
1 96
43 90
58 72
14 63
23 57
48 65
12 68
76 97
6 33
49 76
31 78
37 94
11 25
29 74
20 45
47 97
2 79
3 15
0 15
33 96
6 60
22 96
15 19
52 79
13 35
77 95
3 5
26 88
21 59
24 97
0 12
54 99
22 39
48 61
14 79
2 19
33 81
21 80
61 80
16 60
53 60
12 52
26 30
13 90
44 88
41 90
50 61
41 78
16 31
14 42
61 84
58 59
38 75
32 86
65 84
49 59
95 97
63 71
14 57
13 15
13 81
23 40
49 73
66 93
11 52
6 83
18 46
45 54
55 89
40 72
40 56
39 93
7 32
44 91
7 55
40 63
53 63
31 60
97 99
41 43
23 34
8 67
40 51
35 64
71 81
12 75
33 57
31 82
39 55
68 81
31 35
15 43
34 72
27 43
44 62
25 44
36 87
18 27
19 74
11 39
78 88
39 87
67 75
5 93
56 91
20 78
45 88
24 38
14 69
71 93
49 66
74 83
15 20
18 70
75 89
29 91
17 21
60 82
27 78
19 78
83 85
4 29
33 54
18 34
43 69
16 75
72 89
28 84
15 30
28 36
50 65
4 70
5 90
9 36
27 55
78 96
39 58
83 86
9 81
14 50
84 95
44 48
43 94
24 80
7 83
19 87
14 47
11 95
9 19
19 61
92 95
56 87
36 46
22 97
60 64
18 75
1 48
0 56
56 95
74 84
16 55
49 51
19 65
35 99
1 28
17 63
50 99
12 17
30 60
34 51
70 77
26 69
19 90
20 99
86 96
17 38
37 60
55 76
77 87
50 52
5 15
75 82
59 67
10 98
8 37
4 40
17 84
22 87
34 77
11 45
7 88
21 36
54 67
11 48
15 41
33 76
64 78
19 88
3 40
66 89
0 69
11 26
19 95
47 70
10 45
45 59
14 81
2 50
21 79
23 70
17 33
28 53
49 57
74 98
88 89
30 90
38 97
38 49
48 95
62 98
22 54
21 48
32 99
13 98
2 17
10 36
44 92
70 72
25 99
10 22
34 47
20 21
56 71
46 58
12 24
56 70
20 57
27 44
55 82
57 59
21 54
36 64
70 91
11 33
77 91
18 94
10 63
62 81
12 97
18 97
68 86
50 67
4 34
21 92
28 31
23 89
20 87
20 71
40 62
15 63
34 56
27 29
57 88
13 36
5 58
6 29
25 39
67 93
16 42
36 71
44 72
58 66
27 92
79 89
67 83
42 82
28 96
53 78
40 66
71 77
31 36
0 8
22 67
80 95
19 71
22 37
27 68
49 62
60 76
27 67
9 22
51 70
78 94
58 67
22 51
16 64
40 91
0 22
17 65
4 41
53 70
34 66
37 68
10 19
18 40
68 85
6 14
12 49
39 71
9 39
48 85
9 56
17 35
29 85
40 59
4 81
7 52
17 52
22 62
13 26
1 78
18 52
23 44
8 89
52 63
55 94
34 62
34 59
4 16
69 74
64 82
15 27
5 76
83 89
29 67
34 91
51 78
45 68
31 90
41 65
37 93
10 74
23 35
53 69
0 41
39 75
9 77
16 97
3 51
15 31
4 82
29 86
76 83
9 20
5 60
89 97
7 24
28 88
67 97
46 69
26 39
84 88
75 81
26 67
3 52
8 51
6 32
17 61
10 37
6 74
19 28
44 94
32 74
33 38
30 84
74 92
3 34
52 77
15 88
6 80
55 86
38 55
22 71
63 90
5 6
33 42
27 90
36 44
11 24
10 41
55 85
67 94
3 70
45 60
53 84
44 66
25 28
14 96
20 39
25 37
39 83
27 28
7 34
33 46
3 24
88 90
40 47
8 46
82 97
60 81
21 50
31 81
41 61
20 73
8 54
42 98
5 38
33 79
16 83
8 62
27 83
0 93
34 53
2 41
21 25
66 70
28 64
21 84
4 21
1 6
63 78
37 58
29 94
92 94
46 93
48 69
7 70
29 89
74 76
62 70
74 75
13 68
16 72
12 55
29 39
49 98
26 31
59 70
48 86
55 88
3 10
9 47
14 76
28 30
7 74
74 87
45 87
0 60
11 92
17 58
33 98
68 94
23 36
23 60
7 68
87 98
72 82
35 72
80 99
55 81
82 83
54 89
52 56
12 33
38 60
18 24
40 53
30 70
28 51
26 64
17 99
54 93
59 89
42 81
51 93
52 96
7 80
89 93
30 78
4 60
13 55
42 44
72 78
50 89
24 77
47 87
35 59
69 86
68 88
35 39
15 64
64 90
16 66
15 94
58 89
1 92
15 86
44 84
30 47
4 89
33 50
26 89
23 78
17 20
22 89
27 48
16 88
62 93
41 91
16 29
62 78
81 91
60 72
29 76
48 91
48 74
16 91
5 77
0 58
5 12
27 47
47 52
60 91
49 54
66 82
36 99
37 55
8 43
16 79
8 17
41 95
8 16
4 25
31 98
16 17
86 90
12 60
38 83
82 91
16 23
27 73
5 69
40 41
90 94
79 82
8 69
24 63
68 77
11 96
28 94
19 21
11 57
11 37
7 40
82 88
81 97
14 98
4 48
1 70
38 74
44 59
56 68
47 71
27 89
17 19
21 91
27 32
22 43
32 67
3 62
27 45
29 82
23 82
37 87
30 34
83 94
17 82
36 59
71 98
1 60
12 83
27 63
36 72
10 73
68 98
6 26
47 53
24 56
44 46
39 97
8 82
35 67
25 43
8 45
10 57
29 88
49 53
25 90
9 18
14 38
9 74
17 89
69 92
73 94
11 73
28 63
11 14
30 69
17 95
17 93
45 71
25 78
51 58
91 96
48 99
64 81
45 55
58 69
18 87
56 75
43 60
32 76
3 13
51 90
17 36
9 98
15 47
14 17
9 45
92 99
15 18
60 73
3 74
4 99
31 68
32 89
16 26
75 77
85 92
66 78
47 94
30 40
2 63
41 87
40 54
59 60
54 58
28 62
45 94
76 80
6 13
71 74
17 24
22 79
68 73
17 67
58 62
31 55
20 37
13 76
89 94
5 56
12 74
15 85
1 34
43 93
5 35
4 67
17 56
1 76
40 42
48 94
17 81
0 68
1 40
20 40
15 51
44 79
17 47
81 83
46 52
28 72
19 44
2 96
34 54
35 66
1 26
89 91
10 47
22 50
41 70
69 93
16 93
32 39
74 97
4 49
4 96
1 20
12 14
49 77
28 86
4 98
16 58
29 38
5 68
16 32
13 69
26 82
3 87
34 41
24 47
13 29
41 71
23 28
2 18
18 71
3 42
79 98
85 90
44 54
42 49
83 88
26 37
60 66
22 46
63 94
19 64
57 68
15 25
17 77
22 45
8 73
30 49
2 4
18 78
72 81
35 53
59 78
32 94
88 92
16 22
18 74
13 19
22 42
45 75
20 65
20 75
23 26
25 91
64 68
55 64
51 76
35 69
16 54
34 42
1 12
19 30
57 60
18 88
45 93
27 57
12 29
2 46
82 93
74 80
56 97
63 65
1 44
64 98
16 50
2 7
49 79
9 37
18 90
37 71
79 81
47 90
19 31
61 63
4 65
49 56
58 82
32 82
13 38
16 59
3 4
43 58
24 96
19 53
20 70
54 82
86 92
50 82
49 91
67 80
30 35
47 78
7 64
40 79
2 20
4 26
84 99
72 90
13 83
77 97
43 68
35 89
15 72
35 37
66 81
8 79
37 75
1 38
26 91
14 46
65 96
69 85
9 41
7 95
10 18
59 82
54 70
23 90
22 82
15 23
51 60
38 51
20 97
29 81
91 99
45 58
62 90
5 26
18 61
6 51
36 66
37 83
20 61
80 89
13 84
33 77
3 71
32 38
20 34
73 87
57 94
7 61
18 65
61 96
91 92
44 96
36 39
26 76
6 8
3 49
26 72
5 55
22 73
78 86
0 10
72 98
28 66
57 87
16 27
38 80
8 42
34 79
29 37
10 25
8 50
75 98
4 61
67 91
8 11
15 62
16 80
22 69
21 46
60 98
44 53
46 65
4 92
74 77
42 70
0 55
7 65
64 84
66 98
20 68
18 95
23 81
3 33
12 32
81 88
0 25
2 91
11 58
12 80
10 43
41 52
6 53
63 95
51 77
7 75
31 84
5 41
44 50
49 50
18 30
3 9
29 31
79 93
7 31
12 13
73 93
2 47
27 82
17 22
11 35
45 83
6 46
33 56
65 91
19 99
10 13
8 57
46 61
8 81
5 36
28 85
80 82
60 62
6 48
91 98
42 78
0 35
17 18
27 75
3 68
12 51
25 65
55 73
7 23
26 59
32 88
50 93
40 50
55 77
69 96
6 58
3 31
55 98
66 90
42 93
21 96
18 53
55 56
39 80
29 64
19 23
16 94
63 74
48 88
28 59
0 26
70 79
36 67
7 13
26 45
15 66
58 73
29 45
6 86
50 98
31 83
18 28
6 31
17 39
24 41
62 76
3 14
23 98
26 81
16 35
56 74
45 97
11 93
61 91
13 77
3 91
25 61
32 81
36 53
4 52
6 93
28 47
34 50
31 76
53 58
7 59
2 25
95 96
60 77
48 67
26 85
11 74
47 61
71 73
30 36
1 49
43 55
47 65
82 94
60 86
5 10
50 81
51 69
20 43
57 71
7 97
8 76
20 95
55 57
33 53
78 85
27 80
14 77
9 73
54 78
60 85
22 57
31 69
26 38
24 46
67 92
51 56
54 81
13 87
9 57
38 62
0 87
56 60
15 59
59 90
11 43
6 62
13 32
35 82
70 86
97 98
28 42
35 51
21 63
47 74
64 83
23 55
11 84
13 92
41 68
26 86
37 97
3 79
30 58
58 79
54 98
23 68
10 27
26 66
13 75
7 46
63 85
57 93
44 63
39 92
88 98
7 15
81 93
4 33
78 79
39 48
6 92
58 81
47 95
7 78
69 84
1 63
19 59
35 54
43 87
30 44
27 87
68 72
59 81
19 72
0 11
12 26
31 38
4 39
75 94
35 62
52 91
80 81
48 89
73 75
55 72
23 84
7 72
50 70
62 77
4 95
50 58
36 37
77 83
14 56
25 87
42 58
56 83
25 40
6 35
6 22
5 29
25 95
22 81
32 37
41 75
46 95
13 56
57 58
3 75
54 60
58 76
8 53
57 75
47 88
5 83
30 33
17 41
75 88
4 45
35 45
6 30
36 69
12 62
70 85
17 98
39 84
89 92
26 43
25 71
33 91
53 76
34 86
36 89
10 88
0 83
31 92
63 88
35 43
0 29
10 31
83 98
27 97
76 93
3 64
5 87
40 86
20 86
48 76
1 56
7 90
53 93
6 64
64 92
46 76
80 94
8 38
51 68
16 48
59 98
11 22
1 21
21 53
0 36
13 48
41 51
36 54
28 54
9 13
26 73
18 21
32 45
67 84
64 76
73 83
9 27
12 31
0 20
31 32
64 69
27 81
42 90
0 75
2 53
8 30
20 52
76 86
28 79
62 69
41 49
52 53
0 9
72 84
10 94
3 60
3 72
87 88
0 71
19 39
27 96
91 95
46 99
26 51
3 66
23 29
13 71
50 78
9 25
59 84
1 84
69 88
30 93
48 82
42 76
41 97
25 70
55 59
87 94
36 51
29 73
15 42
17 45
56 62
20 55
39 91
16 92
34 85
29 77
63 86
59 68
9 43
43 71
11 63
25 34
11 36
22 76
29 56
8 12
32 64
31 75
1 77
31 87
3 55
66 68
57 83
29 98
27 71
