100 2967 584.0214037173638 dense
0 249 407
1 799 257
2 920 692
3 713 861
4 678 722
5 643 562
6 422 6
7 770 287
8 561 38
9 426 893
10 547 603
11 269 615
12 650 170
13 119 361
14 217 918
15 276 70
16 114 51
17 503 605
18 276 225
19 486 905
20 776 791
21 47 17
22 809 13
23 845 294
24 409 522
25 169 793
26 466 320
27 81 753
28 8 542
29 349 478
30 993 833
31 807 102
32 959 590
33 910 960
34 227 999
35 499 314
36 628 700
37 177 957
38 823 851
39 170 731
40 976 169
41 656 190
42 487 960
43 58 814
44 272 943
45 512 270
46 406 912
47 887 316
48 8 79
49 944 968
50 223 918
51 305 388
52 726 113
53 308 812
54 819 680
55 815 619
56 764 585
57 960 555
58 246 432
59 706 101
60 351 985
61 924 176
62 205 626
63 355 654
64 226 415
65 717 60
66 108 313
67 602 572
68 341 871
69 522 840
70 161 305
71 413 232
72 878 91
73 743 508
74 283 930
75 237 843
76 722 644
77 151 566
78 366 747
79 148 47
80 526 449
81 645 522
82 525 274
83 485 586
84 372 670
85 796 57
86 364 458
87 297 749
88 432 146
89 499 826
90 938 44
91 983 941
92 938 607
93 813 655
94 400 874
95 467 39
96 732 229
97 806 444
98 292 477
99 617 619
14 50
45 82
44 74
12 41
52 59
63 84
0 64
29 86
0 58
54 93
17 83
58 64
69 89
32 92
9 46
9 94
26 35
16 79
33 49
32 57
55 93
46 94
5 81
1 7
5 67
59 65
10 17
35 45
22 85
31 85
23 47
49 91
35 82
13 66
67 99
40 61
66 70
52 65
4 36
19 42
44 50
6 95
14 37
57 92
29 98
1 23
68 94
0 51
37 50
14 44
54 55
9 19
50 74
55 56
25 39
5 99
10 67
53 87
10 83
58 98
11 62
27 43
34 37
67 81
14 74
53 68
26 45
78 87
7 96
13 70
10 99
34 44
31 72
56 76
1 96
21 48
51 58
19 69
24 29
86 98
26 82
16 21
7 23
33 91
20 38
72 90
50 75
46 68
78 84
53 75
14 75
24 86
65 85
56 73
19 89
19 46
62 77
34 50
14 34
31 52
36 99
0 98
68 74
51 64
25 75
41 96
56 93
2 92
53 78
60 74
9 68
71 88
72 85
12 59
34 74
22 31
44 60
4 76
52 85
73 97
51 98
64 98
9 42
46 60
19 94
51 86
76 93
27 39
63 78
8 95
42 46
3 20
11 63
12 52
37 44
55 76
61 72
25 27
74 75
73 81
9 89
31 65
24 83
44 68
29 51
59 85
81 99
31 59
12 96
2 54
41 59
26 71
22 65
54 76
41 52
22 72
17 67
5 10
21 79
1 47
44 75
45 71
68 75
76 99
30 91
84 87
2 32
37 74
36 76
16 48
9 69
54 56
89 94
3 38
39 62
53 94
63 87
75 87
88 95
29 58
25 43
2 93
5 73
5 76
60 68
17 99
52 96
11 84
67 83
9 60
35 71
20 54
71 82
4 99
4 20
13 64
7 47
53 74
58 86
60 94
42 94
0 29
5 56
55 92
46 74
34 60
42 69
40 72
24 98
17 24
0 86
10 36
68 78
69 94
46 89
50 68
10 81
64 70
11 77
2 55
39 87
12 65
37 75
68 87
74 94
22 52
15 79
23 96
39 75
36 67
59 96
40 90
78 94
55 73
14 68
22 90
61 90
14 25
92 93
42 89
56 81
0 70
25 87
22 59
44 53
50 53
83 99
25 50
46 69
11 87
18 71
44 46
73 76
35 80
0 13
24 80
29 64
42 60
31 61
5 36
39 43
33 38
80 81
54 92
14 53
11 98
67 76
46 53
18 70
25 53
6 88
83 84
20 93
23 61
26 80
85 90
24 63
6 8
2 57
80 83
9 53
31 90
3 4
41 65
48 79
30 49
76 81
50 60
64 86
67 80
47 61
28 77
44 94
13 58
17 84
5 17
63 83
32 55
4 54
56 97
31 96
45 88
9 74
19 68
1 61
7 41
14 60
4 93
56 99
47 97
30 33
11 39
24 84
62 63
58 70
52 72
62 87
78 89
67 73
23 97
15 18
1 31
10 80
41 82
53 84
17 63
64 66
34 75
20 76
19 60
17 36
8 65
17 80
9 78
1 41
8 59
82 88
55 57
11 29
2 30
8 12
6 15
5 83
32 93
10 24
39 53
75 78
7 97
1 52
4 56
9 44
87 94
80 86
56 67
12 82
5 80
73 93
15 16
4 5
11 78
65 72
25 37
58 77
68 89
17 81
41 45
53 63
18 51
75 94
39 77
51 70
32 54
77 98
7 12
73 99
11 24
4 67
8 88
38 49
64 77
0 66
24 51
65 96
46 78
12 45
25 62
30 38
42 68
38 54
12 31
4 55
34 68
26 86
40 47
59 72
81 83
1 12
62 98
62 84
15 88
29 83
20 36
2 20
31 41
26 51
61 85
18 88
80 82
55 97
56 92
36 69
29 63
83 86
37 60
20 55
4 10
26 88
27 62
47 96
57 93
36 56
25 74
53 60
36 81
81 97
8 41
29 80
7 52
45 80
10 76
27 75
36 89
35 88
23 40
5 55
8 52
43 75
74 87
1 59
69 78
31 40
25 44
3 36
60 75
58 66
50 94
46 75
36 83
46 50
11 86
85 96
38 91
68 69
1 72
0 18
11 58
50 87
12 85
37 68
37 43
24 58
2 38
0 77
14 87
1 97
10 84
63 98
13 51
54 73
14 94
54 57
7 31
25 68
14 46
2 56
18 66
51 71
7 61
57 97
14 43
36 93
53 89
36 54
3 69
14 39
80 99
41 85
9 87
29 84
15 95
5 93
4 38
39 50
43 50
32 56
37 53
9 75
4 69
44 87
23 31
55 81
46 87
63 86
38 93
18 64
26 29
39 78
7 59
0 24
17 78
35 86
1 40
55 99
56 57
58 62
19 78
10 63
34 46
61 96
93 99
24 67
22 61
17 29
27 77
1 85
35 41
78 83
39 63
71 95
11 53
19 53
72 96
74 78
84 89
5 97
62 78
25 78
17 86
4 81
68 84
2 76
34 53
36 55
11 25
9 50
19 74
11 64
23 72
84 94
42 74
20 56
29 62
4 89
13 77
35 51
13 18
52 61
13 98
12 35
84 98
0 11
18 58
92 97
3 54
24 26
9 14
4 17
51 66
39 84
54 99
93 97
32 97
82 96
5 54
24 64
40 85
62 64
84 86
15 71
13 28
18 26
53 62
1 65
34 94
14 27
25 34
28 62
81 93
42 44
20 33
23 41
53 69
27 87
87 89
70 98
23 52
29 77
3 89
76 97
3 76
60 89
19 44
44 78
63 68
27 50
10 56
10 73
11 83
55 67
73 92
76 92
18 79
12 88
62 75
75 84
3 33
39 68
20 30
17 89
65 90
83 98
57 73
63 77
29 35
17 76
7 73
63 75
50 78
52 90
27 28
0 62
12 22
4 73
7 72
45 96
36 73
60 69
63 89
63 94
73 80
12 95
47 72
27 37
9 34
37 39
6 71
24 35
69 84
67 93
14 78
96 97
25 77
10 89
41 88
31 47
22 40
39 74
24 62
3 93
24 78
51 80
22 96
9 84
24 99
11 51
26 41
11 75
38 76
59 61
32 73
12 23
3 19
71 86
10 78
62 86
7 85
30 54
38 55
25 63
42 53
30 92
7 65
11 27
37 46
10 86
0 26
22 41
77 87
10 29
11 17
20 99
26 98
27 53
54 81
15 21
39 44
45 95
51 77
80 98
17 69
8 85
24 81
4 83
54 97
23 73
8 45
61 65
25 84
5 24
12 26
7 40
16 18
23 59
37 94
45 51
89 99
10 69
60 78
43 62
8 82
77 86
59 90
45 86
74 89
0 71
47 73
18 35
37 87
18 45
83 89
69 99
67 97
12 72
41 95
23 85
82 95
60 87
54 67
69 87
41 72
32 76
2 4
76 83
8 71
20 49
1 22
77 84
46 84
82 86
71 80
25 94
42 78
12 71
19 87
20 92
7 82
30 32
66 98
41 71
36 38
3 42
17 98
26 58
59 95
58 63
43 87
51 82
35 96
83 87
28 39
18 86
8 22
9 63
19 36
43 44
28 66
47 57
63 69
43 53
67 84
84 99
59 82
34 43
65 95
40 96
17 87
28 64
18 98
24 87
43 74
30 93
18 82
57 76
35 81
8 31
29 71
70 86
1 90
48 66
3 49
2 73
44 89
69 74
29 70
20 91
40 52
8 96
19 75
66 77
69 83
2 91
9 37
1 73
45 59
52 82
97 99
36 84
13 29
26 64
51 62
16 70
70 79
7 45
20 69
17 73
47 52
34 87
63 67
3 99
58 71
70 77
19 84
15 70
64 71
24 77
17 56
16 66
28 58
70 71
75 89
3 55
34 42
46 63
41 47
6 18
18 29
19 50
35 98
13 86
67 86
29 45
63 99
25 60
5 20
43 77
25 46
4 19
45 52
11 68
7 81
36 78
18 95
26 83
23 65
0 35
23 90
63 80
2 3
42 50
51 83
15 48
2 33
41 61
10 55
27 74
0 63
66 79
58 84
14 19
80 84
52 95
27 44
29 82
73 83
29 78
38 92
29 67
26 81
44 69
51 63
39 94
36 80
11 28
10 93
63 64
20 32
87 98
24 45
7 35
35 83
38 56
48 70
2 97
14 42
71 98
51 88
24 82
34 39
12 61
67 89
56 80
47 85
1 82
74 84
81 82
19 34
9 25
29 87
42 75
0 28
76 80
28 43
47 90
7 22
36 63
35 95
90 96
2 49
6 79
59 88
35 67
10 11
30 55
12 47
40 59
13 62
6 45
56 83
35 58
20 89
73 96
9 36
67 69
20 67
30 57
78 98
69 76
80 97
0 80
62 68
58 80
3 56
6 12
40 65
26 95
47 59
77 78
26 96
3 30
3 91
78 99
39 98
28 70
24 36
37 78
10 54
62 83
8 35
19 63
22 23
32 47
42 87
4 92
58 83
17 53
10 98
20 73
45 81
69 75
27 78
23 57
63 74
27 68
27 34
26 67
5 35
8 15
36 94
53 83
6 82
1 45
17 26
65 82
34 78
76 89
17 94
81 86
43 68
3 9
78 86
50 84
10 87
41 80
51 84
24 71
11 43
75 77
11 94
0 84
44 84
50 89
17 35
35 64
27 63
28 98
5 84
53 77
29 66
2 36
14 62
14 84
50 62
61 97
7 80
10 35
45 65
17 51
67 78
64 84
66 86
32 38
10 26
33 54
11 13
41 97
50 63
15 66
7 90
47 92
36 42
47 56
52 88
0 83
10 20
0 45
14 89
35 59
39 46
8 26
6 41
65 88
5 86
14 63
7 56
9 17
25 28
5 92
86 87
17 62
20 81
20 57
29 81
6 59
5 26
86 99
6 65
83 94
17 19
44 63
5 89
79 88
38 69
80 96
64 80
23 56
45 98
21 66
5 63
27 84
29 99
5 7
9 39
13 48
5 69
35 52
23 81
10 97
4 9
81 92
4 42
18 48
12 80
1 35
26 70
81 96
5 29
7 26
11 80
2 5
4 97
0 82
11 50
1 81
3 10
36 46
3 5
24 53
47 65
11 14
67 82
10 19
54 91
10 94
39 58
50 69
82 98
15 45
18 21
3 67
21 70
17 58
29 39
37 42
13 16
38 99
64 83
4 84
4 32
81 84
3 46
5 82
6 16
88 96
47 55
45 58
17 68
19 20
2 99
35 73
36 97
39 60
42 84
11 89
17 55
4 80
9 83
22 47
4 78
3 94
19 37
62 74
49 54
15 26
17 93
70 88
9 10
12 90
82 83
19 99
14 69
45 67
43 78
12 97
11 74
13 79
62 94
66 71
60 84
57 81
4 94
24 89
6 26
5 57
45 83
23 32
5 32
80 88
6 35
24 39
10 53
41 90
47 81
63 81
0 88
19 83
71 96
79 95
9 11
68 83
15 51
86 88
73 82
5 45
33 93
23 82
58 82
45 64
40 41
39 64
59 71
13 71
58 87
92 99
32 81
8 72
15 82
17 46
0 17
6 52
34 89
71 79
2 81
40 97
1 8
36 92
10 51
62 70
44 62
67 98
17 54
26 59
38 89
7 8
18 24
12 40
95 96
38 57
23 55
23 92
35 99
11 46
62 66
4 57
11 44
11 70
82 97
7 57
85 95
24 70
41 73
10 82
1 56
4 63
31 82
17 20
30 76
15 35
64 82
13 15
7 67
60 63
3 17
55 83
25 89
45 73
13 24
17 82
4 46
16 88
37 62
41 81
26 52
4 33
91 93
5 78
42 63
35 97
0 39
1 80
23 45
4 30
9 99
36 68
24 73
28 51
77 83
36 87
35 65
26 73
20 42
10 45
94 99
52 71
39 86
26 99
7 55
17 45
34 69
83 93
4 24
55 80
53 98
46 83
5 23
18 80
11 67
17 64
24 76
19 25
29 53
91 92
58 78
81 89
43 63
54 69
24 69
30 56
67 92
10 68
0 15
35 70
78 80
11 69
1 57
64 88
1 26
36 53
25 98
43 60
49 93
3 92
31 45
10 46
2 67
5 38
52 97
8 18
69 81
58 88
27 94
19 38
64 87
45 97
31 97
29 88
11 66
39 89
1 5
10 62
22 95
17 97
32 99
5 96
69 93
0 87
87 99
43 84
3 81
31 95
10 58
5 47
23 35
9 62
39 83
28 29
54 83
37 84
47 93
82 85
43 94
27 98
37 89
11 99
20 97
15 64
32 36
57 99
65 71
51 67
13 26
16 71
46 62
12 73
76 84
83 97
37 63
13 21
56 69
54 89
32 91
19 76
26 63
12 81
24 94
38 73
19 67
67 87
45 70
16 95
38 42
80 93
33 55
33 92
17 77
11 37
3 73
23 80
98 99
11 26
45 85
17 42
28 87
24 68
62 89
81 98
38 67
20 83
27 60
17 39
25 69
29 36
0 10
17 75
82 99
7 32
75 83
3 83
59 97
56 96
32 67
89 93
26 66
14 77
36 86
56 89
53 86
57 67
78 81
25 42
50 77
68 77
88 98
34 84
0 78
7 76
72 97
64 78
24 56
19 39
27 58
49 92
46 99
51 87
5 98
7 71
71 83
26 65
7 92
43 46
27 46
26 97
24 25
10 42
11 19
36 57
4 49
1 55
26 84
23 93
25 29
18 77
55 91
15 58
67 94
51 78
24 75
37 69
53 99
47 82
45 99
66 88
9 20
28 63
42 99
3 78
70 82
51 81
7 99
28 86
3 32
9 67
7 88
24 66
62 80
67 96
55 69
63 76
47 76
33 76
27 64
34 63
4 68
39 69
39 51
11 36
25 58
23 67
35 63
1 32
75 98
47 54
7 93
76 78
23 76
10 38
71 81
9 24
1 67
10 64
49 55
3 68
5 41
9 27
54 80
32 33
13 39
34 62
68 99
0 79
31 35
42 83
38 81
85 88
6 21
51 79
4 91
64 79
13 63
9 43
1 92
24 88
8 90
5 19
80 87
2 47
6 85
31 88
5 11
25 83
55 89
45 47
80 89
35 84
12 18
61 73
28 75
32 49
11 35
29 89
11 60
35 56
53 67
13 88
23 26
5 51
57 61
0 16
4 53
16 64
18 41
29 75
6 96
4 87
25 64
73 86
8 23
62 69
58 67
3 60
13 35
47 67
17 25
1 88
2 10
33 36
17 71
27 29
0 27
47 80
51 95
53 58
20 94
22 82
41 67
28 84
11 34
40 57
57 91
7 10
9 76
1 71
23 54
6 22
85 97
12 15
74 77
11 81
16 51
60 62
25 86
35 47
51 99
8 61
30 36
67 71
20 46
0 67
24 46
11 18
19 24
3 84
35 66
52 80
69 80
10 92
39 42
7 95
59 80
37 77
86 89
10 75
5 12
56 82
70 80
46 67
17 74
22 45
35 85
49 76
77 80
29 68
3 57
5 87
42 76
13 27
65 97
0 25
10 71
1 76
29 73
52 73
76 91
5 94
76 94
5 9
44 77
19 62
7 54
77 94
41 86
6 31
67 68
6 70
23 99
68 98
1 95
58 79
36 60
72 82
10 77
57 96
15 86
10 39
1 93
35 76
15 41
55 96
26 56
69 73
74 83
9 38
29 94
63 70
13 84
6 51
26 77
22 88
48 64
62 67
73 89
56 84
24 27
29 69
24 28
19 54
26 62
5 71
33 56
41 51
16 58
36 98
45 56
13 45
76 86
28 53
17 38
24 97
42 67
26 31
73 84
12 67
2 23
1 99
53 64
75 86
70 95
89 98
47 99
12 86
21 88
33 69
45 66
96 99
35 36
0 48
18 62
15 98
38 97
45 72
64 67
3 53
33 57
11 42
12 51
29 76
59 73
27 86
58 81
11 71
17 60
0 53
17 44
41 56
4 29
30 73
4 86
43 98
61 82
31 73
58 75
40 73
94 98
19 93
62 99
10 32
20 78
0 81
8 80
28 78
26 76
7 83
26 36
8 79
49 57
69 86
3 63
68 86
24 41
80 95
72 95
36 49
46 76
15 29
63 73
36 74
19 81
56 63
45 63
31 71
18 28
76 96
13 82
7 17
58 99
32 61
81 87
44 83
10 57
63 82
36 75
13 80
52 81
18 83
10 96
24 55
86 94
5 58
56 91
5 53
66 82
26 79
76 82
4 60
56 86
17 50
10 74
6 48
21 95
60 83
29 41
26 47
63 66
71 85
90 97
32 40
38 46
70 84
20 84
26 85
11 45
9 29
39 66
45 61
5 46
4 11
50 83
33 42
10 25
49 56
0 5
53 80
1 54
38 94
20 80
45 84
19 56
14 17
51 53
27 89
21 71
71 77
82 84
2 69
0 99
24 93
59 81
48 58
43 58
63 71
2 17
39 70
11 82
32 96
12 24
14 83
45 79
13 87
24 74
10 41
25 51
3 97
9 77
5 42
19 33
0 95
1 10
64 75
27 51
8 47
29 56
48 51
35 62
81 94
70 83
45 76
36 91
48 88
10 23
10 60
36 62
38 83
13 83
35 77
56 78
69 98
46 77
14 28
71 73
12 56
92 96
12 29
7 24
41 99
3 87
9 81
22 97
36 44
15 59
61 92
41 83
86 95
30 97
2 7
5 68
22 35
81 88
33 89
64 81
19 27
30 99
43 64
48 71
28 50
65 80
86 96
8 51
93 96
83 96
42 54
77 89
13 25
17 92
8 40
3 74
19 55
24 96
0 75
18 63
21 64
23 71
0 6
7 36
9 98
42 62
27 83
10 44
71 99
24 50
19 43
29 46
76 87
36 82
72 73
26 78
23 88
6 66
35 55
56 61
0 21
24 54
9 86
66 80
34 77
40 92
35 72
71 84
79 82
14 24
17 96
7 86
27 66
49 69
35 79
64 99
75 99
15 65
43 89
84 93
80 92
2 89
5 64
86 97
20 68
17 41
17 18
5 62
5 30
24 44
20 63
16 26
83 88
80 94
68 76
66 84
61 81
29 43
53 81
4 7
24 42
10 47
10 12
36 45
62 71
4 35
55 84
50 98
73 78
4 74
42 93
31 80
71 97
64 95
57 80
53 76
35 61
9 54
54 84
8 16
17 27
6 7
14 98
18 59
12 83
2 83
28 37
19 29
3 44
65 73
36 51
58 68
72 88
27 69
0 43
33 99
46 98
31 81
12 99
55 82
58 95
67 77
1 2
66 95
10 50
21 51
15 52
73 98
62 81
60 99
3 80
22 71
1 6
35 78
74 98
42 43
79 98
83 92
6 64
11 76
15 80
73 85
51 73
39 80
16 45
9 93
4 26
29 95
67 75
1 83
17 70
13 17
20 24
6 80
27 70
9 80
18 84
3 24
32 80
51 96
6 86
27 42
46 86
23 95
18 96
10 14
55 61
17 32
78 93
74 99
24 43
5 52
4 47
29 74
29 96
1 17
42 49
13 43
4 98
9 56
4 75
46 81
41 55
29 50
19 80
54 78
63 93
13 78
29 97
67 88
41 76
36 39
12 17
54 96
14 29
4 23
26 55
17 57
36 50
51 75
21 58
22 26
39 67
23 36
48 95
68 80
39 99
6 58
26 87
69 77
0 41
76 98
55 63
16 98
54 94
45 55
4 44
17 23
7 29
19 49
68 81
2 80
28 48
40 82
36 47
19 86
23 83
41 98
35 93
18 52
6 72
8 86
60 77
79 86
70 87
17 88
54 63
43 69
56 94
10 18
14 36
5 59
66 83
42 81
0 12
42 56
16 35
44 98
5 88
24 60
36 58
30 81
6 13
45 77
55 78
40 56
49 89
20 60
93 94
65 81
16 82
58 94
28 68
58 89
25 36
20 53
38 78
77 99
43 86
19 98
45 62
30 67
64 68
18 65
90 95
30 69
15 24
57 72
10 88
29 44
26 72
1 24
12 98
95 98
69 91
82 90
19 73
0 68
42 55
44 99
4 82
52 56
18 81
46 54
32 83
13 95
8 97
77 82
1 36
40 45
41 57
66 87
52 67
29 79
28 74
62 82
9 55
7 51
80 85
57 83
41 58
18 67
3 75
19 77
69 92
61 95
73 88
5 61
82 93
6 29
16 86
40 55
31 57
88 97
49 99
46 80
12 55
55 86
74 86
28 83
51 89
0 36
1 86
5 33
12 76
67 74
35 87
17 37
28 44
26 61
1 4
17 47
25 99
20 87
8 70
17 34
50 86
46 93
47 71
4 45
12 58
33 73
37 83
45 90
26 93
59 67
36 96
38 68
61 80
4 62
14 86
15 96
0 8
60 67
2 19
25 66
40 81
43 83
56 98
47 83
51 68
46 56
31 56
41 64
47 88
71 72
11 73
38 84
25 67
35 54
24 95
50 58
29 55
14 58
34 83
55 94
70 78
69 97
16 29
56 59
91 99
10 70
20 47
0 89
25 70
5 31
8 29
6 98
9 33
75 80
45 93
81 85
48 98
13 53
51 76
84 97
10 27
12 64
72 81
89 97
86 93
89 92
38 60
41 93
0 94
64 94
17 66
8 81
17 43
10 13
61 93
23 24
5 77
43 51
58 69
36 64
61 88
24 37
51 59
3 50
64 89
37 98
44 86
5 75
30 89
12 57
59 86
50 99
9 58
56 87
73 91
51 94
33 67
4 50
36 77
25 80
11 56
4 96
77 81
13 75
42 91
11 88
44 67
29 93
89 91
63 97
56 71
7 18
5 18
19 91
35 40
9 73
45 78
17 28
78 82
3 14
58 74
22 73
14 99
51 56
2 96
38 80
52 86
52 57
34 36
4 51
4 14
54 82
1 29
29 42
51 69
73 94
20 23
32 41
10 30
49 73
72 80
5 39
16 28
58 73
51 52
50 64
14 64
47 95
46 55
73 90
41 92
32 69
43 66
60 76
8 73
7 20
51 97
26 54
0 73
8 64
8 58
66 78
96 98
3 34
77 88
5 49
32 72
46 58
54 86
33 46
26 39
28 34
73 87
56 72
29 60
26 89
12 70
8 24
5 65
48 77
3 11
38 63
88 99
4 39
41 70
23 86
29 37
26 28
10 34
10 33
5 91
2 42
53 56
61 76
28 71
61 67
24 34
56 68
36 41
1 51
31 32
60 98
57 90
15 77
29 54
12 93
0 50
44 58
6 23
0 69
33 81
35 89
0 14
10 37
19 30
45 54
20 74
42 80
40 93
31 67
50 67
28 94
52 55
63 88
4 25
5 60
61 71
7 98
28 79
8 21
54 68
81 95
0 96
5 74
54 61
8 98
71 76
36 71
97 98
5 40
24 59
35 90
67 70
2 61
6 24
88 90
16 77
41 54
38 53
26 53
12 79
42 86
18 39
32 89
31 55
21 26
71 78
33 94
0 9
62 76
6 90
24 52
26 48
52 99
14 67
42 77
57 82
64 69
64 74
9 64
39 81
77 79
68 93
36 37
75 81
29 59
9 51
43 70
42 73
72 92
22 80
48 86
15 85
35 57
57 59
4 58
24 47
42 98
18 99
58 76
21 98
12 32
10 52
30 42
31 92
57 69
26 69
49 67
12 92
9 49
74 76
1 18
0 74
75 76
57 85
18 87
87 93
29 52
65 67
29 48
45 87
64 73
40 95
59 99
2 40
34 98
46 73
10 66
28 80
5 72
33 97
20 44
21 28
35 69
54 87
10 59
51 65
58 96
82 87
13 67
56 65
60 86
5 25
84 88
91 97
5 85
41 79
30 47
53 54
35 92
53 70
95 97
3 29
46 64
24 38
0 46
53 93
56 85
23 29
0 76
4 34
55 59
21 45
20 29
37 58
18 78
20 86
71 87
8 66
44 64
40 80
6 61
5 8
67 91
19 58
70 81
12 36
82 92
53 73
52 83
32 52
45 57
62 88
52 76
35 39
55 72
5 44
26 40
15 31
65 86
0 4
4 41
10 43
37 86
59 83
3 86
2 9
35 53
46 51
55 87
78 97
1 20
40 54
0 7
57 89
22 81
29 34
8 67
24 92
38 87
15 22
50 51
32 35
0 44
11 20
55 68
32 82
49 81
14 51
12 54
52 92
53 66
81 91
2 24
40 76
38 47
74 80
27 80
45 48
61 99
64 96
10 49
7 15
17 33
56 58
17 52
44 76
17 30
21 35
46 49
28 35
19 92
20 75
68 73
49 97
47 86
55 98
24 79
10 28
51 74
53 55
21 82
15 28
21 86
45 92
59 76
70 75
17 59
28 46
7 58
73 95
37 64
35 48
40 88
34 99
3 37
0 56
11 15
18 31
74 81
11 93
66 75
38 74
9 28
11 55
18 73
5 70
64 76
4 64
32 90
18 85
26 90
26 57
83 95
8 13
25 81
19 51
23 51
3 25
2 84
60 81
31 76
52 93
12 16
27 36
4 77
32 45
40 67
67 95
0 59
13 81
67 85
56 88
93 98
32 59
5 50
62 73
31 99
2 94
21 29
57 65
0 19
27 67
20 35
10 91
79 80
5 95
24 57
49 94
7 84
26 92
27 99
48 82
82 89
1 98
4 12
31 93
41 63
8 83
4 37
70 99
11 54
7 63
24 32
8 48
67 72
0 37
19 64
37 99
39 71
5 14
24 65
1 15
44 80
16 24
44 51
45 89
13 68
59 92
15 83
2 78
29 65
4 71
32 85
23 38
71 90
41 84
66 67
26 94
55 71
34 86
0 97
3 39
50 80
25 26
54 60
38 44
21 77
39 76
7 64
6 47
23 30
9 91
2 46
59 98
16 41
33 60
3 62
51 55
58 97
28 60
0 52
56 62
15 62
12 66
59 79
81 90
13 99
19 97
5 13
41 66
14 80
29 47
26 32
6 81
55 85
44 81
22 57
18 27
58 60
90 92
13 41
11 97
20 96
60 80
20 26
56 64
59 93
12 13
10 31
54 98
30 83
26 68
8 10
13 14
2 35
69 82
33 83
2 63
52 98
7 38
40 71
13 50
58 59
12 63
17 95
2 41
28 89
34 58
20 50
55 65
72 93
60 93
65 99
85 92
63 96
19 32
34 67
56 90
31 86
35 94
10 65
65 79
50 76
84 96
84 92
10 61
10 95
3 98
8 17
0 1
45 69
9 30
26 75
17 49
12 84
3 47
28 45
25 76
42 92
16 80
18 23
14 20
37 67
18 97
5 22
59 64
18 22
22 56
51 93
39 45
9 26
14 76
52 54
72 76
20 82
11 41
65 83
56 60
2 82
40 99
33 68
70 96
66 81
76 88
76 77
52 58
3 7
20 98
6 40
80 90
46 91
31 51
18 25
31 54
24 31
39 82
50 81
35 68
45 53
26 27
1 58
53 82
28 88
42 58
64 97
11 79
15 17
36 43
31 83
48 62
25 35
52 79
62 79
59 70
16 62
3 23
71 93
28 82
23 98
6 97
0 65
32 65
14 81
37 51
6 83
8 56
15 81
60 64
9 35
8 99
34 64
65 76
