100 3319 646.7271449382653 dense
0 12 946
1 663 61
2 611 33
3 727 676
4 305 780
5 932 484
6 947 495
7 427 185
8 553 778
9 169 909
10 433 473
11 198 411
12 24 84
13 471 341
14 510 632
15 329 81
16 810 261
17 996 211
18 376 837
19 775 685
20 898 438
21 50 321
22 885 313
23 373 562
24 190 902
25 22 453
26 16 60
27 428 186
28 168 61
29 537 124
30 74 76
31 23 932
32 184 948
33 459 455
34 411 661
35 428 761
36 586 480
37 271 915
38 658 411
39 314 711
40 956 742
41 621 110
42 664 429
43 799 111
44 486 862
45 869 952
46 324 385
47 727 885
48 732 911
49 234 941
50 949 595
51 9 942
52 583 766
53 202 641
54 309 770
55 111 773
56 377 666
57 745 473
58 875 236
59 13 336
60 369 990
61 153 235
62 859 651
63 720 837
64 646 809
65 813 445
66 288 409
67 184 846
68 195 257
69 122 643
70 574 885
71 519 511
72 943 916
73 309 284
74 127 257
75 697 915
76 927 508
77 469 892
78 419 29
79 369 955
80 75 675
81 539 174
82 519 158
83 431 787
84 615 501
85 527 566
86 95 481
87 64 352
88 303 172
89 989 412
90 880 728
91 247 35
92 246 615
93 817 346
94 20 990
95 457 937
96 612 515
97 132 196
98 350 296
99 618 249
7 27
0 51
4 54
84 96
31 51
0 31
5 6
38 42
9 24
6 76
5 76
12 26
81 82
35 83
47 48
10 33
8 52
21 87
61 74
34 56
44 77
60 79
48 75
36 84
29 82
21 59
9 32
47 75
73 98
46 66
36 96
61 97
0 94
37 49
24 32
77 95
61 68
47 63
3 19
51 94
29 81
32 49
12 30
53 92
59 87
71 85
24 67
69 80
5 20
31 94
24 49
1 2
39 54
26 30
74 97
1 41
9 67
68 74
14 85
4 39
16 58
9 49
57 65
36 71
18 83
48 63
6 20
22 93
20 76
52 64
40 90
39 56
2 41
22 58
25 86
63 64
62 90
53 69
44 95
63 75
24 37
33 71
45 72
28 91
29 41
20 65
16 93
42 84
68 97
50 76
79 95
11 66
19 62
44 70
4 18
16 22
5 89
18 35
42 57
46 98
44 83
6 89
32 37
71 96
36 42
10 71
15 91
15 88
20 89
18 54
28 30
27 82
7 82
71 84
8 64
65 93
85 96
36 38
38 84
6 50
21 74
42 96
34 35
32 67
46 73
9 37
60 95
14 34
55 67
15 78
41 81
23 56
36 85
55 80
64 70
70 77
37 79
50 62
23 34
38 57
10 23
49 67
8 44
35 56
18 77
81 99
8 70
34 39
25 87
84 85
37 67
47 64
27 81
77 83
73 88
5 50
7 81
41 82
18 44
19 90
38 96
74 87
76 89
13 33
35 44
68 73
2 29
25 59
64 75
39 92
77 79
18 79
35 54
52 70
14 71
8 83
20 93
54 83
37 60
17 58
54 56
58 93
4 35
35 39
11 86
7 88
5 65
27 29
20 22
7 29
27 88
8 35
4 83
70 75
66 73
69 92
34 83
70 95
11 46
18 95
66 98
13 98
33 36
33 85
65 76
55 69
18 37
53 80
39 53
10 85
56 83
88 98
86 87
57 84
40 62
30 97
48 64
21 61
3 62
82 99
4 56
27 98
21 25
7 98
49 79
44 52
35 77
23 33
14 56
10 13
68 88
23 92
4 67
59 74
41 99
4 37
57 96
39 83
28 97
60 77
10 46
18 39
56 92
1 29
8 77
7 15
45 48
6 65
22 89
49 60
15 27
1 43
12 28
57 93
43 58
54 67
11 87
61 87
40 50
9 31
9 55
88 91
29 99
34 54
44 79
21 97
50 90
42 65
37 54
34 85
22 65
16 43
17 22
24 55
29 78
26 28
33 46
8 14
83 95
14 52
14 35
47 70
10 36
18 60
13 46
52 83
63 70
14 23
11 68
7 73
23 85
27 73
52 63
23 71
35 52
2 82
14 96
12 97
3 64
7 78
20 57
45 47
27 78
2 81
62 76
10 66
21 68
38 65
36 57
4 34
68 98
48 70
23 39
53 55
13 27
3 63
0 9
3 90
19 63
31 32
68 87
7 13
15 28
33 84
61 88
78 82
9 51
61 73
69 86
33 96
20 50
21 86
42 71
59 86
38 99
54 92
53 54
4 24
1 81
14 84
44 64
11 73
32 94
11 74
9 94
24 31
3 52
52 77
14 36
87 97
18 56
38 71
34 92
13 73
38 93
0 32
78 91
59 61
88 97
4 53
11 21
70 83
44 60
13 99
1 82
14 83
42 93
40 72
28 61
28 88
23 66
32 51
4 92
45 75
4 49
18 49
13 71
10 14
53 56
33 66
8 63
5 22
30 61
24 54
30 91
41 43
66 68
35 95
26 97
19 64
65 89
79 83
6 62
18 34
5 93
56 85
13 81
13 36
11 25
80 92
11 61
31 55
46 68
5 62
31 67
0 24
23 46
59 97
10 96
8 34
73 74
16 65
78 88
10 84
14 33
89 93
34 71
32 79
57 76
24 51
8 95
42 99
4 79
8 18
24 79
49 54
47 52
37 95
50 89
5 57
39 67
4 9
52 75
78 81
45 63
23 53
30 74
13 82
10 34
32 55
32 60
19 40
11 98
24 94
35 70
2 78
18 67
6 22
16 99
53 86
16 17
33 98
1 99
63 90
42 85
4 55
54 79
80 86
13 66
74 88
64 77
10 98
76 93
19 50
18 24
9 54
51 55
16 20
73 97
6 93
28 68
3 96
91 97
54 55
72 90
59 68
4 77
12 61
4 44
8 75
0 67
0 55
37 77
24 60
22 76
44 54
51 67
11 59
13 38
27 99
28 74
10 56
17 89
54 77
12 74
7 99
34 52
3 8
86 92
50 65
35 79
67 80
38 85
6 57
20 58
2 43
39 69
18 70
3 57
33 38
15 73
8 47
37 83
15 82
9 79
19 47
65 84
53 67
66 86
61 98
23 35
33 42
4 32
27 41
52 85
3 84
55 92
48 52
7 41
49 55
19 52
37 39
8 56
3 47
11 92
58 89
34 53
56 71
66 92
48 72
62 65
31 49
14 39
57 62
33 34
13 42
39 55
67 69
60 83
15 29
52 95
22 57
65 96
16 38
8 85
37 55
46 88
19 57
34 44
25 69
67 79
13 84
9 60
15 98
2 99
64 83
82 88
20 62
70 79
32 54
44 75
23 54
41 78
30 68
58 65
82 98
47 72
67 94
4 95
35 85
18 52
9 18
47 90
4 60
49 94
22 43
35 37
61 66
17 43
61 91
15 68
93 99
3 14
66 74
37 44
16 57
18 32
0 49
26 61
25 74
16 42
8 48
49 95
54 95
14 64
35 64
13 96
17 93
44 56
45 90
27 46
11 97
81 98
7 46
76 90
49 51
10 73
54 69
26 74
74 86
33 56
74 98
13 29
40 45
46 61
33 73
43 99
24 39
68 91
54 60
15 97
23 36
25 80
3 85
64 95
12 91
4 23
4 69
39 44
52 56
75 77
57 71
15 81
36 65
11 53
19 48
60 70
66 87
11 23
14 44
13 85
46 71
62 63
26 91
23 83
36 99
19 76
35 92
10 38
15 61
20 42
16 89
7 91
60 67
10 92
46 74
3 48
10 42
55 94
44 63
48 90
19 96
43 93
27 91
40 76
81 88
3 50
35 60
63 72
57 85
66 88
50 57
34 77
13 88
39 77
3 40
12 21
2 27
2 7
29 88
67 92
97 98
49 77
8 19
3 75
83 85
75 95
3 36
20 38
39 80
13 23
16 41
44 47
6 90
19 75
46 92
7 68
19 65
10 11
12 68
39 49
27 68
23 96
14 54
19 84
56 77
8 54
11 69
73 82
14 18
68 86
9 39
72 75
1 78
21 30
3 65
6 40
17 20
22 38
53 66
64 90
4 8
1 16
8 39
46 86
30 88
34 96
31 37
5 90
23 84
22 42
49 83
39 79
44 48
57 89
34 36
84 99
9 80
12 59
74 91
66 71
54 80
83 92
52 96
61 86
4 80
4 14
28 78
21 66
67 83
29 98
5 16
73 87
25 61
40 63
5 58
24 80
84 93
14 42
3 42
73 81
5 19
15 30
8 79
35 53
56 69
6 19
73 91
63 77
18 92
58 99
57 99
39 85
47 77
35 67
3 70
5 40
34 84
33 99
25 53
0 37
14 70
11 88
3 76
24 53
25 68
21 73
75 90
37 94
46 87
18 53
31 80
29 43
52 71
21 26
14 77
27 66
37 51
7 66
48 77
23 69
28 73
56 67
66 97
44 49
14 92
35 49
11 33
45 64
38 81
62 64
3 71
93 96
14 38
35 71
96 99
10 39
1 27
26 68
33 92
1 7
52 84
23 98
24 83
36 93
30 59
39 95
43 81
24 69
15 74
47 62
6 58
8 71
24 95
46 97
8 96
25 66
40 47
9 53
9 69
14 19
32 39
57 58
64 85
37 56
27 33
12 87
6 16
18 64
53 83
7 33
56 66
46 85
62 89
98 99
18 55
32 95
16 76
71 98
5 42
3 38
52 54
22 99
39 52
42 76
1 58
47 95
18 23
51 80
19 85
13 41
78 98
19 20
26 59
30 87
48 95
25 92
65 99
24 35
58 76
34 70
73 78
34 64
62 72
0 80
4 52
7 61
29 73
36 46
38 58
19 36
19 42
24 77
27 61
56 96
25 97
36 56
34 95
71 99
5 17
34 66
91 98
40 48
8 60
3 5
8 23
63 95
21 46
50 93
11 13
62 96
37 53
56 95
19 45
41 58
19 70
5 38
46 53
14 57
8 84
43 82
42 81
39 60
59 66
16 81
3 6
85 92
23 73
52 79
21 28
10 53
19 72
46 56
42 58
38 76
66 85
36 52
2 15
39 71
62 84
33 57
55 56
66 69
10 27
7 28
86 97
67 95
10 35
7 10
6 17
27 28
13 68
57 90
38 82
67 77
4 70
54 70
9 83
56 79
22 50
9 95
48 62
34 46
34 69
23 86
56 84
71 83
20 84
34 37
32 77
10 99
20 90
6 42
65 90
73 86
11 80
87 98
71 92
33 81
24 92
55 86
12 88
23 52
34 67
3 20
63 83
15 41
14 63
13 14
21 88
32 80
33 39
56 70
32 83
75 83
7 97
42 62
26 87
64 96
27 97
20 96
13 15
78 99
69 87
34 79
17 65
28 98
19 38
9 35
82 91
54 85
24 44
44 85
52 62
87 88
36 98
46 82
52 90
8 36
9 77
59 73
6 38
37 92
21 98
24 56
45 62
46 81
65 71
49 53
35 63
56 80
44 67
45 70
2 16
33 82
39 66
38 41
29 91
9 92
15 46
13 57
3 44
37 70
56 64
17 76
12 15
16 29
31 69
36 66
41 93
35 96
42 82
32 35
32 53
33 35
62 93
26 88
14 53
4 85
7 74
16 82
28 87
14 46
16 84
71 73
27 74
20 40
19 71
64 84
25 46
14 95
36 81
62 75
52 60
37 80
49 80
49 56
35 75
37 69
18 85
3 45
65 85
3 35
73 99
32 69
29 38
40 75
11 56
47 83
10 57
76 84
39 70
38 62
64 79
16 36
46 84
8 37
15 26
30 73
32 44
10 83
14 66
20 36
46 59
86 98
76 96
28 59
64 72
55 79
46 96
3 83
13 78
3 34
40 64
35 55
10 81
33 53
5 84
39 86
49 69
23 80
18 69
68 78
51 69
80 94
87 92
9 56
23 42
34 55
53 87
35 84
55 83
4 31
9 44
23 44
50 72
10 68
5 96
11 39
7 11
11 27
27 38
10 54
41 42
16 96
36 62
0 69
35 36
70 85
23 38
85 98
3 72
33 88
7 38
80 87
81 91
35 47
46 99
64 71
1 93
41 88
56 60
88 99
42 89
48 83
13 34
59 69
39 46
49 92
10 82
83 96
81 93
24 34
46 69
8 10
10 88
35 69
11 34
41 98
31 54
38 98
36 82
22 84
10 52
40 65
85 99
42 50
21 69
33 68
18 75
29 42
75 79
15 66
8 90
60 64
38 89
77 85
34 49
8 62
38 43
40 89
34 60
78 97
6 84
25 55
4 10
63 85
22 41
2 58
25 73
59 88
50 63
33 83
14 47
54 71
53 85
27 36
89 90
15 99
43 65
36 64
1 15
52 57
33 52
38 46
84 98
7 36
13 61
92 98
6 96
81 84
1 22
11 71
34 80
8 33
23 55
61 78
60 75
3 77
0 4
29 46
73 92
55 60
56 86
4 51
27 71
71 81
20 99
2 88
10 86
13 56
2 13
32 92
7 71
27 42
68 82
19 44
35 48
22 62
14 75
54 64
36 73
59 98
1 13
22 96
63 96
66 84
29 33
83 84
7 42
71 93
66 80
66 96
69 83
42 98
66 82
23 67
45 52
96 98
19 93
31 53
20 43
58 81
32 56
18 80
40 57
3 93
36 76
4 64
90 96
22 36
53 71
62 85
42 46
34 42
23 77
4 71
66 81
36 83
70 90
18 63
38 50
44 92
49 70
59 80
0 54
42 43
37 52
51 54
5 36
13 93
39 64
50 96
9 34
42 52
31 79
19 89
50 84
21 91
3 33
8 92
12 73
30 78
13 16
81 96
33 54
84 90
60 94
14 62
1 38
3 56
57 64
79 94
31 60
11 28
34 38
63 84
82 93
14 79
44 71
30 98
71 82
23 68
21 92
68 81
4 94
13 74
33 65
21 53
18 47
10 69
13 92
21 80
11 15
19 35
34 63
77 92
53 79
43 89
18 71
14 65
29 58
82 84
73 85
14 48
39 96
36 39
0 79
11 30
41 73
3 10
29 93
13 65
51 53
8 49
46 91
19 83
53 59
0 53
29 36
28 46
54 86
4 33
0 60
44 53
51 79
8 57
8 45
6 36
79 92
54 66
68 92
69 94
16 50
17 57
38 52
57 81
51 60
54 94
35 80
59 92
18 48
25 98
34 86
11 85
2 91
85 93
28 82
10 29
58 82
47 79
19 34
57 63
33 86
47 50
1 17
4 86
31 39
18 31
48 79
36 92
45 50
32 34
43 57
87 91
8 42
27 84
53 77
50 58
66 99
29 68
39 84
23 37
10 61
23 25
62 71
7 84
1 42
15 21
28 66
23 64
10 18
46 78
13 97
62 70
26 73
42 90
82 96
12 25
44 96
52 92
19 77
7 30
38 66
34 98
70 72
63 79
11 12
14 37
74 78
2 98
27 30
50 64
56 98
58 84
4 66
38 73
48 60
36 41
3 23
3 89
70 96
14 98
42 56
11 55
86 88
53 73
22 81
47 60
80 83
23 87
40 52
61 82
33 93
28 29
10 74
2 93
73 84
8 67
53 98
3 95
67 86
11 54
66 91
47 85
42 66
1 88
8 53
33 61
27 96
55 77
74 92
85 95
70 71
36 58
7 96
29 66
27 43
35 66
15 87
11 91
13 91
7 43
92 96
38 56
17 99
0 18
23 27
42 64
23 70
25 30
36 50
7 23
2 38
73 96
10 65
33 41
59 91
36 63
41 91
8 38
18 51
46 80
14 90
11 14
23 57
34 75
39 51
0 39
60 63
55 95
63 71
56 63
34 57
48 50
44 84
58 96
42 73
8 24
41 57
16 71
53 68
4 11
71 77
23 95
24 70
84 89
36 90
14 60
92 95
29 84
46 54
65 81
44 55
33 69
20 71
69 74
23 24
41 65
3 18
70 84
84 92
33 74
17 50
53 60
38 90
90 93
34 47
29 71
47 96
18 94
31 92
57 82
28 81
19 22
56 73
14 69
75 85
10 87
17 41
85 90
63 76
43 78
82 97
12 98
16 27
25 39
37 64
14 67
52 72
35 46
49 52
7 16
34 73
53 95
61 81
89 96
19 33
18 33
41 84
61 92
53 74
1 98
2 22
23 74
67 70
81 85
5 99
20 85
10 44
27 85
2 73
17 38
68 69
23 79
25 26
16 62
44 45
53 94
7 85
11 36
23 61
60 92
36 44
52 65
32 70
11 26
4 46
30 66
3 22
15 33
5 43
22 29
54 96
23 88
17 42
25 88
30 46
22 82
23 99
10 64
69 79
14 99
29 96
38 64
19 56
12 78
18 96
2 42
7 87
29 61
47 84
27 87
33 64
64 65
13 43
7 21
52 53
36 54
16 33
13 86
48 85
21 27
14 73
13 39
66 78
71 88
10 19
9 23
63 65
13 53
21 23
76 99
77 96
12 86
23 49
51 92
50 52
66 83
76 85
26 78
74 82
10 93
45 77
8 40
55 66
41 46
69 73
41 96
36 70
89 99
39 94
0 92
56 75
30 86
4 96
10 15
9 70
8 9
19 95
79 80
15 59
8 32
29 57
34 48
52 67
13 87
50 75
35 42
54 84
81 97
40 70
33 44
71 76
82 85
33 87
72 76
36 89
11 82
10 41
75 96
53 61
26 98
10 97
61 69
6 63
6 99
65 82
4 36
10 80
29 97
10 25
6 43
68 71
5 63
64 76
42 63
10 21
40 96
69 85
1 65
45 95
18 84
47 57
13 28
47 56
5 85
8 72
41 71
48 96
5 71
25 56
18 36
54 75
14 49
3 39
4 75
13 22
22 90
69 98
11 81
58 62
7 12
56 57
24 52
46 83
16 85
22 71
44 90
36 53
54 63
39 98
12 27
1 91
4 84
43 76
33 97
77 84
13 58
40 84
36 88
25 28
69 71
1 73
14 24
12 66
11 35
35 38
4 63
14 93
40 93
79 85
1 57
74 81
19 23
10 77
27 93
6 72
71 90
74 80
13 21
3 13
7 93
23 81
75 84
13 35
8 65
50 85
68 99
14 55
3 16
29 65
55 87
2 17
44 69
70 92
12 46
23 59
71 86
25 67
39 63
16 19
60 69
6 85
37 75
1 36
36 43
28 86
48 84
11 84
47 76
11 96
18 19
39 73
69 77
42 83
25 54
27 57
33 78
47 71
38 88
23 60
40 42
35 57
36 77
91 99
6 71
26 86
3 54
44 62
36 47
53 96
7 57
20 41
23 82
7 26
23 32
52 76
46 57
21 33
38 63
71 95
26 27
60 80
29 74
43 84
48 56
24 86
5 72
4 25
10 16
49 64
37 85
57 98
5 64
31 83
47 54
14 20
39 75
31 95
92 97
9 86
3 4
22 40
4 47
68 80
6 64
14 76
35 86
11 67
10 70
53 84
8 50
20 63
18 66
25 33
33 77
14 80
39 87
92 94
13 20
9 52
50 71
48 57
23 97
22 85
32 52
38 83
9 14
20 33
13 52
31 35
10 55
94 95
85 86
14 50
7 59
3 99
25 34
27 59
11 78
71 75
14 86
10 59
8 55
29 85
11 83
26 66
77 90
33 80
1 84
46 55
23 63
67 85
31 56
42 88
56 87
1 33
2 28
57 83
11 29
10 78
1 20
64 92
57 75
8 13
7 86
35 62
27 86
53 70
0 95
33 70
43 96
38 40
33 62
20 81
69 95
48 54
57 70
4 48
88 92
61 80
69 97
5 14
41 66
56 68
2 36
48 76
26 46
6 47
45 76
31 77
13 83
55 59
51 95
34 62
0 83
39 47
47 65
10 67
20 64
2 33
5 52
36 75
22 33
62 83
66 67
39 42
51 83
95 96
27 58
77 80
58 71
36 68
11 99
5 47
53 97
38 78
41 68
7 58
44 80
8 69
60 85
30 82
83 90
48 71
35 90
85 88
36 40
84 88
14 27
18 86
68 85
6 52
3 79
14 32
2 46
8 66
83 86
7 14
16 78
20 52
8 46
18 46
36 48
0 35
23 65
28 41
73 80
37 63
21 55
34 65
35 51
38 39
31 86
1 96
37 47
42 92
6 14
13 59
34 68
83 94
61 71
62 77
17 81
13 54
2 65
14 81
13 19
14 40
77 94
38 92
2 57
11 38
51 56
19 58
0 56
44 72
0 77
42 47
46 52
17 62
37 48
34 99
8 76
16 98
57 66
13 69
33 59
88 96
11 18
10 62
19 39
33 63
51 77
13 25
52 66
80 95
39 48
19 99
15 86
64 67
10 63
6 45
40 85
49 75
84 95
27 65
3 58
10 95
34 87
55 85
42 70
80 85
61 99
24 64
7 65
29 30
41 85
15 38
27 92
10 20
11 42
7 92
71 74
17 29
44 57
75 76
23 29
35 94
2 84
45 83
42 44
80 98
31 44
6 48
37 86
71 79
62 99
1 46
51 86
42 78
4 13
39 68
93 98
15 71
33 58
33 91
21 78
10 37
21 39
15 43
33 76
86 91
20 82
33 55
35 98
5 48
90 95
1 10
52 55
16 90
5 45
0 86
2 68
1 71
48 65
31 34
71 80
19 54
67 71
34 90
5 33
37 71
50 70
14 82
22 27
15 36
72 77
2 10
25 91
53 64
36 95
57 73
30 81
27 34
21 56
32 86
7 22
54 98
10 91
24 85
49 85
41 89
3 60
7 34
55 70
14 16
52 69
13 30
33 67
20 29
20 47
17 84
50 99
38 47
25 31
1 89
9 25
23 75
23 47
56 74
24 25
10 22
4 19
58 85
5 8
53 88
17 82
78 87
20 72
71 89
49 86
35 45
52 93
39 59
14 45
36 78
0 44
38 70
56 99
46 67
71 87
2 96
33 95
56 94
56 62
15 25
80 97
32 64
5 13
38 44
27 56
15 23
15 42
44 94
7 56
44 51
33 43
65 75
8 20
41 61
54 87
3 92
55 71
40 44
6 8
57 72
13 76
43 98
7 25
68 84
56 61
25 27
54 73
4 98
10 79
65 98
5 41
72 95
42 48
2 71
85 89
42 75
9 64
19 79
28 99
38 68
43 71
65 72
6 75
56 65
97 99
8 80
25 51
6 33
14 68
17 96
28 33
10 28
0 34
68 96
17 36
34 51
5 75
36 86
39 74
11 24
74 99
4 87
56 59
35 73
36 69
58 90
42 54
71 78
14 22
39 57
46 65
10 24
0 25
62 95
64 93
23 93
34 74
23 62
40 71
44 66
46 93
82 87
45 57
1 28
10 76
2 66
9 85
21 34
4 73
47 49
2 20
41 97
21 82
13 62
33 37
49 63
3 46
36 61
83 98
34 61
35 65
9 11
48 49
71 97
5 10
18 42
61 85
56 88
42 68
13 64
43 88
45 79
6 13
25 71
63 93
12 82
5 81
2 61
23 48
38 54
65 70
58 78
34 88
20 48
1 5
45 60
16 73
10 58
16 46
57 77
33 90
60 71
41 76
4 42
42 77
39 61
79 96
24 66
16 40
63 89
34 81
44 46
14 88
6 41
69 88
13 18
38 48
74 85
38 75
2 97
21 71
72 89
10 47
18 45
8 93
37 66
69 96
33 47
43 50
56 90
45 96
24 75
81 87
1 68
19 60
33 79
27 53
15 84
42 53
67 87
7 53
10 49
14 29
78 93
59 78
81 89
11 37
23 31
40 77
25 35
33 50
9 10
85 87
45 65
36 74
8 11
21 81
4 38
38 53
18 38
24 71
34 94
78 84
1 66
73 93
76 81
40 58
26 82
69 70
65 83
69 84
32 85
15 16
3 66
34 59
34 93
9 66
32 75
34 82
6 10
86 94
12 29
10 90
16 88
10 43
20 45
3 37
10 75
41 74
23 41
12 13
18 90
45 85
66 77
49 71
52 80
55 74
79 84
70 76
38 77
25 85
18 62
73 83
45 84
20 75
67 75
14 72
33 75
56 81
13 80
15 96
86 96
52 99
18 57
21 54
1 6
57 92
1 76
6 81
11 41
43 73
14 25
72 96
84 86
25 32
10 60
13 44
24 33
92 99
36 79
18 25
55 68
12 81
13 89
78 96
17 19
1 85
8 98
63 92
11 52
15 85
52 98
64 89
25 37
26 29
4 21
29 87
54 59
21 29
54 68
37 96
5 82
3 53
23 51
65 66
14 87
40 83
0 23
14 89
46 77
56 82
54 57
55 73
72 83
9 75
25 83
35 40
58 98
72 84
65 73
81 92
17 90
44 65
9 71
56 97
43 85
10 50
10 48
16 23
11 49
4 59
33 48
33 89
25 49
82 92
46 64
17 40
37 46
66 93
8 99
82 86
61 84
20 27
2 74
23 90
55 98
60 96
19 92
14 41
14 61
24 63
24 46
82 89
5 29
4 68
44 50
7 20
49 66
57 88
13 26
38 61
23 78
11 44
10 30
22 98
26 81
2 89
3 98
59 71
36 97
33 49
20 34
40 95
29 89
14 74
3 81
63 67
55 64
21 85
10 32
59 82
4 57
64 66
25 94
36 37
11 32
3 17
27 39
24 47
36 87
76 82
5 70
61 96
35 72
59 67
7 39
34 76
37 84
14 58
52 89
9 33
2 30
1 61
39 88
20 23
2 85
55 61
6 70
81 86
30 33
15 92
47 89
13 17
67 96
85 97
13 50
23 28
70 80
18 98
19 46
75 92
21 67
23 91
34 50
24 48
34 97
33 60
16 66
34 45
88 93
43 62
72 85
36 67
56 93
54 74
47 67
22 52
6 82
74 84
22 78
8 86
44 86
90 99
57 95
35 99
39 97
9 46
47 93
42 61
32 47
35 50
36 80
29 76
32 63
60 84
79 86
35 87
78 85
1 97
30 41
71 91
39 62
43 46
42 95
32 66
32 48
74 96
22 63
11 31
64 69
27 69
5 34
7 69
36 45
59 81
11 57
22 64
32 71
57 78
8 73
34 40
13 77
29 34
47 92
48 67
8 31
66 79
20 70
67 84
11 77
80 88
50 83
4 74
38 74
6 29
31 70
39 99
45 89
2 5
13 70
16 52
53 63
19 37
36 60
66 95
52 73
23 94
13 63
35 68
14 21
15 93
66 70
9 63
77 86
78 86
23 76
38 91
18 73
43 91
54 61
36 55
3 82
9 47
46 70
21 36
79 90
10 89
36 91
28 92
35 76
3 49
19 66
2 11
80 96
64 99
6 34
42 72
48 89
42 45
13 55
54 62
19 81
9 48
45 71
13 90
38 95
59 85
46 49
87 99
17 71
36 72
55 96
11 51
70 94
42 74
65 77
24 87
5 23
10 12
50 77
32 33
25 36
16 34
29 56
52 86
29 59
0 70
39 65
44 76
22 46
53 75
30 92
4 61
20 98
39 90
0 11
0 8
9 87
38 86
80 84
12 69
15 58
46 95
51 70
58 73
29 86
8 51
38 97
53 57
17 27
20 56
35 93
4 62
3 67
30 69
48 92
76 83
45 56
83 87
8 89
22 23
49 96
3 43
83 99
7 17
11 79
20 35
2 76
23 30
28 71
1 74
29 92
46 58
84 87
30 99
84 97
2 6
8 22
48 93
42 86
15 57
53 99
12 33
87 96
46 79
14 31
16 64
86 99
56 76
18 72
54 90
21 99
24 96
55 84
65 78
3 73
8 94
42 91
33 40
3 27
15 53
60 90
62 81
19 43
67 98
19 53
27 35
5 35
72 79
3 7
12 92
58 88
67 73
3 41
53 81
7 35
19 98
96 97
50 56
20 46
62 79
18 87
22 73
23 50
14 97
4 90
8 16
55 97
53 82
6 23
25 82
60 86
14 59
65 88
24 36
60 72
1 23
47 53
30 53
38 72
14 15
91 92
36 49
21 35
2 23
32 46
68 83
38 45
42 97
25 78
13 67
28 53
31 87
75 93
75 89
1 11
49 84
44 98
86 95
39 81
3 24
42 69
16 63
20 83
6 35
72 93
3 29
28 69
40 56
38 69
5 56
31 52
24 84
5 44
12 53
41 50
5 83
5 27
15 34
19 82
83 93
31 66
11 95
71 72
64 80
60 66
5 7
10 26
15 56
35 74
18 65
25 81
50 81
18 40
22 34
10 40
17 85
0 14
45 54
67 68
14 51
1 30
2 12
6 44
4 45
34 41
39 82
17 33
34 72
36 59
57 68
41 62
1 14
20 44
70 93
43 66
3 11
67 74
12 23
28 36
65 92
64 98
26 69
51 87
9 96
16 56
6 83
21 84
24 59
12 80
25 96
22 47
26 33
35 61
52 81
84 91
9 59
27 76
35 59
21 96
48 53
25 84
6 56
7 76
19 41
2 26
14 43
60 62
27 54
31 59
13 95
0 87
63 99
7 54
38 87
35 81
46 62
12 41
21 24
76 77
40 99
54 88
9 36
19 49
23 58
0 52
22 88
62 82
15 69
30 80
37 45
50 95
11 64
54 65
37 87
9 21
85 91
27 52
51 52
54 97
26 92
46 63
27 83
13 47
7 52
51 66
21 83
7 83
35 88
28 38
15 22
55 75
91 96
42 79
27 80
7 80
11 60
0 66
6 27
8 81
9 84
44 73
22 66
3 9
27 89
42 87
11 70
17 78
8 27
39 45
52 58
6 7
15 65
54 99
11 94
1 50
22 72
3 69
52 94
51 59
7 89
7 8
4 27
16 91
46 60
14 94
26 41
41 56
65 95
41 87
3 32
4 7
2 14
18 68
53 91
77 98
19 27
13 37
32 87
4 88
63 66
45 93
4 65
21 41
20 73
32 96
4 97
7 19
19 29
14 78
35 82
0 59
26 53
23 40
25 79
18 21
20 66
74 83
78 92
25 29
59 99
57 79
52 82
21 31
5 98
61 67
58 66
55 63
19 67
44 93
49 87
50 82
62 92
21 38
76 98
19 73
59 83
16 68
46 76
10 31
11 65
23 26
38 79
5 46
29 53
4 99
12 99
13 75
32 36
58 64
5 77
22 48
29 62
28 42
26 80
61 83
1 3
25 44
22 56
18 59
56 72
28 85
62 66
23 43
62 98
58 63
69 91
8 82
32 84
10 17
28 80
6 77
43 68
39 93
1 62
18 50
30 71
43 90
21 51
11 93
13 79
81 83
8 25
31 85
21 42
3 55
64 73
19 24
37 98
59 84
31 46
40 79
20 77
37 42
59 96
29 50
47 55
0 21
25 77
70 86
69 82
24 98
13 48
44 99
28 84
13 24
69 81
29 39
83 88
68 93
63 69
73 77
41 92
34 58
16 35
70 89
6 98
13 40
24 73
34 89
16 47
20 78
25 99
11 16
70 98
15 39
8 58
2 21
22 75
55 88
23 45
26 99
18 74
92 93
34 78
8 68
37 73
10 51
6 46
28 43
0 10
2 87
69 99
21 37
42 60
37 59
1 19
23 89
27 62
28 96
31 64
45 49
82 83
7 62
37 38
32 59
42 67
18 99
69 75
48 55
76 95
37 90
40 60
25 38
70 99
35 97
57 61
42 80
56 78
11 19
54 81
9 98
22 45
57 60
25 60
1 12
87 94
66 94
46 51
22 35
38 80
52 68
0 85
51 85
28 56
9 73
21 32
64 86
53 65
18 76
0 46
18 61
46 47
25 52
25 42
39 40
14 17
9 13
38 67
29 52
41 86
64 81
90 92
49 59
56 91
33 45
37 62
20 39
24 68
13 49
47 99
39 50
39 76
57 69
65 68
15 80
9 19
31 33
29 35
66 76
21 49
