100 2976 581.1239110551209 dense
0 979 218
1 431 46
2 608 453
3 764 618
4 826 519
5 539 723
6 756 813
7 544 4
8 389 782
9 888 485
10 613 279
11 814 594
12 304 761
13 300 373
14 425 668
15 698 15
16 459 803
17 136 460
18 966 18
19 916 388
20 305 42
21 231 28
22 601 291
23 218 668
24 840 528
25 74 726
26 121 952
27 67 480
28 258 214
29 632 53
30 745 200
31 429 312
32 441 215
33 766 4
34 837 848
35 284 274
36 581 87
37 595 247
38 334 689
39 248 308
40 206 996
41 784 760
42 690 204
43 110 937
44 993 13
45 148 662
46 59 383
47 296 46
48 196 446
49 530 763
50 816 410
51 834 628
52 679 691
53 136 244
54 276 307
55 749 861
56 728 644
57 458 635
58 248 226
59 42 239
60 262 777
61 583 16
62 85 759
63 755 771
64 7 795
65 932 661
66 52 43
67 596 471
68 507 462
69 651 795
70 798 729
71 585 612
72 179 152
73 308 945
74 581 736
75 928 396
76 107 665
77 973 90
78 65 980
79 163 820
80 120 284
81 958 623
82 740 614
83 586 636
84 449 408
85 442 704
86 315 130
87 879 566
88 371 620
89 719 201
90 118 112
91 597 504
92 419 311
93 50 275
94 467 675
95 169 312
96 567 170
97 499 0
98 42 376
99 880 574
87 99
20 47
31 92
19 75
28 58
4 24
10 22
46 98
26 43
2 67
71 83
3 82
30 89
18 44
39 54
42 89
41 63
56 82
67 91
35 54
41 70
25 62
10 37
59 93
85 94
11 51
14 85
7 61
5 49
57 94
45 76
6 63
14 94
53 80
5 74
22 37
3 56
12 60
7 97
65 81
14 57
6 55
35 39
2 91
24 87
30 42
3 11
80 95
49 74
6 41
35 58
63 70
24 99
29 36
29 61
17 48
43 78
26 78
9 24
28 35
21 47
52 56
15 33
11 99
25 76
13 54
23 45
80 93
4 9
3 51
11 87
57 85
4 87
11 24
51 99
36 61
17 27
14 88
18 77
72 90
8 16
20 21
53 95
4 11
15 29
51 87
11 82
4 99
12 38
38 88
39 95
68 84
44 77
16 49
9 87
37 96
39 58
1 97
13 39
36 96
61 97
54 58
62 64
47 86
5 94
8 12
6 34
57 88
20 86
34 55
9 99
67 68
59 80
55 63
7 36
53 93
69 74
81 99
14 38
6 70
53 59
8 85
28 39
28 54
51 82
66 90
26 40
25 64
62 76
27 46
81 87
9 75
31 32
25 45
31 84
52 82
32 92
5 85
5 83
62 79
68 91
11 56
74 83
24 51
13 35
28 72
16 85
7 29
9 19
58 72
93 98
65 99
2 68
28 86
84 92
53 72
19 50
34 41
51 65
9 50
37 42
49 85
6 69
63 69
41 55
27 98
54 95
51 56
51 70
10 42
52 69
52 74
60 79
8 38
52 83
49 94
46 93
71 91
65 87
17 46
38 85
4 51
4 50
85 88
56 70
52 63
88 94
23 76
3 52
34 63
40 43
50 75
5 16
53 58
38 60
40 73
15 61
45 62
3 70
46 80
58 95
3 4
58 86
23 60
3 24
23 38
55 69
10 96
8 14
36 97
5 57
5 71
24 50
1 7
80 98
35 95
52 71
71 74
3 99
51 81
22 42
93 95
52 70
49 69
34 70
83 94
28 53
41 52
22 96
1 20
17 98
3 87
5 14
12 23
13 48
8 60
42 96
57 83
0 77
4 82
16 94
43 79
70 82
41 56
39 53
57 71
74 94
25 79
56 63
39 80
46 95
10 89
9 11
24 82
21 86
37 89
28 95
8 94
83 91
5 69
53 90
27 48
38 94
71 94
32 96
29 96
13 92
21 72
1 47
38 57
11 65
11 70
48 95
59 98
15 36
41 69
72 86
26 79
49 83
16 74
14 16
35 92
58 80
55 70
21 90
41 51
67 71
14 49
40 78
95 98
56 83
8 49
74 85
29 33
13 31
54 92
29 97
1 86
3 41
5 52
6 52
13 95
72 80
46 59
82 99
59 95
56 71
49 57
11 81
82 87
35 86
39 48
59 90
22 89
12 85
31 35
65 70
46 48
35 53
24 81
17 95
32 86
41 82
12 14
12 79
9 51
13 84
31 54
3 63
53 54
10 30
7 15
28 80
9 81
61 96
1 61
71 82
89 96
23 25
1 36
82 83
13 58
12 88
30 37
32 37
54 80
63 82
47 72
64 79
24 75
45 79
4 56
46 53
4 19
57 74
83 85
19 24
4 75
36 42
67 84
72 95
23 88
48 54
12 16
36 37
2 71
49 71
35 72
69 70
23 62
5 8
24 56
23 79
24 65
29 42
45 60
53 98
2 22
59 72
8 57
8 88
51 63
64 76
14 83
35 80
13 28
76 79
2 84
67 83
49 52
11 52
20 72
51 52
56 99
66 72
7 96
32 35
16 57
4 81
50 87
11 41
31 68
68 71
48 98
16 38
1 32
56 69
14 71
56 87
71 85
14 74
22 30
39 72
39 92
6 56
29 89
69 83
80 90
28 47
58 90
28 90
22 31
3 65
56 74
2 10
60 73
68 92
70 99
43 64
50 99
84 91
90 93
17 80
75 87
22 32
4 65
63 74
60 62
41 65
72 93
31 37
20 28
3 83
48 80
36 89
3 71
21 66
43 62
57 68
22 67
82 91
30 96
31 39
40 79
54 86
0 19
9 65
19 87
3 9
8 73
70 87
54 72
28 32
22 92
96 97
33 61
10 32
52 55
11 50
12 73
1 96
12 94
2 83
75 99
12 45
0 75
29 30
13 17
47 58
11 63
10 31
26 73
15 89
37 92
78 79
21 28
38 45
28 92
17 39
32 54
15 42
27 76
19 99
32 36
47 90
39 86
15 30
58 92
57 91
68 83
60 88
6 74
60 76
73 79
56 91
22 84
70 81
16 69
20 58
10 67
32 84
35 48
32 58
34 69
45 64
64 78
26 64
3 81
60 85
69 71
10 36
25 60
22 68
3 6
14 60
59 66
26 62
9 82
27 95
10 92
5 88
28 31
30 33
8 74
29 37
65 82
86 90
31 96
43 73
20 97
16 60
21 58
12 57
30 36
27 45
15 97
6 82
20 90
54 84
31 58
74 82
0 18
18 33
39 93
6 51
13 80
1 21
1 29
69 82
3 91
17 45
33 89
33 36
67 82
15 96
27 80
16 88
39 46
58 93
17 93
52 91
41 74
92 96
56 65
5 56
22 36
24 70
0 44
8 23
27 93
90 95
2 37
58 59
14 23
17 76
16 73
17 54
5 38
47 97
2 82
63 65
68 88
13 53
10 84
86 92
41 99
55 74
38 49
34 65
16 83
3 69
48 53
10 68
13 32
4 70
53 86
2 50
35 84
52 94
22 91
49 88
33 42
25 43
71 88
32 39
57 67
3 50
31 86
91 94
38 79
83 88
17 53
41 87
63 83
42 61
68 94
28 93
39 98
70 74
39 59
37 84
28 59
56 67
50 82
3 74
53 66
55 56
81 82
50 51
12 62
12 76
69 94
34 51
20 32
43 60
45 48
5 63
41 81
30 50
14 68
62 78
7 33
32 47
32 97
34 52
23 48
3 67
17 23
37 67
33 77
39 84
26 60
48 93
49 63
86 97
13 68
2 56
9 56
10 91
84 88
12 49
40 60
48 58
4 52
6 11
5 91
10 29
23 85
45 88
2 3
33 44
57 84
2 4
2 31
69 85
52 57
54 93
38 76
50 67
35 47
11 75
5 82
16 71
75 81
60 94
24 52
8 79
4 91
61 89
11 71
11 19
46 54
50 89
31 67
25 26
56 81
49 56
34 56
37 61
6 49
70 83
11 83
35 90
66 93
37 68
6 65
74 91
52 99
12 25
63 71
20 35
63 99
86 95
41 83
35 93
0 30
7 32
5 6
11 91
4 67
52 67
39 90
2 57
52 87
21 53
48 76
2 92
52 85
14 91
17 35
5 12
50 91
67 92
24 41
19 81
63 87
74 88
49 55
22 29
28 48
17 59
23 27
1 28
13 46
3 34
67 94
42 50
10 50
7 20
57 60
23 57
27 59
70 71
3 55
13 86
54 59
2 24
54 98
47 66
24 91
32 61
35 59
4 41
30 61
71 84
8 83
6 83
73 78
46 58
22 50
27 53
25 27
23 64
48 88
16 52
55 82
7 42
51 69
5 41
41 71
51 55
51 83
3 5
7 37
2 52
80 86
23 94
32 42
51 71
2 11
27 39
50 56
92 95
35 46
11 67
51 75
66 80
29 32
24 67
68 85
57 69
54 90
63 81
5 55
38 74
7 47
21 35
0 50
13 72
20 66
85 91
30 77
34 82
19 51
15 37
41 49
88 91
19 30
25 78
47 53
12 40
52 65
58 98
11 34
14 52
31 91
86 96
34 81
60 64
32 68
48 84
50 81
13 27
1 58
13 88
37 91
38 73
24 63
49 82
38 83
48 59
13 98
4 71
5 67
38 62
11 69
5 70
33 96
14 69
1 37
17 58
8 71
31 95
9 70
46 72
0 89
48 92
14 67
28 46
14 84
7 86
47 54
4 63
12 43
2 42
8 69
38 71
91 92
72 98
35 98
25 38
56 94
5 68
2 94
20 53
7 89
6 71
12 26
10 61
37 97
65 75
1 92
67 74
84 96
83 84
1 31
40 62
39 47
20 54
4 83
33 97
51 91
49 91
84 94
28 66
76 88
15 18
58 66
30 75
49 60
24 71
13 93
31 48
1 15
8 45
6 99
36 86
21 97
32 72
67 88
28 98
49 70
56 57
55 65
58 84
1 35
27 54
31 36
19 89
43 76
20 39
28 84
11 74
17 25
1 72
19 65
17 28
37 50
90 98
11 55
51 74
3 49
2 89
22 61
3 19
73 85
6 87
3 75
24 83
16 23
36 92
50 65
66 86
14 45
77 89
6 81
10 15
46 90
34 99
43 45
55 83
12 74
54 68
68 82
32 89
2 5
21 80
20 61
67 85
34 74
38 48
42 97
27 62
20 36
82 94
21 39
7 30
21 32
8 40
2 9
0 9
5 60
2 14
31 42
21 54
57 82
40 64
60 78
42 67
21 59
7 10
68 74
2 74
17 88
15 77
34 87
51 67
38 68
2 51
75 89
2 96
46 76
18 30
56 68
52 68
19 82
49 73
52 81
26 76
2 30
75 82
72 92
36 47
79 88
47 61
87 91
32 95
0 42
23 43
2 88
62 73
21 95
13 59
2 32
53 92
61 86
26 45
23 73
42 92
19 42
91 99
20 96
9 91
35 68
47 92
20 92
56 85
9 67
15 22
7 22
45 46
66 95
9 52
2 87
59 86
9 41
48 72
47 95
15 44
1 10
16 55
69 91
84 95
47 80
84 85
76 98
16 79
67 89
31 72
45 85
20 31
6 24
33 37
6 16
31 47
71 99
71 87
2 99
16 63
89 97
47 96
68 96
55 71
1 22
67 87
12 64
27 35
32 67
49 67
23 26
80 92
83 99
25 40
3 68
14 73
31 53
2 85
83 87
39 68
10 97
35 96
70 91
49 68
0 33
86 93
67 99
79 85
4 6
20 95
67 96
3 94
17 38
14 79
17 62
1 42
19 77
37 86
1 54
63 94
38 84
5 11
8 52
14 56
30 32
20 80
8 62
45 98
42 77
8 76
25 48
42 75
13 57
13 23
21 93
32 53
3 57
50 71
18 89
22 97
12 83
84 86
30 67
75 77
5 51
63 91
31 80
31 89
30 44
17 72
45 57
82 85
65 69
48 68
13 67
27 58
13 22
28 96
35 37
16 56
50 52
88 92
73 94
50 68
31 88
7 21
42 91
10 33
2 19
25 88
9 63
55 99
42 84
52 88
42 68
55 81
41 91
30 97
17 84
8 26
22 35
19 56
76 78
13 38
62 88
14 76
12 71
13 90
16 40
2 13
69 99
34 49
56 75
9 30
14 48
47 59
8 43
45 94
50 70
89 92
1 39
14 82
2 49
31 97
17 92
1 90
8 25
24 34
63 85
6 94
4 22
5 73
13 14
25 73
27 64
13 37
4 10
92 97
22 71
38 91
60 74
54 96
10 19
28 97
55 87
50 83
48 57
69 87
5 34
58 96
4 68
12 78
31 57
37 54
13 91
2 75
45 73
22 54
15 32
5 23
23 49
29 86
57 92
23 46
13 45
89 91
57 63
4 69
10 13
13 47
1 89
54 88
24 69
20 29
4 74
35 66
27 28
5 84
67 70
16 41
41 94
22 86
23 40
17 31
32 80
32 91
9 71
34 83
20 59
67 69
45 78
7 31
10 35
29 31
4 30
4 34
16 91
19 22
39 66
69 88
11 49
9 89
19 67
13 20
22 33
73 88
7 92
48 62
24 74
44 89
6 85
38 40
49 51
18 42
12 48
66 98
10 86
3 85
31 61
11 68
10 71
38 43
38 69
29 92
27 88
2 70
30 31
91 96
39 88
70 94
13 96
4 89
18 29
10 75
29 47
47 93
68 89
64 73
22 24
32 48
79 94
10 24
76 85
48 60
61 92
1 33
9 83
0 4
48 86
58 97
55 94
30 91
31 71
10 54
26 38
28 37
16 82
40 45
32 90
27 38
19 91
24 68
63 67
0 24
21 92
74 99
46 66
84 89
67 75
38 67
23 98
8 68
17 60
16 45
24 30
3 14
48 90
29 77
74 87
4 42
25 46
22 75
9 10
71 92
9 42
38 64
73 74
16 68
30 92
57 73
73 76
2 69
12 17
41 67
55 85
38 52
13 94
24 55
34 71
22 83
20 93
40 76
14 63
50 96
21 31
54 66
9 22
41 85
27 72
0 15
65 83
16 70
28 36
36 84
6 57
8 91
23 78
6 91
39 96
37 58
23 84
75 91
57 79
35 97
17 90
12 69
24 89
41 57
1 30
13 76
2 63
58 68
65 71
4 55
19 37
45 95
35 36
28 68
41 50
25 98
22 28
80 84
22 82
13 21
69 81
14 62
4 5
21 61
1 13
57 76
37 39
57 70
27 79
60 83
53 84
22 39
6 9
74 84
2 41
30 68
72 97
48 94
7 28
23 68
21 36
20 37
1 53
27 60
14 25
14 31
14 17
11 94
50 77
48 85
82 84
3 16
35 88
4 37
70 85
24 42
14 92
70 75
56 88
10 83
42 44
10 82
11 57
76 95
5 24
65 74
22 58
17 64
16 67
23 95
54 67
46 86
31 83
76 94
13 85
37 47
90 92
19 70
36 58
10 28
17 79
62 85
23 39
6 14
12 68
2 38
30 84
0 87
1 84
2 54
60 71
68 69
29 44
49 84
52 84
21 96
37 75
31 94
37 71
3 22
83 92
56 84
23 54
8 56
50 63
10 39
8 63
17 57
9 34
51 68
2 36
50 84
46 92
92 94
86 98
12 27
39 45
6 8
88 95
55 57
8 55
25 85
10 58
35 67
82 88
23 74
16 26
23 83
0 99
31 90
68 95
65 91
51 94
7 58
2 35
11 22
14 41
92 93
17 68
0 10
3 10
23 71
49 79
27 90
13 71
72 84
5 99
81 83
22 57
24 37
71 81
18 19
1 95
8 67
10 11
16 43
69 73
5 87
7 35
54 57
22 56
17 86
40 85
48 79
36 54
51 57
16 62
54 91
31 46
46 62
14 55
45 54
9 37
6 67
14 70
16 76
3 84
8 84
1 66
45 80
54 97
8 78
18 75
81 91
2 16
28 61
16 34
31 93
76 80
12 52
12 84
9 68
8 64
36 68
42 86
92 98
10 56
19 44
18 61
68 86
4 49
59 92
39 76
0 29
39 67
36 67
19 52
0 22
2 65
0 37
62 98
4 57
65 67
52 75
68 87
38 54
20 22
38 92
8 48
32 33
11 85
55 91
12 13
2 39
10 57
5 79
72 96
35 91
44 75
13 83
39 57
10 20
27 84
31 38
24 49
2 81
37 83
8 82
2 6
60 69
68 99
12 91
30 87
9 69
27 92
14 54
38 39
46 84
22 87
62 94
18 36
17 32
22 47
10 87
17 85
4 94
41 75
1 80
46 88
36 77
31 85
31 98
67 81
16 25
4 84
47 84
3 88
57 62
20 84
10 47
74 81
85 92
31 59
45 84
7 72
15 20
76 93
14 40
21 46
37 82
25 57
17 94
19 41
35 61
68 70
45 49
16 84
2 8
58 61
32 93
8 41
5 45
54 76
11 14
21 98
63 68
38 78
25 94
23 80
9 74
38 56
24 57
48 64
61 77
90 97
39 97
22 99
30 99
49 99
5 65
10 99
87 89
60 68
40 49
27 31
31 50
45 93
51 85
29 84
36 50
23 35
36 39
19 71
32 59
15 86
11 30
39 91
15 31
2 29
35 57
49 87
48 67
9 55
24 94
13 36
14 39
22 88
29 50
21 29
50 74
15 47
64 88
9 77
11 89
14 27
7 54
48 91
71 75
0 81
43 85
26 85
13 60
89 99
10 77
22 94
15 92
41 68
28 29
36 72
6 50
22 52
3 37
84 98
42 87
34 94
24 84
33 50
50 92
11 42
3 8
37 77
8 17
88 98
11 84
23 92
22 51
44 61
86 89
11 37
0 11
40 88
43 88
14 51
45 68
32 88
84 97
35 45
38 46
37 57
19 96
38 95
12 67
11 16
35 42
46 47
2 48
29 35
15 50
19 33
47 48
8 70
63 88
58 88
13 66
19 83
38 82
23 91
63 75
42 82
10 51
82 89
60 84
40 94
77 96
16 51
23 31
30 82
14 43
61 84
54 94
49 65
0 96
7 84
46 64
19 63
26 88
19 68
73 83
42 99
14 26
14 22
47 98
10 52
36 91
32 46
20 42
75 83
5 50
35 38
10 88
45 53
3 30
20 48
14 35
8 13
36 44
37 56
50 69
55 67
0 36
13 25
80 88
3 89
34 91
21 48
29 67
18 50
32 57
34 85
64 98
20 46
3 42
84 93
27 57
29 58
42 71
28 88
53 76
10 94
7 18
32 71
5 9
95 96
32 50
13 97
22 77
50 57
1 68
48 71
54 61
5 13
2 28
33 75
7 39
42 47
28 67
25 95
21 37
13 42
20 98
94 99
32 66
17 66
5 31
2 58
58 67
52 60
75 96
68 80
68 75
87 94
4 85
23 67
61 72
74 79
57 99
57 87
42 54
37 72
18 96
37 87
39 94
23 93
29 68
4 14
76 84
48 66
38 98
38 63
27 86
5 92
35 76
32 98
53 68
54 85
6 68
5 40
6 88
5 81
59 76
37 95
2 55
23 53
16 78
15 19
10 14
28 42
60 91
71 89
22 95
2 12
71 73
57 95
31 82
22 48
37 99
48 83
54 71
49 76
1 59
4 96
44 50
34 57
0 51
37 88
24 85
30 86
3 38
5 76
18 37
45 59
41 88
2 86
5 22
69 84
27 85
14 64
30 51
27 66
53 96
29 54
53 97
7 77
2 61
14 24
21 84
50 94
14 95
34 50
45 83
10 18
0 2
19 29
45 74
7 90
6 38
12 56
45 71
40 57
27 68
59 84
70 88
35 94
5 48
39 85
35 89
82 92
8 27
42 56
13 62
67 86
30 71
51 89
17 21
71 96
7 13
42 58
22 85
43 94
23 58
56 89
46 60
26 94
53 88
16 48
51 84
45 92
20 89
11 88
1 2
17 47
84 90
22 72
30 56
42 83
25 80
39 61
64 85
1 93
0 61
27 94
49 62
15 75
10 95
32 83
2 23
22 74
0 65
9 84
37 48
28 91
58 91
37 94
31 56
2 15
45 58
34 67
4 31
42 51
55 88
68 76
31 45
55 73
66 97
7 44
10 48
46 79
38 55
14 34
52 73
9 96
37 51
5 10
24 96
49 81
19 36
31 74
12 46
47 89
26 49
17 20
6 75
12 63
23 69
68 72
25 93
37 52
54 83
16 64
10 72
29 91
61 68
35 71
90 96
25 39
13 49
8 34
13 89
60 67
29 75
9 49
14 32
4 77
2 7
3 31
39 71
21 22
44 96
14 37
31 52
39 42
0 3
6 19
95 97
56 92
49 50
66 92
43 49
62 95
74 92
12 54
83 89
46 68
6 12
61 67
9 57
5 62
54 89
13 61
38 41
67 95
23 28
18 22
1 67
50 55
12 55
40 74
12 39
31 33
2 34
85 99
4 92
10 21
60 98
25 49
50 61
24 77
38 80
35 85
84 87
10 85
10 74
85 87
27 32
13 16
37 53
27 43
0 67
13 74
7 68
57 58
12 82
17 67
79 98
52 92
48 49
32 94
43 57
29 39
34 75
58 76
2 95
13 29
28 89
79 83
28 45
80 96
23 52
37 44
3 92
84 99
9 94
68 97
31 49
48 96
0 82
20 33
26 57
51 88
17 91
31 66
33 92
36 90
29 72
23 59
10 44
14 46
1 48
4 16
30 83
24 31
12 92
14 99
36 75
8 11
5 25
25 54
65 94
15 84
14 87
49 92
12 98
38 70
2 97
20 68
12 31
4 88
28 57
83 96
47 68
55 68
19 34
30 35
6 73
15 21
78 85
15 67
18 97
22 53
19 84
20 30
13 79
33 86
86 91
14 50
12 95
91 95
39 60
65 68
36 95
94 95
16 24
7 67
54 60
71 79
8 51
38 58
39 83
16 17
88 93
35 83
58 89
8 31
76 92
33 47
36 53
46 57
8 92
2 17
78 88
68 98
7 53
9 18
80 97
30 81
24 92
2 60
17 71
70 84
60 95
30 47
57 65
63 84
61 90
26 27
64 94
28 76
50 85
2 33
45 91
14 58
62 80
14 78
37 80
82 96
5 26
0 91
11 31
22 49
13 30
57 96
85 95
17 43
31 76
24 88
10 53
57 64
68 81
75 84
16 99
22 38
5 37
74 76
5 43
39 62
63 73
76 83
12 41
22 70
22 44
21 27
67 97
71 76
28 38
30 54
22 80
5 17
14 98
3 12
37 85
48 74
16 87
77 97
15 28
39 89
19 74
17 83
9 44
14 28
56 60
0 7
81 89
77 87
62 93
7 95
19 69
69 75
74 75
11 92
32 38
41 84
25 53
15 68
10 70
45 67
38 53
42 52
1 91
10 81
28 30
57 80
12 35
22 81
25 59
61 91
8 54
40 69
15 35
69 79
7 50
32 85
37 74
11 38
3 96
42 57
57 98
14 80
9 31
4 32
54 62
11 96
27 47
88 96
10 49
21 42
52 89
25 84
60 92
65 85
16 31
50 88
5 54
17 26
77 99
19 31
10 80
60 63
86 88
7 66
16 92
81 94
68 93
16 65
31 60
44 97
55 60
0 56
8 39
13 52
17 22
12 70
6 60
30 52
37 90
10 38
9 33
22 65
68 79
62 74
4 36
9 85
33 67
15 58
17 49
42 81
30 65
30 58
10 65
9 14
55 75
25 35
43 48
20 27
32 82
19 61
15 91
58 94
46 85
27 78
57 81
9 92
56 96
36 80
79 84
19 55
13 82
46 94
53 61
1 46
38 93
9 29
9 36
7 91
19 92
59 88
22 41
35 60
38 51
22 63
87 96
5 19
78 94
4 29
23 32
60 82
2 45
19 32
62 84
72 88
17 37
31 75
28 94
57 89
22 69
53 57
13 56
5 39
65 89
9 15
14 65
25 74
24 32
25 68
34 68
16 27
79 95
7 80
5 75
26 74
6 84
1 17
30 39
61 95
64 95
4 8
1 98
10 17
10 41
23 56
2 20
41 73
87 88
45 72
96 99
88 99
12 80
48 73
67 80
24 36
26 48
10 63
43 74
58 71
2 47
71 95
53 67
60 80
14 53
49 78
15 54
61 75
37 38
91 97
33 84
42 72
31 51
13 64
21 68
17 73
2 77
94 96
22 90
28 71
59 68
59 97
76 91
58 85
62 83
62 68
75 92
32 56
2 53
5 35
2 80
3 32
56 73
31 87
42 65
85 98
13 50
5 32
29 90
10 69
23 72
53 62
8 24
21 89
8 46
14 96
72 76
50 97
20 67
4 33
24 29
8 35
34 88
8 95
39 79
17 96
32 75
94 98
25 83
4 15
37 49
4 18
47 67
45 69
19 57
4 38
42 94
30 57
62 71
31 99
59 62
64 93
49 54
9 32
51 92
41 60
81 85
68 73
10 90
37 81
80 94
57 78
37 70
68 90
64 80
28 85
40 83
25 71
17 74
27 73
49 64
2 72
42 88
35 62
3 13
23 82
17 78
57 86
36 71
67 72
80 91
54 79
18 24
87 92
67 76
33 68
54 74
36 48
93 97
3 60
0 97
73 91
57 75
34 38
93 96
33 91
83 95
11 77
16 54
27 67
24 33
80 85
53 91
25 58
59 96
1 50
51 96
66 96
16 81
29 95
27 91
92 99
36 66
5 27
16 50
24 38
16 22
0 68
58 83
29 53
31 69
30 70
61 66
11 32
45 52
52 79
42 95
32 52
15 24
4 44
19 94
52 96
77 81
8 99
37 65
70 89
9 16
8 98
9 88
14 42
27 40
32 45
28 83
27 71
7 19
8 22
14 81
61 80
39 49
13 15
70 73
8 87
21 33
1 18
42 70
67 77
38 59
11 12
69 92
15 72
89 94
5 64
79 91
15 39
24 44
22 23
79 80
34 73
12 58
0 32
16 39
60 70
19 49
75 94
5 78
48 97
66 84
32 74
40 71
25 92
12 34
5 42
17 40
49 75
48 52
2 27
27 83
21 30
0 70
72 89
39 74
27 49
42 74
14 93
55 84
39 64
53 94
12 53
1 77
2 76
25 28
57 93
46 67
73 82
6 22
88 89
60 93
65 84
25 31
37 93
4 13
10 16
12 51
72 91
32 77
20 91
23 86
37 41
23 63
35 49
53 60
37 63
47 91
3 23
12 93
85 96
7 75
13 69
12 28
36 83
35 50
14 86
35 74
28 33
50 54
22 46
48 78
40 48
42 48
30 94
36 82
8 10
45 90
46 96
37 69
58 60
22 93
46 91
14 89
5 89
33 35
71 86
53 85
74 89
81 84
26 69
6 10
37 46
5 95
37 59
76 90
2 46
5 96
7 59
10 23
67 73
18 87
32 49
73 84
42 53
51 77
12 22
67 79
8 65
43 46
54 82
79 93
52 54
31 70
38 50
59 64
16 35
6 23
0 71
54 64
58 62
45 86
57 72
0 31
11 36
38 99
42 85
4 61
38 87
62 92
38 72
35 79
77 91
69 76
38 86
43 69
9 61
11 13
40 55
36 59
0 52
32 76
30 74
18 32
29 71
89 95
3 73
32 87
30 41
22 59
36 57
3 36
29 80
13 24
67 98
5 30
26 83
30 88
65 88
7 48
18 99
41 89
40 52
12 32
1 44
31 63
28 60
10 93
0 84
43 83
36 93
2 18
7 93
33 58
10 46
54 56
41 42
96 98
31 62
36 87
70 92
44 87
23 90
23 55
43 98
23 37
14 19
22 98
86 94
53 64
8 80
74 96
8 50
1 27
22 27
14 30
32 99
62 69
88 90
48 56
0 92
37 98
3 77
30 72
2 21
25 91
35 82
38 96
71 80
48 82
29 87
8 32
91 98
19 97
63 92
19 85
79 92
32 51
16 95
42 63
74 78
11 29
30 63
63 89
2 98
29 82
36 99
31 41
14 72
28 62
14 75
62 91
13 73
44 99
26 46
16 37
10 59
65 77
10 12
52 76
36 88
24 61
33 87
8 37
23 41
31 79
48 69
77 82
8 58
46 71
0 83
50 86
21 67
83 86
76 86
27 74
85 89
57 59
0 1
35 52
14 59
26 71
4 12
75 85
43 71
42 80
5 58
0 41
36 56
33 54
2 73
39 52
53 79
2 79
29 99
64 74
39 50
27 37
1 88
48 89
49 95
93 94
35 56
48 61
41 92
3 54
47 88
10 98
42 90
34 60
39 82
6 40
15 87
16 46
37 66
29 66
67 93
3 29
45 56
53 71
17 36
8 9
25 67
25 69
85 93
