100 3831 742.7442359251265 dense
0 680 930
1 814 126
2 11 587
3 204 366
4 354 365
5 989 27
6 555 133
7 603 262
8 142 393
9 263 319
10 488 641
11 401 845
12 554 997
13 19 265
14 52 20
15 221 138
16 742 839
17 678 965
18 652 961
19 22 918
20 588 223
21 818 276
22 580 612
23 611 29
24 294 999
25 605 499
26 232 843
27 338 42
28 13 219
29 771 910
30 183 513
31 54 626
32 844 625
33 933 166
34 786 491
35 641 939
36 780 796
37 200 480
38 557 633
39 124 109
40 528 261
41 513 71
42 998 280
43 614 92
44 166 506
45 355 167
46 407 240
47 156 484
48 746 566
49 85 187
50 274 527
51 503 345
52 356 710
53 943 374
54 632 607
55 680 984
56 532 204
57 917 897
58 697 221
59 829 935
60 312 162
61 852 464
62 582 30
63 136 691
64 304 856
65 978 475
66 321 625
67 219 963
68 835 450
69 532 62
70 769 849
71 855 479
72 407 725
73 628 500
74 405 191
75 44 294
76 257 518
77 918 382
78 480 192
79 641 273
80 919 33
81 744 828
82 994 82
83 569 21
84 633 506
85 511 34
86 401 866
87 562 285
88 749 229
89 145 935
90 286 270
91 1 123
92 859 664
93 933 778
94 130 656
95 715 136
96 507 290
97 882 231
98 204 899
99 146 313
73 84
16 81
61 71
62 83
30 44
17 55
50 76
11 86
41 69
61 68
25 73
44 47
18 35
53 77
17 18
16 70
25 84
23 62
22 38
70 81
69 85
0 17
68 71
63 94
40 96
18 55
41 85
30 37
13 75
7 79
30 47
0 35
40 87
0 18
7 20
32 92
23 83
37 44
45 60
37 47
17 35
13 28
7 87
36 81
46 74
22 54
58 88
52 72
56 78
0 55
36 70
9 90
51 96
5 82
69 83
87 96
45 74
40 56
16 36
2 31
20 56
62 69
83 85
35 55
29 70
26 98
23 43
29 59
34 68
67 98
20 87
3 8
37 76
89 98
10 38
43 62
34 71
5 80
20 40
62 85
34 61
6 43
20 79
26 64
30 76
6 56
6 69
6 41
7 40
74 78
41 83
3 9
58 79
16 29
21 97
3 99
28 49
67 89
38 54
79 87
8 99
41 62
28 75
31 94
33 97
24 67
21 88
40 78
43 83
51 87
34 48
23 69
29 81
56 87
58 95
39 49
43 69
46 78
40 51
37 50
56 96
80 82
45 46
7 56
44 76
52 66
8 47
30 50
0 29
15 60
6 78
57 59
6 20
10 22
28 91
60 74
64 86
11 64
88 95
1 95
7 96
23 85
54 84
15 39
78 96
4 9
13 49
7 58
41 43
75 99
33 82
12 18
12 35
8 37
31 63
59 70
20 96
61 77
49 91
6 62
47 76
23 41
53 65
54 73
68 77
17 29
6 85
50 66
64 98
42 53
20 58
44 50
0 16
43 95
65 77
60 90
25 54
46 96
20 78
6 83
40 79
3 37
29 36
32 48
14 39
49 75
14 91
8 44
71 77
22 25
79 88
10 72
4 90
9 99
29 55
6 23
43 85
22 84
57 93
11 72
0 70
0 81
26 67
48 54
1 88
22 73
27 60
40 46
46 60
65 71
39 91
45 90
78 87
19 89
46 90
66 76
1 97
41 78
1 33
47 50
42 97
27 45
3 90
61 65
26 89
12 55
8 30
3 47
45 78
56 74
48 84
53 61
12 17
56 79
18 29
16 59
42 77
7 51
46 56
6 40
33 42
66 72
53 68
21 58
88 97
29 35
20 43
33 80
41 56
24 98
79 96
48 73
13 99
4 46
92 93
64 67
59 81
53 71
15 45
2 94
6 7
43 56
8 75
48 71
49 99
69 78
1 80
72 86
16 17
40 74
7 78
8 9
56 69
16 35
74 96
46 51
11 52
25 38
0 12
74 90
13 91
24 64
51 56
15 49
3 44
65 68
21 77
32 34
48 68
32 71
90 99
29 57
48 61
15 90
36 59
17 70
10 54
38 84
3 30
20 51
10 52
0 59
23 95
58 87
48 92
7 88
5 33
3 4
1 21
4 51
1 58
38 73
15 27
35 81
16 18
17 81
6 87
30 94
43 58
34 84
36 92
20 95
17 59
36 93
44 94
51 78
52 64
77 97
53 97
57 70
51 79
79 95
25 48
28 39
35 70
55 59
16 55
34 73
21 53
21 33
6 95
6 74
3 76
78 85
20 88
32 61
46 87
41 74
55 70
18 81
18 70
24 89
52 86
2 63
28 99
27 74
31 44
6 96
9 46
6 79
9 60
56 58
64 72
6 58
0 36
43 78
10 66
24 26
7 95
55 81
11 26
20 41
8 76
62 95
36 57
14 49
7 43
4 96
20 69
26 86
60 78
24 86
34 77
56 85
47 99
30 31
22 48
9 37
27 85
40 58
21 95
47 94
21 68
31 47
2 44
32 68
3 75
37 99
3 50
38 72
75 91
32 93
21 79
27 41
8 13
64 89
9 45
30 66
2 47
70 93
18 59
26 63
21 42
78 79
4 50
45 56
69 74
56 62
4 76
25 34
4 74
20 46
26 52
51 74
32 36
6 46
74 87
19 98
43 79
10 25
30 63
16 57
25 51
41 45
71 92
58 97
1 82
20 74
9 15
83 95
57 81
82 97
56 83
2 30
44 63
11 24
76 94
34 92
35 59
13 39
8 50
59 93
37 66
8 90
37 94
74 85
40 43
15 99
40 41
21 61
9 74
62 78
15 74
23 56
95 97
4 37
43 88
34 65
78 83
34 54
20 62
50 94
66 94
44 99
33 88
27 69
87 88
56 95
39 60
20 23
44 66
81 93
45 96
34 53
42 65
63 66
9 47
40 45
7 46
17 36
69 95
4 45
42 82
10 84
10 73
40 69
9 76
51 73
35 36
41 46
86 98
43 87
61 92
81 92
16 93
38 48
50 52
1 5
32 65
12 86
80 97
39 75
19 67
58 96
4 40
14 28
1 43
6 45
20 83
30 99
20 85
11 98
45 85
39 99
70 92
45 69
14 15
67 86
21 71
31 37
27 78
22 72
51 84
4 60
47 63
33 53
9 50
18 36
29 93
78 90
23 78
68 84
27 46
9 30
7 74
23 58
16 92
9 44
3 13
26 72
63 76
7 41
15 46
41 95
7 69
32 54
36 55
68 73
26 94
87 95
8 49
4 8
4 78
50 63
4 99
3 49
38 52
68 92
7 21
11 12
52 76
6 88
33 77
8 28
11 67
47 66
2 37
21 34
49 90
46 69
25 87
6 51
56 88
63 98
58 78
41 96
41 87
33 95
9 75
37 63
15 91
47 75
41 60
52 63
9 49
10 11
90 96
4 87
58 62
19 26
61 84
15 28
40 88
65 92
71 84
56 60
68 97
27 39
60 99
73 87
40 95
1 23
69 87
43 96
4 30
32 81
61 73
37 90
1 79
73 79
40 85
71 73
77 88
85 95
49 60
39 90
80 95
3 15
25 79
58 69
69 96
51 90
31 76
51 58
5 97
46 85
3 60
25 96
4 47
43 74
45 51
64 66
27 83
84 87
52 94
36 48
7 62
76 99
7 23
79 84
60 96
12 29
27 90
54 92
2 8
11 66
42 61
61 97
4 44
25 68
6 27
26 66
63 64
42 68
15 75
20 21
38 66
74 83
32 70
46 79
60 85
7 25
16 32
68 88
40 62
41 58
58 83
69 79
40 60
39 45
45 87
50 72
13 15
22 34
3 46
91 99
41 79
62 74
0 57
7 73
20 45
1 42
4 56
36 54
57 92
3 28
10 86
31 50
9 51
78 95
60 69
40 90
53 88
32 84
33 58
73 96
10 50
52 98
37 75
23 88
75 90
7 83
40 83
63 89
27 62
22 52
44 75
79 97
6 60
42 71
12 16
9 96
23 79
7 84
7 85
1 20
23 40
13 14
54 81
17 57
8 31
48 65
50 99
71 97
25 61
32 73
88 96
76 90
3 45
74 79
9 13
62 79
84 96
25 40
47 90
25 71
35 86
1 7
1 62
9 78
9 39
48 77
55 57
27 56
5 42
66 86
19 63
32 77
94 98
54 72
42 88
12 81
43 46
56 90
45 99
21 65
2 76
72 76
62 87
85 96
85 87
21 87
61 88
54 68
16 54
54 71
50 90
11 35
13 47
95 96
45 83
40 73
1 6
22 66
42 80
30 75
80 88
62 88
12 24
23 87
12 70
29 92
10 76
34 79
21 82
48 81
23 74
79 83
4 66
30 52
65 97
54 61
68 79
4 15
21 80
11 38
8 94
58 85
30 90
83 87
22 32
51 60
15 78
34 88
44 90
64 94
86 89
45 62
7 45
3 74
1 83
40 84
8 15
31 66
13 90
58 68
72 98
18 86
10 48
3 39
9 28
34 38
4 7
43 45
2 50
32 53
38 81
25 32
62 96
45 49
46 99
22 81
9 40
11 89
78 88
71 88
22 36
51 88
79 85
46 83
18 57
59 92
16 48
63 72
23 27
46 62
58 77
4 20
69 88
14 75
41 51
21 43
83 88
48 53
84 92
83 96
36 38
43 51
1 77
87 90
11 18
20 25
16 38
34 97
28 90
22 51
37 52
54 70
60 87
44 52
16 22
35 57
89 94
1 53
20 73
38 86
27 43
26 31
7 97
23 96
13 37
32 57
12 59
13 44
20 60
48 93
10 64
73 92
19 94
19 24
22 92
48 70
41 88
82 95
3 66
34 58
63 67
51 69
4 25
8 39
61 79
72 94
82 88
0 86
74 99
20 84
8 60
14 27
9 27
12 64
32 38
58 73
52 67
77 92
58 61
19 64
1 69
53 58
27 40
21 40
46 58
23 45
58 80
27 49
0 11
51 54
58 84
50 51
9 56
1 56
39 74
25 58
38 51
8 66
7 34
60 83
2 3
23 46
58 74
21 73
19 31
11 22
20 97
17 86
29 32
52 54
2 75
5 95
21 56
0 93
21 84
24 52
14 60
10 51
24 72
53 82
73 88
71 79
13 30
77 79
51 95
66 98
1 87
8 63
7 68
60 75
21 48
34 42
3 94
6 21
15 41
3 51
27 96
3 31
84 88
33 68
25 72
60 62
51 76
9 87
28 47
4 79
47 52
11 17
6 90
41 90
43 97
53 92
5 21
22 68
38 50
12 36
58 71
38 70
25 92
55 86
22 70
67 72
38 92
25 56
34 87
28 60
8 91
45 79
34 36
47 49
4 73
2 99
22 71
20 90
1 41
8 46
25 88
65 93
11 63
42 58
4 10
4 6
85 88
7 60
14 99
23 80
15 85
21 25
30 72
52 89
20 27
33 61
71 93
75 76
12 72
77 82
22 61
43 60
32 59
8 45
13 60
43 80
25 66
22 86
77 84
33 79
51 85
56 73
48 79
21 96
9 66
31 98
54 66
11 55
39 46
33 65
2 66
3 96
4 84
73 77
60 91
31 52
5 88
72 84
37 49
74 95
72 73
46 76
17 93
1 40
46 50
3 91
1 85
37 46
10 81
35 72
7 90
35 38
42 95
63 86
22 50
15 56
4 75
34 51
53 79
56 84
26 50
77 95
68 87
67 94
49 74
15 69
0 92
7 61
90 91
37 72
28 37
38 76
0 38
10 16
2 13
31 89
69 90
21 23
34 93
21 51
4 49
33 71
4 27
15 96
61 93
87 97
1 68
51 62
46 95
36 84
28 44
44 72
36 71
26 76
25 46
85 90
10 26
31 99
55 93
3 78
46 49
25 52
0 54
9 91
23 60
50 75
33 43
22 87
58 82
48 51
44 49
54 87
53 95
10 37
22 96
50 64
11 94
27 87
10 36
51 83
15 40
10 30
2 19
66 73
25 78
8 74
11 54
37 51
3 63
35 54
27 99
31 75
25 50
50 96
7 71
22 35
36 73
38 68
20 34
0 22
29 54
35 93
26 30
10 34
66 84
23 51
51 66
6 15
54 79
25 77
4 41
4 22
10 35
18 93
38 71
20 68
72 89
48 87
45 75
7 48
65 88
68 95
4 38
22 76
12 67
14 45
53 84
62 80
48 88
7 77
37 60
38 64
23 97
2 26
76 96
9 20
53 73
34 81
28 30
31 64
36 61
38 61
1 61
18 72
30 49
1 78
3 40
81 84
54 96
61 87
21 62
11 16
46 73
64 76
6 97
0 72
18 38
73 78
53 80
16 86
46 88
68 93
11 50
14 90
15 37
86 94
94 99
26 44
11 81
52 73
7 33
34 96
52 84
4 39
7 27
22 79
25 36
7 9
29 48
4 52
27 51
81 86
34 40
28 45
74 88
24 63
54 93
6 9
7 54
45 58
0 32
65 84
27 91
38 96
0 10
54 86
35 64
60 79
13 76
73 81
47 72
38 87
1 96
51 68
21 78
48 58
25 76
12 52
77 80
46 84
10 44
37 45
78 84
4 13
10 70
20 33
15 51
23 33
21 32
13 45
29 38
5 53
46 47
80 83
36 68
16 84
5 58
3 27
7 22
16 34
65 73
35 92
56 97
17 92
71 87
4 69
10 96
15 47
9 41
24 35
72 81
66 67
30 46
17 38
16 72
22 29
37 74
18 54
22 40
79 90
50 73
78 99
40 97
1 71
61 95
10 63
18 22
10 32
21 83
66 89
33 34
66 90
45 91
12 26
42 79
25 81
21 69
11 76
20 61
16 73
66 99
47 60
7 53
10 94
34 70
51 99
74 76
44 46
10 18
50 84
18 24
60 76
25 53
40 68
50 74
17 54
37 96
62 97
40 54
45 95
30 51
48 97
96 99
17 72
50 86
18 92
5 77
34 95
10 12
9 94
13 31
12 98
18 64
10 87
30 64
4 72
54 77
12 38
8 51
26 37
45 76
68 96
48 96
39 78
35 52
13 50
3 56
9 14
1 34
71 81
2 52
20 77
4 85
17 22
16 25
31 72
55 92
50 54
2 98
26 47
50 60
46 75
3 87
15 83
4 94
25 74
10 47
79 80
21 41
40 50
2 9
2 28
11 70
22 64
70 86
4 54
51 61
70 84
77 87
45 50
6 25
38 79
20 71
0 48
73 97
27 28
54 65
71 95
4 28
84 97
15 87
9 31
73 76
10 92
38 55
4 58
9 69
75 94
15 44
48 57
29 86
2 89
49 76
38 40
43 90
44 51
40 76
44 60
25 65
47 51
7 38
32 35
30 60
6 73
73 95
45 47
48 72
40 48
24 66
31 67
74 75
10 17
11 29
3 52
50 87
76 84
44 64
55 72
39 47
70 73
33 62
12 57
76 86
51 71
15 20
15 62
15 30
83 97
83 90
4 43
36 65
16 71
6 80
20 48
9 85
32 42
3 14
5 23
63 99
48 59
17 32
50 98
37 39
58 65
84 95
8 96
25 95
6 33
96 97
21 54
61 81
36 72
70 71
54 55
43 82
24 94
1 51
5 43
9 79
27 79
73 74
6 84
62 90
42 48
20 80
15 76
10 40
11 36
40 61
8 52
19 86
54 59
70 72
66 96
0 64
34 56
10 98
8 14
76 87
47 74
76 98
22 55
36 86
54 76
25 97
17 24
40 99
1 65
20 53
12 22
28 76
11 19
24 55
30 45
61 96
9 25
20 54
25 70
30 98
23 82
26 38
18 32
27 75
35 48
69 80
18 52
44 45
37 38
27 95
53 54
69 97
68 81
13 46
74 84
49 50
20 22
13 27
58 60
17 64
33 87
22 93
37 64
21 92
7 80
56 68
10 29
16 61
39 41
21 85
30 74
53 87
54 58
0 52
33 83
51 72
0 24
4 63
14 74
15 50
25 90
30 38
9 10
47 91
65 79
28 74
40 71
13 74
10 55
9 63
8 78
50 78
65 82
30 96
19 52
51 52
61 70
39 85
37 40
46 66
28 46
32 55
44 98
76 78
49 78
3 10
44 74
7 42
15 43
54 88
51 97
32 97
71 96
7 10
10 68
77 93
11 30
55 64
4 31
12 54
2 64
10 79
45 88
39 44
16 68
47 64
68 82
47 96
56 99
27 58
10 71
79 82
7 15
11 25
37 78
9 52
8 27
41 97
22 37
33 56
38 93
44 96
28 50
60 95
78 97
53 93
68 70
23 90
17 48
10 61
15 23
84 93
4 62
25 37
52 81
4 83
18 48
32 79
38 59
13 94
54 57
2 49
16 52
5 62
25 43
10 24
32 88
9 73
63 75
61 82
41 80
22 59
8 40
80 85
22 58
43 73
30 39
29 72
40 77
42 92
2 4
37 91
22 77
28 31
10 46
22 30
74 91
3 20
22 46
11 31
39 69
17 52
11 84
22 56
38 44
20 38
37 87
21 22
54 64
73 90
56 61
3 7
3 72
11 44
21 46
73 93
11 73
50 56
12 89
58 90
20 42
1 74
33 69
43 84
9 84
30 86
54 56
62 82
25 45
48 52
33 40
90 94
51 77
11 37
66 87
87 99
44 91
56 76
14 46
22 26
1 73
4 88
47 98
9 43
19 66
22 88
40 66
39 56
37 98
29 34
2 72
10 67
84 90
2 90
25 86
5 83
85 97
26 35
43 77
48 56
71 82
38 46
43 68
1 84
22 65
77 96
3 6
21 74
31 86
25 30
10 90
7 50
3 25
46 91
57 71
1 46
35 67
6 68
4 23
56 80
48 55
65 81
39 96
30 89
56 71
52 55
8 72
31 90
38 63
56 77
68 80
8 10
6 34
5 79
57 65
0 84
34 57
29 84
9 83
3 41
30 40
22 44
4 95
42 43
1 25
38 94
38 47
34 78
50 89
4 91
84 86
65 70
37 73
65 95
48 66
42 84
82 83
44 89
2 67
38 56
20 82
10 20
32 58
44 86
39 76
40 53
9 38
30 91
7 76
7 82
9 62
42 73
46 54
45 73
33 41
25 93
19 72
73 86
9 72
48 95
7 65
66 75
39 40
6 39
9 22
37 56
22 78
76 89
36 52
18 67
35 84
0 73
43 53
8 56
59 86
92 97
8 87
40 47
37 84
16 65
22 53
29 73
10 31
49 96
34 43
38 58
37 86
7 32
52 70
19 30
42 87
47 78
61 80
18 26
11 47
36 77
19 44
80 87
20 50
40 44
30 78
11 59
0 25
12 93
25 41
57 61
16 64
45 84
35 98
68 78
12 66
25 44
29 71
35 73
10 56
50 67
41 99
38 77
31 49
6 77
4 48
64 81
51 53
15 79
32 51
22 57
25 35
33 48
43 61
32 87
13 63
6 82
54 78
38 98
66 74
60 88
33 85
21 38
30 87
3 38
22 47
25 69
25 29
20 76
41 49
24 31
33 96
11 48
53 96
44 78
39 50
41 73
3 73
6 61
53 56
9 58
30 73
1 48
34 72
52 90
65 80
34 59
52 96
50 79
5 20
72 96
38 57
39 51
25 60
67 76
5 6
3 79
6 99
49 51
63 90
3 69
38 88
49 56
79 92
38 78
75 78
5 65
32 72
35 66
69 73
88 92
10 78
52 99
40 49
25 47
3 22
90 95
38 65
25 42
4 34
30 84
5 68
10 59
37 54
71 80
24 38
22 63
22 90
20 99
47 89
41 84
3 84
30 67
54 97
27 88
12 92
0 34
10 89
5 7
22 94
47 87
3 85
18 98
33 73
36 53
28 94
40 80
49 85
9 23
38 90
29 61
33 84
44 87
39 83
33 78
47 86
19 47
57 68
34 46
69 84
18 84
76 79
43 71
22 74
72 92
0 26
59 71
6 53
48 86
65 87
10 74
6 71
5 61
7 37
37 89
5 69
4 14
30 54
34 82
8 26
48 78
17 67
14 85
27 37
45 66
85 99
7 66
7 99
44 67
69 99
29 52
1 45
61 78
17 84
14 78
23 42
66 78
55 67
18 73
51 75
44 73
0 67
17 26
69 82
60 73
75 96
60 66
14 41
19 76
2 91
49 69
20 65
18 25
26 54
29 68
39 62
88 90
38 53
64 70
19 50
20 37
10 93
33 51
30 56
72 87
13 78
6 42
78 80
25 64
44 84
38 74
25 33
32 33
2 11
17 73
28 78
23 77
9 54
47 56
10 58
66 81
25 62
26 55
13 66
23 25
29 64
46 48
40 42
60 84
76 91
72 90
34 35
56 66
0 66
49 94
23 73
59 72
5 71
59 61
18 66
59 84
12 32
17 25
58 92
12 48
39 87
42 56
71 78
62 73
16 66
47 73
52 87
38 67
24 50
4 21
46 52
19 37
22 98
6 49
6 48
48 50
10 99
54 74
25 85
44 56
8 25
46 97
32 96
14 47
21 45
16 24
66 79
20 32
7 92
46 68
44 54
23 68
34 80
0 98
8 20
82 87
77 78
23 84
47 84
20 39
3 26
56 82
27 47
51 92
5 41
5 85
54 95
17 98
74 97
62 84
77 81
23 53
59 73
7 8
25 83
8 38
40 72
2 86
6 22
36 64
2 10
6 54
55 84
64 84
73 85
40 52
41 82
22 24
64 73
24 81
87 92
29 65
14 69
32 40
4 11
24 76
34 52
20 66
73 83
27 76
54 90
47 67
15 58
14 37
57 84
1 27
37 67
59 65
55 98
0 71
34 66
6 50
78 91
34 74
46 72
59 68
40 75
24 29
42 62
82 85
80 96
51 94
17 34
22 97
62 77
55 73
6 76
49 87
37 79
84 85
50 91
9 95
10 88
72 99
28 63
6 8
4 68
13 96
18 34
27 50
83 84
7 30
8 22
16 77
36 66
5 56
25 59
70 77
39 43
62 68
8 64
13 51
25 55
42 54
57 73
42 96
2 39
3 54
8 41
48 76
47 54
43 48
10 21
68 69
10 45
51 65
11 92
17 66
3 43
4 26
23 39
4 64
15 95
23 34
9 88
11 32
22 95
27 44
25 99
32 52
2 15
53 81
27 30
35 89
56 75
6 37
79 99
0 61
15 66
23 61
12 84
41 68
53 78
49 66
8 73
20 30
24 70
46 61
40 65
24 30
34 69
22 45
53 62
5 87
28 96
7 47
14 44
40 82
42 51
10 57
46 94
2 24
1 32
6 38
3 64
25 94
7 44
86 92
12 25
66 70
34 41
42 83
69 77
68 74
10 77
77 83
42 93
3 83
12 73
7 72
7 39
31 38
54 63
4 86
1 60
33 92
22 67
8 84
34 62
34 55
20 49
32 86
51 63
54 94
0 68
20 47
68 83
52 92
25 57
32 95
3 62
31 91
53 70
28 51
65 96
5 34
49 63
16 53
25 63
48 74
35 71
25 26
18 89
55 66
4 61
46 71
38 45
20 44
68 72
72 79
13 40
24 44
28 66
8 98
16 26
14 30
11 51
10 60
41 77
38 89
71 72
61 62
8 69
7 52
49 83
23 71
26 81
6 10
8 79
34 50
92 96
4 71
61 69
3 58
83 99
14 56
1 54
53 83
42 69
41 91
8 85
41 50
57 77
21 93
37 41
41 76
43 54
6 14
15 31
61 72
53 69
13 56
28 40
57 86
38 97
5 40
14 83
73 99
30 79
17 71
10 65
43 99
24 54
20 92
34 83
85 91
3 11
12 63
75 87
54 98
1 4
11 57
21 60
41 61
28 56
41 75
35 61
62 99
45 54
52 75
51 80
2 60
38 99
8 11
22 43
49 62
52 74
21 36
28 41
40 92
38 95
31 39
52 79
73 94
56 65
50 58
32 66
18 71
11 34
31 46
7 49
53 57
22 60
61 74
52 59
26 84
84 99
26 73
32 56
84 94
9 26
42 78
94 96
62 71
78 82
61 83
15 94
41 53
35 68
46 63
22 31
60 94
2 46
24 36
22 99
15 25
68 85
24 37
69 71
10 53
63 73
41 42
43 65
3 23
33 74
48 64
72 93
47 79
44 79
14 96
36 51
25 27
82 96
31 51
34 76
14 62
63 84
17 61
46 77
13 41
58 76
45 97
51 86
31 60
38 60
59 64
33 46
28 85
6 47
6 30
50 69
21 90
41 71
69 76
52 78
29 66
91 96
3 98
24 47
34 85
14 40
20 72
22 42
37 69
17 89
33 54
21 27
72 74
71 74
55 71
69 91
75 85
8 54
0 89
5 78
77 85
18 61
52 56
6 75
15 88
56 72
11 93
26 99
26 70
56 91
55 89
3 86
34 86
43 49
16 67
74 80
12 19
72 78
57 72
45 94
17 68
8 19
14 76
9 64
24 59
6 44
34 45
86 93
8 86
1 22
66 92
20 52
51 81
1 92
71 83
74 94
69 75
36 79
16 98
22 89
8 89
67 81
27 73
10 19
28 69
39 79
9 48
18 68
2 45
66 68
45 52
26 29
13 87
13 85
37 85
9 11
48 82
0 65
6 65
38 43
12 94
81 98
15 73
4 97
40 91
6 66
23 99
52 68
22 41
54 67
42 85
41 47
63 96
76 85
34 90
48 90
50 85
39 94
12 50
41 48
1 90
92 95
74 77
48 69
55 61
2 38
29 77
54 60
2 51
51 64
91 94
20 75
16 51
6 28
61 85
31 45
51 91
41 54
5 96
23 49
93 97
53 85
52 60
27 84
52 71
26 36
73 80
9 34
30 41
13 69
35 50
58 66
6 13
22 69
43 50
46 80
39 66
15 84
46 53
37 48
80 84
28 87
14 50
66 71
52 61
10 95
23 48
6 91
54 69
29 67
4 98
4 32
61 66
36 87
73 82
43 76
14 51
55 68
41 44
12 34
9 21
82 84
21 81
51 82
45 68
60 63
50 81
13 52
2 74
58 99
45 48
31 74
14 23
15 63
8 43
7 75
59 77
36 42
48 80
3 95
45 72
37 58
48 62
50 88
40 94
67 70
25 80
3 88
71 85
16 50
7 36
35 63
49 79
29 53
10 43
32 82
72 75
10 75
12 76
38 41
31 96
9 86
4 77
56 92
79 81
38 42
11 96
47 69
25 31
30 48
64 99
32 78
50 68
8 83
25 98
14 43
26 51
29 98
70 98
37 43
63 74
36 88
45 63
54 99
16 21
53 74
1 38
2 14
10 97
22 33
87 94
10 15
2 22
35 76
51 70
30 69
25 82
8 62
13 20
10 41
6 32
76 88
60 72
38 69
3 89
0 50
53 59
81 87
65 78
48 83
36 50
14 20
47 85
35 65
36 97
60 97
17 65
14 87
16 79
36 96
20 28
21 70
8 67
44 69
18 50
26 90
27 97
34 60
83 91
76 81
23 65
3 48
68 90
33 45
2 96
31 54
32 50
23 54
45 61
88 93
54 62
45 80
26 75
32 43
30 85
10 69
5 51
36 58
52 93
8 58
27 80
78 94
3 19
50 61
58 72
48 85
16 76
84 98
40 63
68 76
22 62
22 85
39 63
73 98
18 63
32 46
16 87
11 87
50 71
9 98
44 48
66 88
11 71
27 66
7 81
79 93
63 91
1 9
22 23
39 58
26 48
87 91
7 13
35 94
44 85
50 62
36 98
18 65
36 67
54 85
86 96
50 83
34 37
64 90
62 76
41 66
11 90
9 68
76 83
11 68
4 92
54 89
64 92
32 64
31 73
15 52
81 96
62 91
63 87
24 25
98 99
37 83
49 52
4 53
45 71
50 95
54 83
55 65
11 99
70 79
28 83
37 62
11 61
0 76
50 70
22 83
30 58
5 48
31 84
52 57
36 40
7 28
39 95
75 83
36 76
42 46
48 60
1 15
7 16
18 76
8 23
0 63
15 22
5 73
59 66
3 34
66 91
20 91
47 48
62 65
17 50
95 99
52 58
76 95
71 86
32 76
32 80
5 84
60 68
16 96
3 67
90 97
25 75
75 79
61 76
0 77
82 92
11 40
31 40
15 38
24 84
61 90
28 52
74 82
81 88
12 71
21 50
71 76
62 75
33 38
28 62
42 74
24 73
2 25
38 85
70 87
50 92
10 13
68 86
66 69
64 96
23 50
47 58
13 83
13 72
7 14
72 88
30 43
44 58
45 77
43 47
86 87
30 34
38 62
25 67
37 88
23 76
42 81
26 59
61 86
20 36
18 94
34 64
16 89
43 75
56 94
58 93
11 46
78 92
4 81
4 36
14 31
63 78
71 90
19 38
23 38
25 49
9 61
5 74
40 81
86 90
10 49
4 89
21 66
17 63
10 85
27 33
65 69
46 82
31 78
43 66
5 25
81 89
21 72
58 81
88 99
86 99
1 10
70 76
35 51
12 30
43 44
7 70
16 88
13 62
23 37
6 72
51 93
6 52
59 67
12 61
21 76
65 83
0 51
2 40
50 55
31 87
6 92
33 93
38 83
4 33
7 93
4 16
15 21
81 97
49 58
4 67
2 78
9 71
42 70
43 91
17 76
28 43
57 64
0 94
16 42
38 75
12 68
0 53
5 32
72 77
7 94
15 72
41 65
13 26
16 40
67 84
87 93
7 11
23 91
32 74
70 96
46 65
10 27
19 99
26 96
67 73
7 91
55 63
40 86
10 62
60 61
64 75
25 39
22 27
73 75
37 95
19 35
76 92
16 58
13 43
46 92
5 46
34 44
11 79
70 88
47 83
60 80
3 21
66 85
33 60
52 88
2 54
89 99
13 79
35 77
43 92
42 57
48 94
47 62
12 31
48 63
2 73
22 75
63 81
65 72
45 53
15 54
16 63
16 97
10 23
19 75
46 64
8 24
20 81
10 42
9 97
10 83
29 51
30 83
30 35
12 44
75 98
23 75
24 48
75 84
46 86
59 98
30 62
29 89
12 37
64 87
49 73
49 72
9 89
2 84
29 50
23 28
56 63
26 46
66 95
8 95
70 97
8 48
2 87
60 71
8 88
21 57
17 94
55 76
51 98
70 89
34 47
27 38
20 94
28 79
17 77
44 83
66 93
13 25
24 57
18 19
49 95
58 70
44 62
30 88
4 65
18 51
25 89
64 93
80 92
21 52
49 84
7 63
27 34
90 98
16 20
10 28
40 70
2 27
37 68
21 29
40 64
48 98
19 22
39 88
35 37
3 68
4 24
7 86
27 54
18 77
13 23
4 70
31 56
81 94
54 82
39 73
79 94
16 94
3 24
65 74
79 86
23 32
55 94
35 53
53 72
14 94
14 79
28 72
4 35
54 80
36 56
77 90
65 85
35 44
27 68
30 81
23 47
32 69
17 51
39 52
66 77
10 39
45 82
60 77
4 19
32 41
44 88
9 67
47 88
39 84
9 19
37 81
23 30
29 76
2 56
16 30
55 77
17 53
93 96
27 94
26 87
33 36
18 30
0 30
75 89
5 45
12 47
38 49
27 31
11 20
4 42
26 32
62 66
84 89
73 89
36 89
16 37
32 62
29 79
5 92
20 63
52 77
21 37
10 33
48 99
5 27
8 34
20 70
13 38
30 95
26 92
37 61
0 4
23 44
22 49
63 70
36 63
13 73
42 45
66 83
26 40
13 19
20 93
12 51
11 74
67 99
11 56
25 28
37 71
30 68
57 66
18 53
33 90
4 80
3 61
1 3
63 79
74 92
0 87
13 64
26 34
11 75
9 32
40 93
24 92
58 75
27 82
79 91
17 19
11 78
0 37
41 52
9 77
0 19
0 79
47 95
7 31
35 87
29 87
56 81
21 59
13 84
13 22
48 67
18 37
32 37
50 77
13 98
36 37
30 36
3 71
19 55
26 28
32 90
44 81
44 95
14 66
41 72
35 96
1 93
23 66
4 12
0 96
51 55
36 95
32 83
27 48
53 55
34 99
72 95
36 94
52 65
7 64
35 47
27 61
24 32
53 90
31 35
49 88
16 44
53 60
18 44
43 72
35 79
54 75
15 34
0 44
4 18
57 97
70 94
15 97
64 71
27 52
0 21
64 68
16 56
20 31
7 29
36 46
20 86
29 42
43 52
32 45
17 30
30 32
53 66
30 61
1 36
22 80
44 68
52 69
29 63
26 49
27 77
0 7
12 65
22 82
1 50
64 74
30 71
21 99
14 95
64 79
61 64
29 96
65 66
6 94
51 59
75 86
36 78
26 74
69 72
56 86
76 77
74 86
2 7
30 70
14 58
80 90
24 93
28 73
50 97
14 63
52 53
34 94
42 59
27 71
52 95
15 48
46 81
21 30
39 72
93 95
7 35
37 70
32 85
78 86
22 39
36 44
13 58
11 45
27 63
38 39
89 90
47 68
34 63
51 67
96 98
2 12
9 24
17 37
5 54
1 76
47 81
29 88
23 92
13 89
4 17
18 87
2 20
9 53
57 79
28 84
28 38
59 89
28 58
37 92
19 54
30 55
31 79
69 92
16 47
72 97
18 31
11 65
66 97
26 60
52 91
8 21
0 40
21 35
4 29
50 53
16 46
27 72
18 96
41 92
24 51
60 82
64 78
26 45
26 57
56 70
9 33
44 61
35 40
17 44
76 97
29 97
18 79
0 47
18 47
59 79
32 44
33 81
78 81
9 92
15 68
11 60
57 88
50 59
7 26
75 95
29 94
44 71
46 98
49 54
17 87
22 28
51 57
27 53
51 89
1 39
5 60
3 32
11 58
56 64
45 64
3 97
21 44
67 75
62 92
81 95
30 92
29 58
17 79
29 40
52 85
1 99
44 70
20 64
21 47
11 77
60 64
11 13
31 48
45 65
8 68
90 92
92 98
0 31
37 55
42 60
32 98
67 90
47 61
17 96
26 78
65 86
36 47
6 63
16 78
82 93
72 85
47 71
19 28
41 94
16 33
4 55
19 90
4 82
6 36
56 93
9 81
28 64
45 86
7 18
38 80
53 76
57 67
1 66
26 79
27 42
24 99
44 55
13 54
32 47
33 70
68 99
59 87
58 91
6 31
17 21
38 82
9 36
16 95
2 79
49 64
26 93
0 88
18 21
15 26
50 93
48 89
32 60
83 92
11 21
1 81
15 80
50 65
26 56
59 97
28 98
67 92
28 95
7 17
9 16
24 34
11 88
57 87
45 92
13 95
59 76
75 88
77 86
7 57
46 70
2 6
12 96
1 37
55 87
0 58
29 30
60 86
58 86
17 47
7 59
17 31
15 61
59 88
32 67
3 81
87 98
34 98
44 92
18 40
57 58
20 29
10 91
32 63
4 93
39 54
52 97
25 91
36 74
12 87
55 79
42 90
13 86
15 33
0 20
57 98
47 70
8 61
5 22
21 39
91 95
3 77
58 94
12 77
32 94
29 37
20 26
70 95
55 96
40 98
9 80
3 16
52 62
1 16
62 72
69 94
70 78
19 25
20 35
11 53
35 88
8 71
3 36
31 81
4 5
3 92
85 92
26 68
17 40
15 71
2 41
35 58
31 41
16 31
6 81
3 35
59 96
31 55
52 83
21 55
26 71
3 12
74 81
36 90
2 35
65 90
49 98
81 90
61 99
65 76
72 83
21 86
15 64
1 8
36 43
63 92
0 42
1 72
47 55
76 93
16 19
1 70
37 77
23 72
41 63
47 92
86 88
37 97
13 67
7 55
58 59
72 91
9 35
26 61
23 52
29 44
19 81
0 97
14 88
28 89
71 99
6 11
24 90
92 94
16 90
12 79
85 94
11 15
11 49
6 16
16 74
28 54
13 88
8 12
33 57
1 49
14 25
73 91
9 65
58 63
53 86
67 96
57 96
82 90
9 70
19 49
12 53
68 94
59 63
2 48
60 65
74 98
9 42
28 88
19 73
12 40
11 28
7 12
19 84
35 46
67 93
34 67
9 12
0 3
40 59
21 49
18 88
15 77
40 55
93 98
84 91
3 53
31 69
8 32
63 68
17 88
2 69
89 96
8 35
0 9
42 72
1 30
24 96
97 99
78 93
18 20
0 56
18 58
50 57
26 39
4 59
0 46
2 18
1 52
60 92
8 81
46 89
