100 2507 463.303356344415 dense
0 408 600
1 186 598
2 983 860
3 775 579
4 339 508
5 449 584
6 644 257
7 489 200
8 563 887
9 808 341
10 394 574
11 778 709
12 927 592
13 273 171
14 378 853
15 23 553
16 341 861
17 675 354
18 181 651
19 110 813
20 429 286
21 370 876
22 682 495
23 768 95
24 540 757
25 769 757
26 308 428
27 105 492
28 770 527
29 68 472
30 324 54
31 671 777
32 542 556
33 885 221
34 444 968
35 814 708
36 905 256
37 338 494
38 918 817
39 140 395
40 237 259
41 749 658
42 547 728
43 96 683
44 557 687
45 655 255
46 559 316
47 469 6
48 864 735
49 18 230
50 507 509
51 181 49
52 393 696
53 525 390
54 826 864
55 864 642
56 498 145
57 636 36
58 499 600
59 307 932
60 239 35
61 568 294
62 295 660
63 687 536
64 592 242
65 821 178
66 275 441
67 336 749
68 832 641
69 605 248
70 372 847
71 437 332
72 15 877
73 407 55
74 856 494
75 578 980
76 626 118
77 182 801
78 199 648
79 491 138
80 441 45
81 302 739
82 224 329
83 380 165
84 604 589
85 674 939
86 713 467
87 194 651
88 809 191
89 608 795
90 297 414
91 937 980
92 676 376
93 452 752
94 658 873
95 95 458
96 295 547
97 488 173
98 754 25
99 521 702
78 87
14 70
56 79
6 45
18 87
4 37
64 69
65 88
26 90
18 78
17 92
46 61
14 21
7 97
21 70
0 10
56 97
24 42
29 95
55 68
16 21
16 70
66 90
79 97
73 80
67 81
27 95
26 66
11 35
42 99
14 16
44 99
6 69
33 36
22 63
22 86
27 29
42 44
0 5
20 71
47 80
11 25
45 69
1 78
3 28
5 58
1 18
1 87
6 64
7 56
5 10
35 48
61 64
24 99
32 50
11 41
4 96
61 69
51 60
32 58
7 79
45 64
31 89
25 35
85 94
37 96
35 68
32 84
40 82
23 98
24 44
26 37
19 77
63 86
33 65
39 95
52 67
24 89
2 38
16 59
47 73
62 81
12 55
46 64
52 93
46 53
33 88
35 41
46 69
37 66
57 76
28 86
35 55
30 73
3 41
28 63
3 68
21 59
6 61
41 68
93 99
4 26
4 10
11 68
30 60
24 93
11 48
37 90
42 89
18 43
0 58
50 58
28 74
89 94
4 66
15 29
48 55
22 28
8 75
5 50
13 40
45 61
8 94
62 78
31 94
5 32
0 52
25 48
10 37
3 63
42 93
62 67
38 48
86 92
23 65
63 84
48 68
25 31
52 81
25 41
17 45
62 87
6 17
15 27
8 89
10 96
4 90
43 87
27 39
38 54
6 46
58 99
75 85
23 88
52 62
67 70
44 58
7 20
53 61
53 71
29 39
58 84
79 80
14 59
39 82
12 68
59 70
13 83
66 96
10 58
83 97
44 84
43 78
11 55
3 55
7 64
82 90
16 67
14 67
62 96
73 83
45 46
79 83
18 62
7 83
19 72
36 65
0 4
56 80
36 88
67 93
41 55
30 80
3 74
21 34
73 79
57 98
22 92
15 95
17 86
44 89
56 83
26 96
1 96
50 53
12 74
25 54
10 52
17 46
22 84
8 85
17 61
7 61
45 92
46 71
66 82
6 92
44 93
1 43
70 93
30 83
64 97
0 96
14 93
5 52
3 22
1 62
7 69
50 84
11 31
0 37
17 69
89 99
20 97
13 30
0 62
56 73
3 86
16 81
52 99
2 91
64 76
70 81
9 36
28 68
26 82
3 11
10 50
20 83
19 43
56 76
10 62
21 67
46 92
69 76
32 44
25 68
8 24
24 31
14 34
28 41
90 96
31 42
1 27
20 46
75 94
9 17
4 5
47 79
0 50
48 54
34 75
80 83
3 35
77 81
56 64
7 46
61 92
80 97
61 71
76 79
9 92
42 58
41 63
14 81
78 81
5 99
41 48
69 97
20 61
81 87
78 96
17 64
45 76
6 76
13 60
84 99
34 70
0 32
17 22
20 53
34 59
7 71
47 56
31 41
9 33
39 66
5 37
52 58
30 51
73 97
23 76
8 34
23 57
64 79
87 96
61 97
31 44
74 86
43 77
32 63
69 92
32 99
55 74
16 34
56 69
28 55
76 97
21 93
68 74
10 32
15 43
25 55
5 44
18 81
18 77
9 88
42 84
77 87
81 93
35 38
53 92
0 99
52 70
3 12
22 32
30 47
13 51
21 81
77 78
8 31
17 53
18 96
5 84
16 93
12 48
35 54
20 56
2 54
42 52
14 52
9 86
39 90
64 92
76 98
4 62
0 93
5 96
85 89
69 79
31 35
58 93
24 52
46 97
7 76
8 42
9 74
63 92
20 79
54 91
25 94
41 84
25 38
26 71
89 93
12 35
31 85
71 90
11 54
7 80
24 58
53 64
67 77
53 69
9 65
84 86
38 91
44 52
56 61
6 7
13 82
25 89
24 94
0 67
40 90
7 73
45 88
32 53
1 95
71 97
65 98
39 40
31 99
4 50
5 93
47 97
54 94
20 64
1 15
60 73
10 26
54 85
37 50
47 57
12 28
16 77
67 78
40 83
26 39
3 84
37 62
5 62
23 33
32 42
67 87
0 44
2 48
1 29
16 52
61 79
22 74
63 74
5 42
8 93
0 81
7 45
88 98
9 45
22 50
56 57
18 27
22 41
71 83
11 38
18 19
6 97
28 84
13 73
57 79
27 66
1 4
6 88
31 54
28 92
3 25
52 96
6 53
10 66
63 68
64 71
3 48
24 84
20 69
10 99
1 66
62 77
66 95
59 77
21 52
46 56
62 93
50 63
27 78
11 28
47 83
27 87
17 63
82 95
19 87
1 81
42 94
45 65
38 55
26 40
18 67
72 77
20 90
6 56
1 37
6 9
10 67
4 58
44 50
59 67
61 76
15 18
40 66
45 97
28 35
20 26
30 79
10 90
10 93
45 53
75 89
19 78
69 71
8 14
14 24
22 53
10 81
0 42
11 12
8 99
9 28
12 41
37 71
50 71
11 89
46 79
24 70
67 99
27 43
45 56
60 83
81 96
37 58
32 86
47 76
59 81
8 21
7 53
50 99
13 20
6 65
6 79
20 40
41 44
41 86
7 47
8 70
57 80
66 71
5 24
11 63
70 77
4 52
41 74
23 45
38 68
0 84
30 56
41 89
15 39
56 71
76 88
15 87
17 28
31 48
27 96
4 78
10 44
58 63
76 80
0 26
9 22
44 63
31 84
52 78
46 50
5 67
15 78
8 44
43 62
37 82
24 32
71 79
4 71
45 79
57 97
27 82
62 70
60 80
21 77
30 97
14 77
1 77
53 86
11 94
4 87
6 23
65 76
52 87
24 67
32 52
0 24
39 49
25 85
19 81
84 89
67 96
16 62
55 63
90 95
27 90
0 66
37 78
21 24
70 99
14 99
1 39
5 53
10 78
4 32
46 76
1 26
29 66
22 68
37 52
1 10
20 82
13 80
14 62
14 42
43 72
50 86
5 26
10 84
57 64
31 68
58 96
68 86
22 58
17 88
18 95
11 84
23 36
53 58
29 82
42 70
44 94
18 29
69 88
42 67
58 62
4 82
1 67
26 27
29 43
40 71
71 82
37 87
4 18
32 37
43 81
5 81
41 42
35 63
37 53
53 84
57 69
10 87
0 78
26 50
1 90
13 97
50 92
26 95
74 92
50 96
32 93
46 86
34 93
78 95
0 90
18 52
87 95
6 20
10 42
39 96
22 46
40 51
7 13
53 63
35 74
20 66
29 87
95 96
50 52
94 99
29 78
45 86
45 57
62 66
41 54
0 87
53 97
6 71
7 57
4 53
26 53
7 30
31 93
13 79
66 78
58 67
40 49
6 86
6 57
37 39
0 1
18 37
11 44
81 99
42 50
30 40
84 93
64 88
54 68
25 44
9 69
31 75
58 89
50 61
8 16
23 69
35 89
3 31
25 42
40 60
32 92
16 24
84 92
43 95
66 87
12 38
5 66
54 55
64 83
61 86
3 92
10 53
24 85
51 73
24 75
82 83
10 18
13 56
20 37
65 69
35 94
2 35
88 92
73 76
61 83
1 19
5 90
20 45
28 48
12 25
49 82
17 50
21 62
54 89
17 65
11 74
17 74
4 39
24 25
1 52
22 44
53 90
82 96
23 64
9 63
44 67
57 73
13 71
28 32
62 99
25 28
18 66
19 59
51 83
21 99
50 90
21 42
32 41
22 61
59 93
55 86
45 71
24 41
11 42
24 34
47 60
34 85
38 41
20 73
41 99
57 88
26 62
33 45
21 75
0 18
27 37
57 65
41 94
68 84
4 81
22 55
10 24
3 32
34 94
46 83
11 22
4 27
63 99
19 67
25 84
31 55
52 77
25 63
33 98
16 19
29 90
20 50
52 84
52 89
14 75
14 89
2 25
9 64
42 63
64 65
34 89
24 81
93 94
17 71
29 96
4 20
69 83
19 62
16 99
3 9
0 53
32 46
49 95
6 22
4 67
17 76
43 96
58 81
48 74
20 80
35 84
7 17
22 45
31 63
70 89
50 66
17 32
11 24
5 63
36 74
71 92
3 44
49 51
8 25
6 33
26 29
14 44
34 67
69 86
13 90
40 95
9 61
44 70
16 42
70 75
42 81
65 92
17 84
26 78
37 95
10 71
62 90
3 17
42 85
12 63
53 56
31 58
29 49
32 96
32 71
37 81
12 86
32 89
48 94
64 80
2 55
17 33
43 67
4 95
50 93
9 23
5 22
0 70
36 45
17 36
24 50
31 38
9 46
45 98
76 83
26 87
11 86
22 35
52 59
21 89
58 86
5 71
11 85
27 62
78 90
42 75
25 99
53 79
46 63
2 11
20 30
0 14
37 67
53 66
17 20
64 86
48 91
8 52
37 40
31 32
16 78
13 47
16 87
18 26
41 58
6 98
7 92
26 58
11 99
71 96
35 44
5 78
93 96
87 90
36 92
22 69
7 40
20 76
18 39
13 26
39 78
8 59
51 80
33 92
44 81
17 97
50 62
75 93
13 39
69 80
6 36
42 62
34 42
35 86
39 87
13 49
61 88
22 99
83 90
76 92
20 92
48 89
64 73
32 61
1 5
44 62
12 22
24 62
28 50
5 87
70 78
18 90
8 54
16 18
19 70
5 89
70 87
16 75
40 97
55 84
24 63
40 73
8 67
21 44
38 94
4 99
2 68
47 64
85 91
48 63
28 44
26 32
57 61
19 21
53 83
35 42
27 40
32 62
69 98
22 64
28 31
4 93
4 40
22 42
74 84
34 81
0 16
0 71
61 63
44 86
13 66
35 85
63 89
64 98
29 37
14 19
1 82
68 89
29 40
15 96
14 78
60 79
59 62
3 42
26 83
38 85
3 89
14 87
4 29
78 93
18 70
2 12
54 75
17 56
10 70
5 70
96 99
15 19
77 93
33 74
23 56
58 90
58 66
26 46
16 89
58 71
17 23
59 75
15 66
67 89
36 98
22 25
27 49
5 18
69 73
92 97
46 84
34 52
3 58
34 99
3 50
25 74
37 99
87 93
4 84
16 44
47 69
3 38
58 70
9 12
44 85
77 96
5 14
61 65
24 35
53 96
0 21
71 73
33 76
48 85
50 69
44 68
8 11
25 91
0 89
10 14
46 88
61 80
6 83
46 90
50 64
23 79
18 72
14 58
28 58
28 53
14 94
52 66
26 52
11 32
33 69
40 79
56 60
37 93
4 44
85 99
23 61
14 18
22 31
3 99
32 67
6 63
37 84
56 98
45 63
20 47
32 90
51 82
17 79
37 46
75 99
41 50
62 95
60 97
40 56
21 78
36 86
58 92
71 76
47 98
21 87
0 63
79 98
57 83
6 50
71 80
70 94
9 53
7 90
9 76
21 94
61 73
72 87
5 86
84 94
18 93
45 83
3 54
31 52
5 46
68 94
10 20
12 54
53 76
85 93
46 58
46 57
23 97
32 66
41 85
7 26
47 51
41 92
39 43
24 59
56 92
10 16
37 44
4 46
86 88
15 62
26 61
30 82
20 32
35 99
20 96
0 22
6 80
25 75
33 64
44 75
72 78
40 96
18 21
45 50
8 58
5 31
22 71
60 82
15 77
50 67
49 60
7 82
29 62
3 24
8 41
66 83
28 45
25 86
10 63
46 80
40 80
23 92
46 65
61 90
31 34
44 96
59 72
61 84
43 52
5 16
52 90
6 28
42 68
22 24
7 23
48 84
10 82
55 89
28 46
35 91
10 22
5 20
44 53
91 94
66 81
63 69
4 43
11 58
7 60
45 80
8 81
30 71
36 69
33 86
28 42
10 27
8 84
9 68
15 82
43 66
22 48
79 92
32 81
46 73
32 68
0 77
17 58
5 21
14 31
4 42
28 36
16 43
34 44
59 87
10 21
25 32
50 89
86 99
39 71
58 78
59 78
23 46
28 99
97 98
47 61
21 58
37 61
16 58
1 16
24 54
6 47
9 55
19 52
10 46
71 84
74 88
82 97
39 62
37 43
31 70
53 82
15 90
71 86
1 93
68 92
90 97
48 86
10 89
5 92
18 59
50 81
14 85
8 35
28 61
65 86
30 76
20 39
63 64
5 41
22 89
2 41
58 87
42 86
55 94
7 50
70 96
33 57
42 96
44 55
46 66
42 54
21 85
10 77
34 77
44 48
10 39
38 89
45 47
1 70
26 81
81 89
15 26
36 76
6 73
41 93
32 35
84 96
23 47
53 99
67 84
26 97
45 74
25 58
30 57
31 86
17 41
1 58
28 89
36 64
3 53
4 61
5 61
80 98
58 61
37 42
66 67
59 99
31 50
24 68
11 91
32 69
56 88
0 20
20 60
42 59
70 85
12 31
6 32
58 94
27 81
40 53
3 94
21 31
68 99
0 31
25 93
62 84
14 96
42 48
16 94
10 43
16 96
7 98
65 74
32 64
6 74
27 77
72 81
45 73
52 94
2 85
4 15
63 93
1 14
13 61
78 82
4 24
32 74
7 88
17 57
15 37
9 98
13 46
10 95
19 27
43 70
9 84
88 97
32 45
0 46
0 27
20 58
44 54
18 58
26 67
7 66
79 88
9 41
5 17
51 79
63 71
24 96
46 47
2 31
0 43
12 84
15 49
82 87
5 8
19 96
15 72
28 69
20 57
56 65
24 48
18 82
81 90
2 94
24 28
33 61
28 38
55 92
5 28
3 5
0 8
43 59
16 72
78 99
13 64
22 36
28 33
40 46
61 98
17 68
1 72
30 64
0 82
47 71
61 66
20 22
79 82
42 55
11 93
38 74
14 43
22 88
13 37
73 82
10 61
56 82
7 37
59 89
23 80
87 99
51 97
12 92
51 56
26 43
24 37
8 32
37 83
4 77
65 79
39 83
49 66
7 65
0 86
40 61
44 92
35 58
65 97
1 50
52 53
32 55
1 21
13 53
49 90
6 84
67 75
31 91
52 63
21 43
46 82
15 81
50 82
58 68
43 90
56 90
28 64
31 67
10 86
50 97
12 36
20 86
11 50
11 75
26 84
32 70
81 84
8 48
67 90
68 85
79 90
0 39
21 96
32 94
24 86
13 95
45 84
50 78
31 74
63 94
28 88
17 98
62 82
42 53
52 75
36 61
14 32
26 64
33 46
5 82
3 46
16 31
4 70
13 69
26 56
62 89
69 84
22 33
30 69
64 90
10 29
28 54
16 85
9 32
34 62
30 61
66 97
57 92
4 7
1 40
26 79
7 51
20 51
4 22
40 47
4 13
10 31
19 29
50 87
0 95
24 55
18 99
22 37
5 77
37 77
86 89
17 55
10 92
48 99
9 50
22 93
67 94
0 61
54 99
4 83
3 45
27 67
67 72
61 82
55 91
0 41
22 65
46 74
12 17
53 88
53 74
70 84
0 59
26 99
4 14
64 84
26 69
19 93
36 57
14 84
3 6
3 36
29 77
55 99
11 92
73 98
39 51
7 86
7 9
81 95
4 63
41 53
0 92
50 74
2 3
69 90
20 84
44 59
9 57
46 98
17 83
61 74
1 99
50 68
46 96
26 49
36 46
8 62
69 74
37 63
5 11
30 46
10 40
22 52
3 61
7 22
55 85
28 65
27 52
30 49
4 16
77 99
17 44
84 90
54 84
77 95
62 72
37 97
26 93
37 70
53 62
36 63
68 91
21 72
29 81
53 80
32 78
53 73
1 59
19 95
40 64
18 50
8 10
44 74
59 94
5 27
54 63
5 94
57 71
10 17
84 85
60 71
13 76
42 78
80 82
62 71
37 64
66 93
24 78
37 92
41 52
70 72
1 32
66 99
75 91
20 63
26 44
35 92
92 98
76 86
7 32
35 75
44 78
24 77
32 87
66 84
25 50
92 99
30 90
14 37
42 87
9 97
8 38
24 87
4 92
5 39
13 27
43 93
0 17
37 69
23 73
0 29
21 32
83 92
15 40
28 94
38 63
5 25
14 72
50 70
53 65
50 56
13 29
71 95
8 68
41 75
35 93
44 87
10 41
90 99
17 37
64 74
16 32
1 71
35 50
63 88
0 19
75 81
3 93
5 43
4 97
52 71
50 83
9 56
16 37
9 35
59 85
4 64
24 53
14 50
55 58
0 3
58 69
49 83
40 50
40 69
19 34
32 48
10 59
27 71
9 11
0 28
53 93
4 21
15 67
4 17
11 17
0 34
58 64
0 94
86 97
21 84
5 69
56 66
5 64
31 81
53 57
44 46
9 71
10 19
54 74
50 79
52 85
10 15
26 92
66 77
90 93
4 69
33 63
34 58
3 69
66 79
61 96
42 77
8 63
6 58
58 74
41 91
18 32
39 60
12 33
3 85
3 8
18 42
44 66
64 66
18 24
26 30
17 26
3 33
44 71
42 92
58 77
73 90
20 95
5 95
5 59
22 97
37 86
23 86
4 86
9 79
43 82
48 75
13 96
44 90
6 26
38 75
89 91
18 44
67 95
12 89
64 82
16 84
45 58
22 94
10 28
6 30
71 99
22 26
39 81
17 35
81 94
17 99
2 89
5 6
6 13
6 90
90 92
25 52
50 55
3 10
22 76
52 95
4 19
0 40
58 85
38 42
1 44
51 71
12 44
8 50
23 53
63 65
66 69
24 38
17 90
9 20
51 90
21 37
60 90
3 64
58 59
26 42
1 42
38 44
37 56
20 27
5 34
39 50
39 53
59 96
11 52
8 91
29 67
5 35
0 11
7 10
28 71
26 73
5 7
58 82
86 93
10 64
12 32
32 97
6 37
47 88
56 86
5 68
30 45
13 57
2 74
30 39
37 79
25 34
42 74
17 80
26 45
67 85
0 15
46 99
5 40
38 84
47 53
1 24
8 55
58 75
12 91
5 45
36 55
10 69
12 94
20 23
48 58
16 50
3 88
69 82
28 93
7 63
74 89
30 66
54 93
22 96
8 77
32 82
40 78
13 45
41 46
83 96
30 53
20 88
45 90
21 50
47 65
36 68
75 84
44 77
19 37
63 96
25 92
44 61
39 52
4 89
22 90
52 86
0 25
26 77
31 62
50 94
26 63
23 83
74 99
40 87
33 56
29 71
29 52
4 6
2 28
17 42
27 72
42 66
22 56
1 20
71 78
31 59
60 76
68 93
34 54
80 88
18 40
22 54
80 90
4 56
53 68
7 33
15 52
79 86
37 45
57 60
5 29
10 34
20 62
7 96
33 53
1 53
71 88
9 48
10 94
26 60
22 38
89 96
83 98
3 52
26 51
7 39
33 97
4 79
7 58
71 87
31 92
42 90
17 73
27 50
0 64
24 26
65 80
14 25
33 79
36 53
34 78
51 66
9 58
63 85
0 69
12 42
3 65
6 10
34 87
77 90
52 82
37 89
17 47
1 49
24 92
39 67
4 45
22 79
32 85
40 62
48 92
47 82
26 80
38 86
7 84
53 67
80 92
20 29
66 92
41 61
20 65
26 86
19 66
6 40
10 11
25 70
23 71
11 53
60 66
66 73
0 7
39 77
29 72
27 58
23 74
63 90
50 76
83 95
18 71
5 19
22 23
60 64
10 83
78 84
17 66
8 22
86 94
22 66
63 67
61 99
42 71
13 50
24 74
62 63
34 84
43 58
20 52
10 97
18 34
10 45
42 46
6 66
48 93
24 66
54 86
39 97
5 97
28 52
38 99
32 56
39 58
53 89
31 53
65 71
40 76
17 25
41 45
63 97
53 81
6 41
84 87
46 52
20 49
37 49
50 95
8 28
53 78
0 75
0 6
21 25
5 75
20 98
5 74
10 25
81 82
66 70
20 28
92 96
9 25
51 95
12 88
40 45
1 84
3 71
60 61
73 92
32 54
5 55
19 39
52 72
14 41
86 90
7 36
0 35
54 58
71 93
5 85
24 90
12 99
12 24
22 62
10 13
96 97
2 8
62 94
20 44
49 96
32 79
35 52
33 55
53 87
41 70
36 56
81 85
53 55
2 75
63 76
48 50
11 34
63 66
41 67
17 31
28 85
45 66
32 83
33 68
60 69
32 34
68 75
26 70
47 92
0 45
73 88
46 68
89 92
5 83
4 49
45 68
14 66
17 24
11 14
16 66
36 97
4 59
17 48
43 99
32 75
86 96
32 40
64 96
19 99
46 60
0 68
77 89
20 99
6 82
17 96
39 46
55 93
49 73
72 95
5 15
58 97
62 75
52 92
27 83
4 31
12 65
9 44
18 84
6 68
74 94
12 58
12 50
58 95
71 81
11 70
20 78
67 71
22 67
66 80
12 85
35 53
83 88
40 58
36 79
69 96
14 26
53 98
0 85
30 98
7 28
36 41
49 71
4 28
18 53
84 97
65 73
23 28
27 53
39 73
3 91
72 96
8 96
19 26
32 39
12 45
25 67
28 37
5 9
27 93
28 76
46 62
19 24
20 87
16 26
56 63
0 97
42 61
41 69
75 77
78 89
67 82
34 41
39 79
63 81
53 95
8 78
32 77
1 13
0 83
61 68
4 41
39 56
50 77
31 37
21 41
24 71
45 82
92 93
29 83
57 86
29 51
16 27
8 87
87 89
52 61
6 12
34 72
50 88
6 44
66 86
2 63
37 59
70 90
39 61
45 55
30 37
4 8
16 25
29 50
19 90
25 53
74 76
31 96
11 21
10 35
65 83
18 20
71 98
24 46
10 56
44 69
5 48
27 32
13 17
5 56
3 4
52 68
37 41
76 90
63 70
14 63
15 16
55 75
47 90
44 45
10 68
17 52
32 59
6 55
19 58
63 79
11 67
86 98
22 85
26 76
27 70
37 73
41 64
3 37
19 42
21 66
10 75
23 30
32 76
8 86
17 89
43 50
44 64
14 90
46 55
34 96
10 79
3 75
40 43
60 95
22 83
84 88
5 79
14 54
17 40
23 63
36 84
5 13
46 93
8 18
16 90
71 74
27 51
83 86
29 58
0 13
34 43
12 53
11 46
24 43
51 76
56 96
68 88
18 89
58 83
1 34
41 71
18 49
22 81
26 47
17 82
13 92
34 35
32 88
21 26
28 97
14 27
8 37
42 43
3 20
79 96
59 84
6 96
68 69
41 62
76 82
51 64
4 30
41 81
54 70
40 92
55 88
82 92
72 93
2 24
56 58
51 57
24 91
49 78
2 42
16 41
53 60
21 54
17 93
50 65
49 87
15 70
56 84
13 15
61 62
55 61
9 31
40 57
63 75
20 42
32 95
33 41
32 38
0 55
51 61
4 73
8 19
14 35
43 49
2 44
12 46
10 85
0 74
62 86
82 84
20 33
37 80
43 44
35 36
9 99
50 85
22 57
33 71
39 80
49 80
6 99
69 99
17 30
6 60
58 79
93 95
11 16
9 83
46 51
33 84
65 68
34 50
