100 3527 648.0817849623611 dense
0 32 132
1 82 760
2 405 602
3 581 386
4 243 948
5 252 112
6 812 676
7 962 46
8 45 664
9 402 164
10 248 342
11 267 496
12 674 253
13 820 830
14 5 808
15 473 274
16 150 172
17 384 860
18 724 509
19 304 839
20 681 674
21 491 414
22 577 408
23 361 537
24 362 424
25 520 781
26 250 439
27 113 191
28 628 42
29 239 460
30 983 796
31 695 279
32 507 831
33 274 225
34 603 569
35 461 467
36 78 727
37 484 793
38 150 912
39 697 952
40 183 740
41 218 712
42 158 478
43 260 403
44 955 528
45 535 108
46 423 974
47 345 385
48 559 528
49 322 703
50 994 499
51 900 537
52 310 277
53 281 212
54 905 389
55 158 685
56 27 46
57 795 955
58 104 327
59 481 866
60 612 286
61 272 149
62 256 264
63 881 937
64 705 66
65 161 576
66 350 560
67 665 274
68 729 282
69 468 175
70 820 11
71 970 862
72 326 468
73 468 173
74 220 949
75 993 730
76 256 916
77 91 10
78 775 487
79 799 863
80 975 615
81 894 454
82 219 107
83 349 97
84 546 765
85 545 658
86 552 452
87 525 609
88 869 218
89 615 411
90 83 154
91 894 554
92 258 691
93 989 781
94 489 145
95 55 659
96 767 549
97 196 914
98 463 867
99 463 290
69 73
8 95
33 53
30 93
51 91
59 98
15 99
3 22
12 67
4 74
26 29
23 66
31 67
25 84
1 36
5 82
12 31
31 68
4 76
73 94
69 94
26 43
25 37
22 89
13 79
16 27
5 61
3 89
74 97
24 47
33 62
32 59
32 37
40 41
41 92
11 29
38 97
27 90
44 50
74 76
22 86
75 93
25 32
85 87
60 67
52 62
18 78
0 90
44 51
24 72
32 98
53 62
4 97
18 96
45 94
11 26
76 97
34 48
40 55
29 43
21 35
10 43
12 68
78 96
33 52
53 61
67 68
49 92
11 72
41 55
54 81
44 91
9 73
30 75
9 69
30 71
61 82
37 84
2 66
16 90
12 60
8 36
52 53
36 95
21 86
3 86
37 59
56 77
86 89
33 61
48 86
32 84
37 98
23 72
10 62
2 23
38 74
17 98
28 64
26 72
17 19
29 42
71 93
51 81
31 60
47 72
9 83
0 56
21 22
43 47
29 72
34 87
48 87
57 63
9 94
44 80
40 92
10 52
36 55
1 14
19 76
57 79
35 86
43 72
61 83
11 43
45 73
25 59
3 21
45 69
16 82
66 72
44 81
10 26
17 59
39 57
42 65
5 83
15 69
4 38
26 42
81 91
55 92
0 27
15 73
50 51
80 91
11 23
1 8
1 40
25 98
5 53
24 43
41 49
1 95
3 60
11 66
36 40
38 76
10 47
34 85
55 95
1 55
84 85
24 35
51 80
14 36
55 65
26 47
50 81
63 79
11 42
24 26
23 24
47 52
28 45
50 91
46 98
8 55
69 99
5 33
35 48
61 62
63 71
75 80
60 68
73 99
50 80
5 16
10 29
11 24
10 33
59 84
2 87
17 37
17 46
22 48
56 90
53 82
23 35
46 59
13 63
78 81
21 89
16 61
0 16
4 19
60 89
25 85
17 32
42 43
22 60
91 96
21 99
13 57
64 70
34 86
24 29
21 24
48 89
29 47
15 94
22 35
9 53
33 82
82 83
2 49
48 85
20 34
9 61
9 15
6 20
19 97
84 98
21 48
11 65
52 61
51 96
53 83
71 75
10 53
51 78
65 95
6 96
16 33
35 72
18 34
27 82
39 79
0 77
43 52
11 47
27 58
24 66
78 91
20 85
16 53
19 49
19 74
43 62
15 60
17 76
29 65
9 99
3 67
16 62
10 24
36 41
15 21
73 83
50 54
9 33
35 47
69 83
3 48
40 49
82 90
1 41
77 90
23 29
9 45
3 35
10 58
35 66
8 65
9 52
49 66
67 89
2 35
7 70
18 89
6 91
94 99
41 65
44 54
83 94
23 26
51 54
37 85
10 72
33 83
21 47
60 99
29 66
8 14
47 62
65 92
2 85
40 95
47 99
20 96
5 62
3 99
23 47
13 71
19 41
52 99
68 88
6 13
31 89
19 92
10 11
2 72
3 15
35 87
24 52
19 40
3 31
26 66
14 95
17 25
84 87
8 40
34 89
81 96
5 9
86 87
5 27
66 92
22 67
42 58
27 62
77 82
62 82
19 98
16 58
3 12
54 78
20 84
15 52
10 42
22 34
26 65
35 89
22 99
27 61
6 51
58 62
27 33
49 55
34 96
54 91
40 65
32 46
18 48
4 17
13 30
1 38
80 93
23 43
24 99
42 72
27 56
12 89
17 49
20 87
27 53
15 47
15 22
19 38
18 20
23 49
2 48
71 79
41 95
2 92
25 87
68 89
36 65
16 77
26 52
28 94
13 39
43 58
21 72
2 11
30 63
6 80
5 90
58 90
40 97
54 88
22 31
34 35
5 52
33 47
47 66
26 62
45 64
38 40
18 91
13 93
16 56
21 60
60 86
46 76
9 62
35 99
32 85
78 89
15 45
18 51
18 22
14 38
33 43
18 81
21 23
19 59
23 87
8 41
19 46
80 81
3 68
43 66
30 80
18 86
66 87
60 69
4 46
27 77
12 22
60 73
2 24
36 92
26 58
52 83
3 34
31 88
47 53
39 63
44 78
86 99
23 92
37 49
19 37
45 83
17 74
15 24
60 94
6 79
17 84
52 69
37 87
3 18
0 82
6 18
6 75
1 92
61 90
52 73
44 96
29 58
12 64
65 66
63 93
20 48
40 76
14 40
34 78
5 77
53 69
37 46
53 73
62 83
21 34
16 52
1 97
52 72
9 82
24 62
15 67
24 86
43 53
6 78
52 82
20 25
15 35
45 60
89 99
10 61
28 70
15 86
11 92
7 88
17 97
45 99
30 79
11 35
10 16
29 52
14 55
29 62
65 72
15 89
22 68
61 73
61 69
21 87
53 99
12 88
57 71
23 48
33 58
36 38
43 65
13 75
33 99
1 65
33 69
2 34
33 73
12 45
41 66
56 82
15 53
75 91
12 15
10 27
67 99
21 66
19 32
41 97
23 65
33 90
34 84
46 74
15 33
62 90
49 65
89 96
92 95
44 75
6 44
6 93
54 68
85 86
53 90
2 37
2 21
28 73
79 93
42 55
41 76
22 87
0 58
28 69
42 95
62 99
35 85
42 66
42 47
6 30
13 20
48 96
23 86
20 78
2 86
68 78
17 92
67 86
45 67
35 43
24 42
53 58
38 41
54 96
23 42
48 66
67 88
64 67
52 58
19 55
40 74
16 83
70 88
76 98
2 25
25 49
26 35
22 78
31 64
11 49
12 94
12 99
51 75
8 92
27 52
26 33
2 84
22 24
62 72
12 28
25 46
15 83
49 98
4 40
2 41
61 94
18 54
15 62
64 68
87 89
47 86
24 33
59 85
8 42
11 55
67 94
80 96
66 85
14 97
2 29
53 94
3 78
50 78
48 78
23 85
12 69
67 69
0 5
12 73
36 97
10 99
67 73
11 41
15 31
29 35
3 24
17 41
52 94
18 87
32 87
24 48
20 79
31 78
49 76
11 52
21 67
64 88
19 25
49 87
83 99
5 73
31 86
85 98
72 99
2 26
32 49
5 69
76 92
2 47
32 39
10 23
78 86
23 41
72 86
24 53
21 52
18 68
38 55
49 85
25 34
49 59
61 77
9 47
66 86
55 66
26 53
33 94
62 69
3 87
64 94
5 10
20 37
59 76
62 73
50 75
21 43
92 97
18 44
29 92
18 31
55 97
11 62
31 99
43 99
49 84
50 96
39 59
18 85
22 47
72 92
12 86
14 41
1 76
1 74
17 40
31 45
20 32
4 98
5 56
46 97
6 34
11 58
28 67
49 72
10 15
75 79
42 92
63 75
9 10
42 62
1 19
35 60
86 96
3 47
54 80
22 96
6 81
15 61
10 82
41 74
31 54
4 41
81 88
48 84
61 99
78 80
29 33
68 81
11 21
60 64
29 55
5 94
3 69
17 38
67 78
21 69
39 84
0 61
48 72
10 66
3 73
41 42
21 73
21 26
18 67
46 84
35 52
9 60
47 69
15 72
12 21
72 87
6 71
23 34
20 91
28 60
21 31
58 61
47 73
36 49
2 65
68 86
40 66
31 94
49 97
38 92
91 93
25 39
30 57
2 43
28 31
24 87
1 49
10 35
47 61
71 80
3 96
85 96
1 4
48 60
47 58
37 92
58 82
33 72
39 98
15 43
87 96
18 60
10 65
31 69
21 85
10 90
31 73
2 32
55 76
23 55
29 53
22 23
18 21
4 59
42 52
24 65
22 85
9 16
26 92
19 36
29 41
19 84
34 66
24 89
10 21
34 37
6 50
27 83
43 61
12 78
44 93
58 65
16 43
25 48
15 68
21 29
74 98
48 99
85 89
20 86
29 49
9 28
14 74
22 69
47 48
4 49
4 92
73 82
2 19
7 64
30 91
3 94
27 43
11 40
22 72
69 82
52 90
17 85
20 51
60 78
2 17
22 73
37 76
0 33
2 22
36 76
51 93
53 72
26 99
0 62
64 73
28 68
2 55
45 68
57 93
59 87
74 92
12 18
64 69
5 58
2 40
36 42
0 53
62 94
26 55
58 72
9 24
40 42
36 74
23 52
32 76
31 81
10 83
13 80
47 65
87 98
9 21
56 61
37 39
60 88
68 99
54 67
45 61
49 74
18 35
41 72
3 23
23 99
11 95
6 85
3 72
12 54
15 48
37 66
21 94
8 38
30 44
68 96
6 63
23 40
18 50
92 98
38 95
49 95
24 69
38 49
29 95
11 33
97 98
20 89
55 74
47 89
2 98
79 84
30 51
83 90
21 68
77 83
24 73
18 80
82 94
22 66
14 76
26 49
59 74
35 49
5 15
3 85
55 72
45 53
2 59
26 41
39 46
48 67
37 48
24 58
4 36
5 99
4 14
10 69
68 94
2 42
4 55
25 92
20 59
53 77
22 94
15 26
10 73
9 43
69 89
37 41
78 87
33 42
8 11
42 49
20 39
2 3
14 92
21 62
25 66
15 28
32 34
87 92
31 96
6 57
14 65
8 49
73 89
47 94
38 46
6 84
35 67
29 99
24 34
45 52
8 29
13 84
11 87
3 45
24 49
50 93
68 69
81 89
33 77
12 70
19 66
68 73
5 45
34 60
26 27
59 92
23 89
66 84
31 48
2 89
23 37
11 53
11 99
28 83
47 60
78 88
9 67
16 26
3 9
2 20
29 40
24 60
20 22
32 92
13 91
52 66
17 55
15 23
68 70
13 96
33 45
9 12
24 92
4 37
78 85
47 87
39 71
21 33
17 87
43 92
47 83
11 86
5 47
35 62
4 32
16 47
85 92
59 97
3 66
46 49
24 61
69 86
75 96
41 98
72 85
9 27
27 42
25 79
26 61
54 89
5 43
20 98
23 25
67 81
56 58
73 86
21 53
34 91
95 97
1 42
8 97
35 69
3 52
23 62
66 99
42 53
6 48
75 81
21 78
67 96
23 84
11 48
32 79
26 95
35 73
89 94
72 89
48 49
6 87
34 72
31 70
43 86
25 76
27 29
24 85
30 50
84 92
22 52
28 99
12 81
12 48
28 88
11 36
52 86
34 51
43 82
15 29
6 39
48 68
19 65
57 75
20 80
43 55
31 35
9 22
14 19
45 70
0 10
19 85
16 29
34 67
6 54
17 66
12 35
20 35
52 60
26 86
35 92
27 47
11 15
62 77
22 45
35 42
20 57
53 56
2 10
13 51
13 25
15 82
66 89
79 80
31 34
8 26
41 59
3 20
82 99
33 56
47 82
67 70
60 96
43 90
37 40
33 35
16 42
20 81
43 49
24 94
37 74
51 68
19 95
21 96
40 72
19 23
32 48
40 98
50 88
26 40
43 69
9 35
84 96
21 45
25 41
35 84
43 73
12 96
6 25
32 74
20 44
62 66
54 60
66 95
10 94
34 49
15 66
15 64
51 89
29 36
18 84
41 43
35 53
34 99
37 97
32 41
8 19
29 61
34 81
13 32
84 86
29 86
32 66
57 84
9 72
45 89
86 94
34 68
89 91
0 52
32 57
9 26
35 78
9 31
79 96
45 82
56 62
38 98
35 96
34 47
20 75
22 43
71 91
58 77
2 99
16 73
16 69
59 79
1 17
47 92
68 91
9 64
43 83
47 49
0 83
19 87
88 89
9 90
36 66
35 65
25 35
45 62
3 81
22 81
51 88
34 59
93 96
3 43
26 48
44 88
11 85
32 97
24 41
20 21
8 66
11 22
1 11
15 34
29 87
37 79
35 94
79 91
10 86
26 87
4 25
61 72
40 59
17 23
41 87
60 83
12 34
23 33
3 54
43 48
13 85
9 86
87 99
18 88
25 57
69 72
35 68
20 30
30 39
56 83
20 93
62 65
9 89
17 39
76 95
57 59
79 85
75 78
35 37
76 84
5 26
66 98
29 48
24 83
72 73
46 92
43 95
30 96
60 81
23 32
22 26
22 54
8 76
34 98
16 24
23 95
31 51
64 99
6 89
26 90
20 63
25 86
13 44
5 24
39 85
24 55
41 85
72 95
7 68
23 58
41 84
2 18
51 71
42 90
41 46
3 11
59 66
52 89
3 88
26 82
17 36
74 95
14 49
7 28
44 68
52 65
38 59
44 71
1 66
8 74
16 99
60 87
23 53
21 49
2 15
13 18
40 46
3 26
63 80
26 36
10 22
58 95
43 87
3 10
45 47
48 91
79 98
58 83
38 65
32 40
88 91
9 29
13 37
24 67
8 43
39 93
47 85
1 29
2 52
47 67
15 16
46 85
58 66
25 96
60 72
15 87
21 42
53 60
13 34
31 91
25 40
9 58
65 97
18 25
16 94
49 86
81 93
8 23
18 99
23 36
13 59
24 27
48 51
51 79
11 27
22 29
81 86
6 32
8 58
48 92
26 69
50 68
8 72
48 81
3 64
6 86
37 55
33 60
57 98
29 90
33 66
21 61
25 74
11 34
15 18
26 73
16 72
45 86
11 16
20 71
4 95
60 70
43 94
11 19
35 41
52 77
23 98
40 43
13 78
4 8
88 96
3 33
3 53
48 59
11 61
9 77
3 62
3 28
21 83
2 76
9 68
7 54
37 86
24 82
22 51
20 23
18 75
42 61
5 29
6 37
22 88
22 91
10 92
47 90
27 72
3 29
2 36
20 66
23 59
25 97
17 20
62 86
37 57
41 47
34 54
45 88
22 62
54 75
48 98
51 67
3 51
65 76
34 79
30 81
47 55
48 52
29 82
22 33
4 84
0 43
7 31
34 44
12 47
37 38
10 55
2 95
7 12
53 66
23 60
22 53
52 67
43 89
55 98
3 91
21 84
27 69
27 73
12 24
26 83
6 22
64 89
60 62
86 91
70 94
1 23
64 83
51 86
11 89
42 99
22 84
9 11
54 86
36 72
20 50
33 86
13 98
44 89
1 2
31 44
20 49
78 84
24 45
12 83
84 89
58 99
17 65
37 72
67 91
72 94
18 79
21 92
53 86
55 58
67 83
1 26
10 48
20 54
12 51
67 87
24 40
24 31
5 72
78 93
27 99
14 42
50 71
40 84
18 23
85 91
17 34
29 85
48 69
12 52
22 64
2 8
52 56
65 87
29 69
31 47
2 96
34 92
26 89
32 38
40 87
48 73
35 45
60 61
32 35
29 73
10 77
26 85
21 65
11 37
21 25
66 76
0 42
25 72
10 60
10 49
13 87
33 65
78 99
28 89
2 62
10 56
15 27
22 28
44 79
15 78
72 84
35 61
39 75
55 59
10 45
3 83
3 6
43 60
10 95
40 85
10 41
31 87
31 50
0 9
36 43
19 72
72 83
28 61
18 37
18 24
2 46
46 57
30 78
15 58
12 91
48 54
71 96
87 91
35 55
10 89
79 87
37 96
13 50
74 84
7 67
25 55
55 87
34 80
51 85
9 23
15 42
17 48
2 97
42 82
26 34
72 82
0 26
63 84
78 79
85 99
22 25
18 66
23 69
65 74
2 60
5 42
60 85
32 55
11 69
27 94
86 92
26 94
46 87
21 37
60 66
29 89
29 83
23 73
18 93
54 64
29 34
84 97
11 73
1 72
3 84
8 10
4 65
34 43
11 25
6 59
32 86
51 87
25 89
51 60
2 4
11 17
43 85
5 28
14 17
13 81
63 91
53 65
35 58
32 96
39 87
5 11
19 29
57 80
10 87
31 52
5 21
68 87
73 90
44 67
17 95
69 90
22 83
12 87
66 97
28 53
35 83
18 30
24 95
88 94
76 85
54 70
2 78
41 48
24 84
70 73
11 84
0 29
62 89
55 85
27 65
57 85
24 90
18 32
69 70
11 90
33 89
24 37
32 63
53 89
53 67
60 91
50 89
37 65
25 78
48 94
19 42
3 61
35 40
42 87
22 49
40 47
16 45
24 25
67 72
15 85
31 83
8 17
11 82
46 79
46 55
25 38
65 85
26 60
9 56
12 44
2 74
25 63
23 76
24 68
86 88
33 67
20 60
34 39
58 69
42 86
20 68
12 53
58 73
58 92
20 31
28 52
52 87
20 46
1 98
44 48
22 37
55 84
17 72
9 48
21 28
22 44
21 58
72 90
34 50
47 68
8 24
9 42
6 98
23 61
28 33
50 67
18 47
1 43
47 95
2 33
13 48
96 99
9 66
35 59
3 25
5 60
15 88
35 98
3 44
18 72
22 61
81 87
20 67
51 63
17 35
36 58
48 65
54 93
12 33
2 38
41 58
48 62
23 67
29 94
19 48
67 85
0 47
4 66
15 96
1 46
6 68
66 69
19 34
10 40
43 45
69 88
1 37
73 88
90 99
19 26
12 50
19 35
37 89
11 60
42 48
21 41
16 65
81 85
63 96
66 73
38 66
21 81
20 24
32 72
90 94
23 96
59 63
57 96
84 91
11 83
11 14
31 85
2 58
15 90
76 87
6 35
21 64
19 39
83 86
39 96
12 72
62 67
2 53
3 49
36 98
8 47
44 86
66 74
21 82
65 86
20 72
34 41
73 77
80 88
36 37
83 89
19 20
69 77
23 97
29 60
5 35
11 32
48 79
88 99
23 94
61 67
61 86
1 59
50 79
57 91
25 65
29 37
7 81
34 52
49 89
2 6
80 89
6 31
68 80
28 82
6 21
30 54
31 72
21 54
17 79
71 81
64 86
12 61
24 36
11 94
44 63
65 99
33 48
45 72
34 69
28 86
23 78
66 96
52 92
21 32
24 78
16 21
12 62
61 66
34 73
3 37
2 67
68 85
4 85
52 68
19 24
14 29
31 53
65 98
11 98
44 60
79 81
59 86
11 76
77 94
46 66
40 58
45 48
18 69
10 36
48 53
12 20
51 84
10 34
16 23
17 57
72 98
34 75
23 31
37 78
13 46
37 63
38 84
18 73
10 67
12 23
68 83
71 78
41 86
20 92
63 98
24 96
11 97
36 46
26 37
7 60
86 98
31 33
22 42
14 66
48 80
43 67
12 85
66 67
17 29
23 27
21 88
58 94
49 52
42 83
36 59
43 56
22 92
25 29
21 91
64 78
42 85
22 50
59 96
62 92
21 51
59 72
11 59
4 23
43 77
6 67
3 5
3 50
16 35
22 32
65 84
65 90
21 55
32 65
47 84
27 45
44 85
18 71
23 38
48 55
1 32
51 57
37 47
34 57
66 78
7 45
64 81
61 89
2 69
40 48
60 82
18 59
59 65
24 32
11 38
80 85
55 62
29 84
85 97
3 42
25 47
35 81
28 62
0 11
18 94
42 69
1 58
2 73
32 89
10 85
35 82
36 47
38 42
2 31
15 65
49 58
42 73
71 84
10 12
52 55
15 70
23 74
25 26
48 50
32 78
74 85
49 99
16 66
17 24
63 85
26 45
39 80
13 17
50 60
1 24
31 80
62 87
25 91
44 87
42 97
66 94
69 78
69 87
0 73
2 9
30 84
0 69
19 43
6 60
48 88
1 25
27 66
5 23
21 27
57 87
34 94
54 87
73 78
31 62
5 22
73 87
96 98
23 83
26 84
12 43
34 93
34 88
2 12
0 24
61 64
4 87
61 65
17 86
23 46
32 36
20 99
35 91
17 26
47 78
34 65
39 76
31 61
30 34
14 26
18 98
20 47
34 46
62 95
84 93
18 45
18 64
5 67
18 39
17 42
68 72
49 62
28 54
39 91
27 35
3 92
50 86
35 51
41 52
28 47
3 70
5 12
6 12
31 66
9 70
25 36
78 94
39 48
12 66
18 49
0 72
26 67
15 54
14 23
52 85
23 68
52 64
75 84
72 96
53 64
21 40
45 78
22 80
87 97
22 65
42 76
35 95
13 54
70 81
54 85
72 78
37 95
70 89
41 62
37 43
1 10
14 46
2 14
80 87
39 49
92 99
11 20
35 54
15 20
3 32
10 31
42 56
25 51
18 57
26 56
21 59
9 34
8 62
31 43
50 63
4 11
47 96
23 82
47 77
54 99
70 99
80 86
37 42
5 86
53 68
72 76
34 40
89 92
75 85
21 98
4 39
7 50
34 42
45 90
24 98
80 84
45 77
15 49
5 64
2 68
11 74
3 80
11 67
2 39
19 47
18 63
44 57
29 97
29 76
28 35
74 87
3 82
11 18
0 94
25 71
26 77
8 37
29 32
24 59
55 86
15 81
95 98
1 47
33 68
5 66
17 21
33 87
25 43
56 73
0 99
30 85
52 95
33 64
56 69
46 63
19 86
34 55
29 45
8 35
29 38
85 93
67 80
3 65
81 99
34 63
43 84
6 88
9 87
14 98
42 89
39 51
34 62
36 87
63 78
0 65
35 36
23 45
66 83
12 26
25 30
0 15
13 86
1 84
32 71
19 21
15 77
20 41
72 97
29 98
45 54
2 94
8 98
47 56
29 67
58 86
29 56
87 94
22 70
24 28
77 99
6 17
34 45
53 87
46 48
33 92
13 89
81 84
14 72
22 82
22 59
1 87
40 86
57 78
28 78
26 32
25 93
8 52
15 92
35 64
42 94
36 84
34 71
38 85
66 68
9 88
5 89
22 41
12 80
49 96
71 85
39 78
11 45
66 82
27 95
9 18
6 23
36 85
25 42
2 61
56 94
65 82
2 79
29 59
87 95
44 84
42 77
5 65
26 31
22 98
23 90
62 68
5 31
2 13
17 43
59 95
29 77
11 12
1 85
59 89
33 55
32 47
18 52
37 91
42 74
48 61
25 75
16 60
32 91
18 43
61 68
33 34
67 82
50 85
6 66
46 65
17 47
18 28
39 74
26 76
30 32
9 65
54 71
38 72
4 42
21 44
12 82
8 27
35 88
26 97
26 98
70 78
14 43
48 75
70 83
69 96
7 78
1 35
18 26
14 37
48 83
82 86
79 86
14 59
53 92
59 78
11 31
22 58
40 52
73 96
33 49
8 59
3 58
89 98
25 95
34 53
47 64
3 16
40 62
50 87
12 29
7 44
38 87
84 99
54 94
42 84
65 89
8 87
63 81
7 94
75 87
45 58
26 38
60 84
32 95
21 90
63 87
10 28
25 80
43 68
46 95
48 64
32 93
10 68
26 59
54 79
66 90
33 95
54 69
13 22
64 96
4 72
54 73
18 29
64 82
16 22
48 57
3 41
41 99
4 29
79 89
45 66
37 51
62 85
17 18
53 55
8 46
59 71
20 76
69 85
8 25
29 74
16 86
60 80
85 95
6 46
33 41
3 59
28 81
94 96
29 31
62 64
34 76
6 49
35 90
32 51
28 48
37 71
20 26
73 85
20 29
14 58
8 32
2 91
17 22
78 98
48 76
72 74
49 53
42 60
20 88
17 96
9 78
35 76
32 43
25 99
42 98
75 89
30 87
24 77
87 93
7 51
8 33
3 98
16 28
19 79
24 64
36 62
27 55
16 95
47 98
39 44
32 75
32 42
15 84
25 81
48 58
50 57
35 44
41 89
45 96
45 81
48 93
30 37
55 99
82 89
2 51
56 99
47 59
2 16
8 85
21 95
10 19
18 92
20 43
53 95
15 56
45 87
15 51
30 48
49 78
51 99
22 55
84 95
20 40
39 97
14 32
11 96
11 46
17 63
8 16
49 79
25 44
24 76
37 99
25 60
0 45
7 89
41 53
26 68
2 27
3 13
10 18
19 57
42 59
17 89
65 69
24 56
37 93
67 84
91 99
15 91
90 95
31 82
22 79
36 52
5 68
43 98
65 73
58 87
15 41
30 59
3 27
71 98
18 70
49 60
27 60
11 78
2 83
31 84
35 46
10 37
4 26
11 68
15 25
69 81
81 94
58 60
51 64
8 53
11 56
7 73
21 50
19 22
52 78
73 81
13 35
7 69
3 7
57 81
27 86
39 92
33 85
2 45
26 74
2 81
8 84
8 21
8 90
45 56
71 87
22 27
7 91
37 75
43 76
43 59
16 55
34 64
3 17
2 5
13 49
9 85
65 83
72 77
43 97
59 93
46 72
22 40
32 80
28 43
14 25
6 24
70 86
85 94
13 19
10 25
68 84
4 20
11 77
5 48
56 72
24 97
10 84
59 91
15 55
58 89
3 55
50 70
21 36
53 85
15 37
35 97
54 84
68 75
21 70
6 99
36 48
48 63
50 64
7 18
39 86
27 92
35 79
48 95
38 43
87 88
50 84
75 86
29 68
0 23
43 78
28 72
37 80
4 34
16 89
37 60
33 40
20 55
64 91
39 66
21 80
14 24
3 79
30 98
61 87
16 67
44 64
10 14
4 48
1 62
28 96
6 15
2 57
22 75
89 93
75 88
26 78
25 67
0 95
28 34
43 96
12 84
4 35
42 45
18 62
92 96
7 22
26 96
6 72
2 82
19 89
20 65
48 71
59 75
48 97
40 99
16 92
12 16
13 21
1 48
9 96
3 19
27 41
25 31
8 48
52 96
37 81
51 70
24 38
18 33
0 8
30 89
3 40
91 98
51 59
24 81
55 89
93 98
0 66
23 91
18 53
6 19
34 97
10 64
83 88
35 50
23 39
1 52
18 19
44 70
34 61
35 80
29 96
39 81
10 17
1 21
39 41
49 57
34 83
27 28
60 65
55 90
29 78
3 75
20 74
40 53
27 36
4 24
46 86
60 92
28 77
86 95
47 76
0 21
35 74
33 36
23 51
68 82
35 39
23 81
7 96
34 74
7 15
32 81
17 78
57 76
37 44
48 74
31 75
70 96
32 44
25 68
20 97
48 82
83 87
65 94
66 79
39 50
13 66
52 84
61 92
16 48
20 69
14 47
14 84
32 99
35 38
40 89
20 52
2 54
24 74
66 91
24 54
16 41
0 35
20 73
21 79
13 23
37 52
15 44
9 49
18 41
60 90
4 43
76 79
10 20
29 46
25 52
23 79
9 92
19 96
85 88
42 67
44 99
10 78
56 65
46 96
86 93
39 89
24 88
75 98
43 74
51 98
24 91
49 69
55 61
36 86
70 91
27 89
26 28
34 36
38 39
54 63
15 40
49 67
3 90
25 54
8 86
47 97
37 67
19 58
24 51
49 73
47 88
12 25
45 85
95 99
6 47
76 86
51 66
9 54
58 85
30 86
25 50
2 90
4 57
64 72
27 49
47 81
10 32
24 46
27 40
36 53
18 46
59 80
6 92
66 81
61 95
21 76
34 58
1 34
2 44
32 60
34 95
16 31
7 99
22 90
13 68
31 37
86 90
22 93
78 92
39 40
49 61
28 90
14 87
22 39
69 92
18 83
15 32
16 49
27 67
43 64
46 71
20 42
57 86
10 96
73 92
27 48
16 36
47 54
14 85
8 99
38 48
22 30
67 75
38 47
1 86
19 52
52 88
26 46
42 46
23 28
4 79
68 93
20 94
8 61
12 42
45 51
58 67
51 69
23 54
21 46
12 27
31 49
90 92
28 51
62 78
51 73
13 31
16 64
61 70
33 78
53 78
41 61
8 34
37 68
18 42
18 65
5 87
0 55
10 98
15 50
79 92
3 93
51 94
72 81
34 38
15 95
1 33
21 77
16 40
7 80
14 35
1 27
2 80
69 91
65 77
13 76
50 99
80 98
28 29
9 81
12 49
73 91
19 99
64 87
4 47
7 9
12 37
45 91
31 42
41 96
57 89
36 90
30 68
10 59
12 75
6 11
71 89
10 76
41 90
3 30
10 97
47 91
72 91
12 58
57 74
52 70
53 70
9 55
47 51
17 99
91 94
88 93
16 87
82 95
37 62
21 39
5 34
28 87
59 99
54 57
5 70
28 91
19 62
98 99
7 86
13 67
78 83
61 85
47 74
3 39
18 61
9 41
51 72
10 38
62 84
13 92
32 67
5 92
8 15
48 70
22 95
11 28
41 60
35 70
25 62
21 97
5 55
54 66
55 82
9 20
5 95
31 93
20 38
2 63
44 59
36 99
13 60
49 94
67 92
1 53
31 32
23 64
86 97
59 81
37 54
8 82
54 72
4 86
20 45
60 75
62 96
68 79
19 63
82 92
74 79
28 50
71 86
49 68
28 44
17 71
63 86
33 70
22 46
38 58
27 87
65 67
30 46
17 52
28 66
82 87
32 52
19 78
35 77
53 88
18 40
26 64
27 31
37 50
4 21
22 57
4 13
30 88
16 68
32 50
63 89
5 8
60 77
15 19
33 96
8 22
20 62
89 90
49 91
35 57
53 96
30 31
1 16
15 59
23 77
32 68
21 56
22 36
41 69
3 95
15 17
18 55
92 94
31 58
15 98
21 75
31 79
35 75
43 46
23 56
44 45
23 44
46 47
41 73
58 97
67 90
83 85
40 90
59 60
17 91
32 54
46 89
57 66
33 88
6 41
5 49
69 84
12 13
28 58
0 36
55 69
81 98
73 84
44 98
40 61
74 86
7 21
72 88
2 50
46 93
57 92
55 73
34 70
49 90
45 65
14 62
12 90
21 74
60 98
23 88
0 2
0 60
39 54
41 79
57 97
22 71
31 92
41 78
34 82
46 78
22 76
83 92
5 41
61 88
28 56
15 36
37 58
49 51
44 69
39 55
12 32
67 93
2 75
24 44
17 58
2 88
16 34
17 30
23 57
44 73
0 28
2 28
0 92
45 50
44 94
21 38
42 68
3 8
67 79
12 92
55 60
9 95
47 70
33 84
35 56
49 82
0 3
41 82
1 99
27 64
1 20
79 97
20 36
48 90
52 54
33 37
6 76
44 66
49 63
1 90
20 33
61 78
4 10
12 65
80 99
60 79
49 83
65 96
15 80
56 66
1 22
10 74
3 36
6 69
3 57
66 77
25 33
25 69
58 76
64 66
20 64
70 82
17 51
3 46
0 41
6 73
52 98
17 62
2 30
36 61
39 72
6 26
22 63
17 93
25 73
52 81
29 64
0 86
2 93
0 22
38 86
31 65
20 53
30 67
13 74
64 80
13 24
6 29
14 52
13 72
89 95
42 96
53 84
64 85
52 59
13 41
56 95
11 64
13 88
2 64
35 93
8 9
40 96
62 88
19 33
3 71
12 93
7 83
37 53
83 96
25 58
6 43
9 40
72 79
64 77
24 70
50 94
5 18
30 35
42 78
25 53
17 60
3 77
50 69
9 84
62 70
37 69
55 83
8 56
21 93
50 73
27 34
23 80
6 64
24 79
76 89
5 85
59 67
46 75
32 62
37 73
18 76
65 78
21 57
14 48
6 94
66 88
28 85
3 76
2 71
9 51
60 93
58 84
84 94
12 79
27 68
17 75
21 30
36 89
70 80
1 3
8 89
1 15
68 92
49 81
55 96
40 60
31 90
12 30
31 59
24 39
63 76
14 21
41 67
5 88
41 57
20 95
16 85
14 27
67 98
0 40
44 47
58 68
11 39
3 63
66 80
19 53
9 91
54 83
68 71
40 79
22 77
9 25
64 90
7 48
11 81
41 94
41 83
76 96
13 97
11 91
0 1
35 63
30 60
4 6
50 59
46 91
12 77
5 40
67 77
44 72
6 45
45 49
31 98
6 40
56 60
58 74
40 69
19 60
10 88
55 94
22 97
40 82
23 50
20 28
83 95
9 37
11 51
87 90
7 34
59 68
40 73
4 22
84 88
36 82
43 81
8 20
27 85
69 95
4 58
61 96
24 50
43 88
25 94
1 89
62 98
73 95
4 63
54 59
77 86
5 36
65 68
17 80
1 61
82 85
0 49
28 42
6 52
52 76
14 33
24 80
68 98
12 59
59 62
13 40
8 83
5 78
40 78
14 34
26 81
31 41
1 39
35 71
17 33
31 71
51 52
43 54
32 58
45 92
18 82
11 13
50 98
18 58
11 79
0 89
52 91
38 57
8 69
50 66
11 54
46 51
12 41
52 97
13 99
6 7
55 78
37 94
8 73
