100 3328 620.1653005449434 dense
0 242 844
1 796 119
2 637 297
3 566 741
4 756 644
5 446 76
6 480 872
7 591 150
8 607 508
9 312 38
10 533 113
11 638 977
12 305 621
13 740 323
14 474 831
15 948 330
16 720 631
17 526 667
18 82 80
19 172 662
20 362 94
21 457 728
22 550 604
23 72 554
24 541 373
25 751 804
26 435 248
27 932 49
28 729 97
29 242 203
30 22 734
31 405 74
32 115 51
33 919 93
34 489 362
35 160 873
36 196 964
37 527 591
38 481 892
39 313 419
40 622 590
41 695 40
42 14 560
43 357 292
44 224 356
45 276 632
46 964 256
47 507 554
48 976 165
49 49 263
50 379 987
51 365 594
52 731 216
53 66 624
54 246 616
55 498 462
56 850 793
57 493 640
58 908 775
59 954 897
60 530 798
61 356 268
62 72 825
63 186 783
64 901 676
65 408 688
66 416 450
67 954 928
68 127 696
69 783 326
70 25 944
71 247 465
72 624 267
73 221 590
74 354 399
75 143 256
76 148 630
77 1000 906
78 713 363
79 997 300
80 688 151
81 924 135
82 591 925
83 52 172
84 298 342
85 354 120
86 394 998
87 416 499
88 196 539
89 508 93
90 888 684
91 192 632
92 764 91
93 294 757
94 833 371
95 5 602
96 756 450
97 681 990
98 642 304
99 480 218
2 98
64 90
50 86
6 38
43 61
22 37
20 85
59 67
12 45
10 89
2 72
45 54
28 92
19 91
54 73
4 16
19 76
5 31
72 98
6 14
37 47
33 81
1 92
17 57
42 95
13 69
18 32
76 91
11 97
39 74
27 33
59 77
20 31
13 78
66 87
67 77
73 91
24 34
26 99
46 79
54 91
19 68
73 88
15 79
23 42
12 54
37 57
48 81
56 58
14 38
21 65
5 89
53 95
14 60
12 51
22 47
28 41
69 94
17 22
22 57
3 60
28 80
31 85
7 10
45 73
68 76
11 82
23 53
1 28
22 40
9 20
44 84
15 46
17 37
43 84
52 80
39 84
69 78
74 84
66 74
39 71
26 61
53 76
23 95
42 53
0 63
55 66
73 76
8 40
45 91
3 17
41 92
5 20
27 81
0 35
19 73
19 54
47 57
6 60
12 73
26 43
71 88
55 87
49 83
68 91
46 48
54 88
33 48
17 21
9 85
78 98
47 55
88 91
58 90
35 63
61 84
49 75
53 68
5 10
37 40
21 57
18 83
45 51
80 92
7 80
78 96
57 65
35 36
24 55
54 76
58 64
25 56
9 31
13 98
35 62
34 55
2 78
7 89
21 60
0 93
5 85
76 88
51 65
30 62
14 21
13 94
31 89
63 68
38 60
2 13
16 40
47 87
43 74
13 52
23 76
39 66
51 87
19 45
39 44
3 21
8 47
94 96
82 97
63 93
41 80
44 71
8 22
30 68
29 75
19 53
1 80
12 91
34 66
17 47
38 82
8 37
56 90
1 52
10 99
74 87
8 55
30 53
52 72
28 52
17 65
78 94
40 47
51 54
62 63
7 72
52 69
19 63
15 94
24 98
2 24
45 88
12 65
6 82
17 40
75 83
27 48
2 52
3 57
23 88
52 98
19 88
1 33
71 74
26 34
53 91
45 93
69 96
46 81
56 64
71 73
62 70
13 96
45 76
89 99
1 41
0 36
44 75
3 14
13 72
1 81
52 92
7 99
58 59
39 87
72 78
61 74
17 60
29 61
37 55
72 80
30 95
71 84
65 93
61 99
10 31
39 43
24 72
51 57
12 88
32 83
12 93
48 79
44 74
38 86
4 90
3 22
47 66
40 57
12 19
5 9
38 50
29 85
34 74
62 68
60 82
68 73
69 98
23 91
45 65
54 68
43 99
51 73
37 87
34 99
4 40
29 43
76 95
6 21
20 89
5 99
24 66
56 59
19 23
47 51
43 44
7 28
61 85
52 78
4 64
2 69
54 93
34 43
29 84
14 82
8 24
54 71
63 91
42 76
22 55
7 41
26 85
72 99
23 68
35 70
6 86
51 66
1 27
6 50
23 73
37 65
21 37
68 95
2 7
29 44
19 93
2 80
7 52
3 37
21 22
33 92
34 87
53 88
85 89
3 6
39 61
55 74
12 76
14 65
63 76
44 61
53 73
10 80
85 99
25 58
58 67
80 98
8 96
66 84
4 25
58 77
57 87
3 40
91 93
2 34
37 51
20 29
45 68
7 98
57 60
31 99
21 51
5 7
34 61
30 76
34 98
24 26
60 65
12 87
22 65
15 69
34 72
21 93
21 38
81 92
26 84
19 30
12 71
24 99
47 65
3 65
10 26
8 16
15 48
39 88
43 66
33 46
45 71
69 72
66 71
22 87
56 67
20 26
0 62
30 63
20 99
26 89
26 74
68 88
43 85
14 17
10 20
16 22
36 70
24 78
5 26
71 87
27 92
3 38
20 61
30 42
46 94
8 57
51 71
16 25
2 99
45 63
71 91
16 90
4 56
26 31
17 51
42 68
51 91
35 93
75 84
54 65
54 63
19 95
24 87
10 41
51 88
51 93
68 93
55 57
40 55
8 17
11 38
79 94
10 72
10 85
9 29
37 66
8 78
41 52
13 80
35 68
53 54
79 81
21 47
36 63
25 90
73 93
39 51
14 50
7 92
42 88
98 99
24 47
7 26
36 50
16 96
23 54
34 39
44 88
14 86
96 98
22 51
52 94
3 82
1 48
12 21
18 49
36 62
18 75
16 64
23 30
51 55
0 68
8 34
56 77
19 42
24 74
12 57
80 89
65 87
3 16
91 95
6 11
39 55
26 72
28 33
8 87
19 62
61 66
14 57
42 91
34 84
71 76
29 83
34 47
45 87
12 68
76 93
40 96
2 96
4 96
46 69
39 73
41 89
14 93
0 19
22 60
51 74
3 25
30 35
3 47
63 73
23 71
84 87
15 81
10 28
16 37
25 64
16 17
9 32
6 65
0 50
20 43
29 32
26 29
44 49
30 91
28 81
25 97
69 80
53 63
8 66
28 72
31 61
25 82
4 58
17 87
36 86
7 31
12 63
24 43
53 62
88 95
4 8
18 29
29 49
12 39
94 98
26 66
9 89
12 66
22 66
19 51
21 45
57 66
43 71
13 24
54 87
11 25
17 55
32 75
8 98
37 60
1 7
1 69
16 56
2 26
29 31
39 54
13 15
27 28
11 60
72 89
42 73
62 76
52 81
27 46
2 94
4 22
30 70
26 39
82 86
6 17
45 53
19 71
74 88
65 73
19 35
2 10
1 13
5 61
24 61
12 47
2 8
3 4
61 75
78 80
44 66
55 98
26 98
0 45
21 40
73 87
43 87
69 79
2 55
39 45
73 95
0 86
38 65
1 46
43 75
45 57
47 74
0 91
23 45
24 37
80 99
6 93
11 14
10 98
51 76
2 28
84 99
74 99
43 55
50 82
28 89
25 60
33 79
84 88
32 49
38 97
59 90
26 55
65 91
10 52
31 43
25 59
87 88
34 78
12 37
28 98
48 92
33 52
72 92
61 71
40 87
72 96
12 17
29 74
13 28
15 96
16 47
1 72
16 57
62 91
59 64
12 74
29 39
40 60
63 70
0 65
8 13
0 54
7 13
24 96
7 24
84 85
36 93
17 38
45 66
33 41
38 93
57 93
4 17
22 24
24 40
0 12
61 89
10 92
34 37
55 72
62 93
0 14
6 57
24 39
21 87
73 74
62 95
6 97
55 84
13 92
9 10
71 75
72 94
5 43
0 76
9 18
13 46
44 73
9 61
4 37
7 34
10 61
28 69
52 96
40 65
39 75
7 20
69 92
39 47
46 52
80 81
3 8
55 78
16 58
26 44
27 41
15 78
66 88
69 81
19 65
54 66
41 72
25 67
65 66
33 80
21 82
29 99
42 54
61 87
1 2
15 33
21 54
7 85
0 70
88 93
12 53
14 22
44 87
60 93
0 6
66 73
5 29
55 61
66 99
1 98
53 71
2 89
54 95
63 65
8 72
60 86
50 60
2 92
54 74
12 23
35 91
55 65
17 66
35 76
9 26
0 38
45 47
63 88
60 97
0 21
40 78
55 99
11 86
24 84
39 91
47 60
15 52
50 93
7 78
92 98
12 22
30 73
45 74
14 37
0 30
9 99
24 52
24 69
3 11
35 50
41 81
54 57
77 90
32 85
17 93
3 51
40 66
22 34
23 44
43 89
25 40
89 98
12 55
48 52
64 77
20 32
48 94
52 99
55 71
10 43
75 85
48 69
5 41
42 71
26 87
44 83
38 57
17 45
67 90
10 34
81 94
16 60
30 54
8 69
5 80
13 34
37 45
52 89
1 94
0 73
74 75
23 63
63 95
89 92
20 84
28 48
8 51
40 51
22 96
64 67
1 78
9 43
13 79
55 96
37 74
51 68
65 88
11 50
46 92
27 79
56 97
73 84
1 15
10 24
68 71
51 63
7 69
87 91
51 84
14 51
86 93
44 54
14 97
5 72
49 84
27 52
39 99
30 88
29 71
51 60
7 61
34 71
4 57
34 51
13 81
1 10
17 25
2 41
80 94
34 40
53 93
8 94
27 80
4 47
34 44
35 86
17 82
35 53
24 80
8 21
65 76
28 78
35 45
39 76
61 72
16 78
68 70
43 72
47 54
8 65
64 96
90 96
2 66
37 96
66 98
25 77
21 55
41 98
44 85
12 14
34 89
33 69
47 96
1 79
21 50
26 80
23 62
35 54
42 62
24 57
42 45
54 62
20 75
3 93
45 95
46 78
30 93
21 73
4 60
7 43
30 45
3 97
78 99
37 39
47 71
18 85
65 71
22 45
8 74
9 75
23 39
21 63
57 73
44 51
36 68
78 92
28 99
6 22
66 72
12 44
34 85
21 86
44 91
34 57
71 95
57 74
62 73
14 25
0 51
54 84
52 79
14 47
74 85
16 55
13 55
12 84
41 99
6 25
45 55
67 97
2 43
16 21
18 20
13 99
11 56
14 45
45 62
50 63
44 45
47 78
19 39
21 66
65 68
34 96
15 27
42 63
0 53
21 91
24 89
37 54
40 90
2 61
24 51
34 52
14 40
49 71
16 94
22 25
22 74
4 94
28 46
5 28
74 91
79 96
25 38
13 48
47 98
4 78
44 76
46 96
17 54
3 87
6 37
39 57
43 98
39 65
87 93
37 93
12 60
13 41
40 98
26 71
86 97
3 55
3 12
29 89
75 88
2 47
87 99
47 73
61 98
48 80
92 94
30 36
59 97
31 84
66 91
3 56
1 89
5 34
35 73
34 80
56 82
12 35
44 99
45 84
78 79
31 32
22 78
33 94
13 33
0 60
23 49
31 72
13 40
40 64
14 63
31 41
24 94
2 5
26 75
9 83
19 21
42 44
28 94
31 80
2 40
19 87
29 34
44 55
36 38
65 74
47 93
37 78
17 24
43 88
10 13
46 80
54 55
23 51
71 93
20 44
22 38
34 69
20 34
12 42
47 84
26 52
22 93
76 87
87 98
6 36
83 84
42 49
63 86
41 69
2 87
65 82
31 34
8 60
50 65
51 53
72 74
12 95
7 9
22 39
5 98
2 74
23 93
6 51
26 78
57 91
57 82
15 92
39 85
57 71
43 47
50 97
43 51
29 66
19 36
74 98
45 60
21 25
40 94
22 54
9 84
5 84
37 38
10 29
12 30
20 74
55 73
40 56
25 57
6 12
37 73
23 75
83 85
80 96
39 49
49 61
37 71
15 98
8 39
6 63
17 34
72 85
41 48
11 21
24 71
10 78
14 36
0 88
13 16
84 91
3 50
25 37
37 98
40 69
3 86
43 49
35 65
66 78
74 76
12 62
3 45
23 84
47 72
65 86
18 44
19 44
4 21
78 81
92 99
44 53
47 88
16 69
72 87
55 88
62 88
8 26
5 24
35 95
64 94
58 97
49 88
2 15
79 92
14 54
57 88
22 98
2 37
20 72
16 24
13 26
26 47
38 63
27 69
17 73
24 85
61 88
6 45
15 80
6 40
4 55
55 69
17 96
8 99
14 35
14 16
16 65
8 52
24 44
5 52
12 34
90 94
19 70
5 92
17 74
12 40
61 83
31 75
2 22
6 47
4 69
20 83
15 28
11 67
38 51
19 74
60 87
6 35
56 60
39 53
16 82
4 59
4 13
35 38
69 99
19 57
23 74
2 31
21 88
8 12
53 70
66 76
40 72
18 31
12 38
19 66
47 61
0 57
41 78
22 82
63 71
32 44
21 76
32 61
57 96
47 91
76 84
28 31
46 98
7 55
84 89
4 82
11 59
51 61
78 87
13 89
17 39
3 90
3 66
43 73
70 93
7 94
72 81
43 83
93 95
13 47
10 84
10 69
24 31
20 39
81 98
31 74
40 74
8 25
48 78
22 73
44 95
2 46
2 81
11 17
77 97
9 44
15 72
42 75
31 98
66 93
8 43
21 35
26 28
39 42
23 35
20 80
38 45
1 99
16 87
20 24
21 68
8 90
5 32
36 91
18 61
7 33
26 41
12 43
38 40
7 81
22 71
1 96
39 68
2 85
24 28
49 74
72 84
13 27
0 17
66 75
37 88
31 44
80 85
66 85
17 91
5 74
34 65
35 88
0 23
16 98
28 79
40 82
21 71
49 85
27 94
14 87
47 99
11 58
70 76
54 60
20 41
10 74
36 76
37 91
55 60
37 72
37 84
4 14
39 93
8 64
57 63
0 95
52 55
38 47
78 89
29 88
75 99
13 22
71 99
18 84
33 78
0 3
66 96
37 82
6 16
46 72
40 58
21 39
82 93
3 64
36 45
32 43
85 98
2 20
49 95
24 65
2 84
34 88
13 37
12 24
42 93
7 96
43 54
33 72
74 89
70 95
73 75
79 80
29 87
87 96
3 54
3 58
7 74
32 84
34 45
19 84
24 29
37 43
34 94
2 16
60 63
17 71
21 97
21 74
41 46
22 72
57 76
14 91
35 42
44 47
4 24
14 19
84 98
9 49
39 72
2 39
4 67
35 51
6 54
50 62
55 94
18 43
8 61
7 66
22 90
3 96
17 56
53 65
13 66
36 65
2 33
33 98
23 87
39 98
40 45
61 73
15 64
8 14
25 47
14 73
43 45
68 87
20 98
55 91
41 85
7 84
30 71
58 82
10 55
8 84
4 65
34 54
36 54
34 73
21 36
71 83
19 47
61 80
17 50
5 75
1 5
42 51
7 29
26 51
39 40
4 11
8 45
44 68
57 78
16 66
70 91
16 38
17 88
28 96
17 19
25 96
4 97
16 59
22 56
16 34
79 98
26 37
11 16
31 52
7 27
56 96
20 49
57 84
17 86
50 70
26 69
12 61
10 66
17 78
16 51
81 96
31 39
5 44
28 34
4 6
47 69
4 77
42 84
39 95
17 97
0 82
22 64
7 8
4 98
41 94
55 93
58 96
15 90
92 96
22 91
17 63
39 83
23 66
31 92
24 92
43 80
12 36
1 24
22 88
2 79
48 96
20 66
51 95
69 89
96 99
74 78
16 97
71 85
49 53
23 65
48 98
34 75
19 37
25 65
17 90
38 54
8 71
22 69
62 65
74 93
43 78
67 82
65 84
9 74
22 84
2 48
36 53
5 18
59 82
29 55
0 42
55 80
26 92
21 24
54 61
64 78
53 84
50 57
63 87
53 74
37 61
75 87
62 86
78 90
8 80
60 66
31 83
48 72
22 94
2 4
22 43
11 57
24 41
47 76
20 28
21 34
57 98
5 39
4 15
40 93
37 69
66 89
13 87
3 24
11 77
55 89
9 34
11 65
64 69
61 78
90 97
49 73
4 87
45 50
14 55
57 68
4 38
30 51
24 45
55 85
57 86
53 87
2 57
14 68
60 73
75 95
45 61
6 19
37 90
70 86
36 60
69 90
51 62
12 50
43 57
68 74
47 94
75 76
22 26
54 75
72 79
8 56
36 73
6 91
17 64
5 66
28 85
60 90
26 32
37 99
53 75
31 66
42 74
16 72
60 91
26 88
3 73
8 54
10 39
37 94
40 54
27 72
35 60
15 16
74 83
14 56
43 91
16 67
6 56
6 87
52 61
58 60
0 71
75 91
26 96
66 68
44 65
17 76
39 89
49 76
47 82
37 56
9 39
37 76
17 98
0 37
43 52
38 56
24 54
34 41
3 63
19 22
19 55
82 90
23 83
27 78
24 88
6 73
19 60
14 76
9 41
11 22
1 26
64 97
37 44
37 64
5 13
85 87
42 70
13 43
45 86
8 15
94 99
15 41
50 68
11 90
19 38
7 48
19 50
14 66
2 27
6 8
39 63
34 92
27 98
2 17
26 49
0 87
10 33
24 73
3 34
7 39
9 72
44 89
23 43
29 72
11 40
12 86
66 69
29 73
7 46
13 61
13 64
22 61
64 79
55 76
4 34
56 57
20 71
20 52
30 65
38 91
52 85
5 55
40 52
3 91
26 40
42 83
23 29
13 90
7 87
0 22
26 83
60 64
53 66
18 26
44 57
37 63
4 66
1 34
10 81
84 95
5 78
22 99
20 55
52 66
33 96
16 77
9 80
23 70
0 47
10 44
68 84
51 99
50 51
13 74
1 31
50 54
4 51
83 88
47 63
6 68
8 73
12 26
32 89
40 71
57 72
54 70
10 94
49 91
26 57
57 61
22 58
36 82
17 58
17 84
21 62
57 97
43 76
57 90
64 82
40 99
21 56
38 87
38 73
41 79
40 43
45 75
31 55
79 90
61 91
43 65
12 75
4 72
11 64
75 89
7 15
8 93
17 68
62 71
45 70
51 82
40 73
51 98
50 91
34 91
32 99
11 37
3 19
13 57
8 10
20 92
14 62
8 58
3 74
47 90
19 86
2 51
22 76
23 61
31 49
68 86
14 88
10 87
26 73
74 95
39 78
10 27
10 96
8 38
66 80
49 54
40 97
51 75
21 53
38 68
70 73
63 66
51 86
13 17
74 96
47 52
5 83
3 78
22 63
47 68
69 87
9 24
2 29
25 86
35 57
42 87
36 51
19 75
44 93
65 97
22 97
40 84
21 96
11 93
41 61
20 87
15 24
36 95
77 82
3 39
57 64
22 44
54 86
44 72
29 51
18 39
28 61
6 55
55 75
6 62
6 76
58 94
33 89
85 92
17 43
17 72
49 66
8 44
65 95
8 88
47 64
29 98
7 47
29 54
37 68
19 43
26 54
42 65
38 62
41 96
25 50
24 75
60 96
84 93
12 16
16 52
10 75
78 84
2 9
26 45
60 68
74 80
87 89
26 94
51 96
42 66
15 40
51 72
35 71
2 44
8 82
60 76
12 82
13 31
21 84
61 76
19 49
40 61
51 78
0 11
32 39
86 91
47 56
81 89
3 59
18 71
52 74
63 74
18 74
22 50
5 69
17 35
28 43
4 79
7 44
9 28
44 98
18 99
3 88
41 43
65 96
31 71
3 71
32 74
57 99
56 94
31 78
21 23
10 32
60 88
12 29
37 50
37 58
61 65
52 87
29 42
87 95
38 76
22 86
9 98
5 87
66 94
2 71
46 64
9 66
36 88
24 60
31 87
50 76
25 55
71 72
18 89
27 89
17 94
71 98
8 89
6 66
37 52
3 35
17 69
50 73
53 57
43 69
57 69
12 70
89 94
37 97
22 52
37 86
23 36
30 44
88 99
44 63
8 28
4 52
17 26
30 39
40 88
43 96
63 82
23 57
45 82
38 55
29 45
83 99
14 71
0 66
3 67
0 39
61 69
16 79
29 91
9 71
28 55
3 36
40 91
1 8
3 76
83 95
7 79
22 68
8 91
45 49
21 90
16 74
49 99
17 44
78 85
57 94
17 61
34 76
35 82
80 84
32 71
24 91
89 96
46 90
1 20
19 61
23 47
21 30
69 74
42 43
59 60
23 55
60 74
13 85
87 94
49 87
57 58
19 34
39 60
5 71
8 46
60 71
29 76
30 50
14 58
13 39
6 88
34 60
27 96
66 95
55 68
5 49
6 58
24 46
21 44
14 90
12 99
25 51
61 96
36 57
70 88
29 47
49 68
12 49
4 46
68 75
34 93
25 94
26 65
7 40
3 68
43 53
80 87
10 47
47 80
13 20
8 79
1 85
11 36
20 78
14 39
13 84
25 78
76 86
38 58
11 47
36 42
73 86
60 67
3 98
40 80
17 36
16 45
39 96
16 93
61 92
8 92
7 37
65 78
21 78
10 48
47 53
38 66
15 58
21 64
21 43
16 46
55 63
85 88
14 74
55 90
29 80
6 90
2 3
65 98
42 61
73 83
24 81
52 84
34 49
56 78
17 99
47 50
4 12
81 99
93 97
40 59
10 18
53 83
90 98
3 13
25 87
2 65
35 87
64 98
73 99
21 58
10 71
38 88
43 92
10 46
14 64
31 69
56 65
1 55
71 89
26 91
63 84
9 92
9 52
19 40
58 78
7 22
30 86
3 94
55 64
29 53
33 99
23 37
55 92
24 93
38 90
0 40
14 53
49 51
47 58
66 83
47 86
30 87
60 62
0 74
16 39
38 70
23 34
53 61
25 93
0 55
57 62
15 34
47 85
7 75
82 87
6 70
65 70
39 80
47 89
5 8
2 90
53 55
8 19
45 99
40 44
54 99
24 79
2 64
17 53
37 53
14 30
21 98
0 97
12 98
13 51
83 89
35 37
14 24
14 70
9 55
54 82
8 85
2 12
29 95
19 29
3 77
6 64
1 61
39 52
43 68
40 50
41 55
24 90
58 69
7 71
2 21
40 86
17 23
76 83
10 15
3 69
37 80
19 24
15 55
6 71
43 95
21 95
14 34
43 93
47 97
24 76
8 11
11 51
24 33
47 75
24 64
84 96
4 74
21 61
35 47
30 74
30 49
28 66
56 69
1 43
60 78
39 62
55 82
38 64
9 87
18 88
38 59
65 72
15 56
5 33
48 89
22 80
22 35
40 67
21 42
62 87
14 96
40 79
18 23
51 85
16 54
38 67
6 59
23 26
8 76
20 88
65 99
4 93
8 29
40 76
69 85
8 41
34 83
12 72
40 63
71 78
6 67
16 26
3 72
16 99
26 76
10 37
40 46
6 30
8 31
25 69
35 39
39 69
50 53
30 84
24 25
74 94
65 90
4 45
30 57
21 26
22 23
3 84
20 69
17 62
83 91
8 20
16 80
13 25
72 75
15 99
29 37
29 41
28 74
5 81
5 47
12 25
24 48
13 58
60 77
20 47
12 96
43 94
27 99
6 53
13 56
12 78
6 39
21 70
55 56
15 22
58 79
50 88
46 89
22 53
14 59
61 95
54 83
10 83
18 42
10 40
69 84
61 68
30 38
46 99
42 57
30 66
36 97
5 96
17 59
7 32
52 57
32 34
5 94
34 46
5 27
38 71
25 66
11 12
8 97
51 70
61 94
14 23
0 44
73 85
59 96
44 78
29 52
11 35
83 87
50 87
49 89
57 95
6 74
8 81
14 67
21 72
52 64
19 26
34 81
31 47
1 9
16 86
49 55
10 22
45 98
11 63
2 45
34 68
40 77
61 93
16 50
44 62
42 47
30 75
64 65
13 65
72 90
52 90
42 55
64 72
38 53
13 21
35 66
15 47
32 88
19 82
82 91
41 74
18 34
3 43
15 37
17 52
53 60
2 75
28 84
41 66
0 8
51 69
16 43
4 39
29 78
53 86
34 53
4 80
7 16
7 51
37 89
28 29
18 66
36 37
41 84
48 99
22 59
73 82
86 87
7 57
15 89
32 66
86 88
56 86
66 92
20 51
11 45
10 79
16 73
3 62
16 71
17 67
75 98
36 71
37 85
26 81
38 39
1 40
6 24
23 24
82 96
8 63
2 88
12 85
8 48
1 66
29 57
88 98
54 98
24 49
6 96
47 95
45 72
91 99
28 40
19 83
2 54
23 32
22 36
0 84
25 45
22 29
66 82
40 68
29 68
4 86
60 98
51 97
10 49
65 75
87 90
72 88
33 34
44 80
58 65
4 99
54 85
24 27
28 47
26 33
17 30
2 73
62 66
73 98
38 74
71 96
50 56
28 87
10 51
46 55
37 75
4 50
4 26
31 88
40 89
6 34
3 26
21 99
0 25
4 54
62 74
16 84
60 84
45 83
37 62
25 98
34 79
30 60
35 74
13 29
2 60
55 95
47 62
29 65
22 89
34 90
74 92
13 71
45 78
15 25
45 96
3 53
7 18
25 34
37 42
16 61
9 13
9 88
31 33
31 96
36 87
56 79
54 72
36 47
34 42
3 44
12 83
8 68
20 73
55 58
9 78
64 87
72 73
48 64
13 44
77 96
6 23
30 47
67 96
68 82
3 61
21 69
23 85
1 16
22 67
45 85
34 64
51 94
21 94
34 63
40 92
32 42
23 60
38 77
8 33
13 60
15 26
57 75
2 25
14 84
43 63
85 96
38 96
4 7
35 44
31 94
51 89
7 17
6 77
65 69
8 59
5 37
24 56
31 51
14 95
46 58
37 95
22 85
39 94
1 47
24 38
31 81
17 42
1 74
75 93
0 16
79 99
60 94
20 37
26 42
56 87
51 56
5 51
55 79
30 37
21 59
17 95
24 68
37 59
34 48
51 83
14 78
60 70
44 52
28 39
51 52
5 88
48 90
57 80
1 4
22 62
26 53
12 97
66 90
11 87
4 48
12 13
27 31
18 95
57 59
70 71
16 91
8 75
26 93
3 23
10 57
23 99
62 82
18 73
24 83
63 75
26 46
76 99
84 92
68 83
47 92
3 99
34 38
12 20
65 94
8 50
23 38
51 90
23 50
17 77
79 89
20 96
54 78
31 37
14 77
56 98
16 48
55 83
16 88
4 43
35 55
76 82
11 54
62 84
11 55
28 37
29 92
14 42
35 97
24 32
16 28
8 86
20 54
43 60
64 66
26 27
22 75
60 69
21 67
84 94
18 87
4 81
87 92
16 81
54 96
63 97
50 95
14 44
8 23
85 91
55 81
41 87
24 53
1 87
5 48
44 60
22 28
4 73
49 63
22 42
39 41
5 22
57 85
50 66
50 55
50 71
25 54
60 72
7 83
4 71
32 87
59 94
2 56
15 17
11 96
34 95
44 96
19 99
45 97
22 79
85 94
22 46
17 80
58 98
40 85
71 80
64 81
0 34
35 40
16 92
73 78
22 77
51 64
24 63
61 63
29 40
27 34
47 49
10 88
1 37
5 40
20 22
57 67
26 68
22 30
20 23
1 22
37 67
17 29
3 30
18 53
52 71
88 89
24 58
18 24
8 67
20 45
22 95
96 97
15 66
46 47
1 84
55 86
40 81
78 88
6 95
20 94
57 89
41 47
26 48
4 28
31 73
30 55
51 80
5 46
66 86
23 86
4 84
35 84
16 19
46 56
4 61
32 73
22 31
2 58
76 85
81 90
3 52
15 57
37 46
10 16
7 12
23 40
49 93
0 4
14 43
9 47
25 72
47 79
9 69
82 88
37 79
71 86
32 72
73 96
4 92
40 48
14 98
56 66
8 53
37 92
7 49
69 71
18 76
10 17
24 82
7 88
30 43
93 96
29 69
40 41
8 9
75 80
86 95
16 63
22 92
42 85
12 31
49 65
29 93
10 12
91 98
26 95
20 33
2 91
40 53
56 93
38 95
36 39
13 45
39 92
60 61
0 24
87 97
57 70
26 60
15 87
2 14
9 51
55 97
36 66
24 42
8 77
9 73
55 62
31 40
6 78
44 69
33 55
20 40
58 86
1 29
6 84
60 95
77 94
18 54
6 42
25 79
5 73
3 15
20 57
12 69
42 50
32 55
17 75
32 95
34 56
8 27
49 62
11 19
5 15
48 55
30 83
18 91
5 12
47 59
20 81
0 43
11 91
58 87
4 91
20 91
67 86
26 79
18 55
31 54
25 63
72 91
33 85
12 89
5 57
70 82
64 80
1 64
36 40
21 75
88 96
15 59
25 74
16 44
41 44
21 29
28 44
42 60
7 65
37 77
1 39
11 73
59 86
9 23
80 90
4 88
50 58
10 73
67 94
93 99
81 85
29 96
65 85
93 98
21 77
12 56
25 73
19 85
20 27
39 50
11 66
52 65
16 76
34 82
51 58
1 90
17 70
56 72
57 77
31 45
31 57
38 42
30 61
18 72
17 85
62 75
13 14
16 33
54 97
2 93
73 89
17 89
13 54
71 82
4 33
29 30
7 73
49 72
78 82
32 53
78 93
14 61
7 45
5 54
4 10
6 44
37 41
74 82
2 32
8 35
20 76
39 82
25 36
38 78
3 70
3 95
50 67
42 99
31 48
16 89
15 77
33 40
10 54
10 45
38 84
37 49
7 54
72 83
53 99
42 86
32 76
75 78
32 54
32 41
53 85
21 52
3 42
46 66
5 45
20 42
32 80
9 54
58 72
50 59
60 99
22 41
27 85
49 57
29 63
47 67
24 95
9 12
25 39
11 68
33 64
61 81
14 94
14 72
13 73
40 75
12 94
23 31
4 19
14 26
32 98
59 65
39 86
25 91
54 89
18 45
12 18
13 88
86 90
36 55
59 78
11 62
32 91
78 91
52 58
12 90
36 74
4 63
18 51
45 89
0 61
12 52
31 46
25 46
34 58
43 81
25 52
10 65
50 74
18 19
2 49
52 56
52 75
33 61
58 66
26 63
6 98
72 93
19 98
2 19
47 81
3 7
16 41
2 76
33 90
76 98
14 69
28 57
45 69
15 43
50 90
70 87
91 96
41 75
6 43
9 37
7 21
71 94
47 83
68 99
49 98
38 44
5 79
25 35
85 95
9 45
15 61
8 42
20 65
2 18
17 20
2 6
59 69
45 56
19 25
33 43
0 75
5 17
65 67
16 68
30 34
17 79
31 91
66 81
32 51
15 74
15 67
40 62
2 83
90 93
12 64
59 79
72 76
39 70
19 20
27 55
46 87
22 81
66 79
30 82
19 72
15 31
74 86
11 76
64 86
17 46
13 75
64 92
12 32
9 42
44 92
66 97
3 80
1 57
32 45
18 98
65 89
28 64
4 89
43 62
82 94
83 98
37 81
4 44
17 28
53 82
17 31
74 90
19 97
65 80
9 96
47 77
90 92
9 91
77 79
22 49
91 97
12 80
28 71
5 23
20 53
4 41
28 75
25 71
6 13
50 64
46 57
34 35
57 79
43 46
46 61
28 90
4 76
36 44
40 42
44 94
8 95
47 48
8 49
9 33
73 97
38 98
16 35
0 56
18 80
54 69
7 64
95 99
1 17
7 90
5 91
22 48
11 24
0 49
57 92
64 93
31 76
13 59
38 43
6 94
77 86
14 99
64 74
5 65
35 43
19 32
37 70
48 58
8 36
11 70
9 22
31 65
79 87
77 78
45 90
67 78
58 93
9 76
18 41
29 94
25 88
2 38
45 94
28 32
52 60
28 51
27 61
45 52
6 61
3 79
21 85
33 66
30 40
40 95
35 75
41 71
18 68
20 48
19 78
33 47
9 94
11 78
21 49
37 48
5 16
68 85
1 44
69 77
90 99
16 27
9 81
10 21
35 49
47 70
9 27
13 82
