100 2687 591.8487982584742 dense
0 444 112
1 102 974
2 229 218
3 74 137
4 899 963
5 929 342
6 412 996
7 614 851
8 778 462
9 473 798
10 135 62
11 727 376
12 927 120
13 951 361
14 877 336
15 720 8
16 787 899
17 3 88
18 522 420
19 155 867
20 877 373
21 5 347
22 219 490
23 319 406
24 132 821
25 243 89
26 435 65
27 264 473
28 907 583
29 750 389
30 369 912
31 51 395
32 820 924
33 440 545
34 91 334
35 164 210
36 638 272
37 443 760
38 385 618
39 895 219
40 853 250
41 927 883
42 158 895
43 789 477
44 984 666
45 89 342
46 136 449
47 561 971
48 916 980
49 206 469
50 315 425
51 294 992
52 886 850
53 813 276
54 758 44
55 854 901
56 343 703
57 698 731
58 985 526
59 822 14
60 473 671
61 703 329
62 701 804
63 183 11
64 713 138
65 152 56
66 1 196
67 674 803
68 843 390
69 853 536
70 502 449
71 604 908
72 190 665
73 87 198
74 970 878
75 347 431
76 171 880
77 891 252
78 845 623
79 99 269
80 738 500
81 789 978
82 926 691
83 112 322
84 69 797
85 112 18
86 791 440
87 496 359
88 325 437
89 664 400
90 236 775
91 323 323
92 513 916
93 92 123
94 128 70
95 542 12
96 962 225
97 416 934
98 844 788
99 853 507
34 45
10 94
50 88
10 65
8 43
23 50
42 76
19 76
75 88
3 93
4 48
34 83
22 49
8 86
11 29
62 67
65 94
19 42
69 99
5 13
45 83
23 88
50 75
39 77
18 70
14 20
43 86
23 75
20 68
40 77
32 55
16 32
41 74
40 53
0 26
22 27
9 37
10 85
19 24
30 97
39 40
5 14
15 54
41 52
11 61
85 94
79 83
63 65
8 80
65 85
43 80
7 71
27 49
52 55
5 20
6 97
32 81
3 73
44 82
14 68
93 94
31 45
29 86
2 35
34 79
18 87
21 31
16 55
39 96
24 84
11 89
27 50
10 63
54 59
43 99
24 76
27 88
63 85
28 69
73 79
68 86
46 49
31 34
47 92
57 62
45 79
28 78
10 93
52 98
13 20
73 93
41 55
57 67
77 96
29 61
47 71
4 55
7 67
35 73
13 14
8 29
24 42
16 81
80 86
63 94
61 89
53 77
23 91
21 45
4 41
14 77
66 73
3 94
3 17
36 61
23 27
29 89
21 34
43 69
69 78
8 99
14 53
35 79
4 32
52 74
14 40
65 93
70 87
11 86
86 99
71 92
33 38
22 46
29 68
27 75
28 99
3 66
37 60
6 30
38 56
31 83
17 93
29 43
28 58
3 10
25 65
1 42
8 68
41 48
5 77
25 63
5 68
92 97
7 62
32 52
39 53
8 11
48 55
31 46
55 81
15 59
50 91
43 68
38 60
12 39
54 64
8 69
78 82
85 93
17 66
20 86
30 51
28 82
21 83
16 52
75 91
12 96
4 74
19 84
4 81
32 48
10 25
29 80
13 68
40 96
3 65
35 93
28 44
55 98
24 90
4 52
88 91
33 70
69 86
32 41
37 56
80 99
48 74
3 35
22 50
20 53
78 99
25 94
1 76
66 93
11 68
45 46
68 99
49 50
53 68
6 51
55 74
14 39
11 43
22 88
72 90
5 40
1 19
26 95
7 92
69 80
5 96
20 77
53 61
21 79
66 79
19 90
49 88
35 83
34 46
76 90
80 89
13 77
11 80
9 92
16 98
3 85
20 40
41 98
67 71
17 94
73 83
9 60
48 81
82 98
5 39
20 29
16 62
6 92
56 90
4 16
46 83
23 49
29 53
17 85
2 25
8 89
15 64
27 46
33 60
22 23
36 89
7 47
76 84
11 53
58 69
42 84
8 20
86 89
58 99
48 52
5 53
56 60
3 79
73 94
10 17
31 79
14 86
51 97
34 73
20 99
20 43
13 96
12 77
11 36
14 29
32 98
17 73
2 79
14 96
44 58
0 95
40 68
16 41
2 91
22 75
61 86
62 71
42 90
2 73
18 89
34 35
62 98
45 73
30 92
10 73
63 93
25 35
35 94
44 78
49 75
68 77
79 93
68 69
7 57
43 89
33 75
9 97
13 40
16 67
25 85
12 59
18 33
12 40
47 97
11 20
7 9
10 35
21 66
6 47
35 45
68 80
16 48
17 65
13 39
8 61
61 68
37 38
36 64
9 30
35 65
25 93
74 98
20 39
11 14
1 24
70 75
65 73
43 78
2 83
29 99
57 98
32 74
53 96
56 72
33 88
28 43
8 14
52 81
9 56
27 91
29 36
13 53
78 80
35 66
52 82
34 66
20 69
78 98
59 64
53 86
75 87
21 46
14 43
51 76
24 72
36 87
3 63
2 93
42 51
41 81
66 83
84 90
13 58
32 62
30 37
70 89
5 86
40 61
21 73
58 78
53 64
45 66
67 98
20 96
37 92
9 71
43 61
69 82
31 49
14 99
45 49
87 89
29 40
33 50
14 61
8 78
49 83
61 80
2 3
36 53
58 82
18 75
3 25
13 99
37 97
87 91
8 28
34 49
22 72
70 88
15 95
11 40
13 86
39 68
66 94
72 84
2 94
68 89
40 64
2 65
20 61
29 69
7 16
1 84
2 34
46 50
55 62
5 99
73 85
11 99
2 10
57 78
23 87
16 71
4 98
46 79
28 86
16 74
23 33
44 69
5 29
12 54
33 56
44 98
19 51
2 45
49 91
20 58
87 88
23 46
23 70
18 36
20 80
28 80
50 70
27 38
3 83
8 53
46 88
10 66
32 67
71 97
16 57
27 33
25 73
52 62
38 88
78 86
38 75
30 90
61 64
41 82
74 82
5 58
50 87
1 51
5 8
22 31
12 53
25 26
7 37
53 89
9 47
33 87
5 43
62 81
35 91
17 63
29 77
58 68
49 72
67 92
22 91
22 45
3 34
18 88
71 81
81 98
82 99
35 85
22 83
39 64
13 43
40 86
35 63
83 93
31 73
8 13
9 38
57 71
30 76
13 69
38 72
30 47
9 67
79 94
14 69
22 34
17 35
43 58
0 25
43 53
47 67
18 61
13 29
61 77
28 68
68 96
18 23
11 69
5 11
17 79
55 67
19 72
48 98
31 66
38 50
3 45
38 70
11 77
27 72
65 66
44 99
74 81
18 50
6 9
37 90
5 69
2 23
44 52
61 87
67 81
22 38
11 18
66 85
21 35
10 79
63 73
30 56
83 91
34 93
6 71
64 77
30 42
46 75
2 63
20 28
58 86
64 95
44 74
77 86
27 83
28 98
7 97
20 89
12 64
14 80
33 37
72 76
36 40
7 81
38 90
32 71
8 58
31 35
52 67
89 99
39 59
47 62
54 95
14 58
7 32
27 45
19 30
37 71
62 92
70 91
45 93
65 79
3 21
39 61
18 91
12 14
27 34
55 82
5 12
23 38
39 54
14 89
52 57
46 72
36 70
23 83
29 39
60 70
2 50
41 44
11 13
51 90
8 40
46 91
13 28
5 61
49 79
27 31
40 54
36 86
50 83
22 33
9 62
47 81
32 57
7 60
2 66
11 39
18 29
18 80
79 91
25 79
52 78
55 57
62 78
57 82
11 87
2 85
51 92
42 72
34 91
61 99
69 89
57 60
38 49
68 78
61 70
57 80
53 99
9 57
45 91
37 67
30 71
21 49
12 15
24 51
40 43
8 36
53 80
36 68
11 70
16 47
6 37
40 59
9 90
11 64
53 54
8 77
7 98
23 45
23 34
2 88
27 70
41 62
0 2
1 90
17 25
90 97
21 93
60 67
35 46
45 50
18 38
40 89
70 80
37 47
24 56
34 50
5 28
83 88
12 13
56 97
27 56
0 91
2 75
39 86
7 55
33 49
22 56
56 76
54 77
43 77
25 91
14 36
59 77
5 80
60 92
67 78
58 80
6 7
14 28
36 80
2 46
57 69
19 56
28 29
23 35
13 61
55 71
16 82
76 97
33 91
2 31
79 85
0 36
22 79
62 82
20 78
2 49
69 98
0 87
7 30
83 94
29 78
59 96
29 64
36 77
24 30
4 62
43 82
13 80
45 88
36 43
9 33
29 70
61 69
34 88
18 60
46 73
29 87
32 82
28 57
2 26
37 57
40 99
14 64
21 22
2 27
36 54
26 63
77 99
12 20
17 83
2 21
27 87
60 90
17 21
3 31
75 83
23 79
8 18
20 36
63 66
2 17
42 97
10 83
17 34
57 92
37 62
53 59
27 79
35 49
36 39
30 60
35 50
53 69
32 47
57 81
18 27
64 96
60 62
9 51
25 66
72 88
41 67
31 50
50 79
64 89
34 94
56 88
42 56
33 89
73 91
25 83
6 76
47 51
28 52
80 82
29 96
17 45
23 31
71 98
44 55
65 83
60 97
19 97
8 39
18 86
43 57
37 72
0 64
50 72
60 71
77 89
60 75
49 56
5 89
63 79
43 44
7 52
29 58
56 75
2 22
57 99
56 92
41 78
8 82
54 96
45 75
18 43
4 82
6 42
11 78
34 75
1 30
15 39
11 28
16 92
86 96
45 94
41 57
31 93
40 80
10 34
37 51
67 82
4 67
15 40
8 70
47 57
15 36
60 88
36 95
31 88
33 72
48 62
55 78
35 88
39 43
62 74
61 96
11 96
50 56
0 63
59 95
80 87
8 57
98 99
26 91
31 91
27 35
79 88
38 87
72 75
16 78
6 90
13 78
12 68
81 92
60 72
26 65
64 68
15 53
10 45
74 78
34 65
82 86
22 35
22 90
22 70
40 69
69 77
20 64
46 66
35 75
78 89
26 64
6 19
27 60
52 71
21 27
25 34
43 70
14 78
70 86
48 82
23 72
67 97
13 89
58 77
56 84
8 44
26 36
54 61
15 26
39 99
77 80
50 60
45 65
51 56
5 78
44 57
39 89
30 38
0 15
49 73
25 45
75 79
0 35
49 70
44 80
5 64
44 86
37 76
0 65
58 98
51 84
15 77
23 56
31 75
11 58
5 36
56 70
48 67
10 26
8 96
4 71
8 87
26 87
28 41
38 46
6 56
47 55
33 80
38 91
28 74
58 96
2 87
32 78
28 62
96 99
21 94
27 90
53 58
31 72
83 85
28 89
30 72
16 44
67 74
57 86
91 93
24 97
43 96
32 44
86 87
40 58
4 7
62 80
12 61
22 87
23 60
13 44
80 98
4 57
26 94
32 92
19 37
26 35
33 90
49 90
62 69
25 95
7 56
4 44
57 74
67 80
64 87
44 68
49 87
17 31
1 6
3 91
90 92
18 22
23 73
22 60
64 86
20 44
68 82
47 60
9 72
60 87
9 76
0 10
10 21
62 97
7 41
44 62
14 54
37 42
60 80
52 69
43 98
43 87
1 97
37 70
34 85
36 59
24 37
65 91
38 97
0 18
81 82
33 57
3 46
75 89
36 99
0 94
33 46
21 91
63 83
36 91
91 94
0 23
21 23
21 50
39 69
18 49
39 58
48 71
22 73
28 67
28 53
51 71
44 48
0 54
1 72
30 84
15 61
67 69
10 91
50 73
20 82
39 80
12 29
28 55
18 68
26 54
30 67
41 71
38 92
24 38
7 78
18 53
45 85
11 12
15 96
9 19
13 36
6 67
28 61
23 25
21 65
13 64
26 85
61 78
12 36
14 59
7 38
27 73
36 96
46 56
53 87
7 48
5 44
46 93
69 96
9 42
9 16
6 24
8 64
6 60
48 57
13 82
28 77
60 89
36 75
56 71
21 88
8 98
57 89
38 57
11 33
0 75
11 54
62 99
31 94
49 60
18 56
34 63
59 61
47 98
33 36
73 88
28 40
0 61
16 28
4 47
27 37
38 76
45 72
0 50
43 62
52 58
44 67
19 38
33 61
36 69
18 64
46 90
88 89
55 92
49 66
22 84
9 24
0 70
63 91
22 24
18 99
37 75
51 72
38 67
57 70
10 31
5 54
25 50
37 88
76 92
58 61
45 63
4 78
52 99
58 89
5 59
0 85
23 89
29 54
47 56
34 72
89 96
43 67
56 67
67 99
29 57
21 85
23 36
68 70
0 88
66 91
47 52
14 44
6 62
29 33
43 64
57 97
12 86
26 93
8 33
33 67
68 87
53 78
5 82
18 37
30 62
73 75
88 90
29 82
89 91
7 51
20 54
50 89
87 95
9 70
8 62
7 82
18 69
22 37
21 25
72 97
72 83
28 32
7 33
86 98
21 75
0 93
58 74
57 58
31 65
36 88
38 89
46 84
80 96
41 69
92 98
47 48
49 84
61 95
33 43
42 92
70 99
53 70
2 18
56 57
11 57
54 68
8 67
7 74
3 49
18 57
36 50
25 75
25 88
2 70
18 20
38 42
14 82
37 50
50 90
63 95
78 81
24 49
23 26
25 31
19 92
69 74
75 90
69 70
41 58
28 96
0 89
29 44
1 56
23 93
64 80
38 84
20 59
38 71
14 15
9 81
3 23
35 87
48 78
28 39
49 93
14 18
55 69
18 26
46 70
22 66
33 86
38 62
72 91
0 73
71 74
60 76
51 60
33 62
21 72
44 81
11 15
3 26
54 89
16 69
9 32
8 60
25 87
13 59
61 75
57 68
43 60
0 3
85 91
16 37
46 87
13 54
9 98
56 62
24 46
18 40
24 27
38 80
7 80
24 60
26 73
11 82
16 97
8 12
84 97
40 78
71 78
40 87
19 60
30 33
77 78
11 59
2 95
62 86
60 78
23 37
37 49
50 93
30 57
3 50
25 46
81 97
64 70
37 84
26 61
41 47
26 75
56 87
59 68
6 81
33 92
27 84
23 90
53 95
52 92
60 91
6 38
0 79
46 94
26 50
70 72
47 90
52 80
61 91
4 28
21 63
91 95
56 91
23 66
9 18
20 87
67 86
18 78
3 22
14 87
25 49
29 59
31 85
27 66
15 29
19 22
20 70
12 43
41 99
11 75
12 89
25 27
70 78
17 46
38 51
43 52
7 90
83 87
3 27
9 27
87 99
23 94
42 60
10 46
0 11
18 46
6 16
11 44
23 65
26 88
9 75
16 60
71 82
22 93
50 66
4 92
60 98
74 99
2 33
11 60
32 69
33 97
26 70
6 57
27 93
10 23
9 88
26 59
0 59
88 93
3 88
71 90
82 89
40 95
23 61
14 70
65 95
24 92
0 83
22 76
60 86
26 79
61 88
37 80
46 65
67 70
5 15
55 99
12 99
38 47
64 99
9 55
29 60
7 69
15 89
6 84
33 83
17 91
75 80
7 28
28 48
55 58
15 20
54 86
58 62
16 99
68 98
33 71
69 87
6 72
9 80
9 22
50 61
75 93
12 95
20 57
47 76
3 75
50 94
19 49
15 68
31 38
22 25
37 98
16 80
57 61
31 84
1 37
38 83
8 52
67 89
60 69
0 27
50 65
40 70
46 60
0 53
66 88
9 84
32 97
37 87
38 45
9 50
10 50
29 75
18 77
33 45
62 89
34 87
26 89
31 63
72 79
49 94
11 88
27 89
89 95
62 70
79 87
39 78
45 87
11 91
36 78
33 34
48 92
11 95
18 95
34 38
19 27
37 81
72 92
11 23
39 95
77 87
22 42
54 87
29 98
10 95
42 47
12 58
70 83
1 9
9 78
32 37
28 36
18 67
60 61
28 81
33 78
49 76
2 36
18 72
0 29
26 83
7 43
33 69
10 49
24 33
7 44
60 99
35 70
6 32
5 18
33 99
78 96
11 50
18 35
1 92
41 92
44 89
9 52
20 98
15 87
58 67
49 65
88 94
31 33
0 34
59 89
7 70
55 80
27 76
23 63
80 88
29 62
94 95
18 28
16 30
66 75
32 99
19 46
65 88
8 54
7 99
11 38
19 47
47 74
10 88
70 90
52 86
29 67
9 23
18 83
13 15
64 69
16 43
7 8
75 94
16 58
37 89
12 69
31 90
65 75
8 38
39 87
0 45
60 84
57 87
77 95
18 62
18 39
9 49
44 77
51 67
12 80
31 56
27 36
37 78
30 81
61 82
27 94
10 75
44 53
28 70
11 26
45 70
35 95
34 70
41 80
59 86
29 88
89 98
38 43
11 98
36 38
42 49
11 62
41 43
43 55
0 49
2 38
23 80
32 60
71 80
4 69
50 80
33 76
38 61
22 94
24 88
19 33
36 58
85 95
53 82
11 67
29 95
10 27
32 58
29 38
23 29
0 40
64 91
46 85
17 49
36 60
27 65
33 68
32 80
29 91
8 75
46 76
17 26
72 87
18 25
26 53
0 33
13 18
5 87
24 31
14 57
71 76
33 35
43 54
37 55
50 63
27 42
25 36
70 77
40 44
10 22
24 50
29 50
26 34
37 46
8 16
78 87
62 68
15 86
33 79
44 61
70 95
67 90
22 65
55 97
18 34
73 87
9 87
23 85
0 22
43 74
18 45
5 70
13 98
77 82
46 63
60 81
7 18
70 79
45 56
56 89
9 89
44 96
0 17
84 88
26 27
78 92
28 60
33 47
26 45
38 86
25 70
74 80
18 54
7 76
75 86
56 80
28 71
43 75
55 60
24 75
4 58
8 55
56 83
50 84
42 71
67 68
31 87
42 46
8 41
69 81
34 56
37 43
40 82
7 86
69 71
22 30
32 43
13 57
17 23
51 62
8 37
48 69
33 84
2 72
63 88
18 79
47 78
33 42
52 60
8 59
9 43
44 71
19 71
63 75
0 66
30 32
80 91
38 79
27 30
6 33
26 29
37 52
6 55
97 98
5 57
23 95
37 91
14 98
26 66
60 82
8 88
7 89
8 9
22 89
5 98
31 70
24 47
21 84
1 38
50 85
13 87
23 24
39 70
45 84
35 72
39 44
18 90
17 22
54 80
0 46
4 9
15 18
26 40
45 90
13 70
8 15
7 42
8 74
4 99
65 87
49 63
74 92
1 47
16 86
48 58
17 50
7 19
75 84
84 92
33 53
38 78
47 82
90 91
49 85
9 69
57 75
9 41
52 68
27 61
75 95
19 88
8 23
36 57
7 72
49 89
41 86
12 28
93 95
0 39
34 84
8 32
35 38
57 90
23 84
43 59
34 90
26 49
8 50
60 68
17 27
55 86
9 82
20 62
43 88
62 90
86 88
14 95
21 38
70 92
37 69
82 96
10 87
87 93
87 94
63 87
28 87
0 77
28 33
64 75
76 88
43 71
27 63
53 57
20 33
83 90
85 88
19 50
70 71
33 51
82 92
95 96
50 95
33 98
2 89
18 31
71 99
30 49
22 36
25 64
54 99
37 86
80 92
39 82
11 27
74 86
23 86
58 64
15 43
59 87
27 80
36 49
17 88
61 67
57 88
18 58
61 62
38 69
75 85
81 99
23 43
20 67
8 91
50 86
19 75
23 64
22 26
3 87
43 50
83 84
30 88
20 52
48 99
88 95
50 76
52 97
0 86
11 37
21 33
35 36
72 73
67 87
9 99
8 71
9 86
9 48
1 60
54 70
6 98
27 85
24 71
26 33
71 72
61 98
22 63
29 52
80 81
47 72
24 45
51 57
38 99
18 96
30 75
70 98
29 37
7 29
30 70
37 99
75 76
86 91
7 24
0 12
68 95
19 31
0 8
15 25
4 97
22 85
0 31
9 28
3 95
14 33
32 86
87 96
70 73
26 39
30 55
9 46
16 56
27 97
28 64
22 97
17 75
0 68
21 90
18 82
26 46
0 80
2 61
42 88
0 14
37 82
4 6
70 82
7 11
18 73
24 34
18 98
58 70
19 23
38 98
64 88
62 87
30 50
33 64
4 80
50 57
16 38
2 64
87 90
50 64
21 24
43 91
21 56
30 98
53 75
21 87
73 95
15 70
53 91
15 80
20 95
9 11
70 97
58 81
12 87
26 77
27 29
59 80
7 58
13 52
9 29
59 99
18 71
33 73
12 26
86 95
51 81
67 75
42 50
16 33
6 52
18 92
23 76
28 37
25 33
8 56
7 75
68 75
56 79
1 22
0 21
9 91
2 56
4 43
4 37
23 57
37 41
24 83
31 76
11 52
43 56
14 62
41 68
43 81
42 75
41 60
54 69
16 51
52 89
20 60
48 97
60 83
0 43
64 78
47 80
67 72
37 61
9 74
71 86
12 18
31 60
6 48
68 74
11 56
18 59
7 88
27 57
88 97
40 57
0 20
66 72
45 60
67 88
7 87
26 31
1 71
15 91
21 70
33 82
33 40
22 51
75 97
8 95
56 98
27 92
56 78
36 82
23 30
5 95
13 62
67 76
14 67
34 60
0 38
12 78
5 52
69 92
22 61
49 97
23 53
44 60
55 68
31 42
16 29
71 89
38 68
70 96
75 99
48 80
16 68
79 95
57 72
20 41
75 92
53 98
20 74
41 97
85 87
53 88
16 89
29 56
14 52
8 27
21 26
62 75
2 60
88 92
7 68
23 42
38 73
7 27
5 62
18 30
4 8
1 49
28 92
8 81
49 61
57 77
15 99
4 60
58 87
69 75
54 91
25 54
26 86
13 74
22 92
30 46
14 26
43 92
43 48
25 61
50 97
18 65
22 80
56 61
56 86
50 53
28 47
27 51
68 88
7 50
11 22
30 52
66 87
53 60
50 67
44 47
26 68
13 67
37 48
47 84
18 21
36 56
9 61
29 55
2 11
13 41
18 93
59 69
19 67
28 38
18 44
25 89
70 93
47 69
56 81
42 67
79 90
23 68
68 91
36 44
35 56
36 63
8 26
24 70
29 41
18 97
14 60
27 43
47 70
62 88
36 37
8 92
32 56
80 95
1 46
65 70
27 67
11 16
43 95
1 27
1 7
5 67
18 94
10 18
6 41
9 44
27 86
36 83
20 55
44 70
79 84
19 45
50 68
11 49
50 92
5 33
7 61
62 72
3 70
78 97
3 18
83 95
26 80
0 96
46 89
49 51
32 51
18 63
36 65
32 38
92 99
58 60
36 67
36 46
4 30
70 94
23 67
88 99
16 70
54 58
49 80
20 75
44 92
10 70
24 91
16 20
75 78
7 23
2 15
4 86
32 68
35 89
40 91
7 22
62 76
31 37
36 62
55 89
8 48
29 74
22 57
56 69
32 33
0 5
19 34
23 97
15 63
69 88
58 59
40 75
12 70
5 74
89 92
13 95
84 91
33 77
81 86
77 98
40 98
27 95
60 74
14 75
20 26
36 79
29 71
58 71
29 32
53 62
59 70
37 74
48 60
11 55
33 52
80 97
22 29
3 72
50 62
5 41
38 81
19 21
6 22
71 75
63 70
49 92
24 67
33 95
72 89
13 33
26 43
82 87
19 70
70 76
23 99
6 27
43 47
45 76
50 99
17 95
15 69
37 68
63 64
11 41
53 67
10 36
33 58
7 20
23 92
38 82
33 55
11 71
1 33
56 99
71 84
19 83
32 89
33 93
16 18
71 88
57 76
7 84
25 38
37 45
38 55
38 53
55 56
3 33
27 62
47 99
2 29
36 94
39 57
13 55
12 44
37 83
60 79
37 44
14 41
50 69
23 69
19 62
20 38
29 49
14 74
41 89
34 36
42 62
26 96
9 68
72 93
30 48
86 92
9 36
23 62
34 76
35 61
38 52
27 71
52 61
22 67
78 88
18 47
87 98
34 37
24 79
30 80
8 47
36 45
35 64
20 32
14 91
34 95
57 91
48 86
6 70
35 60
52 70
26 38
70 84
36 98
20 88
11 32
51 88
36 73
33 81
20 91
23 40
74 97
30 78
2 54
2 90
87 92
42 45
33 44
49 57
83 89
11 74
21 76
30 41
7 49
20 23
28 54
18 24
71 87
8 22
33 39
0 60
19 57
46 97
40 88
27 64
45 95
33 66
91 99
76 83
14 88
66 70
5 60
14 23
13 16
52 56
17 87
11 25
50 71
42 70
18 52
51 75
15 75
5 55
42 57
20 50
54 75
16 90
0 13
82 97
15 23
34 42
14 55
46 51
6 88
40 50
50 78
6 49
36 93
56 73
5 26
64 65
14 38
18 66
40 60
49 95
51 55
50 51
30 87
33 65
74 89
22 71
33 94
0 99
6 75
21 42
14 50
23 54
23 78
89 90
21 60
24 62
19 91
35 90
13 60
15 65
14 16
22 43
6 74
68 71
38 66
57 96
12 82
69 91
10 33
39 98
66 95
6 78
32 70
8 49
72 80
80 90
77 91
75 77
3 38
55 70
24 57
22 86
18 85
40 62
5 16
42 83
49 67
38 93
96 98
22 62
28 59
4 68
54 63
16 61
44 87
28 56
34 89
22 95
23 71
76 91
29 92
45 89
13 32
7 14
18 19
25 72
18 76
52 53
47 86
6 50
7 36
46 61
9 58
27 47
3 36
79 89
47 89
28 75
87 97
47 75
11 92
1 31
40 67
70 85
15 50
38 64
39 91
1 88
51 70
20 37
15 58
2 80
2 37
10 64
43 49
56 82
15 88
27 53
9 31
62 77
47 88
25 59
36 85
50 54
18 55
60 64
95 99
54 88
27 68
54 78
18 32
49 86
9 20
6 18
23 51
51 98
2 53
59 91
11 35
61 71
10 15
39 75
24 87
5 75
89 97
1 50
64 94
81 90
25 29
0 69
18 84
56 68
43 97
27 99
22 47
29 81
37 58
4 20
68 81
14 32
30 91
30 89
61 83
69 97
81 89
15 35
55 61
60 77
