100 2761 544.592508211415 dense
0 426 746
1 54 288
2 797 300
3 88 819
4 189 462
5 779 605
6 331 84
7 679 875
8 460 489
9 936 668
10 632 140
11 775 251
12 38 797
13 389 111
14 299 399
15 962 316
16 535 422
17 91 673
18 27 206
19 873 331
20 781 739
21 519 128
22 738 473
23 656 71
24 508 961
25 263 440
26 452 271
27 409 63
28 576 752
29 14 211
30 721 694
31 301 294
32 130 882
33 510 615
34 200 996
35 118 277
36 211 365
37 211 648
38 110 838
39 759 553
40 641 219
41 844 315
42 805 40
43 796 860
44 387 298
45 161 77
46 795 669
47 481 407
48 340 307
49 217 688
50 255 712
51 278 664
52 368 196
53 590 232
54 98 527
55 130 790
56 930 166
57 425 737
58 909 264
59 290 607
60 631 786
61 838 922
62 131 622
63 211 503
64 286 865
65 255 924
66 258 829
67 725 189
68 404 940
69 988 316
70 787 489
71 999 214
72 219 323
73 54 404
74 218 669
75 294 942
76 648 923
77 927 424
78 90 75
79 961 748
80 815 674
81 178 42
82 286 556
83 476 620
84 803 669
85 228 536
86 537 282
87 429 308
88 207 848
89 170 261
90 999 818
91 903 744
92 29 952
93 922 592
94 503 139
95 70 424
96 461 671
97 570 535
98 299 478
99 662 677
46 84
0 57
80 84
18 29
49 74
21 94
46 80
37 74
73 95
15 69
3 38
19 41
33 83
63 85
45 81
37 49
31 48
36 72
65 75
44 87
26 87
49 50
64 66
4 63
44 48
32 38
2 41
3 55
59 82
22 70
13 27
38 55
25 98
40 53
83 96
50 51
2 11
35 89
66 88
14 25
3 12
5 39
16 47
50 74
7 76
79 91
51 59
51 74
82 85
30 99
6 13
28 60
17 62
1 35
49 51
5 46
64 65
5 84
37 51
39 70
26 44
45 78
20 46
53 86
10 23
20 80
20 84
15 58
33 96
43 61
20 30
57 96
3 32
19 58
4 25
9 93
64 75
37 50
5 80
30 46
14 98
72 89
82 98
10 40
11 67
79 90
6 27
64 88
25 63
2 19
41 58
22 39
0 96
12 38
9 91
4 85
9 79
56 71
37 62
32 88
8 47
26 86
30 84
31 44
1 18
1 29
31 72
13 52
37 59
48 87
40 67
65 88
15 19
34 65
25 36
63 98
85 98
63 82
32 55
12 55
78 81
11 41
59 85
14 36
58 69
59 74
65 66
30 80
55 88
38 88
62 74
4 36
33 97
56 58
8 16
54 62
14 48
7 60
10 53
25 85
69 71
58 71
44 52
14 31
10 67
24 68
5 30
54 95
19 77
51 82
49 62
34 75
15 71
49 59
68 75
14 72
50 59
35 72
86 87
4 98
36 89
47 87
4 54
80 91
26 52
37 85
60 99
15 77
10 21
28 99
48 52
31 36
18 35
54 63
19 69
1 73
5 70
50 66
13 94
26 48
2 58
6 52
7 43
15 41
25 82
16 97
66 75
37 82
31 52
1 89
8 97
27 94
9 80
90 91
39 46
40 86
20 43
48 72
20 91
3 88
17 37
32 92
29 35
17 55
69 77
39 84
4 95
25 72
84 91
12 32
21 53
11 19
83 97
4 14
17 49
17 74
53 94
52 87
57 83
21 27
35 36
75 88
30 60
31 87
10 94
59 98
62 85
54 85
59 63
54 73
13 21
46 91
32 65
74 82
8 83
2 67
9 84
46 99
39 80
74 85
32 34
55 66
14 44
5 20
49 55
20 99
11 58
80 93
12 17
4 82
31 89
8 33
0 83
14 63
23 67
1 95
47 86
41 77
5 99
51 85
11 40
36 63
60 76
5 22
32 66
26 47
27 52
64 68
38 92
16 86
28 96
9 46
84 99
36 48
26 94
53 67
84 93
4 72
35 73
36 98
62 63
26 53
5 93
44 47
41 69
50 88
37 63
24 76
18 78
3 92
3 17
30 39
17 54
52 94
49 66
4 73
86 94
50 55
34 88
38 66
21 23
46 93
33 57
23 40
49 82
55 74
65 68
0 28
44 86
25 31
28 57
28 33
23 42
21 40
49 85
26 31
36 95
51 62
80 99
91 93
18 89
50 62
15 56
25 48
14 85
70 77
35 95
21 86
12 92
0 33
16 87
29 78
47 97
50 64
28 30
34 64
32 64
20 60
39 99
14 82
43 91
21 26
6 81
14 87
50 82
40 94
59 62
49 88
7 28
79 93
56 69
43 76
58 77
8 98
63 95
36 73
9 90
37 55
79 80
29 89
51 57
33 99
66 74
37 54
28 83
21 52
2 15
7 61
17 38
63 74
51 66
23 94
39 93
55 62
77 93
62 82
17 50
38 65
1 72
42 67
5 9
25 59
0 51
97 99
70 93
44 72
7 20
6 45
4 62
3 66
9 20
10 86
50 57
36 85
19 71
13 26
41 56
16 26
47 48
55 64
41 67
23 53
96 97
0 50
51 63
72 98
19 56
32 75
1 36
2 40
48 98
48 89
12 88
34 92
79 84
4 59
11 56
34 66
42 56
53 87
38 64
50 85
22 97
74 88
2 77
19 70
72 95
46 70
63 72
20 79
6 94
70 84
43 60
10 11
34 38
8 96
30 43
14 47
59 96
2 22
41 70
51 96
55 65
66 68
8 87
0 64
31 35
72 73
46 79
3 49
31 98
73 89
45 89
38 49
8 14
87 94
41 71
49 63
28 76
63 73
7 30
54 74
11 53
18 45
5 91
8 82
59 83
25 54
43 80
37 66
13 44
70 80
51 98
17 51
4 37
20 39
0 66
57 59
36 44
25 44
30 91
2 56
14 89
57 64
2 70
61 91
52 86
39 97
49 64
61 76
54 82
22 41
57 66
55 92
43 46
43 84
89 95
7 24
37 98
2 69
61 90
20 61
38 50
6 21
16 44
25 95
85 95
17 85
51 55
0 59
83 99
16 33
0 68
22 77
47 98
52 72
19 22
26 40
44 94
29 73
51 88
3 65
36 54
16 53
11 15
4 35
12 62
3 50
3 74
48 86
58 67
7 99
29 45
43 79
14 26
10 42
18 73
37 88
49 54
44 98
82 83
38 74
13 87
96 99
51 64
21 87
46 60
3 62
25 89
4 89
4 31
13 48
78 89
51 83
8 25
13 31
3 64
20 93
35 78
57 68
22 46
8 44
35 45
19 67
36 82
60 96
20 28
88 92
47 53
56 67
22 84
16 83
54 98
8 59
62 95
43 90
64 74
74 98
54 59
60 84
17 63
14 59
52 89
0 60
4 74
16 22
82 96
3 34
33 60
12 49
17 59
67 86
17 88
33 47
50 96
72 87
3 37
32 50
9 39
38 75
34 68
57 60
39 77
50 65
25 73
25 87
6 31
26 27
31 47
17 32
32 49
47 83
61 79
11 42
72 85
44 53
50 63
49 57
24 60
87 98
25 37
14 52
21 67
24 75
37 38
21 44
22 80
30 70
60 80
11 23
1 78
4 48
9 30
0 49
38 62
28 97
68 88
34 55
22 99
2 53
57 74
8 48
8 26
25 35
14 35
73 85
22 93
81 89
30 97
2 71
24 28
44 89
33 59
1 4
29 95
5 97
25 47
4 51
8 86
12 74
6 44
62 98
22 30
0 74
70 97
13 81
71 77
18 95
12 66
10 26
11 69
6 26
18 81
6 48
55 75
35 48
59 66
25 51
40 41
25 62
18 72
52 53
11 22
30 33
36 87
30 93
49 98
70 99
13 86
51 54
16 48
43 99
83 98
11 71
20 76
60 83
17 82
31 63
67 94
4 49
65 92
57 82
12 37
17 66
16 40
37 64
2 10
40 87
0 24
11 77
14 95
32 74
13 45
36 52
62 73
5 79
33 82
37 57
20 90
27 81
4 17
9 70
12 50
50 75
25 74
29 72
80 90
5 60
5 77
48 94
28 46
13 53
48 63
95 98
29 81
10 27
0 82
27 44
0 37
0 75
31 86
7 46
1 45
8 85
14 16
33 51
54 72
9 43
50 98
14 54
11 70
62 88
26 72
90 93
45 52
24 57
49 65
39 91
6 89
47 52
50 83
3 75
11 86
30 76
7 84
6 78
0 88
28 84
38 51
24 64
23 86
72 82
35 81
16 98
50 54
7 80
40 42
62 66
74 96
1 54
55 59
18 36
57 75
9 77
35 63
57 99
6 87
52 81
68 76
49 96
57 88
10 13
14 73
28 43
3 51
47 82
63 89
27 87
0 99
30 79
15 70
84 90
76 99
0 65
40 47
42 58
1 31
23 27
32 37
27 53
60 61
27 45
57 97
61 80
8 63
19 39
17 95
29 36
20 70
91 99
8 57
5 28
35 54
37 96
28 80
12 65
33 98
8 31
96 98
25 49
89 98
8 51
46 90
39 41
57 65
45 72
31 85
82 95
21 48
25 26
27 48
27 86
36 59
31 94
48 82
28 68
59 88
48 85
27 31
86 97
61 84
0 97
5 43
24 65
2 39
30 83
73 98
58 70
30 61
12 34
33 39
46 61
4 44
12 64
66 96
26 98
19 40
65 74
56 77
59 64
31 45
60 97
1 25
4 50
26 36
0 8
16 39
7 91
16 96
66 92
32 62
2 42
42 71
2 86
16 70
48 53
51 65
30 96
64 96
83 85
46 97
31 82
74 83
35 52
87 89
32 51
10 87
6 72
14 37
37 95
47 96
54 55
31 95
75 92
69 70
14 86
22 47
49 75
13 89
19 93
25 52
14 51
39 60
40 44
1 63
37 83
16 31
41 53
87 97
49 83
22 33
84 97
15 67
47 94
2 23
1 14
36 62
5 33
85 96
20 22
35 44
10 52
13 23
22 58
44 63
28 39
31 73
35 98
64 92
17 73
13 72
40 58
22 40
25 50
9 61
55 85
4 8
50 68
16 25
33 50
36 47
15 22
93 99
17 64
77 80
40 52
21 31
9 99
13 40
60 68
12 51
66 82
77 84
10 41
68 96
47 72
67 71
60 91
1 81
54 89
8 99
47 59
12 54
97 98
44 82
22 86
73 82
41 42
9 22
8 36
46 77
8 22
51 75
25 83
15 93
14 62
37 65
72 78
27 40
32 68
70 91
31 81
39 79
16 52
85 89
55 82
35 85
57 85
21 47
80 97
14 74
26 89
7 68
24 66
16 82
22 53
36 37
14 83
74 75
69 93
0 76
72 81
0 7
47 85
11 21
22 67
82 97
16 94
16 99
26 67
17 98
4 87
23 26
6 86
17 92
59 95
44 85
74 95
82 87
47 63
1 48
6 35
8 28
41 93
18 31
5 7
8 53
57 98
62 64
42 53
0 85
2 16
7 57
59 97
26 97
34 50
17 25
5 19
63 83
23 56
33 46
37 73
52 98
57 76
39 83
45 48
10 44
67 69
3 54
36 45
63 87
8 72
59 72
3 59
38 59
33 85
46 76
20 97
24 96
40 56
11 94
12 75
48 95
16 21
66 85
11 16
22 69
8 37
31 53
43 93
0 98
33 74
4 47
5 41
76 84
33 84
20 33
55 63
10 16
6 53
7 96
29 31
19 42
30 57
10 56
21 42
0 55
44 97
0 30
55 57
19 53
76 80
17 65
14 49
22 83
16 67
33 37
13 78
63 96
8 74
61 99
13 14
14 33
33 49
48 73
66 83
49 95
11 39
82 88
25 33
8 50
4 18
1 85
52 78
14 97
5 83
51 68
10 58
53 97
85 87
36 74
31 78
48 59
25 96
33 70
30 90
5 16
24 43
37 75
2 5
6 36
8 39
4 29
6 10
5 90
67 70
36 51
10 47
40 70
16 59
8 52
79 99
10 19
23 41
86 98
34 49
41 86
64 82
31 54
39 43
7 79
88 96
67 77
13 47
24 34
64 83
1 98
7 33
13 36
27 89
48 81
33 80
28 51
38 68
38 54
28 64
59 73
76 91
73 74
62 72
70 79
15 39
28 61
55 68
35 87
85 88
31 59
40 48
49 68
76 96
23 52
39 47
8 49
36 78
83 87
12 59
57 62
3 85
14 50
44 45
25 86
14 96
6 14
47 70
82 89
57 63
22 91
33 87
15 42
51 95
2 93
13 35
42 94
32 59
23 58
75 96
59 65
67 87
27 78
51 97
33 63
0 62
39 96
53 58
4 52
72 86
28 59
77 91
25 97
24 88
27 72
5 61
22 28
46 83
12 85
36 49
24 99
28 50
11 26
53 70
48 97
44 59
40 97
49 92
38 85
0 63
70 86
36 81
5 96
7 90
4 26
8 40
47 99
37 72
6 23
39 58
35 82
0 32
77 79
7 83
65 96
62 65
2 97
2 21
29 54
8 70
16 41
9 60
48 54
28 91
20 96
28 66
1 52
47 67
20 83
49 73
16 85
34 74
47 51
6 18
4 83
68 83
23 87
58 93
68 74
32 57
18 54
18 48
16 36
0 38
3 82
63 66
16 30
39 69
50 92
59 87
26 82
7 9
14 94
44 81
17 36
33 66
83 84
22 60
38 57
73 78
16 72
42 69
7 39
8 30
60 79
24 61
18 25
38 82
16 28
11 47
1 44
4 55
14 18
62 96
2 47
16 57
16 63
46 96
26 35
44 83
64 85
33 86
26 63
47 57
59 75
2 94
15 40
60 70
14 53
33 64
10 48
36 86
17 75
0 34
28 70
70 83
33 76
6 40
25 29
25 57
3 68
72 94
19 23
54 88
3 63
81 94
5 8
19 86
30 77
29 48
33 44
28 75
17 57
27 67
74 92
22 96
61 93
17 34
34 51
48 78
12 63
44 95
18 52
48 83
14 29
6 29
24 30
54 66
0 16
33 68
85 97
84 96
5 15
50 95
24 83
8 60
1 62
9 19
0 17
4 96
34 57
51 73
80 83
0 47
83 86
13 16
47 89
5 76
14 17
1 6
45 73
52 63
13 67
62 83
63 88
19 84
35 62
62 92
0 3
12 82
72 74
24 33
51 72
2 26
53 56
0 25
3 57
19 46
26 85
20 77
70 71
45 94
19 80
34 37
31 40
4 16
76 83
26 33
14 21
18 63
10 22
44 73
78 95
26 45
60 93
36 50
26 83
38 63
37 68
28 82
16 19
22 26
11 97
22 87
39 86
14 45
11 87
41 97
27 47
21 81
55 96
33 48
20 24
40 77
59 68
23 44
29 63
13 25
83 88
8 94
9 15
16 51
56 70
66 98
14 27
45 87
60 64
80 96
5 11
22 79
39 40
37 92
29 52
1 82
75 76
89 94
55 98
8 62
24 50
0 20
44 67
4 33
9 69
20 57
6 47
41 84
32 54
93 97
5 69
7 97
52 67
26 81
41 46
39 90
5 47
21 72
28 47
40 71
76 79
16 46
45 95
62 75
32 85
41 80
40 69
63 97
14 57
42 86
27 36
31 97
27 35
50 97
32 82
21 45
37 47
22 56
48 51
4 57
6 25
39 53
62 89
8 54
28 65
87 96
16 84
37 48
28 49
9 41
5 58
49 72
10 31
31 37
19 97
90 99
39 67
81 87
8 21
59 89
76 90
77 99
64 76
4 12
28 74
86 89
52 85
22 71
36 83
50 73
2 87
68 99
44 54
8 89
2 46
2 84
52 82
36 94
65 82
60 90
31 62
0 14
9 28
63 64
75 83
0 4
31 83
17 96
31 51
55 95
3 4
43 70
47 74
16 23
11 93
60 75
44 78
18 44
82 86
23 71
35 59
58 86
17 72
7 93
26 59
70 96
4 66
21 89
51 60
77 97
10 15
30 47
13 18
12 95
10 71
25 55
2 80
41 47
21 41
68 92
52 95
60 66
1 87
24 51
65 83
46 57
37 97
16 60
33 43
52 73
74 97
16 80
0 46
14 81
25 45
87 95
39 61
5 57
13 98
48 62
59 99
23 47
1 13
33 62
67 97
28 37
47 50
0 5
44 96
8 46
34 62
16 27
51 92
53 98
28 93
88 98
28 88
39 57
15 53
10 70
44 51
53 72
48 74
33 88
35 37
73 81
29 44
31 33
50 60
48 96
41 94
57 84
31 74
4 38
51 99
8 13
43 96
18 98
9 76
49 97
0 84
0 39
25 94
28 79
59 60
55 83
47 49
14 78
35 47
71 93
4 45
75 82
24 32
39 76
2 8
18 85
4 88
14 40
51 87
54 64
1 17
15 80
73 87
15 84
0 43
64 98
8 84
25 53
32 63
53 77
4 97
13 29
54 57
21 36
17 83
38 96
65 85
25 66
8 10
29 85
37 89
54 83
9 97
28 98
33 36
15 46
54 96
29 98
50 72
7 75
11 44
43 57
33 53
22 43
0 12
70 90
12 57
37 44
4 86
33 75
15 23
16 77
22 44
32 96
1 37
72 83
12 68
65 76
7 64
91 97
12 73
2 9
55 73
19 30
63 86
0 54
23 48
26 41
52 97
6 16
8 11
82 99
16 37
57 80
36 96
6 98
8 95
3 95
8 66
0 80
94 98
76 97
43 97
86 96
27 42
1 59
54 87
17 35
81 95
10 69
36 97
69 80
1 26
30 41
69 84
16 89
24 49
34 59
19 47
4 78
26 70
10 97
85 86
43 83
43 68
26 96
8 67
8 80
48 49
2 99
60 65
77 90
33 65
7 70
3 98
70 87
66 76
16 20
30 68
2 30
3 96
47 54
94 97
36 53
68 82
16 74
46 69
8 35
48 67
31 49
42 77
16 50
21 25
5 86
4 6
37 87
25 78
4 13
25 27
53 83
35 74
9 58
41 99
19 99
16 58
7 22
38 98
53 69
8 20
25 81
47 60
44 74
6 67
18 27
19 21
59 86
22 94
50 99
21 22
46 47
35 94
53 71
24 46
22 57
10 77
31 96
28 85
56 86
5 40
2 44
72 97
21 97
22 23
11 13
11 52
47 62
74 89
39 87
75 85
78 87
47 95
17 68
11 27
26 95
24 74
26 78
25 88
12 98
33 72
8 17
23 69
33 93
21 56
44 62
21 58
21 98
33 91
48 50
98 99
19 91
86 99
8 64
4 64
0 22
16 49
60 82
18 87
1 74
8 73
24 55
77 86
41 87
24 84
47 84
39 71
24 59
38 95
3 73
24 38
34 96
19 94
26 39
33 40
51 89
3 25
78 94
74 87
5 53
19 20
52 59
33 55
11 46
58 84
35 51
11 84
35 86
62 68
23 31
5 67
17 89
26 73
4 81
24 80
1 27
64 99
31 50
58 80
46 58
53 89
33 54
8 41
27 29
10 14
26 42
12 25
13 42
16 93
35 49
17 33
39 56
6 73
63 65
7 66
72 96
45 98
4 32
58 94
11 80
6 8
19 26
44 49
49 60
25 64
14 55
38 83
56 93
2 33
19 79
29 87
15 86
25 38
7 65
54 65
47 73
52 54
20 68
29 62
47 80
21 35
56 94
28 90
45 86
60 88
6 95
20 41
66 97
18 62
45 63
40 98
57 87
8 27
36 57
60 74
9 33
27 98
49 89
76 93
26 51
18 26
24 97
13 63
54 92
22 48
24 37
66 99
81 86
1 49
14 66
15 79
15 91
10 39
21 78
22 90
59 92
36 55
69 79
62 87
41 91
17 31
40 83
32 83
58 97
61 68
44 50
40 72
49 87
64 97
18 82
6 63
61 70
3 83
69 91
87 99
31 67
26 54
0 36
52 83
38 73
1 51
68 97
25 40
32 98
0 87
23 70
22 42
48 57
11 48
57 70
22 98
8 88
2 20
29 82
30 59
50 87
15 16
44 57
68 85
11 99
12 96
2 52
16 35
28 63
25 28
26 29
37 60
8 19
33 52
17 48
0 70
44 70
1 47
3 24
7 8
30 51
74 99
53 82
19 87
83 91
63 78
23 77
13 73
49 99
14 22
79 97
88 95
50 76
11 30
47 77
66 95
8 55
63 75
83 93
13 95
9 11
0 92
76 88
0 48
5 24
26 37
20 47
62 97
28 55
91 96
0 61
65 98
28 34
15 30
34 82
41 79
67 93
5 71
14 28
33 41
15 97
33 61
42 70
16 54
21 70
2 13
0 44
11 33
4 94
57 92
24 91
70 94
53 99
16 62
83 95
39 44
30 86
47 58
51 76
10 72
37 99
54 78
69 86
81 98
57 61
60 98
61 96
1 8
7 51
2 83
75 99
53 81
34 76
78 98
36 40
7 50
45 54
8 68
13 85
2 27
43 77
4 27
70 76
35 50
45 53
85 99
30 82
2 91
13 82
2 48
26 58
26 99
14 99
41 44
53 96
33 38
14 88
9 71
40 99
33 77
22 76
50 89
54 75
5 87
22 82
45 47
22 61
31 57
15 20
34 85
19 33
13 97
85 92
51 86
25 32
8 23
26 74
42 87
24 82
32 95
63 81
22 52
4 53
57 72
95 96
9 83
30 69
6 85
28 62
45 85
42 52
75 98
25 99
5 56
32 33
10 81
28 32
16 95
46 86
16 69
12 36
53 63
39 98
14 64
30 50
36 66
34 83
63 94
4 65
26 57
71 86
40 93
30 64
5 26
22 59
60 77
28 87
93 96
16 42
44 99
17 29
57 86
3 33
0 31
1 50
30 58
15 99
4 21
84 86
73 88
3 14
82 94
33 79
3 36
9 16
16 56
61 97
20 69
0 72
17 18
66 73
61 83
8 77
28 86
83 89
69 97
23 97
54 97
17 47
82 92
39 59
22 31
7 59
12 83
53 85
7 88
40 89
8 76
39 82
1 94
57 95
8 93
68 98
28 38
73 83
30 98
35 53
6 82
60 85
6 11
47 81
8 24
10 98
11 83
14 67
9 96
10 45
7 16
55 72
10 25
40 46
26 62
0 26
46 68
12 14
11 31
6 42
33 94
65 99
22 25
51 52
0 91
2 79
0 86
33 67
47 66
10 36
59 76
10 89
63 68
17 44
14 38
41 83
57 91
47 93
40 84
37 52
26 49
18 37
23 81
24 39
24 92
88 97
29 37
34 60
18 59
33 95
34 54
0 95
58 91
30 53
53 59
28 77
80 86
18 94
8 65
78 85
58 99
15 21
16 73
30 40
83 94
58 87
30 66
68 84
8 75
27 63
48 70
29 59
46 53
85 94
26 50
36 88
1 86
63 99
4 28
36 38
32 73
30 87
52 96
25 65
63 92
14 23
89 97
46 67
14 39
21 63
39 48
88 99
53 84
67 84
69 99
40 96
39 94
73 96
58 79
21 33
19 44
40 80
21 82
52 62
21 71
5 10
11 20
21 39
86 95
70 98
16 91
5 59
26 56
40 82
15 47
42 47
68 80
53 93
37 86
10 33
48 99
41 52
33 89
49 76
19 83
64 95
33 34
42 44
4 75
17 28
54 81
77 83
1 21
75 97
28 44
20 58
15 94
67 99
27 73
16 66
3 28
78 86
23 39
34 63
67 80
39 51
30 75
21 83
7 34
8 38
29 94
86 93
23 45
45 82
27 95
71 84
5 82
71 80
40 81
35 83
53 80
2 31
52 74
14 70
18 47
5 98
81 85
26 28
3 8
17 87
67 83
47 64
12 24
5 44
22 51
18 21
73 86
7 49
11 14
17 97
57 73
13 41
46 71
27 97
26 77
1 16
74 76
8 43
2 96
6 54
65 97
40 45
24 79
18 74
55 60
21 85
26 30
29 74
74 86
79 83
71 94
9 56
69 90
8 58
33 73
27 41
54 86
89 96
13 22
5 68
25 75
19 90
2 28
15 90
30 74
28 48
30 49
41 48
21 77
23 72
5 51
10 83
7 74
30 67
25 60
21 69
0 73
70 82
36 64
13 59
12 33
61 77
79 96
7 82
60 63
27 85
29 47
17 24
24 62
12 72
66 72
13 54
1 55
2 14
27 82
7 47
16 64
20 59
16 71
8 9
55 97
20 51
43 75
25 39
46 59
16 45
24 85
8 45
1 12
11 91
47 56
16 43
14 60
43 64
16 17
32 60
6 97
20 64
59 70
77 94
8 91
52 70
77 87
24 90
14 32
21 29
15 26
30 37
95 97
28 41
60 86
47 78
3 72
35 55
8 32
4 40
2 60
16 76
2 6
22 85
90 97
54 68
46 87
59 94
50 86
49 52
7 77
67 98
14 30
39 42
47 69
19 28
40 63
92 96
19 60
4 92
76 82
56 97
18 86
9 57
0 9
64 73
69 94
37 76
13 83
59 84
41 60
49 86
46 51
8 18
33 35
30 85
57 93
30 44
20 86
18 49
13 33
94 95
29 49
9 24
56 84
60 87
47 88
0 93
78 82
25 68
47 55
4 99
32 76
30 65
84 87
7 37
28 53
35 97
40 85
56 87
46 56
56 80
73 94
16 81
46 82
23 89
18 51
5 14
35 96
8 12
19 52
41 96
44 58
40 59
32 36
9 67
67 72
38 60
31 70
25 30
53 78
4 68
29 51
11 96
9 47
6 59
31 55
51 84
72 88
39 68
81 82
26 46
8 29
22 27
25 67
12 35
31 39
35 40
60 62
24 98
25 70
31 99
41 90
38 72
48 55
20 50
14 65
11 98
34 98
77 96
20 75
20 82
29 86
22 63
50 52
28 54
48 66
39 50
8 81
2 98
82 84
59 80
39 52
33 90
62 86
92 95
55 89
5 48
11 79
26 84
20 66
21 59
8 15
27 56
53 57
39 85
33 58
46 98
13 19
80 87
10 35
28 36
1 3
73 97
51 53
15 87
65 95
23 36
19 48
94 96
62 99
4 34
19 96
28 31
16 68
19 43
55 76
5 50
0 79
71 79
71 97
19 27
57 79
68 91
42 48
16 79
30 88
31 66
1 83
28 40
10 93
51 80
9 40
16 88
21 95
10 99
26 69
22 36
51 70
20 40
47 68
71 91
27 58
43 66
22 50
1 53
84 98
11 28
23 25
22 24
0 53
16 24
12 28
57 89
47 91
22 72
17 26
21 73
10 82
23 98
5 94
46 50
5 25
20 53
15 33
80 82
13 58
47 76
26 80
3 35
14 75
30 48
5 21
36 67
31 41
13 56
55 99
52 57
3 60
61 75
30 63
