100 3318 609.8106263423097 dense
0 485 833
1 470 298
2 487 868
3 820 439
4 955 537
5 329 528
6 905 1000
7 707 378
8 660 725
9 397 492
10 930 272
11 77 744
12 821 435
13 784 301
14 887 81
15 338 902
16 35 176
17 795 865
18 295 78
19 630 85
20 739 179
21 329 552
22 609 660
23 852 74
24 478 525
25 176 104
26 785 605
27 603 871
28 330 212
29 588 17
30 163 850
31 904 821
32 377 787
33 686 161
34 562 862
35 334 241
36 395 742
37 538 972
38 609 588
39 636 304
40 937 178
41 554 639
42 221 494
43 546 952
44 139 216
45 794 809
46 864 345
47 338 866
48 633 395
49 665 74
50 332 537
51 60 2
52 949 723
53 372 885
54 391 330
55 100 449
56 962 890
57 344 499
58 870 382
59 566 914
60 624 500
61 274 577
62 936 669
63 754 183
64 384 428
65 905 274
66 530 747
67 834 186
68 298 84
69 952 947
70 748 140
71 643 415
72 397 229
73 563 268
74 949 548
75 783 161
76 191 805
77 573 678
78 926 993
79 894 554
80 214 416
81 688 961
82 935 229
83 352 602
84 924 586
85 425 19
86 880 44
87 467 299
88 905 538
89 532 590
90 434 32
91 760 982
92 922 530
93 528 963
94 546 300
95 717 874
96 171 366
97 751 110
98 472 82
99 976 373
1 87
3 12
18 68
5 50
4 74
37 93
21 50
20 63
85 90
88 92
79 88
43 93
37 43
6 78
48 71
5 21
10 65
28 35
70 97
74 92
5 57
4 92
0 2
14 23
15 47
73 94
63 75
19 49
79 92
46 58
14 86
15 53
47 53
50 57
20 70
22 77
70 75
23 86
27 34
43 59
10 82
41 77
63 70
79 84
74 88
74 84
20 75
32 36
4 88
40 82
84 88
34 59
69 78
30 76
9 57
41 89
65 82
21 83
21 57
74 79
52 62
20 33
17 45
84 92
27 59
67 75
56 69
4 84
22 41
75 97
21 61
59 93
90 98
4 79
35 72
37 59
9 64
33 70
80 96
50 83
28 72
20 97
50 61
6 69
33 63
22 38
12 58
63 97
5 61
7 71
81 91
38 41
2 34
3 58
7 48
1 94
5 9
38 89
5 83
42 80
17 95
85 98
87 94
9 50
19 29
63 67
66 77
39 73
57 64
61 83
46 65
54 87
0 34
8 22
33 97
62 84
24 89
1 54
60 71
9 24
32 47
38 60
33 49
39 94
31 56
9 21
39 48
13 46
34 43
2 59
81 95
49 97
10 40
19 33
20 67
29 49
38 77
33 75
0 66
77 89
67 70
1 73
32 53
54 64
10 46
42 61
8 77
72 87
27 43
12 46
1 72
45 95
73 87
54 72
40 65
7 39
2 43
40 67
57 83
2 93
3 46
22 89
57 61
48 60
35 54
49 70
58 99
34 93
23 97
31 52
7 13
56 78
14 40
55 96
67 82
41 66
31 45
10 99
23 75
39 71
16 44
67 97
34 37
65 67
5 42
23 67
58 65
27 95
5 64
0 59
46 99
2 37
2 27
91 95
2 53
0 32
22 66
17 31
14 67
25 44
13 58
55 80
27 93
9 83
42 50
34 66
27 37
26 79
50 64
15 32
62 74
13 63
18 25
65 99
17 91
62 79
21 42
42 57
23 70
19 97
25 68
27 81
6 56
0 27
13 65
0 53
10 58
13 67
7 12
0 36
3 7
2 66
20 49
60 89
48 94
10 67
42 55
11 76
13 20
19 70
3 88
59 81
14 75
8 66
28 68
28 54
12 88
29 98
4 62
0 43
23 40
62 88
31 69
24 64
36 66
21 64
46 82
36 47
11 30
8 41
24 57
2 32
3 92
3 79
0 93
24 41
42 96
26 88
18 28
12 92
12 13
14 97
52 84
12 79
62 92
13 75
26 84
49 63
43 81
3 13
68 85
18 85
17 81
27 66
19 20
36 53
86 97
48 73
35 87
24 38
68 90
40 86
6 91
8 38
18 90
36 83
24 50
23 63
49 75
1 35
7 60
24 83
13 39
24 60
0 37
10 13
2 47
5 24
67 86
9 61
82 99
33 67
37 81
71 94
0 47
14 70
21 24
33 39
75 86
2 15
44 96
64 87
57 80
20 23
25 51
29 90
40 75
31 62
34 95
14 82
41 60
1 64
2 36
26 92
59 95
8 27
58 92
66 89
54 94
19 98
19 63
32 66
8 45
16 25
47 76
8 95
58 88
81 93
34 81
7 46
5 80
22 60
35 68
46 67
20 39
9 54
28 87
0 15
29 85
33 73
7 58
70 86
26 62
1 28
13 70
72 98
72 94
4 99
92 99
1 39
58 82
65 75
78 91
75 82
3 4
9 89
12 99
13 82
71 73
52 56
18 35
14 63
4 12
8 34
17 56
3 74
39 63
50 80
39 87
3 99
3 26
42 83
15 36
64 80
72 73
12 74
59 66
19 75
13 33
61 80
8 26
31 78
26 74
58 79
12 26
68 98
6 17
29 33
53 93
52 74
54 57
68 72
30 47
16 51
23 82
42 64
9 42
15 76
63 65
38 71
45 91
4 58
26 38
64 83
18 98
74 99
17 69
45 52
14 20
38 66
52 79
13 48
21 80
0 77
3 71
7 94
6 31
12 71
88 99
3 84
24 77
83 89
7 73
13 71
12 65
18 72
40 46
15 30
12 84
54 73
40 63
4 26
17 78
58 74
10 75
34 77
22 26
60 77
61 64
45 81
3 65
8 89
4 52
43 53
45 56
32 83
63 82
32 76
23 49
23 33
37 53
63 86
29 97
43 95
25 28
22 24
36 77
36 41
1 48
52 88
28 44
20 65
34 53
48 87
17 27
3 48
12 48
26 60
27 91
28 98
40 70
82 86
49 98
35 64
13 97
14 65
46 92
31 95
8 17
38 48
19 73
52 92
69 91
20 86
27 77
10 14
46 63
10 12
53 59
13 40
39 60
35 44
54 80
10 63
20 73
33 94
46 88
53 76
20 40
40 97
9 80
24 71
39 70
79 99
40 99
58 67
45 62
64 72
15 93
32 34
3 10
72 90
7 63
27 45
46 75
21 36
7 20
29 70
26 52
20 82
24 48
49 67
19 90
37 95
26 45
36 61
36 89
13 99
39 75
3 60
9 87
41 83
35 96
59 91
43 66
0 8
34 36
0 41
65 70
64 94
21 89
44 68
23 65
50 89
73 98
70 82
71 89
1 9
22 34
12 60
5 54
20 46
28 90
18 44
2 77
1 71
57 89
93 95
63 73
25 35
17 52
53 66
45 69
24 61
35 98
71 87
58 84
22 27
8 59
46 79
72 85
15 37
30 53
35 80
5 89
10 20
4 46
10 23
0 22
47 93
36 76
24 54
44 80
15 43
36 50
60 94
40 58
9 41
28 85
50 54
19 85
31 91
55 61
66 93
1 98
43 91
14 33
87 98
49 86
7 33
57 96
19 39
82 97
49 73
84 99
64 89
48 89
35 94
46 74
6 81
6 45
28 96
20 29
2 81
64 96
56 91
14 49
37 91
19 23
56 62
28 64
54 96
30 32
34 41
13 73
7 65
5 36
52 69
34 47
26 77
32 77
2 8
10 70
70 73
65 97
43 47
37 66
39 97
47 66
66 95
24 87
5 96
6 95
37 47
45 78
33 86
12 39
1 24
9 60
15 34
19 67
32 59
20 94
8 60
24 66
44 51
33 98
3 39
15 59
22 36
58 71
66 83
7 75
2 95
7 67
94 98
58 63
21 54
39 67
35 73
32 41
19 94
65 86
27 53
34 91
80 83
39 46
35 90
7 38
39 49
46 71
32 93
24 36
9 38
91 93
47 59
17 34
28 94
10 86
26 41
16 96
77 83
32 61
17 59
28 80
29 63
49 90
57 87
61 96
67 99
50 96
24 94
12 82
46 70
0 95
31 84
59 77
32 43
42 54
44 55
46 48
13 23
27 41
26 71
1 57
48 58
58 75
22 45
8 81
34 45
13 94
2 41
63 94
26 58
3 82
28 73
22 95
21 32
60 73
33 48
35 85
0 81
7 26
64 73
78 81
78 95
20 48
41 71
27 32
2 22
21 41
10 97
17 62
7 70
20 58
5 55
29 75
36 59
61 76
13 14
9 94
77 95
21 96
48 63
41 50
73 75
27 36
32 37
56 95
73 97
69 95
49 85
39 54
33 65
26 31
39 58
15 66
7 10
18 51
22 71
0 89
50 55
36 57
46 84
55 57
12 67
9 36
1 7
39 72
60 64
48 54
32 89
5 41
45 59
21 55
48 64
33 40
51 68
29 73
41 57
7 87
19 86
3 67
26 89
25 72
1 60
8 43
32 50
7 88
20 71
60 87
9 48
13 60
49 94
1 33
30 36
33 46
9 77
13 49
41 48
65 92
7 79
45 77
14 19
63 71
38 83
31 81
3 62
22 59
33 71
70 94
9 71
36 93
33 82
10 92
45 84
35 57
11 61
3 38
44 72
61 89
36 43
9 96
9 35
33 87
24 42
76 83
26 48
64 71
17 26
12 62
12 63
46 97
54 98
12 38
72 80
25 96
8 31
54 68
9 72
25 85
7 92
5 32
22 83
36 38
17 43
65 88
60 66
72 96
3 63
69 81
47 83
22 32
14 46
27 47
13 19
8 36
54 71
66 81
22 48
13 88
4 10
1 19
0 83
15 27
10 88
31 79
5 87
13 92
4 65
25 90
10 33
1 90
12 20
73 90
19 87
87 90
7 99
18 54
1 5
23 29
8 24
9 22
39 65
24 73
36 37
41 64
52 78
58 70
45 66
23 46
7 97
24 39
26 46
7 24
8 93
71 77
3 20
7 82
58 60
54 61
68 87
50 87
34 89
19 72
45 79
13 86
1 68
0 38
21 77
75 94
54 83
7 89
57 72
41 59
43 77
60 79
8 37
8 91
13 79
1 50
39 98
38 64
44 54
12 75
10 74
31 74
17 22
52 95
35 42
26 95
65 74
16 18
48 75
34 38
17 37
62 69
16 68
80 87
9 73
50 77
94 97
38 57
48 70
57 60
18 87
21 66
65 79
97 98
3 75
6 52
16 55
24 32
39 64
1 18
2 89
8 62
38 50
1 80
12 40
70 98
21 38
1 85
31 88
56 81
27 38
33 90
85 87
67 73
60 88
57 94
53 83
20 98
10 79
17 93
73 85
55 64
38 39
29 72
24 80
46 60
41 95
3 40
29 94
43 45
5 38
5 77
75 99
41 61
71 79
38 79
5 35
28 57
33 58
9 66
9 28
11 47
21 76
21 87
38 45
54 60
11 42
53 77
77 93
48 72
4 31
50 66
8 52
48 77
71 88
8 32
8 79
27 89
42 44
32 57
48 67
71 75
17 66
17 77
89 94
90 94
60 83
1 21
57 77
29 39
40 49
4 13
31 92
26 66
63 99
45 88
29 86
41 45
1 20
50 60
70 71
58 62
4 7
30 61
55 83
38 94
0 76
9 32
10 39
7 74
54 89
2 91
11 55
47 61
35 50
37 77
5 60
25 98
33 72
58 97
1 49
13 74
33 85
16 28
5 66
20 87
83 96
65 71
29 68
48 65
87 89
67 71
2 83
8 84
29 67
1 89
7 22
62 99
22 43
18 29
16 80
60 92
63 98
21 60
49 87
62 95
9 55
21 22
38 88
15 83
26 99
7 84
47 77
54 90
82 92
46 86
14 58
71 92
28 42
7 41
2 76
50 76
7 19
36 42
11 32
22 50
37 45
87 96
45 74
12 70
13 26
22 79
9 39
39 89
1 29
7 40
11 15
27 31
14 99
2 38
12 33
77 81
3 22
48 79
32 38
38 95
14 29
85 94
16 35
41 53
20 99
12 94
56 84
1 63
5 72
1 96
29 87
24 72
7 49
45 92
48 57
3 94
48 88
61 66
12 73
45 93
17 84
3 70
2 17
0 24
8 88
39 82
71 72
48 97
35 39
23 58
3 33
4 82
3 73
12 22
68 96
5 76
11 83
5 22
63 87
49 72
67 94
0 45
57 66
19 48
22 57
82 88
8 71
57 71
46 73
21 35
22 81
49 82
0 17
30 83
3 52
25 54
60 84
49 65
42 76
65 84
2 45
0 91
54 85
35 55
41 43
41 47
64 77
18 96
22 93
42 87
1 13
10 84
21 47
36 64
25 80
54 55
5 94
50 72
38 84
12 52
23 39
61 77
5 28
4 45
11 21
1 42
13 87
24 26
13 84
11 36
42 72
57 73
38 92
24 35
48 92
74 82
50 94
28 39
7 54
1 70
22 37
22 88
52 91
10 71
19 40
75 98
46 94
0 21
10 48
1 38
38 87
26 27
0 30
48 49
68 73
70 87
22 64
53 61
38 73
28 29
73 89
71 97
22 84
23 99
44 64
83 87
62 78
2 30
15 77
28 50
53 81
41 93
3 89
42 89
19 28
59 89
70 99
1 83
39 40
17 79
90 97
8 92
22 53
7 64
11 53
22 62
58 73
79 82
3 8
12 89
6 27
11 50
18 73
60 74
7 77
38 59
66 91
68 94
71 84
47 50
8 53
21 72
28 55
19 71
7 9
17 41
10 49
8 48
15 61
8 83
8 12
0 61
5 48
5 11
46 62
32 42
19 68
70 90
6 62
12 97
38 58
21 94
3 41
48 50
4 60
36 60
0 50
37 41
17 38
71 74
19 65
5 71
50 71
34 83
58 94
19 35
4 71
18 19
18 94
38 61
26 56
53 89
71 99
14 39
21 53
26 39
12 41
22 31
13 38
3 97
46 49
35 48
7 23
38 62
19 82
47 89
38 54
1 97
5 47
58 86
44 87
61 87
85 97
20 90
29 35
39 90
8 74
22 92
89 95
41 94
33 54
21 28
26 34
15 41
22 47
1 61
20 60
1 44
21 30
87 97
35 61
45 89
1 75
49 71
28 51
65 73
57 76
21 48
56 74
19 54
38 74
68 80
0 5
21 71
60 63
86 99
56 79
2 24
3 77
48 99
66 76
7 72
77 79
8 56
31 34
48 82
33 60
75 87
39 41
70 85
17 88
13 29
22 61
53 95
27 78
20 72
24 96
22 52
71 83
97 99
71 82
24 28
39 99
12 77
44 85
7 14
24 34
18 80
44 90
36 95
23 73
48 84
41 81
48 83
41 54
44 57
4 38
6 59
19 46
5 73
4 8
52 58
15 21
7 8
50 53
25 87
41 79
31 59
66 71
64 66
41 87
32 95
52 99
48 74
39 57
1 41
8 9
8 47
80 94
4 48
48 98
26 65
0 9
1 25
38 46
40 92
20 85
17 74
3 24
45 60
4 56
52 81
25 55
2 21
10 19
60 72
63 90
28 48
50 73
64 68
39 85
12 24
35 71
84 95
60 62
15 81
67 92
11 80
22 91
30 50
32 81
39 88
39 86
56 88
77 91
64 98
22 39
82 84
27 69
22 74
17 92
60 61
83 94
44 98
32 64
67 88
62 91
33 99
39 79
4 40
27 56
5 53
28 33
65 94
63 72
12 14
77 88
31 77
60 65
2 61
30 42
0 60
33 35
18 64
40 88
35 83
69 84
70 72
6 43
56 92
5 30
43 89
28 49
12 23
11 57
80 89
0 57
47 81
77 84
62 77
10 26
41 42
15 22
35 51
79 89
3 14
39 92
4 17
15 50
41 88
5 44
51 85
22 94
2 50
79 95
36 81
38 52
16 72
3 23
48 66
8 69
10 73
47 57
49 68
4 22
34 60
15 89
8 15
55 76
63 85
24 27
27 83
21 73
6 37
6 8
16 42
59 78
24 47
26 81
61 72
28 61
38 43
55 72
6 34
29 54
49 58
18 49
40 74
7 62
35 49
3 45
41 73
4 67
27 60
75 90
76 93
67 79
36 80
89 93
28 71
72 97
8 21
40 48
41 84
73 82
14 73
5 15
60 99
71 98
60 75
44 50
9 76
2 5
12 45
49 54
51 90
24 53
34 76
72 83
31 38
7 86
27 52
88 89
67 98
1 12
0 26
1 3
8 78
40 71
60 67
9 44
26 91
7 98
8 50
59 83
40 79
42 94
9 47
32 60
52 77
26 59
6 93
77 94
73 80
77 92
47 95
13 24
12 87
39 77
20 54
3 87
67 74
38 53
5 39
15 95
23 98
7 29
23 94
17 89
51 96
26 69
29 48
60 70
94 96
1 67
30 66
13 98
31 43
31 66
38 81
22 58
10 60
19 58
37 89
30 93
43 78
7 57
39 50
62 81
41 62
13 89
38 93
41 92
67 87
43 76
29 40
40 73
25 64
10 94
88 95
37 76
75 85
5 8
60 95
44 61
72 89
63 92
24 55
63 88
21 44
2 9
34 78
53 57
59 69
46 52
26 94
1 22
62 71
21 34
16 54
22 87
73 86
61 94
38 47
8 57
37 78
23 48
35 60
27 62
11 96
76 80
42 47
37 38
59 76
28 83
3 31
54 63
72 75
84 89
25 42
2 60
54 77
12 49
77 87
13 72
1 77
9 53
13 54
52 60
75 92
30 37
31 41
89 92
21 39
22 73
12 31
30 57
4 39
73 83
12 86
82 94
22 54
20 88
33 68
2 57
20 92
31 37
62 65
75 88
30 43
55 87
63 79
3 49
56 59
1 46
39 74
58 89
10 62
42 77
69 79
7 35
2 26
74 77
34 50
13 62
12 19
24 59
69 74
78 93
64 90
34 69
41 76
30 34
38 42
42 66
13 22
3 86
1 55
46 87
18 33
53 91
23 71
41 91
74 95
43 83
92 95
24 76
34 56
35 89
83 93
3 19
29 71
31 93
15 24
8 58
81 89
48 61
76 77
61 71
15 57
42 60
17 60
39 84
33 64
76 89
39 68
26 73
41 52
14 48
73 96
9 26
54 70
36 45
26 82
9 34
34 61
32 80
14 94
22 46
41 74
8 64
20 79
30 55
43 69
51 72
41 80
29 82
5 7
78 84
4 63
4 77
5 34
9 11
41 58
7 50
30 59
29 65
40 84
75 79
48 62
1 58
13 41
18 39
7 66
40 94
20 35
86 98
42 73
67 84
4 69
73 77
60 97
20 28
36 71
64 85
34 52
58 87
28 60
62 89
39 83
69 88
7 28
66 79
36 54
60 82
4 95
46 89
6 26
26 78
26 36
8 61
62 66
4 75
14 71
4 41
63 74
96 98
48 90
37 83
9 15
6 84
37 69
15 38
14 98
19 60
55 68
44 94
36 55
7 21
9 98
38 72
24 79
42 68
27 76
24 58
0 64
57 68
32 45
0 11
59 60
69 92
4 20
17 36
60 80
25 94
74 89
18 55
42 53
0 31
24 33
58 77
48 80
2 31
13 64
52 66
51 98
7 83
9 68
23 90
25 73
16 85
21 27
43 56
36 48
86 94
34 62
25 29
74 75
22 56
26 43
7 52
8 39
26 67
54 97
45 71
38 91
22 42
80 98
19 64
18 42
24 95
3 66
61 73
26 63
34 57
17 53
64 76
42 48
18 57
35 63
28 70
16 90
69 93
15 42
20 74
89 96
24 45
28 63
90 96
17 32
38 99
66 84
24 46
31 60
73 99
35 70
3 9
4 89
9 18
10 29
12 66
3 17
54 75
70 92
44 73
24 88
41 46
9 30
9 12
70 88
49 60
52 59
2 11
20 26
28 89
84 91
67 90
29 46
45 53
71 80
20 38
48 86
25 57
27 84
66 88
42 71
15 91
0 42
48 85
32 91
85 96
27 50
38 63
27 79
16 64
23 85
88 94
12 17
38 80
79 94
8 46
9 27
49 99
38 65
9 13
37 56
13 77
24 43
21 59
26 83
28 97
20 24
20 64
45 58
33 38
52 71
1 65
73 88
33 88
3 64
94 99
57 98
71 90
39 80
36 91
30 80
32 55
12 64
35 97
63 84
73 79
47 91
36 96
52 89
31 89
33 92
26 64
2 6
65 87
70 79
5 27
41 72
67 72
9 33
76 96
24 63
54 66
7 45
1 26
62 82
8 94
56 93
78 79
71 86
31 58
47 64
27 30
11 64
26 93
7 90
92 94
24 93
44 83
27 61
26 87
13 90
51 80
8 13
67 85
46 77
26 37
22 76
80 90
3 54
12 54
35 38
1 23
56 77
24 98
81 84
50 59
59 62
63 64
26 75
24 92
45 48
30 41
77 80
73 92
30 77
33 79
60 98
5 68
74 78
59 61
23 87
6 79
86 90
9 25
26 32
0 71
16 98
16 57
3 95
20 84
22 69
66 94
4 70
75 84
66 92
79 91
51 55
36 87
40 60
16 87
27 88
80 85
24 84
19 99
1 36
14 92
10 38
5 25
6 22
24 37
20 68
52 65
12 95
5 18
30 89
10 52
1 16
2 64
49 64
0 6
71 85
6 66
66 87
24 30
34 79
5 59
1 66
11 66
13 52
26 40
27 57
39 61
68 70
92 97
89 91
26 57
68 97
31 99
13 35
6 74
50 68
34 71
19 25
55 89
9 59
35 41
70 74
88 97
26 33
56 66
21 43
83 95
34 84
18 20
48 52
78 88
39 66
14 90
85 86
33 89
28 75
35 75
79 81
39 42
2 78
7 85
13 85
21 93
11 24
4 78
17 47
48 68
18 97
53 64
32 54
18 70
32 71
14 88
66 80
27 71
26 50
15 17
5 16
43 60
24 44
29 64
2 42
21 26
45 47
22 78
53 60
20 89
25 50
18 50
38 67
1 10
4 14
38 75
29 58
23 92
9 90
6 88
61 93
4 33
0 48
5 26
6 77
13 28
48 96
78 92
43 61
18 48
43 52
9 20
63 89
10 87
66 74
64 70
22 80
47 60
38 56
69 77
17 24
71 95
15 45
60 81
19 24
4 6
54 67
22 99
51 54
14 85
66 78
79 97
26 70
63 68
47 80
16 61
43 50
27 92
66 69
23 88
88 91
36 94
8 73
1 8
16 50
8 87
33 74
32 48
28 38
5 98
32 96
50 93
9 19
21 68
38 70
34 64
39 96
21 37
0 78
45 46
1 14
1 82
55 94
24 70
6 92
41 96
57 59
18 63
38 76
14 74
12 72
24 74
2 69
34 88
46 98
9 63
3 72
34 48
60 96
45 99
39 62
4 94
3 56
60 93
8 99
14 79
77 78
74 94
14 87
82 87
4 97
46 54
27 74
74 91
21 25
65 98
9 85
84 94
4 66
4 23
71 96
40 98
24 75
17 71
37 61
18 21
81 88
4 73
2 56
57 90
8 76
50 98
15 64
5 43
24 68
12 56
30 64
7 61
0 52
73 74
27 48
4 24
16 21
31 46
8 54
68 71
5 93
12 29
41 56
2 71
7 36
70 84
3 57
37 60
0 62
64 75
24 62
66 73
47 55
91 92
22 72
11 89
0 56
26 54
9 16
37 52
74 97
23 72
0 69
33 57
73 84
46 72
12 57
37 50
3 29
54 58
23 79
43 62
1 40
28 41
72 77
1 86
42 98
13 57
31 71
18 24
25 61
23 60
3 27
9 43
23 74
24 81
30 96
2 52
29 60
18 71
52 93
22 30
7 31
38 82
4 27
40 87
86 87
59 84
64 97
9 58
82 98
4 91
48 95
22 65
57 85
59 79
33 84
46 64
12 27
86 92
45 83
58 64
24 49
11 41
74 81
17 58
65 89
9 93
9 46
34 92
25 49
81 92
5 37
40 62
38 96
68 75
29 44
2 62
21 98
24 67
81 83
41 55
15 60
61 68
62 67
27 64
89 99
52 82
7 80
86 88
14 60
7 17
53 80
24 90
18 75
2 48
0 79
1 79
24 65
3 34
3 83
20 41
10 98
33 41
43 57
8 42
7 95
26 97
32 87
12 98
38 69
9 49
24 97
1 88
75 89
9 70
55 73
58 72
17 48
0 80
79 87
3 50
1 32
12 83
41 63
35 77
20 22
9 95
34 74
58 98
3 98
22 63
38 97
4 86
58 66
41 99
87 88
26 53
3 5
11 34
57 93
70 89
12 34
18 61
12 50
7 42
36 39
37 62
9 37
11 77
5 12
60 91
9 79
4 81
22 35
11 93
15 80
25 39
34 42
36 73
62 93
35 67
19 57
41 69
19 38
6 41
10 22
7 68
0 84
3 21
51 87
7 27
21 95
67 89
28 67
35 36
39 44
31 48
22 33
59 71
60 90
7 34
77 99
1 51
12 21
59 88
0 7
14 84
41 65
84 97
5 90
6 38
9 45
1 92
13 45
19 44
20 57
5 13
9 75
74 86
42 90
24 85
77 96
10 89
7 18
13 50
4 34
65 72
9 88
79 86
87 92
24 52
64 67
37 57
1 99
89 98
50 95
0 54
15 55
26 61
14 72
9 29
5 33
8 30
36 72
11 43
25 33
0 88
8 65
13 66
41 78
53 55
2 79
11 37
38 78
87 99
19 89
31 36
17 83
50 90
58 95
54 76
32 94
56 60
56 58
33 50
42 85
23 84
38 49
54 65
0 3
56 99
72 86
30 38
26 47
57 63
42 51
11 59
5 85
10 24
24 25
24 31
62 63
59 64
11 54
13 21
24 29
5 95
2 84
60 85
24 99
68 83
9 97
0 12
76 81
3 36
49 88
55 98
46 66
65 77
60 86
39 52
55 66
48 59
49 92
66 96
59 92
40 90
12 35
38 98
17 99
56 89
17 46
22 67
3 35
3 69
38 40
12 36
64 79
10 41
44 48
55 77
7 32
28 77
16 94
20 77
43 84
50 85
9 92
55 60
13 83
29 99
63 77
18 83
47 96
23 54
8 10
22 96
89 97
38 55
22 28
2 80
31 32
20 62
25 83
29 51
22 75
12 69
60 68
43 79
57 95
39 45
33 77
21 33
65 90
60 76
59 74
19 88
41 75
21 90
76 95
62 75
16 83
21 45
19 80
11 44
0 92
49 79
46 90
13 68
19 92
64 88
41 67
2 88
49 57
49 89
61 98
36 79
61 95
9 67
13 31
83 98
14 26
28 36
55 90
0 87
10 72
66 72
18 60
0 1
23 26
51 64
9 84
41 70
5 19
48 55
31 53
16 73
40 85
45 50
7 96
33 80
0 94
30 81
15 26
27 42
62 94
24 91
2 7
13 18
1 84
72 82
19 96
19 79
22 70
82 90
5 20
3 81
11 22
47 54
3 59
57 58
55 85
12 28
84 87
23 28
3 28
35 46
29 57
26 72
1 74
22 82
57 70
10 77
1 4
82 89
11 27
19 50
21 85
4 59
25 48
44 71
20 50
10 54
46 57
40 72
74 87
44 89
53 71
12 81
8 80
19 26
35 66
12 59
4 87
2 3
64 65
5 45
42 59
65 85
0 55
29 96
84 86
55 71
79 83
21 81
23 35
26 49
47 71
24 82
0 74
44 49
40 52
6 53
9 17
67 68
43 71
37 84
36 62
3 91
4 49
45 65
45 57
2 54
84 93
46 85
2 12
29 80
31 65
5 63
64 92
62 73
32 35
71 81
43 88
32 39
43 64
79 93
46 95
37 79
52 67
36 88
10 31
18 67
33 44
8 63
0 39
28 46
12 91
54 79
50 63
2 92
22 55
10 90
69 89
32 73
36 84
82 85
8 20
9 81
49 74
57 79
9 65
33 83
54 82
50 81
46 56
10 45
64 93
57 75
23 68
35 58
7 59
20 21
6 89
33 96
36 52
11 38
60 69
54 88
30 95
9 74
14 54
48 53
39 55
53 54
0 4
19 21
47 48
53 96
64 95
83 88
4 19
67 77
18 23
27 58
68 89
83 91
75 77
32 72
12 90
34 54
58 90
19 41
45 64
41 82
4 9
50 58
71 93
5 58
42 93
3 90
25 71
17 21
62 70
8 72
15 96
42 43
2 74
44 60
34 94
19 74
50 79
57 88
5 81
64 84
0 96
58 83
21 63
34 39
57 97
41 98
3 61
3 32
78 89
43 48
16 24
95 99
3 78
13 17
18 89
53 78
41 97
8 33
61 81
5 49
10 85
11 35
21 79
12 61
43 92
37 64
5 46
46 50
5 79
34 80
70 77
49 80
28 58
33 62
45 94
8 67
54 86
89 90
12 32
40 54
37 71
32 79
21 58
8 82
9 62
3 6
17 50
54 92
31 47
30 54
12 78
10 64
27 39
20 25
61 90
22 97
36 92
88 93
37 88
23 38
48 81
26 86
51 73
6 32
2 87
45 61
11 16
51 94
1 2
49 50
34 58
0 73
2 55
43 74
58 69
34 87
5 70
2 94
28 66
6 12
32 62
29 38
1 34
6 36
15 31
33 42
35 65
7 56
56 71
14 28
83 84
51 57
46 83
5 29
50 88
25 70
2 4
20 83
6 60
37 42
21 46
49 84
27 94
49 96
52 63
58 85
12 85
15 54
69 99
83 92
15 71
26 42
25 97
50 70
28 86
5 17
19 22
16 29
24 40
6 15
32 52
14 35
39 95
29 89
41 49
83 90
57 81
19 51
20 80
5 88
21 88
76 87
3 85
9 10
77 82
13 95
28 32
8 75
64 74
48 93
40 89
61 85
60 78
14 38
28 65
19 42
1 76
30 60
57 92
71 91
26 35
29 50
13 61
35 86
63 83
17 57
19 84
85 89
27 54
4 64
57 67
13 80
47 87
3 43
35 76
98 99
66 99
31 39
6 47
4 43
32 84
38 90
22 40
17 39
20 52
1 47
53 69
8 11
7 81
2 39
68 86
25 63
8 35
32 88
5 75
52 94
21 49
37 48
36 44
92 93
33 61
37 92
12 43
64 82
23 24
18 86
36 56
52 75
32 78
57 84
15 48
54 99
23 64
36 74
19 83
50 75
27 46
36 78
83 85
21 70
62 83
27 87
13 36
63 80
1 27
45 73
22 49
62 97
14 68
11 28
53 56
14 62
50 92
37 74
7 44
5 51
9 99
74 93
44 76
54 84
8 70
11 87
14 18
38 68
41 44
31 82
0 58
5 92
2 96
21 92
36 69
53 87
72 79
31 83
5 97
32 56
34 73
22 98
50 84
48 56
21 29
1 11
64 99
72 88
9 51
15 78
1 53
13 42
77 97
17 61
1 62
19 77
76 91
21 84
36 58
7 43
4 36
72 99
52 73
10 35
32 69
45 82
71 76
62 87
7 25
5 84
25 60
20 96
38 85
13 27
50 97
9 52
27 80
34 46
9 82
18 38
94 95
11 60
54 74
21 75
52 53
40 41
38 44
74 83
3 93
17 64
50 51
48 91
4 54
23 62
70 80
35 82
20 44
17 65
26 28
26 80
3 42
47 78
29 42
16 19
62 64
25 89
32 92
4 37
48 76
12 42
10 28
3 37
47 94
45 76
4 93
13 34
65 66
14 24
12 93
53 62
27 73
9 31
57 65
77 98
2 73
1 45
72 92
20 66
28 82
45 87
24 56
20 42
35 40
11 72
7 91
33 66
3 80
4 83
8 96
63 66
40 64
58 81
17 76
57 74
12 37
23 89
19 61
12 80
7 53
38 86
28 40
10 17
46 69
70 83
21 91
28 76
52 83
49 51
26 98
54 59
25 75
9 91
