100 4208 807.9517312315136 dense
0 465 117
1 518 471
2 230 671
3 776 580
4 893 753
5 552 682
6 941 46
7 440 520
8 557 736
9 73 865
10 910 378
11 8 308
12 429 719
13 489 923
14 95 681
15 225 398
16 797 875
17 251 868
18 83 555
19 233 880
20 197 67
21 415 586
22 48 554
23 87 54
24 999 517
25 174 860
26 509 763
27 898 181
28 860 839
29 829 405
30 203 590
31 287 449
32 332 82
33 707 984
34 323 179
35 214 7
36 844 414
37 458 556
38 788 13
39 884 928
40 440 36
41 965 22
42 465 322
43 413 369
44 650 661
45 406 681
46 173 547
47 374 922
48 506 17
49 466 9
50 651 155
51 590 860
52 878 334
53 738 154
54 57 829
55 342 970
56 181 487
57 364 99
58 209 242
59 476 158
60 441 19
61 527 651
62 581 945
63 889 939
64 337 935
65 781 318
66 341 308
67 415 879
68 27 324
69 13 626
70 666 83
71 853 623
72 237 316
73 231 496
74 667 989
75 212 608
76 744 125
77 341 757
78 77 25
79 80 406
80 478 908
81 410 411
82 479 781
83 343 346
84 998 504
85 844 409
86 702 619
87 606 683
88 378 111
89 743 830
90 172 793
91 625 644
92 580 414
93 45 141
94 777 50
95 316 198
96 613 745
97 959 607
98 589 455
99 43 706
36 85
39 63
24 84
29 85
40 60
29 36
57 88
13 80
30 75
34 95
17 19
11 68
49 60
53 76
44 91
23 78
6 41
26 82
18 22
55 64
32 57
40 49
66 83
38 94
47 64
9 54
5 61
7 37
33 74
48 49
92 98
43 81
0 59
87 91
12 45
44 87
56 73
21 37
30 46
5 87
5 8
32 88
10 52
8 26
8 96
47 55
14 99
47 67
46 56
19 25
20 35
87 96
48 60
2 75
44 86
25 90
40 48
67 80
42 43
16 89
7 21
8 87
46 75
16 28
1 98
10 85
31 73
50 70
43 83
10 36
46 73
17 25
58 72
12 82
22 69
15 31
86 91
76 94
5 91
52 85
15 72
3 86
1 92
0 40
61 87
10 29
2 30
69 99
51 62
13 67
29 52
36 52
50 53
0 88
34 88
5 96
3 71
70 76
34 57
8 82
8 61
18 46
12 26
5 26
44 96
1 7
4 28
28 39
81 83
43 66
13 62
21 45
12 77
64 67
62 74
23 93
40 88
32 34
68 79
50 76
30 73
15 73
61 91
52 65
24 97
40 57
14 69
15 56
29 65
18 69
45 77
5 44
0 60
53 70
9 25
91 96
16 39
0 57
1 37
28 63
66 72
42 81
47 80
30 56
26 96
19 90
88 95
71 97
0 49
0 48
59 88
17 90
17 64
62 80
57 95
84 97
72 83
65 85
20 23
57 60
53 94
60 88
16 63
31 56
66 95
7 81
26 61
73 75
8 91
36 65
13 47
86 87
58 95
70 94
55 67
67 82
32 95
31 83
51 96
28 89
32 40
37 61
19 64
13 51
18 56
12 61
8 44
38 76
78 93
54 90
25 54
11 79
51 80
9 90
5 82
44 61
1 81
54 99
45 82
66 81
42 83
45 61
42 66
56 75
18 30
22 46
26 87
32 60
26 51
14 18
57 59
80 82
20 78
40 59
61 96
8 51
5 12
31 81
15 83
8 12
56 79
21 61
34 58
34 66
26 45
33 62
12 21
17 47
49 88
2 90
2 14
37 45
14 22
23 35
20 32
14 90
4 71
49 57
51 82
2 46
17 55
0 32
14 75
35 78
61 82
82 96
18 75
32 35
77 82
2 77
38 70
14 30
16 33
19 55
6 27
72 95
31 72
10 65
13 82
67 77
17 77
59 60
64 80
48 59
15 79
5 45
1 43
15 66
19 47
42 92
58 66
26 80
22 56
18 79
31 43
26 67
49 59
55 80
38 53
3 44
51 74
31 46
83 95
31 66
71 86
22 79
22 99
13 64
32 49
37 81
14 54
7 43
10 84
86 96
27 52
13 55
1 21
34 59
0 34
14 46
4 16
89 96
90 99
51 89
18 99
6 38
15 58
5 37
7 61
15 46
1 42
33 89
48 88
22 30
18 73
4 97
82 87
12 67
9 19
8 45
13 26
34 72
9 99
27 53
7 98
5 86
32 59
19 77
27 76
48 57
3 91
50 94
6 94
30 31
42 59
17 67
7 45
59 95
10 24
37 98
12 37
26 91
5 21
26 77
34 83
47 77
20 34
4 89
7 31
46 79
20 93
53 65
0 95
58 83
81 92
20 57
33 51
11 93
39 89
27 41
22 75
77 90
16 74
43 92
48 70
26 44
2 73
50 59
21 81
4 39
20 58
7 92
73 79
31 75
47 82
35 57
51 67
74 89
2 45
20 95
38 41
51 87
61 86
9 17
64 77
27 94
36 84
46 69
62 67
3 36
25 64
56 72
72 73
27 65
1 61
24 71
12 87
84 85
72 79
42 98
19 67
5 51
63 89
3 29
19 54
43 72
68 93
3 85
81 98
34 40
3 97
9 14
15 81
33 39
32 48
12 96
4 63
24 36
20 88
8 86
21 77
73 83
37 92
2 18
33 63
21 31
71 84
37 91
24 85
8 80
75 90
0 50
13 74
41 94
15 43
2 99
2 56
22 73
37 43
91 98
58 93
44 89
62 82
15 30
30 69
42 95
35 88
37 87
12 80
75 99
14 25
26 62
29 84
43 98
25 77
65 76
43 95
5 7
75 77
2 25
38 50
10 27
72 81
30 99
17 54
2 17
73 81
45 67
62 89
3 87
34 60
8 13
86 98
7 83
7 12
7 42
58 68
69 75
45 87
48 50
82 91
21 26
66 88
27 38
25 55
87 89
34 42
8 67
31 37
59 66
32 58
25 99
62 96
1 91
24 29
2 21
34 35
0 70
77 80
40 95
21 75
59 70
2 12
21 73
0 42
21 82
30 90
46 99
8 37
61 98
74 80
44 71
8 21
45 75
16 51
54 69
44 51
52 84
47 62
8 89
50 65
26 47
58 79
3 4
44 82
2 19
36 71
25 47
64 82
12 91
68 72
34 43
57 66
12 47
8 62
7 73
15 75
28 33
57 58
15 68
31 79
11 58
80 96
15 18
21 30
14 56
6 76
12 13
55 77
26 37
49 70
1 5
58 88
12 51
61 77
71 85
21 87
56 83
44 98
86 89
1 83
35 93
28 71
2 22
35 95
30 77
45 96
13 96
21 43
8 77
64 90
21 98
66 73
21 91
56 69
51 61
60 95
31 42
51 91
37 44
29 71
24 52
15 95
43 59
89 91
31 58
30 79
2 69
43 73
45 91
34 49
13 77
30 45
7 91
65 92
5 77
23 58
56 68
36 97
47 51
3 98
16 96
39 74
37 82
32 66
13 33
16 62
35 60
63 74
0 66
35 40
52 53
42 72
42 88
12 44
87 98
71 91
85 97
11 72
2 31
1 87
14 73
18 31
6 53
69 79
5 98
59 83
17 80
69 90
40 70
22 68
1 44
3 24
3 96
1 31
12 17
37 77
7 87
81 95
4 86
55 82
60 70
7 66
37 42
10 97
2 54
27 85
91 92
27 29
71 89
3 84
12 64
37 73
11 15
35 58
49 50
65 98
15 22
1 86
83 88
18 68
5 80
1 45
45 80
21 92
86 92
67 96
27 36
37 83
47 90
46 72
15 34
5 67
56 66
29 97
43 58
55 62
1 66
26 86
33 80
56 81
49 95
75 79
5 89
25 67
14 19
40 50
3 10
61 92
17 45
45 47
26 64
26 89
14 17
12 75
41 76
17 82
62 64
13 17
7 75
34 48
37 96
28 74
42 57
44 45
20 40
21 46
29 98
55 90
7 8
46 90
3 5
9 69
83 92
23 32
56 58
19 80
21 44
7 30
7 15
34 81
57 83
52 76
27 50
20 60
72 88
29 86
11 56
5 13
29 92
11 22
36 86
2 9
74 96
42 50
50 60
21 83
57 72
37 75
10 71
15 42
27 70
37 86
35 49
3 89
20 72
28 97
32 72
7 26
31 95
7 44
85 86
12 19
69 73
21 96
58 78
61 67
21 56
18 90
71 87
45 73
25 75
58 73
2 37
13 45
45 51
44 92
33 96
7 77
3 92
30 37
86 97
0 43
14 77
19 99
67 90
11 18
16 71
36 98
2 7
4 24
56 99
80 87
3 61
85 98
45 90
0 83
13 19
16 44
72 93
4 44
12 30
43 56
43 88
31 45
8 47
22 31
7 56
32 78
48 76
66 92
59 81
65 70
61 80
53 59
3 65
48 95
41 53
58 81
17 75
62 87
45 64
46 83
1 12
17 99
19 45
51 64
7 82
36 92
85 92
32 83
28 96
5 62
19 82
12 55
51 86
26 55
11 23
3 52
46 68
68 73
29 53
61 81
13 87
23 34
15 21
79 93
12 90
1 8
65 94
42 58
7 46
82 89
50 92
21 42
45 46
3 8
46 77
83 98
71 96
22 90
48 53
5 92
51 77
79 83
54 75
59 76
45 81
4 84
87 92
13 89
23 95
28 51
16 87
28 86
51 55
25 30
2 82
77 96
3 28
12 62
31 34
0 20
19 75
48 94
2 15
16 86
9 64
46 81
30 81
67 87
0 35
37 66
32 42
43 57
13 61
67 74
77 87
22 54
20 49
18 54
28 44
14 79
0 53
82 86
26 74
8 74
30 72
53 85
80 89
59 92
50 88
23 68
93 95
8 16
6 70
2 67
17 26
66 79
0 76
75 81
58 59
30 54
1 3
7 86
4 96
74 82
61 89
34 93
23 57
20 66
36 53
30 83
15 37
73 99
38 48
17 30
10 53
8 98
73 77
7 96
25 69
18 72
52 97
2 64
0 58
37 46
37 56
65 84
59 72
40 42
21 66
7 72
16 91
1 73
66 98
31 68
9 55
21 86
9 77
50 52
4 91
70 88
2 47
40 66
8 33
1 96
52 71
34 78
11 46
12 86
45 98
96 98
11 78
12 25
19 30
42 73
11 73
1 26
46 66
35 48
9 75
44 62
50 57
29 76
75 83
54 77
21 67
32 93
25 45
72 75
20 59
2 26
6 52
78 95
31 92
24 65
4 87
3 16
45 55
57 78
23 88
4 33
8 64
26 33
45 56
47 96
2 61
28 87
32 43
12 73
28 62
43 46
5 47
61 62
0 81
54 64
19 26
47 74
44 80
76 85
14 31
49 76
52 94
81 88
39 51
23 72
1 15
31 98
80 91
79 99
68 69
77 99
35 59
57 70
45 86
10 76
0 72
73 90
68 78
39 62
22 72
42 60
43 61
9 30
62 91
53 92
1 65
2 79
30 43
62 77
46 54
12 31
38 65
41 70
33 82
28 91
77 91
60 66
36 76
5 81
56 90
11 20
50 98
9 47
39 71
5 71
29 50
46 58
82 90
13 44
42 48
25 80
62 63
20 68
49 53
12 46
52 92
12 81
12 98
16 26
51 63
40 58
6 50
35 72
73 95
9 18
33 67
13 91
89 97
14 45
65 86
47 61
15 69
14 15
13 16
5 16
9 22
74 87
43 45
42 70
43 75
29 44
1 82
11 31
31 77
71 98
25 46
42 49
20 48
78 88
16 97
52 98
65 71
44 97
49 94
31 61
15 93
56 77
30 66
24 86
36 44
29 91
66 68
79 95
20 83
25 82
67 91
68 95
57 81
6 65
1 59
42 65
2 81
45 62
40 76
68 83
8 71
81 91
33 87
84 86
36 91
59 98
8 55
61 75
1 29
54 55
44 85
11 69
63 71
75 82
26 98
18 25
10 86
0 92
45 92
3 37
30 68
56 95
50 85
0 94
21 90
2 55
59 94
8 28
43 50
40 53
44 67
42 53
16 80
1 72
60 76
85 91
13 25
4 51
57 93
58 60
38 49
2 5
8 92
36 50
21 72
44 77
3 26
41 52
49 66
40 83
21 51
15 88
55 74
37 67
31 69
17 21
53 60
37 72
66 75
35 66
4 74
80 90
39 96
11 95
61 71
32 50
18 77
5 74
33 44
21 80
44 74
42 56
52 70
34 50
34 68
39 97
30 61
15 57
79 81
34 73
10 98
17 46
47 54
22 25
1 36
37 51
16 82
67 89
1 85
10 92
5 64
72 78
15 20
76 92
34 79
92 96
11 66
12 89
47 87
8 17
9 46
38 52
2 8
6 10
18 21
18 83
15 32
14 21
32 70
40 43
61 73
88 93
64 74
48 66
42 61
52 86
26 75
43 79
64 96
81 87
1 75
30 82
53 98
15 45
19 69
91 97
3 51
12 14
1 77
4 8
1 30
11 83
40 94
63 96
1 56
18 58
60 94
50 95
32 81
27 84
26 90
19 46
21 47
67 75
33 47
17 62
68 75
17 51
34 56
63 97
0 38
65 97
17 69
5 33
12 56
1 95
66 93
12 92
11 34
45 83
41 50
92 95
3 7
60 83
42 76
61 64
10 50
70 92
9 67
5 43
4 36
13 90
1 50
11 30
2 80
71 92
38 59
82 98
2 83
59 65
13 21
7 95
50 66
5 28
19 21
40 72
44 81
18 45
49 58
31 59
38 60
43 91
15 59
4 85
74 91
62 86
5 75
30 58
34 92
4 5
41 65
38 40
25 26
33 91
31 88
64 75
12 43
1 2
24 28
16 61
14 64
24 27
22 58
17 61
43 60
1 34
26 30
50 81
23 79
55 96
37 80
77 81
5 31
2 43
69 77
1 46
47 75
23 40
5 17
4 29
10 94
19 62
51 71
31 99
8 19
39 44
2 72
17 18
15 92
23 60
26 92
34 70
61 83
29 87
5 55
22 77
8 81
72 92
18 66
18 81
19 51
21 64
15 99
0 1
18 19
31 57
30 67
73 92
81 86
39 86
20 79
3 82
7 18
49 83
29 94
26 28
36 87
23 66
42 91
7 67
12 74
0 98
10 41
60 72
73 98
7 34
29 70
5 30
22 83
3 21
87 97
2 13
65 91
7 58
54 67
83 93
28 84
50 83
53 88
31 90
35 83
11 75
85 87
40 78
14 68
54 56
7 59
42 45
45 99
43 49
60 78
43 48
88 92
3 39
76 98
11 35
21 25
33 86
85 94
33 55
80 86
26 81
61 74
58 75
76 88
4 62
44 63
44 65
48 83
1 71
8 75
35 68
13 37
21 22
70 95
25 73
15 98
45 89
43 87
64 87
42 46
14 47
55 61
46 61
0 15
31 32
20 42
30 64
36 94
5 42
39 87
63 86
15 23
5 73
13 86
20 43
26 71
70 85
37 90
43 65
7 51
74 86
56 93
96 97
17 73
48 58
19 61
64 99
25 56
33 64
29 42
30 47
3 12
17 22
17 37
0 65
47 91
30 42
19 22
95 98
18 37
4 10
5 19
37 47
54 73
6 85
36 70
6 29
43 44
2 87
40 81
14 67
3 63
81 82
0 31
46 95
15 77
24 44
7 79
73 82
53 57
72 98
33 61
45 66
18 43
45 54
8 39
2 66
22 45
44 47
70 98
4 61
42 86
14 55
21 79
47 89
12 15
13 28
9 45
6 36
82 92
7 14
57 76
78 79
63 87
23 49
44 84
43 70
42 75
57 92
16 67
43 86
17 96
68 99
61 90
28 61
69 72
65 81
7 90
22 66
12 83
10 70
12 18
56 61
8 30
49 72
11 14
0 23
34 98
31 82
3 45
14 37
19 73
12 33
4 26
10 44
39 91
26 31
1 58
55 75
9 12
10 38
37 95
1 52
46 82
28 82
26 73
1 53
42 44
12 99
1 88
77 86
66 78
67 86
17 56
42 87
12 54
28 80
23 83
43 68
42 85
8 63
8 90
22 81
49 78
32 68
33 71
29 61
43 53
10 91
7 80
55 87
36 42
2 96
61 66
31 91
77 98
81 96
21 99
21 55
15 35
14 72
31 93
5 29
20 31
68 81
9 56
60 81
7 22
15 61
8 31
42 79
29 38
27 92
8 43
19 37
43 77
24 91
13 39
11 32
47 99
66 70
37 89
21 62
1 51
31 87
5 83
36 61
5 90
63 91
2 91
7 17
7 65
5 36
19 56
14 82
45 69
34 46
79 90
37 64
37 59
84 91
15 90
12 42
44 52
0 78
61 85
55 99
26 46
11 99
12 16
5 85
38 85
97 98
74 77
52 91
17 87
13 63
21 95
34 37
29 37
37 71
37 58
73 93
75 80
21 58
75 87
37 65
15 78
9 73
2 68
48 72
45 72
5 46
8 25
1 57
23 59
35 42
29 96
1 10
40 92
3 81
19 96
88 98
88 94
36 96
45 74
0 7
48 92
21 69
3 42
24 89
20 81
30 55
65 87
8 73
36 38
51 98
57 68
89 98
41 85
26 43
48 81
56 92
7 29
49 81
7 13
71 82
29 41
39 80
2 51
37 79
75 98
9 80
7 47
48 65
85 96
30 95
37 62
77 89
40 93
21 89
30 98
58 92
22 43
56 98
64 91
11 43
26 39
3 33
22 37
25 61
36 41
67 99
83 91
32 79
71 74
68 88
46 67
77 83
16 24
43 76
36 37
84 98
73 88
63 80
32 53
11 57
27 98
22 93
37 85
35 43
42 52
5 39
1 76
30 87
7 88
3 62
5 97
84 89
92 94
42 94
32 76
60 93
32 92
75 91
9 82
24 98
14 81
4 82
11 81
12 22
1 70
7 19
18 93
34 53
25 62
57 94
44 64
25 51
75 92
25 37
30 92
70 81
70 83
53 81
14 83
78 83
3 27
43 82
21 34
59 73
29 43
7 36
5 25
77 92
57 79
56 82
57 73
60 92
26 63
61 65
7 85
2 98
73 87
29 81
5 56
11 88
4 52
79 88
64 89
13 75
3 43
9 13
2 44
20 56
12 66
31 44
30 80
17 31
59 78
23 48
0 93
49 92
2 42
1 67
73 91
35 79
15 40
57 98
46 64
62 71
38 88
7 50
19 87
16 84
14 26
8 97
27 59
75 95
3 74
51 90
54 79
1 89
75 96
5 63
8 42
53 95
34 76
56 88
54 82
55 89
67 73
27 48
28 36
92 97
30 91
46 47
2 11
16 47
7 71
46 93
4 98
53 66
43 96
46 98
32 73
25 31
12 69
18 95
45 79
24 87
24 39
33 45
83 87
84 92
7 64
3 53
7 57
8 46
36 89
30 34
46 92
54 80
8 29
26 56
56 57
48 78
5 66
2 58
37 55
5 65
28 85
20 73
27 97
10 87
33 77
29 59
39 82
84 87
58 69
1 32
59 93
8 36
24 92
7 25
55 91
32 56
21 59
38 57
21 54
69 83
43 85
43 93
85 89
14 61
5 15
17 74
36 43
7 89
29 89
81 85
36 81
76 95
2 92
61 97
19 31
12 71
8 85
28 29
72 99
58 98
17 91
6 48
53 84
24 63
15 60
44 55
62 90
16 45
77 79
0 27
42 68
4 13
30 96
7 99
1 80
52 59
65 83
13 30
0 37
39 84
53 83
63 82
21 71
76 81
44 83
66 91
7 69
65 66
31 96
31 40
44 75
49 93
49 65
37 99
9 21
56 59
1 40
13 54
82 99
52 87
40 65
66 76
23 31
1 79
3 50
4 80
1 18
23 56
61 72
34 75
3 80
26 42
90 96
31 54
50 72
27 71
40 98
8 83
37 50
14 80
2 62
0 73
59 85
14 43
22 95
48 98
18 34
51 92
32 94
12 72
94 98
47 86
28 67
89 92
14 66
38 42
24 53
3 13
12 28
51 97
18 42
19 74
87 90
64 69
9 26
7 62
31 35
42 96
36 59
24 96
63 84
31 86
10 42
31 67
26 83
66 77
35 81
4 65
47 73
17 44
81 90
44 73
37 69
50 58
45 71
8 56
83 86
7 32
69 81
64 73
38 92
21 29
39 61
37 88
42 77
30 44
60 65
1 13
32 98
65 88
72 77
23 43
33 97
14 58
21 65
25 96
46 87
81 93
1 48
84 96
18 61
51 75
27 42
46 55
82 83
18 82
73 96
3 76
76 84
56 67
31 60
26 54
66 69
5 14
18 64
7 68
11 42
42 93
19 91
15 49
76 83
67 98
35 70
1 60
65 96
41 48
9 79
66 87
42 82
15 82
60 98
7 55
32 38
35 50
4 92
1 97
6 84
21 36
46 91
13 14
20 50
15 26
15 54
61 63
49 98
23 42
16 36
25 79
10 28
16 64
18 67
21 85
0 29
15 25
16 55
23 73
1 49
27 49
22 34
4 12
8 14
16 37
43 52
53 86
80 98
0 56
0 52
37 57
50 86
47 69
25 87
59 79
24 76
9 31
31 50
56 87
67 81
21 68
16 85
18 47
83 99
16 98
3 67
12 79
44 66
1 4
20 70
26 99
15 91
3 77
5 10
28 98
10 61
17 33
15 17
81 99
56 91
19 44
57 65
71 80
16 77
16 29
39 67
0 21
13 71
30 51
34 94
7 53
10 96
1 14
46 80
1 90
52 61
31 78
15 48
1 47
56 78
8 15
18 26
8 65
52 81
56 64
6 24
2 86
67 69
31 49
37 52
21 74
43 69
15 87
7 52
47 56
30 93
55 69
26 97
6 49
21 88
5 24
66 86
5 52
90 91
22 42
1 22
48 93
4 37
63 67
1 27
1 62
22 64
6 59
1 17
0 85
13 98
83 90
34 65
59 68
16 21
8 66
80 99
27 86
26 29
5 84
65 95
73 80
27 40
20 46
28 45
2 95
37 74
74 97
43 78
31 47
35 56
1 84
45 58
7 11
0 6
0 79
72 90
23 81
0 36
83 96
46 88
10 89
15 19
46 96
64 86
5 72
53 71
41 84
1 24
51 81
26 36
58 70
17 81
7 40
43 94
94 95
31 48
0 68
38 98
27 60
26 66
37 54
19 33
10 37
5 18
69 93
10 59
73 86
55 73
46 57
61 99
22 82
26 85
43 90
70 72
31 64
42 78
22 61
48 52
52 96
18 55
35 73
37 68
29 83
21 57
50 91
37 53
62 98
75 86
22 67
44 46
15 50
32 37
24 61
68 90
1 16
7 10
42 71
69 82
9 15
71 81
13 46
45 95
21 50
32 46
11 59
28 37
22 47
7 70
7 54
50 84
3 83
4 45
17 79
66 82
58 99
11 21
28 47
46 59
8 24
61 84
67 92
17 89
21 33
9 37
34 38
1 94
4 67
33 37
0 11
73 78
59 61
76 86
44 90
75 93
13 99
24 41
10 43
31 80
66 99
29 66
1 64
19 79
8 84
7 76
1 19
13 73
41 49
62 75
61 95
15 44
30 86
25 91
79 92
44 56
23 46
43 99
12 39
2 34
6 60
8 9
7 60
18 23
10 81
6 40
18 20
19 81
22 23
80 81
9 61
24 50
1 28
54 61
8 10
55 86
53 91
56 96
7 16
40 68
37 97
7 9
53 97
80 92
29 48
84 94
83 85
29 45
40 73
28 52
36 83
54 68
44 50
22 26
3 31
4 21
66 94
38 95
62 97
32 65
25 81
7 48
67 71
8 18
41 59
43 71
72 91
59 91
12 29
8 54
34 45
0 41
28 92
3 70
55 56
20 22
22 55
4 7
16 92
5 99
25 74
10 16
50 71
61 79
71 76
78 81
12 63
30 88
43 67
39 47
11 40
82 97
31 51
21 32
14 87
30 59
31 65
51 73
50 61
79 98
7 49
21 28
11 90
47 81
19 89
1 68
5 9
36 45
3 66
66 85
36 51
65 89
59 86
66 90
29 82
11 37
29 51
52 89
36 66
7 20
47 98
34 61
60 68
9 62
8 52
26 69
44 53
61 69
66 96
81 94
8 99
12 36
17 86
56 80
13 31
47 63
6 92
14 42
36 39
45 85
18 98
0 10
25 44
1 20
40 79
5 54
18 92
37 70
30 57
20 92
9 51
38 43
13 92
24 94
15 67
37 76
48 85
36 82
51 85
3 59
12 85
13 81
58 61
30 62
1 25
0 46
5 22
40 56
27 43
37 40
72 87
15 96
39 85
11 60
45 68
7 74
82 85
60 73
36 48
46 51
26 65
59 75
45 65
43 51
14 96
20 30
26 72
11 54
31 55
75 88
41 60
30 32
72 82
69 95
17 43
27 88
49 52
40 41
12 58
83 94
28 77
15 86
29 39
7 97
14 51
53 72
31 70
36 63
28 65
21 52
7 28
45 59
76 97
3 47
8 72
1 69
64 81
1 55
60 79
71 77
5 59
18 80
40 52
22 78
50 87
1 99
3 94
18 78
17 83
46 78
62 92
14 95
57 75
14 91
58 77
1 38
28 64
63 85
44 59
74 90
76 91
18 88
12 95
12 65
17 98
24 51
13 56
46 86
51 54
38 84
28 55
18 32
68 77
52 83
81 89
7 33
56 60
1 11
38 66
18 57
70 84
29 40
5 50
53 58
54 62
19 86
90 98
10 21
2 89
29 49
70 86
37 60
29 63
56 86
27 91
0 61
52 66
67 83
39 45
44 72
29 88
18 87
5 95
52 60
31 53
1 74
21 53
27 81
32 75
6 98
74 98
53 61
27 57
27 44
49 68
2 74
8 22
0 30
49 73
59 87
50 73
25 83
37 48
20 75
51 84
35 46
12 97
19 43
72 76
10 48
5 69
15 70
33 98
64 98
14 93
24 37
37 84
91 95
43 80
9 68
35 76
14 98
39 55
54 72
29 31
69 80
34 69
65 72
44 76
35 53
21 97
42 69
15 47
19 83
53 87
11 45
4 47
16 17
25 43
24 38
1 33
5 79
11 49
50 97
16 52
24 70
39 64
37 49
54 81
25 33
29 60
35 92
7 93
52 88
79 82
45 63
25 72
58 76
55 63
20 53
13 18
47 92
24 26
23 30
15 64
38 81
18 91
41 92
40 85
22 98
20 76
22 92
6 42
12 34
49 85
21 40
10 39
0 91
24 33
22 32
14 34
3 73
20 98
63 64
4 77
17 72
58 90
48 73
42 51
0 75
22 88
5 34
65 82
14 62
85 88
9 96
29 95
36 40
26 84
2 3
51 56
14 92
49 79
22 57
36 49
29 34
20 37
43 47
19 98
34 91
42 90
1 35
72 86
8 69
0 86
14 44
25 68
38 83
36 88
10 26
49 56
29 57
90 92
22 80
16 65
39 98
0 3
86 90
5 58
45 97
31 36
26 79
7 84
31 85
18 59
3 6
7 24
11 77
13 43
42 67
77 95
5 53
61 88
31 76
68 92
7 35
17 92
62 81
9 11
60 85
13 69
6 97
33 84
54 83
2 93
10 63
15 65
21 70
54 96
70 91
20 21
12 59
18 96
55 81
42 84
9 87
18 35
87 99
12 68
19 72
16 19
36 60
3 64
35 94
47 71
3 75
93 99
87 95
52 57
9 81
37 39
26 52
13 97
21 76
6 88
43 89
0 45
3 38
17 66
80 97
21 60
10 83
23 75
15 53
33 90
54 87
51 99
24 42
85 95
2 59
48 68
61 76
39 77
62 73
15 80
63 98
34 85
25 89
7 27
46 62
51 83
42 97
72 96
36 95
2 33
42 99
45 88
44 95
43 64
55 98
86 95
27 66
96 99
57 85
48 56
70 71
34 36
22 35
0 5
4 27
89 90
22 87
23 50
9 72
3 30
10 66
41 98
86 94
35 38
36 57
27 32
0 44
51 65
76 87
64 92
27 34
13 22
50 56
75 89
57 61
66 67
21 48
34 52
11 25
40 46
37 63
31 62
25 66
95 99
1 93
23 69
11 48
18 44
47 83
48 79
58 65
68 98
24 74
10 49
63 77
80 83
34 87
71 94
65 73
27 37
44 70
52 95
34 77
7 94
58 91
10 51
21 93
30 78
27 83
42 89
2 88
21 49
6 57
67 79
23 70
25 98
8 79
20 94
45 50
3 15
71 83
25 86
21 39
34 86
27 87
19 92
0 18
10 40
74 92
43 54
11 92
19 66
27 95
34 44
81 97
41 42
22 59
30 35
24 82
0 87
3 55
45 57
8 59
6 71
1 54
15 55
22 91
33 92
35 98
7 23
61 70
4 64
9 83
41 97
91 99
37 93
1 39
45 52
94 97
42 80
33 36
15 76
17 42
74 84
88 91
2 57
13 15
21 24
10 45
64 79
82 84
17 68
11 12
20 69
50 78
8 50
62 99
21 84
15 51
64 83
3 41
5 76
8 95
10 12
10 82
67 72
10 60
30 89
21 63
33 85
50 96
12 52
18 51
29 33
4 81
70 78
46 60
31 71
4 55
36 62
29 32
19 68
58 87
54 66
74 75
20 38
41 88
47 79
39 52
31 89
29 62
1 9
79 87
9 91
79 91
13 83
10 88
81 84
43 97
69 87
22 96
34 99
5 88
62 85
26 95
39 92
1 63
54 91
61 68
2 32
3 95
37 94
24 62
75 78
24 81
59 71
29 72
27 61
3 17
52 82
11 98
58 94
1 6
51 52
1 23
70 73
43 62
3 72
70 97
43 84
92 93
35 37
69 98
98 99
35 75
66 71
26 58
9 43
32 52
13 42
32 61
36 74
29 77
0 2
72 94
31 52
3 56
86 88
30 40
2 16
59 96
58 82
7 39
64 71
70 87
0 12
25 92
32 45
3 46
0 22
15 29
53 96
8 34
16 81
8 58
57 91
19 42
69 78
24 43
12 24
55 92
29 73
2 20
3 34
52 63
43 55
69 92
82 95
51 66
26 59
41 57
29 74
12 50
50 93
54 58
74 85
9 74
42 47
62 84
4 42
32 85
56 62
67 97
12 84
44 58
44 99
36 77
5 27
63 92
8 53
17 28
5 70
6 32
12 88
14 86
32 36
11 17
23 92
92 99
73 89
41 71
22 44
53 73
77 85
25 42
69 96
30 74
9 44
38 86
90 95
69 91
5 57
46 49
21 35
26 34
91 94
10 57
29 80
38 71
44 88
7 78
59 77
72 85
7 63
11 19
4 43
36 80
36 72
47 66
7 38
3 88
24 45
66 80
40 75
87 88
44 54
55 71
45 84
9 66
38 97
46 50
36 73
30 60
39 65
4 53
80 85
6 43
25 58
15 85
73 85
15 36
13 29
10 34
57 86
3 19
13 36
58 86
10 95
6 86
28 81
40 61
47 72
65 77
33 75
55 79
34 82
11 61
18 86
14 20
22 51
95 96
38 58
51 69
45 53
59 82
16 25
56 65
12 57
70 93
50 79
55 83
44 94
23 37
26 50
3 48
44 79
30 50
13 85
2 71
21 23
0 8
46 48
42 64
59 84
64 66
64 72
10 31
14 23
1 78
17 58
83 89
93 98
19 28
38 72
29 67
18 40
63 65
21 27
16 90
44 57
32 69
54 74
50 75
56 70
69 88
79 96
31 94
27 96
60 75
6 34
57 87
34 90
18 62
13 66
74 81
36 67
73 76
48 86
57 69
3 57
2 23
1 41
76 96
42 62
32 91
48 61
24 59
71 73
16 43
37 38
5 68
40 91
20 65
17 39
32 41
78 92
77 97
34 96
67 85
14 88
46 89
0 71
9 58
30 49
60 61
44 69
48 91
19 58
65 75
30 65
8 76
5 32
10 33
40 86
72 80
3 40
30 33
3 90
79 80
29 58
14 57
71 75
52 72
17 63
23 98
68 82
16 75
6 95
12 53
14 32
12 32
6 81
62 83
18 60
49 61
16 42
9 33
4 50
58 96
0 96
33 81
4 76
40 45
50 68
35 65
21 94
77 88
14 59
0 26
30 48
51 72
20 45
28 43
53 56
50 82
10 32
29 75
45 93
22 40
14 74
46 65
3 49
17 71
8 88
54 98
28 42
49 75
26 53
45 76
42 54
35 69
30 71
61 94
8 27
24 80
62 69
60 91
38 91
13 24
0 77
26 68
41 43
2 28
45 70
32 86
4 17
41 86
15 94
15 62
29 30
19 39
29 56
3 60
23 99
37 78
49 86
60 86
2 65
49 91
6 66
21 78
2 29
10 62
5 40
87 94
15 52
14 78
58 85
22 86
13 72
20 99
79 86
10 74
36 58
62 65
73 74
59 69
57 77
56 89
80 84
23 53
19 63
0 84
16 30
66 89
9 98
27 28
13 79
13 84
40 44
59 97
42 55
44 48
48 75
3 58
5 11
31 74
32 87
32 44
23 76
34 41
11 50
22 62
36 75
55 66
8 70
55 72
38 44
75 85
46 74
45 60
65 80
22 60
2 78
3 25
70 96
0 82
31 38
2 35
90 93
47 97
16 31
86 99
30 36
14 89
26 88
8 57
2 36
2 50
30 85
5 48
18 49
52 73
36 56
15 71
3 32
27 31
0 24
27 89
11 82
2 85
56 85
54 92
40 87
2 4
33 54
78 98
2 40
83 97
6 83
70 79
56 76
58 67
9 42
65 67
43 74
33 65
20 61
5 94
9 89
19 71
29 46
8 68
45 48
13 65
4 19
33 52
5 60
12 76
41 95
17 95
48 87
53 78
83 84
76 78
15 89
0 14
27 72
45 49
32 77
44 60
52 58
9 86
10 72
53 89
88 96
6 91
11 26
46 70
25 95
50 77
67 68
44 49
82 88
41 81
24 83
4 31
68 91
54 86
53 82
5 49
9 92
12 70
52 62
26 57
26 76
31 33
6 44
65 74
62 66
0 69
16 73
50 89
68 87
33 43
33 73
78 99
15 38
54 95
51 79
88 99
14 33
68 70
12 40
77 93
52 77
10 77
21 38
10 80
36 46
60 87
4 83
46 71
18 48
14 35
71 95
46 85
64 68
74 99
10 15
2 60
66 84
56 71
54 89
25 28
41 66
66 97
30 70
57 99
22 49
19 95
24 67
32 99
28 75
54 93
52 74
67 95
46 53
71 72
49 87
3 14
10 13
29 47
69 86
10 73
38 61
28 90
6 7
23 94
33 46
30 53
31 97
24 66
47 68
34 71
8 32
57 82
27 58
12 20
36 47
48 84
57 96
17 34
53 93
28 31
67 84
3 18
12 93
70 75
38 87
18 50
53 75
11 70
47 85
28 53
0 97
8 11
4 75
42 74
16 83
25 34
26 70
48 71
71 88
59 99
56 74
76 93
52 80
47 58
26 27
12 60
24 77
78 94
35 45
11 67
16 27
41 83
39 81
27 45
61 93
71 90
24 48
23 38
34 54
6 37
11 91
28 30
2 39
2 49
64 97
23 45
26 32
59 90
77 84
10 67
53 79
58 64
33 42
20 77
16 46
76 89
73 94
27 35
22 48
11 87
13 52
34 67
12 48
65 79
19 34
15 27
4 70
76 82
50 51
11 64
44 68
4 6
41 91
4 30
4 66
5 38
8 40
2 48
9 95
46 76
5 20
4 73
20 27
89 99
12 49
38 78
51 59
2 63
41 44
88 90
4 94
63 81
31 84
25 39
30 76
52 56
12 27
10 58
94 96
32 82
28 83
11 47
18 89
52 67
28 50
24 31
55 97
35 61
28 73
51 95
20 29
57 71
62 72
3 79
40 71
58 80
20 91
75 76
55 68
25 71
25 63
35 99
6 87
33 99
74 83
57 90
32 96
52 75
8 94
8 48
76 79
72 89
51 53
68 96
30 52
53 77
4 90
70 82
22 50
59 89
29 64
28 76
16 53
59 67
7 41
33 56
9 16
9 93
0 99
39 90
2 53
49 71
51 58
47 95
8 60
20 90
4 59
49 84
4 25
36 64
18 74
16 66
40 77
16 56
6 35
80 95
40 84
40 69
14 16
47 65
3 22
32 90
40 96
9 34
26 40
2 52
25 93
64 85
39 43
53 68
60 71
14 40
34 51
20 52
63 90
2 97
27 82
20 85
45 94
2 70
29 35
11 44
8 49
6 61
45 78
84 88
20 36
33 83
4 41
16 50
10 75
48 96
62 79
24 49
13 58
37 41
73 97
46 52
68 86
39 42
0 90
10 56
18 65
38 73
64 95
24 40
93 94
27 73
68 80
15 74
10 30
60 84
56 94
20 87
55 58
35 52
2 10
17 29
16 54
5 93
11 55
23 61
24 88
28 66
23 65
43 63
60 69
3 99
12 35
48 97
23 90
68 76
6 20
39 75
60 77
24 47
34 47
15 16
17 59
34 80
13 95
5 6
27 51
29 55
26 48
40 82
11 53
60 96
11 96
28 46
17 36
14 60
75 97
20 44
26 60
27 39
35 85
4 38
23 77
84 95
12 23
22 89
24 60
69 74
20 86
58 71
70 77
42 63
4 46
29 79
36 55
34 84
76 77
2 76
17 85
59 80
35 36
18 70
49 96
70 89
51 76
47 84
32 71
35 41
16 76
41 87
57 84
38 96
55 85
0 51
63 75
24 95
6 21
38 93
6 72
65 68
12 94
17 97
5 35
66 74
26 49
17 93
24 34
10 46
34 64
30 97
13 68
4 15
22 74
65 93
18 33
6 58
69 89
27 63
35 91
48 77
49 77
11 76
3 9
15 33
8 38
8 20
4 56
64 65
14 71
24 57
30 39
11 86
35 77
3 54
18 29
50 67
26 94
19 59
95 97
19 29
11 80
13 34
65 78
19 93
89 95
20 26
60 82
29 90
15 97
0 67
10 47
17 65
88 97
79 85
36 79
25 59
3 69
48 82
28 56
13 59
0 89
14 50
31 39
49 69
41 61
0 4
34 97
73 84
17 88
14 49
20 82
91 93
18 53
6 31
24 73
19 36
33 66
67 88
20 41
38 45
30 63
22 65
38 56
47 59
61 78
19 85
36 90
40 97
49 82
6 96
65 90
55 95
50 80
16 99
18 71
11 65
15 28
82 93
3 20
78 90
18 36
85 90
47 52
34 89
20 54
18 85
49 97
23 54
19 97
26 93
14 65
31 63
25 88
22 70
17 57
51 68
10 20
77 78
12 78
51 88
72 97
5 41
40 99
27 56
87 93
15 84
28 70
51 70
89 94
11 13
0 17
33 69
14 48
14 28
5 23
35 87
57 67
28 59
46 94
57 97
16 18
19 88
79 94
35 86
24 64
39 73
15 24
48 69
60 97
72 84
14 29
2 24
25 57
13 50
19 65
8 93
41 72
16 59
2 84
35 44
55 65
54 88
22 33
79 89
35 90
56 97
41 58
9 28
39 53
21 41
24 72
30 94
4 72
46 97
32 84
18 76
10 35
64 84
59 64
82 94
6 8
17 32
54 59
0 80
34 55
16 72
3 68
19 57
54 57
12 38
24 75
62 95
75 84
50 69
50 62
63 73
20 25
28 94
53 67
51 57
25 32
60 99
59 62
75 94
58 89
39 83
22 29
14 36
58 62
20 96
32 54
24 32
14 85
6 28
0 19
25 29
22 53
53 80
44 93
50 90
6 15
0 25
24 55
23 91
68 94
72 74
10 64
24 30
53 63
30 84
26 38
4 95
4 14
52 79
31 41
27 77
32 67
11 51
3 35
16 70
17 20
71 79
40 90
28 54
80 88
19 32
41 96
54 78
55 84
25 36
8 35
29 68
63 83
88 89
0 13
27 30
53 62
39 46
39 50
9 20
25 85
22 71
