100 2706 554.9234181398367 dense
0 566 836
1 569 986
2 818 234
3 79 5
4 986 503
5 124 912
6 363 115
7 148 179
8 798 624
9 436 880
10 655 670
11 276 494
12 437 403
13 510 757
14 536 691
15 796 314
16 889 433
17 801 221
18 699 752
19 662 177
20 736 540
21 930 512
22 692 641
23 883 184
24 790 284
25 1 286
26 77 244
27 523 597
28 882 926
29 289 253
30 749 106
31 648 801
32 614 344
33 102 383
34 28 360
35 993 391
36 909 771
37 790 800
38 852 129
39 662 563
40 784 59
41 381 884
42 147 610
43 690 809
44 694 862
45 792 668
46 857 776
47 472 936
48 800 27
49 134 45
50 887 460
51 633 990
52 471 517
53 978 974
54 630 343
55 145 799
56 730 61
57 362 774
58 586 876
59 458 402
60 492 851
61 215 731
62 252 577
63 118 434
64 903 907
65 262 541
66 378 827
67 342 849
68 352 407
69 101 638
70 465 587
71 412 62
72 217 182
73 82 981
74 857 255
75 988 540
76 990 39
77 325 49
78 137 735
79 834 566
80 46 624
81 295 288
82 600 723
83 76 361
84 704 40
85 244 351
86 665 389
87 323 0
88 394 272
89 161 274
90 401 989
91 699 498
92 332 980
93 777 527
94 183 260
95 111 782
96 224 901
97 392 702
98 452 910
99 432 84
32 54
12 59
2 17
89 94
16 50
28 64
71 99
15 24
47 98
56 84
9 98
33 83
29 81
40 48
4 75
62 65
55 95
66 67
31 43
20 93
2 74
8 45
0 58
10 22
34 83
30 56
11 65
77 87
36 46
41 67
43 44
33 63
78 95
42 69
40 56
9 41
57 66
20 91
4 21
69 80
41 66
2 24
18 43
54 86
30 40
27 70
9 60
23 38
17 24
1 51
21 75
55 78
17 74
9 47
21 50
3 49
32 86
8 79
7 72
79 93
90 92
52 70
18 31
13 14
37 46
60 98
14 82
6 71
24 74
39 91
0 60
23 74
41 98
6 99
6 77
10 82
31 44
33 34
20 39
57 67
48 56
57 97
61 78
9 66
25 34
30 84
5 73
81 85
2 23
40 84
2 15
91 93
22 39
63 83
15 74
72 94
12 68
11 62
25 26
47 60
71 77
7 94
47 90
16 21
0 31
26 89
17 23
31 82
10 18
15 17
30 48
90 98
14 27
27 52
13 60
7 89
13 82
7 26
0 13
48 84
58 60
31 58
38 40
55 61
9 67
8 93
81 88
37 43
53 64
5 96
29 72
20 79
42 80
18 37
18 82
69 78
22 45
8 20
41 47
17 38
30 38
25 83
59 68
29 94
29 88
41 90
26 94
10 39
28 53
8 22
72 89
41 92
29 85
4 50
71 87
44 58
1 47
85 94
42 62
18 44
21 79
20 22
45 79
2 38
66 98
18 22
1 58
41 57
16 35
4 35
19 30
77 99
85 89
86 91
37 44
9 90
38 48
5 55
81 94
11 68
52 59
41 60
61 95
60 66
34 63
26 83
0 82
50 79
12 52
4 16
39 93
10 14
83 89
68 85
6 87
36 37
22 82
51 58
43 58
33 89
43 82
18 45
42 78
66 97
67 98
26 34
14 70
45 46
38 74
17 30
35 50
0 43
50 93
47 58
50 75
67 96
55 96
9 57
29 89
13 97
0 44
5 95
10 31
67 92
72 81
68 81
37 45
92 96
42 65
19 56
7 49
81 89
0 98
36 64
70 97
21 35
23 24
10 45
0 9
0 47
87 99
12 88
58 98
42 61
46 64
92 98
1 98
38 56
20 45
25 33
13 58
26 33
68 88
44 51
45 93
31 37
22 93
27 39
22 91
19 84
10 43
78 80
9 13
16 79
47 66
9 92
69 95
14 97
13 31
59 88
2 30
33 85
16 75
17 19
16 93
11 85
47 92
61 69
83 94
33 94
27 82
0 14
13 57
8 39
35 75
13 66
60 67
0 1
9 58
8 10
10 27
63 85
15 86
15 16
57 60
79 91
67 90
28 46
26 72
57 61
10 20
58 82
21 93
23 30
67 97
1 60
37 64
36 45
28 37
75 79
15 23
47 67
6 29
14 31
0 18
28 36
41 96
61 62
34 89
7 29
23 40
66 92
18 46
6 88
49 72
8 91
25 89
13 27
22 79
6 72
65 68
8 18
52 68
62 69
17 40
73 96
8 46
57 98
24 86
66 90
13 98
14 22
31 60
95 96
4 79
38 76
60 90
63 89
22 31
14 60
2 19
29 68
32 59
19 24
20 86
55 69
24 38
39 45
60 82
18 58
44 82
27 97
0 51
22 43
1 90
83 85
15 54
11 63
19 54
10 13
85 88
54 91
19 40
47 51
1 9
43 46
61 96
24 54
80 95
66 96
20 50
72 85
72 77
39 82
39 79
15 50
38 84
8 21
61 67
11 42
19 32
43 45
39 86
14 18
22 27
17 56
42 95
13 70
32 91
1 44
8 37
5 78
10 91
23 48
86 93
2 40
42 63
16 24
61 97
63 65
60 97
14 39
23 76
16 74
13 41
7 25
54 59
41 97
24 30
12 81
13 47
7 81
9 97
25 94
30 74
8 36
44 46
15 32
34 94
11 12
59 70
14 52
63 94
6 81
24 32
12 70
12 32
8 50
16 20
22 37
3 7
13 43
10 37
78 96
57 96
62 97
65 69
10 93
0 66
0 10
25 63
42 55
13 18
61 66
31 51
43 51
48 76
65 85
49 77
0 41
13 67
70 82
15 19
14 58
50 91
88 99
35 74
18 39
55 73
14 57
15 38
45 91
17 48
14 43
2 56
49 87
26 63
62 78
7 83
61 65
47 57
10 44
19 38
62 63
20 21
31 45
23 56
11 52
39 52
7 85
62 68
90 96
51 98
51 60
26 85
39 70
72 88
28 44
59 81
45 82
12 85
61 80
16 91
24 50
55 80
73 95
1 31
52 97
27 91
12 54
44 60
43 60
5 61
63 80
55 67
19 48
11 59
63 69
37 82
41 58
17 84
60 92
27 59
11 33
11 81
65 97
40 76
26 49
10 79
29 77
50 74
10 70
59 86
8 75
2 48
15 91
65 70
57 92
21 45
14 66
82 97
7 33
40 74
19 74
17 54
52 65
4 93
31 46
72 87
11 70
12 29
71 88
18 36
46 79
2 16
62 80
88 94
75 93
15 35
8 16
13 44
19 86
26 29
12 27
68 70
9 96
22 46
0 57
62 70
15 30
57 70
58 66
44 64
9 14
15 93
1 41
8 43
1 43
36 53
33 81
18 20
13 22
17 86
34 85
97 98
58 90
7 34
10 58
2 54
44 45
37 58
2 86
36 79
55 57
57 90
5 92
7 77
0 97
59 85
20 27
49 94
22 44
19 23
8 82
29 99
31 47
36 43
39 54
26 81
12 65
4 8
20 54
17 32
68 94
32 39
31 98
6 7
0 67
3 72
32 52
28 43
33 65
2 84
0 90
24 40
29 59
9 51
57 62
41 61
62 85
9 31
11 69
0 37
5 67
9 82
52 62
29 71
29 33
72 83
20 82
10 46
96 98
16 86
57 78
12 86
45 50
52 91
71 72
63 81
18 60
24 35
16 17
23 84
18 79
49 89
65 78
81 83
20 32
24 56
6 94
65 80
33 42
21 91
32 88
33 72
2 32
56 74
51 90
8 31
46 53
0 22
52 86
24 91
68 89
14 44
88 89
50 86
22 70
77 88
36 44
15 20
44 47
45 75
74 86
23 35
43 64
18 27
14 98
67 78
55 66
48 74
2 35
54 93
63 68
52 54
72 99
2 50
35 79
1 13
1 92
37 79
18 93
11 97
31 39
82 98
29 83
3 26
15 21
27 31
27 57
10 52
6 49
25 72
11 83
59 65
67 95
77 81
11 29
0 27
52 82
13 52
24 93
57 82
54 74
10 60
3 87
36 75
11 61
79 86
32 93
66 82
33 62
58 67
81 99
82 91
57 58
55 62
54 88
13 39
37 51
44 98
18 51
47 97
33 80
39 50
14 41
39 43
19 99
11 89
47 82
1 66
62 95
29 63
16 23
3 77
73 92
30 76
14 67
7 87
70 91
47 96
14 20
41 55
57 95
33 68
11 88
25 85
11 94
27 86
20 75
73 78
43 47
18 28
14 91
4 20
22 36
14 47
22 52
22 86
57 65
74 76
12 62
18 91
17 50
16 45
77 94
71 81
4 45
15 79
33 69
65 81
35 93
29 87
15 40
66 70
27 68
27 60
37 53
18 64
13 90
17 35
7 63
52 88
14 45
6 89
28 51
78 97
24 48
22 58
66 78
5 41
43 98
9 44
24 84
32 74
65 83
42 83
29 49
59 91
34 72
8 44
21 36
39 59
2 76
55 92
96 97
58 97
56 76
15 56
46 93
16 39
20 24
42 97
17 76
68 72
46 82
31 36
7 88
27 93
13 51
45 64
9 43
74 84
82 93
11 80
6 85
34 80
80 83
1 82
10 97
1 67
30 54
20 46
28 31
55 97
60 70
20 37
20 52
22 50
9 61
27 65
21 74
21 24
11 27
1 18
5 66
4 15
0 70
27 32
51 82
37 39
32 68
27 43
46 75
8 86
59 62
42 57
8 14
21 22
63 72
66 95
31 66
27 62
41 82
27 66
60 96
21 39
20 43
28 45
37 93
10 36
41 51
30 32
21 46
16 54
58 92
31 97
0 92
5 69
20 70
5 57
61 92
19 71
25 49
3 94
20 31
84 99
27 54
23 50
12 39
31 64
8 27
14 37
34 81
42 85
34 42
36 93
69 83
27 45
11 78
77 89
49 71
62 83
12 91
4 36
52 57
4 74
31 41
68 83
62 66
87 88
10 86
52 85
3 89
70 86
31 70
0 45
79 82
11 34
29 34
50 54
43 79
51 64
15 39
61 73
13 37
55 65
74 93
19 88
65 95
92 97
32 70
54 68
13 92
24 79
65 89
41 78
76 84
27 58
18 70
16 22
62 67
15 48
4 91
67 82
90 97
31 57
34 69
5 90
42 68
61 70
20 36
41 95
7 71
39 46
52 81
1 37
46 58
15 84
16 32
29 65
81 87
0 39
67 70
2 91
74 91
25 29
22 60
69 96
12 94
49 81
14 93
67 73
3 25
65 94
75 91
21 86
95 97
62 81
18 47
6 68
9 18
45 58
71 84
11 57
18 98
4 24
25 81
57 69
9 70
54 70
43 93
86 88
17 91
30 86
87 94
13 45
34 65
2 93
9 27
13 61
1 57
15 75
32 50
92 95
1 14
61 98
20 35
0 46
6 12
35 38
68 97
69 97
5 80
23 54
56 99
54 56
23 86
14 59
7 99
65 88
31 79
2 21
28 58
49 99
39 44
42 96
51 92
63 78
8 64
60 61
4 46
9 55
54 79
6 59
37 60
12 97
51 66
71 94
31 93
5 42
9 10
39 97
19 59
8 35
22 54
12 14
3 6
12 89
94 99
44 53
6 19
32 56
7 68
14 62
22 97
52 93
16 38
45 86
17 93
24 39
22 32
59 97
31 91
38 54
42 67
65 66
41 70
59 94
20 74
31 67
46 51
8 15
27 67
20 59
31 90
10 57
18 97
43 91
36 50
12 72
74 79
34 62
54 84
14 65
33 88
61 63
43 66
27 79
32 79
77 85
36 82
22 75
35 91
10 50
23 32
78 92
58 70
13 20
8 28
68 86
5 9
74 75
6 26
41 44
0 8
10 98
14 51
41 73
13 62
27 44
37 91
26 77
43 70
24 76
62 89
43 97
2 20
42 66
32 84
2 4
10 21
8 13
32 99
46 50
11 72
70 93
30 99
44 66
41 43
56 71
61 90
65 67
26 88
87 89
17 21
10 66
58 64
1 28
55 90
42 70
12 19
12 99
59 99
73 90
44 90
11 26
26 68
46 91
63 88
13 96
27 41
21 37
38 86
67 69
12 63
13 91
69 85
29 52
32 38
10 51
27 98
49 83
39 58
10 47
70 88
36 39
40 54
19 91
14 79
70 98
70 85
51 67
59 89
14 61
24 75
52 66
32 81
62 94
20 44
4 22
3 29
49 85
62 96
17 20
54 99
29 62
11 14
59 72
55 98
85 99
37 75
39 75
14 90
8 54
34 68
18 52
44 79
1 10
10 54
35 86
5 98
14 86
71 89
0 28
10 32
47 61
13 65
12 20
80 96
8 58
4 39
18 66
43 57
83 88
89 99
21 23
32 40
43 53
11 95
11 55
14 46
82 90
9 78
34 49
2 79
10 59
68 99
38 50
0 52
41 62
10 16
18 21
52 61
66 73
71 85
56 86
39 60
22 59
31 52
1 97
52 60
8 32
8 70
4 23
66 69
27 37
12 33
27 61
42 89
62 88
15 76
45 70
42 52
80 85
4 17
29 32
18 57
3 71
14 68
16 36
9 95
54 81
33 49
22 64
36 58
6 32
30 71
7 11
8 24
82 86
43 90
5 97
4 86
25 80
68 69
0 20
59 63
44 97
12 71
16 19
10 28
35 45
22 28
59 93
27 47
10 64
59 71
15 22
1 64
44 57
69 73
70 81
8 52
18 41
21 54
0 64
36 91
16 46
10 12
11 25
44 93
49 88
51 53
37 47
26 87
51 57
17 79
32 71
39 68
18 50
28 82
13 46
10 41
64 79
63 95
0 96
57 73
11 66
12 22
5 47
47 70
0 36
6 84
15 59
27 88
57 80
26 65
2 75
68 71
9 22
43 67
40 86
55 60
59 82
6 54
84 86
45 60
61 68
42 94
35 76
11 13
44 67
36 51
24 59
13 93
29 54
40 99
37 50
33 78
14 92
22 51
15 45
42 81
9 62
64 82
47 55
80 97
45 52
1 96
25 42
37 98
54 71
14 32
16 30
22 57
4 37
19 76
3 81
3 83
52 67
12 42
90 95
1 46
33 59
18 53
75 86
10 75
44 70
21 32
45 53
18 75
5 62
3 34
68 91
13 59
73 80
48 54
23 93
68 77
45 51
12 82
85 87
70 78
41 42
78 98
14 54
19 77
22 98
10 67
11 67
12 13
19 50
3 99
65 72
12 93
65 96
52 63
58 96
9 37
41 65
45 54
31 92
28 79
0 91
12 83
23 91
44 91
2 39
95 98
60 62
39 74
18 86
9 52
25 65
22 66
43 52
7 12
33 61
25 69
55 63
35 54
1 22
52 79
78 90
0 61
39 57
57 68
13 55
32 48
69 70
20 58
22 47
9 73
80 89
19 93
91 97
69 89
17 39
70 79
32 45
17 75
11 32
12 15
18 67
32 85
22 24
19 20
4 10
6 56
23 75
25 68
12 77
16 18
82 92
67 80
27 85
40 71
48 99
12 24
31 53
46 60
26 42
41 69
35 39
5 60
60 78
13 78
8 74
6 33
42 59
0 93
68 80
30 35
51 97
14 96
13 79
26 62
27 42
34 88
42 73
64 75
73 98
52 58
59 77
62 82
29 70
41 52
6 83
12 57
3 33
27 46
78 83
77 84
63 70
32 82
7 65
88 91
30 50
4 18
16 37
20 97
0 79
19 29
44 92
18 90
85 97
8 60
9 65
61 85
54 82
26 71
26 80
14 36
21 43
7 59
32 35
19 87
10 15
84 87
15 52
63 97
3 85
19 81
81 86
86 99
55 70
65 82
24 45
13 68
27 81
57 59
59 83
29 42
25 62
11 54
61 82
23 79
20 23
52 94
19 39
60 65
19 68
54 85
6 30
48 86
69 94
60 95
84 88
39 66
17 59
1 45
62 98
16 40
37 70
6 11
27 50
80 94
66 80
35 36
50 82
52 69
9 39
49 63
26 99
48 71
19 52
4 54
2 8
34 78
47 78
21 38
22 35
13 42
21 82
1 27
30 88
11 39
68 78
35 40
47 95
33 52
47 73
15 27
25 88
52 98
12 26
8 53
17 99
52 89
19 35
58 91
22 41
26 69
24 52
30 91
61 83
20 60
9 42
39 88
70 96
5 65
21 64
12 61
24 88
62 72
43 92
11 82
56 88
58 79
28 60
2 59
4 38
14 42
58 93
58 61
78 85
52 78
33 95
77 83
13 36
13 86
38 91
13 95
29 86
69 81
28 75
64 93
6 25
39 65
43 50
16 27
10 68
14 78
25 77
45 97
43 75
8 51
33 77
68 82
6 63
1 36
11 86
8 17
20 64
32 65
21 31
11 41
53 58
70 95
15 88
4 32
16 56
38 93
56 77
39 98
14 55
8 59
20 68
16 76
12 17
0 62
70 90
22 67
10 90
6 86
68 87
27 51
35 46
13 28
54 75
10 24
59 61
1 53
60 91
16 82
37 97
27 78
12 69
24 99
28 47
17 88
59 79
39 62
11 96
27 90
44 52
62 92
12 34
7 62
24 27
56 87
35 48
1 70
31 86
4 64
26 59
28 93
20 28
69 92
22 68
37 66
3 88
32 77
9 69
8 97
71 86
10 62
10 65
42 92
40 50
2 99
9 45
18 54
60 64
70 92
6 34
65 98
30 59
86 97
34 61
16 48
21 27
5 13
82 96
27 29
6 52
33 70
31 50
18 32
21 28
2 12
46 47
73 97
11 60
45 98
45 47
37 41
9 11
10 11
54 65
45 74
80 81
33 55
14 28
57 63
51 96
39 47
42 88
12 87
47 52
22 74
50 52
39 64
14 50
17 71
52 72
70 80
13 64
43 86
66 68
42 60
47 62
32 97
30 93
35 56
21 44
32 75
38 99
83 95
49 68
0 55
85 86
93 97
11 91
8 12
27 36
0 65
54 77
27 69
41 80
59 87
28 39
36 60
52 83
6 40
18 59
81 97
59 74
19 79
16 43
2 88
4 43
14 64
13 32
13 69
2 22
16 52
27 96
37 52
46 98
39 41
45 59
20 38
30 77
42 98
59 69
39 51
27 92
12 66
1 8
29 69
27 55
31 75
50 56
32 72
37 57
75 82
19 21
15 70
12 79
39 67
37 86
88 97
34 77
34 95
60 73
28 98
32 62
15 99
25 87
65 86
54 97
12 30
3 63
7 42
13 54
52 55
33 97
60 93
70 94
47 64
46 86
34 59
18 92
16 59
59 66
37 90
53 79
14 21
50 59
38 75
1 39
50 76
9 46
42 72
17 22
53 75
20 30
16 84
0 53
20 88
14 95
52 99
2 45
46 70
4 28
57 91
31 96
44 75
56 59
1 61
70 89
12 18
27 63
51 70
63 77
14 16
38 79
83 87
59 84
6 65
56 91
62 90
14 69
52 80
10 35
62 73
24 71
31 61
11 99
23 39
22 53
30 87
32 94
65 91
57 85
16 31
50 70
0 78
2 71
20 57
11 22
22 65
68 93
48 50
31 59
67 68
33 87
19 27
14 88
45 57
12 45
54 72
55 68
17 52
8 9
55 83
45 66
29 80
10 53
69 98
10 61
4 82
24 70
40 88
21 30
65 92
54 62
22 62
5 11
19 72
38 71
60 79
60 69
33 99
12 74
68 95
6 48
44 50
33 71
52 95
17 45
40 91
0 59
50 64
47 65
12 78
55 58
11 77
10 92
2 52
8 23
14 85
58 62
9 28
0 11
0 5
15 18
8 98
12 80
71 83
70 83
61 81
59 60
12 56
12 31
32 87
4 31
12 84
6 17
37 67
64 98
85 95
83 99
16 70
1 5
8 47
12 60
12 25
27 95
11 98
0 12
19 85
11 71
12 16
36 86
9 20
15 82
12 50
15 68
22 90
53 82
62 86
62 91
34 55
54 94
35 84
19 70
24 68
31 62
81 91
12 67
42 90
7 80
52 96
35 37
80 92
64 91
0 86
14 15
84 91
74 99
50 84
0 95
31 32
31 54
32 89
39 81
55 85
52 71
20 66
21 52
40 77
6 24
15 71
4 19
66 91
88 93
61 89
54 87
42 47
29 97
8 57
55 82
7 69
10 74
78 89
20 51
69 90
59 67
23 99
11 20
4 30
79 97
59 78
4 44
78 82
74 88
5 58
1 55
9 91
4 76
41 45
21 53
40 87
46 52
83 97
19 22
30 39
31 65
34 87
2 10
28 91
60 68
18 35
15 46
28 50
58 65
20 98
29 84
8 66
9 80
52 74
42 82
36 47
8 19
7 52
5 14
17 27
2 27
9 64
30 79
59 80
40 93
25 71
56 93
43 59
27 75
39 85
69 88
12 49
65 90
25 78
51 79
33 57
14 81
43 54
34 52
63 99
2 6
69 72
58 78
15 36
46 97
11 49
21 70
4 53
5 70
32 43
54 76
63 66
16 44
25 59
63 67
44 96
61 94
10 17
27 33
4 27
40 59
38 39
44 86
72 80
20 65
54 89
78 81
63 71
48 88
16 64
22 88
70 72
43 96
6 62
65 73
48 77
47 69
20 47
21 40
10 88
25 99
0 42
1 20
6 15
14 75
18 24
21 76
9 12
52 90
78 94
39 61
76 86
29 91
23 59
36 98
27 80
48 87
41 68
5 63
27 74
85 91
81 84
24 82
12 43
9 59
27 94
63 96
20 56
1 52
26 52
38 59
0 68
14 24
38 88
13 50
63 87
18 62
91 98
9 68
36 70
77 86
29 56
43 61
46 66
48 91
49 59
11 31
13 80
6 70
29 30
57 93
13 73
20 40
52 92
11 47
29 61
32 76
37 54
58 95
12 41
18 61
21 59
51 93
29 39
45 67
71 74
28 90
27 89
18 65
13 85
9 36
20 62
22 61
3 68
17 68
15 37
34 71
19 94
13 21
89 97
23 71
27 28
1 73
0 21
65 99
4 14
4 40
19 75
41 46
41 59
12 40
32 37
46 54
94 97
10 96
30 81
6 38
11 92
34 99
18 68
57 86
53 93
52 77
27 64
57 81
56 81
14 63
9 93
58 59
8 41
51 61
11 58
12 55
37 92
34 70
84 93
23 45
82 95
91 99
61 88
31 68
10 19
16 28
60 86
47 91
21 56
58 86
72 86
25 61
20 41
0 32
7 32
0 50
22 92
66 85
14 80
26 78
80 88
46 57
24 81
22 23
30 75
11 18
43 62
32 46
82 88
12 58
8 68
65 77
30 52
11 87
51 91
24 46
44 61
1 79
80 98
17 70
23 88
12 23
20 53
2 68
0 54
12 38
18 96
8 38
30 68
32 57
13 16
13 88
86 94
66 93
2 70
34 97
11 19
39 90
1 78
12 95
51 52
41 91
60 80
48 93
67 91
20 67
21 58
75 76
20 84
53 60
24 36
1 95
15 81
65 71
24 29
11 93
21 48
93 98
57 83
28 41
14 29
31 55
57 88
46 90
1 93
70 99
32 63
12 21
43 65
1 91
0 73
29 78
0 69
27 83
55 59
45 90
17 77
26 61
69 82
15 43
36 52
39 56
9 79
12 98
72 84
47 53
54 57
48 59
68 79
67 85
6 27
19 45
20 81
13 63
59 98
25 95
5 27
8 67
68 84
64 90
15 31
7 54
80 90
40 79
6 91
47 93
19 89
68 96
17 81
89 95
11 90
15 29
4 56
36 54
4 48
10 42
45 68
5 82
49 65
56 68
68 98
17 29
27 35
42 58
6 74
50 58
32 33
28 66
70 74
7 19
79 98
35 82
59 95
58 73
82 85
5 51
4 52
65 93
31 78
0 75
56 79
27 72
57 79
13 53
13 81
24 37
35 43
0 16
7 70
86 89
20 48
44 59
39 42
1 62
52 75
47 79
26 70
86 87
37 59
39 53
39 40
36 74
32 36
54 63
46 67
11 43
10 85
8 30
16 88
46 74
24 77
27 99
41 63
32 60
18 74
36 97
71 91
50 53
10 78
40 75
41 64
12 48
33 66
44 54
21 84
66 86
25 52
35 64
58 75
51 55
58 68
32 44
33 67
11 73
52 56
6 23
39 84
62 99
14 53
10 81
13 75
70 75
43 68
55 89
66 79
5 52
2 81
44 62
12 44
10 55
29 57
54 60
2 77
17 87
94 95
20 85
56 72
81 95
3 11
13 15
62 93
68 74
50 88
70 71
4 70
47 80
79 88
14 19
2 29
5 33
33 54
78 88
23 52
53 98
52 84
64 66
20 29
12 37
22 81
81 82
39 99
2 18
29 40
39 92
34 57
33 96
14 33
76 93
55 81
32 58
25 55
62 77
38 77
41 93
22 85
74 82
36 66
12 47
47 59
24 43
54 58
35 59
3 12
22 96
2 82
5 31
8 88
31 35
0 4
24 31
31 42
22 38
16 58
10 23
35 52
2 14
61 91
31 95
30 72
28 70
32 42
4 59
32 66
50 68
16 68
52 87
8 11
81 93
22 30
44 65
32 83
6 39
14 73
28 97
57 89
26 95
62 71
8 90
4 13
14 17
36 41
40 81
48 79
6 42
58 69
55 94
15 77
27 30
1 65
17 18
17 82
19 65
67 93
14 74
12 96
28 57
9 86
79 84
4 84
38 45
8 65
47 68
64 70
2 46
76 91
38 52
56 75
19 49
57 94
65 87
38 87
11 45
2 36
49 62
45 65
43 55
66 81
28 67
54 66
22 42
26 32
48 75
28 35
27 71
24 87
14 35
46 59
4 58
36 57
2 87
45 62
59 75
9 63
23 27
8 62
20 99
63 73
16 53
72 97
27 34
63 86
3 59
61 72
37 74
70 73
19 82
76 79
13 24
9 53
24 85
11 15
13 29
41 85
85 96
64 97
50 97
51 73
59 96
53 91
42 54
39 78
44 55
28 92
36 90
25 70
5 83
15 85
39 96
41 79
13 33
39 48
21 60
5 68
54 83
40 68
40 52
10 29
20 61
10 69
