100 3077 607.5294231557842 dense
0 177 288
1 444 231
2 501 188
3 815 877
4 429 833
5 641 389
6 775 195
7 322 514
8 931 837
9 723 859
10 937 30
11 639 513
12 698 868
13 426 213
14 666 380
15 601 589
16 814 356
17 385 876
18 239 396
19 21 60
20 113 458
21 240 770
22 71 801
23 124 884
24 964 648
25 947 554
26 797 654
27 647 387
28 698 970
29 197 698
30 45 182
31 182 506
32 859 786
33 740 726
34 77 402
35 207 559
36 660 759
37 42 155
38 924 865
39 59 736
40 610 905
41 498 915
42 844 337
43 914 666
44 840 159
45 164 232
46 137 530
47 579 439
48 390 455
49 675 771
50 96 367
51 221 1
52 223 698
53 409 484
54 648 503
55 343 593
56 167 245
57 80 162
58 914 897
59 588 436
60 840 380
61 154 138
62 301 225
63 969 35
64 286 391
65 57 57
66 247 395
67 465 450
68 407 756
69 400 278
70 954 640
71 120 376
72 549 46
73 544 48
74 862 403
75 833 198
76 207 287
77 264 120
78 747 734
79 905 928
80 660 29
81 363 145
82 466 863
83 850 505
84 241 451
85 790 360
86 679 799
87 375 815
88 778 231
89 926 44
90 16 601
91 907 991
92 918 306
93 757 622
94 991 879
95 552 748
96 617 857
97 99 346
98 134 584
99 126 768
72 73
5 27
18 66
47 59
33 78
24 70
45 56
11 54
10 89
36 49
14 27
50 97
16 85
1 13
50 71
29 52
9 12
5 14
30 37
49 86
8 38
0 76
60 74
58 79
10 63
38 58
48 53
16 60
16 42
19 65
6 88
71 97
37 57
64 66
44 75
34 50
30 57
42 60
63 89
0 56
36 86
18 64
4 82
43 70
40 96
34 71
31 46
26 93
24 43
60 85
46 98
18 84
66 84
4 87
0 45
56 76
6 75
31 35
42 85
34 97
41 82
4 17
17 87
8 58
79 91
75 88
22 99
1 69
53 67
38 79
22 39
20 34
68 87
16 74
42 74
38 94
45 76
13 69
5 59
1 2
12 86
8 94
21 52
39 99
6 44
9 86
64 84
48 67
35 46
20 46
27 59
35 98
57 61
2 13
33 49
58 94
5 47
4 68
42 92
31 84
49 78
7 55
12 96
17 82
20 71
21 29
74 85
20 31
86 96
11 15
27 47
25 70
33 36
8 32
54 59
7 48
36 78
31 98
26 33
7 53
11 59
20 50
13 81
3 9
78 86
47 54
58 91
26 78
45 61
8 79
44 88
33 86
11 47
12 40
24 25
14 59
0 97
19 37
15 54
22 23
79 94
37 65
12 49
29 99
9 49
3 58
3 32
62 81
12 28
77 81
32 38
7 84
74 83
82 87
3 79
49 96
0 71
14 47
33 93
9 96
36 96
4 41
57 65
60 92
56 61
36 95
25 83
45 57
28 40
3 38
62 77
61 77
74 92
62 69
72 80
40 41
78 93
62 76
20 97
0 50
35 84
37 61
18 76
9 28
21 99
5 54
47 67
66 76
16 92
12 36
27 54
23 99
25 43
3 12
30 61
73 80
26 43
19 57
1 81
9 36
90 98
17 41
52 99
56 57
18 71
56 97
17 68
9 40
48 64
68 82
3 8
76 97
32 78
7 35
59 67
32 58
18 31
5 11
14 54
19 30
71 76
0 18
42 88
49 95
60 83
13 62
30 65
14 85
11 27
61 65
40 86
51 77
95 96
38 91
9 78
53 55
20 98
0 66
7 64
20 84
66 71
31 66
30 45
85 88
16 88
29 98
64 76
46 84
45 97
32 43
41 96
32 33
9 33
2 69
56 62
11 14
50 76
86 95
45 62
30 56
75 92
20 35
69 81
85 92
28 96
0 62
56 71
29 35
42 75
35 52
91 94
35 55
7 31
46 90
18 20
7 66
50 56
34 46
39 90
21 87
71 84
12 78
1 62
29 39
44 89
82 95
31 71
7 18
37 45
2 81
52 98
68 95
27 85
48 55
26 32
18 50
2 73
3 91
31 34
20 66
12 33
18 97
40 49
48 84
32 79
3 28
83 93
4 95
2 72
14 16
0 64
40 82
45 77
45 71
82 96
45 50
15 47
0 34
0 61
5 85
51 61
16 83
15 59
50 66
37 56
19 61
53 64
36 40
9 32
46 71
31 64
48 66
8 91
66 97
7 67
3 86
83 85
26 70
6 42
61 76
26 83
56 77
3 78
41 87
88 92
0 57
16 75
52 55
15 93
64 69
11 93
54 93
60 88
10 44
32 94
23 39
18 34
18 48
21 23
22 29
43 93
31 50
6 16
6 85
18 35
15 95
44 92
62 64
64 71
24 26
18 56
40 95
76 84
50 84
21 68
75 85
36 93
46 50
42 83
39 52
18 46
3 33
35 66
26 49
0 30
39 98
16 27
56 66
49 93
34 66
70 83
84 98
61 62
34 84
53 84
21 22
8 43
28 86
26 36
30 97
20 90
43 83
25 74
51 65
24 32
34 76
14 60
46 66
32 70
55 84
55 68
0 84
41 95
3 49
47 53
3 94
5 16
76 77
84 97
48 69
42 44
57 76
62 66
29 46
44 63
78 96
17 21
33 96
29 55
75 89
15 36
31 97
25 26
43 78
18 45
32 86
12 32
34 56
6 92
0 20
18 62
60 75
24 83
45 66
31 55
14 42
41 68
22 52
67 69
33 43
21 39
98 99
32 49
53 66
57 97
11 67
53 59
20 64
35 64
7 46
5 67
14 88
13 77
26 86
46 97
55 67
56 64
64 67
46 52
57 77
12 95
0 77
87 95
33 95
0 37
4 96
47 48
54 67
34 98
34 45
31 90
74 88
18 53
50 64
52 87
8 24
30 50
64 97
29 31
27 67
66 69
52 68
30 76
27 60
32 93
69 76
86 93
15 67
9 79
9 58
4 40
3 36
20 76
15 33
78 95
35 90
6 60
31 52
15 49
14 74
10 75
70 93
8 70
16 44
48 59
3 96
5 60
4 21
38 43
37 97
18 69
23 29
90 99
28 49
45 64
7 98
32 36
9 38
54 85
25 93
6 80
54 83
51 81
35 71
13 73
27 42
2 62
27 88
46 64
34 35
9 95
5 15
25 60
21 55
45 65
73 81
29 90
12 41
50 57
15 78
53 69
15 26
3 40
74 75
44 85
15 27
13 72
28 41
22 90
30 71
34 90
69 77
71 98
19 51
1 73
24 93
7 52
61 81
5 88
8 9
55 98
34 64
5 42
55 64
28 91
83 92
17 95
35 48
32 91
23 52
72 81
8 78
76 81
11 83
28 79
37 76
1 77
11 26
26 54
63 75
1 72
14 67
29 87
6 89
21 35
51 57
21 98
31 48
28 36
6 14
11 85
41 86
61 97
18 98
46 55
35 53
12 79
27 74
59 85
7 20
65 77
45 81
57 71
56 65
29 68
12 58
9 26
0 31
37 50
15 53
14 15
56 84
40 78
20 56
1 67
56 81
55 66
36 82
38 78
66 98
39 46
50 98
31 76
24 38
8 33
44 60
33 40
5 74
16 54
35 50
44 80
30 34
82 86
7 29
14 83
18 55
0 69
19 45
3 26
67 84
15 86
35 99
55 87
37 77
66 67
2 80
1 64
36 41
47 85
6 74
22 98
12 38
9 91
13 64
43 94
8 26
17 40
38 70
70 78
30 77
28 58
54 60
31 53
41 49
49 82
52 90
57 62
1 48
33 38
33 70
35 39
6 27
43 58
13 76
6 10
20 45
11 53
9 41
12 82
45 84
18 67
24 94
17 96
68 96
3 43
58 78
24 78
62 84
80 88
37 71
0 81
27 83
69 84
8 12
11 16
56 69
62 97
19 56
62 71
11 33
5 6
12 26
37 51
54 74
50 61
24 33
51 62
45 51
46 99
88 89
16 25
35 97
5 83
9 93
16 59
53 54
34 57
13 67
25 42
61 71
45 69
97 98
93 95
17 52
47 69
11 60
28 78
33 54
75 80
70 94
12 91
4 36
74 93
1 76
33 58
21 82
28 32
7 71
13 48
2 5
44 74
0 46
59 69
87 96
64 98
11 78
26 38
4 52
2 77
48 62
2 27
33 83
11 36
14 75
50 90
28 33
52 84
71 90
1 47
25 32
48 76
7 69
11 74
28 38
16 47
50 62
34 37
25 85
25 92
51 56
15 48
78 79
19 77
1 59
11 95
5 53
29 84
78 83
59 93
54 78
6 63
40 87
40 68
32 96
4 86
30 51
1 5
46 76
12 93
36 68
2 14
87 99
4 49
38 86
24 58
70 74
20 29
7 76
58 86
8 86
4 55
13 66
47 93
1 53
28 82
11 48
60 93
15 68
1 27
36 54
10 88
1 66
7 68
42 54
27 53
9 82
64 81
15 55
59 60
14 93
17 29
26 74
27 93
5 48
30 62
0 13
58 70
55 95
79 86
5 93
0 65
23 87
11 49
31 39
33 79
13 56
43 49
17 23
21 46
31 56
3 93
13 18
89 92
43 79
26 95
48 54
14 92
13 45
15 83
2 59
2 47
54 95
1 18
46 48
20 52
85 93
8 49
2 67
27 75
5 69
24 74
28 95
27 48
38 49
80 89
20 55
1 14
47 60
7 47
31 99
43 74
90 97
8 28
37 62
4 29
49 68
15 96
0 7
9 94
7 21
25 78
25 33
49 54
7 34
7 50
26 58
27 69
43 86
49 58
11 42
21 31
84 90
36 43
0 48
6 72
5 75
59 83
4 12
26 96
69 73
9 43
13 53
18 61
64 77
35 76
53 68
16 93
0 35
13 47
0 1
3 24
61 66
93 96
63 88
6 73
2 6
42 59
31 45
65 76
3 70
34 61
68 86
66 77
66 81
13 59
69 72
63 92
46 53
32 40
59 74
0 19
8 93
10 92
10 80
20 48
18 77
7 59
14 53
1 56
26 60
22 35
5 13
62 67
49 79
55 99
22 46
47 83
7 97
59 88
77 97
18 81
1 45
35 67
2 88
21 90
53 62
17 99
35 68
32 83
68 99
13 27
14 44
48 71
47 55
8 36
13 61
53 76
27 92
18 57
61 69
20 39
83 88
8 25
57 81
52 53
78 94
60 70
42 47
20 30
36 38
14 69
47 74
61 64
34 62
14 48
17 55
24 79
51 76
46 56
48 98
57 66
47 88
31 67
11 86
18 30
7 15
36 58
73 77
2 48
5 92
7 62
0 51
36 87
55 59
65 97
70 79
13 14
53 98
3 95
12 94
19 76
30 66
71 77
52 82
33 94
26 85
72 88
72 77
26 79
48 52
38 93
13 51
4 9
24 60
12 15
43 60
2 64
12 43
1 80
40 79
21 41
62 65
9 15
19 97
79 96
69 71
55 82
47 64
15 85
73 88
26 94
20 53
54 86
36 79
13 80
20 57
42 93
86 91
16 26
4 15
27 44
50 77
17 36
0 98
45 46
1 84
20 62
58 96
23 98
53 95
62 73
29 53
13 84
54 88
48 68
4 28
26 59
18 52
78 91
23 90
18 90
49 87
25 54
14 26
0 53
17 86
52 66
40 58
5 44
42 89
22 87
86 87
1 61
18 29
6 59
31 62
67 76
59 64
15 82
7 87
76 98
62 72
26 47
35 87
26 27
48 56
33 82
11 55
28 94
48 50
33 41
29 66
38 96
75 83
5 26
41 78
57 64
1 7
49 70
17 49
53 71
69 97
63 80
78 82
40 91
4 23
32 95
66 90
4 99
2 53
47 95
2 76
20 99
29 48
67 95
7 56
23 68
11 25
48 97
55 71
48 81
20 37
18 37
67 68
12 68
25 38
43 54
44 72
50 65
21 95
6 47
26 40
12 17
33 91
52 64
59 95
24 49
11 88
8 96
11 43
22 31
31 69
29 82
37 66
15 16
19 50
15 40
44 73
38 40
35 56
16 70
58 93
50 69
7 11
36 70
36 83
34 48
15 60
45 48
70 86
39 55
54 55
7 90
9 70
65 81
49 83
7 13
80 81
40 93
6 83
30 64
21 84
3 41
29 34
91 96
15 87
29 64
49 91
55 69
30 81
9 24
1 51
26 42
15 74
10 42
7 99
37 81
67 81
86 94
72 75
15 43
42 70
24 86
20 61
68 98
17 22
7 45
24 36
70 85
15 32
61 84
19 62
43 91
65 71
73 75
39 87
16 43
7 54
51 73
17 28
42 63
55 90
12 87
33 59
34 55
2 66
25 94
7 95
8 40
16 24
4 33
33 47
81 84
51 69
35 45
34 52
36 47
43 85
0 67
14 25
57 84
36 59
51 72
29 71
26 28
19 71
16 89
77 84
81 97
2 75
21 53
9 68
53 87
52 95
30 84
1 6
4 78
6 54
24 42
87 98
49 94
1 88
50 53
54 92
33 68
34 39
2 18
50 55
48 95
54 69
55 76
47 66
11 69
54 70
71 81
23 35
70 92
11 68
2 85
31 68
42 43
4 7
24 85
2 51
20 21
84 99
67 85
46 67
59 78
52 71
39 84
47 84
34 77
9 17
20 69
2 56
36 91
67 93
22 68
0 2
53 97
37 64
47 78
11 70
2 45
79 93
1 54
83 86
53 56
2 44
57 69
56 98
68 78
35 69
59 75
8 83
15 41
34 53
64 90
53 81
22 55
5 7
23 82
18 47
12 70
1 11
25 27
59 66
85 89
7 39
25 58
11 96
24 92
12 24
33 74
20 22
34 65
47 49
6 11
34 69
29 50
49 59
44 83
46 62
52 67
19 34
13 71
60 89
35 62
55 97
50 81
0 55
68 84
59 84
11 92
93 94
2 54
5 25
24 54
24 91
15 25
25 49
10 16
39 68
21 48
3 25
7 27
3 82
54 68
6 13
4 53
13 57
15 42
47 75
41 52
74 78
2 61
11 32
9 87
47 62
14 80
5 33
18 59
45 53
27 33
30 31
11 24
0 90
36 94
20 67
46 68
19 81
13 88
4 35
25 36
67 71
28 93
32 54
13 97
82 99
2 11
43 96
45 98
14 73
14 33
14 72
70 91
23 46
27 73
26 91
50 52
5 73
92 93
59 92
17 39
27 72
1 71
5 64
5 72
2 16
54 96
80 85
9 11
59 62
16 63
15 70
37 84
54 75
67 98
41 55
36 55
48 77
27 80
28 87
29 95
42 80
3 15
31 57
15 17
4 22
11 12
30 46
69 80
43 92
33 60
48 87
5 80
47 68
5 78
27 64
27 78
5 55
28 68
10 85
16 67
16 80
56 67
25 86
14 78
10 60
17 35
1 97
9 54
47 92
13 50
23 55
46 69
31 87
25 88
74 89
47 81
39 71
29 67
13 54
36 67
29 97
51 97
60 78
27 55
7 17
38 83
76 90
59 68
30 69
15 24
59 81
11 13
60 63
12 54
26 92
31 61
7 14
1 85
34 99
33 85
2 84
5 95
5 81
11 75
20 77
15 69
55 62
1 57
5 36
39 50
63 85
29 41
43 95
7 81
46 87
45 67
2 7
15 64
27 36
36 53
46 57
28 43
27 81
52 97
27 95
11 64
1 50
47 86
3 83
25 75
2 42
18 21
59 86
53 93
44 59
94 96
68 93
21 66
23 41
33 87
1 55
67 87
9 83
25 79
78 85
49 55
72 89
16 33
5 62
7 82
82 93
31 37
25 59
50 67
9 25
37 69
80 92
14 43
54 64
14 36
1 31
4 48
14 64
10 74
55 96
67 97
78 87
69 88
7 22
13 31
60 67
21 64
40 94
67 88
73 89
27 62
13 30
23 31
4 39
4 11
44 47
32 74
63 74
53 82
32 41
14 81
5 49
49 67
16 78
6 69
34 81
83 95
64 68
4 67
18 39
18 65
27 49
17 98
14 95
17 33
15 84
25 47
4 98
27 43
67 77
40 43
56 90
50 51
37 46
14 55
21 96
65 66
84 87
14 70
10 72
13 37
51 71
3 4
18 99
17 78
67 83
5 43
13 55
22 84
8 95
39 66
2 60
33 67
26 67
38 95
55 56
4 93
1 75
11 82
59 73
1 16
35 47
1 15
34 67
41 93
14 49
21 67
49 53
26 82
58 95
88 93
53 77
59 72
39 97
71 99
66 99
46 61
13 85
47 73
17 53
11 40
15 28
35 95
15 52
10 73
12 83
21 40
44 54
5 66
55 86
47 72
60 80
31 77
51 66
66 68
15 35
48 61
51 64
18 51
42 67
72 85
62 98
4 54
79 95
14 62
13 34
26 41
58 83
18 68
73 85
13 20
45 90
27 70
6 25
7 77
91 93
69 85
43 59
22 34
15 88
35 82
83 94
67 74
22 82
41 99
27 66
67 78
61 73
35 59
32 82
18 19
20 81
13 65
53 85
12 25
14 24
70 96
53 99
11 87
5 70
1 20
6 67
48 90
47 76
1 30
5 18
50 99
21 34
1 44
31 47
33 42
11 84
45 55
26 68
48 93
54 82
15 66
40 54
15 21
31 81
19 66
3 11
1 35
43 47
5 84
1 34
20 65
64 65
24 96
69 98
61 72
77 80
32 60
36 48
11 44
41 79
13 75
16 72
65 69
18 27
19 20
42 78
62 80
59 76
1 37
4 26
25 44
36 74
11 66
67 86
48 99
13 35
64 99
16 73
3 54
67 73
4 31
33 53
53 90
15 18
54 84
30 35
0 29
24 27
40 55
27 84
29 76
48 85
52 76
30 98
5 86
7 61
21 71
31 59
0 52
67 72
49 74
8 15
39 64
67 82
73 76
27 86
2 15
59 80
13 16
1 42
5 24
42 72
54 87
13 15
53 86
55 93
48 82
6 81
54 66
41 91
70 95
41 58
42 73
11 18
35 57
7 36
13 44
28 70
24 28
47 80
87 90
72 76
15 29
20 68
33 55
59 70
14 86
14 66
36 60
36 85
7 23
47 96
30 90
21 36
63 72
2 74
53 78
68 90
4 46
17 48
16 69
4 47
2 57
59 96
17 31
83 96
45 73
18 54
97 99
1 60
26 88
26 53
81 88
24 95
19 64
1 65
35 61
49 60
16 53
14 89
15 38
2 71
52 96
15 92
74 80
63 73
56 73
57 98
47 70
48 49
3 68
17 46
4 84
11 41
34 51
20 23
39 82
95 99
48 57
79 83
49 85
53 96
15 31
7 57
14 18
6 93
45 72
4 59
47 87
22 71
55 78
21 50
87 93
1 46
38 41
13 46
64 73
46 77
0 47
53 61
3 17
84 95
91 95
6 15
56 72
75 93
14 84
39 53
16 36
32 85
24 59
2 97
16 32
7 30
4 32
13 19
64 87
2 92
17 67
82 98
64 72
39 48
40 70
11 35
67 96
22 50
2 55
59 87
65 84
21 49
48 73
5 68
16 48
13 42
8 11
74 86
35 37
7 49
0 59
19 69
24 40
16 49
8 54
7 41
24 47
41 54
18 22
0 73
37 98
47 82
48 72
25 91
40 52
66 87
15 58
8 74
51 80
30 48
21 86
8 41
25 95
41 53
27 68
47 52
69 75
18 87
61 67
36 52
53 83
22 41
31 95
27 89
35 81
22 66
10 14
33 48
32 59
35 77
2 50
20 87
60 72
11 17
53 60
57 90
79 82
0 72
9 47
9 59
11 62
59 82
3 87
35 54
54 62
60 73
12 47
64 95
70 88
12 59
5 76
32 47
67 75
13 60
46 81
61 98
37 90
21 97
53 88
5 89
42 69
25 96
48 88
7 93
47 77
55 81
23 84
19 84
17 84
2 89
60 86
95 98
12 55
23 95
29 96
32 42
48 86
58 82
52 59
14 32
2 31
51 84
17 93
27 76
46 47
72 92
60 69
26 87
27 32
1 74
7 96
59 77
85 86
11 38
5 32
32 68
26 48
48 78
29 56
73 92
15 75
85 95
38 54
7 37
11 52
15 79
47 56
43 88
52 69
44 69
22 97
2 30
33 92
31 82
48 60
1 19
17 54
53 73
52 56
14 68
24 88
66 73
7 86
11 31
26 75
54 81
49 52
38 82
26 55
94 95
70 75
42 53
14 63
82 91
37 48
6 26
35 41
53 72
10 27
11 81
2 37
53 74
17 90
53 57
36 42
46 59
11 28
78 92
29 47
66 72
48 96
29 40
56 59
48 83
18 73
2 65
22 64
16 86
5 77
0 39
47 71
22 53
2 10
45 47
74 95
9 55
67 80
4 64
6 48
67 99
5 10
8 82
42 49
8 60
31 54
31 65
5 35
38 74
41 67
6 53
20 47
40 83
29 69
66 95
40 53
54 73
27 77
29 36
15 98
40 47
52 86
29 45
83 89
60 95
18 72
52 54
54 72
15 46
17 26
47 98
46 82
14 76
12 21
5 96
24 75
7 33
46 95
42 48
82 84
40 59
20 51
28 54
45 52
1 98
44 93
45 59
22 48
29 59
27 96
18 95
2 83
16 95
15 62
62 90
59 71
13 98
11 58
27 35
41 48
2 20
39 76
30 53
75 81
2 35
5 31
4 90
67 90
21 47
39 41
54 80
19 31
4 66
11 21
11 73
44 67
72 74
48 74
0 5
2 34
6 62
43 75
67 92
54 58
20 59
11 72
13 74
68 71
3 74
4 18
73 74
9 74
62 88
27 63
5 9
44 81
59 98
40 67
57 73
68 69
81 85
9 27
17 47
12 67
7 78
69 74
14 77
11 29
52 62
14 96
55 77
6 70
46 65
1 92
27 31
0 27
12 53
57 67
77 98
21 59
5 12
9 14
17 32
5 63
0 99
41 47
10 83
61 90
57 72
29 49
9 67
32 92
12 27
22 95
34 68
19 46
21 76
23 34
29 62
48 51
11 80
17 59
25 28
41 43
63 83
32 87
4 79
7 40
15 94
0 21
23 40
25 40
65 73
41 59
11 76
21 54
76 99
47 50
47 97
12 14
9 53
4 58
28 83
83 91
43 82
1 83
4 20
42 86
6 24
54 76
6 43
9 21
23 53
29 54
15 44
41 98
4 5
65 72
38 60
2 63
29 86
14 35
7 85
55 61
37 53
11 79
12 74
9 60
25 67
39 95
74 94
23 96
69 95
41 94
44 70
17 64
8 16
81 98
35 36
7 26
5 56
69 93
3 59
4 38
4 27
15 76
33 88
39 67
54 79
58 74
2 19
50 59
26 44
59 97
8 85
3 47
0 14
3 60
16 81
50 68
30 67
43 67
17 20
96 99
2 46
21 28
14 31
17 66
27 56
13 92
1 93
40 48
18 23
17 18
69 90
21 33
4 8
5 45
5 87
11 46
39 56
40 99
34 47
4 91
9 85
15 81
2 93
78 88
69 83
55 85
42 95
73 84
23 66
48 80
24 44
12 52
23 48
55 57
64 85
64 82
15 91
5 82
15 20
31 51
35 96
27 87
27 45
62 85
8 42
15 99
30 55
71 87
11 94
23 71
12 60
21 78
72 84
54 94
68 83
27 82
34 87
68 76
11 98
25 89
51 67
9 16
4 14
53 75
46 54
34 59
48 75
43 44
80 83
68 97
4 43
37 73
35 49
0 11
55 83
13 83
39 45
43 68
12 48
37 67
74 96
7 73
12 85
7 12
6 77
1 52
30 73
66 82
7 16
31 41
5 40
14 56
1 89
21 69
64 88
59 89
3 85
61 80
0 54
23 50
33 52
32 67
28 55
42 81
3 27
3 5
51 53
37 72
69 92
3 14
23 64
48 65
18 82
27 40
25 63
53 80
5 52
0 15
36 84
7 72
54 98
64 80
82 90
16 38
47 61
3 16
5 71
76 80
36 92
60 94
0 68
30 72
58 60
38 85
17 79
14 82
7 51
19 73
5 46
14 87
14 45
9 48
0 22
35 65
10 25
64 93
56 99
67 70
49 92
36 64
12 16
82 83
52 78
82 94
9 52
13 52
47 89
27 52
77 88
15 71
20 95
13 93
58 68
85 96
1 68
59 61
60 96
74 79
6 64
68 79
27 71
16 55
22 67
8 59
50 87
41 46
13 89
14 40
7 83
1 95
19 72
8 14
7 65
1 29
38 68
11 20
7 9
12 29
16 64
17 58
16 62
35 86
27 46
21 56
8 68
41 84
35 40
8 92
8 47
37 55
22 76
60 81
8 27
6 33
1 10
5 20
41 70
19 35
65 98
62 75
5 8
4 83
38 42
36 99
17 91
7 60
10 59
73 97
46 51
9 42
45 80
19 98
71 73
33 75
13 29
70 82
54 89
7 88
11 71
43 53
24 67
20 54
24 41
20 82
45 99
69 87
21 93
29 30
56 80
16 96
23 97
44 48
20 27
17 38
49 84
53 92
52 93
6 78
44 53
2 98
41 83
19 48
55 60
3 42
31 36
72 97
5 29
19 90
36 88
77 90
71 72
62 68
79 87
32 53
54 77
24 82
25 53
11 56
10 13
75 78
44 62
54 71
11 77
5 98
13 68
21 45
10 47
84 93
5 97
29 33
49 64
15 73
66 85
28 47
87 97
7 19
38 59
5 41
58 87
28 59
14 52
5 50
15 72
65 90
54 56
30 52
14 71
36 69
26 69
27 29
28 52
8 17
5 61
86 92
11 91
0 80
38 47
21 62
27 41
29 57
48 92
22 96
72 83
22 40
49 99
14 38
27 98
27 97
13 95
49 88
11 89
14 46
50 73
73 83
9 29
16 58
5 17
23 36
36 66
12 42
3 55
32 55
68 85
1 26
58 85
29 78
7 42
38 87
7 74
27 50
15 50
4 71
66 80
60 79
11 45
23 67
2 26
3 67
16 94
18 85
27 61
27 38
54 91
68 91
55 74
5 21
59 63
84 96
53 65
35 93
5 38
15 56
86 99
6 7
76 87
60 64
30 39
10 54
36 98
42 62
45 54
52 57
17 27
96 98
50 72
66 88
4 69
90 95
18 36
15 34
8 87
4 34
84 85
85 94
15 97
35 51
66 93
14 20
18 80
33 35
21 27
31 96
38 92
68 70
43 87
4 70
84 86
31 49
47 99
87 91
1 63
42 64
14 41
60 62
15 23
32 88
69 99
23 86
47 63
15 39
42 94
29 61
40 74
74 81
11 50
2 95
33 69
23 49
42 55
0 87
15 80
18 88
4 94
5 34
33 64
22 56
52 61
88 95
15 45
42 58
13 90
49 69
56 68
6 66
58 59
29 37
43 48
3 53
29 93
18 93
11 97
41 64
17 34
39 62
28 53
47 51
25 48
1 90
17 71
55 88
4 24
14 61
65 67
64 86
14 29
53 70
83 87
24 68
42 96
47 58
54 63
10 11
35 78
14 97
16 66
50 54
59 99
21 26
51 59
17 43
49 66
33 84
14 98
28 67
14 17
28 29
71 95
14 50
27 34
52 81
1 36
62 99
16 68
47 57
15 22
36 46
39 96
39 69
54 97
13 63
64 96
25 82
5 51
81 89
37 52
49 98
6 18
4 50
11 34
11 99
69 78
81 90
40 60
14 58
60 68
76 88
92 95
40 85
32 48
40 98
12 23
75 77
39 57
64 78
26 64
19 53
27 51
18 49
41 90
6 76
64 83
6 36
43 55
27 58
26 52
69 89
2 68
33 44
76 95
68 74
64 74
25 41
13 26
1 21
39 40
16 18
25 68
22 45
86 88
5 58
1 33
31 86
2 25
57 59
44 77
29 81
41 66
15 77
14 21
45 68
92 94
81 92
77 85
24 53
16 79
52 77
79 85
78 84
34 54
18 41
64 75
62 95
12 35
3 92
84 88
23 28
12 99
46 96
16 84
2 52
11 63
55 73
37 39
29 77
44 78
31 73
5 28
55 72
14 51
6 49
3 21
40 84
15 90
31 40
27 28
59 79
17 50
10 81
54 99
16 40
47 90
86 98
34 73
9 92
31 93
6 51
36 75
1 78
13 21
1 49
6 55
76 85
34 95
47 79
1 87
4 97
4 25
31 72
62 74
32 75
2 33
69 82
4 76
14 34
51 98
46 49
74 91
28 74
22 36
14 28
19 67
69 86
58 92
7 28
7 80
34 72
66 86
10 69
30 99
66 96
26 84
6 84
30 47
2 36
60 66
0 95
48 70
2 29
33 66
13 36
42 79
50 95
49 75
62 87
80 84
20 73
17 83
4 85
57 80
59 90
14 94
18 96
6 95
70 89
18 86
68 94
9 35
6 32
71 82
20 41
26 35
1 25
14 79
17 69
82 85
25 80
0 23
16 77
39 47
2 78
59 94
3 48
27 79
30 59
9 23
31 33
42 66
20 72
18 33
28 48
5 79
27 94
0 4
44 64
7 75
80 93
18 60
36 39
13 33
26 29
7 32
5 94
1 4
89 93
17 97
51 88
23 76
47 94
34 82
60 84
12 92
40 46
65 80
0 88
9 99
66 78
13 87
51 55
62 93
22 49
70 87
46 86
5 57
63 70
0 6
24 89
25 55
42 68
39 61
24 48
81 83
95 97
8 67
17 94
28 99
56 87
28 60
74 82
37 47
55 65
