100 4055 737.2767458695547 dense
0 382 589
1 686 847
2 374 387
3 347 88
4 153 26
5 101 240
6 276 834
7 159 59
8 38 254
9 814 459
10 873 953
11 440 114
12 320 452
13 132 649
14 543 592
15 875 792
16 344 282
17 302 423
18 22 689
19 881 703
20 172 76
21 460 773
22 334 636
23 213 830
24 328 707
25 466 718
26 570 616
27 492 225
28 348 249
29 16 540
30 902 659
31 860 723
32 677 546
33 610 661
34 47 811
35 838 64
36 367 103
37 301 530
38 446 69
39 560 103
40 469 993
41 142 193
42 864 945
43 423 843
44 628 959
45 210 943
46 241 330
47 723 755
48 129 819
49 742 356
50 207 93
51 269 608
52 767 743
53 36 591
54 495 377
55 842 669
56 377 739
57 111 362
58 917 458
59 219 635
60 837 494
61 101 31
62 389 208
63 620 688
64 350 525
65 147 513
66 798 976
67 509 195
68 594 605
69 208 603
70 985 476
71 752 817
72 785 995
73 612 55
74 128 149
75 542 385
76 641 429
77 715 425
78 500 134
79 653 155
80 653 389
81 79 317
82 971 455
83 403 127
84 899 67
85 838 540
86 810 863
87 132 250
88 553 416
89 12 823
90 384 604
91 871 391
92 779 330
93 231 368
94 270 552
95 793 66
96 521 414
97 373 13
98 270 384
99 433 955
10 42
0 90
7 20
66 72
3 36
70 82
26 68
33 63
19 31
88 96
5 87
75 88
16 28
4 7
59 69
12 17
27 67
75 96
14 26
34 89
37 94
20 50
11 83
46 93
76 80
9 60
93 98
36 83
35 95
49 92
54 96
11 38
47 52
60 85
41 74
54 75
19 30
37 64
17 98
19 55
4 61
40 99
14 68
4 20
58 82
29 53
57 81
21 25
51 94
51 59
31 55
41 87
28 62
33 68
24 56
7 50
22 90
26 33
30 55
35 84
51 69
46 98
67 78
5 41
6 23
11 78
7 61
5 8
0 22
39 78
3 83
47 71
54 88
58 70
15 31
39 73
22 51
22 24
0 64
77 80
38 83
1 71
42 66
11 36
71 86
49 77
76 77
8 81
52 71
30 31
10 66
12 64
21 43
3 97
5 81
12 37
69 94
2 17
58 91
62 83
34 48
20 61
37 51
12 98
64 94
9 85
2 12
38 78
23 48
20 74
81 87
36 38
64 90
4 50
16 62
63 68
26 63
58 60
13 59
9 91
13 69
76 88
15 19
21 56
17 93
36 97
27 78
25 56
38 97
42 72
8 87
5 74
49 80
31 52
7 74
14 33
15 86
3 11
50 74
78 83
59 94
10 72
42 86
18 53
1 47
0 37
3 38
74 87
32 68
9 58
80 88
2 98
27 62
9 77
39 67
52 55
22 94
84 95
11 67
39 79
11 62
17 37
36 62
73 79
75 76
60 91
65 69
2 16
10 86
91 92
22 37
75 80
37 90
17 46
22 56
12 94
22 64
13 53
43 99
17 64
23 45
16 46
66 86
43 56
58 85
57 87
77 92
0 51
22 59
51 90
24 51
51 64
13 18
48 89
24 90
83 97
0 94
37 69
15 52
82 91
38 39
41 50
57 93
11 39
8 41
62 67
20 41
19 52
76 96
61 74
11 97
2 54
12 93
5 57
32 76
11 27
50 61
47 63
14 63
18 34
49 76
1 86
90 94
15 71
4 74
9 49
67 83
16 98
1 44
32 77
3 62
15 55
6 45
52 86
26 32
65 94
55 85
0 24
22 69
8 57
24 59
1 52
25 43
27 83
17 94
32 33
37 59
62 78
49 91
9 92
29 65
28 83
46 57
28 46
72 86
80 96
18 89
7 41
30 85
56 90
46 87
53 65
15 30
36 78
13 65
73 78
6 24
8 74
24 25
6 56
47 86
41 81
80 92
60 82
27 39
2 64
3 50
60 77
2 28
25 90
31 47
38 67
59 65
14 32
16 93
70 91
13 51
31 71
2 93
2 46
12 46
25 26
27 28
47 55
33 47
16 17
28 36
6 43
21 24
14 25
6 48
45 48
31 86
60 70
18 29
37 98
67 79
2 96
0 56
38 62
0 12
27 54
85 91
32 63
15 42
0 25
87 93
78 79
51 65
25 33
37 65
54 76
57 65
22 25
28 98
15 47
40 43
25 63
52 63
9 82
82 85
54 80
16 27
24 69
32 80
39 83
30 52
13 29
14 90
77 91
3 78
36 50
70 85
81 93
57 98
2 37
3 28
10 15
0 14
44 72
32 85
64 69
64 98
77 88
9 32
46 81
40 44
27 38
11 28
12 51
12 90
24 94
66 71
16 83
24 43
79 95
19 47
5 46
38 73
28 93
23 34
41 61
4 41
49 60
65 93
27 75
59 90
94 98
2 75
32 60
18 48
23 24
77 85
19 85
13 94
41 46
36 67
0 59
51 56
28 67
76 92
13 48
42 71
25 68
1 66
44 66
59 64
12 16
41 57
9 70
1 63
19 71
53 69
55 71
67 73
60 92
50 87
0 69
27 36
74 81
19 86
55 60
3 20
78 97
27 79
9 80
9 76
69 90
14 88
37 93
33 52
30 60
75 77
1 72
65 98
16 54
20 87
5 20
24 37
17 65
14 96
2 62
32 88
17 28
16 36
71 72
21 63
5 50
2 88
73 95
11 73
10 71
68 76
5 93
54 67
13 34
24 64
12 65
21 99
0 17
50 97
31 85
12 22
63 71
21 90
21 22
26 90
16 67
21 33
23 56
17 51
12 69
93 94
53 59
58 92
44 71
56 59
0 26
5 7
14 76
3 7
12 54
28 78
27 96
21 26
46 62
87 98
67 75
7 87
36 39
68 88
11 16
6 21
3 16
3 67
77 96
28 54
2 94
44 99
23 59
62 97
41 93
55 86
1 15
20 36
64 93
47 68
6 99
49 88
13 23
17 54
17 90
50 83
14 21
15 66
3 27
54 62
0 21
26 76
2 27
17 57
27 88
39 62
26 88
32 49
1 33
30 70
23 89
30 58
29 57
29 69
49 75
0 2
81 98
13 22
49 58
17 69
30 47
1 42
64 65
3 4
64 96
18 59
14 64
32 96
13 24
68 96
12 96
58 77
48 59
18 69
12 28
28 38
46 65
44 86
32 55
35 79
6 22
60 76
13 37
26 47
6 59
14 75
54 64
65 81
39 97
49 85
26 96
27 73
37 46
5 61
12 59
34 45
68 90
32 75
28 50
23 43
20 97
33 71
13 89
60 80
9 55
62 98
7 36
0 68
46 74
28 41
3 39
14 22
19 60
1 31
57 74
32 47
16 87
21 68
1 10
16 78
52 85
50 62
30 82
17 22
56 94
79 92
56 64
18 65
28 87
32 52
8 46
68 77
11 79
56 69
2 90
30 71
80 91
85 92
9 30
7 97
17 96
67 96
49 79
21 40
4 5
34 53
14 54
4 97
16 41
16 96
73 83
61 87
52 68
14 56
5 98
31 42
15 72
37 56
6 25
8 20
55 63
56 99
16 75
45 99
46 64
0 96
30 86
22 65
46 94
68 80
55 58
51 98
42 52
29 59
38 79
8 93
62 93
4 87
44 47
54 98
54 77
25 64
22 43
67 88
25 51
68 75
6 51
76 85
35 73
23 69
67 97
3 74
4 36
12 57
69 98
17 59
24 48
49 96
22 23
26 56
23 51
82 92
7 8
27 80
41 98
48 69
6 34
31 60
3 41
10 31
64 88
14 80
45 89
8 61
29 81
12 75
17 62
33 55
26 75
33 90
76 91
53 89
47 66
8 50
16 50
0 98
51 53
11 50
62 75
79 80
33 76
90 96
26 52
6 13
2 67
52 66
10 52
43 45
43 44
12 88
39 95
69 93
16 38
42 44
20 83
42 47
1 55
22 26
28 75
53 94
28 97
18 23
64 75
1 21
26 64
80 85
32 92
28 96
0 33
25 99
46 50
14 77
26 77
38 50
55 70
0 54
6 69
53 57
67 80
28 74
26 80
88 92
74 93
43 90
36 41
1 19
31 63
17 87
19 42
73 97
14 47
17 75
51 93
54 78
16 64
27 97
0 88
75 92
36 74
14 24
47 85
62 96
2 51
10 44
33 56
34 59
48 53
16 57
5 16
20 28
17 81
0 65
37 54
5 28
41 62
19 58
57 94
90 98
47 72
49 54
16 88
56 63
32 91
32 54
10 47
54 68
37 96
49 82
36 73
19 70
14 37
55 82
6 40
10 19
25 37
26 54
63 90
21 44
43 63
13 64
17 88
33 88
79 83
16 37
30 32
2 22
21 51
70 92
68 85
3 61
27 76
52 72
54 90
96 98
88 90
9 19
23 99
48 51
7 83
21 23
12 62
37 57
16 74
65 90
20 62
6 90
29 94
75 78
31 32
15 85
1 25
56 68
12 24
4 8
75 79
32 58
13 90
55 68
59 98
64 68
25 94
44 52
0 13
0 43
28 39
19 32
31 33
77 82
0 63
50 81
33 85
33 77
46 54
63 86
20 81
1 26
24 26
52 60
1 68
0 75
36 46
2 65
25 47
46 83
57 69
63 76
18 51
22 98
62 87
31 66
25 59
48 56
33 43
13 56
79 84
19 63
1 40
2 83
22 68
29 51
33 96
28 57
1 43
34 69
20 46
12 14
65 87
63 85
21 47
45 56
40 45
19 82
24 45
9 68
54 93
2 57
3 46
6 89
92 95
68 71
28 88
9 88
62 88
24 65
2 14
8 98
54 83
0 6
3 73
60 68
59 93
16 81
62 74
0 93
9 31
7 28
16 20
67 76
11 54
3 87
41 83
62 79
24 99
4 83
30 91
75 90
7 81
14 52
40 56
2 76
26 43
62 73
16 97
11 20
49 70
31 58
44 63
26 71
21 64
92 96
5 17
37 53
75 98
27 46
25 32
12 13
2 69
35 92
54 79
61 97
29 34
58 80
27 98
7 62
20 38
19 33
76 79
17 27
14 51
74 98
70 77
22 48
46 69
25 40
55 77
1 99
29 93
33 80
15 63
36 61
74 83
14 94
12 87
28 64
50 93
12 81
37 88
23 25
31 70
5 65
42 55
77 79
26 55
22 33
36 87
53 81
28 81
58 76
21 59
2 87
14 43
26 85
2 80
46 51
79 88
55 91
59 89
63 77
16 94
63 88
17 41
74 97
16 39
35 39
78 96
2 11
43 51
8 65
32 71
90 93
37 75
39 54
33 60
9 75
6 94
31 72
27 49
26 37
25 69
39 75
2 78
13 17
29 89
7 46
49 67
18 94
23 90
30 63
23 94
2 36
33 75
33 86
12 27
88 98
47 60
24 68
28 37
54 94
29 37
17 24
19 66
50 57
10 55
24 33
7 11
1 30
94 96
8 29
61 81
78 88
9 33
22 93
7 38
73 84
13 57
9 52
54 92
30 42
84 92
3 5
57 64
83 98
11 75
49 68
7 16
5 62
71 85
31 82
9 26
22 96
25 44
21 37
22 63
36 79
79 96
31 68
60 63
63 96
43 59
21 94
30 33
46 96
1 14
51 57
20 57
2 59
6 18
12 56
24 63
41 97
43 68
75 83
33 64
26 60
57 59
93 96
11 46
14 17
0 23
49 95
60 88
69 89
0 46
43 48
21 71
10 30
15 33
50 78
83 93
4 38
4 28
53 93
9 96
36 98
78 80
23 53
83 87
27 93
50 98
36 93
20 93
13 93
4 62
29 98
0 32
15 44
33 44
32 90
13 98
12 26
5 36
30 77
27 77
14 85
24 34
46 67
9 63
4 11
2 3
4 81
15 60
39 80
78 95
63 80
34 51
29 48
26 51
1 32
22 53
2 26
67 92
9 14
48 94
25 52
21 45
2 41
36 54
37 68
25 71
81 94
3 93
2 81
19 68
12 25
23 40
16 65
21 69
13 45
0 76
67 98
5 12
22 54
6 37
27 92
46 59
3 98
46 75
33 54
64 76
18 24
48 65
26 94
7 57
14 71
8 16
35 49
19 72
37 81
32 82
29 46
17 67
45 59
11 41
21 52
14 49
14 55
67 77
25 96
17 29
46 90
26 31
0 16
9 47
2 68
14 60
8 28
2 5
55 66
83 96
22 88
11 96
85 88
76 90
75 93
39 49
26 49
5 29
38 54
67 95
19 91
29 87
53 98
23 37
43 47
30 68
17 83
63 75
28 94
55 76
39 88
3 79
39 96
8 17
69 81
12 68
79 97
11 74
88 94
21 32
27 50
24 53
12 41
25 88
34 65
60 75
17 53
63 64
39 92
15 32
32 70
18 45
40 72
12 53
18 22
12 29
4 46
61 83
7 93
6 64
57 62
51 96
50 67
24 40
88 91
12 67
11 98
28 79
75 94
62 64
4 16
22 46
41 65
62 80
53 64
18 37
79 91
73 92
12 76
52 58
43 69
52 77
5 83
11 88
56 65
19 26
51 54
20 98
2 24
46 88
19 77
23 65
85 86
16 90
17 74
3 54
80 82
17 56
46 78
51 68
84 91
88 93
83 88
60 96
63 99
22 75
2 38
43 64
17 36
14 59
76 78
16 80
37 87
1 56
67 93
28 73
32 64
49 73
38 74
24 98
68 94
38 41
49 78
49 55
62 81
35 91
43 94
49 84
11 93
75 91
9 54
40 66
28 61
43 71
47 77
46 61
38 75
17 26
31 44
55 72
76 82
22 45
57 61
16 76
31 77
68 92
28 65
38 46
46 53
36 75
27 64
87 94
64 80
22 29
31 91
33 49
48 99
20 78
40 71
48 90
30 66
44 56
37 62
60 71
22 99
16 79
75 85
21 48
91 95
29 64
23 64
16 51
15 70
26 30
51 89
62 76
54 63
14 69
12 83
28 80
33 37
39 76
37 43
22 34
47 76
13 81
37 48
68 86
73 80
24 89
15 58
11 87
0 80
8 53
13 46
73 75
17 25
15 68
34 56
55 80
25 76
3 17
87 97
61 62
2 50
65 89
52 76
11 17
9 15
63 66
4 57
18 57
12 80
17 76
2 39
78 98
45 69
45 51
40 63
27 95
25 45
39 84
78 92
13 25
85 96
6 53
25 75
64 81
0 28
34 94
0 48
2 32
25 54
2 74
1 85
54 73
30 49
51 88
14 31
2 77
33 99
70 80
14 98
46 97
17 50
7 98
2 25
32 86
28 76
9 79
17 68
80 90
26 86
8 12
52 70
55 92
33 51
35 78
6 65
0 53
47 56
38 95
36 96
38 61
70 76
59 81
51 81
71 99
11 80
26 44
30 76
40 47
53 90
63 72
16 69
11 61
7 78
16 61
13 43
68 91
12 21
17 78
15 82
23 29
13 21
91 96
3 8
4 93
24 96
64 87
16 73
30 92
27 41
26 59
25 48
2 56
80 95
15 26
12 36
5 37
47 99
51 75
3 81
24 93
14 92
17 80
52 82
20 27
38 96
39 50
22 57
0 57
49 63
24 29
8 62
35 67
16 22
26 92
53 87
72 99
5 97
42 63
90 99
22 32
37 76
47 58
5 94
58 68
3 75
56 96
44 68
14 19
30 72
37 63
11 95
78 93
2 13
32 56
28 90
5 53
33 94
39 77
20 67
12 33
43 52
18 56
11 12
12 74
36 81
27 37
19 44
51 63
6 14
44 55
33 40
38 98
27 87
69 87
61 93
2 8
21 86
54 60
2 33
3 57
5 11
77 78
8 36
80 83
26 69
38 87
41 78
2 79
38 88
9 71
4 78
62 94
36 88
21 96
36 57
19 76
65 74
57 90
40 86
3 12
14 30
54 69
12 78
66 99
69 96
26 99
73 88
6 26
64 67
10 63
58 88
31 76
18 64
33 66
41 67
52 91
30 80
77 95
28 51
48 64
56 88
24 88
33 58
38 93
14 16
21 88
12 32
29 41
0 29
2 49
3 96
0 99
24 54
60 86
22 76
73 96
27 32
14 27
17 20
56 98
2 20
47 90
0 77
33 92
53 56
18 90
27 74
52 80
7 27
74 78
22 89
37 41
47 80
25 86
29 90
6 44
0 18
54 65
11 76
6 63
76 98
19 49
35 80
2 97
89 94
59 96
16 59
56 89
57 83
73 76
7 67
63 94
33 91
81 83
58 63
26 91
6 33
59 68
54 91
77 90
32 37
18 81
12 50
4 98
14 44
33 72
34 43
8 94
54 59
25 80
5 69
64 77
5 64
34 37
25 55
37 80
25 65
47 88
26 98
0 47
14 99
54 85
0 27
14 86
28 69
54 56
12 18
67 87
33 42
45 90
0 62
38 80
41 94
8 37
26 58
35 77
27 35
22 40
12 63
40 48
58 75
17 38
93 97
47 70
49 62
56 71
80 98
18 93
51 87
67 74
51 99
54 97
1 60
17 21
73 77
14 93
55 88
54 57
24 32
1 24
76 83
25 77
6 12
54 87
14 91
59 99
97 98
5 38
68 99
31 49
60 79
78 87
68 69
17 18
8 83
24 75
19 92
65 96
24 46
11 49
22 28
25 98
3 88
43 86
14 15
1 90
49 52
19 80
86 99
8 69
21 76
2 63
63 91
20 39
40 52
32 67
47 82
17 33
2 29
62 65
52 56
26 40
56 75
32 43
52 88
76 94
7 17
5 27
61 98
58 84
39 46
62 77
63 92
32 79
41 64
24 44
33 59
6 68
35 38
2 7
68 98
69 88
6 29
43 72
45 53
12 23
47 91
31 80
10 33
4 27
18 98
27 68
76 95
9 95
0 45
21 72
71 77
25 31
4 67
27 90
21 66
37 67
14 28
82 84
17 32
59 87
83 95
2 53
58 71
27 94
2 21
34 90
45 94
52 99
9 35
21 55
12 77
62 90
47 96
21 75
14 58
21 54
16 77
43 66
40 42
24 47
9 27
41 54
40 90
58 96
14 67
56 93
26 27
0 1
69 75
13 87
59 88
47 49
14 46
15 77
15 91
9 84
11 35
31 92
64 83
35 58
58 79
0 34
11 92
77 84
21 31
12 38
16 26
9 67
7 39
22 80
71 76
14 65
39 98
9 86
12 20
12 43
36 80
50 54
59 63
5 51
78 84
16 49
27 57
80 84
68 82
42 85
75 95
10 40
8 13
33 69
30 44
29 74
50 73
22 47
14 23
21 65
28 59
28 77
32 94
0 81
56 76
52 90
24 57
40 68
14 40
28 49
22 81
16 68
59 75
2 73
1 9
75 97
62 92
2 92
49 83
38 76
55 96
5 13
1 6
1 22
67 84
5 67
52 96
17 39
58 95
43 89
37 89
67 91
68 70
6 17
41 53
47 75
34 99
11 57
46 76
61 78
29 56
5 59
38 49
25 85
8 97
32 51
51 76
5 78
70 71
35 82
17 77
55 75
52 92
0 40
8 64
57 96
12 48
14 62
27 91
17 63
0 67
11 81
4 39
10 85
76 93
0 52
21 34
35 76
13 14
11 77
65 75
19 25
41 69
15 21
15 25
33 82
37 83
32 44
17 97
46 80
23 26
80 94
17 23
34 64
5 54
16 29
65 88
51 62
69 99
70 84
33 70
44 45
37 74
24 76
67 68
64 78
81 90
58 86
82 88
26 93
54 81
1 76
25 66
18 46
63 69
11 64
0 87
63 82
25 93
8 59
63 70
87 96
36 64
39 93
25 72
80 93
8 51
52 75
37 45
81 97
1 77
71 82
38 92
27 81
2 4
95 97
66 68
12 39
13 16
39 91
4 17
73 91
50 65
88 95
7 12
70 86
16 32
71 90
30 88
16 24
26 67
8 11
36 76
26 66
19 21
49 64
37 77
79 85
74 94
83 92
96 97
39 41
36 95
67 90
82 95
62 95
47 92
0 49
26 28
25 34
3 80
13 99
18 43
67 94
54 58
21 80
35 60
43 65
60 95
54 95
44 90
46 56
23 63
42 99
21 77
77 83
23 33
60 84
22 62
57 75
57 67
75 87
89 90
15 76
54 74
36 37
26 82
17 48
28 68
12 49
21 98
25 60
68 93
9 25
40 51
41 51
31 88
42 68
68 72
39 74
62 69
87 90
23 44
45 65
0 71
75 82
94 99
8 18
26 65
49 90
22 77
22 87
26 72
19 88
26 46
70 88
16 53
57 97
27 61
27 84
35 75
64 74
40 59
22 44
3 64
17 43
79 82
9 39
35 70
27 60
16 92
20 65
0 89
66 85
64 99
26 70
24 71
32 98
47 64
28 92
33 98
11 37
82 86
41 96
21 42
13 26
71 80
35 83
61 67
25 30
10 99
43 96
22 27
24 52
20 73
17 61
32 42
45 64
89 99
26 42
88 97
47 54
28 29
20 54
17 79
95 96
51 80
12 97
71 91
23 68
38 81
37 78
27 51
28 32
41 75
60 67
21 85
32 62
0 44
3 37
50 75
76 84
18 25
37 99
38 57
17 49
57 88
83 94
56 80
2 9
18 21
22 52
10 68
38 77
12 79
79 98
26 62
43 88
3 95
32 66
62 68
77 98
67 81
37 50
29 45
46 68
46 79
71 88
8 38
0 5
77 86
25 53
32 78
25 46
2 61
41 59
50 96
14 82
27 65
23 98
6 98
3 76
50 79
56 86
10 21
64 89
14 79
21 89
57 78
12 34
1 88
0 9
78 91
53 74
27 33
9 73
10 32
42 60
82 96
9 78
70 75
36 49
30 75
1 58
81 96
39 87
87 88
18 87
42 43
70 95
16 25
35 88
30 96
38 84
7 73
15 40
31 43
10 26
54 55
34 57
13 54
43 55
9 90
68 79
6 47
7 65
13 96
13 28
5 96
24 80
15 43
8 27
50 64
25 49
22 71
15 49
5 18
52 54
13 41
65 68
21 30
14 70
48 98
48 57
4 12
2 6
72 85
25 42
32 39
16 56
24 28
85 90
2 43
0 85
31 96
78 81
1 80
36 94
5 22
34 40
59 62
4 73
14 78
15 80
10 60
14 66
69 74
5 90
49 71
56 77
56 57
11 84
21 53
19 96
32 72
70 79
46 73
43 53
23 93
48 93
0 83
55 90
7 54
24 81
77 94
28 53
16 33
0 41
65 83
10 43
50 94
1 96
63 98
2 18
31 75
13 68
5 75
17 34
35 54
71 96
39 61
19 75
0 60
21 93
36 65
1 64
76 86
25 89
38 64
60 90
32 59
69 76
0 55
41 88
35 97
43 76
27 85
75 81
70 96
6 93
26 79
9 64
44 85
80 97
21 60
40 69
59 76
3 65
11 94
10 25
0 78
14 72
55 56
3 94
36 92
52 64
15 99
64 92
2 23
39 64
57 89
35 62
43 54
15 92
20 37
14 48
35 96
32 69
35 36
79 93
27 69
49 98
9 21
43 75
8 54
1 23
50 88
74 96
0 92
37 49
36 77
22 67
12 61
73 98
8 67
12 92
31 40
2 60
86 91
35 85
85 95
32 99
6 71
1 70
74 75
67 85
33 67
84 85
41 90
78 94
14 42
47 51
8 78
3 49
83 90
51 67
75 84
13 33
37 47
64 79
0 11
24 77
19 43
23 57
5 39
33 93
39 60
34 93
0 8
51 74
32 93
68 78
71 75
27 63
1 51
90 92
28 95
17 73
13 88
13 40
56 72
34 98
65 67
20 75
51 77
12 89
54 82
22 41
45 63
40 64
20 64
56 66
8 22
31 56
37 38
46 77
60 66
25 28
40 94
14 45
43 98
1 75
25 29
78 90
61 65
81 88
42 70
1 82
27 58
5 88
58 67
26 48
1 45
14 83
20 96
31 99
17 92
20 94
33 65
29 50
0 36
6 96
26 45
32 46
4 65
26 78
77 93
20 79
40 89
13 75
71 92
60 64
64 85
28 33
9 42
2 85
11 14
10 14
14 39
33 45
14 57
20 29
13 63
18 99
41 73
42 58
10 70
4 54
31 90
28 56
16 63
84 88
3 35
7 37
1 91
8 90
37 40
27 59
11 32
12 73
32 40
73 74
73 93
60 78
11 90
60 73
9 62
25 27
6 32
69 80
32 95
9 12
17 89
40 55
21 46
1 49
59 74
22 49
76 97
11 65
34 81
15 88
30 54
3 92
32 73
33 46
47 94
0 31
2 48
64 71
10 58
2 91
24 87
9 10
16 95
25 92
86 90
1 37
59 80
3 77
55 99
51 83
80 86
29 62
6 52
37 39
83 84
54 70
6 57
13 74
32 83
23 46
15 56
65 76
36 90
21 29
6 88
42 82
46 48
46 49
7 29
74 88
44 51
56 85
0 3
9 16
24 62
25 57
31 54
7 75
39 68
12 45
7 79
21 49
39 58
7 64
60 72
63 93
49 97
19 40
33 62
12 47
63 65
48 81
16 21
89 93
6 46
19 54
19 56
63 67
7 94
58 73
29 54
33 48
53 54
24 86
6 54
19 90
14 53
67 69
7 96
2 47
1 54
29 43
10 82
33 79
0 74
48 63
32 35
0 86
8 96
9 11
43 80
22 55
24 27
89 98
54 84
54 71
44 60
43 77
1 94
50 69
18 41
81 89
13 62
20 88
49 94
9 28
49 93
49 86
61 73
45 68
9 22
0 79
0 19
92 98
48 68
43 93
11 91
37 52
41 79
64 97
55 64
1 59
22 85
26 39
84 96
30 43
9 17
22 83
43 85
19 99
38 94
37 79
69 83
36 51
11 68
68 83
92 97
24 55
44 64
23 47
12 99
62 91
86 88
25 62
51 52
29 61
53 96
4 79
28 63
56 81
26 83
9 66
3 90
0 39
23 96
15 96
9 37
65 78
39 85
47 59
73 87
37 92
44 48
39 57
11 26
34 46
12 60
50 51
16 18
9 56
5 24
14 36
29 96
25 91
25 58
8 75
53 62
30 90
65 80
56 60
46 63
44 59
6 75
37 97
74 90
22 60
11 51
79 90
28 35
0 38
54 61
26 57
36 69
0 30
25 67
74 79
4 37
1 92
12 85
15 90
3 51
15 75
0 50
51 71
39 81
65 99
50 53
27 56
59 67
51 78
22 86
0 91
2 95
32 84
17 45
58 78
20 69
78 85
9 83
22 78
84 97
42 56
22 74
49 56
62 84
4 75
14 29
79 87
14 18
32 38
67 82
44 76
23 81
2 52
39 90
32 65
30 56
56 62
27 82
58 66
60 62
90 91
7 88
14 38
4 29
24 31
52 94
11 22
20 53
62 63
22 31
0 15
38 91
36 84
12 52
3 69
9 44
23 54
66 70
6 72
86 92
86 96
22 36
63 79
57 76
39 94
37 71
26 53
14 87
4 96
6 86
73 85
50 80
38 65
2 34
77 97
23 88
21 28
49 51
17 47
9 38
4 64
24 85
16 60
1 69
9 72
47 69
37 85
37 60
83 91
69 77
73 82
37 61
8 24
64 91
46 92
64 73
16 91
33 78
1 12
38 90
53 99
59 77
4 94
23 71
21 57
80 87
14 81
37 44
76 87
17 60
8 88
16 35
22 92
24 72
10 56
59 83
18 40
57 68
32 36
3 14
20 51
50 90
42 77
6 66
44 77
39 82
11 69
14 73
43 60
24 66
28 91
44 94
50 59
14 34
57 80
24 49
24 67
8 39
5 73
46 89
23 32
43 46
6 76
9 24
53 88
21 92
7 53
7 69
53 75
45 47
2 55
24 41
30 40
28 60
56 87
31 64
41 80
18 28
2 58
55 79
61 94
17 99
75 86
9 43
96 99
3 22
44 88
29 75
17 85
65 97
94 97
50 76
21 27
66 82
9 98
92 93
11 60
71 94
68 73
18 74
44 69
0 58
36 68
19 22
29 88
10 77
79 94
26 36
24 60
9 94
41 76
88 99
36 59
3 84
69 78
58 90
67 70
18 26
58 72
19 24
61 64
27 70
6 81
23 75
15 24
42 91
0 20
12 91
13 76
30 99
13 32
21 58
92 94
44 96
1 2
38 68
6 16
70 72
13 27
45 71
66 90
8 34
66 77
25 81
16 85
22 50
1 48
26 34
53 68
62 85
5 79
52 59
37 55
4 88
26 29
56 67
7 51
19 64
72 90
33 39
3 29
29 36
23 52
26 38
20 59
13 50
21 91
12 40
3 59
10 91
42 76
30 79
45 98
70 73
26 73
15 54
15 22
59 71
16 23
48 96
53 61
17 52
3 32
9 51
5 14
12 55
2 35
27 55
39 70
61 75
12 71
76 99
14 41
61 79
11 59
29 83
16 43
18 54
2 89
63 78
38 51
34 87
37 73
30 64
85 94
0 66
60 83
61 96
22 30
20 90
48 87
66 76
25 82
21 62
8 89
18 96
28 85
17 91
60 94
78 82
5 56
44 80
26 87
27 29
64 86
58 64
2 99
72 82
9 36
5 80
1 17
0 72
5 76
8 48
2 71
25 70
33 83
11 33
3 68
51 85
76 81
10 76
3 26
43 57
56 92
5 34
48 54
20 80
72 77
13 20
59 78
68 95
65 77
26 81
25 87
0 7
22 66
45 93
24 30
0 97
51 55
52 69
22 72
4 53
22 79
74 80
45 72
38 60
60 98
22 38
40 65
18 68
27 47
33 53
44 58
16 48
80 81
22 39
14 89
7 59
54 86
55 67
51 60
4 69
5 48
2 45
85 99
21 67
57 79
28 84
75 99
44 75
36 91
51 92
54 99
40 96
0 73
29 68
33 57
61 69
39 65
43 49
13 80
14 95
33 34
68 87
39 51
20 22
11 85
40 88
6 80
55 94
72 76
58 62
40 85
74 76
34 68
69 71
38 69
27 53
24 83
13 44
48 88
25 78
87 89
47 98
23 87
34 63
24 42
27 52
23 76
50 95
37 91
20 76
9 46
57 73
24 92
39 63
11 58
13 83
29 99
1 13
49 69
18 33
42 90
45 66
15 64
85 98
45 57
6 28
66 91
6 55
7 90
40 76
36 53
5 89
68 81
9 93
13 67
22 91
7 13
2 31
40 53
90 97
31 37
3 53
53 83
8 56
45 52
53 63
30 84
24 74
49 59
12 44
25 79
17 55
4 51
70 78
35 68
26 95
19 79
61 88
98 99
51 79
73 81
2 30
17 40
7 80
21 81
25 83
13 36
41 56
6 31
73 90
42 80
32 57
26 89
16 84
23 72
49 50
79 81
3 9
23 28
44 54
12 58
27 30
18 88
2 19
47 48
23 86
10 24
18 63
51 86
17 71
24 78
6 42
30 35
28 43
52 79
48 75
0 42
16 58
47 67
34 44
83 85
6 77
77 99
13 47
6 15
5 23
44 70
10 90
3 13
2 82
51 61
91 98
11 29
5 26
5 25
6 87
42 49
63 83
11 63
14 50
29 67
26 41
21 82
8 23
31 51
18 75
30 95
23 66
7 22
21 70
73 94
14 97
11 24
51 97
0 82
47 79
12 31
56 91
57 63
31 79
11 25
66 80
55 84
14 35
55 95
35 55
18 62
19 37
24 36
3 91
45 86
10 80
82 90
52 67
33 73
16 47
28 58
29 33
16 34
50 77
14 74
17 95
80 99
57 77
8 73
7 76
8 14
0 4
30 67
37 86
33 36
77 87
56 58
6 10
22 58
44 82
38 59
72 91
12 95
28 48
38 58
10 49
0 10
66 88
58 83
36 60
39 69
41 68
46 95
95 98
32 48
40 75
56 83
4 59
69 97
38 85
32 45
60 99
52 98
2 40
5 68
0 70
22 42
32 97
26 35
42 88
45 96
44 49
45 46
31 94
33 38
70 90
12 19
30 37
2 84
49 65
59 61
17 58
19 27
40 54
53 67
25 41
11 13
21 87
56 78
2 70
12 30
44 91
4 80
46 60
41 77
34 96
68 84
13 61
60 93
40 77
6 19
49 87
50 92
27 31
5 6
3 24
19 51
33 89
65 79
40 60
37 58
32 87
72 80
9 59
93 99
42 92
20 95
68 89
41 49
27 43
29 63
25 39
91 94
1 98
4 90
33 95
49 66
63 89
9 69
25 36
8 79
23 80
48 71
86 94
4 13
34 54
72 88
55 59
18 50
22 97
43 92
13 77
0 61
47 65
64 82
11 53
10 88
91 97
34 41
10 22
9 99
16 52
24 50
2 44
47 93
41 48
59 85
43 58
53 76
66 96
6 8
9 97
17 44
8 76
11 56
24 91
43 81
45 88
19 94
19 67
8 80
28 47
10 92
33 87
3 33
16 55
44 89
85 93
15 37
49 57
11 82
18 20
8 25
40 80
69 79
35 50
29 78
39 59
68 97
42 96
62 82
39 55
33 81
46 85
4 76
69 92
46 91
13 78
63 73
69 85
15 51
59 86
17 31
45 54
59 60
31 67
7 95
1 65
6 85
14 84
26 97
16 89
29 76
55 78
30 51
20 49
14 20
64 66
9 40
43 62
36 56
6 62
19 84
4 22
3 60
43 91
29 97
26 50
64 70
36 63
55 69
28 34
59 92
29 38
64 95
93 95
72 96
60 69
33 35
55 98
61 90
24 58
12 86
45 81
51 91
1 34
26 84
21 78
32 81
56 74
64 72
91 93
19 35
49 72
24 79
29 40
40 98
59 97
47 62
23 41
32 41
30 94
3 25
4 95
5 77
50 68
13 52
34 88
13 71
36 85
48 52
32 53
46 47
5 21
38 63
26 74
19 95
17 19
41 89
8 26
48 76
10 96
66 75
22 73
2 15
51 66
7 18
17 30
51 72
23 77
77 81
17 35
20 77
2 86
63 95
56 79
42 75
6 27
66 92
55 62
23 62
27 71
44 92
31 59
24 39
59 79
12 35
21 79
28 52
71 98
49 74
22 61
28 55
21 83
74 77
24 38
53 80
23 55
45 75
25 38
20 24
6 30
16 82
51 73
12 15
15 94
12 82
58 98
53 78
5 49
1 27
41 92
38 82
3 56
87 92
35 98
68 74
5 32
65 73
30 39
32 50
89 96
34 75
62 70
35 46
43 67
58 94
46 99
42 45
52 93
11 70
7 49
36 58
29 80
6 41
52 62
55 73
63 87
69 86
23 31
6 9
82 83
44 65
6 60
63 81
28 82
72 75
7 14
31 84
10 75
54 89
8 68
61 80
65 92
20 92
56 82
3 63
11 21
31 35
13 38
47 78
31 95
1 16
18 27
5 33
43 87
33 84
1 93
35 63
29 32
23 42
30 78
52 65
21 41
39 56
25 74
33 41
22 82
56 70
18 61
31 69
10 45
15 23
41 95
18 44
38 53
42 64
48 62
49 81
52 78
72 92
28 89
51 58
0 95
12 70
19 59
7 77
20 35
23 27
34 74
3 85
6 49
37 66
67 71
50 56
60 97
46 52
57 92
40 93
8 21
53 97
9 65
71 79
7 24
16 70
17 82
48 74
30 73
74 95
22 70
18 32
59 72
45 76
20 26
61 76
37 72
43 70
54 66
35 64
10 23
18 76
43 82
59 66
17 86
39 47
39 52
16 71
16 30
38 56
49 99
37 82
1 89
16 45
15 59
15 79
57 99
4 49
38 70
1 67
74 92
10 64
90 95
4 18
28 70
37 95
21 36
25 50
7 92
20 68
13 49
88 89
65 71
66 94
42 54
44 98
21 39
52 95
32 74
48 80
34 47
70 83
16 31
16 99
35 93
25 73
18 83
7 35
48 72
72 94
3 58
19 23
18 36
13 97
6 67
19 69
31 98
19 39
63 84
69 73
55 93
15 17
15 45
1 46
16 19
48 86
1 18
54 72
35 52
30 62
3 18
30 59
32 34
5 43
42 51
74 89
5 92
15 27
19 78
17 70
11 55
5 63
4 35
37 70
87 95
31 45
23 74
1 28
48 66
4 14
75 89
71 93
46 58
41 63
31 39
52 84
45 55
10 54
23 85
28 30
4 77
30 98
19 98
20 32
33 97
46 55
60 65
31 78
24 82
65 85
58 93
7 26
50 84
47 95
1 79
61 95
40 49
34 62
15 69
18 67
58 99
13 39
20 56
3 21
17 84
12 84
0 35
24 97
10 51
4 92
69 91
27 48
59 91
30 69
24 70
33 50
28 71
44 53
45 87
55 83
69 72
28 31
29 39
40 58
31 62
19 62
66 69
7 68
8 77
1 53
18 80
53 77
36 82
37 42
81 92
19 28
15 67
35 47
23 67
59 73
11 47
6 74
40 46
19 73
8 33
8 32
85 97
58 97
4 24
33 74
8 43
18 47
21 38
84 98
82 98
1 62
47 83
34 71
52 73
35 90
46 71
20 25
48 77
34 76
9 23
47 53
21 74
28 45
82 94
35 41
9 13
41 43
29 77
46 84
23 60
47 73
9 50
11 52
62 71
12 66
45 80
9 57
23 30
8 45
47 84
13 55
23 49
11 18
13 86
7 32
35 37
28 99
25 97
24 73
8 49
5 45
10 37
44 93
6 92
42 94
55 65
31 73
19 45
27 86
24 61
43 78
9 87
5 95
94 95
7 56
91 99
14 61
47 89
13 85
92 99
11 30
12 72
64 84
35 74
52 83
42 59
39 53
43 83
13 79
6 83
51 82
49 61
63 97
38 55
70 94
58 59
32 89
70 98
62 89
13 92
86 98
13 60
36 70
16 40
31 93
4 26
9 41
34 52
56 73
45 77
58 69
40 91
3 82
10 94
50 63
79 86
15 84
43 79
40 57
21 50
2 66
8 63
56 97
7 25
20 84
10 59
47 57
50 91
4 68
71 78
51 70
23 83
48 55
15 35
11 43
30 83
25 95
61 77
81 99
15 98
63 74
35 87
48 50
40 70
48 67
15 95
20 33
70 99
19 93
30 93
13 31
22 95
40 92
27 99
18 78
67 86
84 93
31 46
2 72
21 73
12 42
16 44
65 91
82 99
0 84
6 78
34 50
11 19
27 34
40 82
15 16
6 36
1 78
1 29
23 50
31 48
