100 4482 867.7908734251588 dense
0 161 543
1 382 363
2 601 852
3 64 608
4 163 489
5 564 716
6 468 361
7 234 674
8 665 656
9 473 904
10 209 368
11 196 455
12 509 937
13 148 553
14 961 961
15 692 951
16 414 566
17 33 503
18 193 504
19 170 668
20 593 149
21 225 26
22 452 328
23 948 764
24 511 58
25 198 196
26 88 721
27 99 600
28 232 336
29 840 608
30 429 409
31 876 480
32 481 863
33 616 28
34 138 788
35 624 500
36 27 855
37 862 670
38 311 480
39 858 225
40 70 599
41 589 910
42 897 167
43 567 438
44 396 344
45 11 987
46 934 676
47 323 509
48 228 301
49 308 900
50 49 917
51 626 148
52 277 500
53 165 639
54 364 744
55 387 36
56 929 111
57 436 310
58 464 881
59 706 245
60 507 683
61 194 674
62 919 175
63 388 946
64 65 23
65 533 731
66 532 89
67 310 910
68 762 930
69 59 209
70 172 869
71 340 278
72 951 231
73 817 614
74 839 209
75 541 955
76 388 999
77 66 598
78 412 945
79 246 425
80 458 596
81 295 41
82 268 41
83 141 335
84 605 45
85 867 715
86 979 803
87 846 981
88 646 469
89 548 668
90 809 835
91 79 427
92 841 113
93 280 542
94 256 99
95 398 304
96 936 982
97 485 230
98 218 365
99 833 444
40 77
10 98
49 67
3 77
3 40
0 13
33 84
42 62
1 44
29 73
63 78
22 57
9 58
19 61
32 58
39 74
81 82
27 40
19 53
38 47
28 98
14 96
20 51
27 77
4 18
5 65
28 48
3 27
6 22
12 75
24 66
35 88
57 95
10 28
38 52
7 61
44 95
9 32
52 93
60 89
37 85
53 61
21 82
47 52
4 11
9 12
11 18
23 86
0 18
5 89
44 57
63 76
16 80
0 4
47 93
60 65
31 99
22 44
11 79
76 78
22 95
2 41
82 94
6 57
1 95
6 30
71 95
7 19
42 56
62 72
65 89
56 62
48 98
4 13
1 30
29 37
36 50
41 75
5 60
79 98
13 18
13 27
10 79
38 93
10 48
39 42
81 94
21 81
42 74
12 58
37 73
37 46
30 44
15 68
9 78
6 44
10 83
1 57
27 53
7 53
46 85
42 92
1 22
39 62
12 32
21 94
45 50
52 79
58 78
83 98
26 34
42 72
18 52
22 30
0 27
35 43
12 41
43 88
9 75
38 79
66 84
20 66
63 67
1 6
44 71
62 74
13 53
34 70
10 11
56 92
17 91
23 46
87 96
28 79
6 95
13 40
28 83
55 81
49 63
11 98
11 52
39 72
48 83
13 77
57 97
23 85
0 11
9 63
1 71
24 84
18 93
18 79
74 92
0 53
12 78
19 26
68 87
19 27
30 57
62 92
60 80
58 63
3 13
17 77
57 71
17 40
40 53
22 97
33 66
4 91
20 84
4 79
51 84
3 53
68 90
58 75
0 40
53 77
32 78
16 47
67 78
11 13
24 33
25 48
3 17
30 95
0 77
32 75
29 85
15 41
83 91
51 66
26 53
73 85
25 94
39 92
49 78
47 79
72 74
95 97
48 71
4 52
80 89
3 26
26 61
29 46
9 41
14 87
0 3
13 19
17 27
5 8
8 89
11 38
32 41
67 76
0 93
55 82
2 75
11 91
18 38
33 51
27 61
2 32
11 93
12 63
19 40
26 27
3 19
79 93
56 72
20 24
28 71
22 71
20 33
26 40
0 52
19 34
11 28
32 63
26 77
2 12
48 79
0 19
19 77
13 17
6 43
51 59
24 55
34 61
49 76
23 37
9 76
4 27
41 58
4 93
75 78
4 10
13 61
34 36
18 47
4 17
11 83
50 70
6 97
46 73
13 93
29 31
36 45
56 74
85 90
0 17
16 38
39 56
18 27
2 15
46 86
20 97
0 61
4 98
12 76
16 93
1 38
10 18
18 91
30 38
59 74
18 53
11 47
2 9
79 83
2 65
13 52
49 70
25 69
7 93
2 58
58 76
2 5
30 43
18 98
32 65
0 91
85 86
10 91
13 91
67 70
4 40
25 28
44 97
40 61
55 94
0 79
36 70
30 47
3 61
4 77
24 51
31 73
26 36
52 98
7 54
38 98
4 38
20 59
7 13
10 52
66 97
61 77
7 34
16 60
1 79
71 98
0 7
4 53
25 83
69 83
53 93
87 90
15 75
34 53
10 38
8 65
16 52
91 98
1 28
6 71
71 97
63 75
39 59
7 26
7 27
55 66
65 80
3 4
18 40
54 60
4 83
23 90
58 67
34 50
15 87
49 58
11 48
1 47
61 93
8 73
16 30
18 77
30 71
10 71
14 86
22 43
75 76
17 18
21 64
5 80
8 60
38 44
47 80
13 79
4 47
8 35
72 92
21 55
0 38
9 67
51 97
25 71
1 98
29 99
28 44
28 38
32 76
15 90
9 49
58 65
0 47
18 19
3 18
49 54
1 48
32 54
79 91
19 93
4 28
1 97
16 89
5 32
28 95
54 65
54 58
11 17
18 61
48 95
28 52
25 82
26 70
25 98
44 79
73 99
77 91
21 25
40 91
10 25
18 28
1 52
86 90
1 10
37 90
44 48
24 97
41 68
27 91
11 27
71 79
54 67
7 18
54 80
18 83
32 49
37 86
30 52
32 67
28 91
47 98
13 26
52 53
13 38
2 68
4 19
7 52
44 98
7 40
44 47
41 78
13 47
10 47
0 10
8 29
68 96
3 91
32 60
3 7
25 81
9 65
43 57
12 15
30 79
54 61
86 96
7 77
35 89
16 54
80 93
64 69
11 53
0 98
38 80
7 47
93 98
41 65
30 97
4 61
10 93
8 88
10 44
88 99
59 92
30 80
17 53
23 29
95 98
27 93
31 37
11 40
2 89
35 80
43 80
27 34
0 26
48 69
52 61
5 58
11 77
2 60
9 54
90 96
79 95
3 34
10 13
43 44
48 91
28 47
5 41
44 52
61 70
38 95
6 38
38 48
14 23
14 90
8 37
71 94
4 7
4 48
54 89
23 73
19 52
16 43
10 95
45 70
1 43
17 83
30 93
26 50
13 98
12 67
34 40
19 70
14 68
5 54
3 11
46 90
58 60
34 77
54 63
16 65
34 49
64 82
48 94
38 71
27 52
41 63
12 49
31 46
47 53
7 70
52 80
48 52
1 16
64 94
28 57
18 48
1 93
2 8
32 89
42 59
54 78
71 83
6 47
22 38
12 65
1 11
48 57
6 88
19 54
2 90
7 38
5 9
6 35
0 83
47 61
7 16
28 30
8 85
2 78
34 67
38 57
52 91
28 93
6 16
5 16
52 83
17 19
11 19
28 69
30 35
8 80
30 98
43 95
38 53
35 99
24 81
35 60
55 97
40 93
51 92
13 83
55 84
25 64
47 95
23 96
10 69
54 93
0 28
69 91
11 61
16 79
41 76
16 35
22 28
39 99
84 97
19 47
73 90
77 93
59 97
51 74
10 17
88 89
57 79
86 87
22 47
7 11
68 75
16 44
69 98
38 83
43 97
9 60
10 30
9 15
59 84
65 75
35 73
5 35
73 88
59 62
17 26
57 98
20 57
53 54
30 88
22 48
69 94
3 93
38 61
17 79
80 88
25 95
22 79
5 12
37 99
20 22
30 48
11 71
27 79
15 32
47 48
11 44
53 91
53 79
47 57
58 89
54 70
29 90
33 55
63 70
40 52
44 93
16 18
8 90
53 70
34 54
31 88
52 95
64 81
52 71
43 89
17 98
6 79
91 93
47 71
59 88
41 90
52 77
13 28
2 63
59 66
25 79
10 57
17 61
33 59
20 55
19 38
74 99
31 85
13 34
6 80
67 75
19 36
1 18
34 45
59 99
6 52
22 98
7 80
6 28
11 30
7 49
43 59
38 91
28 94
15 58
47 54
29 88
3 52
8 43
68 85
49 75
29 86
23 87
22 88
5 75
33 92
33 97
57 66
16 22
18 26
71 81
41 60
12 54
29 35
27 47
66 81
1 83
22 35
72 99
24 82
27 38
4 26
17 52
39 51
11 16
16 61
1 80
22 52
59 72
41 89
84 92
65 78
15 96
0 34
6 20
10 22
36 61
55 71
48 93
21 69
25 44
6 48
40 79
25 55
9 89
71 82
52 57
7 67
35 65
1 25
73 86
20 95
7 79
23 68
83 93
94 95
77 79
51 57
3 36
6 98
17 93
22 51
20 92
0 48
68 86
16 88
70 78
47 83
22 66
70 76
11 95
43 60
1 4
31 35
46 99
12 68
49 61
20 74
47 60
66 95
12 60
0 16
43 47
61 79
18 30
19 79
44 83
60 88
31 39
54 76
36 53
10 27
16 57
47 91
19 91
3 79
24 94
18 44
2 76
83 95
11 25
52 54
6 10
63 65
38 43
16 53
44 80
49 50
36 40
17 28
25 91
36 77
31 72
56 59
5 88
2 54
6 93
50 67
16 95
26 93
83 94
4 16
24 57
61 67
48 82
14 85
57 88
27 98
94 97
25 57
7 17
51 55
13 48
16 19
6 59
27 36
8 41
6 51
93 95
43 99
13 16
41 87
48 97
8 16
85 87
22 59
60 93
35 57
5 15
35 59
32 80
81 97
22 80
69 82
55 95
27 83
66 82
48 81
40 47
94 98
38 40
14 15
38 54
66 71
10 40
18 71
8 46
19 49
24 59
8 99
24 95
71 93
10 77
15 65
42 51
12 89
38 77
47 77
79 80
5 90
61 91
5 73
10 94
85 99
7 60
40 83
77 83
31 74
60 75
28 97
73 89
4 44
10 53
22 93
8 31
5 78
7 36
21 48
61 80
4 71
54 75
47 89
20 39
85 96
66 94
35 44
51 95
22 24
19 50
40 98
2 87
26 45
8 32
26 54
21 71
20 44
3 47
57 94
57 59
43 71
4 30
5 43
1 35
3 38
77 98
55 57
37 68
24 71
60 78
27 70
17 38
41 67
53 98
6 66
44 88
57 93
19 67
41 54
15 78
3 10
11 57
18 80
16 98
17 48
41 49
49 65
11 69
38 60
44 94
62 99
81 95
3 70
50 61
26 49
3 83
20 71
34 93
42 99
1 88
36 49
30 60
10 16
0 1
30 89
58 80
65 88
0 54
69 79
74 84
11 22
65 67
22 25
14 46
18 95
57 80
75 89
11 26
33 74
3 98
82 97
6 11
21 24
88 97
36 67
13 54
40 70
60 63
32 68
44 66
25 97
18 34
69 71
5 63
69 81
31 59
17 47
20 43
9 68
8 68
26 52
70 77
5 68
26 67
7 91
58 70
35 37
1 94
23 31
2 80
16 28
82 95
75 90
15 85
52 60
26 91
51 62
49 60
18 54
65 90
43 65
37 88
4 25
17 69
27 28
34 63
43 51
57 83
53 80
89 93
8 15
5 29
43 52
2 67
19 80
2 49
28 82
16 71
30 83
11 80
49 53
88 95
29 89
80 95
4 69
4 95
22 55
35 95
97 98
2 85
0 30
4 34
1 20
71 91
60 67
35 47
50 53
1 13
22 94
5 37
27 54
28 81
0 80
8 58
58 68
44 51
38 89
10 19
8 23
5 85
9 70
65 68
35 97
57 81
17 34
15 63
7 65
16 32
20 42
38 97
65 76
53 83
51 56
43 93
7 50
47 65
25 38
43 73
46 96
6 24
75 87
10 61
46 68
19 98
7 10
65 73
53 67
14 37
20 30
15 76
0 44
31 62
18 25
44 55
24 44
9 80
79 97
10 97
78 89
45 67
28 40
48 55
32 70
3 50
7 98
7 58
45 49
1 91
89 90
66 92
61 98
6 18
81 84
21 28
28 77
28 53
39 84
18 57
7 32
22 83
37 87
31 43
33 39
1 66
7 63
13 80
60 61
18 22
21 66
33 42
8 54
59 95
8 9
35 38
31 42
4 80
37 89
7 89
25 52
51 71
25 30
57 84
5 49
13 30
34 78
65 93
6 25
42 84
26 47
16 27
12 90
13 70
20 81
15 23
57 82
6 89
46 87
15 89
60 73
5 47
2 37
40 50
52 89
16 58
44 81
50 77
5 67
3 28
34 52
0 71
21 83
82 83
37 96
68 73
63 89
27 50
64 83
43 79
33 81
8 12
2 73
29 43
51 88
22 84
30 59
48 64
55 64
85 89
47 97
15 86
39 88
8 75
16 48
74 88
33 56
18 69
7 78
13 44
6 60
20 88
35 85
4 54
1 51
13 36
44 59
47 88
27 48
15 60
79 94
0 70
4 57
30 51
20 62
1 55
22 81
34 76
21 95
44 91
40 54
82 98
6 83
26 38
15 37
44 82
7 30
32 90
3 54
66 74
21 97
56 84
85 88
29 65
4 6
4 22
92 99
1 24
29 68
84 95
7 9
54 77
81 83
10 82
5 7
81 98
5 93
80 98
5 76
1 81
49 89
61 63
19 83
11 54
65 85
33 57
24 92
37 65
34 47
6 55
38 65
38 88
5 30
13 71
51 72
26 79
30 66
0 95
33 62
82 84
6 94
25 47
40 48
19 60
10 80
60 76
28 55
19 28
7 28
11 34
60 90
10 81
20 56
68 89
48 77
30 65
49 80
34 58
31 86
21 98
71 80
67 89
0 36
41 85
62 84
12 87
23 99
54 79
28 61
58 61
41 80
50 63
20 94
52 97
22 82
30 54
29 60
2 29
1 82
8 30
2 16
91 95
22 33
24 25
10 21
20 82
9 90
9 16
61 83
16 97
1 60
32 61
61 65
12 70
48 53
70 93
1 7
6 84
28 80
12 80
52 65
1 59
53 60
16 40
5 38
35 93
56 99
8 86
35 52
67 80
1 89
61 78
51 81
58 90
3 48
33 82
17 25
50 76
0 25
0 69
16 77
30 53
28 43
68 78
16 49
30 91
25 66
43 66
1 53
32 34
7 83
33 95
35 51
78 80
17 36
69 95
20 35
3 16
2 35
13 95
71 84
84 94
39 66
34 38
19 63
22 89
21 57
61 89
30 61
16 34
41 96
9 34
74 97
46 88
6 8
28 64
36 54
30 94
60 68
37 60
13 69
43 74
25 93
19 45
35 46
43 98
35 54
44 60
0 6
63 80
16 83
1 69
44 89
2 23
27 80
49 93
5 52
22 60
2 96
16 67
50 54
15 73
73 80
7 76
83 97
0 57
24 30
35 71
13 25
39 43
71 88
16 26
11 94
21 44
35 39
24 74
51 99
31 90
60 85
18 60
9 61
0 22
35 74
89 99
45 61
16 91
44 69
19 58
1 61
37 41
52 69
6 81
50 78
6 33
10 43
44 84
18 70
27 49
43 48
34 91
11 97
19 30
15 46
33 94
60 79
80 97
19 32
43 54
20 72
59 71
7 44
76 89
5 6
19 78
73 87
19 65
75 80
31 92
1 27
67 93
55 98
38 69
52 88
48 66
55 69
11 43
1 19
19 48
1 21
8 87
5 46
8 47
36 63
5 61
33 71
91 94
31 56
24 48
39 97
7 48
29 87
10 26
14 29
6 13
34 80
88 93
51 94
42 66
0 60
93 97
15 29
41 73
51 82
10 64
48 80
6 99
63 68
48 61
64 98
44 53
92 97
27 67
26 63
64 71
57 89
37 43
30 55
14 41
6 65
57 91
14 73
1 17
2 14
2 46
10 55
13 57
45 76
13 50
6 82
21 22
19 89
31 89
13 22
61 76
34 79
32 93
70 75
26 98
16 78
45 63
53 65
53 63
57 60
18 43
4 70
20 99
68 76
21 84
7 12
3 49
45 53
17 71
9 87
16 63
2 86
27 30
55 59
1 54
13 60
13 49
29 80
5 99
3 45
35 90
12 16
60 70
29 39
32 87
34 60
52 70
40 49
9 19
8 78
53 89
24 43
15 67
7 45
79 82
53 58
38 94
33 44
24 39
59 73
35 79
11 60
2 88
58 93
22 91
16 41
0 49
46 89
29 96
16 17
65 70
73 96
72 88
44 61
29 59
5 87
5 23
49 77
79 81
55 83
32 53
15 49
23 41
86 99
79 89
32 47
16 70
15 54
20 21
40 80
18 36
1 84
28 66
36 76
69 77
3 67
26 83
32 35
40 69
57 69
47 70
0 50
4 36
26 80
6 7
21 33
18 89
8 22
39 73
5 31
1 40
47 49
17 70
30 81
33 72
90 99
77 80
13 67
27 44
40 45
29 41
42 88
72 84
40 67
45 77
29 72
27 69
53 78
89 95
1 77
24 28
54 88
26 78
3 80
60 95
6 91
43 84
58 87
4 60
19 44
8 38
36 78
70 80
20 48
75 96
67 77
0 67
17 44
19 76
62 66
66 88
6 54
27 45
5 19
1 5
56 66
1 65
20 25
47 58
22 99
29 74
3 69
34 65
21 79
47 69
69 93
12 34
18 97
65 87
88 90
6 74
4 94
8 63
24 42
53 71
49 52
62 88
47 67
44 54
1 3
8 93
52 94
30 82
27 71
79 88
36 93
45 78
5 22
60 99
64 91
30 84
41 86
80 99
7 95
46 65
75 85
22 74
30 99
73 74
72 73
16 73
88 92
54 98
30 40
9 53
5 53
20 28
0 89
10 54
17 30
4 43
1 8
2 7
53 95
7 43
5 44
43 85
97 99
26 58
1 33
18 65
7 22
26 76
76 80
16 75
30 77
17 54
18 94
7 71
9 93
12 61
44 65
22 69
80 83
37 80
26 28
22 65
6 53
52 67
23 89
11 89
35 41
8 44
78 90
18 49
33 43
6 39
8 59
38 70
35 58
4 97
32 85
55 79
6 21
40 44
17 50
11 70
8 57
80 91
65 99
2 43
47 94
57 74
31 51
3 30
17 95
25 27
6 61
7 75
13 89
7 57
23 65
27 60
32 52
44 77
50 58
42 97
0 65
41 46
26 32
23 35
66 98
8 52
63 93
32 73
22 39
57 99
41 70
32 38
21 51
0 43
40 71
65 79
38 49
14 75
11 82
30 69
26 60
27 95
5 70
31 60
35 66
12 85
71 77
24 56
61 71
23 88
61 95
9 47
18 67
25 40
25 77
22 53
35 72
53 76
8 96
5 86
78 93
13 65
3 44
9 50
24 98
30 33
52 58
24 62
4 89
80 90
28 35
6 31
8 14
31 65
43 92
15 80
22 54
19 71
11 81
5 57
10 34
80 85
84 88
53 57
9 26
54 91
7 41
70 89
48 51
69 97
21 91
10 66
42 43
7 35
46 60
32 37
32 88
34 89
5 18
6 19
35 98
16 29
16 25
45 54
28 54
38 58
37 75
2 70
12 96
19 95
60 98
59 80
82 91
11 21
38 67
3 71
11 35
39 57
34 98
35 42
25 51
18 35
5 79
6 73
36 91
9 35
7 8
22 61
57 65
5 34
87 89
8 49
24 88
20 98
12 19
10 24
3 25
32 43
10 60
16 76
31 80
21 30
16 59
25 84
36 52
11 36
13 43
20 38
28 88
17 80
32 50
63 90
10 35
20 31
78 87
11 65
64 95
4 49
58 85
34 75
43 72
6 69
16 99
8 67
28 51
9 85
57 61
18 50
43 46
62 97
36 58
60 71
43 83
0 5
73 75
30 73
35 62
38 81
54 68
43 62
6 27
54 57
29 62
29 32
50 93
88 98
43 55
64 79
8 76
38 82
40 95
66 79
25 43
54 95
43 61
2 47
19 22
8 95
47 63
71 89
33 88
10 20
4 65
81 91
66 72
89 97
12 37
58 73
26 48
28 60
53 69
4 50
35 48
20 79
77 95
93 94
35 92
5 95
2 61
25 53
22 92
27 57
29 42
41 88
47 78
40 60
37 39
26 65
46 72
22 27
4 67
19 57
2 93
12 73
61 75
6 29
5 13
17 57
24 64
65 95
6 92
37 72
89 98
44 99
23 60
10 88
9 36
9 52
60 77
38 66
3 60
43 53
23 75
9 73
20 47
70 79
11 88
57 92
58 88
22 31
38 55
37 58
0 97
25 33
48 88
62 73
27 63
74 95
5 11
91 97
60 87
11 64
59 89
35 68
68 80
3 95
86 89
70 91
65 86
76 90
12 35
67 68
0 32
30 31
12 14
24 79
10 89
37 59
34 83
27 65
60 97
16 20
9 38
0 58
9 37
0 94
32 36
17 22
42 73
27 89
54 90
18 88
43 58
13 32
49 68
13 45
12 53
36 47
35 84
13 58
48 84
15 35
30 74
24 35
56 88
12 93
29 30
30 32
95 99
5 96
39 46
6 17
38 51
29 75
1 99
28 89
76 87
19 43
59 81
11 49
52 82
63 87
52 81
84 99
52 63
38 59
56 97
16 37
43 94
41 61
4 82
7 88
18 32
12 50
11 55
55 92
13 63
27 58
4 5
44 64
4 35
17 94
37 74
28 34
66 83
21 38
51 98
26 30
24 83
8 97
35 75
0 63
2 31
26 89
44 74
1 26
48 54
75 86
22 73
6 40
27 32
35 61
31 97
31 68
18 58
29 58
1 64
43 90
0 35
52 78
47 59
45 58
66 99
27 78
54 83
72 97
40 57
5 14
54 71
6 77
12 47
13 94
12 29
35 86
39 95
30 39
13 97
20 80
24 38
4 81
4 21
34 41
2 34
9 88
3 63
64 97
22 40
2 19
0 45
16 51
47 81
57 77
18 82
57 64
19 75
11 67
47 66
33 99
2 99
9 45
9 96
76 93
16 31
51 79
32 96
36 38
40 63
6 42
22 77
47 82
54 73
47 51
8 61
10 51
9 29
64 66
86 88
2 38
31 57
12 23
33 35
19 69
8 39
20 52
38 63
41 43
13 78
24 72
19 25
48 60
28 84
59 94
12 26
22 42
30 58
3 6
0 78
18 81
63 77
33 48
65 96
15 16
2 30
50 52
68 88
9 43
38 78
5 26
4 64
24 69
46 74
3 57
21 52
52 55
16 85
25 80
39 44
0 9
47 55
23 32
30 34
16 90
25 61
9 13
2 52
8 79
51 80
3 22
22 29
13 35
49 79
18 21
5 27
7 25
35 53
8 74
41 93
17 64
59 60
41 47
43 81
48 59
40 65
46 75
9 27
1 74
92 95
36 79
28 59
42 57
46 80
58 96
65 98
17 49
40 89
16 36
18 63
59 82
4 88
52 66
19 41
55 74
19 35
15 88
61 69
3 58
3 78
17 45
40 58
11 50
3 65
2 53
65 77
14 65
32 45
40 78
10 65
26 44
48 89
60 86
77 89
57 73
46 59
12 88
3 89
43 56
6 62
66 69
43 91
9 18
58 77
14 31
32 40
75 93
24 47
12 86
20 83
3 32
12 36
67 79
14 32
77 78
1 34
32 46
39 85
0 88
4 32
50 91
53 75
68 99
72 85
9 14
16 66
22 62
47 50
5 59
5 71
28 33
17 67
5 97
18 78
32 77
65 71
27 76
22 64
21 47
5 98
35 78
16 94
50 75
59 79
4 58
47 76
35 56
12 52
29 92
29 54
8 19
9 23
27 43
34 48
1 39
51 52
8 18
61 88
47 75
28 65
59 85
7 69
11 66
9 30
43 82
32 79
5 10
75 88
11 32
18 64
55 91
23 58
12 38
37 62
8 71
60 91
12 46
31 44
52 59
89 96
24 52
44 73
6 72
8 53
12 45
6 37
82 93
46 62
81 93
11 20
44 92
23 43
57 62
73 92
32 86
31 87
29 57
84 98
6 32
1 73
12 43
10 70
20 93
59 98
24 99
36 80
41 53
11 58
65 97
14 58
16 69
37 54
16 68
51 73
71 74
54 85
37 42
55 88
35 63
5 28
67 90
3 9
29 56
60 83
13 88
47 73
49 90
4 55
9 40
58 79
31 96
30 37
15 31
30 49
70 98
14 89
16 50
13 76
18 55
74 85
11 24
17 60
30 92
29 51
39 55
73 97
1 31
5 40
3 76
22 72
2 6
9 77
31 95
0 76
4 63
8 51
38 50
26 71
1 32
35 49
78 85
26 75
36 60
7 97
53 88
8 11
42 46
25 59
35 83
40 76
10 84
52 76
3 5
5 77
10 59
38 41
8 20
8 72
66 80
31 84
46 58
26 69
0 82
34 44
47 99
17 21
76 77
9 46
50 60
30 67
41 52
56 73
59 65
19 88
9 86
20 73
18 45
35 67
0 8
29 44
31 41
16 24
55 93
42 95
43 75
23 80
4 9
17 82
66 93
50 65
29 97
21 93
38 64
53 97
59 93
1 29
4 78
0 81
26 95
51 83
10 36
50 80
45 93
6 58
71 99
4 45
39 71
31 66
58 86
0 21
20 89
36 65
35 55
57 72
73 95
20 29
31 33
33 98
52 64
40 43
83 88
1 92
79 84
60 96
73 78
38 99
25 35
38 73
6 26
36 75
22 56
51 93
6 56
1 58
25 88
38 76
27 94
38 84
78 96
49 91
0 12
51 89
83 89
13 82
36 98
32 44
30 41
43 77
6 64
41 99
52 75
15 99
29 47
15 70
42 55
30 42
30 70
12 13
8 13
48 65
11 63
89 91
37 78
71 92
9 11
38 75
15 43
17 97
54 97
11 51
21 59
0 64
4 8
43 68
2 26
43 49
35 87
50 79
9 79
43 78
10 33
78 88
30 64
16 55
12 27
61 97
3 43
45 75
17 81
42 44
16 46
56 57
63 85
18 76
36 83
14 60
13 21
14 99
13 81
23 72
8 98
6 85
40 94
22 37
77 94
5 48
12 30
30 85
27 35
27 97
18 20
70 83
7 15
67 91
21 43
26 41
11 78
22 26
22 32
1 2
18 66
12 18
2 18
30 78
24 93
28 70
25 26
29 95
13 64
80 94
62 95
8 70
54 87
87 99
20 69
43 67
88 94
0 2
17 43
16 81
8 28
26 57
30 63
43 63
8 10
19 97
6 34
63 79
41 50
64 84
24 80
67 87
39 89
17 89
20 60
10 49
8 42
44 58
73 93
1 49
63 88
63 73
62 85
49 98
33 79
2 13
20 64
47 84
30 62
6 9
74 80
8 34
74 89
8 62
3 94
49 87
4 66
29 38
35 94
29 78
2 22
16 82
33 38
39 80
78 79
65 91
23 39
80 87
55 56
83 84
32 99
53 94
49 88
18 24
96 99
2 44
1 70
51 60
4 20
76 96
37 63
34 71
1 9
42 85
63 96
14 78
34 95
17 65
44 62
87 88
55 62
35 91
31 32
47 64
43 86
81 92
33 64
1 42
10 67
30 72
11 59
1 67
52 73
35 76
67 98
5 50
22 58
3 12
81 88
36 89
34 43
31 47
4 24
12 40
67 88
5 36
32 57
16 84
45 52
16 74
0 55
2 79
40 97
2 50
69 80
26 43
54 99
76 85
22 34
65 83
43 69
30 75
37 92
4 76
77 97
50 89
37 57
72 95
12 77
24 31
28 36
52 99
16 39
0 75
18 51
80 86
52 84
93 99
2 27
64 93
6 41
13 75
6 49
27 88
6 46
37 47
35 40
44 49
37 56
8 48
32 98
33 47
11 45
34 57
0 41
29 93
45 91
29 63
55 80
5 91
36 41
35 81
10 32
34 35
56 95
31 38
46 56
32 95
66 91
9 44
33 83
23 74
23 78
3 97
4 12
44 72
35 77
2 57
27 75
2 11
18 41
13 41
22 85
17 63
5 20
42 71
24 91
88 91
37 44
8 27
2 4
1 62
28 49
5 83
74 81
16 23
13 55
18 75
1 37
15 61
69 84
51 69
80 84
3 35
46 92
48 70
44 70
8 92
45 47
30 90
82 88
14 35
30 46
6 67
5 51
58 98
57 58
10 50
58 99
16 21
59 83
5 17
5 39
44 67
25 54
23 59
72 86
31 71
37 51
10 58
14 63
29 52
17 58
2 36
46 54
35 96
14 76
16 33
18 59
11 12
17 32
51 64
31 58
64 77
4 51
7 94
19 94
12 79
15 47
40 64
31 54
9 22
73 76
25 60
5 74
11 76
37 76
39 60
50 98
6 12
15 34
82 92
27 64
61 94
80 81
60 74
11 84
66 89
28 67
37 97
26 35
27 41
15 93
8 26
58 95
35 82
33 52
31 75
45 65
47 85
44 56
45 60
30 56
17 78
8 66
1 78
16 45
37 38
28 32
1 63
41 45
71 73
35 70
49 73
6 90
27 82
1 72
9 99
14 88
23 54
20 91
34 69
2 95
78 86
43 70
0 20
1 41
9 31
3 64
20 65
92 94
47 90
33 69
17 55
7 73
12 31
0 66
20 37
80 82
6 78
7 68
67 73
46 78
79 99
25 89
21 27
1 12
6 70
62 71
2 40
75 99
49 85
23 63
43 76
38 45
49 83
50 83
88 96
36 48
76 88
33 80
23 62
2 3
22 49
3 75
12 99
67 85
51 65
40 75
6 63
40 88
39 86
37 95
17 35
76 79
30 76
57 85
40 82
2 77
39 81
28 58
27 81
77 82
32 91
68 70
74 94
38 74
21 40
21 77
15 19
84 93
45 80
41 79
77 88
75 77
72 89
22 46
60 66
25 34
9 57
74 82
58 91
4 59
9 17
37 93
9 98
55 72
47 74
7 90
66 73
9 10
29 76
8 40
22 41
41 44
0 24
3 88
6 75
59 90
4 41
11 33
16 87
22 67
29 71
23 42
31 93
1 85
67 83
31 52
44 85
37 49
34 88
4 75
30 36
13 20
44 78
11 41
39 65
73 79
40 81
32 71
8 77
37 67
44 63
77 81
1 56
13 66
15 30
85 92
3 82
49 95
3 8
29 66
38 39
38 85
12 44
49 57
3 21
63 91
48 49
55 99
9 95
90 93
54 59
40 41
65 74
10 63
2 45
63 98
8 56
3 41
39 47
15 38
75 79
1 36
53 82
29 49
56 85
73 84
23 76
11 75
63 86
47 68
70 95
41 77
46 63
28 50
45 79
22 70
37 52
7 29
17 76
29 67
29 84
0 51
74 86
43 87
42 89
28 99
24 89
21 88
46 51
38 90
78 98
12 22
10 78
85 93
39 90
53 81
56 71
3 81
26 88
67 95
15 53
16 86
71 72
15 52
1 75
57 67
72 80
42 80
13 24
8 84
17 88
51 91
33 93
80 96
70 71
48 67
8 83
42 81
39 94
58 71
21 80
78 91
5 45
54 69
21 53
2 59
51 85
32 48
80 92
18 84
62 89
9 28
85 97
8 24
54 86
48 74
39 82
46 57
57 70
22 78
30 68
9 91
68 93
41 57
33 73
54 96
2 98
21 35
98 99
22 90
28 74
70 88
72 90
5 72
0 59
59 86
22 63
14 80
29 79
48 99
29 33
21 92
16 92
76 86
49 71
2 10
61 68
85 95
53 64
62 80
45 89
24 60
84 89
61 73
48 58
16 42
4 84
13 51
74 90
6 23
89 92
20 46
5 66
52 85
44 75
32 83
7 37
10 99
52 90
23 30
20 85
8 91
28 63
8 33
67 96
36 44
2 71
62 86
6 15
74 79
25 65
12 57
26 97
44 46
31 79
67 71
2 97
46 97
52 74
16 72
32 97
27 55
22 75
49 96
46 47
60 72
18 73
7 82
7 85
2 28
46 76
58 83
30 50
1 46
39 48
19 82
24 73
28 78
14 54
41 95
57 78
35 69
60 94
61 90
28 39
5 25
7 81
7 20
1 76
1 90
18 33
11 99
38 68
61 82
13 59
20 54
57 63
7 59
56 81
70 90
62 81
16 62
19 81
89 94
34 68
9 71
74 98
6 68
21 74
24 29
61 81
11 73
25 74
78 95
48 92
42 86
48 50
42 82
44 90
7 99
12 98
65 66
69 88
63 95
5 42
53 55
12 95
39 52
18 99
6 76
10 12
33 89
39 79
15 50
57 90
12 17
26 94
19 21
42 94
38 92
60 84
16 64
40 55
15 26
4 33
1 50
36 69
42 60
5 62
55 77
19 68
28 73
59 69
7 21
52 68
25 92
17 66
28 92
73 98
21 61
19 73
29 61
10 74
10 45
84 91
76 91
8 17
20 53
74 93
9 48
51 54
43 64
58 97
65 72
47 92
55 89
60 69
46 95
53 73
37 71
59 91
14 67
17 24
38 46
23 56
19 64
57 75
54 94
60 62
23 49
78 99
23 67
14 43
44 76
39 98
18 29
8 25
45 98
14 49
10 73
10 76
7 51
7 55
76 98
36 71
7 66
3 55
31 78
34 97
43 96
32 59
55 60
9 83
63 83
39 93
41 98
20 61
23 92
0 73
28 31
5 24
22 23
19 90
31 55
25 39
60 92
53 66
12 28
11 29
10 41
6 36
17 20
37 79
21 39
5 92
61 64
33 60
53 68
36 95
38 42
48 63
10 39
62 82
56 82
1 15
45 83
46 49
2 48
4 73
28 29
46 67
75 95
55 61
2 17
48 73
12 91
0 84
62 94
16 96
78 83
46 93
15 22
29 98
59 61
31 98
37 61
42 47
37 66
19 55
8 36
20 27
33 91
8 50
62 90
53 59
19 20
69 70
0 15
63 71
48 78
27 66
44 50
15 18
7 31
69 89
63 99
71 78
42 65
90 95
4 99
13 73
79 92
15 36
92 98
81 99
5 84
31 48
94 99
7 64
75 98
34 90
19 29
56 94
2 91
53 90
24 65
51 53
25 70
42 90
22 76
13 15
9 97
61 85
10 75
14 16
31 63
56 89
23 47
10 29
41 59
15 44
7 24
61 66
6 86
29 53
37 84
28 41
56 80
60 81
81 89
54 66
24 53
10 31
30 86
62 65
22 36
22 68
67 86
2 39
49 86
59 64
61 99
0 99
41 71
8 55
17 75
46 52
38 62
12 71
11 31
58 59
51 61
24 27
25 36
28 76
36 57
10 92
25 99
15 45
0 29
36 43
42 48
1 68
19 59
19 66
72 81
47 62
70 87
13 84
18 31
52 92
23 57
71 85
29 48
7 87
60 82
79 85
2 74
28 42
90 97
21 42
82 89
38 72
47 72
0 33
16 56
59 68
4 29
28 45
33 37
41 97
40 66
11 74
17 41
15 27
18 37
5 94
15 79
65 84
20 40
5 33
65 94
66 77
15 57
65 92
57 76
44 68
8 94
17 51
19 51
28 75
19 37
2 83
20 77
24 61
49 97
70 73
23 44
13 99
1 23
56 86
82 99
13 29
27 51
35 36
64 80
76 95
23 51
12 48
49 99
53 99
6 50
79 90
23 38
37 53
24 40
26 64
19 85
19 24
3 66
9 59
34 94
18 90
25 42
24 77
19 99
11 37
7 46
42 79
3 20
57 68
67 99
83 99
11 39
34 73
11 15
24 54
75 91
50 71
67 97
4 15
48 62
41 91
5 55
2 20
27 59
13 33
26 82
86 92
42 52
23 93
2 51
47 87
65 69
50 95
24 37
43 50
12 83
28 62
26 68
53 85
15 59
71 75
92 93
18 85
54 81
31 49
5 56
23 97
42 98
12 97
72 94
30 87
33 65
41 48
50 69
54 55
21 26
76 83
3 24
72 82
31 61
21 56
74 83
22 86
54 82
21 62
66 85
20 23
55 65
18 74
35 50
15 95
0 90
18 68
26 81
31 67
56 60
51 90
76 99
46 66
39 68
70 97
46 84
70 85
31 76
0 37
25 49
37 98
2 72
4 31
28 37
50 68
30 45
22 50
15 40
0 68
21 60
46 71
54 74
3 15
5 69
40 51
48 76
87 93
39 54
10 42
23 95
29 70
8 81
0 31
62 79
37 70
27 73
51 77
13 90
15 77
21 89
78 97
47 86
20 90
84 85
10 37
12 59
45 48
52 62
11 85
7 23
38 56
50 57
55 73
13 68
61 87
17 59
23 52
18 39
11 90
25 62
33 46
68 79
42 93
4 37
63 97
71 76
90 92
20 32
25 67
13 37
68 72
68 95
25 32
29 34
47 56
48 75
68 74
39 83
52 72
1 45
6 87
3 51
48 56
62 98
48 72
28 72
5 81
0 85
75 97
31 94
40 59
71 90
31 81
31 53
59 75
41 83
36 88
32 51
29 55
65 81
26 90
11 92
14 72
7 84
19 31
59 77
72 79
73 83
21 54
33 85
13 31
4 74
8 82
46 79
28 56
64 88
34 85
17 84
4 90
38 87
8 45
57 86
34 37
37 48
34 87
56 90
83 92
49 69
25 58
35 64
25 31
56 65
10 62
39 41
25 56
25 50
26 73
62 93
13 85
5 82
85 98
3 59
21 99
75 83
36 68
11 68
65 82
53 84
54 84
4 85
28 85
72 93
46 61
27 68
27 29
32 39
1 86
38 86
44 86
14 39
20 58
4 39
4 68
10 85
51 86
41 74
67 69
15 39
19 87
52 87
72 98
32 74
86 93
2 42
50 88
25 73
40 73
24 85
26 55
27 90
2 62
24 46
31 83
59 87
44 45
31 82
15 97
27 99
29 83
7 33
51 58
27 84
72 96
73 77
61 84
56 79
17 33
68 97
8 69
3 73
45 68
15 98
25 72
91 99
21 72
10 72
56 98
90 98
0 74
7 86
39 87
15 74
86 97
18 92
10 15
72 87
11 42
34 82
33 54
52 56
59 78
23 61
20 86
33 53
15 71
9 25
19 84
14 59
10 90
26 29
18 46
39 96
20 41
73 91
48 85
73 94
14 74
53 87
22 87
25 29
28 90
41 51
20 26
7 74
34 81
19 46
50 90
9 20
10 56
52 86
30 96
15 72
39 58
86 95
2 66
0 39
27 37
49 59
7 96
14 30
21 34
40 68
15 28
8 21
34 64
3 68
7 39
5 21
21 65
41 72
58 74
59 63
46 53
2 25
29 40
40 84
11 46
27 33
68 77
62 68
9 51
33 61
13 74
74 87
59 96
77 84
70 96
26 66
1 87
25 63
59 67
29 77
47 96
42 83
70 94
29 94
36 97
42 68
6 45
76 97
73 81
4 92
11 62
34 99
26 37
32 66
40 90
3 29
6 14
27 85
68 71
2 92
6 96
32 69
23 71
40 99
3 90
25 78
26 85
74 96
56 93
45 69
23 79
54 72
77 90
44 87
69 74
28 46
26 59
19 33
18 42
54 64
9 39
46 98
3 84
64 92
43 45
7 14
45 71
14 47
13 39
29 91
36 90
77 99
35 45
23 70
19 23
68 98
0 46
20 34
58 69
45 95
9 74
42 54
34 59
70 99
26 51
46 70
27 31
3 99
57 87
24 26
29 81
14 62
11 72
32 72
10 46
69 92
10 68
48 90
93 96
36 94
33 40
74 91
54 92
17 73
33 77
34 55
37 55
12 20
23 66
23 53
12 39
22 45
4 46
73 82
21 31
51 68
62 83
60 64
14 70
26 99
54 62
58 66
37 83
61 74
37 40
61 86
13 46
66 90
39 75
64 74
28 68
32 94
14 42
23 84
15 17
18 62
12 51
18 23
15 48
31 91
20 68
2 24
39 69
37 77
12 74
45 57
46 48
53 74
50 87
14 93
31 34
3 37
3 33
26 87
4 42
39 61
38 96
17 99
34 66
49 94
20 49
74 75
61 96
12 25
34 46
41 42
31 70
0 92
39 91
34 51
40 85
29 82
24 32
18 72
41 62
15 51
64 89
15 91
2 84
63 69
62 96
39 53
23 33
20 75
15 20
15 62
14 38
18 87
69 99
9 69
58 94
62 87
77 85
70 86
11 56
3 85
2 56
23 34
15 42
32 42
19 74
51 75
87 95
20 67
58 72
14 22
45 90
67 94
25 45
11 23
0 87
22 96
50 97
17 29
25 41
31 40
32 62
42 87
25 37
84 90
42 96
69 78
20 78
52 96
49 51
72 83
9 66
0 23
79 87
19 39
59 76
39 64
31 77
4 62
13 87
14 61
56 83
83 85
45 88
24 34
37 91
19 86
68 92
13 92
34 96
59 70
3 31
20 63
41 66
26 31
2 33
91 92
24 58
79 86
14 52
51 67
48 68
25 76
51 78
9 72
50 73
36 73
15 83
0 42
7 92
71 86
32 84
13 23
19 96
2 94
36 87
4 72
33 90
23 24
53 86
1 96
55 85
4 23
32 92
23 98
72 75
24 90
32 55
1 14
37 94
51 63
36 64
25 75
12 72
87 97
70 82
9 94
20 70
23 28
18 56
21 73
83 90
7 42
45 87
42 58
44 96
56 68
41 92
11 87
90 91
14 57
14 44
27 74
70 81
57 96
10 23
27 46
27 87
85 91
42 69
58 62
18 86
2 69
14 34
34 86
49 66
4 87
46 55
66 86
50 85
0 62
13 42
32 81
7 72
17 31
14 19
2 55
50 94
53 96
17 90
42 64
21 70
17 68
84 86
17 37
32 33
27 39
25 85
21 29
37 81
9 24
39 78
26 46
7 62
58 84
68 91
12 66
54 56
55 58
64 65
36 82
32 82
29 50
0 72
29 36
37 50
9 42
66 67
14 56
74 78
26 84
15 92
36 85
51 70
21 36
64 70
5 64
4 56
9 62
36 37
58 92
24 41
69 76
33 86
12 69
23 48
61 92
14 92
53 92
58 81
11 86
36 81
63 94
17 74
0 86
42 91
14 53
13 62
66 70
49 81
69 73
49 82
68 83
78 94
55 70
17 85
39 63
62 69
31 69
23 26
51 87
12 42
40 74
58 82
46 83
63 74
66 78
42 75
23 27
40 87
37 82
41 84
13 72
14 95
12 62
74 77
95 96
66 75
24 49
71 87
3 87
33 58
42 61
62 75
2 81
62 64
40 46
49 55
85 94
13 86
