100 2556 511.66883821471873 dense
0 439 399
1 164 810
2 35 602
3 638 431
4 518 865
5 520 672
6 991 293
7 390 26
8 720 275
9 65 308
10 365 517
11 391 955
12 586 306
13 643 197
14 557 423
15 486 295
16 528 702
17 84 781
18 620 118
19 453 75
20 945 488
21 552 605
22 465 195
23 481 674
24 420 791
25 798 411
26 73 27
27 207 997
28 670 483
29 572 573
30 584 419
31 46 692
32 553 472
33 444 84
34 33 846
35 873 939
36 978 633
37 204 960
38 23 697
39 977 305
40 668 503
41 169 475
42 609 586
43 414 885
44 552 895
45 962 126
46 453 69
47 553 908
48 687 341
49 688 552
50 98 634
51 912 974
52 841 228
53 880 183
54 340 934
55 358 406
56 419 238
57 697 942
58 350 158
59 778 591
60 321 725
61 907 579
62 704 851
63 573 132
64 893 540
65 447 335
66 436 236
67 251 970
68 375 228
69 409 104
70 131 302
71 759 846
72 20 396
73 379 879
74 26 993
75 195 21
76 88 335
77 619 373
78 965 485
79 955 383
80 903 190
81 954 257
82 377 365
83 642 995
84 23 450
85 420 848
86 188 127
87 314 937
88 533 657
89 652 500
90 892 421
91 207 185
92 710 5
93 142 745
94 255 541
95 50 406
96 922 724
97 523 781
98 541 429
99 570 648
19 46
19 33
44 47
40 89
14 98
56 66
33 46
6 39
5 88
28 40
20 78
31 38
53 80
28 89
54 87
14 30
5 16
72 95
9 76
43 73
27 37
43 85
21 29
88 99
5 23
29 42
33 69
61 64
30 98
32 98
56 68
55 82
16 88
4 44
21 99
37 67
18 63
14 32
22 66
73 85
27 67
6 81
84 95
35 51
19 69
40 49
39 81
72 84
70 76
16 23
23 88
11 54
62 71
3 30
21 88
4 47
5 99
15 65
46 69
24 85
30 77
52 53
21 42
3 77
86 91
3 28
30 32
66 68
22 56
49 89
0 65
9 70
54 73
17 93
16 99
1 93
3 89
2 50
0 82
67 87
28 49
52 80
42 99
20 64
79 90
11 43
8 48
5 21
58 68
12 77
29 99
48 77
65 82
7 46
57 83
11 73
15 66
31 50
3 40
11 87
16 97
7 33
14 77
7 19
58 69
7 69
76 95
39 79
0 55
3 14
13 18
17 34
4 97
80 81
1 17
20 90
42 49
45 80
73 87
15 56
43 54
36 61
64 78
2 31
57 62
72 76
29 88
23 99
24 43
3 32
25 90
13 63
2 38
22 68
54 67
77 98
42 89
17 31
6 79
3 98
24 73
78 90
38 50
49 59
20 61
9 72
21 23
9 95
4 85
65 66
45 53
16 21
12 15
56 65
40 42
15 22
3 48
78 79
29 32
32 89
24 97
17 38
42 88
53 81
20 79
56 58
30 89
4 43
75 86
0 98
22 69
36 96
12 48
28 30
29 89
41 94
5 97
8 13
31 93
61 78
11 85
10 55
5 29
37 87
10 94
43 87
22 33
12 30
55 65
0 15
57 71
23 97
58 66
52 81
54 85
28 32
44 97
29 49
30 40
29 40
24 60
32 77
64 90
32 40
50 93
33 58
28 42
0 14
12 14
19 22
22 58
28 77
26 75
14 89
27 87
4 24
85 97
12 13
5 42
88 97
47 83
22 63
59 64
36 64
79 81
22 46
32 42
14 28
38 93
68 69
65 68
30 48
15 82
59 61
15 68
8 52
47 97
3 49
12 98
77 89
25 48
45 81
89 98
70 95
23 24
76 84
19 58
19 63
65 98
21 32
28 29
56 82
56 69
44 83
66 69
0 32
3 12
6 80
46 63
1 34
23 29
46 58
16 29
39 80
14 40
68 82
8 12
41 95
33 63
7 58
43 44
85 87
37 54
40 77
0 10
70 91
4 73
28 98
16 24
44 85
8 77
11 67
40 59
14 65
43 47
97 99
22 65
16 42
66 82
12 65
28 48
39 90
18 92
15 98
21 89
70 72
58 91
61 96
47 85
21 49
14 15
0 30
25 28
40 98
35 71
27 54
34 74
29 98
17 50
47 57
9 84
41 84
36 78
34 93
20 36
34 38
13 48
43 97
14 29
49 99
33 66
26 86
44 57
10 82
2 84
28 59
14 48
15 77
29 30
21 40
31 34
1 37
23 42
59 89
5 24
4 11
39 53
33 56
6 53
39 52
3 29
8 25
62 83
32 49
67 73
3 42
60 85
15 30
44 62
45 52
61 90
25 40
25 79
33 68
25 64
30 65
3 25
47 62
41 76
6 90
19 66
0 56
48 89
0 66
40 48
4 16
6 52
24 54
12 22
75 91
60 73
58 86
12 66
20 25
63 69
19 56
11 24
1 31
46 66
23 60
24 44
41 72
11 47
64 79
30 49
30 42
42 59
89 99
12 32
15 55
6 45
21 28
55 94
48 98
25 89
14 42
42 98
19 68
11 44
63 66
46 56
18 19
18 22
32 65
68 91
44 73
0 12
18 46
41 50
73 97
12 63
40 99
24 88
81 90
35 57
82 98
65 77
3 8
21 98
47 73
32 99
46 68
41 70
24 47
13 77
13 22
21 97
1 60
2 93
55 56
55 68
25 49
18 33
39 45
4 83
60 93
12 56
39 78
24 87
1 38
37 74
27 74
25 59
16 85
0 77
14 21
1 67
50 94
0 68
25 78
25 77
70 84
43 67
14 49
70 86
23 85
55 98
8 53
2 41
15 63
7 22
43 60
13 15
2 17
20 39
32 88
8 18
64 96
4 62
63 92
56 63
55 66
11 37
49 88
32 48
9 91
1 50
25 52
11 27
21 30
14 82
15 32
71 83
35 62
4 54
48 52
12 18
22 82
76 91
49 98
49 77
1 27
52 79
37 73
28 99
4 5
15 58
10 32
6 78
62 97
3 21
16 44
4 23
4 57
7 75
10 23
60 94
12 28
59 96
20 59
1 87
2 95
9 41
10 98
88 89
8 30
50 84
51 71
10 65
52 90
14 55
79 80
25 61
6 20
13 52
10 41
41 55
0 3
8 80
61 79
58 65
5 85
7 68
5 32
13 92
71 96
3 15
36 59
59 90
40 88
12 89
8 63
49 64
29 77
34 37
0 22
32 55
5 60
15 69
32 82
15 48
5 49
2 72
10 21
29 59
58 75
26 91
24 99
16 47
25 39
16 60
67 85
4 88
27 73
58 82
60 97
54 60
13 66
48 49
18 69
7 63
60 87
68 86
3 59
10 60
44 71
42 97
42 77
12 40
53 79
29 97
3 65
10 14
8 28
30 82
7 56
25 30
82 94
10 29
23 32
47 54
59 78
7 66
47 71
15 33
1 54
17 37
44 54
16 43
59 99
4 87
5 89
12 82
51 57
69 91
11 97
56 91
18 66
10 88
9 86
0 29
5 10
25 81
16 49
66 98
17 74
63 68
48 90
8 14
35 96
49 61
98 99
23 43
28 88
34 50
85 88
15 18
69 86
15 19
60 88
14 66
37 43
4 99
37 93
58 63
5 40
12 68
5 44
14 99
8 90
13 19
1 73
7 86
67 74
6 25
30 55
21 59
56 98
3 99
13 56
40 64
21 24
88 98
78 81
2 94
15 46
66 77
36 90
13 33
23 73
13 46
1 74
30 99
69 75
13 30
28 64
27 34
28 90
16 62
76 86
14 56
20 81
80 90
16 32
16 73
23 44
0 94
18 48
50 95
93 94
8 40
3 13
18 56
65 69
66 91
8 81
8 15
0 21
8 89
14 88
41 82
27 43
30 66
22 77
0 89
8 98
12 25
22 55
16 89
57 97
20 96
13 53
35 83
5 43
48 63
5 47
53 90
54 97
40 90
44 88
63 65
13 65
10 30
48 65
23 49
11 60
47 87
50 60
5 28
14 25
56 77
21 77
51 62
44 87
4 60
4 71
13 14
77 82
25 53
7 91
49 90
78 96
31 84
62 99
10 99
37 85
16 40
30 88
17 60
5 98
23 89
2 34
64 89
25 80
1 2
71 97
23 47
83 97
30 56
63 77
94 95
0 28
14 22
22 98
53 92
24 67
10 16
18 52
38 84
82 91
44 99
7 18
55 58
17 27
12 55
3 88
84 94
48 53
31 41
39 64
55 70
85 99
67 93
51 96
50 72
5 73
40 61
34 67
33 65
36 79
0 40
5 14
47 88
13 69
17 67
23 98
62 96
25 32
89 90
0 42
10 15
43 83
23 40
13 98
10 42
22 30
59 88
70 82
11 83
3 90
32 59
0 48
60 67
68 70
18 77
28 61
59 71
56 86
1 24
5 62
33 75
0 58
45 79
42 48
43 88
25 42
33 91
25 98
87 93
31 94
22 91
8 32
62 88
8 79
52 92
8 39
1 85
29 48
30 59
33 86
27 85
19 65
13 80
27 93
21 60
47 99
60 99
68 98
87 97
5 30
16 28
1 43
58 70
4 21
23 94
14 23
46 75
37 60
69 82
15 28
55 77
65 89
32 66
12 33
48 80
19 75
15 89
13 25
20 49
46 92
52 77
76 94
38 41
22 48
6 64
24 29
48 59
46 65
83 85
12 49
19 92
12 19
12 52
14 68
61 89
8 22
80 92
12 29
28 65
55 91
18 53
3 5
18 68
12 69
23 28
29 65
3 82
70 94
1 11
19 91
32 56
13 68
59 77
19 86
73 88
8 92
59 62
5 59
51 83
66 86
91 95
48 79
46 86
41 93
29 55
6 8
12 46
46 91
48 66
16 71
2 76
73 93
18 58
59 79
16 98
16 59
54 93
71 99
74 93
24 37
68 75
0 88
23 30
20 28
72 94
15 40
21 85
31 60
77 90
3 64
20 40
33 92
18 65
14 59
40 65
17 87
21 55
25 29
0 23
12 58
24 42
8 49
55 76
77 99
10 24
8 65
45 92
38 94
48 81
20 52
0 41
14 16
3 66
12 42
26 70
9 26
3 55
0 99
42 62
65 94
24 93
72 91
49 97
39 61
65 91
30 68
43 99
68 77
1 94
62 85
10 56
8 45
52 63
23 62
0 5
49 78
29 82
22 86
52 78
7 15
25 36
31 95
3 10
48 64
8 66
44 60
4 67
59 98
3 52
0 13
48 56
30 63
13 28
73 83
10 89
42 64
11 16
70 75
16 30
43 57
33 82
21 62
10 68
3 23
13 32
64 81
21 65
10 66
21 44
24 62
49 96
76 82
22 32
15 29
14 63
10 50
3 56
10 77
43 62
18 80
39 48
0 49
38 95
3 16
41 91
57 85
41 60
3 22
20 89
74 87
29 60
4 42
16 57
71 88
17 94
23 55
27 60
28 78
56 70
11 23
34 87
47 60
2 9
13 58
5 94
5 71
23 54
38 74
24 27
85 93
21 48
0 69
77 88
20 48
4 29
21 82
31 72
40 78
6 61
42 61
17 54
16 54
63 98
0 63
42 65
50 76
38 60
49 62
24 94
73 99
19 82
15 91
42 71
9 94
12 21
20 80
38 72
36 49
88 94
78 80
24 83
31 74
32 68
28 79
49 71
21 47
13 89
18 30
45 90
8 56
10 40
21 94
82 86
63 82
90 96
61 71
7 13
36 71
10 12
46 82
32 94
43 93
3 63
55 88
11 57
55 69
68 76
82 89
26 58
10 28
13 40
3 61
28 52
0 8
94 98
10 97
29 62
6 48
55 95
30 90
54 83
47 67
26 76
23 59
55 89
42 55
9 55
89 97
8 20
22 92
44 67
32 97
17 73
48 82
5 11
40 79
31 37
53 63
41 65
86 95
2 60
14 18
5 55
23 87
20 53
56 75
66 70
21 43
3 20
34 60
48 78
57 96
21 25
78 89
3 18
40 97
53 78
29 85
42 44
7 65
16 83
13 82
5 77
2 70
0 33
9 75
24 57
0 91
0 16
28 82
15 42
49 79
58 76
52 64
8 64
13 81
69 92
16 94
15 21
7 26
72 86
9 82
17 41
21 71
65 70
10 70
16 87
5 54
59 97
84 93
29 94
12 53
10 93
37 38
34 54
54 74
42 60
9 68
30 52
57 99
42 82
3 79
7 92
18 98
64 77
55 60
22 75
8 59
28 55
35 47
41 68
55 99
9 58
40 82
84 91
29 44
8 78
29 64
53 77
5 57
0 70
66 75
42 85
35 36
35 44
21 73
48 61
57 73
14 94
49 65
0 19
79 89
40 55
10 49
40 52
61 81
12 92
11 93
23 82
62 73
55 86
13 45
42 47
15 49
12 90
23 71
42 90
9 50
36 39
4 37
48 99
25 45
57 88
25 99
82 95
11 62
11 88
8 42
0 46
29 71
82 88
23 77
52 89
67 97
3 78
10 76
58 98
75 76
48 68
30 64
65 86
3 68
28 97
94 99
8 29
15 25
83 87
33 55
65 88
8 19
50 70
10 95
64 71
0 18
13 90
14 90
1 41
29 61
63 80
68 94
48 55
29 47
10 85
8 33
5 87
17 24
77 79
36 40
14 58
65 99
17 84
25 96
40 96
48 92
10 22
8 46
15 94
12 80
54 88
4 27
77 80
33 77
55 84
55 72
5 82
71 85
7 82
61 62
28 66
6 36
64 99
32 63
23 65
2 10
66 89
19 77
69 77
69 70
16 55
16 77
7 12
42 96
18 45
15 86
12 99
82 99
28 36
79 96
17 85
37 50
32 90
18 25
32 60
24 71
12 59
61 99
23 57
19 55
58 77
41 56
14 52
56 94
26 69
5 65
27 31
56 76
1 23
5 83
31 67
24 32
20 77
50 55
17 43
23 93
46 77
18 82
3 53
0 60
32 64
21 64
43 71
36 51
34 73
8 68
55 63
39 59
10 84
41 86
85 94
28 96
45 48
29 43
40 62
20 42
46 55
36 62
64 80
30 58
56 89
22 70
28 56
81 92
69 98
89 96
30 94
13 39
90 98
93 95
48 88
14 69
27 38
36 89
97 98
37 47
11 17
13 55
22 28
33 48
40 66
37 44
61 77
29 90
19 48
83 99
77 81
8 82
66 94
62 89
40 71
28 39
8 69
12 88
15 70
83 88
1 10
11 99
87 88
38 67
14 64
21 61
4 49
0 76
42 94
8 61
42 43
54 57
52 61
53 64
27 47
14 33
22 89
13 49
3 80
24 50
1 4
49 52
41 66
72 82
33 98
66 92
25 63
46 48
65 76
45 78
24 49
23 83
25 65
0 25
91 94
10 58
31 76
14 97
94 97
27 44
73 94
96 99
1 97
57 59
18 32
30 69
30 61
35 59
3 81
49 55
9 56
6 13
52 98
15 52
25 88
35 61
3 39
18 81
29 73
66 76
71 89
10 73
20 45
4 35
84 86
26 68
15 99
49 82
28 81
30 33
31 87
14 19
13 79
29 66
40 56
77 78
10 31
62 64
82 84
28 63
60 82
39 77
15 41
19 98
47 51
41 58
15 88
48 69
10 72
9 10
37 97
50 74
28 53
6 59
15 92
42 57
21 57
10 48
11 74
39 40
54 99
30 97
20 30
10 91
38 76
19 30
29 56
18 28
3 97
52 59
44 51
60 98
22 40
14 46
44 49
64 98
50 67
16 82
28 62
72 93
32 61
63 91
42 78
23 41
0 86
8 21
68 95
46 98
5 48
73 74
10 43
12 81
5 12
36 42
50 87
24 89
42 73
30 79
26 72
56 92
50 73
6 28
54 62
30 46
28 71
32 58
11 34
28 80
41 98
23 67
26 33
16 65
0 7
63 89
17 95
36 81
12 79
38 87
34 94
40 81
22 52
32 52
59 81
4 59
2 55
9 66
7 70
5 15
64 88
30 53
44 59
43 94
27 50
39 89
3 6
15 23
77 92
1 16
26 95
24 40
4 10
39 49
6 77
47 49
31 54
29 96
5 25
7 55
71 73
33 70
24 98
1 5
31 73
61 88
26 46
20 29
13 29
12 23
93 97
27 97
9 65
40 63
34 43
19 26
57 87
14 61
14 60
18 89
48 58
11 71
40 53
35 97
32 41
9 31
0 9
8 55
5 93
63 86
23 50
11 21
6 40
16 67
50 54
10 17
12 64
87 99
10 38
21 90
50 85
1 84
30 78
21 66
24 31
34 85
50 82
81 89
18 40
8 58
68 89
16 93
21 96
47 59
4 89
61 80
45 63
0 95
75 82
58 95
18 55
0 59
29 57
83 96
28 68
24 55
49 57
17 72
21 56
42 66
53 89
13 42
24 34
12 39
2 74
0 97
58 92
9 38
21 54
40 80
14 41
23 48
67 83
4 40
20 32
0 24
14 24
30 80
68 72
22 29
14 20
63 75
19 70
90 99
16 48
4 32
58 94
16 96
4 93
88 96
51 61
34 41
32 69
69 76
3 36
61 98
5 64
38 54
2 37
34 84
42 56
24 28
3 58
22 25
53 61
16 25
1 44
6 89
49 81
29 68
46 70
3 33
12 91
5 61
23 37
16 61
3 94
60 74
6 49
32 85
80 89
89 94
31 70
3 69
49 85
16 64
62 87
1 88
35 64
15 75
38 73
9 69
15 76
14 79
12 16
60 89
21 83
87 94
88 93
77 94
63 81
1 47
42 79
3 19
5 67
39 92
40 68
55 93
8 99
25 66
54 94
22 76
6 92
14 53
68 92
12 20
5 41
65 75
29 78
43 74
18 39
32 33
96 97
60 62
65 95
20 71
30 60
24 41
43 50
30 81
49 66
21 41
22 94
52 66
6 12
31 85
26 56
5 96
56 95
60 84
49 60
51 59
12 94
3 46
24 30
58 72
41 88
18 90
22 41
44 89
44 96
20 99
32 62
24 38
3 96
52 65
36 99
20 98
21 87
4 51
40 44
15 16
30 39
19 32
38 70
15 53
55 97
60 65
20 21
24 59
6 18
42 83
29 36
4 28
17 23
75 95
32 79
23 25
40 60
32 78
36 48
47 96
14 78
7 8
49 56
76 93
91 98
72 75
0 50
16 37
29 41
40 94
22 53
32 46
10 69
25 92
31 43
71 78
9 22
7 77
15 59
49 53
2 82
68 84
21 68
13 59
79 98
25 56
22 42
12 45
19 52
14 80
4 94
36 57
10 54
13 21
55 75
85 89
18 91
59 65
16 35
60 95
30 41
53 98
26 66
0 72
28 94
0 84
21 22
77 97
12 78
46 52
57 61
13 20
86 94
60 83
10 59
45 64
1 95
74 85
47 89
59 80
35 99
53 59
3 24
22 49
40 47
49 80
9 15
67 88
12 61
10 44
66 95
65 92
37 94
52 56
33 52
39 96
45 77
11 29
32 44
10 87
31 55
14 91
25 82
23 27
5 50
10 13
13 64
28 60
16 41
38 85
40 85
15 90
3 62
8 88
26 84
6 30
59 83
22 26
42 52
2 67
21 36
32 71
18 79
78 99
29 79
36 52
5 37
78 98
42 68
29 83
4 96
54 71
24 82
10 86
28 44
11 42
2 24
35 49
67 94
29 54
56 72
70 98
88 90
8 10
15 80
21 78
7 9
14 81
7 98
63 90
7 14
2 27
43 49
65 72
13 78
66 88
3 92
7 76
18 86
3 71
3 60
30 92
7 48
49 94
23 64
21 93
66 99
80 98
11 31
38 43
10 47
61 97
57 60
56 88
51 97
51 64
11 50
27 83
16 50
23 31
49 63
33 76
50 88
20 62
32 43
11 94
18 75
16 27
2 87
32 47
85 98
13 91
14 39
12 86
32 53
23 61
6 96
44 93
4 98
41 99
25 71
0 52
56 99
1 99
29 52
10 63
22 80
7 30
1 72
58 84
10 11
1 21
93 99
17 97
18 49
65 84
37 83
39 63
42 54
40 57
25 55
10 33
9 33
23 66
34 95
23 56
19 53
59 85
35 42
28 47
82 97
29 63
8 36
64 97
2 73
35 88
41 69
46 53
4 17
47 93
28 85
5 35
32 73
24 74
14 70
70 93
36 77
4 14
30 91
9 93
38 55
23 96
5 66
57 89
5 8
3 45
14 92
20 88
71 90
49 83
5 56
36 88
66 72
10 25
60 72
17 76
29 87
55 85
14 85
82 93
32 96
57 67
33 53
53 66
57 64
37 88
81 98
6 63
19 76
1 55
30 62
30 36
5 90
56 84
36 80
48 96
0 85
5 17
11 38
52 69
32 80
62 78
32 91
41 85
50 97
49 73
15 95
0 75
25 62
12 41
34 72
3 4
79 92
49 68
10 19
2 54
4 30
16 17
2 91
5 27
46 76
2 23
0 2
62 98
65 97
14 62
9 19
43 89
77 91
6 14
65 90
67 99
39 98
0 90
41 42
90 92
71 87
60 76
60 71
32 36
26 82
41 75
21 50
32 70
32 81
12 70
16 36
30 96
41 73
42 63
32 39
9 46
0 93
28 58
58 89
45 61
92 98
10 46
20 35
24 65
13 99
2 85
63 79
68 88
18 29
26 41
23 68
42 87
27 94
28 33
23 38
40 43
53 65
55 59
30 85
50 65
5 36
28 57
16 90
21 79
28 69
59 82
13 86
36 53
15 60
25 68
25 97
60 77
28 45
41 77
30 71
50 91
35 85
44 94
19 28
35 43
75 84
76 98
24 77
39 42
68 99
5 20
29 93
35 78
21 35
69 94
77 96
60 70
53 56
13 61
17 55
19 80
86 98
69 89
78 88
22 99
33 89
8 23
66 84
31 82
22 95
17 88
46 80
52 68
44 98
22 88
5 68
73 89
10 67
79 99
10 34
28 46
30 70
43 59
41 97
81 96
18 42
8 16
62 67
16 20
14 71
69 95
40 58
66 80
19 89
62 90
15 81
48 97
6 98
14 36
3 85
71 98
16 51
29 58
27 88
3 41
33 80
10 37
1 29
3 44
14 44
50 99
51 99
0 4
47 94
13 88
2 43
14 86
21 67
14 96
6 32
23 35
43 98
9 17
21 63
55 73
10 18
63 70
29 35
26 55
40 73
5 31
46 89
7 32
3 7
16 66
21 52
15 64
33 40
44 61
0 64
40 69
10 62
48 94
59 60
24 35
28 43
16 56
42 81
15 72
30 44
14 76
15 79
53 69
41 43
49 51
29 50
33 41
40 45
0 92
30 45
73 98
36 97
65 80
19 40
47 98
12 97
22 23
4 50
28 92
23 34
5 22
37 99
1 76
17 70
13 75
6 42
19 25
17 44
35 40
96 98
25 33
16 31
43 55
11 35
36 98
23 90
5 78
4 61
32 50
22 90
47 61
14 43
41 89
0 73
52 82
12 75
41 87
40 46
26 65
3 47
32 76
82 85
14 47
31 97
38 82
4 34
62 77
29 39
42 53
45 89
25 46
17 47
4 55
37 41
56 80
69 72
0 43
20 51
15 97
16 78
50 98
15 84
31 88
22 72
9 60
14 73
41 54
30 47
2 5
0 31
82 92
21 58
19 41
5 13
64 65
2 65
0 53
15 39
9 98
28 73
35 89
50 68
95 98
32 57
7 10
18 21
51 78
30 86
59 73
66 90
44 64
42 51
15 26
8 96
18 20
32 92
40 83
22 81
59 66
27 57
70 77
42 80
61 83
71 77
42 93
37 57
1 82
32 93
36 83
51 88
7 52
34 97
0 1
33 94
5 51
83 89
41 46
25 69
29 81
12 60
52 58
30 43
4 64
77 86
3 91
29 69
56 60
29 53
21 37
5 38
35 73
15 20
16 68
1 42
89 92
23 36
18 59
12 76
2 86
28 35
40 92
40 41
52 99
20 23
60 68
17 21
45 59
36 44
42 58
15 24
7 41
11 49
47 64
2 88
28 41
2 11
0 61
69 80
41 67
22 45
14 45
32 86
4 77
60 66
52 96
18 64
59 63
4 31
71 79
2 16
30 76
79 88
56 59
27 99
30 73
18 78
13 23
17 99
6 29
48 91
22 59
6 15
16 38
15 45
14 50
9 14
10 27
2 68
29 33
43 51
36 47
29 80
3 43
19 94
24 96
45 49
74 94
53 68
38 97
56 90
36 45
14 95
32 95
23 95
15 61
51 85
4 74
0 44
32 54
17 82
33 95
0 80
93 98
1 70
11 32
50 56
23 84
7 95
48 71
65 79
48 62
22 84
12 36
29 67
23 70
16 22
26 63
65 93
19 45
38 88
1 9
