100 3665 690.6699645995908 dense
0 572 193
1 240 262
2 481 985
3 304 899
4 290 928
5 366 626
6 899 882
7 270 381
8 780 594
9 419 245
10 284 111
11 763 306
12 941 762
13 543 564
14 878 978
15 538 596
16 813 770
17 105 120
18 292 476
19 883 670
20 240 2
21 670 599
22 697 617
23 78 611
24 198 114
25 688 532
26 118 573
27 172 809
28 468 204
29 41 716
30 174 798
31 690 641
32 959 261
33 918 142
34 321 850
35 538 536
36 262 97
37 556 125
38 482 545
39 766 267
40 616 16
41 12 799
42 134 67
43 616 769
44 413 652
45 634 749
46 213 784
47 243 549
48 932 933
49 621 823
50 219 793
51 695 268
52 576 305
53 854 607
54 465 80
55 141 140
56 59 336
57 766 549
58 752 272
59 957 646
60 54 270
61 139 598
62 200 782
63 599 353
64 54 827
65 397 933
66 275 672
67 0 142
68 823 205
69 94 837
70 531 527
71 755 652
72 431 36
73 768 506
74 850 607
75 220 479
76 680 728
77 708 680
78 633 851
79 156 595
80 344 932
81 481 446
82 407 615
83 347 90
84 710 41
85 486 562
86 984 691
87 99 991
88 881 412
89 66 602
90 553 198
91 205 934
92 343 86
93 744 743
94 438 469
95 51 336
96 578 11
97 949 309
98 313 104
99 908 481
53 74
83 92
56 95
46 50
27 30
35 70
46 62
39 58
23 89
61 79
38 85
0 90
50 62
22 31
10 36
43 45
13 35
10 98
49 78
30 62
3 4
13 15
21 22
26 61
92 98
11 58
83 98
44 82
40 96
27 62
13 70
11 39
17 55
64 69
30 46
5 82
31 77
57 73
26 79
30 50
21 31
8 57
27 46
81 94
32 97
27 50
41 64
45 76
36 98
3 80
3 34
38 70
59 86
65 80
52 63
5 44
4 80
43 49
71 77
23 26
76 77
54 72
35 38
70 85
13 85
51 58
35 85
26 89
15 35
17 42
6 48
15 85
23 61
24 55
8 71
9 28
13 38
22 77
10 92
76 93
31 71
60 95
56 60
24 36
10 83
22 71
19 53
15 70
21 25
0 37
14 48
39 51
19 74
8 74
18 75
77 93
37 90
61 89
42 55
47 75
16 93
88 99
45 49
8 53
15 38
43 76
19 59
11 51
24 42
23 79
25 57
36 92
27 69
12 86
43 78
4 34
25 73
39 68
34 80
28 90
4 91
36 83
22 25
10 24
8 22
31 76
38 94
29 41
18 47
8 73
30 69
21 77
79 89
41 69
71 93
17 24
82 85
70 81
22 57
40 84
7 18
20 36
58 68
6 14
47 79
2 65
38 81
3 65
72 83
21 71
45 77
72 92
37 54
8 31
5 66
45 78
57 74
38 82
19 86
57 71
0 28
85 94
3 91
71 74
53 57
35 81
71 76
4 65
17 67
21 57
53 71
12 19
25 31
52 90
70 94
7 75
8 21
53 59
45 93
8 25
23 29
29 64
49 76
0 52
8 77
22 76
34 65
59 74
33 68
47 61
31 93
24 98
44 85
37 96
81 85
29 89
34 50
12 59
11 68
10 20
28 37
54 83
31 57
27 64
62 69
20 24
87 91
35 94
31 45
16 19
54 92
1 7
88 97
30 64
28 54
20 42
37 40
51 52
20 98
32 33
34 46
47 66
6 12
26 47
38 44
8 19
43 77
46 66
51 63
12 16
36 55
19 71
27 91
21 76
73 74
46 69
43 93
36 42
16 71
76 78
13 21
22 73
15 21
29 69
15 82
54 96
75 79
50 69
53 73
20 92
62 66
13 81
50 66
22 93
21 73
84 96
3 50
5 85
72 98
15 44
53 99
25 71
16 77
20 83
26 75
74 99
34 62
60 67
80 91
44 66
16 76
30 91
55 67
6 16
5 38
13 94
50 91
66 79
9 90
73 99
51 68
34 91
57 77
66 82
61 75
0 51
5 47
13 82
10 55
18 94
21 35
22 45
71 73
3 46
49 93
2 80
73 88
32 68
54 90
69 91
24 92
31 43
28 52
13 25
72 96
82 94
25 77
25 35
46 91
63 81
24 83
70 82
62 91
4 50
62 64
35 82
8 93
22 74
29 61
37 72
42 67
1 24
54 98
69 87
21 45
27 34
53 86
61 66
78 93
45 71
0 54
31 73
30 34
29 30
10 42
55 60
3 62
21 70
13 44
19 93
25 70
1 55
1 10
22 53
57 99
74 86
51 90
17 60
15 31
11 88
17 36
74 77
3 27
27 41
15 22
15 81
27 29
30 66
0 9
15 94
63 90
21 93
30 41
0 63
26 29
13 22
15 25
53 77
4 46
68 97
31 74
40 54
3 30
46 64
10 72
13 31
28 83
1 36
29 79
16 74
8 76
5 18
49 77
31 53
4 27
9 52
16 53
19 57
50 64
20 55
33 97
32 88
52 81
64 87
7 47
35 44
11 63
8 99
9 83
12 48
9 54
27 66
4 62
44 70
28 92
28 72
59 99
29 62
22 43
74 93
5 94
58 63
1 98
4 30
5 15
53 93
19 77
37 84
55 98
9 92
23 47
9 98
47 82
97 99
12 53
16 31
21 43
22 35
25 74
57 88
8 16
52 58
10 17
17 20
36 72
12 74
1 9
21 74
16 45
18 82
15 45
18 79
37 52
43 71
0 96
9 37
25 53
0 40
42 98
10 54
34 66
73 77
21 53
28 98
8 59
81 82
44 94
31 35
47 89
29 46
39 88
64 91
26 66
11 97
40 72
1 60
77 78
63 70
50 80
11 52
5 13
21 85
39 97
39 63
16 86
90 96
41 62
22 70
15 77
7 94
15 43
16 59
9 10
58 88
19 99
18 81
16 22
65 91
62 79
5 70
40 90
35 63
32 39
19 22
39 52
61 62
23 75
15 76
29 50
20 72
5 35
31 49
19 31
57 93
1 56
21 38
31 70
18 61
1 17
27 87
25 76
0 58
18 66
2 3
33 39
53 88
16 43
75 89
16 78
46 79
74 88
46 80
12 93
28 63
63 94
57 76
44 47
68 84
16 49
18 26
23 41
2 4
37 51
25 63
24 67
11 73
46 61
19 73
58 97
67 95
66 75
11 32
4 87
41 46
13 77
7 9
16 48
59 71
18 38
1 83
2 78
56 67
72 90
1 95
30 61
36 54
30 79
1 92
25 85
41 89
0 84
10 28
13 45
23 66
25 38
30 87
41 50
5 75
32 58
0 39
50 79
62 80
8 88
6 93
17 98
74 76
6 86
55 92
2 34
9 72
42 92
9 63
23 62
23 30
9 81
50 61
47 94
41 87
33 58
0 72
19 76
27 80
37 83
53 76
55 83
18 85
5 79
24 60
58 90
55 56
6 19
8 45
27 61
18 44
5 81
13 76
2 49
57 59
42 83
52 94
27 79
68 88
56 75
55 95
7 56
9 36
12 71
4 69
30 80
37 92
44 81
49 71
23 64
31 78
13 43
14 16
1 75
22 85
42 60
75 94
13 63
25 93
34 44
31 85
3 69
23 27
23 46
22 49
5 46
1 18
66 89
7 81
17 56
75 95
0 11
1 42
84 90
28 96
5 50
17 95
35 77
16 21
86 99
13 57
7 95
25 45
30 89
39 90
15 71
25 81
62 89
26 62
19 21
3 87
9 94
38 63
12 14
64 89
11 33
25 99
32 99
8 86
16 57
50 65
52 70
23 69
22 38
25 88
11 99
34 69
51 84
5 62
63 73
35 57
5 34
5 61
3 66
31 38
21 49
71 99
13 71
23 50
75 82
33 84
26 46
50 87
26 30
35 73
37 63
62 87
28 36
71 86
13 73
27 89
83 90
8 12
15 57
39 84
71 78
35 45
46 89
70 77
59 93
35 52
43 44
58 73
58 84
59 73
51 88
1 28
41 91
28 51
57 70
11 90
46 87
69 89
46 65
46 47
47 62
63 85
41 61
70 73
66 85
90 92
29 66
11 25
20 54
73 93
45 85
35 76
73 76
8 13
19 25
39 73
38 47
28 40
44 46
45 57
44 50
8 43
17 92
44 45
15 49
8 15
26 50
26 27
28 81
7 79
22 78
7 60
38 66
11 57
6 59
21 81
61 69
47 85
17 83
37 98
83 96
26 56
61 64
18 70
43 85
50 89
45 70
7 26
66 69
37 58
47 50
86 93
35 43
24 72
59 88
35 71
26 95
92 96
15 73
12 77
0 83
48 86
25 43
54 84
62 65
8 35
51 73
44 62
49 65
26 41
41 79
69 79
65 78
70 76
34 82
15 63
52 54
22 99
0 68
59 77
77 85
79 82
80 87
0 92
18 23
15 93
25 52
18 35
64 79
7 61
37 39
5 26
38 45
21 78
2 43
76 85
21 63
33 51
4 66
43 70
70 71
4 64
39 99
27 65
9 24
46 82
51 97
57 63
38 52
90 98
5 30
25 94
8 70
19 88
81 90
30 47
45 74
18 89
50 82
44 75
47 81
43 82
1 20
3 64
57 86
66 94
30 65
58 99
38 43
13 52
19 45
22 59
45 53
24 56
26 64
29 47
21 44
34 87
75 81
5 7
12 76
44 79
38 77
21 82
45 82
9 18
25 51
32 51
40 51
26 69
7 28
21 99
36 67
21 94
62 82
13 18
56 89
24 95
43 57
89 95
52 68
5 27
28 94
60 75
31 59
48 93
69 80
19 48
73 97
6 76
25 58
6 78
16 73
34 64
7 38
1 67
63 68
61 82
16 25
0 81
66 80
13 93
24 54
44 49
27 47
38 76
64 66
3 44
68 90
38 75
11 84
7 10
31 99
13 49
14 93
36 60
71 88
7 82
66 91
6 71
18 56
15 78
52 85
10 37
33 88
29 91
7 55
43 65
15 18
15 66
0 98
56 61
11 37
22 88
22 81
23 56
12 57
14 78
77 86
25 39
23 95
61 95
7 24
56 79
9 51
31 44
57 58
45 73
44 76
20 67
52 73
6 77
51 81
12 31
75 85
6 53
18 95
37 68
8 49
40 83
72 84
42 56
44 61
6 74
79 95
10 60
3 5
30 44
57 85
40 68
7 98
2 91
96 98
29 87
2 45
44 65
47 56
42 95
22 63
7 85
40 92
21 88
39 57
77 99
51 96
10 90
9 96
12 99
71 85
12 22
38 57
7 36
6 49
31 82
73 86
24 28
43 74
19 43
10 67
31 81
22 44
1 94
47 95
1 47
73 85
27 44
43 53
5 43
48 59
65 66
63 88
44 80
5 23
8 11
38 73
68 99
47 70
59 76
13 66
1 54
51 57
40 58
22 82
21 59
7 66
40 52
28 84
28 58
26 82
35 93
41 66
25 59
39 40
25 82
73 81
38 71
15 52
49 85
52 96
66 70
90 94
5 45
35 47
36 37
76 82
8 85
1 72
52 84
8 78
35 66
30 82
44 77
22 86
6 45
44 78
29 75
51 54
9 55
86 88
49 80
31 88
31 86
22 94
49 82
25 49
42 72
15 47
35 49
7 70
0 10
7 23
25 44
45 65
14 49
78 80
13 47
7 89
13 78
5 89
7 83
34 49
51 99
8 63
57 97
9 20
8 38
31 63
9 40
3 82
4 44
57 81
1 81
70 93
19 49
9 70
65 87
62 75
34 79
43 73
7 92
54 63
16 99
28 39
20 28
6 43
27 82
46 75
31 94
5 21
26 44
52 72
66 81
34 43
14 86
68 73
76 86
7 44
4 41
9 38
51 70
5 80
0 94
9 75
12 45
11 21
60 98
77 82
36 90
14 19
55 72
64 80
5 65
19 78
3 41
21 52
7 17
79 94
12 73
93 99
52 57
49 70
7 35
26 60
13 74
49 57
48 78
29 34
10 96
35 51
32 73
38 49
34 61
34 47
4 5
6 8
34 78
11 28
15 74
68 96
53 97
34 41
11 74
36 56
58 96
13 53
50 75
74 97
52 83
9 35
11 53
70 75
18 60
49 74
11 81
85 93
7 52
67 98
40 98
15 53
12 21
43 80
39 96
49 53
65 69
11 22
18 46
65 82
10 56
36 95
14 76
77 88
6 31
1 90
18 62
52 92
35 74
3 29
11 70
12 78
11 35
58 81
5 49
30 75
35 75
80 82
8 58
52 88
25 78
35 53
10 95
18 28
9 85
78 85
47 69
5 31
0 36
2 50
63 82
48 76
2 76
12 43
11 40
18 50
15 16
61 94
12 49
3 49
77 81
20 60
51 94
74 78
78 82
4 29
21 86
33 40
8 39
36 96
38 93
7 13
70 74
34 45
35 78
23 82
28 70
53 78
54 55
37 81
70 90
38 79
48 49
57 78
5 76
7 63
18 63
52 98
5 22
63 84
42 54
8 97
18 52
79 85
34 85
21 51
73 94
48 71
60 89
32 84
3 78
13 51
53 70
28 55
6 22
27 75
8 81
13 75
1 26
15 34
9 58
4 82
63 99
14 45
22 52
2 46
14 43
48 53
5 25
25 86
9 42
76 99
48 74
47 64
26 94
0 70
39 81
17 72
8 51
47 60
7 90
59 97
21 58
5 29
63 71
40 63
58 70
23 44
57 94
48 77
9 17
3 43
3 79
20 96
35 90
1 52
60 61
15 75
45 59
11 13
0 1
20 37
33 99
28 35
45 81
13 16
70 78
35 58
2 44
41 47
60 79
23 34
38 78
82 89
14 59
28 38
45 94
23 60
12 25
44 71
7 42
9 13
61 91
79 91
60 92
63 96
77 94
71 81
11 31
45 80
18 30
14 77
3 61
44 93
25 97
26 34
1 79
7 15
60 83
56 98
5 69
1 37
0 35
63 77
34 38
76 81
54 58
10 40
21 39
11 71
5 77
2 62
32 57
38 61
23 91
4 49
18 29
5 91
67 92
9 39
55 75
11 96
14 71
57 68
43 94
61 85
22 51
58 74
5 78
22 58
9 11
38 51
49 73
65 76
0 33
95 98
71 82
43 81
53 58
39 74
45 48
44 91
39 70
10 52
44 89
1 61
67 83
39 53
9 47
51 72
4 78
46 85
44 63
35 39
63 97
15 19
50 85
52 82
8 52
25 68
18 27
38 90
39 54
76 94
43 66
45 86
31 52
28 68
12 88
3 47
9 84
2 27
34 89
0 7
43 48
13 19
22 39
63 74
2 93
79 81
41 80
24 37
88 93
0 25
28 85
6 57
7 54
63 72
5 63
4 79
64 65
13 58
84 97
2 30
38 46
53 63
89 91
25 90
82 93
7 67
51 85
62 85
28 42
16 35
38 50
32 53
13 34
17 54
33 37
3 45
43 59
4 43
32 74
4 61
36 40
0 38
11 94
15 51
37 94
6 21
8 94
63 83
66 87
33 96
16 88
35 88
24 90
57 82
26 38
10 18
15 65
24 75
9 60
71 94
3 23
13 90
83 84
54 81
74 85
19 97
11 15
45 66
44 57
13 28
26 85
38 62
18 55
70 88
44 69
11 38
33 90
0 73
20 90
84 92
63 92
19 35
85 90
9 82
28 75
1 63
73 78
13 88
9 15
58 94
53 85
5 64
9 56
26 91
13 39
8 48
8 44
32 63
14 53
14 74
29 80
0 13
16 70
1 38
17 28
18 98
51 74
52 97
31 51
38 74
10 75
8 82
18 24
11 54
35 99
31 58
61 81
13 99
51 53
76 88
2 66
15 50
18 34
3 26
15 46
73 90
52 99
43 86
20 40
36 52
2 5
17 75
73 82
38 53
11 85
2 82
29 44
49 66
82 91
11 77
8 32
56 92
0 88
56 83
33 52
0 85
9 95
34 76
54 68
63 98
31 48
69 75
29 82
49 59
70 99
20 56
19 70
58 71
29 95
7 20
18 36
2 77
81 83
29 56
23 87
3 89
7 72
81 98
70 79
18 90
4 23
65 85
31 39
41 75
34 35
4 47
1 89
15 79
2 87
0 24
33 63
3 15
3 85
0 20
25 32
11 19
45 99
44 52
59 78
5 52
86 97
63 76
69 82
20 95
7 37
44 73
38 58
36 75
92 95
34 75
26 81
5 9
1 23
83 95
32 59
39 71
1 5
39 94
34 70
32 52
81 92
64 75
78 86
15 62
94 98
14 31
79 80
49 86
75 98
35 79
47 91
23 94
46 94
15 99
16 85
4 45
1 85
15 80
13 79
15 58
10 81
51 71
15 88
10 94
83 94
5 71
18 83
54 94
87 89
52 71
1 82
51 83
50 94
30 85
8 68
11 59
88 90
61 80
0 32
76 80
2 15
62 94
18 92
9 25
58 85
1 70
33 73
24 96
22 48
5 41
71 97
0 97
4 26
92 94
25 28
61 87
89 94
2 16
4 89
65 93
5 93
47 80
3 38
52 75
51 92
8 14
80 85
13 46
81 93
13 50
13 65
2 14
38 65
10 63
38 39
18 21
45 63
52 77
43 50
22 97
0 18
6 73
15 28
15 90
61 70
58 72
49 94
34 94
30 38
15 61
44 64
63 75
56 66
27 85
18 25
79 87
16 38
66 78
15 39
65 77
6 99
81 88
56 94
21 66
84 98
17 18
49 81
21 97
67 75
2 31
74 81
37 70
68 74
49 50
53 68
43 46
35 61
66 95
14 22
0 15
1 35
0 57
13 61
7 29
9 68
53 81
47 63
13 62
39 85
39 72
7 46
9 44
7 62
27 38
5 57
41 65
52 74
84 88
6 25
35 46
66 76
46 70
75 83
94 95
23 38
35 50
46 49
50 70
43 99
58 77
52 53
57 90
93 94
32 90
38 80
23 85
90 97
35 37
19 85
1 66
3 13
36 94
18 69
64 82
75 92
28 47
36 81
51 77
47 52
72 81
3 76
31 65
47 65
2 69
4 15
65 79
7 50
4 85
5 8
37 55
28 82
26 70
51 98
19 32
55 90
63 93
31 66
43 62
15 30
43 63
23 80
29 65
16 44
39 77
45 50
0 21
21 90
45 88
62 70
35 62
50 78
48 57
13 80
68 81
26 87
19 58
28 60
5 73
19 39
38 89
19 38
38 88
15 26
42 75
1 96
31 97
35 65
32 40
47 55
26 35
30 94
85 89
15 59
13 59
5 56
45 46
85 88
21 68
34 77
61 65
49 62
2 85
3 18
36 63
15 27
24 52
31 34
18 64
26 80
39 59
21 48
13 26
46 78
32 37
2 13
22 66
19 63
28 73
37 42
37 38
58 59
1 44
2 22
68 72
41 44
18 41
65 70
1 13
25 37
7 30
11 72
5 95
3 75
4 38
81 99
24 94
18 22
78 94
24 40
85 99
28 56
2 21
21 34
21 47
11 76
2 6
49 91
32 86
38 99
22 68
18 31
2 71
46 81
21 65
9 67
80 89
27 94
10 84
3 35
18 54
14 21
60 94
78 81
43 47
72 94
66 77
35 59
37 88
26 55
37 97
9 21
5 28
0 55
33 57
74 94
34 81
16 82
68 70
50 81
45 62
23 81
52 76
75 90
22 65
41 82
3 70
9 73
12 15
78 91
37 73
25 66
56 81
24 81
34 93
35 68
18 43
13 30
24 47
28 95
11 93
18 45
9 79
62 81
4 76
53 94
18 42
62 78
42 90
7 27
45 47
13 37
18 37
44 74
7 51
10 47
10 51
2 38
35 80
32 71
82 90
22 32
0 22
59 70
22 34
80 93
77 97
0 99
37 85
77 80
43 91
30 43
22 90
74 82
55 94
4 13
44 53
81 89
14 57
40 97
18 67
21 28
60 72
19 51
67 72
81 95
11 86
58 83
7 25
12 13
13 27
43 88
21 32
9 26
25 47
81 96
27 43
56 82
70 80
29 60
49 99
88 94
16 65
26 67
53 82
42 96
1 15
30 49
45 52
30 70
30 35
27 49
58 92
1 40
3 94
47 98
9 61
9 66
17 47
40 81
51 82
17 37
28 44
36 84
0 8
54 70
4 18
31 80
68 71
5 87
82 95
36 47
20 52
2 35
48 99
25 33
54 60
12 97
0 82
17 26
23 65
18 51
0 75
2 48
90 99
28 33
4 75
63 66
17 90
39 83
1 51
65 71
55 79
75 91
13 68
2 64
26 65
7 21
55 96
32 96
0 42
31 68
28 57
15 86
31 47
8 90
27 70
27 35
33 54
48 73
55 81
55 61
60 66
13 86
18 80
22 47
3 77
51 59
39 92
19 81
15 23
51 76
6 15
2 70
23 70
59 68
78 99
9 57
11 45
18 72
58 76
35 54
60 81
12 35
30 78
44 87
28 88
30 45
59 63
18 76
27 78
0 31
18 77
31 90
4 35
16 81
3 31
9 22
41 95
67 89
47 87
52 55
81 84
38 54
41 56
36 51
50 76
31 32
43 52
21 75
65 94
27 45
24 26
21 80
23 35
18 91
85 91
11 16
68 94
24 63
3 93
47 49
30 81
5 90
45 91
13 23
29 94
56 62
4 70
55 89
65 89
54 75
47 90
73 84
16 63
11 83
19 68
18 65
39 76
52 93
54 67
33 53
25 48
35 97
5 16
75 80
33 74
58 98
94 99
62 95
19 44
6 88
46 76
49 63
47 83
29 85
25 75
70 89
58 93
15 37
11 82
70 97
20 84
7 34
38 56
15 89
28 67
35 86
22 28
47 76
38 98
80 94
12 70
8 33
0 17
29 38
22 80
37 57
3 21
5 60
47 92
46 56
47 67
11 92
70 83
66 93
15 91
44 56
38 83
52 66
44 90
23 55
23 67
96 97
70 98
30 56
46 95
44 51
40 88
39 93
35 89
27 81
61 67
39 86
18 20
19 52
18 73
10 38
34 71
6 13
20 75
51 93
38 91
17 79
56 72
30 95
18 49
59 85
13 89
69 85
94 96
58 86
38 95
67 79
19 82
17 61
70 92
13 97
0 5
38 92
18 57
9 31
54 56
93 97
66 71
44 95
16 97
16 94
7 96
39 98
38 68
70 86
4 94
17 94
54 85
84 99
24 79
62 76
14 65
47 77
56 85
17 89
3 22
10 70
15 68
72 95
50 56
5 74
14 73
40 42
0 47
14 25
45 51
35 83
17 96
38 69
25 34
38 59
0 44
11 43
4 77
82 87
5 51
27 56
49 88
3 81
58 82
40 94
54 95
50 95
35 98
65 75
21 37
24 61
81 97
7 22
37 75
27 95
19 94
5 53
32 77
68 77
7 69
11 12
85 98
68 83
28 31
85 95
13 54
4 93
35 92
72 75
43 75
10 26
40 55
68 85
21 50
64 95
56 64
7 41
9 88
45 58
25 84
17 23
43 79
83 85
11 44
2 8
4 31
28 97
21 46
47 78
11 98
60 82
7 31
0 71
42 47
7 58
10 85
65 81
45 75
28 32
68 92
31 50
10 58
10 35
18 71
25 65
7 64
1 29
16 80
22 75
2 47
71 90
12 85
85 92
31 75
26 36
71 80
17 81
14 99
76 97
31 46
2 25
33 72
16 34
7 11
0 74
36 38
63 78
8 28
39 45
39 82
6 35
28 79
9 23
10 79
37 99
11 18
0 53
70 72
13 91
15 97
12 32
16 58
50 77
42 52
9 89
8 18
20 63
8 9
45 79
56 69
88 96
4 21
69 95
32 35
7 40
18 58
69 94
32 70
42 94
25 54
60 90
78 88
21 62
2 41
6 65
63 79
80 81
55 63
15 69
20 81
16 39
74 90
33 59
24 89
0 77
46 77
17 52
57 66
28 66
26 42
77 90
10 39
43 61
64 85
18 78
84 94
43 51
36 70
20 94
2 79
12 38
53 90
26 98
10 61
26 28
38 60
7 39
36 79
56 70
44 58
22 50
9 33
31 62
5 11
52 79
2 19
30 76
8 66
57 84
2 12
23 24
15 29
52 59
6 70
35 72
14 15
8 65
38 72
22 37
68 86
22 46
1 58
37 82
4 22
51 86
63 86
38 64
32 81
56 90
13 83
40 73
28 61
7 73
42 81
21 79
3 71
13 98
27 76
85 86
13 32
43 58
79 98
82 88
16 51
2 29
36 61
36 85
24 38
29 81
59 81
2 61
70 95
10 11
24 84
45 61
7 45
76 91
2 94
49 79
70 84
52 56
40 70
18 39
70 96
62 77
13 92
15 48
4 81
35 36
82 99
10 82
5 19
47 54
35 91
35 56
3 7
1 84
82 98
8 37
51 75
7 43
68 98
28 99
49 52
21 33
91 94
66 73
24 51
36 58
90 95
2 57
25 40
15 54
61 63
60 85
70 91
17 40
5 10
1 62
10 13
16 52
9 77
47 71
39 44
6 85
37 60
1 46
54 73
38 86
47 57
75 76
1 25
52 60
38 97
48 88
22 62
7 57
0 60
44 99
5 58
61 98
22 33
39 43
35 84
44 60
13 29
5 98
1 11
18 93
64 94
12 39
3 16
12 58
29 70
13 69
8 34
35 40
52 95
44 88
1 39
75 87
32 54
52 61
43 69
35 95
35 96
47 73
37 47
20 51
49 69
50 93
25 80
85 97
9 71
75 77
32 93
2 74
49 75
82 83
42 79
29 35
72 85
26 63
19 33
38 55
16 32
41 85
73 96
7 77
24 70
26 52
41 60
21 61
42 61
2 53
3 25
1 50
36 39
49 61
28 71
47 51
54 88
33 81
60 62
25 96
57 65
0 56
13 14
46 93
24 85
82 92
28 77
31 37
12 63
9 97
38 41
21 30
26 83
48 65
13 56
26 43
33 71
54 97
94 97
5 55
25 79
69 70
5 37
31 79
14 80
11 49
6 38
13 48
15 64
5 83
35 69
26 92
25 50
7 76
10 89
34 57
47 93
5 39
6 44
25 46
36 82
15 32
46 60
54 82
5 24
41 94
8 47
2 81
5 36
69 78
42 89
12 44
30 31
13 72
79 83
37 56
1 30
9 32
56 63
0 95
21 27
5 92
76 79
4 71
10 23
15 83
15 98
45 97
78 79
22 79
30 60
36 89
60 70
24 35
68 76
13 95
79 92
38 96
11 36
24 82
2 18
9 99
68 93
32 76
44 59
55 82
27 31
76 90
15 56
13 36
55 85
26 45
62 93
38 40
0 76
33 70
42 63
18 96
23 36
15 92
37 44
17 63
1 21
4 16
47 72
67 94
16 66
23 42
30 77
20 47
45 69
10 68
37 95
4 7
33 35
10 15
9 45
63 95
25 62
59 94
49 87
50 60
55 66
31 33
73 75
61 83
52 78
9 76
13 84
40 99
2 26
55 70
66 90
2 23
18 87
69 81
57 75
59 82
61 92
1 27
60 63
27 77
8 80
27 60
12 51
78 87
15 95
35 60
19 65
21 26
31 61
7 8
13 40
25 61
33 86
38 84
22 30
40 57
12 82
13 96
50 71
5 54
61 78
32 38
13 64
28 74
7 71
67 90
75 78
89 98
7 80
7 84
10 44
37 67
61 76
7 91
45 90
60 64
44 98
6 80
54 57
8 84
14 35
5 88
46 71
21 54
28 53
12 81
65 74
25 83
22 61
2 73
77 79
25 72
85 96
23 98
22 27
35 48
21 84
0 45
81 86
6 82
9 43
49 51
11 78
81 91
32 85
23 43
35 55
32 94
5 99
10 66
40 85
53 65
79 90
4 25
52 86
26 49
71 75
43 87
18 40
9 74
24 66
37 71
77 91
64 70
0 66
23 28
15 41
25 92
34 73
7 49
13 33
37 74
2 89
35 64
43 64
16 68
28 76
3 8
65 73
28 89
44 83
9 53
14 88
49 58
7 65
31 91
37 53
49 64
13 24
84 85
43 97
14 44
17 38
60 69
51 55
67 81
25 98
14 70
66 98
5 17
2 75
12 68
0 19
34 63
28 45
57 80
11 75
57 96
62 71
15 72
15 36
12 65
44 92
13 60
48 70
58 75
36 68
25 26
14 34
14 85
8 75
91 93
64 81
44 86
30 93
23 45
21 91
18 74
33 83
32 72
11 47
0 67
96 99
26 90
44 54
43 90
39 49
43 89
61 77
36 66
36 44
6 97
37 77
29 67
61 90
27 93
45 68
19 90
26 31
24 58
22 84
0 93
42 84
34 56
9 46
18 53
29 43
90 93
33 77
55 84
17 66
0 43
33 92
85 87
72 73
0 79
46 63
66 74
1 22
25 30
20 58
6 34
24 44
3 14
47 58
64 78
72 82
3 57
44 55
17 82
9 62
48 85
7 68
34 95
22 26
13 41
33 94
15 84
50 63
23 63
1 73
82 86
12 94
34 74
2 86
53 66
51 66
23 49
26 76
74 84
9 50
1 41
10 25
17 85
15 60
20 26
53 84
83 89
28 43
68 82
13 55
2 59
23 52
60 96
29 55
12 52
22 54
15 40
45 64
26 78
22 91
21 40
72 97
25 27
89 92
39 75
34 53
1 68
62 63
41 70
51 78
32 45
23 83
15 96
72 88
66 83
45 89
75 93
14 38
41 81
45 87
38 87
48 80
35 41
23 92
24 39
63 89
1 31
20 39
17 70
75 96
86 94
29 49
15 24
66 92
4 14
19 34
52 89
44 48
15 87
5 12
58 78
38 42
5 6
5 59
6 11
73 83
0 26
15 33
21 23
18 88
67 96
0 61
4 8
1 69
1 34
5 72
33 38
7 78
29 45
38 48
39 47
16 50
20 38
0 59
14 82
9 93
1 64
21 96
3 6
8 50
42 51
69 76
18 68
7 93
11 24
66 67
49 89
73 92
54 99
8 46
16 18
52 67
20 79
50 57
39 78
30 71
1 57
19 80
17 29
26 77
16 46
20 70
31 84
17 35
54 79
43 68
8 40
46 57
46 52
73 80
74 80
34 52
71 79
33 85
21 83
8 54
26 54
59 90
18 84
27 71
9 29
6 81
21 89
31 54
20 61
15 55
50 52
23 78
41 43
53 80
9 30
11 20
5 42
28 93
33 98
79 93
22 40
44 68
5 67
73 98
29 78
52 62
42 85
42 70
19 66
3 73
6 63
17 51
21 92
4 57
25 36
40 75
41 49
8 62
49 97
47 74
11 66
17 84
21 98
4 6
16 47
20 35
21 72
20 85
57 79
7 88
54 61
57 62
42 82
9 49
56 96
71 84
57 72
23 31
9 34
32 43
16 62
23 76
47 53
48 82
3 56
63 65
17 44
37 66
23 25
30 63
56 91
37 76
9 27
13 87
18 99
44 72
34 48
40 60
8 96
37 79
3 95
20 68
91 95
22 96
71 91
61 71
73 79
6 94
35 42
22 23
95 96
3 74
78 89
50 73
12 33
3 63
46 73
12 80
42 66
5 14
5 68
5 86
57 83
26 72
54 66
18 19
61 93
24 29
10 21
82 97
87 94
7 74
58 66
3 19
3 53
72 79
41 78
21 69
83 88
13 17
6 32
8 79
67 82
19 28
41 45
48 97
27 63
20 89
10 73
55 58
31 89
0 16
33 93
25 89
7 53
12 34
1 45
26 37
76 89
57 92
78 97
31 69
6 58
1 77
82 96
38 67
16 90
25 91
49 90
40 67
37 45
57 61
3 48
88 92
6 39
9 19
59 65
31 40
23 90
16 91
20 23
51 79
37 61
22 89
1 43
62 73
24 68
0 49
35 87
33 76
22 83
63 80
89 90
61 72
7 87
28 46
69 77
23 77
47 96
64 76
1 8
70 87
40 82
10 33
65 86
57 98
63 67
20 82
32 83
4 56
19 37
40 74
61 73
30 52
44 97
39 66
5 20
16 33
28 62
40 53
4 73
28 49
76 87
39 55
22 92
4 95
13 20
34 60
22 72
77 84
29 76
8 30
28 50
16 30
51 56
21 29
2 7
31 96
1 3
32 92
83 97
22 98
1 76
51 60
8 61
54 71
22 69
26 71
4 48
16 27
30 57
67 85
40 56
9 78
74 75
2 63
15 17
13 42
11 55
5 48
24 25
55 62
8 27
4 74
92 97
7 99
27 52
37 93
1 71
88 98
0 86
51 61
4 19
77 89
37 43
53 75
21 36
6 51
0 23
54 77
51 95
46 55
42 44
27 57
26 57
26 93
4 53
31 83
82 84
40 95
11 48
49 68
5 96
40 47
36 73
0 89
40 71
42 58
10 57
19 47
3 12
10 29
72 99
19 84
47 88
26 51
54 74
4 63
52 65
10 22
3 52
29 31
26 73
59 84
31 92
86 90
66 72
53 54
74 96
29 42
32 82
32 49
67 70
31 98
56 87
44 67
9 16
87 95
69 93
53 96
21 64
54 89
23 54
41 67
75 84
29 36
37 59
33 36
50 55
50 74
78 90
31 72
8 72
1 88
6 66
30 55
25 56
28 59
5 40
66 88
16 75
2 99
56 80
0 78
46 74
66 99
6 52
50 53
30 73
44 96
8 26
68 75
28 34
31 64
28 30
16 28
39 42
22 29
5 97
48 81
14 81
3 9
80 95
75 88
8 83
15 20
17 58
32 98
46 53
71 96
21 56
81 87
15 42
29 63
25 95
28 29
35 67
40 44
10 31
28 78
25 69
1 4
34 59
7 16
29 77
8 91
24 62
97 98
47 99
52 80
10 88
27 73
17 62
48 63
27 55
29 98
8 92
33 45
24 46
64 77
40 77
62 67
20 66
9 59
41 55
32 44
41 76
4 12
12 66
11 79
32 48
21 95
20 44
25 29
17 46
14 97
14 94
11 42
1 91
25 55
62 74
68 78
72 89
27 28
32 78
47 68
14 91
29 52
23 72
19 50
9 69
14 66
10 62
46 67
22 64
59 80
10 46
21 24
3 60
8 98
36 57
53 62
17 39
46 90
7 19
48 94
18 97
58 79
22 36
1 80
1 49
0 12
23 71
5 84
30 67
23 93
24 50
44 84
19 46
16 79
57 91
60 91
6 68
17 30
77 96
23 37
11 14
34 86
65 99
50 90
62 90
59 66
17 50
54 76
7 97
11 17
77 87
83 99
37 89
80 86
24 30
14 63
14 50
12 90
48 58
10 50
55 68
17 41
4 52
6 50
25 60
56 65
39 48
18 59
69 71
2 52
50 67
31 87
9 64
64 67
46 98
62 98
9 41
76 84
13 67
21 41
36 62
75 99
9 65
1 33
36 46
27 67
11 61
1 65
92 99
19 75
45 54
65 95
47 84
7 33
