100 3938 721.9092740781213 dense
0 625 890
1 805 760
2 609 142
3 127 713
4 956 975
5 287 743
6 610 863
7 395 142
8 318 682
9 45 663
10 801 923
11 753 91
12 121 157
13 306 0
14 321 837
15 104 488
16 609 591
17 90 503
18 628 763
19 999 820
20 104 8
21 978 258
22 440 439
23 344 810
24 550 715
25 574 322
26 991 760
27 610 390
28 311 264
29 320 546
30 495 628
31 844 97
32 776 354
33 999 973
34 40 834
35 622 516
36 366 391
37 2 876
38 144 557
39 270 130
40 812 819
41 457 620
42 475 74
43 220 37
44 747 627
45 465 881
46 447 776
47 740 288
48 30 956
49 516 231
50 41 763
51 720 765
52 618 285
53 455 781
54 826 88
55 837 857
56 575 194
57 126 38
58 863 338
59 886 512
60 366 414
61 291 443
62 938 509
63 15 614
64 369 573
65 175 121
66 185 409
67 23 577
68 586 76
69 99 1000
70 1000 659
71 565 873
72 890 250
73 279 739
74 728 499
75 380 971
76 277 364
77 41 514
78 686 540
79 35 746
80 504 999
81 413 456
82 540 334
83 602 704
84 274 948
85 465 685
86 505 278
87 494 466
88 111 775
89 752 435
90 472 394
91 556 341
92 297 155
93 112 468
94 563 292
95 519 535
96 705 191
97 897 303
98 247 578
99 795 5
5 73
46 53
82 91
50 79
31 54
15 17
15 93
36 60
25 91
0 6
22 81
25 94
14 23
25 82
39 92
20 57
63 67
30 41
17 93
4 33
40 55
6 71
82 94
49 86
58 97
91 94
17 77
59 62
24 83
72 97
22 90
52 94
29 64
34 37
9 63
25 52
74 78
1 40
86 94
22 87
19 26
2 56
0 71
60 81
3 88
30 85
18 83
12 65
41 85
67 77
82 86
15 77
35 78
74 89
5 8
8 73
49 56
2 68
34 50
50 88
27 91
11 54
87 95
32 47
10 55
87 90
16 35
17 38
25 27
49 94
22 60
29 98
15 38
36 81
61 76
60 61
86 91
79 88
81 87
48 69
25 86
52 91
9 79
32 89
77 93
37 48
1 51
81 90
5 23
34 79
22 36
21 72
32 58
54 99
9 67
27 82
24 85
82 90
11 31
36 61
18 24
18 51
58 72
52 82
34 88
16 78
21 97
46 85
36 76
13 43
66 93
43 57
38 93
43 65
39 65
11 99
3 9
30 95
23 73
57 65
53 85
3 79
56 94
7 92
90 91
3 50
41 64
17 67
5 14
9 50
45 71
45 53
52 56
26 70
6 18
60 76
1 55
66 76
24 30
47 96
63 77
31 99
10 40
35 95
7 42
38 98
41 95
27 52
39 43
28 76
49 82
16 95
36 90
44 78
45 46
14 73
40 51
29 61
35 74
2 96
60 90
25 49
23 46
75 84
27 94
56 86
28 92
11 96
42 68
61 66
38 77
15 66
16 83
52 86
23 53
49 52
24 53
49 91
56 68
12 57
37 50
20 43
24 46
16 30
8 64
15 67
14 84
86 90
47 52
64 98
34 48
38 67
61 81
45 75
78 89
45 80
22 95
25 90
64 81
7 39
8 98
27 35
65 92
18 71
0 18
75 80
25 56
52 96
2 49
44 74
29 81
9 88
56 96
8 23
30 83
32 97
81 95
47 58
51 83
24 41
20 65
63 79
17 66
17 63
37 79
13 39
8 29
90 94
16 24
35 87
30 64
27 90
60 87
83 85
28 36
27 87
87 91
29 60
82 87
14 46
71 80
21 58
28 39
23 45
44 51
67 93
43 92
38 63
61 98
16 44
2 52
53 71
56 82
22 82
9 38
1 44
14 53
6 45
14 75
8 85
6 51
58 89
47 89
64 85
7 28
56 91
36 87
37 88
90 95
51 55
27 89
3 34
22 61
9 77
3 63
12 20
7 49
2 42
16 74
14 45
50 63
12 39
61 64
22 64
22 91
8 41
32 74
46 71
2 11
19 33
35 89
27 86
38 66
3 73
15 63
32 72
59 89
47 72
23 84
64 95
16 41
8 14
13 92
12 43
30 46
29 41
42 56
41 46
2 94
3 38
0 51
37 69
47 97
30 53
41 87
59 74
24 71
54 96
60 64
6 83
85 95
8 46
6 24
28 60
31 72
0 45
27 74
22 29
4 19
19 70
41 53
29 36
30 87
42 49
62 70
3 5
0 80
1 10
5 46
4 10
73 98
44 83
76 81
64 87
25 87
23 75
27 47
68 96
53 83
19 55
9 17
78 95
35 44
41 83
7 13
4 55
11 68
31 96
27 78
49 90
15 98
8 53
30 35
67 79
25 47
5 98
41 81
16 87
27 32
49 68
39 57
46 83
9 34
27 95
3 67
2 86
73 88
16 85
46 73
5 53
32 52
6 80
71 83
16 18
22 86
18 53
23 85
17 98
93 98
54 72
94 96
7 86
63 93
6 53
58 59
12 92
81 82
34 69
29 38
22 27
1 18
47 94
24 51
10 51
32 96
22 25
66 77
13 65
5 88
0 10
36 86
22 76
66 98
28 61
44 59
3 98
18 85
18 44
61 93
53 73
60 66
18 46
22 41
36 66
26 55
36 64
52 90
69 84
24 95
36 82
2 25
81 91
13 57
78 83
13 42
9 15
27 49
6 46
8 30
25 96
1 26
38 61
59 70
24 45
58 62
50 67
19 40
29 76
35 91
87 94
5 85
7 56
0 83
63 88
61 90
83 95
86 87
26 40
5 64
64 73
51 71
35 83
18 30
47 56
0 24
30 81
47 91
60 82
29 87
22 94
44 89
28 66
18 40
15 61
29 66
32 59
49 96
29 30
48 50
35 90
3 8
73 85
72 96
60 86
28 86
35 41
76 93
60 95
42 92
45 85
89 97
2 47
36 91
22 30
76 90
29 73
28 65
11 47
91 95
22 35
48 88
27 56
33 55
29 95
35 82
5 29
25 35
0 40
62 89
6 10
81 86
29 85
16 27
52 89
18 45
0 53
59 78
7 68
82 95
13 20
45 84
60 98
40 44
1 19
60 91
2 82
7 43
10 33
53 75
61 87
25 32
47 82
3 37
5 84
11 56
78 87
2 91
20 39
81 98
46 75
9 93
42 86
16 51
64 90
32 78
96 99
6 40
28 90
57 92
28 49
27 81
73 84
59 97
71 75
14 85
21 31
25 81
17 61
5 41
11 72
76 92
62 97
48 79
36 95
58 74
62 74
30 78
1 83
25 89
47 74
0 46
91 96
52 68
24 35
16 89
74 95
4 40
39 42
31 97
15 76
71 85
26 33
3 17
2 7
41 73
41 98
8 38
0 55
29 90
77 98
24 44
58 96
76 98
67 88
3 77
68 94
9 37
89 91
22 28
28 81
35 81
46 64
31 47
68 86
47 54
4 26
12 28
86 96
38 79
82 96
14 88
25 36
9 98
36 49
52 87
1 70
25 95
32 91
36 94
38 88
27 96
1 6
68 99
85 87
7 65
23 41
34 63
22 49
24 78
36 98
32 94
0 1
29 93
81 94
96 97
18 41
10 19
53 80
32 35
2 54
15 29
21 32
45 83
67 98
32 62
44 62
56 90
53 64
41 60
7 94
5 45
69 88
38 64
3 15
54 97
41 90
38 73
23 24
8 88
6 55
16 22
25 60
51 78
21 54
64 76
18 55
6 85
23 71
24 64
46 80
3 14
38 50
18 78
35 85
72 89
2 99
35 52
47 49
35 94
60 94
49 92
77 79
66 81
17 76
66 67
74 91
17 29
45 73
39 76
8 24
38 76
5 38
25 74
63 98
81 85
82 89
42 94
30 90
47 86
22 52
80 84
23 88
10 18
49 87
74 87
11 52
23 30
49 60
32 82
89 94
5 30
3 23
84 88
78 91
22 98
16 81
23 64
50 73
2 31
88 98
40 83
28 82
76 87
21 47
16 90
54 68
8 61
7 82
52 74
74 83
16 64
10 71
86 92
31 58
33 40
41 78
20 92
12 13
41 61
85 98
30 73
76 86
46 84
50 69
27 36
73 79
48 84
14 80
28 43
16 53
25 78
8 81
27 60
3 93
44 95
61 95
36 92
16 46
9 73
5 75
53 84
25 68
36 41
64 66
14 71
5 50
40 70
94 95
44 55
18 35
22 85
8 45
49 81
23 80
2 27
89 96
50 77
8 95
17 79
30 60
1 78
74 82
10 26
52 58
7 36
28 42
7 76
23 98
46 95
30 44
5 79
78 82
18 95
54 58
40 71
30 98
73 75
28 94
89 95
7 25
62 78
6 75
21 62
53 95
30 45
30 71
5 9
42 52
44 70
24 87
3 29
16 91
7 91
14 41
11 97
55 70
26 62
35 47
22 66
28 91
32 56
34 73
86 95
34 67
42 43
47 78
0 75
42 96
27 58
1 16
74 97
31 68
1 24
78 90
12 76
35 64
14 24
60 93
87 89
61 77
12 66
0 85
34 84
1 59
41 45
83 87
6 30
3 48
69 79
47 68
59 72
68 82
37 63
1 4
29 46
72 99
5 34
62 72
30 51
7 90
65 76
52 78
11 32
35 59
13 28
38 60
78 85
27 30
5 24
17 50
76 82
74 94
7 52
23 29
35 86
1 71
36 93
51 53
31 32
39 49
22 78
16 82
51 74
63 66
30 74
18 80
68 91
52 81
25 42
15 79
51 85
64 83
47 59
35 51
42 82
60 92
14 64
58 78
52 95
26 59
25 28
14 98
8 84
30 36
2 32
21 59
61 86
77 88
11 58
79 98
32 54
29 53
26 51
87 98
6 23
16 25
61 82
8 22
14 30
6 16
24 73
1 74
15 60
8 60
54 56
55 71
28 87
17 88
6 44
28 56
46 51
36 52
49 76
7 60
8 9
27 44
52 72
7 12
32 44
41 71
11 49
95 98
30 61
14 69
35 60
27 41
11 94
74 90
78 94
50 98
3 84
36 38
66 92
64 93
39 86
26 44
36 39
15 64
11 42
8 87
23 83
42 91
15 36
3 64
52 97
76 77
22 56
24 74
76 91
45 51
11 21
55 83
56 92
29 77
14 34
21 96
37 84
46 98
32 86
24 40
15 50
28 29
18 74
69 75
89 90
52 60
56 87
61 91
1 62
19 51
8 83
35 36
28 93
16 71
24 29
78 81
31 56
52 54
2 90
21 89
15 88
6 41
36 56
38 81
66 90
32 49
17 64
24 80
18 23
44 85
16 59
61 92
1 33
65 66
47 90
47 99
3 69
7 57
79 93
60 85
8 50
8 15
25 58
14 50
8 17
0 44
16 32
17 60
9 66
56 99
41 44
13 68
8 79
6 14
53 98
90 98
14 29
85 90
39 66
28 57
63 73
0 23
11 25
0 30
16 29
86 89
24 81
9 48
30 91
64 82
31 52
22 74
76 94
8 36
8 75
34 38
10 83
41 91
90 92
61 73
76 95
47 62
41 74
8 93
72 74
22 24
30 82
50 84
41 82
17 36
64 91
61 85
75 85
29 67
9 29
56 89
92 94
51 70
0 16
68 92
35 58
61 67
37 67
39 60
44 87
27 97
25 76
5 61
14 79
41 51
7 22
71 84
16 60
10 44
5 63
2 72
81 93
27 59
82 92
17 73
16 94
51 59
27 64
67 73
50 93
32 87
56 60
29 35
58 94
47 87
42 65
8 66
49 95
35 49
8 16
23 34
15 28
1 35
16 40
51 95
29 82
15 73
44 71
16 52
40 78
10 80
32 90
23 50
5 71
88 93
58 91
24 75
28 52
25 61
83 89
56 81
0 14
74 96
37 73
90 96
49 61
3 66
29 88
23 69
36 85
5 17
8 63
22 83
11 86
15 81
80 83
14 83
61 94
12 93
44 58
5 95
39 56
81 83
5 67
49 89
22 89
13 49
8 71
21 99
2 92
29 63
29 91
79 84
41 76
27 72
73 81
8 67
35 53
35 46
5 81
46 87
39 61
7 96
5 15
74 86
33 70
27 83
66 87
32 95
14 48
28 64
5 37
7 81
16 36
27 68
97 99
73 95
23 79
70 74
14 18
40 59
71 73
4 51
3 61
25 30
35 62
80 85
8 34
19 62
69 73
78 97
5 83
53 87
19 44
74 81
22 92
0 41
11 91
73 93
5 69
78 86
51 80
7 61
22 38
64 78
91 92
4 70
38 41
56 72
34 77
42 90
25 41
24 55
7 20
8 18
28 98
39 68
8 76
2 58
18 64
14 37
30 89
46 81
56 58
2 28
74 85
23 38
81 92
45 64
58 82
11 82
29 83
27 61
25 92
25 97
18 75
16 45
8 77
25 64
25 72
27 28
61 63
64 86
73 83
84 85
35 56
17 28
29 86
18 87
5 93
23 95
10 24
2 89
3 46
9 14
17 81
8 90
42 99
73 77
64 88
53 81
19 59
7 27
27 85
20 28
34 98
22 93
1 89
27 29
72 94
16 86
2 97
9 61
16 47
44 53
48 73
24 90
24 27
10 70
36 65
40 74
14 38
52 99
12 15
11 27
47 95
67 76
51 89
13 56
6 78
43 76
39 90
24 98
12 61
75 88
54 94
28 68
9 23
64 77
5 48
53 78
27 76
94 97
70 89
2 13
40 62
17 34
39 94
44 46
3 53
36 42
35 96
5 80
70 78
22 47
46 78
46 88
5 77
83 90
51 62
9 64
60 73
32 68
1 30
22 46
28 38
68 90
5 60
39 82
10 45
25 29
7 87
12 36
35 61
16 62
44 47
3 85
2 39
15 22
81 89
7 66
58 99
56 97
60 77
5 22
6 95
22 73
42 47
71 95
56 74
9 69
49 54
64 94
5 18
28 95
49 74
2 22
0 4
13 86
31 94
61 65
22 53
48 63
30 76
59 83
30 94
3 41
56 76
91 97
66 73
6 8
27 42
16 23
2 87
73 80
25 54
60 78
44 91
11 89
53 88
41 66
5 6
41 94
24 89
41 86
56 95
38 85
66 86
5 87
64 67
72 91
23 48
52 92
8 35
22 32
6 84
87 96
6 35
75 83
21 74
12 17
36 77
73 87
35 97
2 36
33 51
29 79
1 85
41 89
23 37
55 59
27 62
58 70
37 38
5 66
78 96
32 99
60 65
18 73
52 76
30 86
45 95
68 72
31 89
48 75
16 55
1 53
25 44
18 89
16 61
42 57
55 78
42 76
52 59
42 54
25 31
29 94
15 34
40 45
65 93
22 39
49 78
24 60
36 78
29 50
6 73
43 49
71 78
31 49
72 78
54 89
12 60
0 78
39 91
0 84
17 22
85 91
39 81
5 16
63 64
40 80
66 95
44 97
42 60
35 40
30 38
49 65
82 97
64 71
1 46
16 58
36 73
44 82
82 85
40 53
49 99
57 76
41 75
25 39
72 82
18 59
22 44
44 90
23 81
5 36
1 45
21 52
14 95
24 84
3 75
35 71
7 11
38 87
16 73
30 75
55 80
63 76
16 98
55 62
66 82
22 96
58 86
18 26
49 58
52 61
56 78
92 93
12 42
4 6
1 95
37 77
30 52
2 60
29 45
13 76
85 88
25 59
65 86
44 52
9 84
12 77
83 91
29 78
38 90
64 74
34 75
22 42
40 46
90 93
8 80
47 81
59 95
46 61
28 77
43 68
87 92
59 96
0 5
66 79
94 99
45 88
31 42
54 91
30 40
2 81
0 95
26 74
70 97
8 37
23 61
0 8
46 60
84 98
29 49
30 80
27 54
59 91
41 52
16 49
60 74
40 85
76 85
49 64
24 36
45 55
34 93
54 86
39 93
43 86
45 98
66 88
18 27
43 66
15 65
38 46
60 83
10 53
0 35
24 91
2 35
55 74
49 72
18 22
7 47
18 81
51 87
27 31
73 76
1 41
82 83
44 81
23 87
18 19
24 61
41 84
38 95
57 66
53 61
49 66
26 78
64 79
2 74
77 81
83 98
18 29
20 42
15 41
35 76
41 93
32 81
6 64
66 91
54 82
3 45
31 91
0 73
35 72
53 60
61 88
3 30
56 61
36 74
32 70
9 76
14 63
23 51
14 16
25 85
50 64
48 67
5 76
41 88
44 45
30 66
60 67
15 90
3 76
35 98
0 19
85 89
52 64
39 52
24 82
58 68
82 98
44 64
41 80
87 93
50 66
44 94
6 74
3 60
46 90
36 43
23 63
25 83
0 33
22 23
17 37
38 53
10 46
10 16
36 68
31 86
1 80
3 81
28 41
45 69
15 92
68 97
17 41
31 82
37 98
72 86
8 69
18 70
25 99
60 89
2 21
64 84
42 81
53 90
49 97
36 47
43 56
0 26
62 83
36 89
40 89
30 84
13 94
59 82
91 98
53 55
37 75
36 67
4 18
58 87
52 62
15 87
27 51
59 94
32 83
21 27
95 96
22 68
17 65
6 19
27 92
29 92
14 81
36 83
42 87
30 32
53 74
24 59
86 97
26 83
66 85
36 46
41 49
36 96
24 25
62 96
81 96
8 78
46 74
15 39
47 60
6 26
59 87
58 90
5 90
63 69
14 61
73 90
14 67
68 89
13 36
86 98
66 94
20 76
29 52
58 95
23 60
23 67
61 79
16 70
17 90
35 45
8 48
51 75
30 49
50 75
64 75
86 99
46 55
17 23
16 56
25 66
2 76
18 84
10 78
36 53
51 64
28 35
70 83
18 90
12 38
68 87
28 96
18 62
3 36
15 37
15 23
21 70
29 34
12 49
16 76
12 86
2 43
35 55
2 95
44 72
60 68
65 90
26 89
39 87
60 63
4 71
35 70
6 33
43 60
0 74
23 35
29 84
5 35
17 92
69 80
85 94
2 78
14 51
17 87
60 96
4 44
21 78
22 77
61 83
50 61
14 17
46 50
9 60
45 78
56 65
61 78
40 41
1 32
64 89
16 97
0 64
13 82
30 59
28 30
71 74
21 56
40 95
67 81
29 71
11 74
27 98
83 84
85 86
21 25
20 66
35 73
25 62
14 87
92 96
55 85
8 51
29 74
7 29
65 81
14 15
32 42
34 46
30 88
15 85
16 96
30 55
32 36
10 85
75 79
38 84
7 95
43 61
42 61
91 99
93 95
8 82
8 27
46 79
71 87
11 90
23 93
65 68
19 83
6 87
83 94
46 69
22 65
17 39
9 41
85 93
32 60
50 53
32 51
75 98
38 48
30 93
65 77
25 98
15 30
32 41
14 22
8 91
36 63
3 22
45 87
82 99
21 94
17 85
31 59
62 91
68 81
9 46
15 95
16 26
12 81
53 69
8 28
1 27
13 60
34 53
31 74
13 25
29 39
27 46
30 47
52 83
23 36
10 59
62 95
34 64
19 78
19 74
9 85
27 53
9 36
16 80
53 79
9 81
68 76
54 74
37 93
13 52
31 62
65 82
63 84
7 99
13 91
3 24
24 94
12 90
70 72
18 98
23 77
10 75
17 30
65 94
14 93
64 92
44 86
10 30
28 67
14 60
27 66
12 22
24 32
92 98
1 58
94 98
18 33
13 66
9 53
36 57
27 99
43 94
14 77
13 90
34 45
1 87
27 39
33 44
18 91
45 81
63 81
54 59
52 85
29 75
41 77
6 29
28 47
22 51
67 69
21 91
38 92
17 95
57 93
10 74
55 89
59 90
3 95
50 85
12 67
56 64
23 66
7 93
7 64
89 99
21 68
8 44
62 94
5 51
71 98
79 85
7 54
2 65
29 44
90 97
29 56
87 97
62 82
22 58
18 32
49 57
23 90
21 44
24 52
51 81
54 62
24 38
23 78
48 98
7 32
10 62
41 67
41 47
18 60
44 60
86 93
43 82
83 86
12 29
43 90
38 65
19 71
57 61
7 35
2 61
18 82
44 96
47 83
49 98
22 67
39 96
81 88
24 62
24 86
12 98
21 35
41 50
65 91
14 35
92 95
45 50
6 70
41 79
0 70
61 74
78 98
26 71
77 92
26 58
30 56
45 48
35 68
11 59
8 25
51 73
16 72
60 88
41 56
41 63
72 90
48 77
13 96
26 35
3 87
41 59
16 28
23 44
22 45
24 88
42 66
13 61
76 88
24 26
95 97
16 75
0 87
71 81
18 25
43 93
44 80
21 82
10 35
24 76
11 35
56 59
8 86
38 39
76 78
38 69
56 66
33 71
46 76
4 83
29 89
57 60
62 87
68 74
51 90
6 59
25 65
64 80
39 77
59 86
69 98
77 90
5 78
41 55
15 46
67 84
36 44
14 36
28 85
46 91
82 93
39 98
57 86
8 74
2 16
29 65
34 66
14 66
17 46
58 83
35 66
51 58
34 85
52 66
15 57
45 79
42 72
46 66
6 89
23 76
72 87
7 31
9 30
53 91
22 71
46 82
22 59
7 15
6 81
76 79
16 19
80 88
55 95
4 80
15 86
47 70
73 78
43 91
53 76
24 70
39 64
11 78
9 22
32 85
46 48
25 43
38 82
51 91
12 82
18 36
67 85
53 82
42 89
9 75
46 93
59 85
12 56
77 87
63 85
11 87
53 89
29 51
38 45
37 46
11 13
38 86
6 22
49 85
17 48
11 62
77 85
15 53
19 89
46 89
75 95
40 75
22 43
29 37
28 63
10 41
44 49
30 62
17 53
13 22
0 59
26 32
48 53
22 63
53 66
0 29
20 93
7 98
11 92
8 94
36 88
61 89
19 24
43 81
46 63
16 66
6 98
57 68
76 96
91 93
7 89
12 94
32 64
2 59
15 82
47 92
65 98
21 49
37 53
37 45
42 95
50 76
1 23
45 74
68 95
20 36
80 95
53 93
71 88
49 59
34 61
18 61
38 91
58 81
28 78
15 43
35 42
44 56
1 97
16 38
3 71
4 62
32 40
17 57
25 51
26 97
51 82
24 47
47 64
72 95
54 90
33 62
14 90
11 22
23 40
30 77
4 59
46 67
13 81
49 93
20 49
30 58
34 41
60 79
43 52
12 63
47 76
42 58
65 87
3 90
22 88
31 78
76 83
14 78
53 63
10 23
74 76
61 68
55 75
45 61
25 46
12 68
17 86
12 91
52 65
0 89
7 17
52 98
28 89
6 27
54 78
9 45
3 80
88 95
21 86
20 61
28 32
30 50
27 70
15 48
35 54
25 53
31 35
27 40
5 44
1 64
1 75
33 59
11 28
68 78
30 67
30 79
14 44
47 61
14 76
3 83
40 87
15 91
56 57
39 95
18 94
37 64
48 80
31 90
28 73
71 89
24 66
59 81
79 81
1 47
38 75
22 97
50 60
45 60
47 51
53 67
18 52
77 95
5 27
28 74
9 28
33 83
5 28
10 95
35 38
62 90
15 20
42 97
84 95
30 63
76 89
56 62
65 67
17 82
49 83
5 82
27 73
38 83
44 73
17 84
73 82
7 41
51 84
12 25
4 24
50 81
6 62
69 85
47 85
69 71
0 81
59 71
20 60
46 77
20 86
57 77
40 58
5 91
17 43
67 87
93 94
19 35
12 64
12 87
25 93
11 39
61 96
70 71
30 96
67 90
73 91
7 38
27 71
24 49
3 28
36 79
15 49
18 58
35 92
1 22
20 68
45 90
1 91
74 98
0 22
10 14
71 90
18 47
22 72
7 74
2 12
6 90
29 80
13 99
69 77
16 84
11 36
24 58
25 38
1 14
0 98
9 87
15 84
10 89
51 52
62 86
9 95
14 40
44 61
41 92
64 65
87 88
34 80
8 49
77 84
53 77
2 62
29 47
7 78
0 62
32 61
1 8
80 98
2 64
17 91
41 62
78 80
36 50
2 57
23 74
41 58
13 27
42 74
38 49
51 97
29 32
1 90
48 93
27 38
1 25
17 20
23 55
41 96
33 80
38 94
39 47
1 81
83 88
7 30
57 90
2 29
70 95
29 42
16 21
17 69
23 27
3 16
35 80
7 16
8 52
46 94
67 95
83 97
51 94
15 25
51 60
74 99
11 81
15 94
32 76
2 30
8 89
30 34
36 58
36 45
4 45
0 27
60 71
18 86
15 24
53 94
19 58
37 85
2 66
63 87
46 86
37 66
2 41
1 82
11 95
21 26
29 48
44 98
13 87
58 60
24 93
22 62
44 75
54 87
67 92
56 85
3 18
5 74
27 93
11 60
2 44
9 90
62 85
29 69
56 98
64 69
61 84
49 62
17 49
57 94
53 86
90 99
3 6
30 70
20 56
17 24
84 93
13 93
7 72
32 55
6 88
40 64
57 81
63 90
7 58
81 97
9 24
53 59
22 79
31 87
51 98
64 96
43 96
57 82
43 87
73 74
22 57
43 77
5 25
61 71
20 77
42 64
63 95
24 28
1 52
63 75
39 67
56 83
25 73
66 83
6 60
24 50
81 84
27 65
48 64
42 78
9 12
27 45
4 78
16 93
15 69
35 93
46 59
48 85
8 40
30 92
12 52
26 30
73 86
7 77
5 86
22 50
23 91
23 82
36 51
59 99
35 75
15 16
15 27
16 68
24 79
75 81
14 55
19 32
17 25
37 80
30 97
1 72
18 88
4 16
75 87
66 78
24 33
17 94
1 5
63 65
32 92
29 43
15 35
0 90
27 55
38 57
72 81
55 58
50 80
26 72
46 52
92 99
55 87
11 16
77 86
37 61
59 64
13 47
62 71
66 68
36 71
24 56
22 54
37 41
41 69
52 53
35 39
2 20
26 95
40 97
83 96
45 63
29 96
24 34
62 99
21 90
39 41
6 91
89 98
88 90
38 43
18 38
27 43
57 91
19 80
34 76
38 71
16 17
1 73
34 71
0 88
21 87
1 94
19 97
7 97
13 54
6 61
8 92
28 83
10 84
62 81
4 74
79 95
58 85
13 15
0 3
75 78
5 94
6 69
14 74
59 60
59 68
22 31
73 94
50 95
28 46
84 87
1 29
45 89
25 57
5 40
77 82
16 88
1 21
34 81
26 27
26 85
6 36
18 76
34 60
67 75
22 40
71 91
17 27
17 35
69 93
14 27
51 86
17 45
3 35
18 97
79 80
80 87
54 92
20 90
24 69
6 82
15 45
36 59
16 42
32 53
89 92
33 78
26 47
52 70
65 96
32 46
22 75
6 32
22 84
50 71
61 75
21 42
70 85
11 43
42 93
40 47
11 44
21 95
16 92
51 61
26 53
45 67
28 53
4 53
0 69
19 45
72 83
79 87
56 93
52 93
36 97
65 95
44 76
24 97
63 92
31 44
40 73
19 30
40 81
23 25
35 99
71 82
39 99
26 45
20 94
8 10
29 68
48 71
70 87
12 27
43 98
50 87
33 45
60 84
0 60
6 25
40 91
38 78
54 95
41 97
64 68
51 72
60 97
26 80
36 72
15 83
25 70
77 91
45 93
30 69
41 48
18 49
29 57
83 93
20 81
26 46
28 54
40 90
41 70
20 82
24 63
5 10
44 54
24 67
71 79
19 53
31 95
7 8
16 33
78 99
33 74
70 91
13 29
41 42
66 84
24 96
30 39
20 22
38 52
4 46
13 31
30 72
23 28
16 31
58 64
39 63
24 77
78 92
13 17
55 64
7 85
45 91
8 55
16 54
74 80
14 82
11 76
28 88
57 67
45 66
14 91
12 95
28 99
60 72
85 96
46 49
34 36
17 83
31 92
45 76
66 74
20 38
52 57
10 87
87 99
17 75
80 81
19 85
36 54
25 40
25 71
74 92
8 56
30 37
26 41
45 82
15 52
49 77
54 81
42 98
70 96
40 84
0 91
32 39
49 53
57 98
10 73
19 46
8 39
23 89
53 62
30 42
35 84
15 56
28 79
23 86
15 42
10 64
85 92
3 12
40 82
15 75
43 64
0 32
28 58
60 75
55 97
9 65
6 38
39 54
5 89
0 61
62 68
19 95
53 70
9 83
28 31
46 62
1 60
41 68
30 68
45 59
32 71
3 82
49 73
22 99
8 12
45 77
9 71
5 49
31 81
79 90
31 36
20 91
5 55
2 85
2 83
22 34
0 36
73 89
19 21
23 94
0 82
29 40
37 71
70 82
1 84
8 32
38 56
22 80
54 60
66 96
50 83
57 87
36 84
34 95
5 52
20 25
46 70
10 27
25 77
52 73
2 98
29 59
18 66
9 92
67 86
77 94
28 44
28 50
50 90
66 89
21 22
4 35
1 86
3 91
47 66
40 52
48 66
79 83
9 16
9 80
21 51
75 77
30 48
46 47
47 53
25 45
10 32
41 72
75 93
38 80
4 85
0 25
55 84
55 73
39 89
70 94
6 34
24 37
17 52
67 82
18 56
44 84
49 51
47 98
12 41
16 39
7 67
62 64
35 88
6 94
14 28
24 48
41 65
16 77
1 36
31 60
14 25
44 68
51 96
40 72
32 98
20 67
43 67
31 39
17 56
48 61
13 95
43 99
4 75
2 24
18 72
24 72
3 86
17 42
13 64
22 55
85 97
34 83
33 53
4 30
36 99
18 96
47 55
4 89
8 47
43 47
26 87
6 50
1 96
19 41
6 52
13 77
78 93
9 39
11 65
8 65
28 72
45 70
18 69
20 29
78 84
60 62
19 27
13 38
36 75
19 72
11 61
43 95
35 77
71 94
13 98
3 27
37 76
29 58
58 61
27 77
6 58
40 94
67 91
31 70
3 92
21 83
55 81
69 83
20 52
76 84
36 62
39 78
73 92
75 90
15 78
34 87
71 76
12 96
0 38
21 40
3 78
38 42
33 46
16 67
74 75
58 76
57 63
6 79
38 74
1 98
18 50
28 97
6 48
55 91
57 64
37 81
20 98
0 34
5 92
39 74
37 60
39 85
10 58
84 90
13 32
14 86
51 56
61 69
47 65
14 89
6 47
55 90
52 71
70 90
81 99
18 28
9 18
19 47
15 18
33 89
23 52
18 34
77 83
33 35
60 99
67 83
8 59
64 97
18 79
16 50
32 66
7 24
63 83
3 25
3 65
63 86
6 86
9 82
18 93
2 93
7 21
16 63
16 79
58 92
66 75
63 82
12 79
3 51
61 80
9 35
11 30
46 56
25 55
14 94
35 65
54 70
45 94
17 78
66 69
17 18
51 76
95 99
0 50
71 86
27 57
0 48
21 81
57 96
7 83
59 61
53 56
7 44
6 9
30 65
96 98
66 71
9 86
6 76
3 39
72 92
15 71
42 59
60 80
0 58
0 94
70 80
12 30
55 82
20 87
22 70
45 62
35 67
17 71
53 58
49 67
40 60
1 49
44 66
12 73
29 55
10 22
1 61
26 52
26 91
9 91
23 49
46 58
45 86
25 26
0 52
13 35
68 98
80 90
7 63
63 91
3 94
11 41
36 37
33 85
38 44
25 67
10 81
0 79
71 93
63 71
6 37
43 54
72 85
7 73
21 30
5 12
39 73
51 88
55 72
67 94
47 71
5 7
30 33
1 56
42 85
10 29
12 50
32 45
2 15
43 63
4 41
58 71
38 51
52 55
20 63
0 47
64 72
5 39
2 8
40 98
18 21
54 76
24 92
7 59
16 99
35 63
68 93
82 88
45 52
21 55
75 76
27 67
80 89
11 64
42 44
12 35
34 90
19 87
74 93
67 71
92 97
42 77
12 88
36 40
27 80
23 59
16 34
22 37
59 80
33 75
29 62
37 95
11 70
3 49
5 56
38 89
4 95
56 73
26 82
52 77
68 85
70 81
78 88
2 18
88 91
6 66
61 97
40 86
63 80
56 77
0 9
10 90
76 97
13 89
0 37
2 38
36 80
72 76
0 86
44 99
20 64
15 74
37 83
70 86
5 32
27 75
48 83
8 96
35 43
3 44
29 97
21 24
28 59
21 36
69 95
65 73
31 76
59 76
14 52
31 43
10 97
9 27
7 9
55 94
8 42
83 92
11 29
69 81
23 32
68 83
20 96
18 48
39 58
32 73
11 57
6 97
61 72
41 43
9 25
6 15
48 81
56 70
12 85
9 57
76 99
27 88
35 79
49 63
25 63
0 76
65 99
3 7
18 63
28 34
35 50
11 83
10 91
39 72
21 60
5 65
2 17
6 17
12 47
2 51
18 67
30 54
57 95
4 23
20 27
15 68
65 85
26 94
86 88
21 41
26 90
71 77
13 72
42 62
30 31
11 12
63 94
6 93
27 63
28 45
18 37
7 46
14 49
64 70
26 96
40 96
19 75
9 94
18 77
22 26
48 60
10 47
3 74
17 74
13 41
74 84
46 92
6 49
9 49
46 96
16 65
67 80
24 68
32 43
37 87
65 79
53 96
89 93
48 76
7 53
5 59
5 47
54 61
29 72
59 98
10 25
40 61
51 66
13 67
42 83
8 62
4 58
49 71
60 69
10 82
8 58
32 65
47 73
6 63
48 95
24 42
77 78
53 92
17 80
49 70
26 75
79 92
4 32
55 60
28 51
33 41
0 97
88 92
41 54
25 88
59 73
2 70
1 2
24 39
23 26
15 80
33 58
26 64
33 95
4 14
9 43
15 89
61 62
39 97
31 41
11 66
53 97
27 84
3 52
13 58
79 82
14 59
54 65
30 43
0 66
45 49
44 92
31 61
8 43
75 89
19 91
10 98
55 98
9 78
46 97
6 67
44 88
12 16
26 81
38 68
47 93
31 83
13 74
45 47
16 69
38 47
75 91
11 20
2 46
17 68
93 96
62 80
44 93
19 25
19 23
23 47
7 62
54 83
13 30
50 65
11 24
22 69
23 92
75 82
19 52
65 89
65 88
2 53
36 48
9 20
15 44
23 56
32 33
50 82
0 15
40 49
39 79
71 97
50 92
22 48
28 71
79 91
1 76
80 93
80 91
11 85
0 17
13 78
69 76
65 78
58 98
88 94
36 55
8 68
52 67
47 57
39 83
34 35
79 86
7 18
14 32
10 52
32 38
51 69
67 78
13 16
1 31
13 97
69 87
0 93
39 88
43 89
36 69
17 89
50 91
23 62
80 82
54 64
15 47
21 28
55 86
21 85
6 77
61 99
0 49
40 56
19 82
17 44
82 84
84 91
31 65
6 28
0 63
41 57
10 60
39 46
57 99
38 96
65 74
6 56
7 23
15 96
77 80
16 37
66 80
20 95
1 11
50 86
56 67
8 57
1 54
31 64
39 50
23 70
28 62
37 90
45 58
32 93
6 72
76 80
10 94
14 26
4 97
11 51
48 87
23 33
3 57
63 78
15 51
74 88
42 67
27 79
19 22
51 93
19 64
62 76
39 53
16 43
25 75
8 26
19 90
33 97
49 88
14 19
0 67
6 96
10 72
55 96
2 77
50 51
56 71
26 31
31 51
13 63
1 3
4 27
60 70
27 50
25 80
58 66
2 5
12 34
8 13
2 73
17 51
3 43
8 70
14 92
50 78
29 54
4 84
12 78
9 51
78 79
59 75
34 51
11 18
12 32
23 39
3 89
24 31
16 48
26 86
17 47
19 94
28 84
24 54
55 61
15 32
51 54
51 79
70 99
28 37
3 56
21 64
43 78
25 79
53 72
9 52
43 74
52 63
74 77
10 36
4 87
46 72
10 21
18 68
36 70
21 92
59 92
35 57
39 44
29 70
12 89
17 96
19 81
12 23
29 31
14 47
12 99
20 99
14 56
30 99
1 38
14 33
5 62
25 50
26 54
8 97
18 92
5 96
0 72
43 85
3 40
42 73
7 88
70 75
73 96
1 88
25 84
19 96
62 98
0 77
8 19
20 47
5 42
45 56
30 57
71 96
79 94
12 74
54 85
0 56
62 73
14 62
7 14
68 77
31 85
12 46
56 63
32 80
1 28
18 31
0 28
10 61
27 33
84 89
23 58
41 99
54 57
51 68
14 70
17 32
4 8
11 98
40 76
40 88
9 74
26 56
24 65
42 46
7 51
71 72
9 44
43 72
50 94
7 79
13 85
75 94
18 54
49 55
0 96
12 24
5 58
75 86
5 26
26 29
43 73
49 79
52 88
3 20
10 88
97 98
18 42
3 10
10 69
20 41
2 40
34 82
8 20
42 53
9 56
12 53
4 5
6 21
12 54
58 73
59 66
84 86
12 14
14 39
21 76
5 43
46 65
67 74
42 63
23 65
80 94
10 86
34 78
43 58
64 99
11 26
28 75
26 49
4 64
21 61
69 90
26 73
1 66
9 13
35 69
55 56
49 50
34 91
46 68
57 79
26 60
7 50
44 77
48 90
68 70
21 33
77 89
33 87
48 51
5 19
23 96
8 72
84 94
54 66
35 37
53 65
4 73
53 68
4 21
57 73
38 40
5 70
1 68
21 29
2 23
44 50
21 39
13 21
66 97
29 99
4 47
31 57
51 63
2 6
80 86
58 65
45 97
72 98
44 79
51 67
