100 4502 872.9948453456068 dense
0 725 73
1 595 200
2 776 379
3 24 561
4 778 965
5 47 259
6 290 654
7 45 232
8 585 6
9 170 681
10 700 973
11 593 424
12 661 879
13 718 978
14 800 600
15 539 125
16 556 36
17 430 953
18 24 353
19 136 423
20 31 219
21 137 646
22 999 854
23 137 766
24 587 809
25 784 688
26 170 326
27 181 567
28 759 696
29 82 165
30 617 481
31 998 261
32 545 35
33 399 22
34 148 191
35 261 588
36 854 421
37 937 335
38 707 407
39 384 359
40 184 54
41 640 205
42 1000 758
43 852 525
44 544 795
45 687 642
46 340 7
47 841 61
48 795 752
49 778 237
50 952 846
51 308 470
52 295 593
53 86 680
54 739 655
55 426 943
56 939 471
57 646 581
58 293 362
59 719 638
60 963 207
61 190 261
62 180 935
63 222 245
64 610 992
65 498 842
66 295 292
67 284 27
68 626 385
69 749 100
70 501 512
71 940 202
72 943 141
73 596 850
74 321 338
75 831 540
76 958 956
77 368 337
78 539 341
79 370 846
80 515 836
81 245 178
82 560 929
83 484 10
84 153 355
85 221 853
86 602 346
87 457 746
88 943 584
89 243 127
90 607 183
91 354 315
92 907 673
93 252 38
94 876 365
95 930 982
96 175 740
97 890 360
98 575 326
99 134 7
17 55
16 32
94 97
65 80
10 13
7 20
1 90
60 71
43 75
77 91
25 28
54 59
5 7
39 77
45 59
86 98
26 84
67 93
35 52
61 63
0 69
58 74
76 95
78 98
41 90
74 91
8 16
24 73
5 20
24 44
1 41
28 54
68 86
23 96
74 77
22 50
9 21
8 32
44 80
81 89
11 68
66 74
37 97
39 91
45 54
25 54
9 96
46 67
36 94
33 46
71 72
6 52
21 53
4 13
11 30
78 86
66 91
31 60
25 48
44 65
32 83
39 74
28 48
14 75
37 94
26 61
40 99
60 72
40 93
58 66
19 84
28 59
36 97
63 81
29 34
12 73
6 35
45 57
20 29
2 38
44 73
7 29
16 83
24 80
58 91
68 98
4 10
11 86
58 77
64 82
34 61
25 59
14 54
73 80
27 35
31 71
38 68
9 53
66 77
33 83
73 82
63 66
2 36
15 90
14 25
89 93
14 59
28 45
15 32
21 27
15 16
39 58
9 23
14 43
34 63
62 85
10 64
57 59
46 93
1 15
40 89
24 65
31 37
22 42
88 92
26 63
30 68
5 18
68 78
34 81
65 73
36 56
11 78
61 81
11 98
44 87
47 69
23 53
42 50
5 29
2 94
61 84
8 83
21 96
10 12
12 24
43 56
19 26
80 82
40 67
36 43
30 57
14 28
65 87
65 82
80 87
53 96
25 45
67 89
43 88
13 64
51 58
61 66
22 76
50 76
7 34
39 66
48 54
55 79
12 82
56 88
12 13
9 27
34 89
33 67
11 38
2 97
30 38
0 47
27 52
54 57
36 37
63 89
21 23
30 70
20 34
75 88
14 45
23 85
36 75
56 97
38 86
5 34
85 96
93 99
17 79
7 18
6 9
24 82
56 94
51 52
25 92
12 64
55 65
66 81
42 92
35 51
11 70
15 83
1 98
8 15
65 79
26 58
56 75
15 41
18 84
14 92
26 66
47 72
63 84
9 35
17 65
37 60
31 72
18 19
17 82
79 87
51 74
37 71
18 20
3 53
39 51
55 82
44 82
63 74
30 86
37 56
26 34
58 63
21 35
48 59
48 92
41 98
50 95
40 81
55 80
6 27
49 69
5 26
58 84
81 93
3 21
34 40
41 49
2 49
64 73
5 84
5 61
6 96
14 88
12 44
46 83
61 89
58 61
24 87
29 61
17 80
4 12
79 80
22 95
51 77
41 86
1 86
31 97
90 98
32 33
10 82
54 75
27 53
36 38
33 93
7 61
18 26
59 75
79 85
63 91
28 92
2 68
29 40
19 27
67 99
41 69
26 74
1 78
61 74
14 48
12 80
9 52
4 95
75 92
6 21
45 48
46 89
38 98
14 57
0 8
25 75
66 84
16 90
67 81
39 78
7 26
0 41
3 27
16 33
43 92
27 51
30 78
31 94
32 90
57 70
30 98
10 73
49 94
28 57
29 63
0 90
51 91
43 94
89 99
40 46
86 90
29 81
7 84
34 84
20 61
69 90
2 43
13 82
29 89
11 57
71 97
49 71
26 81
29 99
49 97
21 52
2 37
12 65
19 58
1 16
74 84
54 92
43 97
41 78
60 97
2 75
4 64
19 61
77 78
28 75
78 90
43 54
47 71
0 49
1 32
63 77
61 91
66 89
0 16
27 96
73 87
15 33
38 94
23 62
43 59
25 57
35 96
81 91
71 94
70 78
20 26
30 45
5 63
45 75
25 43
13 73
2 86
74 81
7 63
3 19
68 70
19 51
34 66
8 90
51 66
50 92
49 90
9 85
4 76
60 94
38 78
41 68
75 94
44 79
0 1
38 75
64 80
20 84
48 50
42 88
26 29
1 69
0 32
17 64
38 49
26 91
38 57
24 64
34 99
12 48
6 51
34 93
36 88
5 19
8 33
1 49
37 49
78 91
47 49
38 43
14 36
2 56
64 65
30 59
49 60
1 68
33 89
2 11
16 41
2 30
38 97
3 9
8 69
44 55
75 97
57 75
6 23
14 56
52 96
18 61
25 88
58 81
47 60
55 64
6 87
49 72
59 92
39 70
20 63
51 84
0 15
61 77
55 73
39 98
37 72
1 8
70 86
24 45
28 43
32 41
40 63
17 44
62 96
17 73
46 81
18 29
57 68
51 70
19 63
35 53
39 63
69 72
26 77
36 49
10 24
55 87
26 51
81 84
70 98
67 83
77 81
43 45
42 76
29 84
68 90
22 92
16 69
19 74
23 27
81 99
18 34
15 98
56 92
84 91
42 48
6 53
24 28
46 99
19 66
8 41
32 46
19 35
49 86
40 61
7 81
77 98
79 82
12 28
44 64
2 98
3 18
6 79
37 43
17 87
63 93
44 45
24 55
62 79
82 87
6 85
4 50
15 69
7 19
26 89
13 95
49 68
29 93
83 90
30 54
38 41
17 24
34 67
43 57
4 48
13 24
27 84
5 81
32 69
14 38
48 75
31 36
4 73
28 88
24 48
77 84
15 78
54 88
24 59
24 54
26 39
69 71
23 35
39 61
33 40
20 81
16 46
74 78
31 56
14 30
89 91
39 86
11 39
33 81
53 85
70 77
1 83
24 79
2 41
4 82
91 98
31 49
52 70
49 98
48 73
79 96
30 75
45 92
2 14
52 87
19 21
21 85
55 85
48 88
11 41
1 11
7 89
34 58
28 73
74 89
20 40
72 97
18 63
7 40
73 79
52 53
63 67
48 57
45 70
34 74
45 73
25 42
12 25
22 48
39 81
35 58
0 72
88 94
19 20
15 86
10 95
88 97
10 80
59 88
25 50
37 75
36 68
52 58
39 84
20 89
24 25
38 70
38 59
15 46
61 93
17 85
19 34
19 52
27 58
83 93
72 94
43 48
3 23
77 86
3 96
23 52
42 95
44 59
36 71
1 38
24 57
20 99
38 45
5 89
10 44
28 44
44 57
12 54
11 45
70 87
12 45
3 35
13 48
30 43
57 86
60 69
51 61
2 78
44 54
36 60
2 57
58 89
34 91
10 48
38 56
10 65
51 63
37 38
13 76
11 77
26 27
2 71
11 90
54 73
7 99
12 17
3 84
19 91
39 68
12 87
12 55
77 89
28 50
30 36
29 67
8 46
59 73
84 89
38 90
21 51
70 91
55 62
23 79
5 40
4 24
58 78
14 94
41 47
4 22
19 77
13 80
12 59
29 66
25 73
11 59
28 42
66 78
37 88
0 83
41 83
86 91
38 54
5 66
70 74
39 52
17 62
0 71
68 94
57 87
2 31
35 70
35 87
59 70
9 51
61 67
45 87
13 44
63 99
2 60
9 62
31 47
74 98
6 70
1 2
44 48
14 42
36 59
19 39
14 97
52 74
58 70
35 84
68 75
7 66
35 74
36 92
66 93
28 30
10 76
13 65
2 90
85 87
45 80
9 79
35 39
61 99
9 19
49 78
36 54
11 36
32 67
48 76
19 53
8 47
50 88
36 57
68 77
45 88
40 66
11 91
25 44
57 78
36 86
30 39
33 90
11 49
19 29
52 79
47 90
15 49
34 77
45 68
1 39
2 88
51 78
57 98
1 33
11 75
56 60
1 77
68 97
15 91
2 59
66 67
18 27
33 99
46 63
43 68
34 46
25 30
52 77
5 99
25 56
5 58
48 95
1 91
83 89
35 85
19 81
27 74
13 50
56 71
18 58
59 68
4 28
52 85
10 17
39 89
22 25
11 14
54 56
53 62
16 67
26 40
15 77
35 77
3 52
0 60
15 67
11 54
57 73
20 66
15 68
86 94
45 65
10 55
22 88
42 75
25 36
42 43
56 59
14 68
3 26
57 92
30 41
36 45
4 25
52 84
65 85
26 35
6 19
2 45
54 70
18 66
11 43
2 54
69 83
7 58
35 79
2 69
6 65
42 54
15 39
68 91
64 79
74 86
28 80
3 6
1 30
18 81
66 98
87 96
10 50
1 47
10 28
59 87
7 93
30 94
49 56
39 90
52 91
59 80
58 98
77 90
33 63
13 28
41 94
5 74
69 98
11 74
90 91
20 93
16 47
50 54
44 70
69 86
57 80
22 28
76 92
30 77
54 80
12 95
28 56
86 97
35 91
46 66
29 58
11 51
27 85
13 17
11 94
14 50
4 44
33 66
6 80
34 39
64 87
37 47
6 44
16 98
27 39
2 72
28 36
25 38
21 84
6 58
81 83
21 62
48 80
30 49
32 98
54 68
12 50
12 79
4 80
32 93
42 56
28 38
36 72
69 94
13 55
0 98
41 97
48 82
9 87
80 85
36 98
26 52
46 61
38 88
29 74
91 93
7 74
15 66
69 97
15 89
54 87
67 91
27 77
33 91
31 69
57 88
10 25
32 47
43 49
18 74
13 25
27 66
35 66
30 90
3 51
14 37
12 57
14 24
20 58
30 97
51 81
15 81
39 41
28 65
0 86
26 93
16 49
15 93
41 71
57 65
75 86
59 65
37 69
51 96
52 66
8 49
66 70
5 93
31 43
8 67
6 62
41 77
29 46
33 34
40 84
33 41
3 5
47 97
48 64
40 83
51 98
94 98
4 42
11 97
11 15
16 93
36 41
45 56
15 74
54 65
2 70
16 78
42 59
51 53
27 91
4 65
47 94
32 78
28 87
27 61
11 58
28 82
41 91
1 74
12 76
25 80
21 79
13 22
18 51
43 86
49 75
74 93
45 86
46 91
32 49
68 74
15 47
2 25
30 51
24 70
58 86
30 87
92 94
6 39
41 72
92 95
38 69
0 2
48 65
38 71
68 69
29 91
30 91
40 91
14 70
12 14
66 86
5 91
50 59
4 54
56 57
67 74
16 86
92 97
20 74
51 87
1 66
45 82
18 21
59 86
18 89
19 89
7 67
59 94
37 68
40 74
57 94
32 89
48 56
32 86
33 77
97 98
28 70
2 28
33 61
6 74
20 67
11 28
51 86
4 92
19 96
6 55
25 76
69 78
46 90
1 46
7 91
26 67
64 95
8 98
10 54
23 87
44 52
77 93
54 94
12 92
26 99
67 77
52 65
34 51
21 26
14 44
10 22
2 92
14 86
30 56
30 44
14 73
14 22
55 96
41 60
13 54
21 58
37 41
30 48
70 80
2 47
27 63
56 68
27 70
90 94
25 65
38 60
36 78
31 75
74 90
33 74
31 38
11 25
1 70
1 94
11 66
16 89
0 78
59 97
9 84
6 77
38 39
58 93
40 58
54 82
0 68
66 99
22 54
28 76
31 88
52 80
44 85
15 38
25 95
30 74
0 94
83 98
6 84
53 79
27 87
25 82
50 75
51 68
57 97
24 30
3 7
0 33
65 70
56 72
6 17
5 77
66 90
0 97
70 75
46 77
63 78
10 45
62 65
28 64
54 97
0 31
46 74
83 91
59 82
5 67
53 84
84 93
25 87
18 91
17 96
4 59
32 81
10 87
38 92
18 53
28 95
25 70
71 90
75 98
29 77
18 35
58 68
90 97
42 45
45 50
0 38
8 93
3 58
35 61
43 71
6 24
58 67
37 86
21 87
45 98
62 87
45 94
45 78
10 59
78 83
4 45
1 97
5 51
25 94
5 27
78 81
43 50
36 48
43 60
20 91
27 79
41 70
0 37
33 39
13 45
40 77
36 69
78 94
54 86
48 87
8 78
28 68
72 90
65 96
23 55
12 22
32 91
15 63
18 40
37 92
66 83
7 77
13 59
8 86
1 36
30 52
43 98
15 58
25 68
23 51
16 81
30 88
9 58
3 20
11 52
1 58
3 61
19 23
36 90
39 57
59 98
66 68
18 77
16 91
25 97
6 91
1 71
30 58
35 63
41 74
70 90
38 77
39 67
77 83
39 93
59 78
2 15
35 65
82 85
45 97
17 23
24 92
29 33
30 92
4 17
52 61
33 78
84 99
51 89
11 56
13 87
6 26
62 80
11 87
64 76
83 99
32 77
25 64
35 44
1 81
52 78
28 94
70 73
52 57
43 70
33 98
78 97
5 39
30 37
63 83
3 85
4 55
1 72
67 84
80 96
75 78
10 79
22 59
14 98
7 51
39 46
16 77
35 80
9 26
71 75
11 37
52 63
38 72
51 57
41 66
1 67
16 68
50 73
38 48
22 75
83 86
33 58
35 62
60 90
20 77
13 42
73 92
61 78
46 58
60 75
45 64
57 82
32 66
33 69
67 90
70 79
21 74
13 92
29 39
9 18
73 95
32 68
56 86
41 46
1 89
11 69
12 42
18 39
36 47
22 43
47 83
28 97
52 62
54 64
58 90
26 46
32 40
7 27
81 98
32 39
18 52
7 39
15 40
6 66
81 90
37 98
63 98
31 41
8 89
39 83
18 99
43 78
24 75
24 52
37 90
6 73
6 57
68 71
14 49
26 53
15 30
10 92
36 70
39 40
38 91
78 89
9 65
16 66
4 14
16 39
74 83
9 55
24 50
36 42
71 86
54 98
1 37
14 78
27 62
1 60
89 90
49 57
24 85
23 65
10 42
26 78
30 80
30 73
57 77
6 30
14 80
11 35
59 64
7 46
38 47
0 36
3 74
49 83
9 70
30 35
50 64
35 78
47 86
19 40
13 79
54 76
54 78
76 88
16 40
14 87
3 63
44 96
37 59
30 66
2 48
52 55
82 95
20 51
11 44
68 88
15 61
20 46
9 74
0 11
73 85
50 56
47 98
19 70
1 63
41 57
9 17
37 54
32 74
53 87
45 79
73 76
22 45
27 34
60 88
9 80
91 99
21 39
54 95
20 27
12 75
1 93
53 58
48 70
29 51
26 70
20 39
62 82
30 65
74 99
6 11
26 33
41 58
8 81
37 57
51 79
60 68
8 68
34 83
70 84
3 66
71 88
33 86
8 72
57 79
16 74
44 92
90 93
28 86
41 43
44 75
24 95
49 88
1 57
23 80
17 52
25 37
11 88
11 24
35 57
11 48
32 63
6 82
71 98
41 75
84 96
21 77
8 91
10 14
63 70
78 84
5 46
61 83
9 39
13 14
60 86
52 98
14 65
89 98
25 86
21 66
22 56
21 70
24 43
4 87
21 61
46 78
47 68
18 93
15 70
58 99
73 75
14 76
11 16
63 90
44 62
3 34
49 70
61 98
0 46
52 68
9 44
35 55
56 98
11 32
38 74
31 68
5 35
2 39
14 31
51 85
63 86
39 87
24 35
16 63
52 86
1 51
27 81
81 86
43 72
57 91
45 52
46 84
48 94
10 57
42 57
52 73
8 77
21 91
37 45
41 81
58 96
46 98
15 34
9 77
6 45
5 21
59 76
70 96
72 86
41 67
37 78
88 95
45 55
68 87
31 90
76 82
24 76
61 70
57 90
6 78
68 72
41 56
3 29
12 70
12 30
58 83
16 38
50 82
11 92
68 83
16 72
44 51
6 18
19 93
17 35
12 43
68 92
28 37
70 94
22 73
30 69
48 97
17 45
13 57
14 95
59 95
8 40
38 51
48 68
15 72
67 78
77 99
41 89
50 57
26 98
31 86
3 62
49 59
8 71
6 61
32 38
57 74
60 98
4 57
8 39
59 79
14 82
8 66
2 16
1 31
23 44
12 88
15 71
9 66
35 98
1 61
43 44
9 91
21 63
2 77
35 81
3 77
21 65
44 50
19 78
23 84
7 33
3 91
47 78
32 72
72 98
11 63
11 71
32 99
42 94
39 49
57 64
22 64
34 35
3 39
32 58
42 97
64 85
78 87
28 98
43 73
15 94
1 75
27 29
33 84
26 96
1 43
42 73
2 32
21 55
72 75
22 24
51 90
39 45
28 55
6 63
45 76
53 74
45 49
15 51
4 88
57 58
18 96
48 55
54 79
86 88
5 52
19 99
24 42
45 51
7 35
38 58
17 48
56 69
28 79
18 67
67 98
78 93
20 33
17 28
58 87
28 78
70 97
35 68
51 65
24 96
45 95
52 81
25 98
8 11
44 68
35 86
16 71
77 87
34 78
16 58
2 8
8 38
11 80
46 69
24 38
27 65
49 54
41 63
15 26
9 61
51 80
86 89
56 78
61 86
43 90
70 81
32 61
38 44
24 88
70 82
38 87
75 90
47 56
15 99
14 71
31 92
49 77
0 30
15 97
41 93
19 67
5 53
55 59
84 98
16 99
21 80
27 78
55 57
7 21
8 74
61 90
5 33
17 21
71 78
80 92
62 73
25 78
41 51
4 79
35 73
54 55
14 60
86 87
24 68
11 73
24 62
11 81
14 41
52 59
32 34
30 71
2 91
75 87
17 59
63 68
37 42
74 96
38 66
52 82
31 98
34 52
11 83
8 60
33 68
18 23
4 75
46 86
11 65
27 44
32 71
27 80
82 96
44 95
11 60
17 54
6 59
35 45
16 61
53 55
74 87
17 57
6 68
29 83
49 91
82 92
53 61
39 99
15 60
15 36
26 86
93 98
75 80
23 58
21 44
68 81
62 64
6 12
40 51
11 26
6 98
39 96
8 63
11 61
20 35
75 76
73 96
48 79
51 93
14 64
33 49
64 92
39 59
11 27
36 50
1 40
9 24
87 98
16 34
11 31
70 92
50 80
73 88
43 69
55 70
1 56
39 53
19 85
6 86
24 51
9 63
7 52
17 53
56 90
41 45
25 55
5 9
11 47
56 70
80 95
30 31
20 21
41 59
2 42
37 48
53 66
30 79
12 85
70 85
23 26
45 77
30 60
16 60
3 81
17 25
40 90
65 92
53 65
0 91
72 88
25 79
87 91
1 26
0 67
51 67
33 47
43 76
23 70
51 59
0 77
53 77
44 76
27 89
27 30
60 78
0 39
22 82
11 84
26 83
4 43
22 57
11 33
17 70
77 96
1 34
86 92
39 69
69 75
53 70
70 88
34 98
3 79
52 54
69 77
27 55
6 54
84 86
16 30
15 84
88 98
1 14
48 86
65 75
19 98
69 91
7 53
15 37
11 72
67 86
72 78
8 99
25 49
44 88
1 45
30 82
30 32
0 56
32 60
38 52
23 24
13 75
10 75
43 87
44 86
53 91
75 95
61 68
23 82
41 61
35 82
13 88
50 65
44 78
65 95
57 66
49 92
42 64
21 34
1 59
38 83
19 87
53 63
87 92
53 80
40 78
22 36
38 73
2 74
11 19
33 51
38 42
42 44
20 52
9 73
43 80
10 88
15 29
22 44
16 94
76 80
11 89
34 90
29 35
17 27
28 49
14 90
26 68
26 90
11 12
30 63
8 58
35 59
41 54
91 96
35 89
68 89
27 98
8 94
9 82
39 54
59 77
24 86
19 46
70 89
43 95
5 6
66 96
46 51
43 47
20 53
39 44
68 80
12 52
27 57
16 97
6 64
23 74
31 78
45 90
68 73
7 9
86 93
23 73
45 91
8 97
32 94
49 74
15 57
1 84
59 90
18 46
52 89
31 59
51 54
60 92
0 43
2 24
38 80
44 98
8 61
24 78
37 70
2 83
67 69
3 87
6 28
24 36
30 72
78 88
31 54
42 82
71 92
44 53
19 86
13 43
24 27
30 42
10 43
26 30
65 76
68 84
32 97
46 68
36 39
75 82
12 38
0 93
8 34
65 68
26 32
43 65
28 52
27 86
31 57
45 74
30 47
8 30
23 39
40 98
2 44
2 51
51 73
34 70
1 54
11 79
72 83
25 31
29 52
83 84
6 81
21 24
15 31
0 75
32 70
47 75
16 70
61 96
48 98
3 70
19 33
57 71
34 86
30 81
92 98
21 81
30 61
40 41
14 72
14 39
27 68
30 84
69 70
29 32
35 38
8 37
66 87
39 75
51 62
9 20
0 66
38 65
35 54
16 26
24 98
0 74
2 58
45 58
19 79
21 29
48 78
12 62
6 34
16 37
22 80
19 30
6 38
0 89
41 88
26 41
56 76
8 31
84 90
36 44
49 66
3 89
2 87
9 57
16 36
50 94
39 79
23 77
59 91
51 55
11 46
57 76
6 7
24 56
54 77
2 66
59 71
30 83
9 30
29 78
69 74
50 97
58 79
54 90
57 60
9 34
44 77
42 80
16 29
0 81
57 95
19 68
31 45
57 69
7 83
39 94
34 41
64 70
51 83
0 70
34 53
66 69
33 38
36 77
32 37
24 39
12 56
10 85
1 52
32 36
8 36
51 99
12 35
39 80
46 49
71 83
9 11
67 68
6 25
12 68
59 60
84 87
32 51
14 79
30 50
78 80
54 71
78 92
16 31
58 85
39 65
28 31
39 43
80 88
12 36
31 42
57 96
63 96
80 86
5 96
25 52
17 51
59 74
43 82
5 78
20 83
10 30
2 50
23 66
1 99
16 51
30 55
18 33
44 58
23 91
33 70
36 73
17 95
49 58
69 93
54 60
22 65
15 19
9 78
10 70
70 83
21 73
11 34
27 73
14 69
84 85
65 78
64 96
38 50
18 70
5 83
11 67
64 75
46 47
25 41
73 86
28 39
2 73
22 94
28 51
57 85
21 78
90 99
50 87
14 52
28 41
7 15
12 96
55 95
75 77
14 77
7 78
22 97
39 97
32 84
11 82
31 32
6 20
69 89
65 86
13 30
11 21
15 75
14 55
45 71
21 30
58 59
17 30
23 61
15 43
30 33
52 64
44 74
9 81
26 87
77 94
14 51
21 82
42 65
77 79
28 35
41 84
40 86
5 15
69 81
4 30
68 93
1 19
74 79
25 71
44 56
30 64
56 95
36 91
56 73
37 50
38 63
14 17
27 45
45 85
1 35
73 78
87 88
30 96
13 85
6 14
8 70
27 40
2 12
36 87
21 57
25 60
80 98
54 91
19 62
16 84
13 70
0 57
1 29
65 88
6 48
5 23
30 89
29 53
11 93
18 78
45 60
52 90
48 49
82 88
38 81
34 68
44 91
15 20
24 53
25 39
60 83
1 88
9 45
29 98
41 52
2 33
43 77
6 10
4 56
5 70
0 58
39 85
77 80
24 77
45 96
10 62
69 88
65 77
65 98
58 65
1 28
20 78
77 97
22 37
88 90
1 25
58 80
9 29
25 51
51 82
11 96
8 26
27 82
23 64
7 96
91 94
73 98
49 51
54 74
74 85
48 52
2 22
78 99
29 90
45 66
58 69
43 64
28 71
2 80
2 52
11 42
53 81
64 88
68 79
75 91
8 29
51 75
15 52
23 63
17 76
42 68
87 95
19 90
83 94
15 56
6 89
14 91
9 12
26 85
21 89
24 94
28 60
46 70
28 77
57 72
4 70
62 70
79 91
31 48
67 70
6 29
0 63
3 40
55 76
5 98
0 14
25 35
78 79
35 90
17 50
47 88
72 92
54 58
27 93
35 64
22 30
19 57
22 38
65 74
74 80
39 73
50 55
24 58
28 90
7 70
25 90
53 82
70 93
36 80
83 97
12 23
49 81
12 86
77 85
49 67
6 13
79 84
38 61
7 32
18 85
70 71
53 73
15 45
91 97
7 98
9 98
52 75
41 92
9 64
35 41
59 69
14 35
36 74
35 40
13 62
26 57
15 35
2 65
19 83
78 96
12 51
8 51
43 91
20 96
14 47
24 74
57 63
0 40
23 57
24 97
7 23
38 89
14 15
38 82
57 84
59 85
21 98
27 59
38 46
26 38
42 87
76 87
44 94
30 85
41 99
9 68
15 59
29 70
98 99
25 77
36 76
59 72
11 55
80 91
45 69
39 47
20 32
14 74
5 32
49 89
24 91
65 91
63 69
9 86
43 51
1 6
59 66
7 16
47 77
68 82
36 51
74 75
30 46
19 41
47 91
4 36
34 96
27 67
27 38
21 45
35 93
40 52
29 86
9 59
1 7
3 65
1 5
79 86
36 65
30 34
11 40
55 92
12 78
18 98
19 44
40 68
42 60
16 57
22 87
6 75
54 72
36 83
13 56
17 92
1 27
75 79
21 86
63 87
38 79
59 96
37 39
11 17
60 70
61 87
19 65
20 70
11 50
85 91
21 68
20 98
3 55
54 85
56 87
54 69
32 57
10 52
47 57
8 84
0 88
74 94
5 16
2 35
44 97
16 20
10 56
28 91
49 63
42 70
38 84
52 93
31 70
33 72
40 70
57 61
26 79
12 94
20 23
37 83
47 67
23 30
2 6
35 48
9 89
79 98
66 79
42 71
10 11
29 41
56 80
12 98
3 78
73 94
14 58
28 85
19 80
43 52
50 70
44 66
73 77
35 67
5 86
27 99
49 93
4 38
45 72
48 51
3 80
43 74
30 67
1 87
15 18
19 32
23 45
36 58
7 90
79 92
1 20
3 17
50 68
47 70
3 99
27 54
0 59
5 90
28 74
53 78
66 85
10 38
52 67
36 95
39 56
87 94
42 49
81 96
15 54
1 92
58 75
40 69
30 53
0 61
12 97
6 90
2 81
11 85
11 13
11 53
4 85
11 64
57 81
41 48
7 86
38 67
39 48
53 57
48 71
15 27
37 77
25 91
6 41
74 97
9 54
25 72
2 63
11 23
33 71
3 44
0 45
48 60
54 96
5 11
3 93
13 38
16 19
41 87
19 38
55 75
73 97
16 43
4 11
13 52
31 83
35 75
12 27
42 86
11 29
10 36
2 46
28 58
13 36
11 18
12 21
54 66
27 90
36 66
18 83
68 96
30 93
16 75
10 96
58 73
90 92
53 89
23 34
17 75
51 69
96 98
0 51
79 95
56 65
6 43
70 72
20 90
17 22
51 94
39 71
86 99
18 86
8 57
32 43
4 6
43 79
16 56
22 55
87 97
32 75
33 52
25 74
62 84
7 11
86 96
73 74
61 69
50 79
21 59
27 46
0 54
43 58
29 96
33 35
87 90
48 85
58 94
37 91
8 43
10 35
58 62
8 56
82 86
27 41
6 15
28 72
30 76
18 87
36 52
20 86
23 78
57 62
3 11
7 8
39 55
66 94
45 62
28 96
38 93
2 4
21 64
65 66
35 46
56 77
25 85
29 68
66 80
31 50
36 82
27 33
1 48
73 91
33 94
32 56
71 77
46 52
8 75
78 82
49 61
44 84
0 34
25 69
12 39
47 74
9 28
24 37
25 58
47 93
2 89
47 59
66 75
30 95
2 82
1 18
11 22
14 66
27 28
51 97
5 68
10 68
55 68
61 85
47 66
13 96
19 45
38 64
22 31
80 94
8 20
57 83
33 60
19 24
24 66
21 40
3 67
35 43
69 92
56 82
5 8
0 99
35 99
19 55
48 77
5 41
7 41
17 39
23 59
55 58
28 69
33 97
39 82
76 94
71 91
65 84
43 55
58 97
1 44
41 44
2 61
23 81
76 79
11 20
3 30
39 60
4 62
2 10
66 97
3 98
22 68
48 90
34 38
4 68
10 23
26 44
76 97
39 72
49 52
13 68
13 35
7 68
17 68
17 43
45 47
47 89
49 87
2 13
80 84
21 54
45 53
18 79
17 42
18 62
39 88
47 54
78 85
18 68
9 38
24 49
51 64
42 55
82 98
23 29
38 76
53 98
43 66
27 64
22 70
2 67
37 44
2 76
44 49
9 10
33 36
38 55
56 91
26 45
80 97
42 98
17 19
45 84
81 87
24 41
18 30
17 58
57 89
64 68
18 90
47 81
72 77
52 99
34 69
4 94
63 85
30 40
2 26
12 53
65 94
55 77
60 77
1 24
26 62
20 41
6 40
4 52
53 64
0 26
12 37
39 92
6 36
50 86
18 32
39 62
33 57
25 96
45 63
26 65
32 52
15 88
5 30
15 28
61 79
23 54
17 38
55 78
8 19
52 83
62 74
15 25
9 25
55 74
72 91
26 49
14 16
53 86
25 27
16 52
3 24
28 66
44 90
4 97
53 68
59 62
47 92
26 80
37 74
35 36
12 77
56 64
3 86
38 95
89 96
6 93
52 92
6 92
37 73
46 72
20 68
0 25
21 38
13 23
60 91
21 93
2 79
68 85
63 79
5 85
17 77
16 18
94 95
35 83
42 72
14 27
14 32
23 68
16 45
48 96
11 99
68 99
23 98
48 91
36 64
65 97
29 30
37 76
19 59
26 69
40 49
42 78
17 78
32 35
31 39
69 99
3 57
2 95
77 82
55 86
33 37
95 97
9 13
32 45
2 84
16 59
7 30
0 28
2 27
21 28
52 94
70 99
17 74
35 49
2 93
54 62
47 58
77 88
16 35
23 28
45 61
24 90
28 62
15 87
23 86
58 82
62 77
0 92
6 67
9 40
3 68
32 59
38 96
19 73
24 84
48 72
9 48
22 79
25 66
48 74
55 88
25 47
79 88
30 62
46 71
17 86
38 40
51 56
26 59
34 49
8 14
14 85
37 87
17 88
55 91
56 74
51 92
34 57
59 84
10 94
43 83
13 94
49 50
75 83
18 41
59 63
40 53
71 74
66 73
27 83
85 86
53 59
31 77
12 58
10 86
55 98
85 98
2 64
77 92
9 14
34 87
48 58
49 84
42 79
21 67
70 95
5 87
70 76
44 63
74 82
10 51
0 84
3 46
24 26
12 74
52 97
21 99
50 60
1 21
49 73
4 35
28 47
14 96
44 61
45 81
3 73
1 80
27 48
6 33
13 97
2 19
48 62
10 97
1 9
6 49
20 30
12 91
50 98
17 91
13 86
41 80
37 51
37 66
4 86
17 98
4 96
62 91
50 71
36 79
8 45
46 94
37 58
27 32
22 86
31 33
51 88
11 76
7 85
16 54
47 63
8 59
64 86
19 54
31 91
82 94
41 73
37 95
88 91
82 91
56 83
23 89
22 60
52 88
9 93
69 84
55 84
21 25
6 46
1 65
0 29
59 61
32 54
4 37
1 73
16 27
3 82
46 57
27 75
10 21
66 71
35 92
23 25
11 95
10 78
50 78
72 74
25 62
12 49
41 65
13 51
62 66
6 94
53 54
46 97
48 69
35 94
49 80
46 60
22 71
8 52
64 78
87 89
37 80
56 58
60 74
22 49
52 56
2 34
36 81
36 63
3 33
6 88
11 62
40 47
26 54
61 65
63 65
82 97
15 21
81 94
23 48
54 84
7 87
91 92
10 27
10 98
17 84
80 90
38 85
8 18
63 80
21 90
54 63
41 42
36 46
15 92
19 82
61 80
68 76
59 81
13 78
57 67
20 85
18 57
9 90
53 93
2 55
45 83
9 67
55 66
73 84
14 21
63 94
66 72
6 99
34 85
8 35
21 48
58 71
49 65
64 98
8 54
73 90
9 15
13 98
3 45
65 90
26 55
6 97
4 78
19 49
56 66
67 72
74 88
9 41
21 41
35 97
13 21
14 83
6 32
68 95
5 79
15 44
29 69
81 97
52 69
29 38
2 17
21 46
4 98
59 83
37 65
16 88
57 93
4 9
4 23
24 63
47 51
39 64
27 43
6 83
6 16
28 53
60 66
23 38
61 62
6 56
12 41
33 75
17 66
53 99
0 52
3 15
9 99
74 92
36 55
26 73
2 40
81 85
1 3
54 61
9 75
13 27
89 94
5 38
63 75
24 61
30 99
21 33
33 43
2 9
22 98
15 48
20 87
63 97
36 89
32 88
14 63
38 53
17 26
67 71
13 37
48 66
79 81
8 88
45 89
5 57
19 28
17 36
10 53
10 37
18 65
47 61
64 94
37 46
31 74
56 79
67 94
35 88
27 49
1 12
53 67
18 44
4 51
0 48
36 61
14 23
33 45
49 99
1 79
1 96
7 38
24 31
18 38
0 19
75 85
44 81
15 24
75 96
40 96
51 71
58 72
54 81
58 88
14 26
14 19
89 97
58 60
35 56
58 92
27 36
18 80
75 81
5 62
22 78
6 50
43 63
1 42
66 82
35 69
16 28
10 39
26 36
16 25
64 97
62 63
8 27
67 97
29 87
34 79
12 66
14 84
37 52
47 48
2 21
19 69
36 67
0 35
54 83
61 94
62 78
33 59
7 79
28 32
26 75
3 90
7 57
9 46
28 84
25 32
12 19
71 81
41 79
26 28
31 76
42 90
55 56
14 81
9 33
14 61
25 53
12 90
79 94
64 77
0 7
59 89
72 93
13 53
38 99
72 81
61 75
43 81
3 59
9 43
1 53
29 49
19 25
72 89
3 38
29 57
40 57
31 44
17 56
71 89
2 96
28 63
20 38
29 85
21 75
24 71
33 56
60 67
75 84
34 45
0 5
13 39
14 33
37 82
82 84
31 66
12 31
50 52
79 90
36 84
42 69
93 94
14 62
19 75
90 96
50 72
34 47
58 64
31 46
51 60
93 96
76 86
61 97
26 94
71 93
62 68
41 96
69 87
47 99
0 20
85 92
37 81
24 60
43 96
8 25
26 43
65 81
66 88
43 85
80 81
63 73
15 80
3 41
8 28
79 97
3 12
6 8
31 58
48 53
43 61
25 26
20 79
41 50
44 71
31 73
25 84
36 93
23 40
20 57
18 55
15 96
93 97
42 47
64 74
51 72
22 72
61 73
86 95
25 63
7 62
4 21
28 61
7 69
15 53
32 87
16 87
10 77
4 27
6 42
24 81
3 83
19 36
26 82
15 65
14 53
33 54
75 89
60 81
6 95
63 71
46 53
43 84
6 69
5 69
53 90
85 95
37 63
26 97
66 92
31 51
3 54
67 96
6 37
26 47
55 61
35 37
37 67
44 60
34 44
4 39
84 94
19 43
18 45
45 46
27 94
64 91
42 52
31 95
0 87
54 89
60 89
17 18
37 89
18 24
21 83
62 86
44 69
46 75
34 59
21 43
49 82
0 6
62 98
2 29
33 87
85 89
31 87
55 63
15 73
24 69
16 92
3 64
71 87
43 89
20 69
4 49
1 23
43 46
41 82
63 72
33 53
28 81
41 53
12 84
1 82
2 85
23 75
79 89
13 77
14 89
60 93
5 44
50 85
5 49
20 62
25 61
9 36
12 71
17 61
55 94
44 89
7 49
49 79
6 76
32 92
71 73
27 92
37 64
39 42
10 58
96 99
21 32
0 27
83 88
92 96
45 67
27 69
46 59
83 87
19 48
6 22
12 60
84 97
23 93
9 92
87 93
5 65
76 98
4 31
35 50
17 63
17 94
1 50
0 42
27 97
2 5
28 83
34 65
60 87
29 79
10 74
12 26
67 87
16 21
10 49
3 32
60 73
15 79
19 64
8 92
9 83
49 76
25 83
22 41
60 63
2 99
25 81
34 80
19 94
34 36
5 80
10 91
13 49
40 87
76 85
76 78
45 93
0 44
52 95
34 62
55 97
2 7
50 51
5 45
95 98
38 62
37 93
9 32
2 23
20 49
3 28
50 90
3 16
82 90
47 84
39 50
46 87
13 58
4 53
34 94
0 24
23 90
60 76
42 51
67 75
4 77
59 67
36 96
14 46
17 97
37 61
22 52
78 95
31 80
8 87
18 59
46 96
31 67
34 54
62 95
21 36
9 16
56 63
33 96
7 44
61 71
2 18
1 85
2 53
9 49
13 74
56 81
23 41
23 67
71 76
52 71
23 43
48 84
16 48
0 18
43 67
52 76
13 91
26 48
15 23
19 97
24 72
31 81
46 56
18 73
53 75
24 34
73 81
35 42
40 94
23 99
16 44
65 89
32 48
42 77
80 89
62 81
7 65
32 44
59 93
49 95
21 49
46 54
34 97
62 75
7 45
1 55
2 20
27 88
47 52
61 72
18 49
63 82
71 80
37 79
61 82
12 15
24 89
36 40
40 72
27 56
28 33
48 63
7 80
69 73
29 47
44 72
75 93
36 85
31 65
31 89
34 75
26 37
64 66
18 69
28 89
41 55
1 22
57 99
25 33
40 97
14 34
13 31
10 41
40 71
29 45
21 92
85 88
3 25
5 24
1 17
14 67
12 63
20 44
52 60
5 59
41 85
10 31
60 80
69 80
4 41
43 93
62 92
50 69
85 90
49 64
9 94
16 24
2 3
40 45
4 58
50 77
60 61
8 48
24 32
54 67
23 92
60 95
4 74
72 87
4 91
18 54
31 63
29 62
56 89
35 95
17 41
13 41
3 14
12 61
50 62
22 90
31 52
65 71
56 61
22 85
62 76
20 65
31 93
9 88
48 61
34 43
53 83
25 89
26 71
4 71
71 95
1 10
4 60
20 45
35 71
8 21
29 44
55 90
43 53
5 55
33 88
26 56
15 42
65 69
42 91
35 47
88 96
12 69
64 84
20 80
50 96
37 84
22 35
42 85
14 93
49 96
47 87
23 46
54 93
55 81
83 92
33 44
1 4
18 82
7 59
60 65
43 62
44 83
41 64
0 73
1 13
10 19
35 76
9 97
23 33
49 55
3 8
72 73
22 39
24 47
12 72
8 44
52 72
17 90
22 51
21 94
27 37
56 67
0 80
7 24
32 53
3 10
6 71
44 47
40 59
34 71
1 64
10 66
8 9
19 47
5 17
28 34
83 96
47 50
95 96
29 59
40 60
37 55
3 48
22 69
15 85
56 84
29 65
26 72
48 81
94 96
10 90
23 36
17 49
32 96
34 72
63 88
17 81
34 73
9 56
16 53
5 54
26 64
42 74
29 80
35 60
31 82
9 50
17 37
50 91
40 85
4 90
16 96
16 80
32 80
71 84
34 55
0 65
26 60
34 37
13 90
8 24
37 40
13 19
15 82
19 56
48 83
73 89
21 97
20 59
24 83
51 95
0 50
19 37
13 66
31 35
28 46
87 99
7 55
5 73
13 71
25 34
3 75
81 88
10 71
63 92
6 60
31 61
16 65
32 65
21 88
0 12
22 47
13 60
64 90
24 33
40 75
6 47
3 13
96 97
6 31
10 60
56 96
50 74
42 58
62 89
36 53
19 92
20 24
44 67
18 28
44 93
51 76
56 93
76 96
17 34
7 54
25 46
56 85
29 36
40 79
44 46
7 47
14 18
81 82
26 92
26 88
16 73
2 62
72 76
12 81
34 60
35 72
41 76
85 93
22 77
72 80
79 93
32 73
85 94
40 43
7 17
9 95
50 58
40 54
5 47
84 92
24 29
72 84
29 94
23 50
61 88
29 54
27 50
72 99
21 69
9 69
71 82
28 67
3 49
21 56
0 21
53 92
49 53
23 95
33 80
84 88
19 88
22 62
5 36
14 40
0 9
60 84
67 79
40 44
94 99
33 79
20 55
42 96
20 47
10 84
33 92
15 55
33 65
12 18
47 73
23 88
80 83
81 92
5 14
60 82
61 92
31 64
0 22
7 73
39 76
4 66
18 75
67 85
39 95
3 43
25 67
71 99
41 95
32 79
65 72
6 72
49 85
33 48
36 99
26 31
18 25
28 93
7 36
15 50
85 97
16 79
23 49
29 97
20 54
27 47
23 83
22 96
65 83
18 36
5 75
8 80
9 42
19 71
48 89
97 99
46 88
9 76
15 17
5 28
17 20
5 94
88 89
55 89
10 26
69 79
23 32
12 47
29 75
8 53
1 76
24 67
42 62
34 56
24 46
21 50
14 29
46 79
62 88
31 40
7 14
25 93
4 19
80 93
4 72
8 65
22 91
24 93
8 96
47 80
23 94
65 93
27 42
13 84
72 95
67 80
9 37
7 94
16 23
3 36
63 64
45 99
27 71
65 67
23 76
61 64
79 83
5 82
1 62
8 73
7 75
42 66
34 82
18 43
9 22
17 89
20 73
46 80
20 36
73 83
16 42
36 62
5 43
40 65
76 90
5 97
40 80
12 16
46 65
33 85
29 43
31 84
69 82
85 99
53 94
0 79
29 55
1 95
33 73
7 28
13 26
12 32
22 74
18 94
5 25
60 99
31 34
47 65
0 3
32 42
46 85
23 56
7 97
19 60
19 72
76 77
3 4
23 97
77 95
24 40
64 71
27 95
34 48
29 73
20 94
12 34
14 20
31 79
21 37
7 43
29 71
8 42
3 69
50 66
89 92
69 96
71 79
12 89
28 29
59 99
22 58
60 64
27 60
21 95
29 72
17 29
90 95
28 40
15 22
20 75
53 88
82 89
40 56
41 62
67 88
37 96
23 42
10 15
0 96
62 90
53 97
4 69
18 97
22 23
7 82
13 72
10 72
22 27
18 64
8 79
37 99
18 47
18 48
7 25
27 76
15 64
21 42
20 28
20 97
10 63
79 99
13 15
29 37
0 82
60 79
27 31
5 12
25 40
46 48
27 72
