100 4488 867.8824805237169 dense
0 52 448
1 8 50
2 964 473
3 896 796
4 527 345
5 975 905
6 705 954
7 704 349
8 786 906
9 763 469
10 387 647
11 621 756
12 400 931
13 41 264
14 216 348
15 514 905
16 14 411
17 93 732
18 211 386
19 203 490
20 54 775
21 655 598
22 265 648
23 820 367
24 858 198
25 789 627
26 671 301
27 721 211
28 952 66
29 160 880
30 868 972
31 585 659
32 28 706
33 415 631
34 680 589
35 836 400
36 591 592
37 600 680
38 264 801
39 496 176
40 23 50
41 478 184
42 775 595
43 485 320
44 280 84
45 746 688
46 198 501
47 34 813
48 29 126
49 482 888
50 463 126
51 31 665
52 654 666
53 484 669
54 684 986
55 881 984
56 624 598
57 609 694
58 510 141
59 700 544
60 111 498
61 823 572
62 93 952
63 396 171
64 838 936
65 906 796
66 466 468
67 10 280
68 217 104
69 945 507
70 109 53
71 261 692
72 421 975
73 374 82
74 322 916
75 32 813
76 544 925
77 757 870
78 292 468
79 533 948
80 925 123
81 127 460
82 938 348
83 25 518
84 654 893
85 421 932
86 718 211
87 371 220
88 83 424
89 929 675
90 346 989
91 323 628
92 631 579
93 770 209
94 822 278
95 313 219
96 667 559
97 887 860
98 589 706
99 417 580
47 75
27 86
3 65
19 46
1 40
37 57
30 55
39 41
56 92
12 85
57 98
76 79
31 37
21 34
37 98
21 92
21 56
10 33
34 96
36 56
13 67
25 42
15 76
15 49
59 96
23 35
39 58
6 54
14 18
2 69
0 88
21 96
32 51
92 96
60 81
36 92
31 57
20 47
72 85
20 75
22 71
8 77
30 64
15 79
31 98
12 72
4 43
27 93
34 59
50 58
34 92
33 99
86 93
52 57
0 16
42 61
41 58
63 87
37 52
34 56
81 88
87 95
17 20
56 96
7 26
11 98
39 50
41 50
8 64
22 91
28 80
11 57
21 36
55 64
3 97
25 61
44 68
10 91
65 97
31 36
21 52
31 52
17 32
16 88
21 59
49 76
31 56
10 99
20 32
52 56
25 45
0 83
49 85
0 81
40 48
72 90
52 98
74 90
0 60
59 92
49 79
33 53
11 37
1 48
60 88
12 90
12 74
6 84
50 63
34 52
19 81
46 81
36 96
41 63
37 56
40 70
93 94
46 60
24 94
60 83
36 37
24 93
23 94
34 36
71 91
52 92
64 97
42 59
17 51
63 73
19 78
33 91
31 92
19 60
12 49
21 31
56 59
44 73
6 8
85 90
45 52
34 42
11 52
63 95
15 85
56 57
36 52
42 45
54 84
9 59
29 62
21 37
6 77
5 97
50 73
10 53
46 78
39 63
17 47
74 85
9 35
24 80
1 70
17 75
31 53
26 86
26 27
11 31
36 57
18 19
64 77
8 30
77 84
91 99
37 92
49 72
21 57
32 75
32 47
16 83
52 96
48 70
38 71
83 88
8 97
53 98
53 99
18 81
20 51
41 87
79 85
56 98
30 97
42 96
36 98
35 82
76 84
72 79
72 74
18 78
25 34
18 46
15 72
37 53
9 23
12 15
57 92
81 83
7 23
58 63
31 34
34 45
36 59
9 61
68 70
23 82
21 42
34 37
27 94
25 59
10 22
66 99
5 55
35 94
8 55
16 81
65 89
76 85
86 94
55 97
3 89
59 61
5 30
9 42
21 98
34 57
53 57
2 82
21 45
38 74
5 65
31 96
8 54
16 60
52 59
77 97
29 38
16 67
50 87
9 96
36 53
39 87
8 84
72 76
79 84
18 88
7 9
92 98
10 71
12 79
6 64
3 5
26 93
82 94
41 43
19 88
54 77
21 25
45 57
4 66
24 27
7 94
73 87
61 69
37 96
46 88
13 48
7 86
44 95
7 27
45 61
25 96
42 52
5 64
15 84
25 52
24 86
11 84
7 35
14 78
11 45
14 19
29 47
14 81
34 61
12 76
39 43
29 75
42 92
44 63
41 73
9 34
37 45
57 96
51 83
2 35
61 89
25 89
51 75
47 51
34 98
58 73
20 29
43 66
13 16
68 95
73 95
18 60
4 26
30 77
22 33
47 62
42 56
45 59
45 96
3 64
45 56
43 87
62 75
54 76
35 69
26 94
22 38
14 88
39 73
14 46
7 93
48 67
0 46
3 8
64 65
54 79
61 96
0 19
53 56
3 77
11 56
45 98
45 92
68 73
69 82
58 87
9 25
14 95
67 88
22 46
11 21
54 64
24 28
11 53
49 74
17 29
31 59
8 65
23 26
78 91
31 45
6 76
44 87
6 30
25 92
78 81
13 88
33 71
23 93
29 74
53 91
65 77
96 98
22 99
11 36
25 56
78 99
9 21
4 41
55 77
41 95
69 89
37 59
49 90
19 22
21 61
24 82
52 53
0 18
33 66
4 39
9 92
49 84
6 79
2 61
31 33
53 92
35 61
17 71
0 67
23 24
42 89
43 63
44 70
46 83
66 78
36 99
57 59
36 66
50 95
4 7
11 34
80 93
11 92
11 77
46 91
3 30
6 55
2 23
30 65
19 83
33 36
43 58
20 62
22 78
36 45
45 77
38 91
19 91
14 60
11 15
45 89
60 78
36 42
0 13
17 38
30 54
23 27
3 45
21 53
51 60
31 99
11 76
9 69
80 94
23 86
26 43
23 69
44 50
15 90
39 95
32 83
12 38
15 54
3 55
64 84
5 8
48 68
33 98
9 56
55 65
89 97
63 68
33 37
17 22
42 69
79 90
9 26
11 49
71 99
25 57
0 14
61 92
15 74
26 35
68 87
45 65
42 57
52 61
13 14
37 42
7 59
43 50
10 66
18 95
25 37
59 98
25 69
54 55
10 38
6 15
84 98
35 59
10 31
16 18
66 92
43 95
4 87
9 94
3 25
31 42
56 61
14 87
2 9
25 36
46 71
40 68
53 66
35 93
11 96
10 78
24 35
33 57
57 84
33 78
35 42
38 85
56 66
4 58
16 46
6 97
16 19
2 89
23 61
38 90
25 65
25 31
56 99
76 90
37 99
13 18
19 71
10 98
49 98
11 79
10 36
9 36
33 56
14 16
20 38
34 53
11 25
58 95
15 98
9 82
98 99
7 96
29 71
74 79
24 26
53 96
78 88
23 59
92 99
13 81
66 91
67 81
13 40
22 60
25 98
26 39
6 11
10 37
29 90
7 24
1 68
1 13
42 98
14 67
4 63
0 51
82 93
29 32
49 53
58 86
9 45
37 84
76 77
17 62
22 53
66 96
5 77
7 43
27 35
8 45
13 70
41 44
27 80
33 92
74 76
27 58
45 97
11 42
35 86
8 11
20 71
57 99
76 98
32 60
53 71
49 54
17 83
45 84
39 86
80 86
2 42
31 66
9 52
80 82
26 41
71 78
11 59
51 81
10 57
26 58
52 84
18 67
33 38
27 39
18 83
30 84
38 62
4 50
52 77
21 66
57 77
1 67
38 47
40 67
18 87
15 57
28 93
51 71
62 74
25 35
49 57
35 96
19 99
71 74
38 75
23 42
6 49
46 99
36 61
2 25
22 81
4 86
32 71
7 82
46 51
38 72
5 89
3 42
22 51
17 60
38 49
39 44
77 98
84 97
3 61
4 27
84 85
44 58
77 79
13 68
15 53
11 54
67 83
21 99
10 46
61 65
54 97
37 49
42 65
57 76
60 67
0 78
15 37
11 33
7 34
2 94
7 92
41 86
33 52
10 19
10 56
21 33
8 76
43 78
31 84
22 32
14 68
13 60
27 41
55 84
26 59
34 35
25 77
60 71
12 29
19 51
23 96
15 77
34 66
59 66
20 22
57 61
37 77
51 88
50 68
72 84
67 70
37 61
59 69
3 6
4 95
79 98
60 91
28 94
53 59
78 95
29 51
37 66
96 99
31 49
37 76
61 82
52 99
17 91
14 63
7 61
25 97
33 46
10 92
31 61
17 46
7 21
32 38
32 62
44 48
13 83
16 51
19 33
22 29
4 36
6 65
62 90
14 83
4 96
15 31
7 42
4 92
8 79
38 53
27 82
12 84
47 71
43 86
26 96
10 11
81 91
20 83
71 75
10 49
0 32
82 86
40 44
4 99
69 94
27 43
77 89
9 93
78 87
9 31
3 84
9 27
7 56
23 25
9 86
33 96
23 34
43 73
45 53
53 76
70 95
34 99
54 72
34 89
4 59
59 89
31 91
19 66
26 66
45 64
9 89
57 79
32 81
4 78
66 87
33 49
23 80
17 19
7 66
29 85
32 46
11 85
70 73
4 9
9 37
18 91
57 66
18 22
10 52
18 66
66 98
71 81
7 36
21 35
33 34
54 85
58 93
43 99
50 86
38 99
45 69
6 45
31 76
11 99
61 98
38 51
22 66
46 66
65 84
36 91
53 85
14 43
7 39
15 38
4 56
26 82
27 50
78 83
14 44
8 89
67 68
26 50
8 15
35 92
31 77
10 21
9 57
27 28
22 83
41 68
52 66
11 61
2 59
6 98
8 52
22 74
1 44
17 81
5 6
3 52
12 53
52 89
28 86
42 77
49 77
13 95
39 93
8 57
37 79
64 89
12 71
10 74
15 52
6 57
91 98
14 66
34 69
29 72
3 11
53 78
19 32
13 19
4 93
8 25
7 41
8 98
49 52
26 92
53 84
52 76
85 98
18 43
37 91
11 12
11 64
18 68
28 82
20 60
69 96
18 99
53 79
4 21
52 65
18 63
16 78
21 23
22 47
23 92
41 66
13 46
10 12
7 58
21 89
3 54
6 72
6 85
19 67
59 99
16 48
22 75
11 97
89 96
0 17
10 85
9 24
32 88
10 15
42 97
11 65
4 34
74 91
2 7
26 34
39 68
7 69
71 85
22 88
12 54
35 56
46 67
14 48
35 89
21 77
7 25
35 80
15 33
34 77
65 69
36 43
0 22
54 65
66 95
19 95
6 52
59 94
8 37
41 93
3 69
71 83
6 37
10 96
57 91
39 66
51 62
31 79
17 74
4 23
12 98
61 94
9 98
64 76
51 91
2 24
21 84
61 97
75 83
47 83
58 68
16 32
53 74
49 71
54 98
42 82
56 84
11 72
9 66
43 92
21 26
33 59
25 84
10 34
48 95
3 34
13 44
14 91
33 74
29 91
42 53
12 33
43 96
26 56
33 85
54 57
35 45
26 36
5 54
56 91
4 94
56 77
20 74
48 88
23 56
52 97
30 89
57 85
66 71
21 69
14 22
26 63
4 73
45 54
81 95
8 49
46 95
3 57
49 91
34 84
63 66
32 91
61 77
64 79
43 93
47 74
6 12
10 17
2 45
38 76
34 65
38 79
20 91
2 34
52 79
14 99
4 33
38 46
36 84
12 62
74 75
25 53
88 95
17 88
59 82
71 90
67 95
14 41
30 45
37 85
2 96
14 73
20 46
62 71
18 44
18 71
26 80
63 70
43 59
70 87
26 61
26 87
43 56
4 14
8 42
35 36
45 76
26 42
91 92
3 21
53 72
43 44
12 91
55 89
25 64
89 92
12 22
10 60
14 70
81 99
4 35
57 65
56 89
63 78
49 99
10 18
84 92
88 91
9 43
36 49
5 45
12 57
7 80
25 82
60 99
19 38
77 92
72 98
37 54
18 48
83 91
15 45
3 37
19 87
50 93
8 31
6 31
31 85
11 89
4 18
33 43
18 33
3 59
10 76
4 31
85 91
21 65
3 98
22 31
9 11
10 81
42 94
57 89
94 96
7 52
12 37
24 69
23 36
33 76
5 84
0 71
52 54
19 20
42 84
71 88
29 49
69 92
35 52
15 36
84 90
0 48
49 56
20 81
13 78
22 49
36 78
77 96
36 77
57 97
22 85
47 60
11 91
63 86
60 75
71 72
10 29
45 55
0 91
15 64
59 65
31 71
21 43
15 56
23 89
52 64
4 53
51 78
0 20
11 66
82 89
37 65
30 76
27 63
2 93
11 30
2 65
71 98
7 50
14 39
62 85
23 28
62 72
12 31
37 89
22 98
19 43
23 45
10 59
65 98
3 96
10 72
58 66
46 87
2 3
16 17
17 78
15 71
22 36
59 77
45 49
52 69
46 53
33 60
18 51
7 31
14 50
34 43
74 84
4 10
13 87
19 53
57 64
52 91
2 21
21 91
59 86
44 67
56 69
27 59
42 66
38 78
8 34
84 96
5 25
10 79
8 21
18 41
33 81
97 98
40 95
30 79
33 45
8 61
45 79
36 76
3 56
15 91
22 37
65 96
56 76
17 33
6 25
21 49
15 21
54 90
57 72
33 79
23 43
38 98
37 97
67 78
64 98
53 77
66 81
11 74
15 99
37 71
43 46
38 60
41 78
43 94
74 98
2 26
3 31
58 94
34 97
10 43
89 98
39 94
7 45
31 54
77 85
34 94
23 52
50 66
55 76
59 93
81 87
3 92
26 69
4 37
49 92
47 91
9 53
82 96
33 72
43 68
31 89
10 14
10 90
60 95
56 65
36 71
75 91
18 73
37 72
16 22
4 52
21 76
69 93
11 55
14 33
45 99
15 92
25 26
42 64
68 88
14 71
7 37
22 57
86 87
0 95
48 73
8 56
57 71
43 91
36 89
48 81
18 70
53 90
1 95
4 91
43 53
31 65
76 97
74 99
22 62
2 92
37 64
31 78
55 79
21 97
27 87
65 92
22 90
25 94
91 96
84 89
31 38
12 99
86 96
59 84
85 99
72 77
4 42
27 96
2 80
20 88
40 73
46 47
53 61
24 58
87 88
3 9
34 82
46 75
31 43
28 35
52 85
25 30
18 39
33 84
48 87
15 29
4 19
14 40
16 95
32 78
7 63
31 72
45 66
39 78
60 66
29 33
10 51
92 94
56 78
41 94
78 92
10 20
76 92
9 65
15 34
7 87
37 38
2 27
69 97
6 89
15 22
7 57
17 99
47 90
42 99
4 57
34 49
34 91
49 64
4 44
2 86
6 21
14 58
11 38
66 86
75 90
35 43
25 66
15 30
11 90
72 91
17 90
6 53
31 35
36 79
6 90
21 94
1 16
16 40
38 57
32 74
10 45
50 70
56 79
90 91
33 42
8 92
20 90
27 66
18 50
4 24
12 77
2 56
22 72
22 56
34 76
24 39
61 84
31 97
57 74
87 99
10 84
9 99
1 14
10 32
36 69
4 46
61 64
19 47
33 90
37 74
79 97
93 96
47 81
6 56
2 52
26 52
0 47
19 75
0 75
75 81
17 18
11 71
6 42
12 17
6 34
8 85
67 87
5 61
16 20
35 37
4 98
26 28
71 76
8 96
61 93
3 36
13 63
14 51
12 52
59 97
68 81
26 95
73 86
1 73
38 81
76 99
31 74
16 68
23 66
26 31
7 99
18 32
88 99
25 55
54 74
5 42
26 73
8 36
48 63
27 73
76 91
16 70
38 83
21 79
27 69
56 97
35 57
8 72
68 78
61 66
70 88
11 22
8 59
22 92
96 97
19 63
90 98
4 61
69 86
30 52
71 79
37 78
25 33
25 54
16 71
23 31
53 54
3 76
25 99
56 71
7 98
27 61
31 64
36 65
15 55
24 61
95 99
15 97
63 93
61 86
23 39
35 66
7 28
56 94
10 88
26 99
49 96
16 91
21 82
37 43
86 92
15 96
40 88
27 92
29 79
13 73
6 36
12 20
34 86
30 57
92 97
36 85
27 34
24 41
24 59
78 98
60 87
29 46
48 60
34 64
1 88
0 68
79 92
9 80
6 92
50 78
23 37
79 91
23 58
9 33
8 53
5 11
17 85
44 78
82 92
51 74
65 76
10 83
21 64
43 81
69 80
57 69
12 47
46 63
6 74
4 25
18 40
43 52
29 60
30 98
33 51
66 88
51 67
21 78
26 37
25 76
79 99
78 96
37 69
42 93
76 96
59 91
19 68
29 83
12 75
18 58
29 76
29 53
8 12
71 92
52 72
40 87
27 42
23 41
34 79
36 38
0 99
42 86
30 42
7 53
20 78
20 33
21 54
12 36
23 57
57 78
22 52
38 66
0 10
36 94
50 94
10 47
45 82
34 93
52 55
31 69
56 85
15 25
33 88
10 42
2 36
41 70
10 75
48 83
47 88
21 86
0 87
40 63
75 88
19 29
24 43
1 18
21 27
84 99
54 56
4 68
44 88
58 78
22 76
21 22
18 53
35 98
3 79
52 71
43 57
32 33
26 45
49 62
2 97
73 78
63 81
22 43
72 99
29 99
30 49
57 90
92 93
51 99
54 89
17 53
7 89
30 37
9 39
66 73
6 96
83 99
34 54
3 15
62 91
46 68
55 57
26 57
56 86
27 56
0 40
0 70
5 69
87 93
20 85
36 97
66 93
42 43
43 98
6 61
37 90
56 64
5 52
0 1
3 35
4 22
41 99
38 84
1 87
9 77
63 67
13 51
19 36
12 56
56 82
42 54
24 50
36 86
35 65
22 79
16 75
63 88
10 25
16 47
30 61
27 36
65 79
42 76
25 49
9 41
55 98
42 55
14 17
36 46
19 48
66 94
7 33
14 32
36 54
47 85
16 87
21 71
86 95
15 42
24 42
21 93
44 81
49 97
33 83
39 70
61 99
15 59
45 85
1 63
34 78
0 33
75 85
15 65
4 45
35 39
2 28
49 59
70 81
31 90
21 85
69 98
60 68
27 95
17 72
24 96
11 69
69 77
32 99
91 95
63 99
6 59
9 97
23 98
53 60
49 55
54 92
58 70
25 79
85 92
87 91
4 82
89 94
46 48
19 41
79 96
39 99
59 76
22 96
0 38
7 95
20 99
33 61
52 78
64 92
38 52
26 53
26 98
19 44
38 56
33 87
53 81
64 96
37 55
26 78
43 60
9 58
42 49
67 73
0 66
59 78
90 99
83 95
43 88
7 11
58 80
56 93
59 64
52 74
73 93
11 35
9 10
55 61
4 81
35 58
45 94
64 85
33 77
26 33
19 31
20 72
31 46
35 41
14 53
2 57
38 88
18 38
25 93
2 37
64 72
36 72
17 49
22 34
12 21
39 96
18 20
47 72
41 96
49 66
39 59
12 92
36 74
29 81
72 75
25 27
16 44
43 61
4 11
30 31
25 86
2 31
33 47
5 57
36 93
12 45
52 94
41 59
41 46
40 81
36 41
36 64
41 92
15 62
10 62
84 91
33 75
3 49
36 82
33 95
7 73
44 46
39 92
32 90
52 82
32 67
30 34
44 66
36 39
1 81
71 96
45 91
10 87
54 96
77 90
42 79
56 72
7 78
38 92
19 39
0 44
8 69
24 34
34 85
21 30
23 50
47 78
3 53
48 78
5 76
34 71
22 95
75 78
10 77
25 43
2 5
36 87
18 36
39 80
5 34
29 78
46 74
45 72
60 63
49 65
48 50
6 33
43 71
5 98
10 95
24 25
19 56
12 32
7 10
3 23
54 61
46 56
11 23
16 99
59 79
19 92
4 71
11 78
5 37
74 77
23 65
8 9
9 84
12 64
56 74
41 56
63 94
62 83
31 55
15 66
46 92
62 79
37 46
19 37
21 38
53 65
22 87
39 46
39 56
66 68
28 69
10 16
71 84
46 98
2 98
0 63
12 34
6 10
64 69
13 32
54 59
19 74
19 98
19 73
10 61
20 49
20 53
35 53
34 55
4 60
87 92
53 64
5 21
24 92
21 72
66 83
13 50
5 79
13 41
13 22
2 11
60 70
53 89
9 28
0 29
33 54
58 59
53 97
52 90
58 96
40 50
41 81
30 56
85 96
77 99
19 70
30 72
44 60
26 44
22 59
21 55
19 50
14 36
13 43
10 26
22 67
2 77
8 90
72 92
4 69
47 99
28 58
21 24
31 94
58 99
30 85
74 78
73 88
65 82
61 76
3 82
75 99
87 96
21 41
10 54
21 39
4 88
16 63
41 80
43 45
33 41
0 43
73 81
23 53
62 76
51 90
34 39
34 41
41 48
51 53
42 91
32 85
70 78
5 59
43 82
46 57
47 49
15 61
60 62
26 89
19 57
58 92
46 73
33 62
87 94
56 87
12 51
15 17
2 4
14 38
16 66
9 50
4 80
23 99
35 99
44 86
49 75
50 99
68 83
40 60
83 87
14 20
11 43
46 70
17 66
93 95
74 92
16 33
14 26
32 53
11 26
12 96
36 58
27 44
30 92
38 54
76 89
46 50
37 94
30 96
52 86
17 67
1 60
22 84
30 59
27 52
55 72
33 63
61 80
21 74
13 91
49 78
5 15
5 31
43 70
1 50
59 87
8 33
50 80
33 39
41 88
18 92
18 47
29 88
24 63
63 91
35 97
35 50
55 85
29 98
18 75
53 87
18 31
46 62
5 96
16 38
59 71
24 56
13 39
66 76
55 56
36 63
8 74
18 56
9 87
19 21
66 84
19 58
34 72
49 61
36 95
39 81
25 91
66 85
5 56
36 90
6 38
34 38
23 63
21 46
31 86
57 94
12 66
18 26
9 91
40 83
67 91
2 8
27 31
60 74
1 83
28 39
19 96
39 48
12 30
53 88
38 96
30 36
41 91
31 82
66 74
63 92
13 17
9 78
56 58
30 69
13 66
52 93
85 97
10 41
6 99
7 91
23 87
47 53
70 83
46 96
51 85
9 63
21 87
9 64
63 96
50 81
37 82
5 92
39 82
40 41
53 75
15 89
61 79
19 62
14 92
12 46
19 40
12 78
58 82
8 10
55 59
55 96
71 95
24 36
55 92
24 66
10 63
86 99
32 72
46 58
35 77
43 67
59 80
11 29
57 82
26 91
51 66
27 45
41 67
45 86
59 85
25 85
15 20
27 99
50 67
14 56
50 96
29 31
34 58
21 58
45 93
16 43
56 90
2 64
72 97
46 49
33 35
92 95
50 59
66 69
79 89
59 63
13 71
48 58
1 19
55 69
34 87
53 95
45 74
78 85
39 88
43 80
24 89
36 81
67 71
14 31
22 45
53 62
50 88
41 60
12 19
50 92
53 83
36 50
72 96
29 37
69 84
23 33
10 39
37 86
40 46
12 55
39 91
56 63
19 52
27 37
71 87
66 79
5 9
13 58
34 74
46 52
45 71
41 53
0 53
46 85
54 99
29 57
0 4
19 49
3 7
31 93
31 41
66 82
19 34
94 98
0 73
24 87
18 37
36 55
16 73
18 96
7 14
41 82
31 87
6 9
28 41
53 69
1 41
15 47
42 85
73 94
36 60
32 49
30 53
1 46
39 40
12 59
34 46
15 78
17 79
56 95
7 65
17 76
15 75
95 96
31 39
13 99
16 29
18 21
12 97
60 73
89 93
8 99
28 50
4 13
19 85
39 53
62 81
66 67
5 49
62 99
12 25
11 46
3 85
29 84
7 18
22 63
64 90
26 68
38 45
57 86
49 89
42 80
18 98
5 36
40 58
11 19
43 48
27 57
74 81
35 63
66 77
74 96
43 69
74 83
18 29
17 98
77 91
20 67
39 67
40 78
17 31
78 86
23 97
24 73
38 77
14 96
2 66
51 72
21 90
58 81
32 66
35 87
50 56
33 58
90 92
14 47
31 81
21 63
42 78
73 99
19 59
82 98
7 44
14 75
27 78
31 60
45 90
37 93
43 83
0 41
39 60
9 15
6 91
24 45
2 43
49 51
61 91
18 57
44 83
39 42
12 42
65 85
46 59
1 39
45 78
9 49
19 26
14 21
94 99
34 63
1 78
59 95
67 99
0 62
44 93
53 63
9 76
38 59
25 72
80 96
53 55
23 77
41 42
66 89
33 50
6 69
3 72
14 37
63 83
2 30
4 28
54 91
8 35
27 89
3 33
66 72
20 79
21 50
17 37
86 89
4 70
46 90
1 58
21 95
24 52
22 41
37 41
57 93
18 34
13 20
34 50
86 98
93 99
50 60
58 88
27 98
68 86
94 95
20 76
10 35
22 42
15 46
41 52
29 66
59 72
26 46
39 61
20 66
9 30
37 87
18 59
3 12
53 86
82 97
44 99
37 39
9 95
39 52
54 71
27 68
6 71
10 23
27 53
56 81
33 89
10 13
68 99
64 74
16 41
11 82
53 94
47 79
65 72
14 98
4 16
31 95
17 36
17 57
2 55
81 92
33 86
33 65
29 36
2 53
11 94
15 19
75 79
58 67
19 90
41 61
42 72
27 33
4 89
14 86
7 19
12 60
0 39
10 58
89 99
4 67
34 90
34 95
50 91
60 98
33 64
37 81
58 91
37 60
25 78
76 78
2 84
25 80
0 50
47 76
14 59
28 61
30 90
56 60
14 34
9 54
42 71
72 78
14 27
3 94
62 78
31 63
31 58
81 98
14 57
7 77
12 65
5 35
78 90
46 72
13 33
18 52
75 76
50 82
22 25
33 97
65 94
15 32
3 99
22 39
35 84
42 58
10 67
60 92
4 38
34 80
10 50
41 57
71 77
51 95
62 88
23 95
52 87
7 46
9 55
11 17
53 58
93 98
9 22
23 73
38 43
39 57
59 74
3 10
57 87
4 83
7 22
63 80
9 79
28 43
19 72
16 50
25 71
8 38
87 98
58 61
69 99
60 85
67 75
47 67
41 98
22 26
65 99
29 54
68 91
66 90
14 29
55 90
36 88
40 43
57 60
58 60
10 64
24 31
57 81
33 67
6 22
35 64
16 53
16 39
18 86
90 96
78 79
23 78
25 39
39 98
63 71
49 60
22 54
29 52
33 94
48 51
18 27
15 51
20 98
61 85
22 77
10 65
8 91
8 23
0 74
28 59
3 66
61 78
14 52
25 41
18 74
6 66
53 93
8 66
80 92
10 89
7 97
29 56
37 95
50 53
10 97
20 31
78 93
3 26
4 48
33 69
60 90
52 58
12 81
5 53
4 49
7 68
24 95
54 69
44 91
21 81
22 68
7 84
2 6
21 80
37 58
24 37
16 62
31 50
74 88
97 99
46 76
10 86
66 70
17 56
26 65
1 43
35 78
37 63
73 91
9 73
65 66
30 74
81 96
13 47
13 75
25 74
10 27
9 71
6 29
33 73
38 42
42 87
64 99
0 58
33 93
23 84
80 89
11 18
41 71
77 82
73 80
19 76
47 66
25 38
21 60
35 95
11 86
62 98
31 51
11 27
20 37
36 73
31 88
2 39
66 75
5 85
12 61
48 66
24 57
42 74
53 82
49 81
81 85
90 97
2 99
39 69
28 42
12 83
0 36
17 95
52 63
9 18
5 82
78 84
22 50
5 72
73 83
46 79
29 92
31 32
17 92
60 96
51 98
73 92
57 95
95 98
73 96
5 23
32 79
51 87
4 15
9 14
7 71
25 58
9 19
32 76
35 73
20 57
32 98
23 91
35 91
57 58
54 66
52 95
56 80
80 87
2 58
4 84
41 83
68 93
33 68
7 8
78 94
22 58
55 74
22 61
11 62
42 50
33 44
62 84
22 44
32 95
19 79
57 63
16 58
36 51
17 52
10 73
47 98
2 41
59 73
28 63
52 81
9 46
26 71
26 81
11 93
8 71
39 71
30 33
75 98
11 20
20 36
74 97
41 69
34 81
43 49
56 88
52 60
43 89
58 69
59 90
17 43
42 63
63 98
60 72
10 68
37 51
61 72
6 35
23 64
85 89
28 96
88 92
21 29
39 45
83 90
63 82
43 51
82 99
10 94
18 49
58 98
37 50
36 83
41 45
14 93
2 33
11 60
25 90
31 47
81 90
32 37
31 62
15 60
50 52
22 48
30 35
61 87
83 85
10 44
50 61
4 77
0 31
56 73
31 75
66 80
86 91
32 36
61 71
24 98
11 14
51 76
66 97
10 69
37 62
26 77
5 12
9 85
44 94
36 80
11 81
34 60
51 79
22 73
27 91
12 18
57 62
37 88
31 83
17 21
14 74
19 45
18 62
28 73
8 82
51 57
45 46
59 81
69 76
88 98
38 67
32 48
4 76
10 30
32 57
82 87
8 22
37 47
13 38
4 17
19 42
48 91
10 93
39 83
42 90
17 87
3 4
3 90
7 49
37 75
25 87
24 99
17 84
4 40
38 95
25 28
2 54
42 46
33 55
18 85
94 97
15 43
19 86
35 55
61 63
18 93
3 74
50 57
15 69
47 57
9 12
21 73
7 15
7 81
12 89
50 83
49 83
19 27
4 65
24 44
57 75
28 34
11 41
68 71
38 64
15 81
11 47
72 89
4 51
38 87
59 60
51 68
57 88
0 56
11 87
16 74
11 75
54 62
34 73
26 84
65 90
45 80
72 81
11 39
50 98
0 92
26 60
83 98
33 82
32 87
0 37
11 32
0 12
46 86
77 94
36 44
42 95
45 58
0 98
29 34
65 74
64 82
4 85
51 56
20 56
11 51
1 4
29 77
3 91
48 99
53 73
37 83
43 84
30 99
25 50
7 76
64 66
21 88
12 88
10 55
27 46
6 23
32 43
15 35
3 24
36 47
26 97
9 38
88 96
17 96
4 12
49 69
45 87
24 65
64 91
29 96
13 53
3 93
26 88
35 76
50 71
15 18
28 87
36 75
46 84
24 53
18 42
19 25
14 49
25 63
7 64
65 93
2 10
35 49
4 79
69 79
38 61
17 34
25 46
14 23
56 83
58 71
72 83
16 36
19 84
6 7
28 92
35 54
32 56
51 92
11 24
4 74
65 91
44 92
52 80
23 30
61 74
89 91
43 76
60 76
44 71
0 85
0 57
83 92
40 66
21 28
18 23
17 48
20 92
2 50
28 89
91 94
23 44
20 52
91 97
57 83
14 94
85 88
70 99
3 27
9 72
62 66
14 42
12 14
7 60
3 86
20 84
48 71
49 88
6 62
91 93
44 96
53 67
20 95
70 91
27 65
43 77
51 63
26 70
58 83
18 45
31 73
50 69
65 86
36 62
82 84
77 78
36 68
40 51
22 70
0 49
55 99
43 85
1 51
0 90
8 26
4 32
32 92
14 62
29 45
26 49
12 43
60 79
51 70
2 76
9 44
43 74
4 8
18 90
29 67
44 56
5 7
15 23
14 85
11 95
34 88
24 33
80 95
44 53
23 55
1 66
52 88
61 95
71 73
18 94
23 49
0 21
22 23
14 35
23 76
16 31
22 35
44 59
7 79
51 52
88 90
5 33
73 82
15 83
2 15
15 26
45 63
76 81
53 68
11 58
0 96
28 56
47 84
18 35
18 72
19 61
7 88
38 97
35 79
18 25
64 71
20 21
8 29
20 43
11 63
10 82
25 95
24 78
75 84
32 52
13 29
21 51
30 38
30 82
9 74
47 56
4 97
59 88
3 43
46 61
8 94
19 23
70 86
45 50
22 86
68 94
14 45
52 62
43 79
56 75
68 92
28 66
7 38
32 68
13 26
22 27
14 15
3 38
27 70
44 51
10 48
11 88
19 93
18 76
61 90
69 91
23 54
4 6
5 90
31 80
79 81
21 83
17 59
43 65
33 48
29 59
2 49
9 81
0 26
21 32
21 44
23 46
26 76
47 52
7 54
14 25
84 94
17 63
6 78
28 36
16 56
82 95
56 62
45 95
55 82
4 72
52 75
20 87
4 20
37 73
19 35
16 92
35 44
18 61
68 96
56 68
17 68
0 52
13 36
47 92
22 64
81 86
2 79
69 87
11 83
38 65
5 10
46 93
75 92
17 54
2 63
83 96
0 72
3 71
38 55
0 34
63 69
38 63
27 81
7 30
34 44
30 91
30 66
26 38
2 87
51 96
16 37
37 80
35 71
22 40
5 94
5 99
15 88
35 46
52 83
44 80
16 98
72 88
23 71
0 11
14 61
29 43
12 16
52 73
18 79
24 68
23 79
7 85
3 22
71 97
4 29
6 82
32 63
20 48
11 50
54 78
0 15
20 96
10 24
31 44
1 22
6 17
42 73
40 91
57 80
9 60
20 34
38 41
5 74
74 89
65 71
32 84
59 68
34 51
6 26
33 70
14 90
69 78
19 94
17 45
62 92
0 59
28 45
57 73
32 96
10 70
32 40
47 95
1 32
26 64
7 12
41 51
9 68
70 71
78 82
28 95
75 95
22 97
21 47
23 68
22 65
32 70
43 72
64 94
1 91
8 43
34 83
16 57
21 75
7 55
14 24
0 7
36 67
2 91
76 83
45 81
14 72
4 54
27 77
73 98
77 86
21 68
8 78
40 99
39 89
16 85
77 93
26 67
93 97
26 79
55 91
42 81
55 66
89 90
32 34
24 97
46 94
45 60
51 84
71 86
14 76
21 62
20 54
22 89
7 70
61 73
26 48
27 71
79 83
31 68
16 26
9 90
16 90
38 39
41 89
16 21
4 64
43 47
71 89
16 49
7 13
30 71
22 94
13 92
4 90
62 77
22 93
1 99
43 75
16 96
17 41
86 88
78 89
46 77
27 97
28 52
34 68
86 97
5 66
42 60
6 43
32 44
60 86
60 84
19 77
13 56
2 78
28 44
13 31
27 88
47 54
80 98
43 97
65 80
18 84
3 80
18 24
27 60
17 44
54 75
69 85
35 85
39 51
6 20
59 83
82 91
5 26
51 73
37 44
38 89
62 67
49 87
29 42
25 29
17 77
29 95
14 79
26 85
58 89
13 86
70 93
17 70
24 77
4 47
51 59
6 46
29 64
76 88
4 75
26 83
9 88
47 96
13 27
81 84
47 87
25 81
75 87
43 90
80 99
6 19
7 74
34 47
75 96
22 30
40 71
84 86
25 73
26 54
0 76
27 84
55 71
17 40
34 75
6 47
12 26
6 94
20 59
35 68
24 91
46 54
17 39
54 82
7 72
48 75
47 48
12 35
1 17
3 78
6 75
31 67
16 52
32 41
67 92
16 34
13 62
49 95
1 71
25 60
34 62
81 93
12 69
20 68
79 88
50 51
19 54
32 59
56 67
23 85
37 68
44 52
13 96
7 16
29 87
44 57
84 93
0 79
20 63
48 86
22 69
8 62
44 98
69 95
26 40
43 54
16 72
30 94
17 42
62 96
65 78
13 37
74 95
8 93
27 48
71 94
28 31
7 67
20 45
74 87
8 27
11 16
8 86
49 94
35 38
15 94
38 68
76 82
16 59
2 95
13 21
14 84
23 81
10 40
26 30
7 83
15 87
15 82
33 40
22 55
71 93
53 80
11 80
69 72
15 16
12 23
38 50
17 25
41 49
13 98
76 94
45 62
38 58
61 81
23 38
49 82
0 86
32 39
26 74
1 10
68 98
28 37
2 73
17 73
68 80
57 68
5 91
67 74
48 53
55 94
69 71
1 26
44 82
35 72
1 33
20 77
0 27
51 58
43 64
13 74
17 50
7 48
2 85
45 73
0 9
67 86
42 44
35 81
12 87
8 24
69 73
52 68
39 49
13 57
78 97
37 67
42 88
32 54
40 86
32 73
45 88
4 30
85 87
67 96
29 30
8 46
27 67
8 17
26 55
38 48
15 95
45 51
28 57
60 61
13 59
8 19
27 40
5 24
13 34
49 86
19 24
4 5
38 44
12 95
11 73
27 49
32 45
47 59
81 94
5 38
67 98
26 72
64 78
21 67
60 93
9 17
33 80
88 93
87 89
50 89
59 75
2 22
78 80
6 32
23 60
17 26
7 17
85 95
53 70
54 94
15 41
14 82
49 63
45 47
36 70
17 58
15 86
79 82
20 70
15 27
24 84
45 75
32 50
47 77
5 93
20 40
76 87
24 46
1 20
2 12
20 44
23 72
75 77
29 97
20 41
38 73
51 54
18 82
1 86
57 67
35 74
29 55
15 39
18 77
79 94
9 29
44 61
36 48
84 87
64 93
4 55
41 84
1 27
29 61
13 93
59 62
28 65
35 60
16 86
3 28
47 68
83 84
68 75
13 52
7 90
6 51
63 89
39 84
0 45
27 64
25 88
16 27
64 86
76 86
27 76
28 98
28 68
26 51
2 71
22 82
47 63
49 93
0 42
34 67
3 39
80 97
63 75
24 64
16 76
59 67
84 88
5 27
23 88
2 72
9 83
5 86
41 77
45 83
3 29
70 92
3 41
23 74
39 77
15 93
38 69
28 99
19 69
32 58
76 95
6 86
20 42
6 27
42 68
39 65
15 63
7 51
8 20
43 62
7 40
14 80
18 69
41 76
60 94
25 44
22 24
20 39
38 86
5 71
62 64
69 74
60 77
48 93
79 87
14 69
4 62
27 38
41 65
16 79
46 69
32 77
29 63
42 51
17 61
49 58
70 94
6 93
41 74
19 82
0 84
63 74
6 60
19 89
20 25
56 70
41 85
39 76
9 13
29 65
52 67
76 93
10 80
12 41
9 16
46 89
77 81
14 77
54 60
6 18
70 96
88 94
35 88
48 92
11 44
42 83
51 77
61 88
5 22
32 42
84 95
46 82
77 87
30 43
72 87
0 93
12 13
1 7
3 19
8 47
3 46
9 51
83 86
2 18
2 14
0 25
12 67
25 51
71 82
48 56
39 85
8 75
79 86
26 32
12 63
39 74
7 29
3 58
6 81
11 13
27 79
27 83
18 80
26 90
12 39
68 82
2 19
63 85
79 95
49 50
44 45
24 70
40 75
40 47
5 43
28 53
67 93
20 73
1 75
1 47
72 95
47 70
40 93
38 70
70 75
15 58
18 54
13 49
7 32
38 94
25 32
29 41
11 28
29 48
62 95
30 78
58 65
77 80
58 84
61 68
41 79
54 81
35 90
89 95
2 46
19 65
63 84
46 65
11 68
20 50
85 94
25 62
59 70
63 76
13 85
69 90
30 93
44 47
87 90
49 67
58 77
42 62
41 47
44 75
31 48
31 70
90 95
67 85
48 96
41 75
6 24
21 70
25 83
40 53
9 20
26 29
0 23
9 32
42 47
17 64
28 78
39 79
2 38
43 55
46 64
18 89
24 30
42 75
11 67
24 71
25 68
27 30
9 70
8 18
30 62
30 86
54 86
27 54
19 64
79 93
9 67
24 81
46 97
7 20
23 70
12 94
25 47
19 97
20 26
29 68
1 93
6 14
38 93
3 87
28 33
25 75
85 86
82 85
2 74
29 39
15 50
1 53
0 61
27 85
20 58
13 94
54 93
23 90
16 93
16 45
55 93
16 42
62 87
55 78
34 70
5 80
8 32
21 48
14 89
67 90
58 76
8 41
36 40
0 35
8 39
80 91
13 23
24 49
65 87
15 24
24 55
13 90
63 77
2 44
39 47
12 86
39 97
45 68
77 95
39 75
44 69
14 28
12 27
0 94
55 62
38 40
8 60
63 79
27 55
55 86
41 97
50 84
48 59
14 54
24 76
8 51
41 72
12 82
1 38
8 80
20 61
37 48
8 81
29 89
58 85
1 36
37 70
13 15
28 97
51 61
58 74
12 58
8 14
3 50
3 18
34 48
62 97
61 83
50 77
20 64
3 63
16 84
8 87
50 74
39 72
6 41
85 93
15 67
50 76
50 65
72 94
17 97
63 72
16 25
24 60
29 44
2 90
13 42
3 17
35 70
6 39
40 92
9 47
13 72
47 73
32 61
48 98
6 87
83 93
13 35
63 65
18 65
24 54
73 75
50 85
18 28
16 23
24 88
58 79
67 72
48 94
12 50
6 83
9 75
77 88
54 83
74 86
23 83
19 80
47 50
27 74
9 48
10 28
70 98
74 94
5 78
50 75
12 93
17 30
48 57
58 97
67 94
38 82
73 89
77 83
29 50
72 82
57 70
49 73
8 58
40 56
47 64
17 23
17 86
17 35
3 14
23 67
7 47
64 75
5 29
17 65
41 90
17 27
80 84
7 75
6 88
26 47
1 92
24 79
64 80
29 58
3 62
81 82
68 74
26 75
16 94
30 46
70 80
69 81
46 80
63 90
35 83
13 24
72 86
52 70
3 95
27 72
40 96
19 30
0 77
16 35
87 97
13 45
14 65
54 88
61 62
51 86
47 58
1 56
58 75
16 61
50 79
47 61
18 97
9 62
27 51
48 52
0 6
29 73
39 90
23 48
61 75
28 77
17 55
42 67
65 95
54 87
49 68
62 65
41 54
48 62
29 70
31 40
44 49
29 35
0 54
81 89
13 76
40 94
13 25
39 54
8 63
68 69
24 48
83 94
1 96
6 95
44 74
2 68
39 64
41 64
18 64
60 69
8 95
35 67
15 73
73 74
23 29
6 58
21 40
46 55
60 89
74 93
2 81
20 97
67 76
20 30
62 63
74 82
17 89
40 59
58 72
19 55
1 31
3 81
5 28
3 60
13 61
60 82
29 40
45 67
72 93
6 63
32 64
3 20
13 79
48 74
28 70
22 80
23 51
28 91
1 29
0 24
14 97
8 50
1 94
63 97
24 38
12 68
35 51
50 97
1 21
24 40
65 81
67 79
60 64
60 65
30 47
32 86
12 73
34 40
50 72
1 59
9 40
30 80
30 75
51 64
73 85
27 32
24 67
54 95
35 48
20 65
8 88
68 85
25 67
20 55
2 60
15 44
8 83
24 85
15 68
47 97
37 40
64 87
12 44
17 93
64 81
90 94
14 64
8 28
60 97
75 97
62 68
23 40
73 84
82 88
7 62
42 70
17 94
81 97
41 62
6 80
44 85
73 76
58 64
95 97
19 28
1 34
23 32
55 80
3 47
86 90
6 50
54 58
1 24
1 9
27 90
58 90
61 67
32 35
47 55
3 75
12 24
54 63
1 37
11 48
0 8
69 88
55 75
80 81
40 98
20 35
20 23
